0 0.00996391
0.0338878 0.00995781
0.0677756 0.00994068
0.101663 0.00991285
0.135551 0.00987481
0.169439 0.00982673
0.203327 0.00976845
0.237215 0.00970057
0.271102 0.00962326
0.30499 0.00953675
0.338878 0.00944123
0.372766 0.00933687
0.406653 0.00922382
0.440541 0.00910226
0.474429 0.00897235
0.508317 0.00883426
0.542205 0.00868819
0.576092 0.00853432
0.60998 0.00837286
0.643868 0.00820402
0.677756 0.00802805
0.711644 0.0078452
0.745531 0.00765575
0.779419 0.00745995
0.813307 0.00725806
0.847195 0.00705029
0.881082 0.00683691
0.91497 0.00661816
0.948858 0.00639432
0.982746 0.00616564
1.01663 0.00593237
1.05052 0.00569481
1.08441 0.00545321
1.1183 0.00520786
1.15218 0.00495901
1.18607 0.00470692
1.21996 0.00445185
1.25385 0.00419405
1.28774 0.00393381
1.32162 0.00367142
1.35551 0.00340715
1.3894 0.00314129
1.42329 0.00287409
1.45717 0.0026058
1.49106 0.00233668
1.52495 0.002067
1.55884 0.00179705
1.59273 0.00152713
1.62661 0.00125752
1.6605 0.000988493
1.69439 0.000720276
1.72828 0.000453112
1.76216 0.000187221
1.79605 7.69027e-05
1.82994 0.000339362
1.86383 0.000599699
1.89772 0.000857698
1.9316 0.00111316
1.96549 0.00136585
1.99938 0.00161557
2.03327 0.00186207
2.06716 0.00210515
2.10104 0.00234457
2.13493 0.00258015
2.16882 0.00281168
2.20271 0.00303898
2.23659 0.00326189
2.27048 0.00348021
2.30437 0.00369377
2.33826 0.00390241
2.37215 0.00410596
2.40603 0.00430426
2.43992 0.00449717
2.47381 0.00468455
2.5077 0.00486627
2.54158 0.0050422
2.57547 0.00521221
2.60936 0.00537618
2.64325 0.00553399
2.67714 0.00568554
2.71102 0.00583071
2.74491 0.0059694
2.7788 0.00610152
2.81269 0.00622699
2.84657 0.00634572
2.88046 0.00645763
2.91435 0.00656268
2.94824 0.00666082
2.98213 0.006752
3.01601 0.00683616
3.0499 0.00691328
3.08379 0.00698332
3.11768 0.00704624
3.15156 0.00710204
3.18545 0.00715071
3.21934 0.00719227
3.25323 0.00722671
3.28712 0.00725406
3.321 0.00727435
3.35489 0.0072876
3.38878 0.00729386
3.42267 0.00729317
3.45655 0.00728558
3.49044 0.00727115
3.52433 0.00724995
3.55822 0.00722204
3.59211 0.00718751
3.62599 0.00714643
3.65988 0.00709888
3.69377 0.00704497
3.72766 0.00698478
3.76154 0.00691842
3.79543 0.006846
3.82932 0.00676765
3.86321 0.00668352
3.8971 0.00659368
3.93098 0.00649825
3.96487 0.00639736
3.99876 0.00629116
4.03265 0.00617976
4.06653 0.00606331
4.10042 0.00594195
4.13431 0.00581583
4.1682 0.0056851
4.20209 0.00554992
4.23597 0.00541043
4.26986 0.00526679
4.30375 0.00511919
4.33764 0.00496776
4.37152 0.00481269
4.40541 0.00465413
4.4393 0.00449226
4.47319 0.00432724
4.50708 0.00415928
4.54096 0.00398856
4.57485 0.00381526
4.60874 0.00363956
4.64263 0.00346164
4.67651 0.00328166
4.7104 0.00309984
4.74429 0.00291637
4.77818 0.00273145
4.81207 0.00254527
4.84595 0.00235801
4.87984 0.00216983
4.91373 0.00198091
4.94762 0.00179144
4.9815 0.00160164
5.01539 0.00141172
5.04928 0.00122184
5.08317 0.00103219
5.11706 0.000842975
5.15094 0.000654339
5.18483 0.000466431
5.21872 0.000279409
5.25261 9.34619e-05
5.28649 9.08675e-05
5.32038 0.00027395
5.35427 0.00045544
5.38816 0.000635164
5.42205 0.000812919
5.45593 0.000988538
5.48982 0.00116185
5.52371 0.00133273
5.5576 0.00150102
5.59149 0.00166661
5.62537 0.00182938
5.65926 0.0019892
5.69315 0.00214596
5.72704 0.00229953
5.76092 0.00244977
5.79481 0.00259658
5.8287 0.00273984
5.86259 0.00287944
5.89648 0.00301527
5.93036 0.00314725
5.96425 0.00327527
5.99814 0.00339924
6.03203 0.00351909
6.06591 0.00363473
6.0998 0.00374607
6.13369 0.00385304
6.16758 0.00395559
6.20147 0.00405363
6.23535 0.0041471
6.26924 0.00423592
6.30313 0.00432009
6.33702 0.00439951
6.3709 0.00447414
6.40479 0.00454393
6.43868 0.00460885
6.47257 0.00466888
6.50646 0.00472397
6.54034 0.00477412
6.57423 0.00481931
6.60812 0.00485952
6.64201 0.00489476
6.67589 0.00492503
6.70978 0.00495033
6.74367 0.00497067
6.77756 0.00498608
6.81145 0.00499657
6.84533 0.00500217
6.87922 0.00500291
6.91311 0.00499882
6.947 0.00498996
6.98088 0.00497635
7.01477 0.00495806
7.04866 0.00493513
7.08255 0.00490761
7.11644 0.00487558
7.15032 0.00483909
7.18421 0.00479821
7.2181 0.00475302
7.25199 0.00470359
7.28587 0.00465
7.31976 0.00459233
7.35365 0.00453067
7.38754 0.00446514
7.42143 0.00439582
7.45531 0.00432274
7.4892 0.00424601
7.52309 0.0041658
7.55698 0.00408211
7.59086 0.00399509
7.62475 0.00390485
7.65864 0.00381156
7.69253 0.00371527
7.72642 0.00361605
7.7603 0.00351409
7.79419 0.00340947
7.82808 0.00330233
7.86197 0.00319278
7.89585 0.00308094
7.92974 0.00296691
7.96363 0.00285082
7.99752 0.00273278
8.03141 0.00261291
8.06529 0.00249135
8.09918 0.00236823
8.13307 0.00224372
8.16696 0.00211795
8.20084 0.00199104
8.23473 0.00186312
8.26862 0.00173428
8.30251 0.00160464
8.3364 0.00147433
8.37028 0.00134348
8.40417 0.00121225
8.43806 0.00108079
8.47195 0.000949282
8.50583 0.000817854
8.53972 0.000686554
8.57361 0.000555488
8.6075 0.000424771
8.64139 0.000294573
8.67527 0.000164989
8.70916 3.61323e-05
8.74305 9.16267e-05
8.77694 0.000218504
8.81082 0.000344252
8.84471 0.000468765
8.8786 0.000591953
8.91249 0.000713704
8.94638 0.000833893
8.98026 0.000952407
9.01415 0.00106913
9.04804 0.001184
9.08193 0.00129692
9.11582 0.00140781
9.1497 0.00151656
9.18359 0.00162308
9.21748 0.00172729
9.25137 0.00182918
9.28525 0.00192857
9.31914 0.00202546
9.35303 0.0021197
9.38692 0.00221129
9.42081 0.00230015
9.45469 0.00238622
9.48858 0.00246943
9.52247 0.0025497
9.55636 0.00262699
9.59024 0.00270124
9.62413 0.0027724
9.65802 0.00284041
9.69191 0.00290524
9.7258 0.00296685
9.75968 0.00302519
9.79357 0.00308024
9.82746 0.00313195
9.86135 0.00318031
9.89523 0.00322529
9.92912 0.00326687
9.96301 0.00330503
9.9969 0.00333976
10.0308 0.00337105
10.0647 0.00339889
10.0986 0.00342328
10.1324 0.00344423
10.1663 0.00346172
10.2002 0.00347577
10.2341 0.0034864
10.268 0.00349361
10.3019 0.00349743
10.3358 0.00349787
10.3697 0.00349497
10.4036 0.00348874
10.4374 0.00347922
10.4713 0.00346644
10.5052 0.00345044
10.5391 0.00343126
10.573 0.00340894
10.6069 0.00338352
10.6408 0.00335505
10.6747 0.00332358
10.7085 0.00328916
10.7424 0.00325186
10.7763 0.00321171
10.8102 0.00316879
10.8441 0.00312315
10.878 0.00307486
10.9119 0.00302398
10.9458 0.0029706
10.9796 0.00291476
11.0135 0.00285652
11.0474 0.00279597
11.0813 0.00273319
11.1152 0.00266824
11.1491 0.00260121
11.183 0.00253217
11.2169 0.0024612
11.2507 0.00238839
11.2846 0.00231381
11.3185 0.00223754
11.3524 0.00215968
11.3863 0.00208032
11.4202 0.00199953
11.4541 0.0019174
11.488 0.00183402
11.5218 0.00174947
11.5557 0.00166384
11.5896 0.00157721
11.6235 0.00148967
11.6574 0.00140133
11.6913 0.00131231
11.7252 0.00122269
11.7591 0.00113256
11.793 0.00104199
11.8268 0.000951076
11.8607 0.000859883
11.8946 0.00076849
11.9285 0.000676985
11.9624 0.000585471
11.9963 0.000494053
12.0302 0.000402841
12.0641 0.000311948
12.0979 0.000221422
12.1318 0.000131377
12.1657 4.18807e-05
12.1996 4.70053e-05
12.2335 0.00013529
12.2674 0.000222772
12.3013 0.000309368
12.3352 0.000395003
12.369 0.000479612
12.4029 0.000563133
12.4368 0.000645503
12.4707 0.000726659
12.5046 0.000806535
12.5385 0.000885061
12.5724 0.000962173
12.6063 0.0010378
12.6401 0.00111189
12.674 0.00118437
12.7079 0.00125519
12.7418 0.00132429
12.7757 0.00139162
12.8096 0.00145714
12.8435 0.00152079
12.8774 0.00158252
12.9112 0.0016423
12.9451 0.00170007
12.979 0.00175581
13.0129 0.00180946
13.0468 0.001861
13.0807 0.00191039
13.1146 0.0019576
13.1485 0.00200259
13.1823 0.00204534
13.2162 0.00208583
13.2501 0.00212402
13.284 0.0021599
13.3179 0.00219345
13.3518 0.00222465
13.3857 0.00225349
13.4196 0.00227995
13.4535 0.00230403
13.4873 0.00232572
13.5212 0.00234502
13.5551 0.00236193
13.589 0.00237644
13.6229 0.00238856
13.6568 0.0023983
13.6907 0.00240566
13.7246 0.00241065
13.7584 0.00241329
13.7923 0.00241358
13.8262 0.00241155
13.8601 0.00240722
13.894 0.0024006
13.9279 0.00239171
13.9618 0.00238059
13.9957 0.00236726
14.0295 0.00235175
14.0634 0.00233409
14.0973 0.00231431
14.1312 0.00229245
14.1651 0.00226855
14.199 0.00224264
14.2329 0.00221476
14.2668 0.00218495
14.3006 0.00215326
14.3345 0.00211973
14.3684 0.00208441
14.4023 0.00204733
14.4362 0.00200855
14.4701 0.00196813
14.504 0.0019261
14.5379 0.00188252
14.5717 0.00183744
14.6056 0.00179092
14.6395 0.00174301
14.6734 0.00169377
14.7073 0.00164324
14.7412 0.0015915
14.7751 0.00153859
14.809 0.00148458
14.8429 0.00142953
14.8767 0.00137349
14.9106 0.00131652
14.9445 0.0012587
14.9784 0.00120007
15.0123 0.0011407
15.0462 0.00108065
15.0801 0.00101998
15.114 0.000958755
15.1478 0.000897042
15.1817 0.000834909
15.2156 0.000772423
15.2495 0.000709645
15.2834 0.000646634
15.3173 0.000583443
15.3512 0.000520127
15.3851 0.000456741
15.4189 0.000393349
15.4528 0.000330019
15.4867 0.000266823
15.5206 0.000203833
15.5545 0.000141116
15.5884 7.87338e-05
15.6223 1.67392e-05
15.6562 4.46727e-05
15.69 0.000105817
15.7239 0.000166408
15.7578 0.000226388
15.7917 0.000285737
15.8256 0.00034437
15.8595 0.000402233
15.8934 0.000459277
15.9273 0.00051546
15.9611 0.000570745
15.995 0.000625092
16.0289 0.000678457
16.0628 0.000730795
16.0967 0.000782063
16.1306 0.00083222
16.1645 0.000881223
16.1984 0.000929032
16.2323 0.000975616
16.2661 0.00102094
16.3 0.00106495
16.3339 0.00110764
16.3678 0.00114897
16.4017 0.00118891
16.4356 0.00122742
16.4695 0.00126449
16.5034 0.00130009
16.5372 0.0013342
16.5711 0.00136679
16.605 0.00139784
16.6389 0.00142733
16.6728 0.00145525
16.7067 0.00148158
16.7406 0.0015063
16.7745 0.00152941
16.8083 0.00155089
16.8422 0.00157072
16.8761 0.00158891
16.91 0.00160545
16.9439 0.00162033
16.9778 0.00163356
17.0117 0.00164512
17.0456 0.00165502
17.0794 0.00166327
17.1133 0.00166987
17.1472 0.00167481
17.1811 0.00167812
17.215 0.0016798
17.2489 0.00167985
17.2828 0.0016783
17.3167 0.00167515
17.3505 0.00167041
17.3844 0.00166411
17.4183 0.00165625
17.4522 0.00164687
17.4861 0.00163598
17.52 0.00162359
17.5539 0.00160974
17.5878 0.00159445
17.6216 0.00157774
17.6555 0.00155965
17.6894 0.00154018
17.7233 0.00151939
17.7572 0.00149729
17.7911 0.00147391
17.825 0.00144929
17.8589 0.00142346
17.8928 0.00139646
17.9266 0.00136831
17.9605 0.00133905
17.9944 0.00130872
18.0283 0.00127736
18.0622 0.00124499
18.0961 0.00121167
18.13 0.00117743
18.1639 0.0011423
18.1977 0.00110633
18.2316 0.00106956
18.2655 0.00103202
18.2994 0.000993768
18.3333 0.000954837
18.3672 0.000915271
18.4011 0.000875114
18.435 0.000834407
18.4688 0.00079319
18.5027 0.000751502
18.5366 0.000709383
18.5705 0.000666874
18.6044 0.000624022
18.6383 0.000580878
18.6722 0.000537493
18.7061 0.000493919
18.7399 0.000450203
18.7738 0.000406385
18.8077 0.000362505
18.8416 0.000318596
18.8755 0.000274689
18.9094 0.000230819
18.9433 0.000187027
18.9772 0.000143355
19.011 9.98501e-05
19.0449 5.65572e-05
19.0788 1.35266e-05
19.1127 2.89922e-05
19.1466 7.13279e-05
19.1805 0.000113289
19.2144 0.000154844
19.2483 0.000195944
19.2822 0.000236557
19.316 0.00027665
19.3499 0.000316195
19.3838 0.000355157
19.4177 0.000393487
19.4516 0.000431153
19.4855 0.000468126
19.5194 0.000504381
19.5533 0.000539891
19.5871 0.000574621
19.621 0.000608547
19.6549 0.000641642
19.6888 0.000673886
19.7227 0.000705251
19.7566 0.000735713
19.7905 0.000765251
19.8244 0.000793843
19.8582 0.000821469
19.8921 0.000848109
19.926 0.000873743
19.9599 0.000898355
19.9938 0.000921927
20.0277 0.000944444
20.0616 0.000965891
20.0955 0.000986257
20.1293 0.00100553
20.1632 0.0010237
20.1971 0.00104075
20.231 0.00105669
20.2649 0.00107149
20.2988 0.00108516
20.3327 0.00109769
20.3666 0.00110908
20.4004 0.00111931
20.4343 0.0011284
20.4682 0.00113634
20.5021 0.00114312
20.536 0.00114876
20.5699 0.00115325
20.6038 0.00115659
20.6377 0.0011588
20.6716 0.00115988
20.7054 0.00115983
20.7393 0.00115867
20.7732 0.00115641
20.8071 0.00115304
20.841 0.0011486
20.8749 0.00114308
20.9088 0.0011365
20.9427 0.00112887
20.9765 0.00112022
21.0104 0.00111055
21.0443 0.00109988
21.0782 0.00108823
21.1121 0.00107562
21.146 0.00106207
21.1799 0.00104759
21.2138 0.00103221
21.2476 0.00101594
21.2815 0.000998821
21.3154 0.000980861
21.3493 0.000962087
21.3832 0.000942523
21.4171 0.000922194
21.451 0.000901123
21.4849 0.000879338
21.5187 0.000856863
21.5526 0.000833725
21.5865 0.000809951
21.6204 0.000785569
21.6543 0.000760605
21.6882 0.000735089
21.7221 0.000709047
21.756 0.000682509
21.7898 0.000655504
21.8237 0.000628062
21.8576 0.000600212
21.8915 0.000571985
21.9254 0.00054341
21.9593 0.000514518
21.9932 0.000485337
22.0271 0.000455893
22.061 0.000426213
22.0948 0.000396325
22.1287 0.000366259
22.1626 0.000336048
22.1965 0.000305727
22.2304 0.000275343
22.2643 0.000244917
22.2982 0.000214482
22.3321 0.000184069
22.3659 0.000153706
22.3998 0.000123421
22.4337 9.3233e-05
22.4676 6.31658e-05
22.5015 3.32461e-05
22.5354 3.49804e-06
22.5693 2.60242e-05
22.6032 5.53245e-05
22.637 8.43534e-05
22.6709 0.000113088
22.7048 0.000141511
22.7387 0.0001696
22.7726 0.000197325
22.8065 0.000224662
22.8404 0.000251588
22.8743 0.000278081
22.9081 0.00030412
22.942 0.000329682
22.9759 0.000354748
23.0098 0.000379295
23.0437 0.000403302
23.0776 0.000426751
23.1115 0.000449622
23.1454 0.000471897
23.1792 0.000493559
23.2131 0.000514593
23.247 0.000534984
23.2809 0.000554717
23.3148 0.000573779
23.3487 0.000592157
23.3826 0.000609837
23.4165 0.000626807
23.4503 0.000643056
23.4842 0.000658574
23.5181 0.000673349
23.552 0.000687373
23.5859 0.000700637
23.6198 0.000713134
23.6537 0.000724857
23.6876 0.000735801
23.7215 0.000745961
23.7553 0.000755333
23.7892 0.000763914
23.8231 0.000771702
23.857 0.000778694
23.8909 0.000784891
23.9248 0.000790291
23.9587 0.000794897
23.9926 0.000798708
24.0264 0.000801727
24.0603 0.000803956
24.0942 0.000805399
24.1281 0.000806059
24.162 0.000805941
24.1959 0.000805051
24.2298 0.000803395
24.2637 0.00080098
24.2975 0.000797813
24.3314 0.000793904
24.3653 0.000789261
24.3992 0.000783895
24.4331 0.000777815
24.467 0.000771033
24.5009 0.00076356
24.5348 0.000755409
24.5686 0.000746593
24.6025 0.000737124
24.6364 0.000727017
24.6703 0.000716287
24.7042 0.000704946
24.7381 0.000693012
24.772 0.0006805
24.8059 0.000667426
24.8397 0.000653806
24.8736 0.000639657
24.9075 0.000624997
24.9414 0.000609844
24.9753 0.000594215
