0 0.00788581
0.0338878 0.00787902
0.0677756 0.00786315
0.101663 0.00784007
0.135551 0.00780999
0.169439 0.0077731
0.203327 0.00772951
0.237215 0.00767938
0.271102 0.00762283
0.30499 0.00756001
0.338878 0.00749104
0.372766 0.00741604
0.406653 0.00733512
0.440541 0.00724843
0.474429 0.00715605
0.508317 0.00705816
0.542205 0.00695483
0.576092 0.00684623
0.60998 0.00673243
0.643868 0.00661363
0.677756 0.00648988
0.711644 0.00636139
0.745531 0.00622821
0.779419 0.00609056
0.813307 0.00594849
0.847195 0.00580221
0.881082 0.00565179
0.91497 0.00549744
0.948858 0.00533922
0.982746 0.00517738
1.01663 0.00501194
1.05052 0.00484317
1.08441 0.0046711
1.1183 0.004496
1.15218 0.00431789
1.18607 0.00413706
1.21996 0.00395352
1.25385 0.00376756
1.28774 0.0035792
1.32162 0.00338873
1.35551 0.00319617
1.3894 0.00300182
1.42329 0.00280569
1.45717 0.00260809
1.49106 0.00240902
1.52495 0.00220879
1.55884 0.00200741
1.59273 0.0018052
1.62661 0.00160215
1.6605 0.00139858
1.69439 0.0011945
1.72828 0.000990217
1.76216 0.000785732
1.79605 0.000581306
1.82994 0.000376922
1.86383 0.000172878
1.89772 6.6148e-05
1.9316 0.000269048
1.96549 0.00047087
1.99938 0.000671619
2.03327 0.000871002
2.06716 0.00106902
2.10104 0.00126537
2.13493 0.00146005
2.16882 0.00165277
2.20271 0.00184354
2.23659 0.00203208
2.27048 0.00221838
2.30437 0.00240219
2.33826 0.0025835
2.37215 0.00276206
2.40603 0.00293786
2.43992 0.00311069
2.47381 0.00328051
2.5077 0.00344713
2.54158 0.00361052
2.57547 0.00377048
2.60936 0.003927
2.64325 0.0040799
2.67714 0.00422915
2.71102 0.00437458
2.74491 0.00451618
2.7788 0.0046538
2.81269 0.0047874
2.84657 0.00491685
2.88046 0.00504213
2.91435 0.00516311
2.94824 0.00527977
2.98213 0.00539201
3.01601 0.00549979
3.0499 0.00560302
3.08379 0.00570167
3.11768 0.00579568
3.15156 0.005885
3.18545 0.00596958
3.21934 0.00604939
3.25323 0.00612438
3.28712 0.00619452
3.321 0.00625978
3.35489 0.00632013
3.38878 0.00637555
3.42267 0.006426
3.45655 0.00647147
3.49044 0.00651196
3.52433 0.00654744
3.55822 0.00657792
3.59211 0.00660339
3.62599 0.00662384
3.65988 0.0066393
3.69377 0.00664975
3.72766 0.00665603
3.76154 0.0066576
3.79543 0.00665421
3.82932 0.00664589
3.86321 0.00663265
3.8971 0.00661453
3.93098 0.00659154
3.96487 0.00656373
3.99876 0.00653111
4.03265 0.00649375
4.06653 0.00645166
4.10042 0.00640492
4.13431 0.00635354
4.1682 0.0062976
4.20209 0.00623714
4.23597 0.00617224
4.26986 0.00610293
4.30375 0.0060293
4.33764 0.00595139
4.37152 0.00586931
4.40541 0.00578309
4.4393 0.00569284
4.47319 0.00559859
4.50708 0.00550049
4.54096 0.00539855
4.57485 0.00529292
4.60874 0.00518362
4.64263 0.00507082
4.67651 0.00495454
4.7104 0.00483494
4.74429 0.00471204
4.77818 0.00458603
4.81207 0.00445693
4.84595 0.00432493
4.87984 0.00419003
4.91373 0.00405246
4.94762 0.00391221
4.9815 0.0037695
5.01539 0.00362434
5.04928 0.00347695
5.08317 0.00332735
5.11706 0.00317575
5.15094 0.00302217
5.18483 0.00286685
5.21872 0.00270978
5.25261 0.00255121
5.28649 0.00239113
5.32038 0.00222981
5.35427 0.00206724
5.38816 0.00190368
5.42205 0.00173911
5.45593 0.0015738
5.48982 0.00140775
5.52371 0.00124122
5.5576 0.0010742
5.59149 0.000906953
5.62537 0.000739471
5.65926 0.000572012
5.69315 0.000404524
5.72704 0.000237245
5.76092 7.017e-05
5.79481 0.00011063
5.8287 0.000275838
5.86259 0.00044026
5.89648 0.000603654
5.93036 0.000766026
5.96425 0.000927129
5.99814 0.00108696
6.03203 0.00124527
6.06591 0.00140207
6.0998 0.00155801
6.13369 0.00171274
6.16758 0.00186552
6.20147 0.00201633
6.23535 0.00216497
6.26924 0.00231142
6.30313 0.00245549
6.33702 0.00259715
6.3709 0.00273624
6.40479 0.00287272
6.43868 0.00300643
6.47257 0.00313734
6.50646 0.00326531
6.54034 0.00339031
6.57423 0.00351219
6.60812 0.00363093
6.64201 0.00374641
6.67589 0.00385859
6.70978 0.00396737
6.74367 0.00407271
6.77756 0.00417451
6.81145 0.00427274
6.84533 0.00436733
6.87922 0.00445822
6.91311 0.00454537
6.947 0.00462872
6.98088 0.00470822
7.01477 0.00478385
7.04866 0.00485555
7.08255 0.00492329
7.11644 0.00498704
7.15032 0.00504677
7.18421 0.00510244
7.2181 0.00515404
7.25199 0.00520155
7.28587 0.00524495
7.31976 0.00528422
7.35365 0.00531935
7.38754 0.00535034
7.42143 0.00537716
7.45531 0.00539983
7.4892 0.00541834
7.52309 0.0054327
7.55698 0.00544292
7.59086 0.00544899
7.62475 0.00545094
7.65864 0.00544878
7.69253 0.00544253
7.72642 0.00543221
7.7603 0.00541784
7.79419 0.00539945
7.82808 0.00537707
7.86197 0.00535073
7.89585 0.00532047
7.92974 0.00528631
7.96363 0.00524832
7.99752 0.00520652
8.03141 0.00516096
8.06529 0.00511168
8.09918 0.00505875
8.13307 0.0050022
8.16696 0.00494211
8.20084 0.00487851
8.23473 0.00481148
8.26862 0.00474106
8.30251 0.00466735
8.3364 0.00459037
8.37028 0.00451024
8.40417 0.00442697
8.43806 0.00434068
8.47195 0.00425142
8.50583 0.00415928
8.53972 0.00406431
8.57361 0.00396663
8.6075 0.00386628
8.64139 0.00376338
8.67527 0.00365797
8.70916 0.0035502
8.74305 0.00344007
8.77694 0.00332776
8.81082 0.00321328
8.84471 0.00309679
8.8786 0.00297832
8.91249 0.00285803
8.94638 0.00273594
8.98026 0.00261222
9.01415 0.00248689
9.04804 0.00236013
9.08193 0.00223196
9.11582 0.00210255
9.1497 0.00197284
9.18359 0.00184214
9.21748 0.00171041
9.25137 0.00157784
9.28525 0.00144445
9.31914 0.00131042
9.35303 0.00117577
9.38692 0.00104069
9.42081 0.000905196
9.45469 0.000769474
9.48858 0.000633546
9.52247 0.000497556
9.55636 0.000361515
9.59024 0.000225584
9.62413 8.97845e-05
9.65802 6.50868e-05
9.69191 0.000200299
9.7258 0.000334913
9.75968 0.000468755
9.79357 0.000601804
9.82746 0.000733878
9.86135 0.000864951
9.89523 0.000994849
9.92912 0.00112355
9.96301 0.00125088
9.9969 0.00137681
10.0308 0.0015012
10.0647 0.001624
10.0986 0.00174508
10.1324 0.0018644
10.1663 0.00198181
10.2002 0.0020973
10.2341 0.00221073
10.268 0.00232206
10.3019 0.00243117
10.3358 0.00253804
10.3697 0.00264254
10.4036 0.00274465
10.4374 0.00284427
10.4713 0.00294135
10.5052 0.00303581
10.5391 0.00312761
10.573 0.00321666
10.6069 0.00330294
10.6408 0.00338637
10.6747 0.00346692
10.7085 0.00354452
10.7424 0.00361913
10.7763 0.00369071
10.8102 0.00375922
10.8441 0.00382461
10.878 0.00388686
10.9119 0.00394592
10.9458 0.00400177
10.9796 0.00405438
11.0135 0.00410372
11.0474 0.00414977
11.0813 0.0041925
11.1152 0.0042319
11.1491 0.00426796
11.183 0.00430065
11.2169 0.00432996
11.2507 0.0043559
11.2846 0.00437864
11.3185 0.00439823
11.3524 0.00441442
11.3863 0.00442721
11.4202 0.0044366
11.4541 0.0044426
11.488 0.00444522
11.5218 0.00444447
11.5557 0.00444035
11.5896 0.0044329
11.6235 0.00442211
11.6574 0.00440802
11.6913 0.00439064
11.7252 0.00437001
11.7591 0.00434614
11.793 0.00431907
11.8268 0.00428883
11.8607 0.00425545
11.8946 0.00421898
11.9285 0.00417943
11.9624 0.00413688
11.9963 0.00409133
12.0302 0.00404286
12.0641 0.0039915
12.0979 0.0039373
12.1318 0.0038803
12.1657 0.00382058
12.1996 0.00375816
12.2335 0.00369312
12.2674 0.0036255
12.3013 0.00355538
12.3352 0.00348279
12.369 0.00340784
12.4029 0.00333053
12.4368 0.00325099
12.4707 0.00316923
12.5046 0.00308537
12.5385 0.00299943
12.5724 0.00291152
12.6063 0.00282168
12.6401 0.00273003
12.674 0.00263658
12.7079 0.00254147
12.7418 0.00244472
12.7757 0.00234645
12.8096 0.0022467
12.8435 0.0021456
12.8774 0.00204318
12.9112 0.00193956
12.9451 0.00183478
12.979 0.00172897
13.0129 0.00162216
13.0468 0.00151449
13.0807 0.00140598
13.1146 0.00129679
13.1485 0.00118693
13.1823 0.00107654
13.2162 0.000965664
13.2501 0.000854432
13.284 0.000742875
13.3179 0.000631135
13.3518 0.000519241
13.3857 0.000407334
13.4196 0.000295403
13.4535 0.00018358
13.4873 7.19135e-05
13.5212 4.739e-05
13.5551 0.000158349
13.589 0.000268834
13.6229 0.000378712
13.6568 0.00048796
13.6907 0.000596437
13.7246 0.000704111
13.7584 0.000810847
13.7923 0.000916615
13.8262 0.00102129
13.8601 0.00112483
13.894 0.00122712
13.9279 0.00132813
13.9618 0.00142774
13.9957 0.00152592
14.0295 0.00162255
14.0634 0.00171762
14.0973 0.001811
14.1312 0.00190267
14.1651 0.00199254
14.199 0.00208057
14.2329 0.00216667
14.2668 0.0022508
14.3006 0.0023329
14.3345 0.00241292
14.3684 0.00249078
14.4023 0.00256646
14.4362 0.0026399
14.4701 0.00271105
14.504 0.00277988
14.5379 0.00284633
14.5717 0.00291035
14.6056 0.00297193
14.6395 0.00303099
14.6734 0.00308754
14.7073 0.00314151
14.7412 0.00319289
14.7751 0.00324164
14.809 0.00328774
14.8429 0.00333117
14.8767 0.0033719
14.9106 0.00340991
14.9445 0.00344518
14.9784 0.00347771
15.0123 0.00350746
15.0462 0.00353444
15.0801 0.00355864
15.114 0.00358003
15.1478 0.00359863
15.1817 0.00361442
15.2156 0.0036274
15.2495 0.00363758
15.2834 0.00364496
15.3173 0.00364954
15.3512 0.00365134
15.3851 0.00365035
15.4189 0.0036466
15.4528 0.00364009
15.4867 0.00363084
15.5206 0.00361887
15.5545 0.00360419
15.5884 0.00358683
15.6223 0.00356682
15.6562 0.00354417
15.69 0.00351891
15.7239 0.00349107
15.7578 0.00346071
15.7917 0.00342782
15.8256 0.00339246
15.8595 0.00335498
15.8934 0.00331524
15.9273 0.00327314
15.9611 0.00322871
15.995 0.00318198
16.0289 0.00313302
16.0628 0.00308184
16.0967 0.00302852
16.1306 0.00297308
16.1645 0.00291558
16.1984 0.00285606
16.2323 0.0027946
16.2661 0.00273121
16.3 0.00266597
16.3339 0.00259893
16.3678 0.00253015
16.4017 0.00245966
16.4356 0.00238756
16.4695 0.00231388
16.5034 0.00223869
16.5372 0.00216204
16.5711 0.00208401
16.605 0.00200464
16.6389 0.00192401
16.6728 0.00184217
16.7067 0.00175922
16.7406 0.00167517
16.7745 0.00159014
16.8083 0.00150415
16.8422 0.00141731
16.8761 0.00132964
16.91 0.00124126
16.9439 0.0011522
16.9778 0.00106255
17.0117 0.000972361
17.0456 0.000881729
17.0794 0.000790689
17.1133 0.000699347
17.1472 0.000607738
17.1811 0.000515966
17.215 0.000424067
17.2489 0.000332117
17.2828 0.000240143
17.3167 0.00014824
17.3505 5.64337e-05
17.3844 4.90464e-05
17.4183 0.000140015
17.4522 0.000230587
17.4861 0.000320661
17.52 0.000410208
17.5539 0.000499122
17.5878 0.000587368
17.6216 0.000674844
17.6555 0.000761516
17.6894 0.000847288
17.7233 0.000932125
17.7572 0.00101593
17.7911 0.00109868
17.825 0.00118028
17.8589 0.00126069
17.8928 0.00133984
17.9266 0.00141769
17.9605 0.00149415
17.9944 0.00156921
18.0283 0.00164278
18.0622 0.00171483
18.0961 0.00178529
18.13 0.00185414
18.1639 0.00192131
18.1977 0.00198676
18.2316 0.00205045
18.2655 0.00211234
18.2994 0.00217237
18.3333 0.00223053
18.3672 0.00228676
18.4011 0.00234104
18.435 0.00239332
18.4688 0.00244359
18.5027 0.0024918
18.5366 0.00253792
18.5705 0.00258194
18.6044 0.00262389
18.6383 0.00266403
18.6722 0.002702
18.7061 0.00273781
18.7399 0.00277143
18.7738 0.00280282
18.8077 0.00283196
18.8416 0.00285884
18.8755 0.00288345
18.9094 0.00290577
18.9433 0.0029258
18.9772 0.00294354
19.011 0.00295896
19.0449 0.00297208
19.0788 0.00298289
19.1127 0.00299139
19.1466 0.00299758
19.1805 0.00300146
19.2144 0.00300305
19.2483 0.00300234
19.2822 0.00299934
19.316 0.00299407
19.3499 0.00298654
19.3838 0.00297676
19.4177 0.00296474
19.4516 0.0029505
19.4855 0.00293407
19.5194 0.00291545
19.5533 0.00289468
19.5871 0.00287177
19.621 0.00284675
19.6549 0.00281965
19.6888 0.00279049
19.7227 0.00275931
19.7566 0.00272613
19.7905 0.00269098
19.8244 0.0026539
19.8582 0.00261493
19.8921 0.00257409
19.926 0.00253143
19.9599 0.00248698
19.9938 0.00244079
20.0277 0.00239289
20.0616 0.00234332
20.0955 0.00229214
20.1293 0.00223937
20.1632 0.00218508
20.1971 0.00212929
20.231 0.00207208
20.2649 0.00201346
20.2988 0.0019535
20.3327 0.00189225
20.3666 0.00182976
20.4004 0.00176607
20.4343 0.00170125
20.4682 0.00163533
20.5021 0.00156839
20.536 0.00150047
20.5699 0.00143172
20.6038 0.00136208
20.6377 0.00129165
20.6716 0.00122044
20.7054 0.00114855
20.7393 0.001076
20.7732 0.00100287
20.8071 0.000929204
20.841 0.000855076
20.8749 0.000780521
20.9088 0.000705622
20.9427 0.000630411
20.9765 0.000554972
21.0104 0.000479337
21.0443 0.000403591
21.0782 0.000328026
21.1121 0.000252476
21.146 0.000176924
21.1799 0.000101444
21.2138 2.60639e-05
21.2476 5.84412e-05
21.2815 0.00013361
21.3154 0.000208445
21.3493 0.000282872
21.3832 0.000356855
21.4171 0.000430313
21.451 0.000503212
21.4849 0.000575473
21.5187 0.000647062
21.5526 0.000717905
21.5865 0.000787967
21.6204 0.000857177
21.6543 0.000925502
21.6882 0.000992872
21.7221 0.00105926
21.756 0.00112459
21.7898 0.00118884
21.8237 0.00125194
21.8576 0.00131387
21.8915 0.00137456
21.9254 0.00143399
21.9593 0.0014921
21.9932 0.00154886
22.0271 0.00160423
22.061 0.00165817
22.0948 0.00171064
22.1287 0.00176162
22.1626 0.00181105
22.1965 0.00185892
22.2304 0.00190519
22.2643 0.00194983
22.2982 0.00199281
22.3321 0.00203411
22.3659 0.0020737
22.3998 0.00211156
22.4337 0.00214767
22.4676 0.00218199
22.5015 0.00221453
22.5354 0.00224525
22.5693 0.00227413
22.6032 0.00230118
22.637 0.00232636
22.6709 0.00234968
22.7048 0.00237112
22.7387 0.00239066
22.7726 0.00240831
22.8065 0.00242406
22.8404 0.00243789
22.8743 0.00244982
22.9081 0.00245983
22.942 0.00246792
22.9759 0.00247411
23.0098 0.00247838
23.0437 0.00248075
23.0776 0.00248122
23.1115 0.00247979
23.1454 0.00247648
23.1792 0.0024713
23.2131 0.00246425
23.247 0.00245535
23.2809 0.00244461
23.3148 0.00243205
23.3487 0.00241768
23.3826 0.00240152
23.4165 0.00238359
23.4503 0.0023639
23.4842 0.00234255
23.5181 0.00231956
23.552 0.0022949
23.5859 0.00226857
23.6198 0.00224061
23.6537 0.00221104
23.6876 0.0021799
23.7215 0.00214721
23.7553 0.002113
23.7892 0.0020773
23.8231 0.00204015
23.857 0.00200157
23.8909 0.00196161
23.9248 0.00192028
23.9587 0.00187765
23.9926 0.00183373
24.0264 0.00178857
24.0603 0.00174219
24.0942 0.00169466
24.1281 0.00164599
24.162 0.00159624
24.1959 0.00154543
24.2298 0.00149363
24.2637 0.00144086
24.2975 0.00138717
24.3314 0.0013326
24.3653 0.0012772
24.3992 0.00122101
24.4331 0.00116408
24.467 0.00110644
24.5009 0.00104816
24.5348 0.000989259
24.5686 0.000929808
24.6025 0.000869834
24.6364 0.000809401
24.6703 0.000748538
24.7042 0.000687311
24.7381 0.000625749
24.772 0.000563917
24.8059 0.000501846
24.8397 0.000439601
24.8736 0.000377211
24.9075 0.000314743
24.9414 0.000252226
24.9753 0.000189721
