0 0.00985624
0.0338878 0.00984992
0.0677756 0.00983286
0.101663 0.009805
0.135551 0.00976727
0.169439 0.00971985
0.203327 0.00966289
0.237215 0.00959652
0.271102 0.0095209
0.30499 0.00943618
0.338878 0.0093425
0.372766 0.00924004
0.406653 0.00912895
0.440541 0.0090094
0.474429 0.00888155
0.508317 0.00874559
0.542205 0.00860168
0.576092 0.00845002
0.60998 0.00829081
0.643868 0.00812249
0.677756 0.00794716
0.711644 0.00776492
0.745531 0.00757614
0.779419 0.0073809
0.813307 0.0071796
0.847195 0.00697235
0.881082 0.00675955
0.91497 0.00654131
0.948858 0.00631806
0.982746 0.00608992
1.01663 0.00585732
1.05052 0.00562041
1.08441 0.00537964
1.1183 0.00513511
1.15218 0.0048873
1.18607 0.0046363
1.21996 0.0043826
1.25385 0.00412629
1.28774 0.00386783
1.32162 0.00360729
1.35551 0.00334511
1.3894 0.00308134
1.42329 0.00281642
1.45717 0.00255038
1.49106 0.00228365
1.52495 0.00201628
1.55884 0.00174871
1.59273 0.00148097
1.62661 0.00121352
1.6605 0.000946419
1.69439 0.000680109
1.72828 0.000414663
1.76216 0.000150516
1.79605 0.000112378
1.82994 0.00037329
1.86383 0.000632019
1.89772 0.000888489
1.9316 0.00114232
1.96549 0.00139345
1.99938 0.00164152
2.03327 0.00188645
2.06716 0.00212794
2.10104 0.00236589
2.13493 0.00260002
2.16882 0.00283024
2.20271 0.00305628
2.23659 0.00327803
2.27048 0.00349525
2.30437 0.0037078
2.33826 0.00391547
2.37215 0.00411811
2.40603 0.00431552
2.43992 0.00450756
2.47381 0.00469406
2.5077 0.00487489
2.54158 0.00504992
2.57547 0.00521902
2.60936 0.00538208
2.64325 0.00553902
2.67714 0.00568972
2.71102 0.0058341
2.74491 0.00597207
2.7788 0.00610354
2.81269 0.00622844
2.84657 0.00634668
2.88046 0.0064582
2.91435 0.00656292
2.94824 0.0066608
2.98213 0.00675179
3.01601 0.00683584
3.0499 0.00691288
3.08379 0.00698293
3.11768 0.00704592
3.15156 0.00710187
3.18545 0.00715075
3.21934 0.0071926
3.25323 0.00722739
3.28712 0.00725516
3.321 0.00727591
3.35489 0.00728968
3.38878 0.00729653
3.42267 0.00729647
3.45655 0.00728954
3.49044 0.00727577
3.52433 0.00725526
3.55822 0.00722808
3.59211 0.00719431
3.62599 0.007154
3.65988 0.00710724
3.69377 0.00705411
3.72766 0.00699471
3.76154 0.00692912
3.79543 0.00685746
3.82932 0.00677982
3.86321 0.00669633
3.8971 0.00660707
3.93098 0.00651221
3.96487 0.00641182
3.99876 0.0063061
4.03265 0.00619511
4.06653 0.00607905
4.10042 0.00595798
4.13431 0.00583214
4.1682 0.00570158
4.20209 0.00556654
4.23597 0.00542708
4.26986 0.00528345
4.30375 0.00513571
4.33764 0.00498413
4.37152 0.00482876
4.40541 0.00466989
4.4393 0.00450758
4.47319 0.00434212
4.50708 0.0041736
4.54096 0.0040023
4.57485 0.0038283
4.60874 0.00365191
4.64263 0.0034732
4.67651 0.00329247
4.7104 0.0031098
4.74429 0.0029255
4.77818 0.00273962
4.81207 0.00255248
4.84595 0.00236413
4.87984 0.00217489
4.91373 0.00198482
4.94762 0.00179423
4.9815 0.00160318
5.01539 0.00141197
5.04928 0.00122068
5.08317 0.00102961
5.11706 0.000838821
5.15094 0.000648615
5.18483 0.000459059
5.21872 0.000270444
5.25261 8.2838e-05
5.28649 0.00010355
5.32038 0.000288356
5.35427 0.000471529
5.38816 0.000652815
5.42205 0.000832148
5.45593 0.0010093
5.48982 0.00118421
5.52371 0.00135666
5.5576 0.00152659
5.59149 0.00169381
5.62537 0.00185827
5.65926 0.00201977
5.69315 0.00217825
5.72704 0.00233351
5.76092 0.00248546
5.79481 0.00263393
5.8287 0.0027788
5.86259 0.00291993
5.89648 0.00305722
5.93036 0.00319054
5.96425 0.00331982
5.99814 0.00344495
6.03203 0.00356588
6.06591 0.00368253
6.0998 0.00379483
6.13369 0.00390274
6.16758 0.00400619
6.20147 0.00410514
6.23535 0.00419955
6.26924 0.00428932
6.30313 0.00437445
6.33702 0.00445488
6.3709 0.00453055
6.40479 0.00460142
6.43868 0.00466745
6.47257 0.0047286
6.50646 0.00478485
6.54034 0.00483616
6.57423 0.00488251
6.60812 0.00492388
6.64201 0.00496027
6.67589 0.00499166
6.70978 0.00501805
6.74367 0.00503945
6.77756 0.00505587
6.81145 0.00506736
6.84533 0.0050739
6.87922 0.00507551
6.91311 0.00507221
6.947 0.00506406
6.98088 0.00505108
7.01477 0.00503333
7.04866 0.0050109
7.08255 0.0049838
7.11644 0.00495212
7.15032 0.00491589
7.18421 0.00487519
7.2181 0.00483009
7.25199 0.00478066
7.28587 0.00472698
7.31976 0.00466913
7.35365 0.00460717
7.38754 0.00454123
7.42143 0.00447135
7.45531 0.00439767
7.4892 0.00432025
7.52309 0.00423921
7.55698 0.00415463
7.59086 0.00406666
7.62475 0.00397535
7.65864 0.00388086
7.69253 0.00378326
7.72642 0.00368272
7.7603 0.00357927
7.79419 0.00347313
7.82808 0.00336432
7.86197 0.00325304
7.89585 0.00313933
7.92974 0.0030234
7.96363 0.00290531
7.99752 0.00278525
8.03141 0.0026633
8.06529 0.00253965
8.09918 0.00241437
8.13307 0.00228765
8.16696 0.00215956
8.20084 0.00203029
8.23473 0.0018999
8.26862 0.00176859
8.30251 0.00163647
8.3364 0.00150368
8.37028 0.0013703
8.40417 0.00123651
8.43806 0.00110238
8.47195 0.000968127
8.50583 0.00083381
8.53972 0.000699627
8.57361 0.000565651
8.6075 0.000432075
8.64139 0.000299005
8.67527 0.000166568
8.70916 3.48313e-05
8.74305 9.64667e-05
8.77694 0.00022639
8.81082 0.000355192
8.84471 0.000482701
8.8786 0.00060885
8.91249 0.000733506
8.94638 0.000856616
8.98026 0.000978058
9.01415 0.00109777
9.04804 0.00121563
9.08193 0.00133155
9.11582 0.0014454
9.1497 0.00155708
9.18359 0.00166648
9.21748 0.0017735
9.25137 0.00187804
9.28525 0.00198001
9.31914 0.00207933
9.35303 0.00217595
9.38692 0.00226977
9.42081 0.00236076
9.45469 0.00244886
9.48858 0.00253401
9.52247 0.00261616
9.55636 0.00269526
9.59024 0.00277126
9.62413 0.00284413
9.65802 0.00291381
9.69191 0.00298027
9.7258 0.00304346
9.75968 0.00310334
9.79357 0.0031599
9.82746 0.00321308
9.86135 0.00326287
9.89523 0.00330923
9.92912 0.00335216
9.96301 0.00339163
9.9969 0.00342762
10.0308 0.00346012
10.0647 0.00348913
10.0986 0.00351463
10.1324 0.00353662
10.1663 0.00355511
10.2002 0.00357009
10.2341 0.00358161
10.268 0.00358963
10.3019 0.00359417
10.3358 0.00359524
10.3697 0.00359287
10.4036 0.00358708
10.4374 0.00357789
10.4713 0.00356535
10.5052 0.00354947
10.5391 0.00353031
10.573 0.00350794
10.6069 0.00348238
10.6408 0.00345366
10.6747 0.00342183
10.7085 0.00338696
10.7424 0.00334907
10.7763 0.00330824
10.8102 0.00326452
10.8441 0.00321797
10.878 0.00316865
10.9119 0.00311663
10.9458 0.00306197
10.9796 0.00300476
11.0135 0.00294504
11.0474 0.00288292
11.0813 0.00281845
11.1152 0.00275174
11.1491 0.00268283
11.183 0.00261185
11.2169 0.00253883
11.2507 0.00246391
11.2846 0.00238713
11.3185 0.00230861
11.3524 0.0022284
11.3863 0.00214663
11.4202 0.00206334
11.4541 0.00197866
11.488 0.00189264
11.5218 0.00180541
11.5557 0.00171704
11.5896 0.00162764
11.6235 0.00153735
11.6574 0.00144622
11.6913 0.00135432
11.7252 0.00126176
11.7591 0.0011686
11.793 0.00107496
11.8268 0.000980891
11.8607 0.000886535
11.8946 0.000791951
11.9285 0.000697273
11.9624 0.000602579
11.9963 0.000508064
12.0302 0.000413703
12.0641 0.000319624
12.0979 0.000225865
12.1318 0.000132537
12.1657 3.96975e-05
12.1996 5.31962e-05
12.2335 0.000144884
12.2674 0.000235756
12.3013 0.000325702
12.3352 0.000414663
12.369 0.000502542
12.4029 0.000589285
12.4368 0.000674806
12.4707 0.000759057
12.5046 0.000841962
12.5385 0.000923474
12.5724 0.00100352
12.6063 0.00108211
12.6401 0.00115919
12.674 0.00123463
12.7079 0.00130835
12.7418 0.0013803
12.7757 0.00145041
12.8096 0.00151862
12.8435 0.00158488
12.8774 0.00164914
12.9112 0.00171135
12.9451 0.00177147
12.979 0.00182945
13.0129 0.00188528
13.0468 0.00193891
13.0807 0.00199031
13.1146 0.00203947
13.1485 0.00208634
13.1823 0.00213091
13.2162 0.00217316
13.2501 0.00221305
13.284 0.00225056
13.3179 0.00228568
13.3518 0.00231837
13.3857 0.00234863
13.4196 0.00237643
13.4535 0.00240178
13.4873 0.00242464
13.5212 0.00244502
13.5551 0.00246292
13.589 0.00247833
13.6229 0.00249129
13.6568 0.00250177
13.6907 0.00250977
13.7246 0.00251529
13.7584 0.00251836
13.7923 0.00251899
13.8262 0.00251719
13.8601 0.00251298
13.894 0.00250639
13.9279 0.00249743
13.9618 0.00248613
13.9957 0.00247252
14.0295 0.00245663
14.0634 0.00243848
14.0973 0.00241815
14.1312 0.00239564
14.1651 0.00237098
14.199 0.00234422
14.2329 0.00231538
14.2668 0.00228451
14.3006 0.00225166
14.3345 0.00221686
14.3684 0.00218016
14.4023 0.00214161
14.4362 0.00210127
14.4701 0.00205917
14.504 0.00201538
14.5379 0.00196994
14.5717 0.00192292
14.6056 0.00187436
14.6395 0.00182433
14.6734 0.00177288
14.7073 0.00172009
14.7412 0.00166599
14.7751 0.00161067
14.809 0.00155417
14.8429 0.00149656
14.8767 0.00143791
14.9106 0.00137827
14.9445 0.00131771
14.9784 0.0012563
15.0123 0.00119409
15.0462 0.00113116
15.0801 0.00106756
15.114 0.00100337
15.1478 0.000938639
15.1817 0.000873451
15.2156 0.000807852
15.2495 0.000741922
15.2834 0.000675711
15.3173 0.000609299
15.3512 0.000542736
15.3851 0.000476107
15.4189 0.000409565
15.4528 0.000343109
15.4867 0.000276743
15.5206 0.000210545
15.5545 0.000144566
15.5884 7.88841e-05
15.6223 1.35547e-05
15.6562 5.11929e-05
15.69 0.00011558
15.7239 0.000179413
15.7578 0.000242618
15.7917 0.000305145
15.8256 0.000366987
15.8595 0.000428058
15.8934 0.000488274
15.9273 0.000547592
15.9611 0.000605958
15.995 0.000663333
16.0289 0.000719667
16.0628 0.000774919
16.0967 0.000829041
16.1306 0.000881989
16.1645 0.000933715
16.1984 0.000984178
16.2323 0.00103333
16.2661 0.00108114
16.3 0.00112757
16.3339 0.00117258
16.3678 0.00121614
16.4017 0.00125823
16.4356 0.00129883
16.4695 0.0013379
16.5034 0.00137543
16.5372 0.0014114
16.5711 0.00144578
16.605 0.00147856
16.6389 0.00150972
16.6728 0.00153923
16.7067 0.00156709
16.7406 0.00159327
16.7745 0.00161776
16.8083 0.00164055
16.8422 0.00166162
16.8761 0.00168097
16.91 0.00169858
16.9439 0.00171446
16.9778 0.00172862
17.0117 0.001741
17.0456 0.00175165
17.0794 0.00176055
17.1133 0.0017677
17.1472 0.0017731
17.1811 0.00177675
17.215 0.00177868
17.2489 0.00177888
17.2828 0.00177736
17.3167 0.00177415
17.3505 0.00176926
17.3844 0.00176271
17.4183 0.0017545
17.4522 0.00174467
17.4861 0.00173324
17.52 0.00172022
17.5539 0.00170564
17.5878 0.00168952
17.6216 0.0016719
17.6555 0.00165283
17.6894 0.00163227
17.7233 0.00161032
17.7572 0.00158698
17.7911 0.00156228
17.825 0.00153626
17.8589 0.00150893
17.8928 0.00148034
17.9266 0.00145052
17.9605 0.00141952
17.9944 0.00138736
18.0283 0.0013541
18.0622 0.00131975
18.0961 0.00128438
18.13 0.00124802
18.1639 0.00121071
18.1977 0.00117249
18.2316 0.00113341
18.2655 0.00109351
18.2994 0.00105285
18.3333 0.00101145
18.3672 0.000969377
18.4011 0.00092666
18.435 0.000883356
18.4688 0.000839499
18.5027 0.000795143
18.5366 0.000750322
18.5705 0.00070509
18.6044 0.000659483
18.6383 0.000613555
18.6722 0.000567343
18.7061 0.000520904
18.7399 0.000474277
18.7738 0.000427518
18.8077 0.000380666
18.8416 0.00033381
18.8755 0.000286963
18.9094 0.000240168
18.9433 0.00019346
18.9772 0.000146887
19.011 0.000100483
19.0449 5.4294e-05
19.0788 8.35627e-06
19.1127 3.74058e-05
19.1466 8.26197e-05
19.1805 0.00012745
19.2144 0.000171852
19.2483 0.000215788
19.2822 0.000259215
19.316 0.000302098
19.3499 0.000344393
19.3838 0.000386075
19.4177 0.000427156
19.4516 0.00046755
19.4855 0.00050723
19.5194 0.000546145
19.5533 0.000584242
19.5871 0.000621487
19.621 0.000657844
19.6549 0.000693285
19.6888 0.000727782
19.7227 0.000761313
19.7566 0.000793856
19.7905 0.000825394
19.8244 0.000855908
19.8582 0.000885395
19.8921 0.000913857
19.926 0.000941241
19.9599 0.00096753
19.9938 0.00099271
20.0277 0.00101677
20.0616 0.00103969
20.0955 0.00106147
20.1293 0.00108208
20.1632 0.00110153
20.1971 0.00111979
20.231 0.00113687
20.2649 0.00115277
20.2988 0.00116744
20.3327 0.00118092
20.3666 0.00119318
20.4004 0.00120422
20.4343 0.00121402
20.4682 0.00122259
20.5021 0.00122993
20.536 0.00123604
20.5699 0.00124091
20.6038 0.00124455
20.6377 0.00124697
20.6716 0.00124817
20.7054 0.00124816
20.7393 0.00124694
20.7732 0.00124452
20.8071 0.00124092
20.841 0.00123614
20.8749 0.00123021
20.9088 0.00122312
20.9427 0.0012149
20.9765 0.00120557
21.0104 0.00119513
21.0443 0.00118362
21.0782 0.00117104
21.1121 0.00115741
21.146 0.00114276
21.1799 0.00112711
21.2138 0.00111048
21.2476 0.00109293
21.2815 0.00107442
21.3154 0.00105503
21.3493 0.00103472
21.3832 0.00101359
21.4171 0.000991633
21.451 0.000968869
21.4849 0.000945329
21.5187 0.00092104
21.5526 0.000896032
21.5865 0.000870333
21.6204 0.000843974
21.6543 0.000816983
21.6882 0.000789393
21.7221 0.000761231
21.756 0.000732532
21.7898 0.000703323
21.8237 0.000673641
21.8576 0.000643513
21.8915 0.000612976
21.9254 0.000582059
21.9593 0.000550799
21.9932 0.000519224
22.0271 0.000487371
22.061 0.000455268
22.0948 0.000422952
22.1287 0.000390448
22.1626 0.000357793
22.1965 0.000325013
22.2304 0.000292144
22.2643 0.000259213
22.2982 0.000226256
22.3321 0.000193299
22.3659 0.00016038
22.3998 0.000127526
22.4337 9.47725e-05
22.4676 6.21479e-05
22.5015 2.96868e-05
22.5354 3.17603e-06
22.5693 3.51665e-05
22.6032 6.6899e-05
22.637 9.83484e-05
22.6709 0.000129485
22.7048 0.000160284
22.7387 0.000190716
22.7726 0.000220758
22.8065 0.000250382
22.8404 0.000279565
22.8743 0.000308282
22.9081 0.000336511
22.942 0.000364236
22.9759 0.00039143
23.0098 0.000418062
23.0437 0.00044411
23.0776 0.000469551
23.1115 0.000494364
23.1454 0.000518528
23.1792 0.000542024
23.2131 0.000564836
23.247 0.000586946
23.2809 0.000608338
23.3148 0.000629
23.3487 0.000648916
23.3826 0.000668078
23.4165 0.000686468
23.4503 0.000704075
23.4842 0.000720928
23.5181 0.000736938
23.552 0.000752166
23.5859 0.000766538
23.6198 0.000780108
23.6537 0.000792845
23.6876 0.000804734
23.7215 0.000815768
23.7553 0.000825943
23.7892 0.000835255
23.8231 0.000843701
23.857 0.000851279
23.8909 0.000857987
23.9248 0.000863825
23.9587 0.000868794
23.9926 0.000872893
24.0264 0.000876127
24.0603 0.000878496
24.0942 0.000880005
24.1281 0.000880659
24.162 0.000880462
24.1959 0.000879421
24.2298 0.000877541
24.2637 0.000874831
24.2975 0.000871298
24.3314 0.000866952
24.3653 0.000861801
24.3992 0.000855857
24.4331 0.000849131
24.467 0.000841633
24.5009 0.000833377
24.5348 0.000824377
24.5686 0.000814644
24.6025 0.000804194
24.6364 0.000793041
24.6703 0.000781202
24.7042 0.000768692
24.7381 0.000755528
24.772 0.000741727
24.8059 0.000727307
24.8397 0.000712285
24.8736 0.000696682
24.9075 0.000680515
24.9414 0.000663805
24.9753 0.00064661
