0.609375 0.290322
0.603967 0.296875

0.603281 0.296875
0.604563 0.3125

0.606865 0.3125
0.609375 0.315229

0.609375 0.294109
0.625 0.28312

0.609375 0.313797
0.625 0.324424

0.625 0.285488
0.640625 0.282383

0.625 0.321176
0.640625 0.32643

0.640625 0.282976
0.65625 0.281833

0.640625 0.327841
0.641901 0.328125

0.641723 0.328125
0.65625 0.331363

0.65625 0.281886
0.671875 0.281413

0.65625 0.330229
0.671875 0.331309

0.671875 0.281475
0.6875 0.281444

0.671875 0.331398
0.6875 0.332162

0.6875 0.281515
0.703125 0.281661

0.6875 0.33217
0.703125 0.332423

0.703125 0.281684
0.71875 0.281821

0.703125 0.332386
0.71875 0.332186

0.71875 0.281828
0.734375 0.281896

0.71875 0.332153
0.734375 0.331638

0.734375 0.281901
0.75 0.281875

0.734375 0.331604
0.75 0.330908

0.75 0.281873
0.765625 0.281749

0.75 0.33088
0.765625 0.330124

0.765625 0.281747
0.78125 0.281534

0.765625 0.330115
0.78125 0.329373

0.78125 0.281541
0.795812 0.28125

0.78125 0.329369
0.796875 0.328668

0.796875 0.281233
0.8125 0.280797

0.8125 0.328058
0.810701 0.328125

0.796875 0.32863
0.810481 0.328125

0.8125 0.28083
0.828125 0.280198

0.828125 0.32748
0.815269 0.328125

0.828125 0.28021
0.84375 0.279293

0.828125 0.327526
0.84375 0.326021

0.84375 0.279282
0.859375 0.278081

0.84375 0.325893
0.859375 0.323809

0.859375 0.278075
0.875 0.276624

0.859375 0.32366
0.875 0.321549

0.875 0.276616
0.890625 0.274944

0.875 0.321496
0.890625 0.319759

0.890625 0.274965
0.90625 0.273045

0.890625 0.319777
0.90625 0.318484

0.90625 0.272995
0.921875 0.270886

0.90625 0.318493
0.921875 0.317587

0.921875 0.270777
0.9375 0.268797

0.921875 0.317577
0.9375 0.317059

0.9375 0.268955
0.953125 0.267004

0.9375 0.31707
0.953125 0.316937

0.96875 0.264419
0.96195 0.265625

0.953125 0.267325
0.96271 0.265625

0.953125 0.316988
0.96875 0.317113

0.96875 0.264422
0.984375 0.260454

0.96875 0.317134
0.984375 0.317372

0.984375 0.260879
1 0.25502

0.984375 0.317424
1 0.31763

1.01562 0.24552
1.00893 0.25

1 0.25571
1.0092 0.25

1 0.317726
1.01562 0.317604

1.03125 0.225276
1.02606 0.234375

1.01562 0.246187
1.02667 0.234375

1.01562 0.3177
1.03125 0.316865

1.03915 0
1.03918 0.015625

1.03918 0.015625
1.03927 0.03125

1.03927 0.03125
1.03943 0.046875

1.03943 0.046875
1.03967 0.0625

1.03967 0.0625
1.03999 0.078125

1.03999 0.078125
1.04039 0.09375

1.04039 0.09375
1.04087 0.109375

1.04088 0.109375
1.04139 0.125

1.04143 0.125
1.04188 0.140625

1.04193 0.140625
1.04215 0.15625

1.04223 0.15625
1.04195 0.171875

1.04204 0.171875
1.04095 0.1875

1.04111 0.1875
1.03869 0.203125

1.03901 0.203125
1.0343 0.21875

1.03125 0.225303
1.03479 0.21875

1.03125 0.316823
1.04688 0.315166

1.04688 0.315048
1.0625 0.312889

1.07812 0.310325
1.06539 0.3125

1.0625 0.313079
1.06589 0.3125

1.07812 0.31032
1.09375 0.30694

1.09375 0.306946
1.10938 0.302889

1.10938 0.302866
1.125 0.298167

1.14062 0.29275
1.12891 0.296875

1.125 0.298325
1.12912 0.296875

1.14062 0.29266
1.15625 0.286369

1.17188 0.279447
1.16793 0.28125

1.15625 0.286481
1.16769 0.28125

1.17188 0.279248
1.1875 0.271191

1.20312 0.262427
1.19762 0.265625

1.1875 0.271278
1.19723 0.265625

1.20312 0.2622
1.21875 0.251941

1.23438 0.240557
1.22154 0.25

1.21875 0.252005
1.22162 0.25

1.25 0.227707
1.24198 0.234375

1.23438 0.240342
1.24183 0.234375

1.26562 0.212924
1.25968 0.21875

1.25 0.227366
1.25941 0.21875

1.28125 0.195855
1.27497 0.203125

1.26562 0.212673
1.27467 0.203125

1.29688 0.175979
1.28823 0.1875

1.28125 0.195642
1.28794 0.1875

1.3125 0.152498
1.31034 0.15625

1.31013 0.15625
1.29984 0.171875

1.29688 0.175836
1.2997 0.171875

1.32812 0.122425
1.32702 0.125

1.32689 0.125
1.31908 0.140625

1.3125 0.152001
1.31905 0.140625

1.34375 0.0788531
1.33923 0.09375

1.33924 0.09375
1.33356 0.109375

1.32812 0.122037
1.33356 0.109375

1.35438 0
1.35397 0.015625

1.35396 0.015625
1.35272 0.03125

1.35273 0.03125
1.35067 0.046875

1.35067 0.046875
1.34776 0.0625

1.34778 0.0625
1.34398 0.078125

1.34375 0.0788606
1.34397 0.078125

