0.609375 0.299627
0.607986 0.300781

0.60787 0.300781
0.605584 0.304688

0.605708 0.304688
0.607559 0.308594

0.607756 0.308594
0.609375 0.310142

0.609375 0.300034
0.613281 0.297786

0.609375 0.30966
0.613158 0.3125

0.613018 0.3125
0.613281 0.312665

0.617188 0.29676
0.616796 0.296875

0.613281 0.297916
0.616814 0.296875

0.613281 0.312617
0.617188 0.314611

0.621094 0.296255
0.617725 0.296875

0.617188 0.314369
0.621094 0.31587

0.621094 0.29617
0.625 0.295632

0.621094 0.315893
0.622544 0.316406

0.622403 0.316406
0.625 0.317325

0.625 0.295697
0.628906 0.295365

0.625 0.317237
0.628906 0.318532

0.628906 0.295351
0.632812 0.295126

0.628906 0.318576
0.632812 0.319834

0.632812 0.295139
0.636719 0.295024

0.632812 0.319815
0.634514 0.320312

0.634427 0.320312
0.636719 0.320983

0.636719 0.295032
0.640625 0.294984

0.636719 0.320945
0.640625 0.322034

0.640625 0.294985
0.644531 0.294987

0.640625 0.32206
0.644531 0.323098

0.644531 0.294989
0.648438 0.295036

0.644531 0.323099
0.648438 0.324034

0.648438 0.295038
0.652344 0.295118

0.648438 0.32402
0.649355 0.324219

0.649325 0.324219
0.652344 0.324874

0.652344 0.295119
0.65625 0.295224

0.652344 0.324851
0.65625 0.32567

0.65625 0.295224
0.660156 0.295352

0.65625 0.325695
0.660156 0.326477

0.660156 0.295353
0.664062 0.295503

0.660156 0.326476
0.664062 0.327175

0.664062 0.295504
0.667969 0.295672

0.664062 0.327173
0.667969 0.327795

0.667969 0.295674
0.671875 0.295855

0.667969 0.327788
0.670319 0.328125

0.670294 0.328125
0.671875 0.328351

0.671875 0.295854
0.675781 0.296044

0.671875 0.328344
0.675781 0.328864

0.675781 0.296042
0.679688 0.296246

0.675781 0.32887
0.679688 0.329349

0.679688 0.296243
0.683594 0.296469

0.679688 0.329352
0.683594 0.329771

0.683594 0.296462
0.6875 0.296729

0.683594 0.329765
0.6875 0.330128

0.6875 0.296739
0.689306 0.296875

0.689246 0.296875
0.691406 0.297038

0.6875 0.330128
0.691406 0.330448

0.691406 0.297035
0.695312 0.297333

0.691406 0.330449
0.695312 0.330724

0.695312 0.297326
0.699219 0.297641

0.695312 0.330724
0.699219 0.330954

0.699219 0.29764
0.703125 0.297989

0.699219 0.330954
0.703125 0.331141

0.703125 0.297991
0.707031 0.298373

0.703125 0.33114
0.707031 0.331287

0.707031 0.298376
0.710938 0.298779

0.707031 0.331286
0.710938 0.331398

0.710938 0.298774
0.714844 0.299201

0.710938 0.331397
0.714844 0.331477

0.714844 0.299193
0.71875 0.299668

0.714844 0.331477
0.71875 0.331529

0.71875 0.299668
0.722656 0.300207

0.71875 0.331529
0.722656 0.331557

0.722656 0.300219
0.726432 0.300781

0.726456 0.300781
0.726562 0.300797

0.722656 0.331556
0.726562 0.331563

0.726562 0.3008
0.730469 0.301402

0.726562 0.331562
0.730469 0.331549

0.730469 0.301399
0.734375 0.302026

0.730469 0.331548
0.734375 0.331519

0.734375 0.302018
0.738281 0.302692

0.734375 0.331517
0.738281 0.331476

0.738281 0.30268
0.742188 0.303442

0.738281 0.331476
0.742188 0.331427

0.742188 0.303463
0.746094 0.304295

0.742188 0.331428
0.746094 0.331369

0.746094 0.304305
0.747872 0.304688

0.74787 0.304688
0.75 0.305146

0.746094 0.331369
0.75 0.3313

0.75 0.305137
0.753906 0.305983

0.75 0.331297
0.753906 0.331226

0.753906 0.305955
0.757812 0.306882

0.753906 0.331224
0.757812 0.331162

0.757812 0.30691
0.761719 0.307919

0.757812 0.331169
0.761719 0.331105

0.761719 0.30794
0.76429 0.308594

0.764281 0.308594
0.765625 0.308935

0.761719 0.331109
0.765625 0.331023

0.765625 0.308929
0.769531 0.309873

0.765625 0.331017
0.769531 0.330916

0.769531 0.309842
0.773438 0.310809

0.769531 0.330904
0.773438 0.330824

0.773438 0.310831
0.777344 0.311839

0.773438 0.330838
0.777344 0.330773

0.777344 0.311863
0.779953 0.3125

0.779934 0.3125
0.78125 0.312822

0.777344 0.330773
0.78125 0.330694

0.78125 0.312814
0.785156 0.313674

0.78125 0.33069
0.785156 0.330602

0.785156 0.313669
0.789062 0.314457

0.785156 0.330602
0.789062 0.330512

0.789062 0.314468
0.792969 0.315172

0.789062 0.330513
0.792969 0.330418

0.792969 0.315177
0.796875 0.315764

0.792969 0.330418
0.796875 0.330317

0.796875 0.315765
0.800781 0.316222

0.796875 0.330318
0.800781 0.330208

0.800781 0.316228
0.803003 0.316406

0.802994 0.316406
0.804688 0.316542

0.800781 0.33021
0.804688 0.330084

0.804688 0.316538
0.808594 0.316701

0.804688 0.330083
0.808594 0.32994

0.808594 0.316693
0.8125 0.316732

0.808594 0.329938
0.8125 0.329781

0.8125 0.316725
0.816406 0.316667

0.8125 0.329778
0.816406 0.329619

0.816406 0.316661
0.820312 0.316532

0.816406 0.329616
0.820312 0.329466

0.824219 0.316348
0.822955 0.316406

0.820312 0.316529
0.822965 0.316406

0.820312 0.329465
0.824219 0.329331

0.824219 0.316343
0.828125 0.316129

0.824219 0.329331
0.828125 0.329216

0.828125 0.316128
0.832031 0.315894

0.828125 0.329215
0.832031 0.329122

0.832031 0.315893
0.835938 0.315643

0.832031 0.329122
0.835938 0.329053

0.835938 0.315642
0.839844 0.315377

0.835938 0.329056
0.839844 0.329006

0.839844 0.315376
0.84375 0.3151

0.839844 0.329009
0.84375 0.328967

0.84375 0.315099
0.847656 0.314816

0.84375 0.328969
0.847656 0.328926

0.847656 0.314815
0.851562 0.314528

0.847656 0.328927
0.851562 0.328877

0.851562 0.314526
0.855469 0.31424

0.851562 0.328877
0.855469 0.328818

0.855469 0.314239
0.859375 0.313959

0.855469 0.328818
0.859375 0.328748

0.859375 0.313958
0.863281 0.313689

0.859375 0.328748
0.863281 0.328667

0.863281 0.313688
0.867188 0.313433

0.863281 0.328667
0.867188 0.328575

0.867188 0.313433
0.871094 0.313196

0.867188 0.328576
0.871094 0.328471

0.871094 0.313196
0.875 0.312977

0.871094 0.328471
0.875 0.328352

0.875 0.312977
0.878906 0.312778

0.875 0.328347
0.878906 0.328225

0.878906 0.312772
0.882812 0.312608

0.882812 0.328117
0.882503 0.328125

0.878906 0.328217
0.882486 0.328125

0.886719 0.31248
0.886168 0.3125

0.882812 0.312619
0.886152 0.3125

0.886719 0.32804
0.882943 0.328125

0.886719 0.312481
0.890625 0.312345

0.886719 0.328051
0.890625 0.327932

0.890625 0.312343
0.894531 0.312211

0.890625 0.327919
0.894531 0.327773

0.894531 0.312208
0.898438 0.312087

0.894531 0.327757
0.898438 0.327642

0.898438 0.312083
0.902344 0.311986

0.898438 0.327641
0.902344 0.32759

0.902344 0.311987
0.90625 0.311921

0.902344 0.327594
0.90625 0.3276

0.90625 0.311926
0.910156 0.311879

0.90625 0.327602
0.910156 0.327653

0.910156 0.311888
0.914062 0.31183

0.910156 0.327657
0.914062 0.327742

0.914062 0.311834
0.917969 0.31174

0.914062 0.327747
0.917969 0.327848

0.917969 0.311737
0.921875 0.311604

0.917969 0.327848
0.921875 0.327955

0.921875 0.311605
0.925781 0.311437

0.921875 0.327944
0.925781 0.328079

0.925781 0.311437
0.929688 0.31123

0.925781 0.328077
0.926837 0.328125

0.926708 0.328125
0.929688 0.328262

0.929688 0.31125
0.933594 0.310965

0.929688 0.328269
0.933594 0.328472

0.933594 0.310979
0.9375 0.310545

0.933594 0.328473
0.9375 0.328677

0.9375 0.310525
0.941406 0.30995

0.9375 0.328669
0.941406 0.328886

0.941406 0.309925
0.945312 0.309296

0.941406 0.328889
0.945312 0.329128

0.949219 0.30857
0.949096 0.308594

0.945312 0.309357
0.949219 0.308606

0.945312 0.329134
0.949219 0.329378

0.953125 0.307591
0.949337 0.308594

0.949219 0.308616
0.949304 0.308594

0.949219 0.329382
0.953125 0.329611

0.953125 0.307583
0.957031 0.306244

0.953125 0.329607
0.957031 0.329823

0.960938 0.304555
0.96062 0.304688

0.957031 0.306247
0.960783 0.304688

0.957031 0.329821
0.960938 0.330035

0.960938 0.304629
0.964844 0.302703

0.960938 0.33004
0.964844 0.330248

0.96875 0.300307
0.967955 0.300781

0.964844 0.302767
0.968174 0.300781

0.964844 0.330252
0.96875 0.330438

0.96875 0.300413
0.972656 0.297602

0.96875 0.330437
0.972656 0.330595

0.976562 0.294289
0.973525 0.296875

0.972656 0.297612
0.973581 0.296875

0.972656 0.330596
0.976562 0.330727

0.980469 0.290341
0.977937 0.292969

0.976562 0.294294
0.97796 0.292969

0.976562 0.330728
0.980469 0.33083

0.984375 0.285715
0.981633 0.289062

0.980469 0.290367
0.981639 0.289062

0.980469 0.330831
0.984375 0.330899

0.988281 0.280164
0.987593 0.28125

0.987612 0.28125
0.984812 0.285156

0.984375 0.285734
0.984821 0.285156

0.984375 0.3309
0.988281 0.330932

0.992188 0.273578
0.990058 0.277344

0.988281 0.280168
0.990071 0.277344

0.988281 0.330932
0.992188 0.330927

0.996094 0.265429
0.996013 0.265625

0.996017 0.265625
0.994233 0.269531

0.99424 0.269531
0.992259 0.273438

0.992188 0.273574
0.992263 0.273438

0.992188 0.330927
0.996094 0.330882

1 0.255108
0.99908 0.257812

0.999085 0.257812
0.997623 0.261719

0.996094 0.265427
0.997626 0.261719

0.996094 0.330882
1 0.330797

1.00391 0.241352
1.00371 0.242188

1.00371 0.242188
1.00271 0.246094

1.00271 0.246094
1.00161 0.25

1.00161 0.25
1.00041 0.253906

1 0.255104
1.00041 0.253906

1 0.330797
1.00391 0.330671

1.00781 0.220881
1.00755 0.222656

1.00755 0.222656
1.00691 0.226562

1.00691 0.226562
1.00622 0.230469

1.00622 0.230469
1.00546 0.234375

1.00546 0.234375
1.00462 0.238281

1.00391 0.241343
1.00462 0.238281

1.00391 0.330671
1.00781 0.330503

1.01172 0.18187
1.01161 0.183594

1.01161 0.183594
1.01134 0.1875

1.01134 0.1875
1.01104 0.191406

1.01104 0.191406
1.01072 0.195312

1.01073 0.195312
1.01038 0.199219

1.01038 0.199219
1.01 0.203125

1.01 0.203125
1.00959 0.207031

1.0096 0.207031
1.00915 0.210938

1.00915 0.210938
1.00866 0.214844

1.00866 0.214844
1.00813 0.21875

1.00781 0.220873
1.00813 0.21875

1.00781 0.330503
1.01172 0.330294

1.01562 0.0594865
1.01558 0.0625

1.01558 0.0625
1.01551 0.0664062

1.01551 0.0664062
1.01544 0.0703125

1.01544 0.0703125
1.01537 0.0742188

1.01537 0.0742188
1.01529 0.078125

1.01529 0.078125
1.01521 0.0820312

1.01521 0.0820312
1.01513 0.0859375

1.01513 0.0859375
1.01504 0.0898438

1.01504 0.0898438
1.01496 0.09375

1.01496 0.09375
1.01486 0.0976562

1.01486 0.0976562
1.01477 0.101562

1.01477 0.101562
1.01467 0.105469

1.01467 0.105469
1.01457 0.109375

1.01457 0.109375
1.01447 0.113281

1.01447 0.113281
1.01436 0.117188

1.01436 0.117188
1.01425 0.121094

1.01425 0.121094
1.01414 0.125

1.01414 0.125
1.01402 0.128906

1.01402 0.128906
1.0139 0.132812

1.0139 0.132812
1.01377 0.136719

1.01377 0.136719
1.01364 0.140625

1.01364 0.140625
1.0135 0.144531

1.0135 0.144531
1.01336 0.148438

1.01336 0.148438
1.01321 0.152344

1.01321 0.152344
1.01305 0.15625

1.01305 0.15625
1.01288 0.160156

1.01288 0.160156
1.0127 0.164062

1.0127 0.164062
1.01251 0.167969

1.01251 0.167969
1.01231 0.171875

1.01231 0.171875
1.01209 0.175781

1.01209 0.175781
1.01186 0.179688

1.01172 0.181858
1.01186 0.179688

1.01172 0.330294
1.01562 0.330044

1.01612 0
1.01611 0.00390625

1.01611 0.00390625
1.01611 0.0078125

1.01611 0.0078125
1.0161 0.0117188

1.0161 0.0117188
1.01608 0.015625

1.01608 0.015625
1.01606 0.0195312

1.01606 0.0195312
1.01604 0.0234375

1.01604 0.0234375
1.01601 0.0273438

1.01601 0.0273438
1.01598 0.03125

1.01598 0.03125
1.01594 0.0351562

1.01594 0.0351562
1.0159 0.0390625

1.0159 0.0390625
1.01586 0.0429688

1.01586 0.0429688
1.01581 0.046875

1.01581 0.046875
1.01575 0.0507812

1.01575 0.0507812
1.0157 0.0546875

1.0157 0.0546875
1.01564 0.0585938

1.01562 0.0594865
1.01564 0.0585938

1.01562 0.330044
1.01953 0.329752

1.01953 0.329752
1.02344 0.329419

1.02344 0.329419
1.02734 0.329044

1.02734 0.329044
1.03125 0.328628

1.03125 0.328628
1.03516 0.328172

1.03906 0.327675
1.03553 0.328125

1.03516 0.328178
1.03557 0.328125

1.03906 0.327675
1.04297 0.327134

1.04297 0.327134
1.04688 0.326551

1.04688 0.32655
1.05078 0.325927

1.05078 0.325927
1.05469 0.325266

1.05469 0.325266
1.05859 0.324567

1.0625 0.323828
1.06044 0.324219

1.05859 0.324571
1.06045 0.324219

1.0625 0.323829
1.06641 0.323047

1.06641 0.323047
1.07031 0.322224

1.07031 0.322223
1.07422 0.321363

1.07422 0.321363
1.07812 0.320467

1.08203 0.319531
1.07878 0.320312

1.07812 0.320473
1.07879 0.320312

1.08203 0.319529
1.08594 0.318547

1.08594 0.318546
1.08984 0.317528

1.08984 0.317529
1.09375 0.316474

1.09766 0.315378
1.094 0.316406

1.09375 0.31648
1.09401 0.316406

1.09766 0.315374
1.10156 0.314233

1.10156 0.314232
1.10547 0.313057

1.10938 0.311842
1.10727 0.3125

1.10547 0.313061
1.10727 0.3125

1.10938 0.311839
1.11328 0.310575

1.11328 0.310573
1.11719 0.309273

1.12109 0.307935
1.11918 0.308594

1.11719 0.309278
1.11918 0.308594

1.12109 0.307931
1.125 0.306539

1.125 0.306538
1.12891 0.305111

1.13281 0.303644
1.13005 0.304688

1.12891 0.305119
1.13005 0.304688

1.13281 0.303637
1.13672 0.302117

1.14062 0.300564
1.14008 0.300781

1.13672 0.30212
1.14007 0.300781

1.14062 0.30056
1.14453 0.298948

1.14453 0.298944
1.14844 0.29729

1.15234 0.295595
1.14941 0.296875

1.14844 0.2973
1.14941 0.296875

1.15234 0.295586
1.15625 0.293835

1.16016 0.292047
1.15816 0.292969

1.15625 0.293842
1.15815 0.292969

1.16016 0.292036
1.16406 0.290185

1.16797 0.288297
1.1664 0.289062

1.16406 0.290191
1.16638 0.289062

1.16797 0.288284
1.17188 0.28633

1.17578 0.284336
1.17419 0.285156

1.17188 0.286336
1.17417 0.285156

1.17578 0.284321
1.17969 0.282259

1.18359 0.280155
1.18158 0.28125

1.17969 0.282265
1.18156 0.28125

1.18359 0.28014
1.1875 0.277962

1.19141 0.275739
1.1886 0.277344

1.1875 0.277969
1.18859 0.277344

1.19141 0.275733
1.1953 0.273438

1.19531 0.273432
1.19922 0.271075

1.20312 0.268667
1.20173 0.269531

1.19922 0.271076
1.20171 0.269531

1.20312 0.268648
1.20703 0.266155

1.21094 0.263605
1.20785 0.265625

1.20703 0.266154
1.20786 0.265625

1.21484 0.260993
1.21376 0.261719

1.21094 0.263601
1.21373 0.261719

1.21484 0.260969
1.21875 0.258263

1.22266 0.255489
1.21939 0.257812

1.21875 0.258261
1.2194 0.257812

1.22656 0.252646
1.22483 0.253906

1.22266 0.255482
1.22481 0.253906

1.23047 0.249719
1.2301 0.25

1.22656 0.252629
1.23005 0.25

1.23047 0.249688
1.23438 0.246662

1.23828 0.243553
1.23509 0.246094

1.23438 0.246657
1.23509 0.246094

1.24219 0.24036
1.23994 0.242188

1.23828 0.243531
1.23995 0.242188

1.24609 0.237066
1.24465 0.238281

1.24219 0.240326
1.24463 0.238281

1.25 0.233666
1.24919 0.234375

1.24609 0.237038
1.24916 0.234375

1.25391 0.230163
1.25357 0.230469

1.25 0.23364
1.25353 0.230469

1.25781 0.226548
1.2578 0.226562

1.25391 0.230136
1.25776 0.226562

1.25781 0.226518
1.26172 0.222783

1.26562 0.218928
1.26185 0.222656

1.26172 0.222778
1.26184 0.222656

1.26953 0.214941
1.2658 0.21875

1.26562 0.218921
1.2658 0.21875

1.27344 0.21084
1.27335 0.210938

1.27333 0.210938
1.26963 0.214844

1.26953 0.214935
1.26962 0.214844

1.27734 0.206562
1.27692 0.207031

1.27344 0.210815
1.27691 0.207031

1.28125 0.20213
1.28039 0.203125

1.27734 0.206542
1.28038 0.203125

1.28516 0.197525
1.28375 0.199219

1.28125 0.202116
1.28373 0.199219

1.28906 0.19276
1.287 0.195312

1.28516 0.197532
1.28698 0.195312

1.29297 0.187808
1.29015 0.191406

1.28906 0.19276
1.29013 0.191406

1.29688 0.182642
1.29618 0.183594

1.29617 0.183594
1.29321 0.1875

1.29297 0.187802
1.2932 0.1875

1.30078 0.177242
1.29904 0.179688

1.29688 0.182622
1.29903 0.179688

1.30469 0.171628
1.30452 0.171875

1.30451 0.171875
1.30182 0.175781

1.30078 0.177234
1.3018 0.175781

1.30859 0.165684
1.30712 0.167969

1.30469 0.171598
1.30711 0.167969

1.3125 0.159479
1.31209 0.160156

1.31208 0.160156
1.30964 0.164062

1.30859 0.165666
1.30963 0.164062

1.31641 0.1529
1.31444 0.15625

1.3125 0.159452
1.31444 0.15625

1.32031 0.145942
1.31895 0.148438

1.31894 0.148438
1.31673 0.152344

1.31641 0.152894
1.31673 0.152344

1.32422 0.138537
1.32315 0.140625

1.32314 0.140625
1.32108 0.144531

1.32031 0.145925
1.32108 0.144531

1.32812 0.130608
1.32708 0.132812

1.32707 0.132812
1.32514 0.136719

1.32422 0.138518
1.32514 0.136719

1.33203 0.122045
1.33072 0.125

1.33072 0.125
1.32893 0.128906

1.32812 0.130591
1.32893 0.128906

1.33594 0.112731
1.33572 0.113281

1.33571 0.113281
1.33411 0.117188

1.33411 0.117188
1.33245 0.121094

1.33203 0.122036
1.33245 0.121094

1.33984 0.102389
1.33873 0.105469

1.33872 0.105469
1.33725 0.109375

1.33594 0.112707
1.33725 0.109375

1.34375 0.0907431
1.3428 0.09375

1.34279 0.09375
1.34149 0.0976562

1.3415 0.0976562
1.34014 0.101562

1.33984 0.102379
1.34014 0.101562

1.34766 0.0771839
1.34741 0.078125

1.34741 0.078125
1.34634 0.0820312

1.34634 0.0820312
1.34521 0.0859375

1.34521 0.0859375
1.34403 0.0898438

1.34375 0.0907325
1.34403 0.0898438

1.35156 0.0603946
1.35113 0.0625

1.35113 0.0625
1.35028 0.0664062

1.35028 0.0664062
1.34938 0.0703125

1.34938 0.0703125
1.34842 0.0742188

1.34766 0.0771659
1.34842 0.0742188

1.35547 0.0362105
1.35512 0.0390625

1.35512 0.0390625
1.35458 0.0429688

1.35458 0.0429688
1.354 0.046875

1.354 0.046875
1.35336 0.0507812

1.35336 0.0507812
1.35267 0.0546875

1.35267 0.0546875
1.35193 0.0585938

1.35156 0.0603833
1.35193 0.0585938

1.35764 0
1.35762 0.00390625

1.35762 0.00390625
1.35754 0.0078125

1.35754 0.0078125
1.35742 0.0117188

1.35742 0.0117188
1.35724 0.015625

1.35724 0.015625
1.35701 0.0195312

1.35701 0.0195312
1.35674 0.0234375

1.35673 0.0234375
1.35641 0.0273438

1.35641 0.0273438
1.35603 0.03125

1.35603 0.03125
1.3556 0.0351562

1.35547 0.036199
1.3556 0.0351562

