0.914003 0
0.914015 0.0078125

0.914015 0.0078125
0.914052 0.015625

0.914052 0.015625
0.914062 0.0169556

0.914062 0.0169544
0.914114 0.0234375

0.914114 0.0234375
0.914201 0.03125

0.914201 0.03125
0.914314 0.0390625

0.914314 0.0390625
0.914454 0.046875

0.914453 0.046875
0.914621 0.0546875

0.91462 0.0546875
0.914816 0.0625

0.914816 0.0625
0.915042 0.0703125

0.915041 0.0703125
0.915298 0.078125

0.915298 0.078125
0.915587 0.0859375

0.915587 0.0859375
0.915911 0.09375

0.91591 0.09375
0.916271 0.101562

0.916271 0.101562
0.91667 0.109375

0.91667 0.109375
0.917111 0.117188

0.917111 0.117188
0.917597 0.125

0.917596 0.125
0.91813 0.132812

0.918129 0.132812
0.918714 0.140625

0.918713 0.140625
0.919355 0.148438

0.919353 0.148438
0.920055 0.15625

0.920054 0.15625
0.920819 0.164062

0.920818 0.164062
0.921653 0.171875

0.921649 0.171875
0.921875 0.173812

0.921875 0.173796
0.922563 0.179688

0.92256 0.179688
0.923558 0.1875

0.923556 0.1875
0.924647 0.195312

0.924645 0.195312
0.925838 0.203125

0.925836 0.203125
0.927139 0.210938

0.927136 0.210938
0.928557 0.21875

0.928548 0.21875
0.929688 0.224455

0.929688 0.22444
0.930111 0.226562

0.930106 0.226562
0.931829 0.234375

0.931827 0.234375
0.933723 0.242188

0.933719 0.242188
0.935798 0.25

0.935774 0.25
0.9375 0.255839

0.9375 0.255806
0.938093 0.257812

0.938087 0.257812
0.940668 0.265625

0.940663 0.265625
0.943523 0.273438

0.943467 0.273438
0.945312 0.277905

0.945312 0.277806
0.946735 0.28125

0.946722 0.28125
0.95037 0.289062

0.950289 0.289062
0.953125 0.294368

0.953125 0.294271
0.954517 0.296875

0.954468 0.296875
0.959326 0.304688

0.959193 0.304688
0.960938 0.307217

0.960938 0.306957
0.965035 0.3125

0.964952 0.3125
0.96875 0.316943

0.96875 0.316738
0.972142 0.320312

0.971943 0.320312
0.976562 0.324593

0.976562 0.324536
0.981291 0.328125

0.980836 0.328125
0.984375 0.330636

0.984375 0.330381
0.992188 0.334944

0.992188 0.33501
0.99434 0.335938

0.994209 0.335938
1 0.338434

1 0.338266
1.00781 0.340531

1.00781 0.340531
1.01562 0.342

1.01562 0.341997
1.02344 0.342675

1.02344 0.342665
1.03125 0.342579

1.03125 0.342558
1.03906 0.341769

1.03906 0.341748
1.04688 0.340339

1.04688 0.340326
1.05469 0.338366

1.0625 0.335915
1.06243 0.335938

1.05469 0.338351
1.06236 0.335938

1.0625 0.335915
1.07031 0.332941

1.07031 0.332883
1.07812 0.329467

1.08594 0.325684
1.08098 0.328125

1.07812 0.329497
1.08091 0.328125

1.08594 0.325603
1.09375 0.321358

1.10156 0.316814
1.09562 0.320312

1.09375 0.321376
1.09556 0.320312

1.10938 0.311848
1.10835 0.3125

1.10156 0.316771
1.10822 0.3125

1.10938 0.311749
1.11719 0.306416

1.125 0.300798
1.11963 0.304688

1.11719 0.306378
1.11959 0.304688

1.13281 0.294841
1.13016 0.296875

1.125 0.30073
1.13001 0.296875

1.14062 0.288487
1.13993 0.289062

1.13281 0.294743
1.13979 0.289062

1.14062 0.288391
1.14844 0.281692

1.15625 0.274652
1.14893 0.28125

1.14844 0.281672
1.14892 0.28125

1.16406 0.26725
1.15754 0.273438

1.15625 0.274612
1.15751 0.273438

1.17188 0.259436
1.16571 0.265625

1.16406 0.2672
1.16567 0.265625

1.17969 0.251219
1.17347 0.257812

1.17188 0.259407
1.17343 0.257812

1.1875 0.242579
1.18083 0.25

1.17969 0.251198
1.1808 0.25

1.19531 0.233513
1.1946 0.234375

1.19453 0.234375
1.18784 0.242188

1.1875 0.242549
1.18782 0.242188

1.20312 0.223757
1.20096 0.226562

1.19531 0.2334
1.2009 0.226562

1.21094 0.213449
1.207 0.21875

1.20312 0.223687
1.20696 0.21875

1.21875 0.202532
1.21835 0.203125

1.2183 0.203125
1.21279 0.210938

1.21094 0.213432
1.21273 0.210938

1.22656 0.190635
1.22357 0.195312

1.21875 0.202432
1.22354 0.195312

1.23438 0.177872
1.23333 0.179688

1.23329 0.179688
1.22855 0.1875

1.22656 0.190575
1.22853 0.1875

1.24219 0.163898
1.2421 0.164062

1.24207 0.164062
1.2378 0.171875

1.23438 0.177783
1.23778 0.171875

1.25 0.14831
1.24994 0.148438

1.24992 0.148438
1.2461 0.15625

1.24219 0.163805
1.24609 0.15625

1.25781 0.13053
1.25689 0.132812

1.25688 0.132812
1.2535 0.140625

1.25 0.148226
1.25349 0.140625

1.26562 0.109686
1.26299 0.117188

1.26298 0.117188
1.26002 0.125

1.25781 0.130469
1.26002 0.125

1.27344 0.0832784
1.27277 0.0859375

1.27277 0.0859375
1.27062 0.09375

1.27061 0.09375
1.26827 0.101562

1.26826 0.101562
1.26573 0.109375

1.26562 0.109677
1.26573 0.109375

1.28125 0.0420137
1.28062 0.046875

1.28062 0.046875
1.27942 0.0546875

1.27942 0.0546875
1.27804 0.0625

1.27804 0.0625
1.27647 0.0703125

1.27647 0.0703125
1.27471 0.078125

1.27344 0.0832398
1.27471 0.078125

1.28391 0
1.28382 0.0078125

1.28382 0.0078125
1.28354 0.015625

1.28354 0.015625
1.28309 0.0234375

1.28309 0.0234375
1.28245 0.03125

1.28245 0.03125
1.28163 0.0390625

1.28125 0.0419952
1.28163 0.0390625

