0.915019 0
0.915022 0.00390625

0.915022 0.00390625
0.915031 0.0078125

0.915031 0.0078125
0.915047 0.0117188

0.915047 0.0117188
0.915068 0.015625

0.915068 0.015625
0.915096 0.0195312

0.915096 0.0195312
0.91513 0.0234375

0.91513 0.0234375
0.915171 0.0273438

0.915171 0.0273438
0.915218 0.03125

0.915218 0.03125
0.915271 0.0351562

0.915271 0.0351562
0.915332 0.0390625

0.915331 0.0390625
0.915398 0.0429688

0.915398 0.0429688
0.915472 0.046875

0.915472 0.046875
0.915552 0.0507812

0.915552 0.0507812
0.91564 0.0546875

0.91564 0.0546875
0.915734 0.0585938

0.915734 0.0585938
0.915836 0.0625

0.915836 0.0625
0.915946 0.0664062

0.915946 0.0664062
0.916063 0.0703125

0.916063 0.0703125
0.916188 0.0742188

0.916188 0.0742188
0.916321 0.078125

0.916321 0.078125
0.916462 0.0820312

0.916462 0.0820312
0.916612 0.0859375

0.916612 0.0859375
0.916771 0.0898438

0.91677 0.0898438
0.916938 0.09375

0.916938 0.09375
0.917115 0.0976562

0.917115 0.0976562
0.917301 0.101562

0.917301 0.101562
0.917498 0.105469

0.917497 0.105469
0.917704 0.109375

0.917704 0.109375
0.917921 0.113281

0.917921 0.113281
0.917969 0.1141

0.917969 0.114099
0.918149 0.117188

0.918149 0.117188
0.918388 0.121094

0.918388 0.121094
0.918639 0.125

0.918639 0.125
0.918902 0.128906

0.918902 0.128906
0.919178 0.132812

0.919178 0.132812
0.919466 0.136719

0.919466 0.136719
0.919769 0.140625

0.919768 0.140625
0.920085 0.144531

0.920085 0.144531
0.920416 0.148438

0.920416 0.148438
0.920762 0.152344

0.920762 0.152344
0.921124 0.15625

0.921123 0.15625
0.921502 0.160156

0.921501 0.160156
0.921875 0.163846

0.921875 0.163844
0.921897 0.164062

0.921897 0.164062
0.92231 0.167969

0.92231 0.167969
0.922742 0.171875

0.922742 0.171875
0.923194 0.175781

0.923194 0.175781
0.923666 0.179688

0.923666 0.179688
0.924159 0.183594

0.924159 0.183594
0.924674 0.1875

0.924674 0.1875
0.925213 0.191406

0.925212 0.191406
0.925775 0.195312

0.925774 0.195312
0.925781 0.195364

0.925781 0.195357
0.926363 0.199219

0.926363 0.199219
0.92698 0.203125

0.926979 0.203125
0.927624 0.207031

0.927624 0.207031
0.928297 0.210938

0.928297 0.210938
0.929001 0.214844

0.929 0.214844
0.929688 0.218486

0.929688 0.218483
0.929738 0.21875

0.929737 0.21875
0.93051 0.222656

0.93051 0.222656
0.93132 0.226562

0.93132 0.226562
0.932168 0.230469

0.932167 0.230469
0.933055 0.234375

0.933053 0.234375
0.933594 0.236641

0.933594 0.236633
0.933987 0.238281

0.933986 0.238281
0.934967 0.242188

0.934967 0.242188
0.935996 0.246094

0.935995 0.246094
0.937074 0.25

0.937069 0.25
0.9375 0.25148

0.9375 0.251464
0.938212 0.253906

0.938211 0.253906
0.939411 0.257812

0.93941 0.257812
0.940671 0.261719

0.940663 0.261719
0.941406 0.263895

0.941406 0.263878
0.942002 0.265625

0.942001 0.265625
0.943411 0.269531

0.943409 0.269531
0.944897 0.273438

0.944883 0.273438
0.945312 0.2745

0.945312 0.274465
0.946477 0.277344

0.946475 0.277344
0.948151 0.28125

0.948138 0.28125
0.949219 0.283616

0.949219 0.28359
0.949934 0.285156

0.949932 0.285156
0.951835 0.289062

0.951817 0.289062
0.953125 0.291573

0.953125 0.291544
0.953867 0.292969

0.953861 0.292969
0.956044 0.296875

0.956015 0.296875
0.957031 0.298566

0.957031 0.298517
0.958392 0.300781

0.958377 0.300781
0.960919 0.304688

0.960858 0.304688
0.960938 0.304805

0.960938 0.304724
0.963669 0.308594

0.963654 0.308594
0.964844 0.310194

0.964844 0.310115
0.966689 0.3125

0.966679 0.3125
0.96875 0.314977

0.96875 0.314935
0.970028 0.316406

0.970016 0.316406
0.972656 0.319245

0.972656 0.319209
0.973751 0.320312

0.973713 0.320312
0.976562 0.323001

0.976562 0.322974
0.977982 0.324219

0.977912 0.324219
0.980469 0.326366

0.980469 0.32635
0.982827 0.328125

0.982688 0.328125
0.984375 0.329347

0.984375 0.329289
0.988281 0.331865

0.988281 0.331871
0.988559 0.332031

0.988548 0.332031
0.992188 0.334135

0.992188 0.334113
0.995834 0.335938

0.995739 0.335938
0.996094 0.336115

0.996094 0.33608
1 0.33775

1 0.337726
1.00391 0.339143

1.00391 0.339151
1.0062 0.339844

1.00614 0.339844
1.00781 0.340347

1.00781 0.340327
1.01172 0.341256

1.01172 0.341248
1.01562 0.341964

1.01562 0.341964
1.01953 0.342483

1.01953 0.342481
1.02344 0.342808

1.02344 0.342807
1.02734 0.342948

1.02734 0.342947
1.03125 0.342909

1.03125 0.342907
1.03516 0.342695

1.03516 0.342692
1.03906 0.342315

1.03906 0.342313
1.04297 0.341781

1.04297 0.341779
1.04688 0.341101

1.04688 0.341099
1.05078 0.340279

1.05469 0.339317
1.05255 0.339844

1.05078 0.340282
1.05256 0.339844

1.05469 0.339316
1.05859 0.338212

1.05859 0.338207
1.0625 0.336976

1.06641 0.33563
1.06552 0.335938

1.0625 0.336976
1.0655 0.335938

1.06641 0.335627
1.07031 0.334151

1.07031 0.334143
1.07422 0.332555

1.07812 0.330862
1.07545 0.332031

1.07422 0.332562
1.07544 0.332031

1.07812 0.330847
1.08203 0.329032

1.08594 0.327129
1.08391 0.328125

1.08203 0.329039
1.08389 0.328125

1.08594 0.327108
1.08984 0.325085

1.09375 0.32298
1.09147 0.324219

1.08984 0.325092
1.09145 0.324219

1.09375 0.322957
1.09766 0.320732

1.10156 0.318431
1.09839 0.320312

1.09766 0.320738
1.09838 0.320312

1.10547 0.316026
1.10485 0.316406

1.10156 0.318424
1.10482 0.316406

1.10547 0.315996
1.10938 0.313493

1.11328 0.310921
1.1109 0.3125

1.10938 0.313493
1.11088 0.3125

1.11719 0.308245
1.11668 0.308594

1.11328 0.310908
1.11663 0.308594

1.11719 0.308209
1.12109 0.305431

1.125 0.302585
1.12212 0.304688

1.12109 0.30542
1.12212 0.304688

1.12891 0.299664
1.1274 0.300781

1.125 0.302571
1.12738 0.300781

1.13281 0.296622
1.13249 0.296875

1.12891 0.299633
1.13245 0.296875

1.13281 0.296591
1.13672 0.293464

1.14062 0.290257
1.13733 0.292969

1.13672 0.293457
1.13732 0.292969

1.14453 0.286971
1.14204 0.289062

1.14062 0.290236
1.14204 0.289062

1.14844 0.283593
1.14662 0.285156

1.14453 0.286928
1.14661 0.285156

1.15234 0.280116
1.15107 0.28125

1.14844 0.283547
1.15105 0.28125

1.15625 0.276549
1.15539 0.277344

1.15234 0.280081
1.15536 0.277344

1.16016 0.272888
1.15958 0.273438

1.15625 0.276518
1.15955 0.273438

1.16406 0.269132
1.16365 0.269531

1.16016 0.272859
1.16362 0.269531

1.16797 0.265277
1.16762 0.265625

1.16406 0.269102
1.16759 0.265625

1.17188 0.26132
1.17149 0.261719

1.16797 0.265252
1.17146 0.261719

1.17578 0.257257
1.17525 0.257812

1.17188 0.261295
1.17523 0.257812

1.17969 0.253084
1.17893 0.253906

1.17578 0.257235
1.17891 0.253906

1.18359 0.248797
1.18251 0.25

1.17969 0.253069
1.18249 0.25

1.1875 0.244391
1.18601 0.246094

1.18359 0.248796
1.18599 0.246094

1.19141 0.239863
1.18944 0.242188

1.1875 0.244402
1.1894 0.242188

1.19531 0.235232
1.19277 0.238281

1.19141 0.239876
1.19275 0.238281

1.19921 0.230469
1.19603 0.234375

1.19531 0.235229
1.19602 0.234375

1.20312 0.225531
1.20233 0.226562

1.19922 0.230456
1.20231 0.226562

1.20703 0.220445
1.20536 0.222656

1.20312 0.225513
1.20534 0.222656

1.21094 0.215208
1.20831 0.21875

1.20703 0.220446
1.2083 0.21875

1.21484 0.209791
1.21405 0.210938

1.21403 0.210938
1.21121 0.214844

1.21094 0.215206
1.2112 0.214844

1.21875 0.204185
1.21679 0.207031

1.21484 0.209778
1.21678 0.207031

1.22266 0.198387
1.22212 0.199219

1.2221 0.199219
1.21948 0.203125

1.21875 0.204186
1.21947 0.203125

1.22656 0.192346
1.22467 0.195312

1.22266 0.198368
1.22466 0.195312

1.23047 0.18608
1.22961 0.1875

1.2296 0.1875
1.22716 0.191406

1.22656 0.192342
1.22715 0.191406

1.23438 0.179552
1.2343 0.179688

1.23428 0.179688
1.23197 0.183594

1.23047 0.186059
1.23197 0.183594

1.23828 0.172684
1.23654 0.175781

1.23438 0.179528
1.23654 0.175781

1.24219 0.165502
1.24087 0.167969

1.24087 0.167969
1.23873 0.171875

1.23828 0.172676
1.23873 0.171875

1.24609 0.157937
1.24498 0.160156

1.24497 0.160156
1.24295 0.164062

1.24219 0.16549
1.24295 0.164062

1.25 0.149929
1.24885 0.152344

1.24885 0.152344
1.24694 0.15625

1.24609 0.157924
1.24694 0.15625

1.25391 0.141407
1.25251 0.144531

1.25251 0.144531
1.2507 0.148438

1.25 0.149918
1.2507 0.148438

1.25781 0.132277
1.25759 0.132812

1.25759 0.132812
1.25595 0.136719

1.25595 0.136719
1.25425 0.140625

1.25391 0.1414
1.25425 0.140625

1.26172 0.122366
1.26072 0.125

1.26072 0.125
1.25918 0.128906

1.25781 0.13226
1.25918 0.128906

1.26562 0.11151
1.26502 0.113281

1.26502 0.113281
1.26363 0.117188

1.26363 0.117188
1.2622 0.121094

1.26172 0.122358
1.2622 0.121094

1.26953 0.0993805
1.26887 0.101562

1.26887 0.101562
1.26763 0.105469

1.26763 0.105469
1.26635 0.109375

1.26562 0.111499
1.26635 0.109375

1.27344 0.0854565
1.27332 0.0859375

1.27331 0.0859375
1.27228 0.0898438

1.27228 0.0898438
1.27119 0.09375

1.27119 0.09375
1.27005 0.0976562

1.26953 0.0993722
1.27005 0.0976562

1.27734 0.0685898
1.27699 0.0703125

1.27699 0.0703125
1.27614 0.0742188

1.27614 0.0742188
1.27525 0.078125

1.27525 0.078125
1.2743 0.0820312

1.27344 0.0854452
1.2743 0.0820312

1.28125 0.0457248
1.2811 0.046875

1.2811 0.046875
1.28053 0.0507812

1.28053 0.0507812
1.27991 0.0546875

1.27991 0.0546875
1.27925 0.0585938

1.27925 0.0585938
1.27854 0.0625

1.27854 0.0625
1.27779 0.0664062

1.27734 0.0685831
1.27779 0.0664062

1.28436 0
1.28433 0.00390625

1.28433 0.00390625
1.28427 0.0078125

1.28427 0.0078125
1.28415 0.0117188

1.28415 0.0117188
1.28399 0.015625

1.28399 0.015625
1.28379 0.0195312

1.28379 0.0195312
1.28354 0.0234375

1.28354 0.0234375
1.28325 0.0273438

1.28325 0.0273438
1.28291 0.03125

1.28291 0.03125
1.28252 0.0351562

1.28252 0.0351562
1.28209 0.0390625

1.28209 0.0390625
1.28162 0.0429688

1.28125 0.0457196
1.28162 0.0429688

rising_k_provider_stats evaluations=1218530 clamp_hits=0
