0 0.00997592
0.0338878 0.00996983
0.0677756 0.00995271
0.101663 0.00992493
0.135551 0.00988695
0.169439 0.00983897
0.203327 0.00978079
0.237215 0.00971298
0.271102 0.00963575
0.30499 0.00954926
0.338878 0.0094537
0.372766 0.00934925
0.406653 0.00923609
0.440541 0.00911435
0.474429 0.00898427
0.508317 0.00884597
0.542205 0.00869961
0.576092 0.00854541
0.60998 0.00838356
0.643868 0.00821428
0.677756 0.00803782
0.711644 0.00785443
0.745531 0.00766437
0.779419 0.00746793
0.813307 0.00726537
0.847195 0.00705698
0.881082 0.00684302
0.91497 0.00662375
0.948858 0.00639944
0.982746 0.00617036
1.01663 0.00593675
1.05052 0.00569889
1.08441 0.00545702
1.1183 0.00521142
1.15218 0.00496234
1.18607 0.00471005
1.21996 0.00445478
1.25385 0.00419683
1.28774 0.00393645
1.32162 0.00367392
1.35551 0.0034095
1.3894 0.00314347
1.42329 0.0028761
1.45717 0.00260766
1.49106 0.00233841
1.52495 0.00206874
1.55884 0.00179881
1.59273 0.00152891
1.62661 0.00125928
1.6605 0.000990207
1.69439 0.000721926
1.72828 0.000454706
1.76216 0.000188787
1.79605 7.54159e-05
1.82994 0.000337905
1.86383 0.000598284
1.89772 0.000856316
1.9316 0.00111179
1.96549 0.00136447
1.99938 0.00161415
2.03327 0.00186062
2.06716 0.00210367
2.10104 0.00234315
2.13493 0.00257878
2.16882 0.00281045
2.20271 0.0030379
2.23659 0.00326097
2.27048 0.00347947
2.30437 0.00369323
2.33826 0.00390209
2.37215 0.00410589
2.40603 0.00430448
2.43992 0.0044977
2.47381 0.00468541
2.5077 0.00486745
2.54158 0.0050437
2.57547 0.00521401
2.60936 0.00537825
2.64325 0.00553631
2.67714 0.00568806
2.71102 0.0058334
2.74491 0.00597223
2.7788 0.00610444
2.81269 0.00622996
2.84657 0.00634871
2.88046 0.00646062
2.91435 0.00656563
2.94824 0.00666367
2.98213 0.00675472
3.01601 0.00683872
3.0499 0.00691565
3.08379 0.00698549
3.11768 0.00704822
3.15156 0.00710384
3.18545 0.00715234
3.21934 0.00719372
3.25323 0.00722802
3.28712 0.00725524
3.321 0.00727541
3.35489 0.00728857
3.38878 0.00729475
3.42267 0.00729401
3.45655 0.00728639
3.49044 0.00727196
3.52433 0.00725077
3.55822 0.0072229
3.59211 0.00718843
3.62599 0.00714743
3.65988 0.00709998
3.69377 0.00704619
3.72766 0.00698615
3.76154 0.00691995
3.79543 0.0068477
3.82932 0.00676951
3.86321 0.00668549
3.8971 0.00659576
3.93098 0.00650044
3.96487 0.00639966
3.99876 0.00629355
4.03265 0.00618224
4.06653 0.00606586
4.10042 0.00594457
4.13431 0.0058185
4.1682 0.00568781
4.20209 0.00555264
4.23597 0.00541316
4.26986 0.00526952
4.30375 0.0051219
4.33764 0.00497045
4.37152 0.00481534
4.40541 0.00465675
4.4393 0.00449485
4.47319 0.00432982
4.50708 0.00416184
4.54096 0.00399108
4.57485 0.00381774
4.60874 0.003642
4.64263 0.00346404
4.67651 0.00328405
4.7104 0.00310222
4.74429 0.00291874
4.77818 0.0027338
4.81207 0.00254758
4.84595 0.00236028
4.87984 0.00217209
4.91373 0.00198319
4.94762 0.00179377
4.9815 0.00160403
5.01539 0.00141417
5.04928 0.00122437
5.08317 0.00103482
5.11706 0.000845656
5.15094 0.000657146
5.18483 0.000469406
5.21872 0.000282611
5.25261 9.69377e-05
5.28649 8.70344e-05
5.32038 0.000269929
5.35427 0.000451165
5.38816 0.000630589
5.42205 0.000808045
5.45593 0.000983388
5.48982 0.00115647
5.52371 0.00132715
5.5576 0.00149534
5.59149 0.00166083
5.62537 0.00182357
5.65926 0.00198337
5.69315 0.0021401
5.72704 0.00229365
5.76092 0.00244389
5.79481 0.00259072
5.8287 0.00273403
5.86259 0.00287371
5.89648 0.00300965
5.93036 0.00314175
5.96425 0.00326992
5.99814 0.00339406
6.03203 0.00351406
6.06591 0.00362985
6.0998 0.00374134
6.13369 0.00384845
6.16758 0.00395109
6.20147 0.0040492
6.23535 0.00414272
6.26924 0.00423157
6.30313 0.00431571
6.33702 0.00439509
6.3709 0.00446966
6.40479 0.00453938
6.43868 0.00460421
6.47257 0.00466414
6.50646 0.00471914
6.54034 0.00476918
6.57423 0.00481426
6.60812 0.00485438
6.64201 0.00488952
6.67589 0.0049197
6.70978 0.00494492
6.74367 0.00496519
6.77756 0.00498054
6.81145 0.00499099
6.84533 0.00499656
6.87922 0.00499729
6.91311 0.00499322
6.947 0.00498438
6.98088 0.00497082
7.01477 0.0049526
7.04866 0.00492975
7.08255 0.00490235
7.11644 0.00487046
7.15032 0.00483412
7.18421 0.00479343
7.2181 0.00474843
7.25199 0.00469922
7.28587 0.00464586
7.31976 0.00458843
7.35365 0.00452703
7.38754 0.00446172
7.42143 0.00439261
7.45531 0.00431978
7.4892 0.00424333
7.52309 0.00416335
7.55698 0.00407995
7.59086 0.00399321
7.62475 0.00390326
7.65864 0.00381019
7.69253 0.00371411
7.72642 0.00361515
7.7603 0.0035134
7.79419 0.00340898
7.82808 0.00330202
7.86197 0.00319263
7.89585 0.00308093
7.92974 0.00296705
7.96363 0.00285111
7.99752 0.00273324
8.03141 0.00261356
8.06529 0.0024922
8.09918 0.00236929
8.13307 0.00224496
8.16696 0.00211934
8.20084 0.00199256
8.23473 0.00186476
8.26862 0.00173605
8.30251 0.00160659
8.3364 0.00147649
8.37028 0.00134589
8.40417 0.00121492
8.43806 0.00108371
8.47195 0.000952378
8.50583 0.000821068
8.53972 0.000689898
8.57361 0.000558999
8.6075 0.000428492
8.64139 0.000298502
8.67527 0.000169149
8.70916 4.05555e-05
8.74305 8.68986e-05
8.77694 0.00021359
8.81082 0.000339151
8.84471 0.000463473
8.8786 0.000586447
8.91249 0.000707971
8.94638 0.000827938
8.98026 0.000946253
9.01415 0.00106281
9.04804 0.00117753
9.08193 0.0012903
9.11582 0.00140104
9.1497 0.00150966
9.18359 0.00161608
9.21748 0.00172021
9.25137 0.00182198
9.28525 0.0019213
9.31914 0.0020181
9.35303 0.00211231
9.38692 0.00220386
9.42081 0.00229267
9.45469 0.00237867
9.48858 0.00246182
9.52247 0.00254204
9.55636 0.00261927
9.59024 0.00269346
9.62413 0.00276456
9.65802 0.00283252
9.69191 0.00289729
9.7258 0.00295883
9.75968 0.00301711
9.79357 0.00307209
9.82746 0.00312374
9.86135 0.00317203
9.89523 0.00321694
9.92912 0.00325845
9.96301 0.00329654
9.9969 0.00333121
10.0308 0.00336245
10.0647 0.00339024
10.0986 0.00341458
10.1324 0.00343549
10.1663 0.00345296
10.2002 0.00346701
10.2341 0.00347764
10.268 0.00348487
10.3019 0.00348873
10.3358 0.00348922
10.3697 0.00348638
10.4036 0.00348024
10.4374 0.00347082
10.4713 0.00345816
10.5052 0.0034423
10.5391 0.00342327
10.573 0.00340112
10.6069 0.00337589
10.6408 0.00334762
10.6747 0.00331637
10.7085 0.00328219
10.7424 0.00324513
10.7763 0.00320524
10.8102 0.00316259
10.8441 0.00311723
10.878 0.00306923
10.9119 0.00301865
10.9458 0.00296555
10.9796 0.00291
11.0135 0.00285207
11.0474 0.00279184
11.0813 0.00272937
11.1152 0.00266475
11.1491 0.00259804
11.183 0.00252932
11.2169 0.00245868
11.2507 0.00238619
11.2846 0.00231193
11.3185 0.002236
11.3524 0.00215847
11.3863 0.00207943
11.4202 0.00199896
11.4541 0.00191716
11.488 0.00183411
11.5218 0.00174989
11.5557 0.00166461
11.5896 0.00157834
11.6235 0.00149118
11.6574 0.00140322
11.6913 0.00131455
11.7252 0.00122526
11.7591 0.00113544
11.793 0.00104518
11.8268 0.000954576
11.8607 0.000863712
11.8946 0.000772681
11.9285 0.000681569
11.9624 0.000590468
11.9963 0.000499462
12.0302 0.000408642
12.0641 0.000318091
12.0979 0.000227896
12.1318 0.00013814
12.1657 4.89076e-05
12.1996 3.95601e-05
12.2335 0.000127476
12.2674 0.000214614
12.3013 0.0003009
12.3352 0.000386258
12.369 0.000470634
12.4029 0.000553936
12.4368 0.000636095
12.4707 0.000717042
12.5046 0.00079671
12.5385 0.000875032
12.5724 0.000951948
12.6063 0.00102739
12.6401 0.00110131
12.674 0.00117364
12.7079 0.00124432
12.7418 0.00131331
12.7757 0.00138055
12.8096 0.00144598
12.8435 0.00150957
12.8774 0.00157125
12.9112 0.00163099
12.9451 0.00168874
12.979 0.00174446
13.0129 0.00179811
13.0468 0.00184964
13.0807 0.00189904
13.1146 0.00194625
13.1485 0.00199126
13.1823 0.00203403
13.2162 0.00207453
13.2501 0.00211275
13.284 0.00214866
13.3179 0.00218225
13.3518 0.0022135
13.3857 0.00224239
13.4196 0.00226891
13.4535 0.00229306
13.4873 0.00231483
13.5212 0.00233421
13.5551 0.00235121
13.589 0.00236583
13.6229 0.00237807
13.6568 0.00238793
13.6907 0.00239542
13.7246 0.00240056
13.7584 0.00240336
13.7923 0.00240383
13.8262 0.00240198
13.8601 0.00239785
13.894 0.00239144
13.9279 0.00238279
13.9618 0.00237191
13.9957 0.00235884
14.0295 0.0023436
14.0634 0.00232622
14.0973 0.00230674
14.1312 0.00228519
14.1651 0.0022616
14.199 0.00223602
14.2329 0.00220847
14.2668 0.00217901
14.3006 0.00214767
14.3345 0.00211449
14.3684 0.00207953
14.4023 0.00204282
14.4362 0.00200441
14.4701 0.00196436
14.504 0.0019227
14.5379 0.0018795
14.5717 0.00183481
14.6056 0.00178867
14.6395 0.00174114
14.6734 0.00169227
14.7073 0.00164213
14.7412 0.00159077
14.7751 0.00153825
14.809 0.00148462
14.8429 0.00142995
14.8767 0.00137429
14.9106 0.0013177
14.9445 0.00126026
14.9784 0.00120201
15.0123 0.00114302
15.0462 0.00108335
15.0801 0.00102306
15.114 0.00096222
15.1478 0.000900889
15.1817 0.00083913
15.2156 0.000777006
15.2495 0.000714578
15.2834 0.000651909
15.3173 0.000589062
15.3512 0.000526098
15.3851 0.000463079
15.4189 0.000400067
15.4528 0.00033712
15.4867 0.000274301
15.5206 0.000211668
15.5545 0.000149281
15.5884 8.71967e-05
15.6223 2.54738e-05
15.6562 3.56966e-05
15.69 9.6511e-05
15.7239 0.000156791
15.7578 0.000216485
15.7917 0.000275539
15.8256 0.000333902
15.8595 0.000391525
15.8934 0.000448358
15.9273 0.000504353
15.9611 0.000559463
15.995 0.00061365
16.0289 0.000666864
16.0628 0.000719059
16.0967 0.000770194
16.1306 0.00082023
16.1645 0.000869127
16.1984 0.000916846
16.2323 0.000963351
16.2661 0.00100861
16.3 0.00105258
16.3339 0.00109523
16.3678 0.00113654
16.4017 0.00117646
16.4356 0.00121498
16.4695 0.00125206
16.5034 0.00128768
16.5372 0.00132182
16.5711 0.00135444
16.605 0.00138554
16.6389 0.00141509
16.6728 0.00144307
16.7067 0.00146947
16.7406 0.00149428
16.7745 0.00151747
16.8083 0.00153904
16.8422 0.00155899
16.8761 0.0015773
16.91 0.00159396
16.9439 0.00160898
16.9778 0.00162235
17.0117 0.00163407
17.0456 0.00164414
17.0794 0.00165257
17.1133 0.00165935
17.1472 0.00166449
17.1811 0.001668
17.215 0.0016699
17.2489 0.00167018
17.2828 0.00166886
17.3167 0.00166596
17.3505 0.00166148
17.3844 0.00165545
17.4183 0.00164787
17.4522 0.00163878
17.4861 0.00162819
17.52 0.00161612
17.5539 0.00160259
17.5878 0.00158762
17.6216 0.00157125
17.6555 0.0015535
17.6894 0.00153439
17.7233 0.00151395
17.7572 0.00149221
17.7911 0.0014692
17.825 0.00144495
17.8589 0.00141949
17.8928 0.00139286
17.9266 0.0013651
17.9605 0.00133622
17.9944 0.00130627
18.0283 0.00127529
18.0622 0.00124332
18.0961 0.00121038
18.13 0.00117652
18.1639 0.00114178
18.1977 0.0011062
18.2316 0.00106981
18.2655 0.00103266
18.2994 0.000994787
18.3333 0.000956236
18.3672 0.000917046
18.4011 0.00087726
18.435 0.000836921
18.4688 0.000796071
18.5027 0.000754754
18.5366 0.000713011
18.5705 0.000670887
18.6044 0.000628425
18.6383 0.000585668
18.6722 0.000542659
18.7061 0.000499441
18.7399 0.000456059
18.7738 0.000412553
18.8077 0.000368969
18.8416 0.000325346
18.8755 0.00028173
18.9094 0.000238159
18.9433 0.000194678
18.9772 0.000151326
19.011 0.000108144
19.0449 6.51725e-05
19.0788 2.24515e-05
19.1127 1.98535e-05
19.1466 6.19493e-05
19.1805 0.000103676
19.2144 0.000144997
19.2483 0.000185876
19.2822 0.000226278
19.316 0.000266167
19.3499 0.000305509
19.3838 0.00034427
19.4177 0.00038242
19.4516 0.000419925
19.4855 0.000456755
19.5194 0.000492879
19.5533 0.000528272
19.5871 0.000562903
19.621 0.000596744
19.6549 0.000629769
19.6888 0.000661955
19.7227 0.000693275
19.7566 0.000723704
19.7905 0.00075322
19.8244 0.000781802
19.8582 0.000809427
19.8921 0.000836077
19.926 0.000861733
19.9599 0.000886376
19.9938 0.000909991
20.0277 0.000932561
20.0616 0.000954073
20.0955 0.000974513
20.1293 0.000993868
20.1632 0.00101213
20.1971 0.00102929
20.231 0.00104533
20.2649 0.00106025
20.2988 0.00107404
20.3327 0.00108671
20.3666 0.00109823
20.4004 0.00110862
20.4343 0.00111787
20.4682 0.00112597
20.5021 0.00113294
20.536 0.00113877
20.5699 0.00114345
20.6038 0.00114701
20.6377 0.00114944
20.6716 0.00115075
20.7054 0.00115094
20.7393 0.00115003
20.7732 0.00114802
20.8071 0.00114492
20.841 0.00114074
20.8749 0.0011355
20.9088 0.00112921
20.9427 0.00112188
20.9765 0.00111353
21.0104 0.00110416
21.0443 0.00109381
21.0782 0.00108248
21.1121 0.0010702
21.146 0.00105697
21.1799 0.00104283
21.2138 0.00102779
21.2476 0.00101187
21.2815 0.000995089
21.3154 0.000977478
21.3493 0.000959055
21.3832 0.000939844
21.4171 0.000919868
21.451 0.000899153
21.4849 0.000877723
21.5187 0.000855604
21.5526 0.000832822
21.5865 0.000809403
21.6204 0.000785375
21.6543 0.000760765
21.6882 0.0007356
21.7221 0.000709909
21.756 0.00068372
21.7898 0.000657062
21.8237 0.000629964
21.8576 0.000602455
21.8915 0.000574564
21.9254 0.000546321
21.9593 0.000517755
21.9932 0.000488897
22.0271 0.000459776
22.061 0.000430422
22.0948 0.000400865
22.1287 0.000371135
22.1626 0.000341262
22.1965 0.000311275
22.2304 0.000281205
22.2643 0.00025108
22.2982 0.00022093
22.3321 0.000190784
22.3659 0.000160672
22.3998 0.000130621
22.4337 0.000100661
22.4676 7.0819e-05
22.5015 4.11232e-05
22.5354 1.16012e-05
22.5693 1.75355e-05
22.6032 4.66254e-05
22.637 7.54603e-05
22.6709 0.000104015
22.7048 0.000132264
22.7387 0.000160183
22.7726 0.000187748
22.8065 0.000214935
22.8404 0.00024172
22.8743 0.000268081
22.9081 0.000293996
22.942 0.000319443
22.9759 0.000344402
23.0098 0.000368852
23.0437 0.000392774
23.0776 0.000416149
23.1115 0.000438959
23.1454 0.000461185
23.1792 0.000482812
23.2131 0.000503821
23.247 0.000524199
23.2809 0.000543928
23.3148 0.000562996
23.3487 0.000581389
23.3826 0.000599093
23.4165 0.000616097
23.4503 0.000632389
23.4842 0.000647959
23.5181 0.000662796
23.552 0.000676891
23.5859 0.000690237
23.6198 0.000702826
23.6537 0.00071465
23.6876 0.000725705
23.7215 0.000735985
23.7553 0.000745486
23.7892 0.000754204
23.8231 0.000762137
23.857 0.000769282
23.8909 0.000775639
23.9248 0.000781207
23.9587 0.000785986
23.9926 0.000789978
24.0264 0.000793185
24.0603 0.000795609
24.0942 0.000797253
24.1281 0.000798122
24.162 0.000798221
24.1959 0.000797554
24.2298 0.000796129
24.2637 0.000793952
24.2975 0.000791031
24.3314 0.000787373
24.3653 0.000782989
24.3992 0.000777887
24.4331 0.000772077
24.467 0.000765571
24.5009 0.000758378
24.5348 0.000750512
24.5686 0.000741985
24.6025 0.000732809
24.6364 0.000722998
24.6703 0.000712566
24.7042 0.000701528
24.7381 0.000689897
24.772 0.00067769
24.8059 0.000664923
24.8397 0.000651611
24.8736 0.000637771
24.9075 0.000623421
24.9414 0.000608577
24.9753 0.000593258
