0.601562 0.293779
0.599104 0.296875

0.599166 0.296875
0.598648 0.304688

0.599438 0.304688
0.601562 0.30774

0.601562 0.295645
0.609375 0.289393

0.601562 0.306582
0.607767 0.3125

0.608288 0.3125
0.609375 0.313187

0.617188 0.288128
0.614158 0.289062

0.609375 0.289939
0.612216 0.289062

0.609375 0.31302
0.617188 0.316677

0.617188 0.288201
0.625 0.287197

0.617188 0.316157
0.625 0.318867

0.625 0.287227
0.632812 0.286838

0.625 0.318944
0.629329 0.320312

0.628755 0.320312
0.632812 0.321595

0.632812 0.286835
0.640625 0.287006

0.632812 0.321361
0.640625 0.323541

0.640625 0.287212
0.648438 0.287536

0.640625 0.323575
0.648438 0.32568

0.648438 0.287472
0.65625 0.287666

0.648438 0.325793
0.65625 0.327529

0.65625 0.287615
0.664062 0.287907

0.65625 0.327448
0.66038 0.328125

0.660245 0.328125
0.664062 0.328751

0.664062 0.287923
0.671875 0.288384

0.664062 0.328666
0.671875 0.329779

0.671875 0.288404
0.679688 0.288962

0.671875 0.329847
0.679688 0.3308

0.679688 0.288975
0.680882 0.289062

0.680754 0.289062
0.6875 0.289556

0.679688 0.330812
0.6875 0.331443

0.6875 0.289557
0.695312 0.290096

0.6875 0.331387
0.695312 0.331784

0.695312 0.29008
0.703125 0.290612

0.695312 0.331781
0.703125 0.332062

0.703125 0.290611
0.710938 0.291172

0.703125 0.332069
0.710938 0.332225

0.710938 0.291178
0.71875 0.29176

0.710938 0.332227
0.71875 0.332238

0.71875 0.291766
0.726562 0.292347

0.71875 0.33223
0.726562 0.332106

0.726562 0.29235
0.734375 0.292913

0.726562 0.332096
0.734375 0.331876

0.734375 0.292912
0.742188 0.293452

0.734375 0.331872
0.742188 0.331585

0.742188 0.293453
0.75 0.293971

0.742188 0.331586
0.75 0.331238

0.75 0.293985
0.757812 0.29445

0.75 0.33124
0.757812 0.330828

0.757812 0.294456
0.765625 0.294828

0.757812 0.330828
0.765625 0.330345

0.765625 0.294799
0.773438 0.295125

0.765625 0.330315
0.773438 0.329821

0.773438 0.295073
0.78125 0.295516

0.773438 0.329789
0.78125 0.329408

0.78125 0.295513
0.789062 0.296181

0.78125 0.32943
0.789062 0.329182

0.789062 0.296235
0.795379 0.296875

0.795354 0.296875
0.796875 0.297029

0.789062 0.329201
0.796875 0.329001

0.796875 0.297048
0.804688 0.297815

0.796875 0.32898
0.804688 0.328831

0.804688 0.297819
0.8125 0.298512

0.804688 0.328832
0.8125 0.328773

0.8125 0.298516
0.820312 0.299119

0.8125 0.328781
0.820312 0.328794

0.820312 0.299123
0.828125 0.299619

0.820312 0.328801
0.828125 0.328856

0.828125 0.299622
0.835938 0.299998

0.828125 0.328867
0.835938 0.328928

0.835938 0.300002
0.84375 0.300242

0.835938 0.328947
0.84375 0.328953

0.84375 0.300245
0.851562 0.300338

0.84375 0.328981
0.851562 0.328835

0.851562 0.300332
0.859375 0.300285

0.851562 0.328838
0.859375 0.328479

0.859375 0.300278
0.867188 0.300113

0.867188 0.327956
0.864574 0.328125

0.859375 0.328432
0.864106 0.328125

0.867188 0.300111
0.875 0.299847

0.867188 0.327948
0.875 0.327344

0.875 0.299841
0.882812 0.299496

0.875 0.327336
0.882812 0.326626

0.882812 0.299487
0.890625 0.299091

0.882812 0.326607
0.890625 0.325843

0.890625 0.299084
0.898438 0.298672

0.890625 0.325803
0.898438 0.325102

0.898438 0.298667
0.90625 0.298266

0.898438 0.325078
0.90625 0.324564

0.90625 0.298263
0.914062 0.297888

0.90625 0.324569
0.914062 0.32428

0.914062 0.297882
0.921875 0.29755

0.914062 0.324293
0.921875 0.324192

0.921875 0.29755
0.929688 0.297271

0.921875 0.324201
0.929688 0.324244

0.929688 0.297333
0.9375 0.296984

0.929688 0.324254
0.9375 0.324401

0.945312 0.296437
0.939043 0.296875

0.9375 0.296999
0.939278 0.296875

0.9375 0.324407
0.945312 0.324624

0.945312 0.2965
0.953125 0.295631

0.945312 0.324622
0.953125 0.324903

0.953125 0.295692
0.960938 0.294257

0.953125 0.324915
0.960938 0.32524

0.960938 0.294202
0.96875 0.29219

0.960938 0.325252
0.96875 0.325574

0.96875 0.292294
0.976562 0.289607

0.96875 0.325584
0.976562 0.325858

0.984375 0.285912
0.977948 0.289062

0.976562 0.289712
0.977903 0.289062

0.976562 0.325875
0.984375 0.326047

0.992188 0.280208
0.990829 0.28125

0.984375 0.286119
0.99122 0.28125

0.984375 0.326062
0.992188 0.326067

1 0.272416
0.999164 0.273438

0.992188 0.280542
0.99938 0.273438

0.992188 0.326028
1 0.325915

1.00781 0.260856
1.00502 0.265625

1 0.272422
1.00515 0.265625

1 0.325939
1.00781 0.325742

1.01562 0.243082
1.01309 0.25

1.01315 0.25
1.00954 0.257812

1.00781 0.26085
1.00958 0.257812

1.00781 0.325744
1.01562 0.325413

1.02344 0.203445
1.02258 0.210938

1.0226 0.210938
1.02145 0.21875

1.02146 0.21875
1.02 0.226562

1.02002 0.226562
1.01818 0.234375

1.0182 0.234375
1.01591 0.242188

1.01562 0.243065
1.01595 0.242188

1.01562 0.325417
1.02344 0.324941

1.02639 0
1.02639 0.0078125

1.02639 0.0078125
1.02638 0.015625

1.02638 0.015625
1.02637 0.0234375

1.02637 0.0234375
1.02635 0.03125

1.02635 0.03125
1.02633 0.0390625

1.02633 0.0390625
1.02631 0.046875

1.02631 0.046875
1.02628 0.0546875

1.02628 0.0546875
1.02626 0.0625

1.02626 0.0625
1.02623 0.0703125

1.02623 0.0703125
1.0262 0.078125

1.0262 0.078125
1.02618 0.0859375

1.02618 0.0859375
1.02615 0.09375

1.02615 0.09375
1.02612 0.101562

1.02612 0.101562
1.0261 0.109375

1.0261 0.109375
1.02607 0.117188

1.02607 0.117188
1.02603 0.125

1.02603 0.125
1.02599 0.132812

1.02599 0.132812
1.02593 0.140625

1.02593 0.140625
1.02585 0.148438

1.02585 0.148438
1.02574 0.15625

1.02574 0.15625
1.02558 0.164062

1.02559 0.164062
1.02537 0.171875

1.02537 0.171875
1.02508 0.179688

1.02509 0.179688
1.02468 0.1875

1.02469 0.1875
1.02415 0.195312

1.02416 0.195312
1.02346 0.203125

1.02344 0.203385
1.02347 0.203125

1.02344 0.324937
1.03125 0.324314

1.03125 0.324321
1.03906 0.323544

1.03906 0.323546
1.04688 0.322598

1.04688 0.322591
1.05469 0.321482

1.0625 0.320226
1.06196 0.320312

1.05469 0.321482
1.06195 0.320312

1.0625 0.320231
1.07031 0.318808

1.07031 0.318808
1.07812 0.317206

1.07812 0.3172
1.08594 0.315432

1.08594 0.315431
1.09375 0.313509

1.10156 0.311425
1.09755 0.3125

1.09375 0.313519
1.09755 0.3125

1.10156 0.311424
1.10938 0.309149

1.10938 0.309142
1.11719 0.306701

1.125 0.304107
1.12326 0.304688

1.11719 0.306709
1.12323 0.304688

1.125 0.304101
1.13281 0.301292

1.13281 0.301277
1.14062 0.2983

1.14844 0.295163
1.14422 0.296875

1.14062 0.29832
1.14418 0.296875

1.14844 0.29513
1.15625 0.291753

1.16406 0.288215
1.16221 0.289062

1.15625 0.29177
1.16217 0.289062

1.16406 0.288189
1.17188 0.284403

1.17969 0.28043
1.17809 0.28125

1.17188 0.284416
1.17804 0.28125

1.17969 0.280391
1.1875 0.276157

1.19531 0.271744
1.19236 0.273438

1.1875 0.276164
1.19225 0.273438

1.19531 0.271681
1.20312 0.266933

1.21094 0.261962
1.20522 0.265625

1.20312 0.266909
1.20515 0.265625

1.21875 0.256734
1.21714 0.257812

1.21094 0.261936
1.21701 0.257812

1.21875 0.256649
1.22656 0.251033

1.23438 0.245111
1.22794 0.25

1.22656 0.250991
1.2279 0.25

1.24219 0.238857
1.23803 0.242188

1.23438 0.245031
1.238 0.242188

1.25 0.232186
1.24747 0.234375

1.24219 0.238763
1.24736 0.234375

1.25781 0.225075
1.25622 0.226562

1.25 0.232083
1.25609 0.226562

1.26562 0.217486
1.26436 0.21875

1.25781 0.22496
1.26426 0.21875

1.27344 0.209356
1.27196 0.210938

1.26562 0.217406
1.27187 0.210938

1.28125 0.200605
1.27907 0.203125

1.27344 0.209258
1.279 0.203125

1.28906 0.191198
1.28577 0.195312

1.28125 0.200541
1.28568 0.195312

1.29688 0.181056
1.29202 0.1875

1.28906 0.191171
1.29193 0.1875

1.30469 0.17002
1.30346 0.171875

1.3034 0.171875
1.29788 0.179688

1.29688 0.180993
1.29783 0.179688

1.3125 0.157782
1.3086 0.164062

1.30469 0.169892
1.30856 0.164062

1.32031 0.144138
1.31798 0.148438

1.31795 0.148438
1.31342 0.15625

1.3125 0.157711
1.31339 0.15625

1.32812 0.128658
1.32617 0.132812

1.32614 0.132812
1.32219 0.140625

1.32031 0.144059
1.32218 0.140625

1.33594 0.110542
1.33325 0.117188

1.33324 0.117188
1.32982 0.125

1.32812 0.128588
1.32982 0.125

1.34375 0.0880915
1.34198 0.09375

1.34197 0.09375
1.3393 0.101562

1.3393 0.101562
1.3364 0.109375

1.33594 0.110493
1.33639 0.109375

1.35156 0.0564448
1.35036 0.0625

1.35035 0.0625
1.34859 0.0703125

1.34859 0.0703125
1.34661 0.078125

1.34661 0.078125
1.34441 0.0859375

1.34375 0.0880497
1.34441 0.0859375

1.3569 0
1.35679 0.0078125

1.35679 0.0078125
1.35649 0.015625

1.35649 0.015625
1.35598 0.0234375

1.35598 0.0234375
1.35527 0.03125

1.35527 0.03125
1.35436 0.0390625

1.35436 0.0390625
1.35324 0.046875

1.35324 0.046875
1.35191 0.0546875

1.35156 0.056366
1.3519 0.0546875

