0.763928 0
0.76796 0.0625

0.768005 0.0625
0.780009 0.125

0.777154 0.125
0.80275 0.1875

0.802272 0.1875
0.8125 0.202976

0.8125 0.210292
0.856466 0.25

0.852143 0.25
0.875 0.263338

0.875 0.258584
0.9375 0.264832

1 0.249
0.977037 0.25

0.9375 0.252505
0.995 0.25

1.0625 0.247716
1.04905 0.25

1 0.261634
1.0625 0.251381

1.125 0.207182
1.06752 0.25

1.0625 0.253184
1.0684 0.25

1.1875 0.102892
1.18029 0.125

1.18282 0.125
1.14089 0.1875

1.125 0.200762
1.13717 0.1875

1.20563 0
1.19956 0.0625

1.1875 0.102789
1.20063 0.0625

kappa_offset_provider_stats evaluations=1310 clamp_hits=0 denominator_guard_hits=0 min_abs_denominator=0.78179023516420965 max_abs_d_over_h=0.93659551107779948 grad_samples=1310 grad_min=0.51818218277135264 grad_mean=1.2674711161543954 grad_std=0.54181530231492325 grad_max=3.1116656538306322
