0.914427 0
0.914439 0.0078125

0.914439 0.0078125
0.914477 0.015625

0.914476 0.015625
0.914539 0.0234375

0.914539 0.0234375
0.914626 0.03125

0.914626 0.03125
0.91474 0.0390625

0.91474 0.0390625
0.91488 0.046875

0.91488 0.046875
0.915048 0.0546875

0.915048 0.0546875
0.915244 0.0625

0.915244 0.0625
0.915471 0.0703125

0.91547 0.0703125
0.915729 0.078125

0.915728 0.078125
0.916019 0.0859375

0.916019 0.0859375
0.916345 0.09375

0.916344 0.09375
0.916708 0.101562

0.916707 0.101562
0.917109 0.109375

0.917109 0.109375
0.917553 0.117188

0.917552 0.117188
0.918041 0.125

0.91804 0.125
0.918578 0.132812

0.918577 0.132812
0.919166 0.140625

0.919165 0.140625
0.919811 0.148438

0.919809 0.148438
0.920515 0.15625

0.920514 0.15625
0.921285 0.164062

0.921282 0.164062
0.921875 0.169564

0.921875 0.169558
0.922125 0.171875

0.922122 0.171875
0.923042 0.179688

0.92304 0.179688
0.924045 0.1875

0.924043 0.1875
0.925141 0.195312

0.925139 0.195312
0.926339 0.203125

0.926338 0.203125
0.927648 0.210938

0.927644 0.210938
0.929075 0.21875

0.929063 0.21875
0.929688 0.221852

0.929688 0.22182
0.930642 0.226562

0.930638 0.226562
0.93237 0.234375

0.932366 0.234375
0.934269 0.242188

0.934264 0.242188
0.936353 0.25

0.936327 0.25
0.9375 0.25395

0.9375 0.253894
0.938664 0.257812

0.938656 0.257812
0.94124 0.265625

0.941231 0.265625
0.944094 0.273438

0.944032 0.273438
0.945312 0.276542

0.945312 0.276414
0.947307 0.28125

0.947289 0.28125
0.950925 0.289062

0.950835 0.289062
0.953125 0.293358

0.953125 0.293232
0.955067 0.296875

0.955022 0.296875
0.959854 0.304688

0.959677 0.304688
0.960938 0.306548

0.960938 0.306269
0.965513 0.3125

0.965415 0.3125
0.96875 0.316444

0.96875 0.316214
0.972574 0.320312

0.972379 0.320312
0.976562 0.324244

0.976562 0.324185
0.981667 0.328125

0.98116 0.328125
0.984375 0.3304

0.984375 0.330107
0.992188 0.334736

0.992188 0.334797
0.994776 0.335938

0.994621 0.335938
1 0.338308

1 0.338126
1.00781 0.34049

1.00781 0.340502
1.01562 0.342079

1.01562 0.342072
1.02344 0.342851

1.02344 0.342842
1.03125 0.342856

1.03125 0.342839
1.03906 0.342143

1.03906 0.342123
1.04688 0.34079

1.04688 0.34077
1.05469 0.338881

1.05469 0.338872
1.0625 0.336485

1.07031 0.333594
1.06404 0.335938

1.0625 0.336509
1.06403 0.335938

1.07031 0.333535
1.07812 0.330157

1.08594 0.326414
1.08243 0.328125

1.07812 0.330181
1.08234 0.328125

1.08594 0.326323
1.09375 0.322115

1.10156 0.317612
1.09696 0.320312

1.09375 0.322134
1.09685 0.320312

1.10156 0.317545
1.10938 0.312543

1.11719 0.307217
1.10942 0.3125

1.10938 0.312512
1.10939 0.3125

1.125 0.301625
1.12077 0.304688

1.11719 0.307183
1.12068 0.304688

1.13281 0.295665
1.13125 0.296875

1.125 0.301556
1.13107 0.296875

1.13281 0.295557
1.14062 0.28919

1.14844 0.282489
1.14078 0.289062

1.14062 0.28917
1.14075 0.289062

1.15625 0.275445
1.14982 0.28125

1.14844 0.282451
1.1498 0.28125

1.16406 0.268038
1.15837 0.273438

1.15625 0.275378
1.15833 0.273438

1.17188 0.26019
1.16649 0.265625

1.16406 0.267963
1.16644 0.265625

1.17969 0.251938
1.17421 0.257812

1.17188 0.260155
1.17414 0.257812

1.1875 0.243285
1.18151 0.25

1.17969 0.251928
1.18146 0.25

1.19531 0.234237
1.1952 0.234375

1.19511 0.234375
1.18847 0.242188

1.1875 0.243262
1.18844 0.242188

1.20312 0.224447
1.20149 0.226562

1.19531 0.234116
1.20143 0.226562

1.21094 0.214086
1.2075 0.21875

1.20312 0.224352
1.20746 0.21875

1.21872 0.203125
1.21324 0.210938

1.21094 0.214054
1.21319 0.210938

1.22656 0.191218
1.22396 0.195312

1.21875 0.203066
1.22393 0.195312

1.23438 0.178436
1.23366 0.179688

1.23361 0.179688
1.2289 0.1875

1.22656 0.191147
1.22888 0.1875

1.24219 0.164333
1.2381 0.171875

1.23438 0.178341
1.23808 0.171875

1.25 0.148716
1.24635 0.15625

1.24634 0.15625
1.24232 0.164062

1.24219 0.16432
1.24233 0.164062

1.25781 0.130959
1.25707 0.132812

1.25705 0.132812
1.25369 0.140625

1.25369 0.140625
1.25012 0.148438

1.25 0.148702
1.25013 0.148438

1.26562 0.11004
1.26313 0.117188

1.26312 0.117188
1.26018 0.125

1.25781 0.130895
1.26018 0.125

1.27344 0.0835891
1.27286 0.0859375

1.27285 0.0859375
1.27071 0.09375

1.27071 0.09375
1.26837 0.101562

1.26837 0.101562
1.26585 0.109375

1.26562 0.11003
1.26585 0.109375

1.28125 0.042317
1.28067 0.046875

1.28066 0.046875
1.27947 0.0546875

1.27947 0.0546875
1.2781 0.0625

1.2781 0.0625
1.27653 0.0703125

1.27653 0.0703125
1.27478 0.078125

1.27344 0.0835488
1.27478 0.078125

1.28394 0
1.28384 0.0078125

1.28384 0.0078125
1.28357 0.015625

1.28357 0.015625
1.28312 0.0234375

1.28312 0.0234375
1.28248 0.03125

1.28248 0.03125
1.28167 0.0390625

1.28125 0.0422967
1.28166 0.0390625

kappa_offset_provider_stats evaluations=216120 clamp_hits=0 denominator_guard_hits=0 min_abs_denominator=0.93810852756898155 max_abs_d_over_h=0.49989546315688305 grad_samples=216120 grad_min=0.99032816456601858 grad_mean=0.99971984168109862 grad_std=0.00089244484693407468 grad_max=1.0005236217475362
