t sb -1 xb vb dt perf.t perf.speed
0 0 -1 0.5 0 0.00379709 0 0 
0.00379709 0 -1 0.5 -0.00101776 0.00379709 0.000926 276458 2 89.1528 5.28543 4.10703 4 
0.0110343 -7.39432e-05 -1 0.499994 0.00399655 0.00723721 0.001371 373450 6 7.62399 1.56627 1.30183 5 2 10.5707 7.0709 1.22269 5 1 0.000287303 9.25339e-10 310484 4 
0.0214126 -0.000134489 -1 0.500034 0.0109679 0.0103784 0.001637 469151 1 1.58549 0.506241 3.1319 5 1 3.38063 3.31972 1.01835 5 1 0.00135172 2.57143e-08 52567 4 
0.0346508 -0.000104905 -1 0.500173 0.0176052 0.0132382 0.002077 493019 4 2.37053 0.525214 1.45756 5 4 8.489 1.81136 1.47134 5 1 0.00280302 1.22231e-07 22932.2 4 
0.0504239 -4.8471e-05 -1 0.500438 0.0247414 0.0157731 0.002372 539629 2 1.62635 0.356118 2.13702 5 1 2.92376 0.582995 5.01508 5 1 0.00433687 3.34648e-07 12959.5 4 
0.0685195 3.78579e-06 -1 0.500866 0.0326329 0.0180956 0.002626 584920 1 1.45178 0.227311 6.38677 5 1 1.60416 0.057291 28.0001 5 1 0.0062061 7.39858e-07 8388.22 4 
0.0887366 3.96083e-05 -1 0.501497 0.0412405 0.0202171 0.002882 621790 1 1.57454 0.0487968 32.2673 5 1 1.382 0.312793 4.41824 5 1 0.00829319 1.4353e-06 5778.01 4 
0.11096 4.35529e-05 -1 0.502375 0.05058 0.0222234 0.003133 653687 1 1.66065 0.202291 8.20921 5 1 1.38175 0.435829 3.17038 5 1 0.0108662 2.55729e-06 4249.1 4 
0.134836 1.51711e-05 -1 0.503538 0.0605887 0.0238764 0.003415 674671 2 1.88085 0.11335 4.0735 5 1 1.51344 0.40039 3.7799 5 1 0.0137939 3.99993e-06 3448.54 4 
0.160418 -1.95305e-05 -1 0.505041 0.0712144 0.0255818 0.003694 693016 2 2.23042 0.0688241 5.69276 4 1 4.73204 0.157991 29.9514 5 1 0.017305 6.04899e-06 2860.81 4 
0.187462 -4.12292e-05 -1 0.506923 0.0821489 0.0270436 0.003963 710573 2 3.08187 0.0167441 13.5668 3 1 1.37696 0.112187 12.2738 5 1 0.0211117 8.45091e-06 2498.16 4 
0.215871 -4.2631e-05 -1 0.509228 0.0932967 0.0284095 0.004259 721296 4 195.806 0.105114 6.56963 2 1 1.91611 0.254495 7.52908 5 1 0.0251361 1.12183e-05 2240.64 4 
0.24549 -4.20791e-05 -1 0.51199 0.104305 0.0296184 0.004533 734172 3 6.20409 0.0894327 4.10892 2 1 2.17736 0.337424 6.45289 5 1 0.0289549 1.40299e-05 2063.79 4 
0.276095 -5.23556e-06 -1 0.515204 0.115215 0.0306057 0.004823 743106 4 6.50612 0.0879309 2.93289 2 1 3.02006 0.36237 8.3342 5 1 0.0318619 1.64293e-05 1939.33 4 
0.307769 3.41178e-05 -1 0.518894 0.126013 0.0316733 0.005251 731289 3 6.62799 0.0888982 4.20885 2 1 3.59308 0.315567 11.3861 5 1 0.0333551 1.86785e-05 1785.75 4 
0.340205 7.5185e-05 -1 0.52306 0.13669 0.0324365 0.006071 674683 5 211.859 0.0599105 5.12517 2 1 3.84056 0.302656 12.6895 5 1 0.0342453 1.96295e-05 1744.58 4 
0.373453 8.96696e-05 -1 0.527718 0.146988 0.0332474 0.008145 534316 3 5.25831 0.0709314 4.20084 2 1 4.75979 0.239791 19.8498 5 1 0.0414174 2.14369e-05 1932.06 4 
0.407564 0.000126823 -1 0.532863 0.157218 0.034111 0.008506 541735 6 252.187 0.0582858 4.0367 2 1 5.24568 0.280907 18.674 5 1 0.0459144 2.30135e-05 1995.11 4 
0.442129 0.000154618 -1 0.538445 0.166943 0.0345658 0.008825 551161 5 216.064 0.0749603 4.91983 2 1 5.50139 0.160632 34.2484 5 1 0.043845 2.31796e-05 1891.53 4 
0.477655 0.000191352 -1 0.544495 0.17622 0.035526 0.009156 559196 6 206.539 0.0338827 4.27403 2 1 4.65595 0.0959116 48.5442 5 1 0.0545178 2.60017e-05 2096.7 4 
0.513689 0.00018414 -1 0.550874 0.185041 0.0360335 0.00979 549132 3 10.5453 0.0524591 5.85796 2 1 7.26506 0.157814 46.0355 5 1 0.0521948 2.87212e-05 1817.29 4 
0.550252 0.000200952 -1 0.557399 0.193291 0.0365634 0.010676 527538 4 12.9502 0.0459059 4.09828 2 1 8.48372 0.170124 49.8678 5 1 0.0422588 3.20544e-05 1318.35 4 
0.586816 0.000223525 -1 0.564264 0.200365 0.0365634 0.011448 514326 5 226.739 0.046717 5.46022 2 1 10.3704 0.282013 36.7727 5 1 0.0527647 3.4381e-05 1534.7 4 
0.623942 0.000217624 -1 0.571524 0.206699 0.0371259 0.012187 504144 4 15.6986 0.0598281 4.02475 2 2 9.79603 0.123727 8.89801 4 1 0.0610536 4.6175e-05 1322.22 4 
0.661657 0.000239871 -1 0.579297 0.212295 0.0377152 0.01311 488177 6 93.7824 0.0450342 3.57352 2 2 7.95051 0.191334 6.44616 3 2 0.0657615 6.05557e-07 329.54 3 
0.699372 0.000261783 -1 0.587482 0.217142 0.0377152 0.01421 468403 6 9.0419 0.056072 2.33302 2 2 8.38217 0.217176 6.21258 3 2 0.0649602 1.08013e-05 77.5507 2 
0.737716 0.000294648 -1 0.595995 0.221348 0.0383438 0.014615 472939 5 228.064 0.0584988 5.22615 2 3 9.34359 0.226687 3.45432 2 2 0.0702692 4.14481e-05 41.1747 2 
0.77606 0.000335278 -1 0.604232 0.224224 0.0383438 0.015038 476659 6 230.037 0.0425529 4.18933 2 5 13.2459 0.258011 2.19831 3 2 0.0661956 4.01949e-05 40.5816 2 
0.815076 0.000360456 -1 0.612867 0.226563 0.0390165 0.021601 343688 5 276.835 0.0191312 6.79353 2 3 9.60649 0.20021 3.63379 3 2 0.0616646 2.22422e-05 52.6537 2 
0.854093 0.000368919 -1 0.621681 0.228409 0.0390165 0.022883 335620 5 172.207 0.0481606 5.13655 2 2 10.8014 0.146889 8.57524 2 2 0.059543 2.47074e-05 49.091 2 
0.893109 0.000406042 -1 0.630722 0.229754 0.0390165 0.023809 333319 7 16.7158 0.0499573 2.29428 2 2 9.37556 0.20813 6.71169 2 2 0.0568426 2.84615e-05 44.6898 2 
0.932862 0.0004365 -1 0.639946 0.23085 0.0397527 0.024285 337328 6 236.166 0.053809 4.04632 2 2 10.9234 0.228097 6.92023 2 2 0.0694206 3.86137e-05 42.4007 2 
0.972614 0.000470737 -1 0.64845 0.231265 0.0397527 0.025361 333110 5 17.3106 0.0523747 3.19035 2 2 12.5032 0.202515 7.85748 2 2 0.0671749 4.84814e-05 37.2234 2 
1.01237 0.000507911 -1 0.657353 0.230931 0.0397527 0.025779 337639 8 206.879 0.0568071 2.78717 2 3 14.3513 0.134379 4.74446 2 2 0.0712484 2.91917e-05 49.4035 2 
1.05212 0.000539761 -1 0.666591 0.230459 0.0397527 0.028321 316373 6 206.948 0.0612139 3.87408 2 3 19.8831 0.206505 4.58337 2 2 0.0697444 2.71002e-05 50.7305 2 
1.09187 0.000566432 -1 0.676073 0.230142 0.0397527 0.02918 315833 4 230.258 0.0583046 7.92735 2 3 10.117 0.20139 3.68981 2 2 0.0763236 2.46421e-05 55.6532 2 
1.13163 0.000583745 -1 0.685618 0.229825 0.0397527 0.029688 319051 4 136.054 0.0515354 7.16806 2 3 11.7552 0.134418 4.43872 2 2 0.0734952 2.64084e-05 52.7544 2 
1.17224 0.000601622 -1 0.694364 0.229108 0.0406168 0.030064 323576 5 251.718 0.0351979 5.90037 2 3 12.3189 0.180355 4.08773 2 2 0.0707601 3.01365e-05 48.4561 2 
1.21286 0.000619323 -1 0.703213 0.22785 0.0406168 0.031024 321815 7 358.536 0.0466857 3.58963 2 3 12.0131 0.0962602 4.99731 2 2 0.0892611 3.06815e-05 53.9378 2 
1.25348 0.000625618 -1 0.712234 0.226535 0.0406168 0.031719 322835 4 169.678 0.0415913 7.99201 2 2 8.77312 0.204505 6.54976 2 2 0.0946405 3.59395e-05 51.3159 2 
1.29409 0.000652262 -1 0.721538 0.22523 0.0406168 0.032075 327233 5 198.989 0.0495203 5.25786 2 2 25.0244 0.223482 10.5818 2 2 0.114955 5.64642e-05 45.1208 2 
1.33471 0.000661628 -1 0.731153 0.223916 0.0406168 0.032442 331422 5 205.101 0.0551194 5.17765 2 3 8.86739 0.117184 4.22969 2 2 0.124659 5.62351e-05 47.0823 2 
1.37533 0.000707607 -1 0.740178 0.222706 0.0406168 0.032925 334336 5 207.465 0.0438721 5.43189 2 2 16.9107 0.195648 9.29702 2 2 0.111995 5.71606e-05 44.2641 2 
1.41594 0.000734414 -1 0.748818 0.221599 0.0406168 0.034182 329530 5 34.064 0.0560394 3.6038 2 3 11.6392 0.068191 5.54709 2 2 0.084398 3.03107e-05 52.7677 2 
1.45656 0.000772822 -1 0.75754 0.220459 0.0406168 0.035006 329086 6 140.575 0.0567661 3.67821 2 3 14.2347 0.131362 4.76752 2 2 0.0832382 3.1767e-05 51.1886 2 
1.49718 0.000815248 -1 0.766405 0.218903 0.0406168 0.035807 328874 6 336.75 0.0363579 4.58267 2 3 23.65 0.0687101 7.00816 2 2 0.0972651 3.64308e-05 51.6707 2 
1.53779 0.000831788 -1 0.775441 0.217716 0.0406168 0.036611 328644 6 205.512 0.0479824 4.02989 2 3 18.4971 0.12001 5.36162 2 2 0.109193 4.49994e-05 49.26 2 
1.57841 0.000866629 -1 0.78451 0.21666 0.0406168 0.037455 328074 6 20.08 0.0501531 2.71484 2 3 13.0526 0.0694439 5.72824 2 2 0.125934 3.92129e-05 56.6704 2 
1.61903 0.000905268 -1 0.793209 0.215682 0.0406168 0.038406 326616 6 193.756 0.0516112 3.94232 2 3 42.4418 0.120644 7.05933 2 2 0.139255 3.81729e-05 60.3987 2 
1.65964 0.00094044 -1 0.801677 0.21455 0.0406168 0.039468 324313 8 615.182 0.0526405 3.22449 2 3 16.3503 0.154533 4.72971 2 2 0.112143 4.31371e-05 50.9871 2 
1.70026 0.000980575 -1 0.810193 0.21271 0.0406168 0.040295 324010 5 157.483 0.058833 4.84756 2 3 24.9788 0.174925 5.22684 2 2 0.158955 5.21956e-05 55.1848 2 
1.74088 0.00101482 -1 0.818815 0.211246 0.0406168 0.042162 315735 5 291.53 0.0326656 6.16763 2 3 11.2584 0.0628754 5.63636 2 2 0.178757 6.51156e-05 52.3948 2 
1.78149 0.000988413 -1 0.827582 0.2092 0.0406168 0.042598 318513 6 143.153 0.0291226 4.12346 2 3 14.7362 0.108516 5.14001 2 2 0.212608 9.04514e-05 48.4822 2 
1.82211 0.000978858 -1 0.836407 0.207291 0.0406168 0.042991 321556 5 169.255 0.0518949 5.04294 2 3 48.0366 0.161873 6.6701 2 2 0.208455 8.23824e-05 50.3025 2 
1.86273 0.000966479 -1 0.845193 0.206124 0.0406168 0.044468 316632 4 46.1891 0.043123 5.72081 2 3 15.7502 0.175475 4.47738 2 2 0.199665 6.25034e-05 56.5197 2 
1.90335 0.00098344 -1 0.853082 0.204967 0.0406168 0.044883 319408 5 170.971 0.0408931 5.29974 2 3 19.4954 0.125564 5.37471 2 2 0.180368 5.83786e-05 55.5844 2 
1.94396 0.00100809 -1 0.860945 0.202874 0.0406168 0.045978 317369 11 776.385 0.0574326 2.37431 2 3 15.4481 0.105969 5.26298 2 2 0.226325 7.81389e-05 53.8187 2 
1.98458 0.0010419 -1 0.868948 0.200855 0.0406168 0.047261 314170 8 180.914 0.0557398 2.74735 2 3 13.1845 0.0971299 5.13929 2 3 0.269911 2.04561e-06 50.9096 2 
2.0252 0.00100407 -1 0.877154 0.198773 0.0406168 0.04776 316248 5 154.714 0.0410868 5.18998 2 3 20.6269 0.101521 5.87886 2 3 0.240147 2.00502e-06 49.2931 2 
2.06581 0.00101899 -1 0.885492 0.198223 0.0406168 0.04982 308310 4 25.8196 0.034062 5.24711 2 3 48.3352 0.108479 7.63788 2 3 0.213417 2.57462e-06 43.6019 2 
2.10643 0.00103307 -1 0.893976 0.197831 0.0406168 0.050261 310698 5 140.455 0.032897 5.32201 2 3 18.5095 0.0891388 5.92165 2 3 0.263005 2.3956e-06 47.8832 2 
2.14705 0.0010565 -1 0.902522 0.197397 0.0406168 0.050652 313354 5 167.207 0.0385731 5.33819 2 3 12.0839 0.23725 3.70681 2 2 0.23185 8.86115e-05 51.1515 2 
2.18766 0.00108128 -1 0.910456 0.196886 0.0406168 0.051219 314883 4 43.9428 0.0454804 5.57527 2 3 11.768 0.129255 4.49869 2 2 0.218365 6.58909e-05 57.5678 2 
2.22828 0.00111485 -1 0.917775 0.196507 0.0406168 0.051989 315144 5 832.126 0.0483829 7.03233 2 2 9.50487 0.155562 7.81666 2 2 0.257055 8.77445e-05 54.1256 2 
2.2689 0.00114035 -1 0.925377 0.194838 0.0406168 0.052709 315696 4 162.464 0.0482639 7.617 2 3 18.485 0.138665 5.1084 2 2 0.272536 9.98756e-05 52.2375 2 
2.30951 0.00116296 -1 0.93321 0.19384 0.0406168 0.0535 315813 5 179.934 0.0251543 5.90065 2 3 27.1624 0.0777088 7.04421 2 2 0.189492 6.87515e-05 52.4994 2 
2.35013 0.00114952 -1 0.941243 0.193753 0.0406168 0.054482 314820 3 48.3405 0.0550254 9.57744 2 2 50.1582 0.169831 17.1855 2 2 0.209238 6.81877e-05 55.3946 2 
2.39075 0.00113407 -1 0.94945 0.193928 0.0406168 0.054854 317352 4 18.0274 0.0471047 4.423 2 3 17.7612 0.0604257 6.6489 2 2 0.279213 6.50657e-05 65.5076 2 
2.43136 0.00116251 -1 0.957795 0.194002 0.0406168 0.055177 320133 4 135.439 0.0582403 6.94432 2 3 12.439 0.102045 4.95828 2 2 0.265772 7.24769e-05 60.5556 2 
2.47198 0.00119205 -1 0.966159 0.194097 0.0406168 0.055728 321562 5 162.143 0.0494348 5.04862 2 2 9.65762 0.230234 6.47664 2 2 0.224249 8.00769e-05 52.919 2 
2.5126 0.00122367 -1 0.973902 0.194151 0.0406168 0.056893 319477 9 879.52 0.0503897 2.96021 2 3 10.9035 0.141863 4.25172 2 2 0.254432 9.5168e-05 51.7059 2 
2.55321 0.00125991 -1 0.981161 0.193809 0.0406168 0.058186 316777 4 160.312 0.0578101 7.25673 2 3 17.3861 0.112753 5.36238 2 3 0.266151 2.01252e-06 50.9482 2 
2.59383 0.00129381 -1 0.988656 0.193426 0.0406168 0.058609 318859 5 202.82 0.0523578 5.21947 2 3 33.6399 0.212588 5.40886 2 3 0.228085 1.9855e-06 48.6119 2 
2.63445 0.00127206 -1 0.996482 0.193671 0.0406168 0.059015 321003 5 180.059 0.0214172 6.09439 2 3 12.0619 0.164279 4.1874 2 3 0.247169 2.03874e-06 49.493 2 
2.67507 0.00126452 -1 1.00452 0.194074 0.0406168 0.060164 319128 5 28.2875 0.0439179 3.64578 2 3 12.9062 0.0648527 5.83836 2 3 0.294366 2.16208e-06 51.4445 2 
2.71568 0.00128896 -1 1.01271 0.194363 0.0406168 0.062556 311017 6 21.7122 0.0495769 2.75573 2 3 11.5897 0.14602 4.29754 2 2 0.268425 9.52371e-05 53.0895 2 
2.7563 0.00131934 -1 1.02103 0.194872 0.0406168 0.06425 306802 6 131.188 0.0594491 3.60821 2 3 12.2275 0.108715 4.82706 2 2 0.227595 6.38697e-05 59.6945 2 
2.79692 0.00136349 -1 1.02934 0.195158 0.0406168 0.065082 306813 7 158.268 0.0480182 3.18104 2 2 11.1486 0.193951 7.58166 2 2 0.249892 7.50152e-05 57.7167 2 
2.83753 0.00140055 -1 1.03725 0.19521 0.0406168 0.066021 306327 8 630.701 0.0526314 3.23461 2 2 19.1213 0.192638 9.96297 2 2 0.268419 9.71339e-05 52.568 2 
2.87815 0.00143544 -1 1.04457 0.195638 0.0406168 0.066876 306238 4 181.753 0.0466351 7.90118 2 3 28.1423 0.10431 6.46166 2 3 0.257264 1.9571e-06 50.8459 2 
2.91877 0.00143101 -1 1.05214 0.195455 0.0406168 0.067522 307100 4 183.544 0.0546296 7.61339 2 3 20.2588 0.101079 5.85218 2 3 0.332429 2.6061e-06 50.3387 2 
2.95938 0.00143388 -1 1.06002 0.195776 0.0406168 0.06936 302653 6 184.356 0.0478493 3.95941 2 3 17.7444 0.159279 4.81172 2 2 0.284347 9.16802e-05 55.6912 2 
3 0.00146061 -1 1.06815 0.195984 0.0406168 0.069881 304060 4 42.0552 0.0594168 5.15796 2 3 10.708 0.110073 4.59913 2 2 0.264103 7.3523e-05 59.9343 2 

# Multigrid, 83 steps, 0.04722 CPU, 0.07205 real, 2.95e+05 points.step/s, 23 var
