t sb -1 xb vb dt perf.t perf.speed
0 0 -1 0.5 0 0.000202385 0 0 
0.000202385 0 -1 0.5 0.000275816 0.000202385 0.005403 189524 1 31.36 170.337 0.184106 4 
0.00491164 -3.26882e-06 -1 0.5 0.00279035 0.00470926 0.016827 121709 11 123.227 3.43588 1.38463 7 5 119.94 17.1213 1.476 6 2 0.0300778 6.67345e-06 67.1348 3 
0.0137207 -2.24774e-05 -1 0.500023 0.00822108 0.00880908 0.025175 122026 4 23.0398 1.21561 2.08651 7 6 109.54 4.83155 1.68234 7 3 0.051483 6.90849e-05 9.06624 2 
0.0262156 -3.98969e-05 -1 0.500123 0.0158512 0.0124949 0.033001 124117 2 12.5495 0.398511 5.61167 7 5 13.1809 1.89281 1.47424 8 6 0.121527 3.11196e-05 3.96832 2 
0.0421182 -4.29942e-05 -1 0.50037 0.0252553 0.0159026 0.039507 129597 2 12.933 0.225101 7.57985 7 3 5.07986 1.16271 1.63478 9 7 0.223654 5.54502e-05 3.27413 2 
0.061079 -2.92328e-05 -1 0.500842 0.0360469 0.0189608 0.046818 131232 4 28.0391 0.240259 3.28678 7 2 4.40483 0.740424 2.43907 10 8 0.419498 8.05698e-05 2.91454 2 
0.0828488 -1.57221e-05 -1 0.50162 0.0481852 0.0217698 0.053772 133304 2 55.9888 0.163002 18.5334 7 2 12.2473 0.165764 8.59557 10 10 0.719287 5.44533e-05 2.58278 2 
0.107158 -7.44707e-06 -1 0.502786 0.0613855 0.0243096 0.061805 132546 3 68.635 0.0619703 10.3464 6 2 18.8152 0.251442 8.65039 10 12 1.01374 9.05143e-05 2.17487 2 
0.133698 -4.5048e-06 -1 0.504413 0.075397 0.0265398 0.074868 123097 4 99.5592 0.0452883 6.84737 5 2 29.2542 0.363305 8.97343 10 28 1.23412 7.93187e-05 1.41161 2 
0.162361 -9.67321e-07 -1 0.506578 0.0900482 0.028663 0.091653 111726 8 157.256 0.109904 2.47998 5 3 49.0597 0.286506 5.55304 9 27 3.65759 8.07353e-05 1.48747 3 
0.192873 4.79167e-06 -1 0.509341 0.105116 0.0305122 0.105274 106997 9 79.0164 0.089506 2.1248 6 3 25.0093 0.405205 3.95193 9 14 5.51297 3.98134e-05 2.32938 4 
0.225139 1.01177e-05 -1 0.512758 0.120442 0.0322658 0.445066 27609.4 10 150.937 0.0791746 2.12824 6 100 44.3398 0.440771 1.04719 100 11 5.04835 5.02218e-05 2.84938 4 
0.258979 1.55605e-05 -1 0.516867 0.135813 0.0338398 1.05264 12646.3 9 208.183 0.0835523 2.38444 6 100 72.2436 0.445884 1.05219 100 12 4.30092 6.37104e-05 2.52607 4 
0.293676 2.20302e-05 -1 0.521617 0.15083 0.0346965 1.65676 8653.03 9 149.387 0.0755698 2.3239 6 100 78.1332 0.396107 1.05427 100 10 7.99227 5.23534e-05 3.29893 4 
0.329285 2.90223e-05 -1 0.527008 0.16535 0.0356095 1.67327 9179.61 10 238.606 0.0745133 2.24153 6 1 79.418 0.270561 293.531 100 7 4.08117 8.36462e-05 4.6748 4 
0.364895 3.65309e-05 -1 0.532831 0.178866 0.0356095 1.69527 9664.57 12 479.916 0.0632094 2.10555 6 2 211.356 0.240963 29.6164 99 7 4.05819 2.50268e-05 5.54977 4 
0.400504 4.27989e-05 -1 0.539209 0.191297 0.0356095 2.30114 7564.94 13 1038.23 0.0706182 2.09203 6 100 446.603 0.465859 1.07107 100 8 7.96462 3.11554e-05 4.74192 3 
0.433831 4.67161e-05 -1 0.545625 0.202048 0.0333269 2.90187 6351.77 12 365.459 0.0780943 2.02233 6 100 111.246 0.472793 1.05613 100 7 9.69193 6.03483e-05 5.54215 3 
0.465512 5.04231e-05 -1 0.552065 0.211263 0.0316811 3.51383 5536.98 12 316.931 0.0743518 2.00666 6 100 175.95 0.602682 1.05841 100 12 5.54449 6.60426e-05 2.57239 3 
0.495685 5.44045e-05 -1 0.558382 0.219054 0.0301725 4.12284 4967.45 9 278.104 0.106052 2.39803 6 100 175.127 0.671704 1.05721 100 16 5.52478 9.64348e-05 1.98326 3 
0.525147 6.08439e-05 -1 0.564817 0.225827 0.0294625 4.74254 4534.27 7 428.499 0.113857 3.24189 6 100 184.826 0.92632 1.05439 100 16 6.22619 6.59789e-05 2.0461 3 
0.553924 7.02716e-05 -1 0.571314 0.231686 0.0287774 5.34875 4211.83 5 1153.75 0.102158 6.465 5 100 523.654 0.569149 1.07063 100 19 5.38087 6.51724e-05 1.81459 3 
0.58204 8.82678e-05 -1 0.577781 0.236308 0.0281158 5.36602 4389.1 7 453.988 0.108878 3.28971 4 1 184.633 0.439995 419.624 100 16 9.13322 8.46195e-05 2.06335 4 
0.609833 0.000109878 -1 0.584328 0.240156 0.0277926 5.97701 4111.76 8 539.847 0.111814 2.88717 4 100 251.231 1.12888 1.05554 100 14 6.3515 4.55827e-05 2.33042 4 
0.637626 0.000129617 -1 0.591057 0.243289 0.0277926 6.58241 3889.15 7 266.126 0.125858 2.98559 4 100 183.84 1.01102 1.05341 100 12 5.6378 8.17236e-05 2.53064 4 
0.665095 0.000150162 -1 0.597618 0.245619 0.0274695 7.18088 3707.62 7 408.531 0.120778 3.19284 4 100 162.809 0.933191 1.05297 100 9 4.09782 3.19523e-05 3.69455 4 
0.692245 0.000169323 -1 0.604203 0.247313 0.0271501 7.79198 3548.26 10 573.814 0.105971 2.36243 4 100 250.967 0.632392 1.06166 100 8 5.03114 2.75973e-05 4.54569 4 
0.719718 0.000183942 -1 0.611054 0.248484 0.0274733 8.39791 3414.18 12 1360.38 0.128071 2.1653 6 100 593.003 0.578002 1.07179 100 7 7.10446 8.58294e-05 5.04146 4 
0.747192 0.000189727 -1 0.617751 0.248878 0.0274733 9.00424 3298 9 453.212 0.104505 2.53588 6 100 203.634 0.771454 1.05734 100 7 8.21238 9.37041e-05 5.08278 4 
0.774665 0.000194634 -1 0.624519 0.248949 0.0274733 9.61143 3196.19 10 321.089 0.106406 2.22826 6 100 210.427 0.892381 1.05615 100 8 5.12472 2.55311e-05 4.60071 4 
0.802138 0.000200456 -1 0.631364 0.248719 0.0274733 10.2229 3105.19 7 364.818 0.125016 3.12619 5 100 168 0.857889 1.05419 100 7 6.76109 5.96765e-05 5.27267 4 
0.829611 0.000211402 -1 0.638098 0.248153 0.0274733 10.2372 3200.89 7 487.437 0.128604 3.24517 4 1 182.627 0.493158 370.321 100 7 4.09087 2.7512e-05 5.4815 4 
0.857437 0.000228623 -1 0.64493 0.246999 0.0278255 10.2531 3295.79 14 1560.1 0.092883 2.00355 5 1 715.852 0.331068 2162.25 100 7 4.26448 3.04284e-05 5.43534 4 
0.885262 0.000236054 -1 0.651681 0.245663 0.0278255 10.8521 3208.23 10 508.066 0.127011 2.29196 5 100 223.855 0.624464 1.06058 100 12 8.93652 4.28912e-05 2.77481 4 
0.913459 0.000241888 -1 0.658571 0.244141 0.0281965 11.4591 3127.63 10 427.506 0.109964 2.28544 5 100 222.135 0.652012 1.06004 100 12 8.56027 4.8137e-05 2.73842 4 
0.941655 0.000247583 -1 0.665383 0.242591 0.0281965 12.0655 3055.31 12 396.134 0.0954098 2.00226 5 100 229.309 0.695427 1.0597 100 8 6.04194 8.36732e-05 4.04878 4 
0.970244 0.000253053 -1 0.67223 0.240884 0.0285881 12.6632 2991.98 11 495.387 0.108835 2.15061 5 100 308.001 0.643539 1.06365 100 7 5.93844 2.85882e-05 5.74964 4 
0.998832 0.000259652 -1 0.679024 0.239055 0.0285881 12.685 3067.55 14 1792.99 0.11223 1.9964 5 2 844.695 0.390134 46.5311 99 10 5.41423 7.05468e-05 3.07968 3 
1.02783 0.000263902 -1 0.685847 0.236997 0.0290024 13.3026 3002.11 12 531.357 0.10671 2.03282 5 100 236.362 0.513008 1.06325 100 16 9.68362 5.68928e-05 2.12293 3 
1.05727 0.000267247 -1 0.692752 0.234918 0.0294353 13.9105 2944.53 11 377.49 0.104492 2.1059 5 100 288.131 0.575359 1.06413 100 25 10.8212 9.98544e-05 1.59 2 
1.0867 0.000271275 -1 0.699559 0.232972 0.0294353 14.5258 2890.3 11 467.019 0.105285 2.14557 5 100 322.721 0.720271 1.06295 100 36 8.45806 9.29878e-05 1.37324 2 
1.11614 0.000277364 -1 0.706303 0.231099 0.0294353 14.5427 2957.37 9 411.536 0.0958939 2.53294 5 1 273.946 0.258767 1058.66 100 20 9.4959 7.00674e-05 1.80551 2 
1.14558 0.000286562 -1 0.713021 0.22925 0.0294353 14.5687 3022.37 8 1855.23 0.108789 3.38046 4 1 880.234 0.123744 7113.35 100 41 11.9048 8.20413e-05 1.33627 3 
1.17549 0.000297956 -1 0.7198 0.227305 0.0299101 14.5855 3089.09 7 681.112 0.103136 3.51307 5 1 243.058 0.317005 766.73 100 15 15.8229 5.18417e-05 2.32081 4 
1.2054 0.000314641 -1 0.726578 0.22545 0.0299101 15.1849 3034.58 7 327.786 0.103601 3.16251 4 100 302.81 0.49807 1.0662 100 11 16.6381 8.61669e-05 3.0236 4 
1.233 0.000329914 -1 0.732663 0.223983 0.0276093 15.7963 2981.96 6 532.686 0.119298 4.05794 4 100 284.318 0.686969 1.06211 100 16 16.1798 5.37896e-05 2.19985 3 
1.26105 0.000348636 -1 0.73883 0.222435 0.0280475 15.8118 3043.8 9 552.713 0.118369 2.55679 4 1 253.324 0.32855 771.036 100 13 19.2428 5.15627e-05 2.68294 3 
1.2891 0.000361767 -1 0.744998 0.220863 0.0280475 15.8328 3104.44 14 1615.43 0.123406 1.96819 4 1 752.057 0.123773 6076.12 100 29 17.5559 8.04458e-05 1.52792 2 
1.31715 0.000366003 -1 0.751129 0.219433 0.0280475 15.8522 3165.23 11 660.921 0.115015 2.19666 5 1 553.472 0.389173 1422.17 100 26 17.2544 7.21401e-05 1.61018 2 
1.34474 0.000370268 -1 0.757109 0.218218 0.0275877 15.8703 3226.16 10 375.676 0.116759 2.2426 4 1 504.289 0.211499 2384.36 100 22 20.6897 9.18943e-05 1.75103 2 
1.3702 0.000375056 -1 0.762663 0.21741 0.0254656 15.8852 3287.59 9 465.369 0.14868 2.44565 4 1 265.684 0.187422 1417.57 100 14 19.4168 7.53847e-05 2.43496 2 
1.39567 0.00038247 -1 0.768101 0.216603 0.0254656 15.8994 3349.05 9 541.004 0.123011 2.53984 4 1 551.279 0.198386 2778.82 100 12 25.134 4.59869e-05 3.00701 2 
1.42113 0.000390973 -1 0.773552 0.215804 0.0254656 15.9155 3410.02 11 1484.93 0.119489 2.35622 4 1 702.028 0.278032 2524.99 100 13 33.1524 9.02437e-05 2.67969 3 
1.44401 0.000395309 -1 0.778461 0.215254 0.0228821 15.9343 3470.25 9 399.881 0.164912 2.37725 5 1 337.491 0.464576 726.449 100 21 32.188 8.0345e-05 1.8484 3 
1.4669 0.000399379 -1 0.783405 0.214588 0.0228821 15.9545 3530.04 8 696.23 0.145289 2.88446 5 1 649.446 0.498837 1301.92 100 25 35.3359 7.13587e-05 1.68963 3 
1.48978 0.000403939 -1 0.788247 0.213939 0.0228821 15.9767 3589.22 6 457.538 0.158122 3.7749 5 2 659.525 0.505407 36.1239 99 17 37.4254 6.00701e-05 2.19206 3 
1.51199 0.000410502 -1 0.792942 0.213513 0.0222091 15.9911 3650.03 6 428.225 0.170947 3.68526 5 1 372.085 0.638052 583.159 99 12 37.2532 6.52438e-05 3.018 3 
1.53453 0.000416698 -1 0.797664 0.213095 0.0225456 16.0065 3710.5 7 666.835 0.185209 3.22145 4 1 789.788 0.37314 2116.6 99 16 32.0186 3.79121e-05 2.34646 3 
1.55608 0.000422916 -1 0.802228 0.212854 0.021551 16.0225 3770.7 10 1087.37 0.191434 2.37376 4 1 846.441 0.334202 2532.72 99 17 27.6987 7.33138e-05 2.12851 2 
1.57764 0.000426698 -1 0.806806 0.212467 0.021551 16.0384 3830.8 12 875.597 0.177213 2.0315 4 1 714.698 0.811578 880.629 99 15 32.058 6.08544e-05 2.40682 2 
1.59952 0.000429035 -1 0.811448 0.212124 0.0218825 16.0667 3887.78 10 714.523 0.179432 2.29093 4 2 930.292 0.569277 40.4248 98 38 34.7648 8.06518e-05 1.40694 2 
1.61819 0.000431435 -1 0.815371 0.212271 0.0186731 16.0865 3946.66 7 455.647 0.255504 2.91381 4 2 532.24 0.655731 28.4899 97 11 22.4157 8.29371e-05 3.11746 3 
1.63686 0.000434419 -1 0.819323 0.212153 0.0186731 16.1058 4005.51 6 953.835 0.270132 3.90226 3 2 761.295 0.421939 42.4768 96 11 22.8968 8.88693e-05 3.10392 3 
1.6558 0.000439197 -1 0.823289 0.211934 0.0189324 16.1191 4065.75 5 1089.78 0.267228 5.27341 2 1 979.952 0.611851 1601.62 96 12 27.4814 4.35553e-05 3.04322 3 
1.67473 0.000448836 -1 0.827283 0.211689 0.0189324 16.1331 4125.68 9 833.11 0.263448 2.44844 3 1 961.379 0.856096 1122.98 96 12 18.5659 7.9136e-05 2.80239 3 
1.69217 0.000458591 -1 0.830951 0.21163 0.0174378 16.1463 4185.72 5 928.749 0.246449 5.1908 2 1 626.039 0.15485 4042.87 96 12 21.2978 5.77836e-05 2.9099 3 
1.7096 0.0004701 -1 0.834663 0.211463 0.0174378 16.1625 4244.89 7 724.578 0.297538 3.04643 2 1 749.164 0.382584 1958.17 96 19 31.1341 6.3162e-05 1.99352 3 
1.72658 0.000481475 -1 0.83823 0.211289 0.0169789 16.1786 4303.95 7 838.273 0.315017 3.08527 2 1 892.096 1.29075 691.143 96 19 37.6077 9.33105e-05 1.97251 3 
1.74356 0.000493134 -1 0.841811 0.211095 0.0169789 16.1953 4362.74 6 816.098 0.331689 3.67425 2 1 1247.53 1.31592 948.026 96 21 46.9206 9.33328e-05 1.86849 3 
1.76054 0.000507191 -1 0.84536 0.21087 0.0169789 16.2118 4421.46 7 607.716 0.271613 3.00979 2 1 817.422 1.27528 640.976 96 20 53.3132 8.89688e-05 1.94482 3 
1.77729 0.000519139 -1 0.848877 0.210663 0.0167494 16.2263 4480.63 6 959.691 0.251573 3.95286 2 1 939.186 0.612282 1533.91 96 15 56.1552 5.8757e-05 2.50431 3 
1.79359 0.000528405 -1 0.852269 0.210474 0.0163028 16.2399 4539.93 6 880.54 0.229302 3.95722 2 1 1172.89 0.646056 1815.47 96 13 55.0725 5.90292e-05 2.87886 3 
1.80926 0.000535534 -1 0.855547 0.210329 0.0156676 16.2536 4599.09 5 960.223 0.375841 4.80257 2 1 1418.22 0.537341 2639.32 96 14 56.8271 4.07076e-05 2.74739 3 
1.82378 0.000544316 -1 0.858566 0.21018 0.0145212 16.2673 4658.18 6 678.377 0.366809 3.50352 2 1 834.269 1.38073 604.222 96 13 54.5062 4.15458e-05 2.95535 3 
1.83848 0.000553083 -1 0.861665 0.209731 0.0147027 16.281 4717.17 6 1190.1 0.350332 3.87719 2 1 1222.59 0.227038 5384.95 96 13 59.894 3.93211e-05 2.98949 3 
1.85357 0.000561633 -1 0.864817 0.209241 0.0150846 16.2954 4775.81 9 1290.41 0.276945 2.55619 3 1 1752.37 1.07929 1623.63 96 13 65.0007 4.68827e-05 2.96793 3 
1.86886 0.000564449 -1 0.868022 0.208793 0.0152857 16.3146 4832.99 4 581.534 0.423886 6.08599 3 2 923.342 1.50677 24.7547 95 13 70.2552 4.78815e-05 2.9809 3 
1.88435 0.000569955 -1 0.871236 0.208344 0.0154951 16.3347 4889.72 9 1028.89 0.333109 2.44205 3 2 1258.33 1.37299 30.2736 94 13 76.1726 5.2508e-05 2.97829 3 
1.89923 0.000574235 -1 0.874335 0.208109 0.0148753 16.3483 4948.29 6 1297.84 0.354014 3.92675 3 1 1573.86 0.97525 1613.81 94 12 74.1488 6.53768e-05 3.19563 3 
1.91371 0.000578834 -1 0.877321 0.207711 0.0144839 16.3679 5004.9 6 1870.58 0.472104 3.97792 2 2 1628.65 0.500662 57.035 93 12 74.9738 4.22796e-05 3.31689 3 
1.92839 0.000586946 -1 0.88036 0.207068 0.0146796 16.3881 5061.23 8 1506.65 0.289665 2.91417 3 2 1460.6 0.101749 119.812 92 12 83.5613 6.88189e-05 3.21384 3 
1.94348 0.000594206 -1 0.883457 0.206211 0.0150931 16.407 5117.83 6 1291.73 0.386959 3.8659 2 2 1192.24 0.143869 91.0331 91 12 94.1117 9.91519e-05 3.14856 3 
1.95902 0.000603693 -1 0.886651 0.204897 0.015537 16.4216 5175.61 10 2445.53 0.373642 2.40764 2 1 1901.91 1.41124 1347.69 91 12 104.83 4.99678e-05 3.36369 3 
1.97479 0.000613095 -1 0.889863 0.202788 0.0157724 16.4416 5231.6 10 2081.73 0.345048 2.38811 2 2 1775.94 0.152778 107.816 90 11 89.1623 7.82507e-05 3.55311 3 
1.99056 0.000621285 -1 0.893096 0.20006 0.0157724 16.4616 5287.46 9 3185.73 0.393915 2.71769 3 2 2467.41 0.0787536 177.005 89 11 86.2569 3.3017e-05 3.8315 3 
2.00634 0.000625916 -1 0.896265 0.197369 0.0157724 16.4766 5344.78 10 2990.24 0.399794 2.43998 3 1 2704.61 0.974142 2776.41 89 14 62.4779 4.5502e-05 2.74414 3 
2.02236 0.000622421 -1 0.899436 0.195332 0.0160268 16.4912 5402.17 10 3134.93 0.274046 2.5459 3 1 2934.84 1.32178 2220.36 89 13 59.2531 9.6882e-05 2.78685 3 
2.03922 0.000618159 -1 0.902706 0.193971 0.0168558 16.5121 5457.33 9 2469.61 0.307853 2.71525 3 2 2519.65 1.17561 46.2955 88 16 49.3484 5.78898e-05 2.34783 3 
2.05638 0.000616965 -1 0.906026 0.193411 0.0171568 16.5313 5512.93 8 887.8 0.312027 2.7025 3 2 831.111 0.564911 38.3565 87 13 28.5318 4.81783e-05 2.77995 3 
2.07385 0.000620512 -1 0.909365 0.193296 0.0174745 16.5444 5570.46 9 1180.32 0.28044 2.52746 3 1 1318.67 0.41023 3214.46 87 10 33.7275 6.72425e-05 3.71564 3 
2.09166 0.00062589 -1 0.91278 0.193393 0.0178106 16.5574 5627.92 10 1544.18 0.225041 2.41904 3 1 1640.29 0.267203 6138.75 87 9 34.0577 7.67347e-05 4.24101 3 
2.10983 0.000630631 -1 0.916242 0.193344 0.0181668 16.5698 5685.53 9 1358.53 0.253111 2.59668 3 1 1650.82 0.297001 5558.29 87 8 23.8036 2.50506e-05 5.58763 3 
2.12837 0.00063688 -1 0.919827 0.193107 0.0185453 16.5848 5742.11 10 822.991 0.24971 2.248 3 1 1031.17 0.713259 1445.72 87 17 11.3733 8.95863e-05 1.99625 2 
2.14774 0.000640373 -1 0.92358 0.192637 0.0193695 16.5995 5798.71 10 707.166 0.258018 2.20692 4 1 617.555 0.891928 692.382 87 16 13.5724 6.88366e-05 2.14253 2 
2.16711 0.000643563 -1 0.927354 0.192284 0.0193695 16.6201 5853.17 8 410.83 0.214092 2.57266 4 2 438.7 0.870296 22.4518 86 19 15.7675 7.9108e-05 1.90074 2 
2.18694 0.000646267 -1 0.931131 0.191853 0.0198307 16.634 5909.83 8 1101.02 0.166799 3.00227 4 1 1014.56 0.560249 1810.91 86 14 15.5249 6.10236e-05 2.43282 2 
2.20677 0.000649367 -1 0.9349 0.19138 0.0198307 16.6465 5966.89 7 1139.77 0.206017 3.42533 4 1 1139.45 0.343143 3320.64 86 11 13.8816 3.74646e-05 3.20816 2 
2.2266 0.000655246 -1 0.938622 0.190664 0.0198307 16.658 6024.24 5 1008.49 0.243094 5.2915 3 1 1070.06 0.966562 1107.08 86 10 12.8984 4.70915e-05 3.49751 2 
2.24643 0.000663816 -1 0.942346 0.190236 0.0198307 16.6758 6079.24 10 500.968 0.201966 2.18501 3 2 846.646 0.0848295 99.9027 85 10 9.78463 4.34994e-05 3.4293 2 
2.26737 0.00067159 -1 0.946271 0.189711 0.0209324 16.6959 6133.25 9 1033.38 0.15224 2.66531 4 2 629.273 0.113952 74.3119 84 19 14.9767 7.11454e-05 1.90622 2 
2.28717 0.000677448 -1 0.950045 0.189385 0.0198009 16.7153 6187.38 5 540.189 0.173922 4.99388 4 1 701.805 0.127307 5512.69 84 29 20.1603 8.78353e-05 1.53058 3 
2.30697 0.000684664 -1 0.953827 0.189031 0.0198009 16.7326 6242.2 7 880.746 0.217763 3.27542 3 1 925.695 0.586743 1577.68 84 21 19.8412 8.01833e-05 1.80648 3 
2.32735 0.000692962 -1 0.957752 0.188707 0.0203833 16.7517 6296.18 7 795.569 0.228134 3.20678 3 1 811.873 0.852183 952.698 84 26 18.8331 7.75148e-05 1.61115 3 
2.34837 0.000702097 -1 0.96168 0.188345 0.0210202 16.773 6349.25 8 660.645 0.205456 2.74414 3 2 632.703 0.801532 28.0957 83 19 17.6524 7.44782e-05 1.91815 3 
2.36939 0.000709621 -1 0.965574 0.187982 0.0210202 16.7867 6405.07 7 617.103 0.189542 3.17547 3 1 372.345 0.509774 730.411 83 13 15.5231 7.1919e-05 2.57228 3 
2.39041 0.000718784 -1 0.969443 0.187628 0.0210202 16.7995 6461.13 7 554.454 0.19561 3.11322 3 1 625.139 0.218583 2859.96 83 12 11.6675 3.87394e-05 2.86133 3 
2.41143 0.000734323 -1 0.973341 0.187453 0.0210202 16.8117 6517.35 9 961.233 0.191605 2.57726 3 1 976.887 0.630504 1549.38 83 8 15.3404 4.55624e-05 4.90799 3 
2.43245 0.000742099 -1 0.977292 0.187167 0.0210202 16.8269 6572.32 11 1006.22 0.193331 2.17698 3 1 965.23 0.283603 3403.46 83 18 23.2885 6.63915e-05 2.03262 2 
2.45428 0.000745922 -1 0.981447 0.186819 0.0218287 16.8445 6626.25 10 753.245 0.179502 2.30296 3 1 796.209 0.328319 2425.1 83 24 25.7374 6.69534e-05 1.70883 2 
2.47611 0.000751454 -1 0.985624 0.18657 0.0218287 16.86 6680.9 11 524.774 0.180519 2.06471 3 1 548.124 0.249604 2195.98 83 19 23.0689 9.93218e-05 1.91611 2 
2.49889 0.000756636 -1 0.989823 0.186154 0.0227778 16.8741 6736.02 11 788.451 0.145158 2.18544 3 1 748.969 0.252343 2968.06 83 14 21.9817 8.24484e-05 2.44097 2 
2.51679 0.000761514 -1 0.993078 0.186173 0.0178968 16.8863 6791.8 8 602.567 0.256363 2.63872 3 1 547.184 1.08014 506.588 83 11 8.94353 4.3078e-05 3.04359 2 
2.53611 0.000768892 -1 0.996608 0.186141 0.0193286 16.8986 6847.45 7 214.519 0.179983 2.75082 4 1 863.453 0.987296 874.563 83 11 11.3653 3.43233e-05 3.17554 2 
2.55628 0.000777708 -1 1.00031 0.186144 0.020169 16.9114 6902.81 7 936.551 0.214888 3.31057 3 1 668.054 0.935647 714.003 83 13 10.0155 8.59982e-05 2.45305 2 
2.57645 0.000786501 -1 1.00408 0.186166 0.020169 16.9295 6955.91 13 964.134 0.17865 1.93681 3 1 955.456 0.281317 3396.37 83 21 16.0082 9.20333e-05 1.77641 3 
2.59763 0.000789553 -1 1.00809 0.186065 0.0211774 16.9462 7009.46 11 845.973 0.193185 2.14306 3 1 755.367 0.48197 1567.25 83 17 23.6245 6.49489e-05 2.12376 3 
2.61998 0.000793568 -1 1.01235 0.185882 0.0223539 16.9647 7062.21 13 540.078 0.178203 1.85272 3 1 457.566 0.72572 630.499 83 22 26.7055 6.4107e-05 1.8007 3 
2.63998 0.000797866 -1 1.01603 0.185748 0.0200009 16.9788 7116.65 9 704.139 0.216439 2.45617 3 1 450.899 0.451187 999.361 83 13 19.3921 4.15438e-05 2.72952 3 
2.65999 0.000803026 -1 1.01966 0.185687 0.0200009 16.9921 7171.32 9 532.292 0.207606 2.39204 3 1 577.968 0.60774 951.012 83 11 10.9262 3.79324e-05 3.13556 3 
2.68124 0.00080813 -1 1.02352 0.185699 0.0212509 17.0137 7222.43 9 227.69 0.219761 2.16294 3 1 483.495 0.456864 1058.29 83 41 13.7602 9.95095e-05 1.3347 2 
2.704 0.00081528 -1 1.0277 0.185828 0.0227689 17.0297 7275.78 9 1078.44 0.165487 2.65327 4 1 549.091 0.466535 1176.95 83 21 11.1039 7.44553e-05 1.76344 2 
2.72677 0.000819788 -1 1.03197 0.185928 0.0227689 17.0503 7327.02 11 843.614 0.16918 2.16852 3 2 854.772 0.0397262 146.685 82 19 13.9133 6.20201e-05 1.91261 2 
2.74954 0.000823099 -1 1.03629 0.186032 0.0227689 17.0722 7377.61 10 936.125 0.158252 2.38341 4 2 819.851 0.383703 46.2243 81 24 22.1619 6.80251e-05 1.69709 2 
2.77231 0.000826953 -1 1.04058 0.185926 0.0227689 17.0881 7430.65 9 860.388 0.189135 2.54939 3 1 839.797 0.587881 1428.52 81 22 27.1654 7.44693e-05 1.78986 2 
2.78857 0.000833136 -1 1.04355 0.186194 0.0162635 17.1006 7485.11 7 516.07 0.265196 2.95038 3 1 684.662 0.374285 1829.26 81 13 11.0691 6.65351e-05 2.52127 2 
2.80619 0.000838849 -1 1.04675 0.186228 0.0176188 17.1123 7539.84 6 433.258 0.223231 3.53182 2 1 659.754 0.275795 2392.19 81 12 9.01599 7.60637e-05 2.6474 2 
2.82381 0.000850562 -1 1.04998 0.186483 0.0176188 17.1238 7594.56 7 161.933 0.290906 2.46732 3 1 364.249 0.718629 506.867 81 11 11.1112 5.34884e-05 3.04375 2 
2.84339 0.000864121 -1 1.05358 0.18672 0.0195764 17.1357 7649.07 8 836.381 0.220383 2.80158 3 1 380.796 0.493371 771.826 81 11 11.9343 3.51714e-05 3.1826 2 
2.86297 0.000877388 -1 1.05725 0.187029 0.0195764 17.154 7700.57 8 651.327 0.194682 2.75778 3 1 453.121 0.387614 1169 81 26 8.70008 8.48631e-05 1.55856 3 
2.8858 0.000888077 -1 1.0616 0.187177 0.0228391 17.1833 7747.06 9 780.671 0.161847 2.56604 3 1 711.365 0.298449 2383.54 81 53 14.5998 9.50255e-05 1.25273 3 
2.90864 0.000895675 -1 1.06595 0.187219 0.0228391 17.1989 7799.59 12 1275.83 0.140173 2.1376 4 1 1074.6 0.561989 1912.14 81 13 21.6433 5.95653e-05 2.67743 4 
2.92387 0.000899547 -1 1.06878 0.187543 0.0152261 17.2113 7853.46 4 534.788 0.310885 6.44014 3 1 885.888 0.357238 2479.83 81 12 12.0541 9.90938e-05 2.65312 3 
2.9391 0.000906288 -1 1.07157 0.187622 0.0152261 17.2243 7906.96 7 550.36 0.362014 2.84813 2 1 568.968 0.724602 785.214 81 13 10.697 4.82108e-05 2.57774 3 
2.95432 0.0009158 -1 1.07437 0.187795 0.0152261 17.237 7960.57 7 388.975 0.401536 2.67054 2 1 491.434 0.710759 691.422 81 12 7.743 4.01032e-05 2.75726 3 
2.96955 0.00092569 -1 1.07719 0.188062 0.0152261 17.2486 8014.55 6 177.06 0.416771 2.74181 2 1 255.751 0.698098 366.353 81 10 8.48583 3.3803e-05 3.46716 3 
2.98477 0.000934607 -1 1.08002 0.188366 0.0152261 17.2633 8067.07 6 554.661 0.376376 3.3734 2 1 239.762 0.204225 1174.01 81 22 9.1387 8.77695e-05 1.69071 2 
3 0.000942547 -1 1.08289 0.188654 0.0152261 17.276 8120.4 6 518.147 0.377522 3.33364 2 1 439.641 0.576124 763.101 81 16 9.64621 8.88709e-05 2.06407 2 

# Multigrid, 137 steps, 138.304 CPU, 17.29 real, 8.11e+03 points.step/s, 24 var
