0.910228 0
0.911593 0.0625

0.911231 0.0625
0.916051 0.125

0.917106 0.125
0.923994 0.1875

0.928376 0.1875
0.92646 0.25

0.899691 0.25
0.932731 0.3125

0.92813 0.3125
0.9375 0.319117

0.9375 0.302299
0.950325 0.3125

0.95532 0.3125
1 0.329303

1 0.322003
1.0625 0.315588

1.125 0.289866
1.07579 0.3125

1.0625 0.320135
1.07952 0.3125

1.1875 0.236413
1.17446 0.25

1.125 0.286674
1.16834 0.25

1.25 0.136871
1.22309 0.1875

1.1875 0.229256
1.22149 0.1875

1.27742 0
1.27201 0.0625

1.2727 0.0625
1.25508 0.125

1.25 0.134552
1.25497 0.125

kappa_offset_provider_stats evaluations=1322 clamp_hits=0 denominator_guard_hits=0 min_abs_denominator=0.71921299852223153 max_abs_d_over_h=0.50004613395103159 grad_samples=1322 grad_min=0.77229249569444058 grad_mean=0.98204729976682703 grad_std=0.041131843437588737 grad_max=1.0334996859271004
