0.794615 0
0.794626 0.00390625

0.794626 0.00390625
0.794658 0.0078125

0.794659 0.0078125
0.794714 0.0117188

0.794714 0.0117188
0.794791 0.015625

0.794791 0.015625
0.794892 0.0195312

0.794892 0.0195312
0.795016 0.0234375

0.795016 0.0234375
0.795163 0.0273438

0.795162 0.0273438
0.795331 0.03125

0.795331 0.03125
0.795522 0.0351562

0.795522 0.0351562
0.795734 0.0390625

0.795734 0.0390625
0.795969 0.0429688

0.795969 0.0429688
0.796226 0.046875

0.796227 0.046875
0.796503 0.0507812

0.796498 0.0507812
0.796804 0.0546875

0.796808 0.0546875
0.796875 0.0554536

0.796875 0.0554725
0.797147 0.0585938

0.797146 0.0585938
0.797516 0.0625

0.797518 0.0625
0.797918 0.0664062

0.797919 0.0664062
0.798341 0.0703125

0.798342 0.0703125
0.798782 0.0742188

0.798782 0.0742188
0.799239 0.078125

0.799237 0.078125
0.799717 0.0820312

0.799718 0.0820312
0.800222 0.0859375

0.800208 0.0859375
0.800761 0.0898438

0.800771 0.0898438
0.800781 0.0899079

0.800781 0.0898995
0.801381 0.09375

0.801385 0.09375
0.802016 0.0976562

0.802019 0.0976562
0.802662 0.101562

0.802657 0.101562
0.803315 0.105469

0.803314 0.105469
0.803996 0.109375

0.803976 0.109375
0.804688 0.113079

0.804688 0.113087
0.804725 0.113281

0.804747 0.113281
0.805565 0.117188

0.805574 0.117188
0.806398 0.121094

0.806391 0.121094
0.807216 0.125

0.8072 0.125
0.808071 0.128906

0.808063 0.128906
0.808594 0.131063

0.808594 0.131037
0.809031 0.132812

0.809058 0.132812
0.81006 0.136719

0.810056 0.136719
0.811046 0.140625

0.811015 0.140625
0.812061 0.144531

0.812057 0.144531
0.8125 0.146039

0.8125 0.145973
0.813225 0.148438

0.813254 0.148438
0.814418 0.152344

0.814385 0.152344
0.815557 0.15625

0.815534 0.15625
0.816406 0.158898

0.816406 0.15887
0.81683 0.160156

0.816878 0.160156
0.81821 0.164062

0.81817 0.164062
0.819517 0.167969

0.819496 0.167969
0.820312 0.170149

0.820312 0.170084
0.820984 0.171875

0.821026 0.171875
0.822516 0.175781

0.822443 0.175781
0.823994 0.179688

0.823995 0.179688
0.824219 0.180216

0.824219 0.180075
0.825706 0.183594

0.825675 0.183594
0.827368 0.1875

0.827331 0.1875
0.828125 0.189232

0.828125 0.189109
0.829178 0.191406

0.829176 0.191406
0.831028 0.195312

0.830968 0.195312
0.832031 0.197454

0.832031 0.19734
0.832964 0.199219

0.832964 0.199219
0.834997 0.203125

0.834933 0.203125
0.835938 0.204982

0.835938 0.204845
0.837121 0.207031

0.83709 0.207031
0.839326 0.210938

0.839288 0.210938
0.839844 0.211883

0.839844 0.211748
0.841673 0.214844

0.841605 0.214844
0.84375 0.218283

0.84375 0.218254
0.844055 0.21875

0.844089 0.21875
0.846659 0.222656

0.846597 0.222656
0.847656 0.224231

0.847656 0.22411
0.849322 0.226562

0.849268 0.226562
0.851562 0.229747

0.851562 0.229711
0.852107 0.230469

0.852106 0.230469
0.855086 0.234375

0.855079 0.234375
0.855469 0.234875

0.855469 0.234858
0.8582 0.238281

0.858188 0.238281
0.859375 0.23973

0.859375 0.239674
0.861473 0.242188

0.861472 0.242188
0.863281 0.244273

0.863281 0.244246
0.864924 0.246094

0.864955 0.246094
0.867188 0.248507

0.867188 0.248532
0.868586 0.25

0.868627 0.25
0.871094 0.252501

0.871094 0.252543
0.872484 0.253906

0.872519 0.253906
0.875 0.256259

0.875 0.256302
0.876656 0.257812

0.876663 0.257812
0.878906 0.259799

0.878906 0.259829
0.881154 0.261719

0.881092 0.261719
0.882812 0.263143

0.882812 0.263137
0.885951 0.265625

0.88589 0.265625
0.886719 0.266262

0.886719 0.26622
0.890625 0.269145

0.890625 0.26916
0.891147 0.269531

0.891156 0.269531
0.894531 0.27193

0.894531 0.271945
0.896819 0.273438

0.896756 0.273438
0.898438 0.274529

0.898438 0.274447
0.902344 0.276835

0.902344 0.276887
0.903138 0.277344

0.903134 0.277344
0.90625 0.279137

0.90625 0.279106
0.910156 0.281165

0.910156 0.281168
0.910321 0.28125

0.910334 0.28125
0.914062 0.283099

0.914062 0.283132
0.917969 0.284889

0.917969 0.284912
0.918556 0.285156

0.918788 0.285156
0.921875 0.286438

0.921875 0.286484
0.925781 0.288026

0.925781 0.288113
0.92867 0.289062

0.929031 0.289062
0.929688 0.289278

0.929688 0.289236
0.933594 0.290412

0.933594 0.290475
0.9375 0.291686

0.9375 0.291762
0.941406 0.29273

0.941406 0.29277
0.942611 0.292969

0.943391 0.292969
0.945312 0.293286

0.945312 0.293224
0.949219 0.293846

0.949219 0.293908
0.953125 0.294614

0.953125 0.294629
0.957031 0.295268

0.957031 0.295264
0.960938 0.295813

0.960938 0.295826
0.964844 0.296268

0.964844 0.296275
0.96875 0.296569

0.96875 0.296571
0.972656 0.296698

0.972656 0.296687
0.976562 0.296668

0.976562 0.29665
0.980469 0.29654

0.980469 0.296536
0.984375 0.296378

0.984375 0.296396
0.988281 0.296163

0.988281 0.296187
0.992188 0.295794

0.992188 0.295801
0.996094 0.295187

0.996094 0.295169
1 0.294355

1 0.294289
1.00391 0.293442

1.00781 0.292835
1.00689 0.292969

1.00391 0.29333
1.00639 0.292969

1.00781 0.292885
1.01172 0.292574

1.01172 0.292799
1.01562 0.292091

1.01562 0.292006
1.01953 0.290623

1.01953 0.290279
1.02344 0.289078

1.02734 0.288602
1.02479 0.289062

1.02734 0.288985
1.03125 0.287556

1.03125 0.286878
1.03516 0.285228

1.03906 0.284518
1.03678 0.285156

1.03516 0.285159
1.03517 0.285156

1.03906 0.284722
1.04297 0.283024

1.04688 0.280959
1.04614 0.28125

1.04297 0.282288
1.04561 0.28125

1.05078 0.280019
1.04791 0.28125

1.05469 0.277331
1.05466 0.277344

1.05078 0.279139
1.05462 0.277344

1.05859 0.276524
1.0567 0.277344

1.05859 0.275828
1.0625 0.273876

1.06641 0.272548
1.0646 0.273438

1.0625 0.273629
1.06289 0.273438

1.06641 0.271981
1.07031 0.27004

1.07422 0.268617
1.07261 0.269531

1.07031 0.269804
1.07079 0.269531

1.07812 0.265294
1.0776 0.265625

1.07422 0.267798
1.07765 0.265625

1.08203 0.263197
1.07813 0.265625

1.08594 0.260552
1.08426 0.261719

1.08203 0.262832
1.08363 0.261719

1.08984 0.257799
1.08982 0.257812

1.08594 0.260147
1.08984 0.257828

1.09375 0.255853
1.09075 0.257812

1.09766 0.252444
1.09587 0.253906

1.09375 0.255314
1.0955 0.253906

1.10156 0.249105
1.10039 0.25

1.09766 0.252186
1.10046 0.25

1.10156 0.249131
1.10547 0.246461

1.10938 0.24395
1.10649 0.246094

1.10547 0.246294
1.10576 0.246094

1.11328 0.240408
1.11124 0.242188

1.10938 0.243531
1.11096 0.242188

1.11719 0.236751
1.11553 0.238281

1.11328 0.240242
1.11548 0.238281

1.12109 0.232919
1.11959 0.234375

1.11719 0.236748
1.11971 0.234375

1.125 0.229036
1.12361 0.230469

1.12109 0.233049
1.12369 0.230469

1.12891 0.224849
1.12735 0.226562

1.125 0.229122
1.12739 0.226562

1.13281 0.2205
1.13086 0.222656

1.12891 0.22487
1.13088 0.222656

1.13672 0.216264
1.13455 0.21875

1.13281 0.22051
1.13441 0.21875

1.14062 0.211383
1.13795 0.214844

1.13672 0.216242
1.1379 0.214844

1.14453 0.206771
1.14431 0.207031

1.14378 0.207031
1.14076 0.210938

1.14062 0.211481
1.14102 0.210938

1.14453 0.206058
1.14716 0.203125

1.15234 0.194513
1.1518 0.195312

1.15186 0.195312
1.14997 0.199219

1.14844 0.20231
1.15057 0.199219

1.15234 0.19416
1.15454 0.191406

1.16016 0.182412
1.15947 0.183594

1.16016 0.183758
1.15864 0.1875

1.15625 0.190466
1.15865 0.1875

1.16406 0.175171
1.16379 0.175781

1.16406 0.178817
1.16351 0.179688

1.16016 0.181483
1.16132 0.179688

1.16016 0.183927
1.16029 0.183594

1.16634 0.171875
1.16418 0.175781

1.16406 0.178255
1.16559 0.175781

1.17078 0.164062
1.16884 0.167969

1.16797 0.171293
1.16991 0.167969

1.17465 0.15625
1.17272 0.160156

1.17188 0.163697
1.17363 0.160156

1.17969 0.144366
1.17962 0.144531

1.17969 0.148402
1.17967 0.148438

1.17838 0.148438
1.17646 0.152344

1.17578 0.15582
1.17744 0.152344

1.18359 0.135993
1.18331 0.136719

1.18359 0.140022
1.18334 0.140625

1.18152 0.140625
1.17979 0.144531

1.17969 0.148059
1.18115 0.144531

1.1875 0.128708
1.18746 0.128906

1.1875 0.129742
1.18594 0.132812

1.18359 0.135666
1.18473 0.132812

1.18359 0.138791
1.18448 0.136719

1.19141 0.116646
1.19132 0.117188

1.19141 0.119966
1.19095 0.121094

1.18945 0.121094
1.18764 0.125

1.18835 0.125
1.18754 0.128906

1.1875 0.129718
1.18791 0.128906

1.19531 0.105038
1.19528 0.105469

1.19531 0.107656
1.19474 0.109375

1.19376 0.109375
1.19195 0.113281

1.19141 0.11693
1.192 0.113281

1.19141 0.119316
1.19226 0.117188

1.19895 0.0859375
1.19874 0.0898438

1.19922 0.0925997
1.19903 0.09375

1.19849 0.09375
1.19672 0.0976562

1.19531 0.10142
1.19635 0.0976562

1.19558 0.101562
1.19532 0.105469

1.19531 0.107118
1.19586 0.105469

1.20298 0.0664062
1.20268 0.0703125

1.203 0.0703125
1.20281 0.0742188

1.20301 0.0742188
1.20188 0.078125

1.20131 0.078125
1.19998 0.0820312

1.20024 0.0820312
1.19934 0.0859375

1.19922 0.0872876
1.1993 0.0859375

1.19922 0.0926738
1.19967 0.0898438

1.20703 0.0483904
1.20655 0.0507812

1.20631 0.0507812
1.20503 0.0546875

1.20491 0.0546875
1.20387 0.0585938

1.20381 0.0585938
1.20337 0.0625

1.20369 0.0625
1.20331 0.0664062

1.20312 0.066763
1.20315 0.0664062

1.20978 0
1.20978 0.00390625

1.20982 0.00390625
1.20972 0.0078125

1.20967 0.0078125
1.20948 0.0117188

1.20949 0.0117188
1.20928 0.015625

1.20931 0.015625
1.20902 0.0195312

1.20897 0.0195312
1.20864 0.0234375

1.20864 0.0234375
1.20837 0.0273438

1.20841 0.0273438
1.20814 0.03125

1.20812 0.03125
1.20784 0.0351562

1.20783 0.0351562
1.20759 0.0390625

1.20762 0.0390625
1.20739 0.0429688

1.2074 0.0429688
1.20711 0.046875

1.20703 0.048305
1.20732 0.046875

kappa_offset_provider_stats evaluations=1187751 clamp_hits=0 denominator_guard_hits=0 min_abs_denominator=0.74819628982655473 max_abs_d_over_h=1.5474771667937992 grad_samples=1187751 grad_min=0.67283103161883528 grad_mean=1.4786657657113611 grad_std=0.90244151552368723 grad_max=9.2909987613556648
