t sb -1 xb vb dt perf.t perf.speed
0 0 -1 0.5 0 0.000474636 0 0 
0.000474636 0 -1 0.5 -9.51914e-05 0.000474636 0.012224 335079 1 1696.98 209.295 8.10809 4 
0.00138056 2.40758e-06 -1 0.5 -0.000151396 0.000905927 0.018592 440620 1 281.58 70.0474 4.01984 4 1 338.348 95.1479 3.55603 4 1 0.000557823 1.37629e-08 40531.1 4 
0.00267867 -3.20397e-06 -1 0.499999 2.29909e-05 0.0012981 0.024938 492742 1 132.034 33.949 3.88918 4 1 496.301 117.179 4.23542 4 1 0.000697773 7.9129e-08 8818.18 4 
0.00433282 -1.39428e-05 -1 0.499999 0.00067014 0.00165415 0.031225 524708 1 55.7767 23.1431 2.41008 4 1 283.473 27.9252 10.1512 4 1 0.000856011 2.57673e-07 3322.08 4 
0.00631146 -2.9187e-05 -1 0.500001 0.00186365 0.00197864 0.038207 536027 1 23.6946 19.3402 1.22515 4 1 39.6162 19.5539 2.026 4 1 0.00143917 7.55534e-07 1904.83 4 
0.00858457 -4.4542e-05 -1 0.500005 0.0034814 0.00227311 0.044148 556673 1 19.5307 10.2162 1.91173 4 1 24.1563 3.28346 7.35694 4 1 0.00217373 1.73604e-06 1252.12 4 
0.0111261 -5.65924e-05 -1 0.500013 0.00536371 0.00254156 0.050142 571816 1 6.83114 4.08178 1.67357 4 1 31.3209 9.76857 3.20629 4 1 0.00301364 3.34381e-06 901.26 4 
0.0139091 -6.25767e-05 -1 0.500028 0.0074026 0.00278294 0.056324 581777 1 8.1652 0.676285 12.0736 4 1 27.3911 17.1451 1.5976 4 1 0.00376774 5.47373e-06 688.331 4 
0.0169132 -6.07935e-05 -1 0.50005 0.00944388 0.00300412 0.062338 591357 1 9.27682 3.97607 2.33316 4 1 40.9663 20.1643 2.03163 4 1 0.00446263 8.07633e-06 552.557 4 
0.0201208 -5.14426e-05 -1 0.50008 0.0114002 0.00320762 0.068333 599418 1 9.31495 5.80647 1.60424 4 1 28.0242 21.2058 1.32153 4 1 0.0050248 1.10826e-05 453.394 4 
0.0235109 -3.6908e-05 -1 0.500119 0.0131943 0.00339008 0.074307 606349 1 9.05848 6.09258 1.48681 4 1 25.376 18.0676 1.40451 4 1 0.00546528 1.42543e-05 383.413 4 
0.027067 -2.04115e-05 -1 0.500166 0.0148818 0.00355614 0.080276 612288 1 17.578 4.38684 4.00698 4 1 44.8389 14.3144 3.13244 4 1 0.00579643 1.74327e-05 332.502 4 
0.0307739 -5.42991e-06 -1 0.500221 0.0164488 0.0037069 0.086239 617447 1 8.23028 3.14808 2.61438 4 1 17.0419 8.4902 2.00724 4 1 0.00610871 2.06954e-05 295.172 4 
0.0346151 5.01074e-06 -1 0.500284 0.0180373 0.00384117 0.092199 621959 1 7.73307 1.10635 6.9897 4 1 10.5264 3.56167 2.95546 4 1 0.00635073 2.38824e-05 265.917 4 
0.0385848 9.39519e-06 -1 0.500355 0.0196798 0.00396973 0.098146 626006 1 7.10952 0.710075 10.0124 4 1 15.2996 0.733166 20.8679 4 1 0.00668285 2.76561e-05 241.641 4 
0.0426695 7.56785e-06 -1 0.500435 0.0214437 0.00408471 0.104099 629555 1 6.37627 2.08561 3.05727 4 1 7.76325 3.34698 2.31948 4 1 0.00701448 3.15488e-05 222.337 4 
0.0468525 6.17488e-07 -1 0.500524 0.0235038 0.00418293 0.111113 626677 2 3460.03 5.60776 24.8396 3 1 12.4901 4.6378 2.69312 4 1 0.00736975 3.5569e-05 207.196 4 
0.0511324 -8.54628e-06 -1 0.500624 0.0255147 0.00427992 0.116921 630580 1 18.5181 2.31807 7.98859 3 1 13.9065 3.42704 4.05788 4 1 0.00784996 4.06536e-05 193.094 4 
0.0554946 -1.65412e-05 -1 0.500735 0.0277647 0.00436223 0.124344 625877 3 3486.46 3.53024 9.95849 2 1 13.357 2.38908 5.59084 4 1 0.0081667 4.46082e-05 183.076 4 
0.0599358 -2.25432e-05 -1 0.500858 0.0300952 0.00444118 0.129886 630707 1 17.3263 1.89066 9.16418 2 1 11.7694 0.998951 11.7817 4 1 0.00865592 4.94097e-05 175.187 4 
0.0644451 -2.56593e-05 -1 0.500993 0.0324378 0.0045093 0.135391 635315 1 18.1765 1.75352 10.3657 2 1 7.54558 1.34312 5.61796 4 1 0.00901577 5.34784e-05 168.587 4 
0.0690176 -2.55362e-05 -1 0.501141 0.0347801 0.00457252 0.140909 639505 1 18.2039 2.07794 8.76053 2 1 7.69864 2.412 3.19181 4 1 0.00931258 5.74188e-05 162.187 4 
0.0736552 -2.23785e-05 -1 0.501302 0.0371077 0.00463763 0.146412 643445 1 17.935 2.34455 7.64963 2 1 4.55494 3.12877 1.45583 4 1 0.00958039 6.14649e-05 155.868 4 
0.0783449 -1.68199e-05 -1 0.501476 0.0394056 0.00468966 0.151915 647099 1 17.5331 2.39875 7.30927 2 1 4.68847 3.23823 1.44785 4 1 0.00978834 6.49279e-05 150.757 4 
0.0830802 -9.55818e-06 -1 0.501662 0.0415657 0.00473526 0.159952 640192 4 3364.79 1.36319 7.04856 2 1 34.9806 3.07401 11.3795 4 1 0.00996912 6.81149e-05 146.358 4 
0.087862 -3.92618e-06 -1 0.50186 0.0437289 0.00478184 0.165503 643469 1 14.042 2.08969 6.71965 2 1 5.18387 1.20418 4.30488 4 1 0.00999888 7.06036e-05 141.62 4 
0.0926834 1.13741e-07 -1 0.502071 0.0458899 0.00482142 0.171039 646589 1 15.7484 1.9861 7.92931 2 1 5.27042 0.624705 8.43664 4 1 0.0101879 7.36633e-05 138.303 4 
0.097537 2.25276e-06 -1 0.502294 0.0480471 0.00485362 0.176563 649559 1 16.5348 1.78307 9.27322 2 1 5.43096 0.587418 9.24547 4 1 0.010321 7.62866e-05 135.292 4 
0.102423 2.43254e-06 -1 0.502528 0.0502547 0.0048863 0.184623 643387 4 3345.51 1.03212 7.54541 2 1 6.06485 1.03393 5.86584 4 1 0.0104804 7.90866e-05 132.518 4 
0.107343 1.35057e-06 -1 0.502775 0.0524992 0.00491949 0.190148 646233 1 16.4026 2.84335 5.76876 2 1 8.19625 1.41389 5.79695 4 1 0.0107032 8.24145e-05 129.87 4 
0.112288 2.43609e-07 -1 0.503035 0.0547264 0.00494471 0.195654 648982 1 11.4849 1.97522 5.81447 2 1 21.8262 0.629989 34.6453 4 1 0.010869 8.49915e-05 127.883 4 
0.117258 -1.45684e-06 -1 0.503307 0.0569776 0.00497025 0.201174 651535 1 9.35526 1.82191 5.13488 2 1 10.5854 0.979648 10.8053 4 1 0.0111549 8.73897e-05 127.645 4 
0.122254 -3.49659e-06 -1 0.503592 0.0592397 0.00499609 0.206678 654003 1 15.6627 2.19315 7.14164 2 1 7.45462 0.656955 11.3472 4 1 0.0118333 9.00585e-05 131.396 4 
0.127267 -5.47144e-06 -1 0.503889 0.0615034 0.0050135 0.213879 651135 3 3401.73 3.13476 10.2762 2 1 12.2867 0.546248 22.4929 4 1 0.0122267 9.20184e-05 132.872 4 
0.132298 -6.22145e-06 -1 0.504199 0.0638059 0.00503106 0.219448 653275 1 12.7176 1.95029 6.52089 2 1 12.9804 0.797123 16.2841 4 1 0.0124171 9.40994e-05 131.957 4 
0.137347 -6.10283e-06 -1 0.504521 0.0660322 0.00504877 0.226776 650228 3 3168.09 2.55862 10.7382 2 1 9.4696 0.727367 13.019 4 1 0.0122085 9.57058e-05 127.563 4 
0.142414 -4.95023e-06 -1 0.504856 0.0683833 0.00506664 0.233257 649721 2 25.9009 0.496085 7.22569 2 1 11.9122 0.693188 17.1846 4 1 0.0120825 9.66637e-05 124.995 4 
0.147489 -3.85535e-06 -1 0.505204 0.070636 0.00507564 0.238857 651637 1 17.6129 2.98787 5.89481 2 1 78.422 1.40591 55.7801 4 1 0.0125601 9.67084e-05 129.876 4 
0.152583 -1.79383e-06 -1 0.505564 0.0729267 0.00509377 0.246218 648791 3 3513.29 3.656 9.86815 2 1 8.43932 0.958257 8.80694 4 1 0.0126086 9.74549e-05 129.379 4 
0.157686 -4.47363e-07 -1 0.505937 0.0750979 0.0051029 0.251813 650642 1 24.56 3.42773 7.16509 2 1 11.5618 1.2912 8.95427 4 1 0.0132802 9.7971e-05 135.552 4 
0.162798 1.27436e-06 -1 0.506321 0.0772698 0.00511208 0.259988 645938 4 3655.94 1.19717 7.4338 2 1 21.5451 0.64745 33.2769 4 1 0.0130984 9.94144e-05 131.755 4 
0.16792 2.68011e-06 -1 0.506718 0.0794724 0.0051213 0.269525 638278 4 3605.96 0.487041 9.27607 2 1 23.533 0.895856 26.2687 4 2 0.0133437 1.49647e-06 94.4286 3 
0.17305 3.41294e-06 -1 0.507126 0.0816442 0.00513058 0.278465 632496 4 3262.24 0.439776 9.2805 2 1 20.0022 0.537049 37.2448 4 2 0.0140556 1.37263e-05 31.9999 2 
0.17819 3.48314e-06 -1 0.507547 0.0838173 0.00513991 0.287147 627637 4 3709.42 1.19588 7.46284 2 1 10.5473 0.488979 21.5701 4 2 0.0143284 2.91842e-05 22.1577 2 
0.183339 2.79199e-06 -1 0.507979 0.0860087 0.00514929 0.295875 622966 4 3499.98 0.596166 8.75336 2 1 12.8659 0.626204 20.5458 4 2 0.0158177 2.95189e-05 23.1484 2 
0.188489 2.38859e-06 -1 0.508423 0.0882245 0.00514929 0.304556 618658 4 2577.89 3.47873 5.21748 2 1 22.7973 0.788568 28.9097 4 2 0.0160445 2.99105e-05 23.1607 2 
0.193647 1.88367e-06 -1 0.508879 0.0903316 0.00515874 0.313301 614463 4 3564.74 0.598818 8.78382 2 1 17.1496 1.00221 17.1118 4 2 0.0155931 3.05315e-05 22.5991 2 
0.198806 1.17056e-06 -1 0.509346 0.0925258 0.00515874 0.321985 610612 4 3598.8 3.31598 5.73967 2 1 13.3799 0.802917 16.6641 4 2 0.0151123 3.06799e-05 22.1942 2 
0.203974 -8.89154e-07 -1 0.509825 0.0945956 0.00516825 0.329835 608498 3 3561.35 3.6541 9.91467 2 1 13.7999 1.22761 11.2413 4 2 0.0155617 3.11718e-05 22.3433 2 
0.209143 -3.52071e-06 -1 0.510315 0.0967667 0.00516825 0.338536 604958 4 3671.78 0.89189 8.01016 2 1 22.0368 0.99269 22.1991 4 2 0.0157213 3.13952e-05 22.3776 2 
0.21432 -4.01579e-06 -1 0.510817 0.0988826 0.00517784 0.347213 601636 4 3189.73 0.44946 9.17837 2 1 86.6077 2.26044 38.3144 4 2 0.016802 3.31508e-05 22.513 2 
0.219498 -4.17972e-06 -1 0.511329 0.101047 0.00517784 0.355889 598479 4 3324.57 3.57832 5.52095 2 1 21.3267 0.844611 25.2504 4 2 0.0185898 3.50917e-05 23.0163 2 
0.224686 -5.07877e-06 -1 0.511853 0.103105 0.0051875 0.362854 598279 2 29.5767 0.850325 5.8977 2 1 16.2946 1.6127 10.1039 4 2 0.0179304 3.51616e-05 22.5819 2 
0.229873 -5.44885e-06 -1 0.512388 0.105186 0.0051875 0.369815 598094 2 30.2855 0.684661 6.65088 2 1 15.6598 0.942498 16.6152 4 2 0.0172108 3.5292e-05 22.0832 2 
0.235061 -5.69356e-06 -1 0.512934 0.10732 0.0051875 0.377645 596539 3 3069.18 3.50188 9.56989 2 1 16.435 0.742702 22.1286 4 2 0.0181816 3.56108e-05 22.5957 2 
0.240248 -6.14451e-06 -1 0.51349 0.109351 0.0051875 0.386318 593749 4 3315.88 1.05795 7.48226 2 1 19.4584 1.071 18.1685 4 2 0.0185616 3.61763e-05 22.6514 2 
0.245446 -6.01632e-06 -1 0.514057 0.111412 0.00519727 0.393293 593634 2 32.497 0.864251 6.13199 2 1 29.4149 0.859471 34.2244 4 2 0.0187698 3.71897e-05 22.4656 2 
0.250643 -5.47033e-06 -1 0.514634 0.113457 0.00519727 0.401972 591006 4 3622.44 1.43731 7.08537 2 1 20.8256 1.27786 16.2973 4 2 0.0191122 3.80472e-05 22.4127 2 
0.25584 -5.76941e-06 -1 0.515221 0.115464 0.00519727 0.408946 590944 2 42.7226 0.927178 6.78809 2 1 30.1645 2.03117 14.8508 4 2 0.0171081 3.89703e-05 20.9524 2 
0.261037 -6.00189e-06 -1 0.515817 0.117478 0.00519727 0.418656 587021 4 3834.72 0.915995 8.04378 2 1 25.4244 2.68528 9.46808 4 3 0.0206319 9.77822e-06 12.8261 2 
0.266235 -5.93325e-06 -1 0.516426 0.119511 0.00519727 0.42836 583285 4 3340.2 1.51713 6.84995 2 1 28.3174 3.00933 9.40986 4 3 0.021346 1.64644e-05 10.9041 2 
0.271432 -4.99464e-06 -1 0.517046 0.121462 0.00519727 0.437264 580775 3 3178.03 2.96587 10.233 2 1 26.9676 2.69172 10.0187 4 3 0.0217432 1.91851e-05 10.4261 2 
0.276639 -5.62611e-06 -1 0.517678 0.123452 0.00520719 0.445246 579563 2 43.0261 0.648248 8.14696 2 1 29.2642 2.31597 12.6358 4 3 0.0218671 1.82051e-05 10.63 2 
0.281846 -5.67458e-06 -1 0.518321 0.125432 0.00520719 0.455805 575123 5 3503.67 1.16119 4.96506 2 1 26.1462 2.64726 9.87669 4 3 0.0201009 1.38628e-05 11.3185 2 
0.287053 -6.68863e-06 -1 0.518974 0.127355 0.00520719 0.463819 574017 2 48.0667 0.786222 7.81897 2 1 27.1383 2.78522 9.74367 4 3 0.0217909 1.18178e-05 12.2625 2 
0.292261 -7.54457e-06 -1 0.519638 0.129319 0.00520719 0.472641 571969 3 2898.83 2.87856 10.0234 2 1 29.686 2.81945 10.529 4 3 0.0226446 1.01521e-05 13.0658 2 
0.297468 -8.40786e-06 -1 0.520312 0.131224 0.00520719 0.48062 570996 2 38.7884 0.645088 7.75428 2 1 29.0495 2.58326 11.2453 4 3 0.0216198 8.80957e-06 13.4886 2 
0.302675 -8.89987e-06 -1 0.520997 0.133152 0.00520719 0.489319 569216 4 3544.96 0.557616 8.92933 2 1 28.3394 3.35075 8.45764 4 2 0.0189501 9.27741e-05 14.292 2 
0.307882 -9.5971e-06 -1 0.521691 0.135059 0.00520719 0.49799 567529 4 2384.09 1.02395 6.94643 2 1 29.2552 2.51066 11.6524 4 2 0.021027 8.88365e-05 15.3848 2 
0.313089 -9.80239e-06 -1 0.522396 0.136947 0.00520719 0.506677 565883 4 3650.47 0.956483 7.85992 2 1 101.175 2.74464 36.8629 4 2 0.0226391 8.62106e-05 16.205 2 
0.318297 -9.50554e-06 -1 0.523111 0.138796 0.00520719 0.515374 564281 4 3681.35 0.598006 8.85779 2 1 29.7715 3.19318 9.32345 4 2 0.0236254 7.86545e-05 17.3312 2 
0.323504 -8.54076e-06 -1 0.523836 0.140678 0.00520719 0.524102 562700 4 3698.49 0.994622 7.80893 2 1 67.7405 2.6546 25.5182 4 2 0.0215601 6.21096e-05 18.6314 2 
0.328711 -9.10056e-06 -1 0.52457 0.142434 0.00520719 0.532769 561234 4 3582.1 3.07735 5.84104 2 1 29.4032 2.31102 12.7231 4 2 0.0225928 5.64139e-05 20.0121 2 
0.333918 -7.31325e-06 -1 0.525313 0.144301 0.00520719 0.541457 559793 4 3561.27 1.91206 6.5694 2 1 31.4915 1.28186 24.5671 4 2 0.0245161 5.56414e-05 20.9907 2 
0.339125 -7.86489e-06 -1 0.526066 0.146123 0.00520719 0.549338 559219 3 3600.17 2.38438 11.4723 2 1 37.9428 2.30226 16.4807 4 2 0.0245442 5.44397e-05 21.2333 2 
0.344333 -1.02744e-05 -1 0.526828 0.147956 0.00520719 0.558019 557859 4 3660.69 1.20354 7.42636 2 1 35.8245 1.78764 20.0401 4 2 0.0245422 5.30257e-05 21.5136 2 
0.34955 -1.05139e-05 -1 0.5276 0.149686 0.00521742 0.566717 556525 4 3315.07 1.24802 7.17906 2 1 29.3174 1.50816 19.4392 4 2 0.0246755 5.22974e-05 21.7217 2 
0.354767 -1.09441e-05 -1 0.528381 0.151497 0.00521742 0.573665 556924 2 43.3532 1.06959 6.36651 2 1 43.5867 2.00725 21.7147 4 2 0.0261917 5.10211e-05 22.6572 2 
0.359985 -1.05108e-05 -1 0.529168 0.153259 0.00521742 0.581467 556496 3 3355.42 2.4658 11.0814 2 1 47.3961 2.97632 15.9244 4 2 0.0222961 5.08265e-05 20.9445 2 
0.365202 -1.06071e-05 -1 0.529964 0.155011 0.00521742 0.588629 556683 2 43.3888 1.16759 6.09599 2 1 41.5423 4.48196 9.26879 4 2 0.0200691 5.0486e-05 19.9379 2 
0.37042 -9.99128e-06 -1 0.53077 0.156711 0.00521742 0.597398 555368 4 3464.79 1.33413 7.13871 2 1 47.9091 5.22218 9.17415 4 2 0.0195433 5.11474e-05 19.5473 2 
0.375637 -1.15063e-05 -1 0.531584 0.15845 0.00521742 0.606149 554108 4 3471.5 1.03207 7.61556 2 1 42.7152 3.81785 11.1883 4 2 0.0222743 5.1296e-05 20.8382 2 
0.380855 -1.15175e-05 -1 0.532408 0.160152 0.00521742 0.614844 552934 4 3772.8 0.907135 8.0306 2 1 33.5786 4.32431 7.76506 4 2 0.0269917 5.24119e-05 22.6934 2 
0.386072 -1.1911e-05 -1 0.533243 0.16183 0.00521742 0.622696 552539 3 2832.61 2.13438 10.9893 2 1 37.2244 3.17665 11.7181 4 2 0.0265487 5.27056e-05 22.4436 2 
0.391289 -1.33142e-05 -1 0.534088 0.163488 0.00521742 0.629687 552910 2 38.9286 0.998095 6.24523 2 1 42.7386 2.34938 18.1915 4 2 0.0284044 5.23861e-05 23.2854 2 
0.396507 -1.2579e-05 -1 0.534942 0.165109 0.00521742 0.638424 551759 4 3248.25 1.52121 6.79775 2 1 37.9874 3.37487 11.256 4 2 0.02494 5.21776e-05 21.8628 2 
0.401724 -1.28086e-05 -1 0.535805 0.166785 0.00521742 0.647093 550697 4 2150.52 1.00384 6.80331 2 1 38.8475 1.76243 22.042 4 2 0.0270234 5.12265e-05 22.968 2 
0.406942 -1.2829e-05 -1 0.536678 0.168411 0.00521742 0.657197 548463 4 3663.48 0.682386 8.55984 2 1 44.8964 2.0033 22.4113 4 2 0.0289237 4.95082e-05 24.1706 2 
0.412159 -1.25993e-05 -1 0.537559 0.169996 0.00521742 0.666177 547218 4 3242.12 0.767062 8.06305 2 1 38.8278 2.0289 19.1374 4 2 0.025557 4.52627e-05 23.7621 2 
0.417376 -1.22947e-05 -1 0.538448 0.171567 0.00521742 0.673186 547605 2 71.4189 1.42567 7.07778 2 1 43.5215 1.51166 28.7906 4 2 0.0286883 4.36754e-05 25.6291 2 
0.422594 -1.13725e-05 -1 0.539345 0.173115 0.00521742 0.681919 546599 4 3666.12 0.858695 8.08336 2 1 50.257 1.67307 30.0389 4 2 0.0291399 4.38262e-05 25.7856 2 
0.427811 -1.13687e-05 -1 0.54025 0.174707 0.00521742 0.690649 545620 4 3633.27 0.838181 8.11409 2 1 49.005 1.84651 26.5393 4 2 0.0296788 4.42278e-05 25.9045 2 
0.433029 -1.12322e-05 -1 0.541163 0.176215 0.00521742 0.69939 544657 4 3481.23 2.00058 6.45868 2 1 50.5465 1.56385 32.3219 4 2 0.0300831 4.61161e-05 25.5408 2 
0.438246 -1.19036e-05 -1 0.54208 0.177745 0.00521742 0.708105 543739 4 3704.84 0.845029 8.13719 2 1 57.3517 2.11019 27.1784 4 2 0.0283767 4.7732e-05 24.3824 2 
0.443464 -1.2737e-05 -1 0.543005 0.179149 0.00521742 0.715958 543496 3 3616.26 3.40702 10.2007 2 1 61.5821 5.81021 10.599 4 2 0.0260504 5.4079e-05 21.9479 2 
0.448681 -1.3899e-05 -1 0.543938 0.180723 0.00521742 0.724672 542612 4 3760.3 1.45057 7.13545 2 1 121.122 5.84758 20.7131 4 2 0.0247027 6.10277e-05 20.1191 2 
0.453898 -1.40953e-05 -1 0.544879 0.182179 0.00521742 0.733423 541723 4 3622.05 1.72684 6.76746 2 1 58.2212 5.00037 11.6434 4 2 0.0255159 6.84026e-05 19.3139 2 
0.459116 -1.40802e-05 -1 0.545828 0.183624 0.00521742 0.742143 540877 4 3300.81 3.10612 5.70953 2 1 75.6425 5.49345 13.7696 4 2 0.0284025 7.55791e-05 19.3855 2 
0.464333 -1.26229e-05 -1 0.546785 0.185077 0.00521742 0.750757 540127 4 3391.72 0.462119 9.25586 2 1 44.5978 4.61069 9.6727 4 2 0.0292378 8.08922e-05 19.0116 2 
0.469551 -1.1991e-05 -1 0.547749 0.18642 0.00521742 0.759344 539413 4 3371.44 2.57795 6.0136 2 1 53.5607 6.76223 7.92057 4 2 0.025908 8.43824e-05 17.5223 2 
0.474768 -1.16685e-05 -1 0.548721 0.187829 0.00521742 0.768787 538115 5 3445.4 0.794928 5.33805 2 1 52.2989 5.26896 9.92585 4 2 0.0299399 8.38217e-05 18.8993 2 
0.479986 -1.24146e-05 -1 0.5497 0.189217 0.00521742 0.778351 536766 4 3244.36 0.613547 8.52747 2 1 57.6318 7.02642 8.20216 4 3 0.0320316 1.04673e-05 14.5183 2 
0.485203 -1.25894e-05 -1 0.550687 0.190561 0.00521742 0.788057 535352 4 2650.45 1.17486 6.89182 2 1 52.7521 7.53446 7.00145 4 3 0.0298234 2.06643e-05 11.3009 2 
0.49042 -1.28529e-05 -1 0.551683 0.191901 0.00521742 0.796899 534552 3 3529.76 2.00461 12.0755 2 1 50.9724 5.18288 9.83478 4 3 0.0316125 2.11252e-05 11.4381 2 
0.495638 -1.31522e-05 -1 0.552686 0.193229 0.00521742 0.806496 533270 4 3327.2 1.26831 7.15671 2 1 73.7552 3.85943 19.1104 4 3 0.0320971 1.4952e-05 12.9 2 
0.500855 -1.35143e-05 -1 0.553694 0.19452 0.00521742 0.815223 532586 3 2924.88 3.35172 9.5561 2 1 58.3278 3.169 18.4057 4 3 0.0337312 1.14028e-05 14.3551 2 
0.506073 -1.51914e-05 -1 0.554707 0.195791 0.00521742 0.823082 532477 2 72.0581 1.32277 7.38073 2 1 76.4858 2.4522 31.1907 4 3 0.0292474 9.1634e-06 14.7235 2 
0.51129 -1.47065e-05 -1 0.555726 0.197046 0.00521742 0.832657 531273 4 3578.12 1.03948 7.65967 2 1 71.8876 6.29806 11.4142 4 3 0.0301702 7.73551e-06 15.7409 2 
0.516507 -1.34789e-05 -1 0.556754 0.198248 0.00521742 0.842209 530111 4 3647.77 1.81589 6.69476 2 1 64.7993 5.90458 10.9744 4 3 0.0277804 7.14694e-06 15.7231 2 
0.521725 -1.12881e-05 -1 0.557788 0.199504 0.00521742 0.851245 529295 4 3836.6 0.832866 8.2384 2 1 60.1332 4.92218 12.2168 4 2 0.0298188 9.09656e-05 18.1053 2 
0.526942 -1.16674e-05 -1 0.558829 0.200695 0.00521742 0.859869 528750 4 3454.12 1.0027 7.6611 2 1 49.7861 3.70467 13.4388 4 2 0.0306675 6.66297e-05 21.4538 2 
0.53216 -1.10975e-05 -1 0.559877 0.201885 0.00521742 0.868467 528232 4 3816.86 1.74467 6.83909 2 1 56.5597 3.71909 15.208 4 2 0.0295828 4.80874e-05 24.803 2 
0.537377 -1.2341e-05 -1 0.560933 0.20301 0.00521742 0.877024 527748 4 3924.29 0.921185 8.07893 2 1 59.4974 2.70391 22.0042 4 2 0.0304548 5.06168e-05 24.529 2 
0.542595 -1.16547e-05 -1 0.561993 0.204128 0.00521742 0.885606 527259 4 3319.55 0.537006 8.86697 2 1 56.0017 3.01905 18.5495 4 2 0.0311635 6.03886e-05 22.7167 2 
0.547812 -1.15196e-05 -1 0.563059 0.205278 0.00521742 0.893356 527270 3 3418.22 1.49412 13.1766 2 1 66.6678 3.47713 19.1732 4 2 0.0319239 6.51813e-05 22.1308 2 
0.553029 -1.04062e-05 -1 0.564131 0.206407 0.00521742 0.900383 527704 2 54.3723 1.21018 6.7029 2 1 63.6804 3.18983 19.9635 4 2 0.0321257 5.57353e-05 24.0083 2 
0.558247 -8.85905e-06 -1 0.565207 0.207494 0.00521742 0.907313 528188 2 66.3935 2.08014 5.64958 2 1 71.3492 4.55908 15.6499 4 2 0.033821 5.62646e-05 24.5175 2 
0.563464 -7.16284e-06 -1 0.566283 0.208548 0.00521742 0.915944 527683 4 3613.23 1.00172 7.74974 2 1 83.239 4.49542 18.5164 4 2 0.0240419 5.54171e-05 20.8287 2 
0.568682 -6.88865e-06 -1 0.567365 0.209573 0.00521742 0.923698 527688 3 3355.68 2.19126 11.5265 2 1 82.9143 6.54631 12.6658 4 2 0.0286013 5.2566e-05 23.326 2 
0.573899 -4.349e-06 -1 0.568453 0.21062 0.00521742 0.931432 527704 3 2419.98 1.61786 11.4364 2 1 73.241 7.42558 9.86334 4 2 0.0320649 5.06461e-05 25.1618 2 
0.579117 -3.47864e-06 -1 0.569551 0.211641 0.00521742 0.940038 527230 4 3431.95 2.08503 6.36952 2 1 79.4786 8.22473 9.66337 4 2 0.0335179 4.85469e-05 26.2759 2 
0.584334 -3.48629e-06 -1 0.570656 0.212632 0.00521742 0.948625 526775 4 3303.72 1.60631 6.73432 2 1 74.0499 7.57076 9.78104 4 2 0.0306004 4.5596e-05 25.906 2 
0.589551 -2.34341e-06 -1 0.571767 0.2136 0.00521742 0.957267 526298 4 4069.67 1.11481 7.77301 2 1 81.6526 6.55038 12.4653 4 2 0.0327683 5.16321e-05 25.1923 2 
0.594769 -2.23846e-06 -1 0.572884 0.214573 0.00521742 0.965856 525859 4 3736.8 0.860667 8.11738 2 1 64.9313 7.25843 8.94564 4 2 0.0308186 5.84668e-05 22.9589 2 
0.599986 -2.04408e-06 -1 0.574006 0.215456 0.00521742 0.974461 525419 4 3940.24 1.77165 6.8673 2 1 56.6838 6.60686 8.57954 4 2 0.0309534 6.37254e-05 22.0393 2 
0.605204 -2.76073e-06 -1 0.575133 0.216312 0.00521742 0.983037 525002 4 3284.2 3.04583 5.73035 2 1 73.0181 6.59002 11.0801 4 2 0.0333627 6.52409e-05 22.6136 2 
0.610421 -3.24743e-07 -1 0.576263 0.217237 0.00521742 0.991606 524595 4 3206.54 0.905909 7.71326 2 1 74.0721 2.3293 31.8002 4 2 0.0337587 6.13968e-05 23.4488 2 
0.615638 1.48823e-07 -1 0.577394 0.218122 0.00521742 1.00104 523743 5 4054.49 0.955882 5.31504 2 1 73.4288 4.7389 15.4949 4 2 0.0313319 5.3303e-05 24.2448 2 
0.620856 -5.73654e-07 -1 0.578528 0.218952 0.00521742 1.01318 521509 4 3663.96 3.28834 5.77755 2 1 71.2594 5.06138 14.0791 4 2 0.0264521 5.63517e-05 21.6659 2 
0.626073 -2.1307e-06 -1 0.579667 0.219817 0.00521742 1.021 521527 3 70.8347 1.0232 4.10609 2 1 79.2144 6.19363 12.7896 4 2 0.029602 5.94279e-05 22.3185 2 
0.631291 -2.05921e-06 -1 0.580812 0.22064 0.00521742 1.02974 521082 4 4229.69 3.60699 5.85182 2 1 69.4872 5.23487 13.2739 4 2 0.0299506 6.11683e-05 22.1279 2 
0.636508 -2.78658e-06 -1 0.581962 0.22146 0.00521742 1.03847 520643 4 3469.29 1.14691 7.41614 2 1 64.9379 4.18389 15.5209 4 2 0.0273344 5.94847e-05 21.4364 2 
0.641726 -3.79957e-06 -1 0.583117 0.222246 0.00521742 1.04722 520205 4 1341.29 2.29669 4.91593 2 1 60.385 3.45338 17.4858 4 2 0.0317644 5.95507e-05 23.0955 2 
0.646943 -3.97758e-06 -1 0.584276 0.222983 0.00521742 1.05594 519789 4 3546.08 1.70531 6.75284 2 1 70.2814 3.34205 21.0294 4 2 0.0293081 5.94817e-05 22.1974 2 
0.65216 -2.69949e-06 -1 0.585439 0.223713 0.00521742 1.06378 519808 3 72.859 1.76272 3.45753 2 1 51.5834 4.51497 11.425 4 2 0.0313443 5.88114e-05 23.086 2 
0.657378 -2.07331e-06 -1 0.586605 0.224331 0.00521742 1.07259 519354 3 3403.03 3.41066 9.99254 2 1 76.0397 5.03749 15.0948 4 3 0.0343656 1.95266e-05 12.0735 2 
0.662595 -2.58172e-06 -1 0.587775 0.225123 0.00521742 1.08227 518497 4 2296.67 3.27559 5.14579 2 1 76.3819 4.93226 15.4862 4 3 0.0346101 2.50914e-05 11.1316 2 
0.667813 -1.13741e-06 -1 0.588944 0.225825 0.00521742 1.09188 517684 4 3931.3 2.85444 6.09191 2 1 84.8301 3.06908 27.6402 4 3 0.0312865 1.83549e-05 11.9454 2 
0.67303 -3.27639e-06 -1 0.590119 0.226487 0.00521742 1.10146 516898 4 3521.9 1.41834 7.0591 2 1 81.3346 13.1511 6.18462 4 3 0.0339686 1.31421e-05 13.7237 2 
0.678248 -3.17723e-06 -1 0.591298 0.227099 0.00521742 1.11103 516133 4 3485.68 3.07079 5.80443 2 1 81.017 11.1566 7.26181 4 3 0.0320979 1.0114e-05 14.6955 2 
0.683465 -2.58385e-06 -1 0.592484 0.227768 0.00521742 1.12078 515299 4 3537.57 2.50376 6.13095 2 1 79.3748 11.2678 7.04437 4 3 0.0304077 8.51217e-06 15.2867 2 
0.688682 -1.20944e-06 -1 0.593674 0.228403 0.00521742 1.13158 513999 5 3423.58 1.38163 4.77329 2 1 71.6061 11.429 6.26531 4 3 0.0325371 7.76168e-06 16.1241 2 
0.6939 -2.7945e-07 -1 0.594868 0.229016 0.00521742 1.14436 511840 4 3267.71 1.00448 7.55224 2 1 64.7787 10.363 6.25095 4 2 0.031902 8.86223e-05 18.973 2 
0.699117 -3.68026e-07 -1 0.596066 0.229633 0.00521742 1.15317 511479 4 4067.72 1.35881 7.39687 2 1 69.8972 9.63667 7.25325 4 2 0.0295188 5.93674e-05 22.2985 2 
0.704335 -1.27456e-06 -1 0.597267 0.230208 0.00521742 1.1619 511163 4 3382.45 1.31425 7.1226 2 1 61.2445 9.1003 6.72994 4 2 0.0298872 5.12525e-05 24.1482 2 
0.709552 -1.64083e-06 -1 0.598467 0.230702 0.00521742 1.17055 510886 4 4109.98 2.22986 6.55225 2 1 75.3917 7.50291 10.0483 4 2 0.0307162 6.63397e-05 21.5177 2 
0.714769 -1.57154e-06 -1 0.599664 0.2313 0.00521742 1.17924 510595 4 3269.99 1.0757 7.4253 2 1 82.6487 3.87222 21.344 4 2 0.0303179 7.20383e-05 20.5148 2 
0.719987 -1.22475e-06 -1 0.600864 0.231751 0.00521742 1.18792 510310 4 4751.3 1.93221 7.04189 2 1 82.0964 7.81953 10.4989 4 2 0.0292044 7.46172e-05 19.7836 2 
0.725204 1.72978e-06 -1 0.602068 0.232261 0.00521742 1.19757 509620 4 3429.89 0.704193 8.35405 2 1 65.975 7.60909 8.67054 4 3 0.0298086 1.08076e-05 14.024 2 
0.730422 1.31841e-06 -1 0.603277 0.232783 0.00521742 1.20723 508935 4 3340.76 0.884771 7.83887 2 1 61.2187 4.74151 12.9112 4 3 0.0292327 1.2723e-05 13.1955 2 
0.735639 1.30951e-06 -1 0.60449 0.23325 0.00521742 1.21689 508261 4 4765.27 1.3882 7.65436 2 1 51.1711 4.82836 10.598 4 3 0.0318738 1.26177e-05 13.6192 2 
0.740857 6.60534e-07 -1 0.605707 0.233673 0.00521742 1.22661 507571 4 3703.16 0.94841 7.90486 2 1 138.085 6.23945 22.1309 4 3 0.0331406 1.34774e-05 13.4975 2 
0.746074 -3.97207e-07 -1 0.606929 0.23413 0.00521742 1.23626 506922 4 3074.85 1.01259 7.42331 2 1 107.357 5.46782 19.6344 4 3 0.0350017 1.32831e-05 13.8122 2 
0.751291 -6.49396e-08 -1 0.608153 0.234538 0.00521742 1.24592 506279 4 3291.06 1.01382 7.5482 2 1 72.5531 4.53774 15.9888 4 3 0.0321474 1.28115e-05 13.5888 2 
0.756509 -1.46013e-06 -1 0.609376 0.234929 0.00521742 1.25559 505642 4 3386.75 0.701558 8.33546 2 1 78.8005 2.75794 28.5722 4 3 0.0351388 1.28048e-05 14.0003 2 
0.761726 -1.34502e-06 -1 0.610594 0.235308 0.00521742 1.26524 505026 4 3458.94 0.857105 7.97035 2 1 75.9523 3.06119 24.8114 4 3 0.0295081 1.26874e-05 13.2492 2 
0.766944 -6.89044e-07 -1 0.611818 0.235671 0.00521742 1.27536 504227 4 3353.13 0.480567 9.13953 2 1 73.0247 7.90377 9.23923 4 3 0.0319742 1.20084e-05 13.8603 2 
0.772161 -3.78288e-07 -1 0.613045 0.236046 0.00521742 1.28539 503479 4 4514.13 0.930516 8.3457 2 1 106.289 8.3935 12.6632 4 3 0.0338927 1.08392e-05 14.623 2 
0.777379 7.05038e-08 -1 0.614277 0.236369 0.00521742 1.29495 502924 4 2362.07 0.644413 7.78094 2 1 67.9906 7.93327 8.57031 4 3 0.0291455 9.66547e-06 14.4472 2 
0.782596 6.77888e-07 -1 0.615512 0.236703 0.00521742 1.30468 502314 4 3263.17 0.922869 7.71125 2 1 56.5213 7.27167 7.77281 4 3 0.0274899 9.11237e-06 14.4493 2 
0.787813 1.32448e-06 -1 0.616751 0.237019 0.00521742 1.31341 502093 3 2746.14 2.36984 10.5035 2 1 50.5114 7.09626 7.11804 4 3 0.0311337 8.91756e-06 15.1703 2 
0.793031 1.16253e-06 -1 0.61799 0.237305 0.00521742 1.32296 501565 4 3136.18 1.54659 6.71053 2 1 130.829 7.69491 17.002 4 3 0.0342027 8.73983e-06 15.7586 2 
0.798248 5.11984e-07 -1 0.619229 0.237601 0.00521742 1.33166 501365 3 2473.54 1.73899 11.2462 2 1 74.7481 6.63206 11.2707 4 3 0.0310942 8.26311e-06 15.5541 2 
0.803466 -3.54078e-07 -1 0.62046 0.237892 0.00521742 1.34525 499346 4 4921.83 1.51195 7.55349 2 1 71.8057 4.73854 15.1536 4 3 0.0284029 7.5773e-06 15.534 2 
0.808683 -2.8934e-06 -1 0.621691 0.238099 0.00521742 1.35477 498858 4 3634.57 0.988972 7.78605 2 1 63.7132 6.73676 9.45753 4 3 0.0302691 6.86376e-06 16.3988 2 
0.8139 -1.35805e-06 -1 0.622925 0.238341 0.00521742 1.36436 498354 4 5383.21 0.837145 8.95489 2 1 58.7409 7.64702 7.68154 4 3 0.0301143 7.03729e-06 16.2351 2 
0.819118 -1.47921e-06 -1 0.624165 0.238585 0.00521742 1.37309 498171 3 3114.9 0.969664 14.7551 2 1 60.8106 7.5177 8.08899 4 3 0.0346175 2.64514e-05 10.9383 2 
0.824335 -2.68365e-06 -1 0.62541 0.238775 0.00521742 1.38263 497696 4 3210.57 1.08669 7.37258 2 1 48.3333 6.60735 7.31508 4 3 0.0361325 2.71296e-05 11.0023 2 
0.829553 -2.95171e-06 -1 0.62666 0.238987 0.00521742 1.39133 497528 3 5440.64 3.48404 11.6017 2 1 72.0526 4.67289 15.4193 4 3 0.0337552 1.92092e-05 12.0673 2 
0.83477 -8.56685e-07 -1 0.627912 0.239197 0.00521742 1.40086 497066 4 3139.13 0.57765 8.58591 2 1 68.626 3.2755 20.9513 4 3 0.0360978 1.42838e-05 13.6211 2 
0.839988 4.53783e-07 -1 0.629165 0.239394 0.00521742 1.41059 496542 4 5724.88 0.965305 8.77557 2 1 140.14 3.46316 40.4659 4 3 0.0303359 9.76237e-06 14.5926 2 
0.845205 2.00267e-07 -1 0.630413 0.239586 0.00521742 1.42013 496090 4 4330.6 0.989959 8.13266 2 1 68.6609 2.24006 30.6513 4 3 0.0336702 7.9258e-06 16.1957 2 
0.850422 2.71419e-07 -1 0.631652 0.23971 0.00521742 1.42876 495961 4 4048.62 1.12506 7.74521 2 1 66.1767 2.65982 24.8801 4 2 0.0346585 9.06196e-05 19.5566 2 
0.85564 3.62871e-07 -1 0.632895 0.239884 0.00521742 1.43729 495865 4 3582.36 1.19115 7.40543 2 1 73.7474 5.78291 12.7527 4 2 0.0335729 6.28398e-05 23.1141 2 
0.860857 -5.62095e-07 -1 0.634144 0.239988 0.00521742 1.44585 495765 4 3016.05 1.20228 7.07715 2 1 63.2861 6.62124 9.55805 4 2 0.0316397 7.14644e-05 21.0412 2 
0.866075 1.27243e-06 -1 0.635395 0.240099 0.00521742 1.45441 495662 4 746.301 1.62398 4.63002 2 1 58.0855 5.41884 10.7192 4 2 0.0320726 8.62475e-05 19.2839 2 
0.871292 2.9865e-06 -1 0.636649 0.240237 0.00521742 1.46221 495819 3 3601.52 2.80604 10.8675 2 1 54.0121 5.5234 9.77878 4 2 0.0347015 9.38243e-05 19.2317 2 
0.87651 3.31922e-06 -1 0.637906 0.240351 0.00521742 1.47088 495680 4 3464.06 0.927417 7.81767 2 1 52.0784 5.95126 8.75081 4 2 0.0330571 9.17663e-05 18.9798 2 
0.881727 2.80627e-06 -1 0.639165 0.240433 0.00521742 1.47955 495544 4 5223.66 1.32677 7.92127 2 1 58.3007 4.79741 12.1525 4 2 0.0305607 8.22195e-05 19.2794 2 
0.886944 2.77302e-06 -1 0.640421 0.240504 0.00521742 1.48821 495413 4 3452.63 1.16824 7.37318 2 1 61.1418 4.97709 12.2847 4 2 0.0304742 7.55919e-05 20.0784 2 
0.892162 2.43721e-06 -1 0.641662 0.240603 0.00521742 1.49516 495850 2 86.4975 1.49428 7.60827 2 1 128.478 6.40776 20.0504 4 2 0.0323705 7.10293e-05 21.348 2 
0.897379 2.55335e-06 -1 0.642903 0.240699 0.00521742 1.50384 495714 4 5799.25 2.00502 7.33353 2 1 73.877 7.17761 10.2927 4 2 0.038505 6.93531e-05 23.5627 2 
0.902597 3.02995e-06 -1 0.644152 0.240744 0.00521742 1.5125 495581 4 3311.75 0.715679 8.24774 2 1 62.9063 6.48433 9.70129 4 2 0.035785 6.92065e-05 22.7393 2 
0.907814 2.25943e-06 -1 0.645405 0.2408 0.00521742 1.52032 495727 3 3215.94 2.90632 10.3432 2 1 59.1347 5.64329 10.4788 4 2 0.0404004 6.84206e-05 24.2996 2 
0.913031 1.55331e-06 -1 0.646663 0.240794 0.00521742 1.52905 495576 4 4244.23 0.999666 8.07209 2 1 90.5051 3.2425 27.9122 4 2 0.0355533 6.4294e-05 23.5155 2 
0.918249 9.42992e-07 -1 0.647925 0.240802 0.00521742 1.5377 495452 4 5581.76 0.673372 9.54177 2 1 55.577 2.47689 22.4382 4 2 0.0313104 5.83859e-05 23.1574 2 
0.923466 5.02627e-07 -1 0.649189 0.240845 0.00521742 1.5487 494576 2 112.316 1.48381 8.70027 2 1 61.1808 2.00096 30.5758 4 2 0.0340232 5.88026e-05 24.0541 2 
0.928684 1.17529e-06 -1 0.650455 0.240865 0.00521742 1.55739 494448 4 3281.82 0.57544 8.69018 2 1 63.2552 1.8673 33.8752 4 2 0.0338422 6.65323e-05 22.5534 2 
0.933901 1.96047e-06 -1 0.651712 0.24089 0.00521742 1.56606 494325 4 3296.35 3.35196 5.59994 2 1 65.0642 2.16977 29.9867 4 2 0.0377905 8.01576e-05 21.713 2 
0.939119 4.37189e-07 -1 0.652952 0.240888 0.00521742 1.57473 494204 4 3034.42 2.73356 5.77214 2 1 65.9269 3.37307 19.545 4 2 0.0399868 7.94629e-05 22.4324 2 
0.944336 -2.82206e-07 -1 0.654198 0.240885 0.00521742 1.5834 494085 4 6821.09 3.12833 6.83338 2 1 59.6873 5.24614 11.3774 4 2 0.0424789 6.83434e-05 24.9309 2 
0.949553 1.71195e-06 -1 0.655447 0.24083 0.00521742 1.59208 493965 4 3265.64 2.86176 5.81211 2 1 50.3044 4.92942 10.2049 4 2 0.0387999 7.39206e-05 22.9104 2 
0.954771 1.47919e-06 -1 0.6567 0.240789 0.00521742 1.60075 493847 4 4993.35 1.01503 8.37487 2 1 56.1323 5.06581 11.0806 4 2 0.035231 8.47699e-05 20.3864 2 
0.959988 2.46299e-06 -1 0.657957 0.240792 0.00521742 1.60944 493726 4 6646.52 1.34256 8.38813 2 1 69.4426 4.11028 16.8949 4 2 0.0370569 8.74714e-05 20.5827 2 
0.965206 4.22177e-07 -1 0.659217 0.24078 0.00521742 1.61641 494133 2 77.5679 1.81856 6.53097 2 1 57.7057 4.09716 14.0843 4 2 0.0420014 7.85795e-05 23.1194 2 
0.970423 -6.37875e-07 -1 0.660478 0.240734 0.00521742 1.62606 493719 4 3221.17 0.969514 7.59215 2 1 80.8195 3.9758 20.3279 4 3 0.04253 1.58139e-05 13.9065 2 
0.975641 -1.06201e-06 -1 0.661745 0.240584 0.00521742 1.63485 493570 3 4270.98 3.42571 10.7628 2 1 69.2883 4.64282 14.9237 4 3 0.0410887 3.74315e-05 10.3156 2 
0.980858 -1.73019e-06 -1 0.662993 0.240611 0.00521742 1.64449 493167 4 3149.98 2.78801 5.79767 2 1 69.6435 3.40181 20.4725 4 3 0.0388321 3.14013e-05 10.7337 2 
0.986075 -3.7807e-06 -1 0.664232 0.24054 0.00521742 1.65411 492775 4 3119.54 0.610373 8.4552 2 1 62.1811 3.567 17.4323 4 3 0.0411528 2.19468e-05 12.3313 2 
0.991293 -4.32715e-06 -1 0.665475 0.240446 0.00521742 1.66376 492378 4 3152.93 0.99623 7.50047 2 1 54.7277 3.47009 15.7712 4 3 0.0408982 1.6068e-05 13.6536 2 
0.99651 -3.98414e-06 -1 0.666724 0.240377 0.00521742 1.67338 491996 4 6089.93 1.31291 8.25267 2 1 54.3333 2.59913 20.9044 4 3 0.0415427 1.3845e-05 14.4234 2 
1.00173 -2.28472e-07 -1 0.667976 0.240161 0.00521742 1.68218 491856 3 3025.81 3.54527 9.48559 2 1 118.12 2.51998 46.8736 4 3 0.0414478 1.22308e-05 15.0204 2 
1.00695 -7.69127e-07 -1 0.669233 0.240101 0.00521742 1.68994 492021 3 1016.69 2.14842 7.79274 2 1 81.1832 2.9813 27.2309 4 2 0.0411574 9.82263e-05 20.4696 2 
1.01216 -1.81101e-06 -1 0.670493 0.240051 0.00521742 1.69859 491929 4 3072.81 1.10563 7.26075 2 1 86.1764 2.84112 30.3318 4 2 0.0409916 6.57227e-05 24.9741 2 
1.01738 -2.87102e-06 -1 0.671757 0.23995 0.00521742 1.70721 491842 4 3160.21 1.85067 6.42831 2 1 70.6622 2.70285 26.1435 4 2 0.04436 7.52504e-05 24.2796 2 
1.0226 -3.85393e-06 -1 0.67302 0.239834 0.00521742 1.71671 491506 5 4965.49 1.16499 5.3202 2 1 69.1136 3.05613 22.6147 4 2 0.0446905 8.94673e-05 22.3499 2 
1.02781 -1.7687e-06 -1 0.674266 0.239715 0.00521742 1.72538 491413 4 3360.24 0.754615 8.16886 2 1 61.4934 3.01205 20.4158 4 2 0.0441216 6.93466e-05 25.2239 2 
1.03303 -2.29649e-06 -1 0.675496 0.239638 0.00521742 1.73334 491517 3 3072.24 3.16375 9.90264 2 1 127.268 4.04166 31.4891 4 2 0.041844 5.86013e-05 26.7216 2 
1.03825 -4.65595e-06 -1 0.676731 0.239496 0.00521742 1.7419 491455 4 6429.33 1.3172 8.35851 2 1 57.3126 6.98925 8.20011 4 2 0.0393638 6.03822e-05 25.5326 2 
1.04347 -4.19738e-06 -1 0.677969 0.239344 0.00521742 1.75045 491394 4 3269.25 0.732633 8.17317 2 1 79.3049 4.75608 16.6744 4 2 0.0406355 6.32531e-05 25.3461 2 
1.04868 -4.03304e-06 -1 0.679212 0.239196 0.00521742 1.75896 491345 4 2884.31 2.16864 6.03898 2 1 75.2914 5.20759 14.458 4 2 0.0450632 7.29996e-05 24.8457 2 
1.0539 -3.39602e-06 -1 0.68046 0.239019 0.00521742 1.76836 491048 5 3536.8 1.09544 5.03274 2 1 84.2478 6.4293 13.1037 4 2 0.0496235 8.21088e-05 24.5838 2 
1.05912 -2.47182e-06 -1 0.681714 0.238744 0.00521742 1.77605 491231 3 3039.37 3.0162 10.0255 2 1 76.9184 4.43412 17.3469 4 2 0.0518964 8.32556e-05 24.9667 2 
1.06434 -1.88647e-06 -1 0.682971 0.238748 0.00521742 1.78457 491179 4 3756.5 0.596342 8.90886 2 1 63.2485 3.63099 17.4191 4 2 0.0608761 8.19994e-05 27.247 2 
1.06955 -2.07794e-06 -1 0.68423 0.238564 0.00521742 1.79309 491130 4 7834.03 2.6533 7.37139 2 1 89.3026 3.09658 28.8391 4 2 0.0532748 8.15797e-05 25.5546 2 
1.07477 -4.36608e-06 -1 0.685475 0.238381 0.00521742 1.79994 491536 2 171.999 2.68174 8.00857 2 1 62.8737 3.39406 18.5246 4 2 0.0460246 8.08099e-05 23.8651 2 
1.07999 -6.27726e-06 -1 0.686709 0.238219 0.00521742 1.80762 491714 3 3189.32 2.84593 10.387 2 1 75.9698 2.90783 26.1259 4 2 0.0434892 6.92905e-05 25.0527 2 
1.08521 -6.34657e-06 -1 0.687936 0.238076 0.00521742 1.81619 491648 4 7922.37 1.70129 8.26075 2 1 80.8919 3.33407 24.2622 4 2 0.0468177 7.45912e-05 25.0531 2 
1.09042 -5.26145e-06 -1 0.689168 0.237896 0.00521742 1.82484 491563 4 4218.17 2.25308 6.5779 2 1 65.4394 3.66771 17.842 4 2 0.0543438 6.199e-05 29.6084 2 
1.09564 -5.74956e-06 -1 0.690403 0.23765 0.00521742 1.83351 491473 4 3087.29 1.13669 7.21911 2 1 75.5119 3.23559 23.3379 4 2 0.0544648 6.01102e-05 30.1012 2 
1.10086 -7.78659e-06 -1 0.691642 0.237472 0.00521742 1.84215 491392 4 3223.97 1.75488 6.5469 2 1 70.7422 3.3479 21.1303 4 2 0.052317 6.05259e-05 29.4002 2 
1.10608 -1.06381e-05 -1 0.692884 0.237236 0.00521742 1.84997 491529 3 3160.7 2.36233 11.0191 2 1 81.5272 5.0701 16.08 4 2 0.0544565 5.88705e-05 30.4142 2 
1.11129 -1.22934e-05 -1 0.69413 0.237188 0.00521742 1.85861 491446 4 3280.25 0.923021 7.72101 2 1 57.588 5.14514 11.1927 4 2 0.0562642 6.26589e-05 29.9657 2 
1.11651 -1.32315e-05 -1 0.695375 0.237012 0.00521742 1.86727 491362 4 6719.42 1.20276 8.64547 2 1 70.1121 7.36423 9.52063 4 2 0.0574713 6.6288e-05 29.4448 2 
1.12173 -1.31979e-05 -1 0.696611 0.236901 0.00521742 1.8742 491729 2 155.207 1.73986 9.44493 2 1 91.4294 7.86977 11.6178 4 2 0.0578762 8.7196e-05 25.7633 2 
1.12695 -1.37253e-05 -1 0.697841 0.236707 0.00521742 1.88216 491827 2 142.439 1.82602 8.83204 2 1 92.6908 9.50963 9.74704 4 3 0.0570246 2.53469e-05 13.1033 2 
1.13216 -1.40304e-05 -1 0.699067 0.236453 0.00521742 1.89181 491483 4 3048.06 1.15381 7.16924 2 1 92.9582 8.84084 10.5146 4 3 0.0557933 2.54466e-05 12.9912 2 
1.13738 -1.41942e-05 -1 0.700285 0.236159 0.00521742 1.90061 491362 3 3183.51 2.84447 10.3825 2 1 82.7324 6.34722 13.0344 4 3 0.0553541 1.73745e-05 14.7145 2 
1.1426 -1.47095e-05 -1 0.701509 0.236011 0.00521742 1.91025 491026 4 4757.97 1.0035 8.29805 2 1 88.8838 3.30433 26.8992 4 3 0.0557572 1.31075e-05 16.2029 2 
1.14782 -1.53067e-05 -1 0.702736 0.23582 0.00521742 1.91991 490690 4 2672.96 0.435768 8.84982 2 1 87.6657 3.50231 25.0308 4 3 0.0591573 1.07512e-05 17.6543 2 
1.15303 -1.61767e-05 -1 0.703969 0.235583 0.00521742 1.92954 490365 4 3799.63 1.34005 7.29718 2 1 168.108 3.16186 53.1676 4 3 0.0527637 1.23014e-05 16.2477 2 
1.15825 -1.8737e-05 -1 0.705204 0.23537 0.00521742 1.93919 490037 4 7783.65 1.51865 8.46118 2 1 58.4168 3.50923 16.6466 4 3 0.0481993 8.36805e-06 17.9255 2 
1.16347 -2.19303e-05 -1 0.706443 0.235186 0.00521742 1.95286 488702 4 2221.63 0.65258 7.63853 2 1 80.9889 2.76428 29.2984 4 3 0.04832 8.78301e-06 17.6534 2 
1.16869 -2.26286e-05 -1 0.707673 0.234971 0.00521742 1.9625 488390 4 3184.94 1.09026 7.35179 2 1 88.4096 3.55518 24.8678 4 3 0.0541517 9.6273e-06 17.7843 2 
1.1739 -2.19826e-05 -1 0.708899 0.234777 0.00521742 1.97043 488503 2 136.527 1.28031 10.3265 2 1 121.184 4.34009 27.922 4 3 0.0586647 9.22037e-06 18.53 2 
1.17912 -2.12989e-05 -1 0.710121 0.234556 0.00521742 1.98009 488188 4 3042.31 0.881006 7.66578 2 1 90.4242 4.62432 19.5541 4 3 0.063667 9.41073e-06 18.9131 2 
1.18434 -2.04738e-05 -1 0.711339 0.234321 0.00521742 1.98975 487877 4 2948.22 0.644251 8.22481 2 1 72.1918 4.89655 14.7434 4 3 0.0676533 9.5099e-06 19.2326 2 
1.18955 -2.09666e-05 -1 0.712548 0.234082 0.00521742 1.99938 487576 4 5900.92 0.894629 9.01196 2 1 86.9854 5.36319 16.219 4 3 0.0768658 8.95161e-06 20.4775 2 
1.19477 -2.11988e-05 -1 0.713756 0.233811 0.00521742 2.01312 486283 5 9406.54 1.03249 6.19312 2 1 107.17 5.67412 18.8875 4 3 0.0659023 7.16143e-06 20.9556 2 
1.19999 -1.82717e-05 -1 0.714967 0.23361 0.00521742 2.02199 486174 3 2616.42 1.71797 11.5053 2 1 70.4672 6.93373 10.163 4 3 0.057451 5.30889e-06 22.119 2 
1.20521 -1.91799e-05 -1 0.716185 0.233359 0.00521742 2.03078 486087 3 4548.25 3.49056 10.9224 2 1 85.3386 8.62508 9.89424 4 3 0.0550013 5.41279e-06 21.6596 2 
1.21042 -2.09278e-05 -1 0.717408 0.23311 0.00521742 2.04063 485748 4 9459.13 1.02943 9.7907 2 1 96.907 5.55954 17.4308 4 3 0.0585524 6.15773e-06 21.1856 2 
1.21564 -2.22812e-05 -1 0.718631 0.232882 0.00521742 2.04987 485557 3 2617.6 3.36438 9.19742 2 1 75.1101 6.19762 12.1192 4 3 0.0689685 7.07624e-06 21.3607 2 
1.22086 -2.62812e-05 -1 0.719848 0.232652 0.00521742 2.06003 485150 4 2906.43 0.935562 7.46572 2 1 93.0489 2.9988 31.0287 4 3 0.0717606 8.23227e-06 20.5805 2 
1.22608 -2.56768e-05 -1 0.721063 0.23242 0.00521742 2.06995 484804 4 3024.48 1.14286 7.1724 2 1 80.6296 2.48548 32.4402 4 3 0.067112 7.94347e-06 20.3671 2 
1.23129 -2.41677e-05 -1 0.722275 0.232148 0.00521742 2.07812 484869 2 121.979 1.84151 8.1387 2 1 55.8286 2.09384 26.6632 4 3 0.0709458 7.28974e-06 21.3503 2 
1.23651 -2.29403e-05 -1 0.723486 0.23185 0.00521742 2.08705 484757 3 2891.89 1.41167 12.7004 2 1 75.4207 1.99597 37.7865 4 3 0.0738775 7.07752e-06 21.8546 2 
1.24173 -2.21374e-05 -1 0.724692 0.23163 0.00521742 2.09767 484255 5 6872.02 0.861254 6.03102 2 1 98.5083 1.90025 51.8395 4 3 0.076015 7.16309e-06 21.9752 2 
1.24695 -2.22798e-05 -1 0.725891 0.231368 0.00521742 2.10758 483923 4 3135.32 3.15748 5.61352 2 1 127.594 2.22546 57.3336 4 3 0.0763422 7.15845e-06 22.0114 2 
1.25216 -2.3897e-05 -1 0.72709 0.231091 0.00521742 2.11675 483760 4 4280.37 3.11575 6.08807 2 1 107.865 3.49012 30.9059 4 2 0.0751051 9.78126e-05 27.71 2 
1.25738 -2.31668e-05 -1 0.728294 0.230785 0.00521742 2.12545 483708 3 2923.22 2.04467 11.2654 2 1 102.231 3.5189 29.0519 4 2 0.0736297 8.71048e-05 29.074 2 
1.2626 -2.33244e-05 -1 0.729499 0.230605 0.00521742 2.13424 483634 4 4969.24 1.60531 7.45903 2 1 117.084 3.28354 35.6579 4 2 0.0709986 7.13164e-05 31.5522 2 
1.26782 -2.17013e-05 -1 0.730703 0.230322 0.00521742 2.14308 483551 4 3001.78 1.07879 7.2629 2 1 99.3259 3.61317 27.49 4 2 0.0685127 7.66112e-05 29.9047 2 
1.27303 -2.22619e-05 -1 0.7319 0.230091 0.00521742 2.15202 483444 4 2996.41 1.90946 6.29394 2 1 180.262 4.93289 36.543 4 2 0.0646036 7.8685e-05 28.6538 2 
1.27825 -2.00908e-05 -1 0.733096 0.229787 0.00521742 2.16063 483415 2 94.6353 2.1932 6.56883 2 1 66.0967 5.26612 12.5513 4 3 0.0613922 2.15028e-05 14.1864 2 
1.28347 -2.00737e-05 -1 0.734292 0.22957 0.00521742 2.1704 483126 4 8471.59 2.15987 7.91379 2 1 94.637 5.75947 16.4315 4 3 0.0581907 2.68842e-05 12.9356 2 
1.28869 -1.96326e-05 -1 0.73549 0.229318 0.00521742 2.17998 482882 4 3566.08 0.537113 9.02675 2 1 95.6638 4.00616 23.8792 4 3 0.06322 1.89623e-05 14.939 2 
1.2939 -1.85466e-05 -1 0.736686 0.22903 0.00521742 2.18953 482646 4 2795.73 1.13487 7.04511 2 1 123.056 2.52078 48.8167 4 3 0.068707 1.37444e-05 17.0985 2 
1.29912 -1.96696e-05 -1 0.737882 0.228769 0.00521742 2.19826 482592 3 690.443 1.49547 7.72889 2 1 104.946 2.50287 41.9305 4 3 0.0749331 1.07172e-05 19.1219 2 
1.30434 -2.01133e-05 -1 0.73907 0.228508 0.00521742 2.20781 482360 4 2899.36 0.783599 7.79923 2 1 95.1441 2.62618 36.229 4 3 0.0803532 9.62841e-06 20.2838 2 
1.30956 -2.01951e-05 -1 0.740259 0.228239 0.00521742 2.21653 482312 3 2906.53 2.84223 10.0748 2 1 157.959 4.70219 33.5926 4 3 0.0839704 6.49041e-06 23.4757 2 
1.31477 -2.15807e-05 -1 0.74145 0.228042 0.00521742 2.22428 482471 3 5710.57 3.07518 12.2914 2 1 115.092 5.23045 22.0041 4 2 0.0935287 9.76769e-05 30.944 2 
1.31999 -2.40849e-05 -1 0.742642 0.227775 0.00521742 2.23284 482456 4 10807.8 1.56294 9.11904 2 1 99.6703 3.53589 28.1882 4 2 0.0880161 9.27515e-05 30.805 2 
1.32521 -2.20161e-05 -1 0.743827 0.227516 0.00521742 2.24055 482625 3 4586.96 3.23074 11.2394 2 1 72.1911 3.47541 20.772 4 2 0.0710788 9.01342e-05 28.0818 2 
1.33043 -2.31684e-05 -1 0.745011 0.227262 0.00521742 2.24907 482617 4 10819.6 1.58463 9.09014 2 1 91.326 3.20988 28.4515 4 2 0.0746002 8.99905e-05 28.792 2 
1.33564 -2.65652e-05 -1 0.746193 0.226996 0.00521742 2.25676 482787 3 1909.6 2.05715 9.75496 2 1 102.053 3.70754 27.5259 4 2 0.0792473 8.87678e-05 29.8789 2 
1.34086 -2.82049e-05 -1 0.747376 0.226742 0.00521742 2.26536 482763 4 2768.1 0.985564 7.27988 2 1 87.9257 4.01352 21.9073 4 2 0.086321 8.47388e-05 31.9166 2 
1.34608 -2.81215e-05 -1 0.748556 0.226488 0.00521742 2.27304 482934 3 689.401 2.37871 6.61774 2 1 100.719 4.46489 22.5581 4 2 0.0878179 8.18644e-05 32.7525 2 
1.35129 -2.778e-05 -1 0.749736 0.226234 0.00521742 2.28075 483097 3 619.414 1.34968 7.71348 2 1 106.787 4.91171 21.7412 4 2 0.0833782 7.39709e-05 33.5734 2 
1.35651 -2.74053e-05 -1 0.750914 0.225985 0.00521742 2.28929 483084 4 3188.52 0.906921 7.70025 2 1 184.525 6.14874 30.0102 4 2 0.0859819 6.61201e-05 36.0609 2 
1.36173 -2.65989e-05 -1 0.752093 0.225715 0.00521742 2.29782 483073 4 8172.94 1.58559 8.47319 2 1 148.651 5.78675 25.6882 4 2 0.0885516 7.36361e-05 34.6779 2 
1.36695 -2.38914e-05 -1 0.753265 0.225422 0.00521742 2.3064 483052 4 2822.6 0.60317 8.27089 2 1 100.931 4.98399 20.251 4 2 0.0891834 8.9266e-05 31.6081 2 
1.37216 -2.39012e-05 -1 0.754442 0.225163 0.00521742 2.31596 482827 4 2576.65 0.788062 7.56177 2 1 133.615 4.40773 30.3137 4 3 0.0883358 3.61518e-06 29.0181 2 
1.37738 -2.36429e-05 -1 0.755614 0.2249 0.00521742 2.32381 482958 2 152.822 1.32914 10.7228 2 1 128.299 4.01159 31.9821 4 3 0.0866835 3.72793e-06 28.5423 2 
1.3826 -2.29267e-05 -1 0.756785 0.224617 0.00521742 2.33337 482735 4 5497.09 0.484531 10.3206 2 1 119.957 3.65324 32.8358 4 3 0.0844816 4.27449e-06 27.0371 2 
1.38782 -2.23881e-05 -1 0.757953 0.224357 0.00521742 2.34122 482866 2 825.139 2.85054 17.0137 2 1 122.916 3.66581 33.5304 4 3 0.0807482 4.69328e-06 25.8158 2 
1.39303 -2.06528e-05 -1 0.759122 0.224057 0.00521742 2.35078 482646 4 3149.13 1.07487 7.35713 2 1 89.6235 3.1649 28.3179 4 3 0.0848359 4.22772e-06 27.1743 2 
1.39825 -2.06603e-05 -1 0.760289 0.223778 0.00521742 2.36045 482402 4 2791.99 0.913863 7.43461 2 1 237.699 7.18287 33.0924 4 3 0.0757307 3.36738e-06 28.2267 2 
1.40347 -2.03293e-05 -1 0.761456 0.223522 0.00521742 2.37014 482158 4 2757.45 1.08814 7.09506 2 1 92.9204 5.16015 18.0073 4 3 0.0685834 3.09481e-06 28.0885 2 
1.40869 -1.95233e-05 -1 0.762622 0.223238 0.00521742 2.3788 482125 4 9184 1.61367 8.6857 2 1 80.6111 3.29184 24.4882 4 2 0.0687815 8.22332e-05 28.9209 2 
1.4139 -1.83892e-05 -1 0.763789 0.222998 0.00521742 2.38577 482435 2 636.767 3.38295 13.7196 2 1 112.645 3.66573 30.7293 4 2 0.0768929 8.06238e-05 30.8824 2 
1.41912 -1.59776e-05 -1 0.764952 0.222701 0.00521742 2.39365 482556 3 2807.35 3.03061 9.74814 2 1 144.164 5.07091 28.4297 4 2 0.0832014 8.39701e-05 31.4777 2 
1.42434 -1.54242e-05 -1 0.766112 0.222463 0.00521742 2.40064 482858 2 367.713 2.31524 12.6025 2 1 182.7 4.71151 38.7773 4 2 0.0902266 8.3674e-05 32.8377 2 
1.42956 -1.37343e-05 -1 0.767266 0.222177 0.00521742 2.41034 482614 4 11258.1 2.88276 7.90522 2 1 101.991 7.04351 14.4802 4 3 0.0959487 1.10636e-05 20.5454 2 
1.43477 -1.86288e-05 -1 0.76842 0.221866 0.00521742 2.42005 482370 4 6661.3 1.01284 9.00544 2 1 92.0112 8.23246 11.1766 4 3 0.108998 2.82058e-05 15.6925 2 
1.43999 -1.98396e-05 -1 0.769571 0.221525 0.00521742 2.43061 481959 5 12402.2 2.17281 5.64021 2 1 100.417 5.82638 17.2349 4 3 0.109285 2.42609e-05 16.5152 2 
1.44521 -1.53197e-05 -1 0.770723 0.221235 0.00521742 2.4386 482061 2 700.394 3.53455 14.0768 2 1 106.271 4.21156 25.2332 4 3 0.101806 1.76328e-05 17.9398 2 
1.45043 -1.27059e-05 -1 0.771874 0.221012 0.00521742 2.4483 481823 4 4490.2 0.753791 8.78524 2 1 67.203 2.70938 24.8038 4 3 0.0836265 1.25184e-05 18.8335 2 
1.45564 -1.36401e-05 -1 0.773027 0.220771 0.00521742 2.45799 481591 4 2781.9 1.09222 7.10408 2 1 84.1339 2.99503 28.0911 4 3 0.10073 9.05071e-06 22.3267 2 
1.46086 -1.51863e-05 -1 0.774178 0.22051 0.00521742 2.46856 481188 5 5563.41 1.27898 5.3419 2 1 257.051 5.23836 49.0708 4 3 0.105622 7.49779e-06 24.1513 2 
1.46608 -1.78008e-05 -1 0.775331 0.220218 0.00521742 2.47744 481115 4 617.784 2.81251 3.84978 2 1 130.019 3.06422 42.4314 4 2 0.104425 9.03788e-05 33.9914 2 
1.4713 -1.8752e-05 -1 0.776482 0.219944 0.00521742 2.48635 481039 4 2888.32 2.16031 6.04689 2 1 94.7265 4.2176 22.4598 4 2 0.100534 9.20092e-05 33.0552 2 
1.47651 -1.93714e-05 -1 0.777634 0.219667 0.00521742 2.4951 480994 4 4687.69 1.47376 7.50989 2 1 98.8901 3.21715 30.7384 4 2 0.0928335 9.08144e-05 31.9724 2 
1.48173 -2.06597e-05 -1 0.778782 0.219393 0.00521742 2.50437 480850 4 2945.17 0.891341 7.5817 2 1 97.5336 3.81654 25.5555 4 2 0.0855434 8.84866e-05 31.0924 2 
1.48695 -2.15613e-05 -1 0.779927 0.219071 0.00521742 2.51304 480819 4 8416.63 3.02582 7.26229 2 1 140.509 3.75431 37.426 4 2 0.0788309 8.96703e-05 29.6499 2 
1.49217 -1.39961e-05 -1 0.781064 0.218822 0.00521742 2.52162 480809 4 2316.05 0.526727 8.14312 2 1 143.822 4.36033 32.9841 4 2 0.0807763 9.47657e-05 29.1955 2 
1.49738 -1.26416e-05 -1 0.782199 0.218618 0.00521742 2.52937 480954 3 2820.5 3.63306 9.19076 2 1 156.73 6.47058 24.2219 4 2 0.0883286 9.56319e-05 30.3913 2 
1.5026 -1.34692e-05 -1 0.78333 0.218331 0.00521742 2.53797 480939 4 4071.4 1.33723 7.42822 2 1 144.347 5.72203 25.2265 4 2 0.0922393 9.53891e-05 31.0963 2 
1.50782 -1.50119e-05 -1 0.784461 0.217997 0.00521742 2.54739 480768 5 5533.03 0.86213 5.77402 2 1 136.642 5.65672 24.1557 4 2 0.0944208 9.97529e-05 30.766 2 
1.51303 -1.24646e-05 -1 0.785592 0.217756 0.00521742 2.55698 480567 4 2996.28 0.89053 7.61611 2 1 130.063 7.34015 17.7195 4 3 0.0949778 4.36862e-06 27.91 2 
1.51825 -1.06661e-05 -1 0.786727 0.217467 0.00521742 2.56646 480387 5 3173.54 1.25266 4.79449 2 1 97.7925 5.97284 16.3729 4 2 0.0975273 9.55299e-05 31.9517 2 
1.52347 -7.1374e-06 -1 0.787861 0.217233 0.00521742 2.57605 480190 4 645.68 0.912848 5.15709 2 1 180.767 5.65992 31.9381 4 3 0.0768457 4.38871e-06 25.9673 2 
1.52869 -6.01496e-06 -1 0.788997 0.217039 0.00521742 2.58572 479978 4 10907.1 2.24274 8.3509 2 1 83.8242 4.50455 18.6088 4 3 0.0765885 4.31868e-06 26.0778 2 
1.5339 -8.38675e-06 -1 0.790132 0.216769 0.00521742 2.5953 479784 4 3551.61 1.072 7.58677 2 1 122.583 4.80018 25.5371 4 3 0.0869377 4.24249e-06 27.365 2 
1.53912 -1.12163e-05 -1 0.791269 0.216478 0.00521742 2.60403 479748 3 2422.32 2.56063 9.81662 2 1 136.04 3.49197 38.9579 4 3 0.0960742 4.61432e-06 27.5106 2 
1.54434 -1.11911e-05 -1 0.792402 0.216223 0.00521742 2.6119 479871 2 425.013 3.00228 11.898 2 1 138.209 2.74982 50.2611 4 3 0.103158 5.0408e-06 27.3527 2 
1.54956 -1.08868e-05 -1 0.793533 0.216001 0.00521742 2.622 479586 4 13836.1 2.95441 8.27248 2 1 102.419 2.56831 39.8781 4 3 0.111584 5.54081e-06 27.2067 2 
1.55477 -1.31149e-05 -1 0.794657 0.215743 0.00521742 2.6323 479264 4 2788.32 2.68742 5.67547 2 1 167.965 4.65903 36.0516 4 3 0.128655 6.11491e-06 27.6066 2 
1.55999 -1.46101e-05 -1 0.795777 0.215495 0.00521742 2.64188 479077 4 7116.38 0.719836 9.97141 2 1 168 3.9996 42.0043 4 3 0.116438 6.92804e-06 25.615 2 
1.56521 -1.62402e-05 -1 0.796894 0.215281 0.00521742 2.6515 478883 4 2913.65 3.24746 5.47297 2 1 113.162 4.16446 27.1732 4 3 0.113612 7.88072e-06 24.338 2 
1.57043 -1.75648e-05 -1 0.798011 0.214986 0.00521742 2.65943 478995 2 417.584 2.22757 13.6917 2 1 146.673 4.0565 36.1574 4 3 0.116364 9.09994e-06 23.3844 2 
1.57564 -1.81087e-05 -1 0.799126 0.214737 0.00521742 2.66906 478802 4 4785.47 1.45421 7.57398 2 1 83.1745 3.1003 26.8279 4 3 0.122745 9.44589e-06 23.5101 2 
1.58086 -2.07229e-05 -1 0.800242 0.214445 0.00521742 2.6778 478769 3 3526.54 2.62834 11.0295 2 1 182.305 8.1856 22.2715 4 3 0.12278 1.08464e-05 22.4533 2 
1.58608 -2.27295e-05 -1 0.801356 0.214258 0.00521742 2.68741 478581 4 2739.94 1.34006 6.7244 2 1 140.595 3.55444 39.5547 4 3 0.119619 1.29189e-05 20.9987 2 
1.5913 -2.54612e-05 -1 0.802473 0.214007 0.00521742 2.69708 478385 4 2852.26 2.39775 5.87282 2 1 145.51 4.40482 33.0343 4 3 0.114916 3.48736e-05 14.8808 2 
1.59651 -2.68122e-05 -1 0.80359 0.213694 0.00521742 2.70668 478200 4 2344.95 1.0062 6.94805 2 1 130.328 3.88905 33.5115 4 3 0.109108 3.03512e-05 15.3189 2 
1.60173 -2.84769e-05 -1 0.804709 0.213416 0.00521742 2.71465 478305 2 546.51 1.72613 17.7935 2 1 94.9702 3.3471 28.3739 4 3 0.100518 2.12253e-05 16.7931 2 
1.60695 -3.023e-05 -1 0.805826 0.213173 0.00521742 2.72423 478127 4 9659.19 1.44452 9.04283 2 1 125.035 2.31041 54.1183 4 3 0.0931 1.5738e-05 18.0856 2 
1.61217 -2.94742e-05 -1 0.806943 0.212996 0.00521742 2.73296 478098 3 2720.95 2.35707 10.4902 2 1 390.572 9.50252 41.102 4 3 0.0938547 1.42488e-05 18.7453 2 
1.61738 -3.18748e-05 -1 0.808053 0.212681 0.00521742 2.74495 477502 2 300.104 2.61542 10.7119 2 1 167.104 5.11599 32.6632 4 3 0.10188 1.19603e-05 20.4228 2 
1.6226 -3.5146e-05 -1 0.809161 0.212425 0.00521742 2.75469 477301 4 3195.13 0.622867 8.46298 2 1 160.682 5.31081 30.2557 4 3 0.107622 1.07397e-05 21.5594 2 
1.62782 -3.60828e-05 -1 0.810263 0.212145 0.00521742 2.76443 477100 4 2081.7 0.966724 6.81207 2 1 126.26 4.49051 28.1171 4 3 0.112239 1.0459e-05 22.0572 2 
1.63304 -3.63478e-05 -1 0.811366 0.21183 0.00521742 2.77503 476755 5 12778.1 1.63788 6.00394 2 1 134.907 4.23298 31.8705 4 3 0.111014 1.01703e-05 22.1827 2 
1.63825 -3.11998e-05 -1 0.812465 0.211634 0.00521742 2.78475 476561 4 14281.4 1.9384 9.26471 2 1 202.799 7.16758 28.294 4 3 0.120676 1.21723e-05 21.4824 2 
1.64347 -3.3901e-05 -1 0.813567 0.211348 0.00521742 2.79449 476365 4 4265 0.836674 8.44969 2 1 152.825 5.49559 27.8086 4 3 0.0994234 1.49903e-05 18.7885 2 
1.64869 -3.52925e-05 -1 0.814666 0.211143 0.00521742 2.80424 476171 4 2597.23 0.528749 8.37173 2 1 111.116 3.30594 33.6112 4 3 0.11049 1.82192e-05 18.2361 2 
1.65391 -3.52424e-05 -1 0.815766 0.21085 0.00521742 2.81397 475979 4 2748.89 1.56896 6.46973 2 1 146.972 3.02673 48.558 4 3 0.118789 2.12166e-05 17.7569 2 
1.65912 -3.53506e-05 -1 0.816864 0.210617 0.00521742 2.82291 475923 3 2001.28 2.89718 8.83984 2 1 113.091 3.71017 30.4814 4 3 0.132388 2.25699e-05 18.0346 2 
1.66434 -3.47957e-05 -1 0.817963 0.210404 0.00521742 2.83268 475728 4 2747.97 0.549648 8.40876 2 1 130.533 3.73686 34.9312 4 3 0.129258 2.18681e-05 18.0807 2 
1.66956 -3.54013e-05 -1 0.81906 0.210109 0.00521742 2.8424 475541 4 2908.57 1.1611 7.07461 2 1 115.456 4.49728 25.6724 4 3 0.119853 1.90071e-05 18.4747 2 
1.67477 -3.75522e-05 -1 0.820159 0.209844 0.00521742 2.8504 475643 2 416.798 2.87327 12.0441 2 1 397.824 6.85815 58.0074 4 3 0.110894 1.6742e-05 18.7802 2 
1.67999 -3.95419e-05 -1 0.821255 0.209655 0.00521742 2.86013 475459 4 8820.22 1.27326 9.12307 2 1 155.808 3.64754 42.716 4 3 0.100134 1.43528e-05 19.108 2 
1.68521 -4.19104e-05 -1 0.822347 0.209417 0.00521742 2.86984 475277 4 2801.57 0.879594 7.51242 2 1 160.898 2.33979 68.7661 4 3 0.0948115 1.264e-05 19.5751 2 
1.69043 -4.20065e-05 -1 0.823439 0.209118 0.00521742 2.87873 475233 3 2665.72 2.41642 10.3327 2 1 179.724 3.82737 46.9575 4 3 0.10302 1.089e-05 21.1494 2 
1.69564 -4.34547e-05 -1 0.824528 0.208888 0.00521742 2.88673 475334 2 124.846 2.60719 6.91993 2 1 171.535 3.38636 50.6546 4 3 0.106851 1.16771e-05 20.9161 2 
1.70086 -4.40418e-05 -1 0.825613 0.208694 0.00521742 2.89645 475153 4 5486 0.831212 9.01335 2 1 158.312 2.82896 55.9611 4 3 0.108332 1.20892e-05 20.7708 2 
1.70608 -4.60659e-05 -1 0.8267 0.208409 0.00521742 2.90446 475252 2 605 2.52178 15.489 2 1 151.895 7.17573 21.1678 4 3 0.109628 1.21647e-05 20.81 2 
1.7113 -4.82319e-05 -1 0.827784 0.2082 0.00521742 2.91416 475076 4 3782.88 2.14274 6.48207 2 1 127.48 3.39661 37.5317 4 3 0.11572 1.139e-05 21.6585 2 
1.71651 -4.93745e-05 -1 0.82887 0.207955 0.00521742 2.92386 474901 4 12875.2 1.12829 10.3355 2 1 157.41 2.97059 52.9895 4 3 0.107246 1.01331e-05 21.9556 2 
1.72173 -5.10213e-05 -1 0.829954 0.207734 0.00521742 2.93356 474727 4 2771.68 1.41993 6.6469 2 1 88.0892 4.34563 20.2708 4 3 0.113234 8.86859e-06 23.3726 2 
1.72695 -5.20923e-05 -1 0.831038 0.207519 0.00521742 2.94325 474556 4 7894.9 1.65654 8.30876 2 1 144.157 4.75462 30.3194 4 3 0.118661 7.45819e-06 25.1511 2 
1.73217 -5.16575e-05 -1 0.83212 0.207314 0.00521742 2.95295 474383 4 14814.2 2.78261 8.54194 2 1 438.968 10.328 42.5027 4 3 0.125543 8.82207e-06 24.233 2 
1.73738 -5.51675e-05 -1 0.833203 0.207065 0.00521742 2.96177 474355 3 2186.87 3.14239 8.86178 2 1 159.68 6.50356 24.5527 4 3 0.143922 6.22094e-06 28.4942 2 
1.7426 -5.85112e-05 -1 0.834281 0.206841 0.00521742 2.9706 474323 3 2727.18 3.48664 9.21373 2 1 87.6142 7.06592 12.3996 4 3 0.144557 7.03489e-06 27.3901 2 
1.74782 -6.25205e-05 -1 0.835357 0.206483 0.00521742 2.97946 474288 3 6162.81 2.78604 13.0296 2 1 89.8095 9.16321 9.80109 4 3 0.148479 2.12006e-05 19.1325 2 
1.75304 -6.05716e-05 -1 0.836427 0.206284 0.00521742 2.98916 474118 4 7288.87 2.58271 7.28864 2 1 154.443 6.85723 22.5226 4 3 0.148179 2.53813e-05 18.0063 2 
1.75825 -5.7688e-05 -1 0.837502 0.206071 0.00521742 2.99799 474088 3 1994.11 2.11008 9.81333 2 1 147.644 7.02558 21.0152 4 3 0.145848 1.80053e-05 20.0832 2 
1.76347 -5.83795e-05 -1 0.838579 0.205901 0.00521742 3.00768 473922 4 2806.72 0.515419 8.59033 2 1 143.02 4.53386 31.5448 4 3 0.144564 1.32579e-05 22.1749 2 
1.76869 -5.79553e-05 -1 0.839653 0.205673 0.00521742 3.02061 473250 4 4985.63 0.776779 8.95067 2 1 145.725 3.30438 44.1005 4 3 0.138665 1.06656e-05 23.5141 2 
1.77391 -5.55727e-05 -1 0.840723 0.205454 0.00521742 3.03042 473070 4 2894.16 0.67393 8.09519 2 1 163.108 3.01657 54.0707 4 3 0.129378 9.63276e-06 23.7704 2 
1.77912 -5.44181e-05 -1 0.841795 0.205212 0.00521742 3.04012 472907 4 3389.42 1.23983 7.23087 2 1 167.414 3.06467 54.6272 4 3 0.121241 8.73184e-06 24.0352 2 
1.78434 -5.3442e-05 -1 0.842865 0.204927 0.00521742 3.05001 472717 4 5522.85 1.1748 8.28036 2 1 148.626 2.38174 62.4022 4 3 0.113735 8.37132e-06 23.8616 2 
1.78956 -5.06288e-05 -1 0.843934 0.204785 0.00521742 3.05781 472851 3 2742.93 3.50759 9.21301 2 1 350.503 5.1826 67.6308 4 2 0.104637 9.1615e-05 33.7955 2 
1.79478 -5.04492e-05 -1 0.845002 0.204587 0.00521742 3.06644 472855 4 10650.2 1.18075 9.74542 2 1 121.183 2.75366 44.008 4 2 0.0996745 9.36278e-05 32.6279 2 
1.79999 -5.29977e-05 -1 0.846072 0.2044 0.00521742 3.07505 472864 4 2666.22 0.932742 7.31196 2 1 161.289 3.48175 46.3242 4 2 0.110401 9.45338e-05 34.1738 2 
1.80521 -5.29866e-05 -1 0.847138 0.204198 0.00521742 3.08483 472692 4 2567.29 0.786742 7.55806 2 1 204.657 4.99484 40.9738 4 3 0.118565 6.4503e-06 26.3912 2 
1.81043 -5.22774e-05 -1 0.848203 0.20403 0.00521742 3.09361 472674 3 2124.21 3.44064 8.51503 2 1 170.124 4.34589 39.1459 4 3 0.127866 6.87063e-06 26.5004 2 
1.81565 -5.12024e-05 -1 0.849263 0.203784 0.00521742 3.10237 472661 3 2836.32 2.48731 10.4474 2 1 176.946 4.46095 39.6655 4 3 0.135275 7.28346e-06 26.4826 2 
1.82086 -4.94342e-05 -1 0.850318 0.203598 0.00521742 3.11281 472391 5 14724.5 0.873574 7.00403 2 1 117.8 5.08022 23.188 4 3 0.150455 7.68392e-06 26.9531 2 
1.82608 -4.80679e-05 -1 0.851371 0.203372 0.00521742 3.12238 472255 4 4983.41 0.795368 8.89692 2 1 97.4876 6.19803 15.7288 4 3 0.14331 7.8177e-06 26.3673 2 
1.8313 -4.72404e-05 -1 0.852431 0.203158 0.00521742 3.13111 472247 3 2769.17 3.43923 9.30314 2 1 96.3044 7.55562 12.7461 4 3 0.142706 7.08611e-06 27.2068 2 
1.83652 -4.71414e-05 -1 0.853493 0.202984 0.00521742 3.14469 471510 4 4695.26 0.655823 9.19853 2 1 105.549 4.60771 22.9071 4 3 0.15267 6.19867e-06 29.095 2 
1.84173 -4.78208e-05 -1 0.854556 0.202765 0.00521742 3.15343 471502 3 2737.75 1.31877 12.7568 2 1 150.459 5.3806 27.9633 4 3 0.152123 6.4657e-06 28.6545 2 
1.84695 -4.83874e-05 -1 0.855615 0.202557 0.00521742 3.1622 471490 3 3217.17 2.20952 11.3342 2 1 155.127 2.82755 54.8628 4 3 0.146136 6.67028e-06 27.9815 2 
1.85217 -4.98894e-05 -1 0.856673 0.202378 0.00521742 3.17104 471466 3 2744.21 3.39371 9.31638 2 1 299.341 5.17976 57.7905 4 3 0.138019 6.79648e-06 27.2826 2 
1.85738 -5.14776e-05 -1 0.857729 0.202218 0.00521742 3.17899 471576 2 89.4218 2.02834 6.63974 2 1 161.25 2.38072 67.7318 4 3 0.126699 6.71257e-06 26.6253 2 
1.8626 -5.16737e-05 -1 0.858786 0.202046 0.00521742 3.18781 471557 3 2733.03 2.3499 10.5163 2 1 125.946 2.73993 45.9669 4 3 0.114141 6.50615e-06 25.984 2 
1.86782 -5.31034e-05 -1 0.85984 0.201746 0.00521742 3.19748 471412 4 12975.4 3.67276 7.7096 2 1 158.898 3.3815 46.9904 4 3 0.104617 6.06052e-06 25.8442 2 
1.87304 -5.31638e-05 -1 0.860894 0.201586 0.00521742 3.20716 471266 4 4540.29 2.38746 6.60369 2 1 222.895 2.71513 82.0937 4 3 0.112969 5.71437e-06 27.0394 2 
1.87825 -5.20779e-05 -1 0.861945 0.201426 0.00521742 3.21683 471123 4 2752.68 0.50699 8.58399 2 1 212.801 3.25664 65.3438 4 3 0.119151 5.42759e-06 28.0003 2 
1.88347 -5.12659e-05 -1 0.862994 0.201274 0.00521742 3.22649 470981 4 2790.79 3.07192 5.49009 2 1 236.277 5.21859 45.2761 4 3 0.125481 5.1527e-06 28.9855 2 
1.88869 -5.26885e-05 -1 0.864036 0.201104 0.00521742 3.23449 471082 2 410.634 3.62547 10.6425 2 1 152.061 3.71008 40.986 4 3 0.129811 5.19849e-06 29.2288 2 
1.89391 -5.32913e-05 -1 0.865076 0.200889 0.00521742 3.24417 470940 4 15518.1 1.61384 9.90248 2 1 124.421 4.75225 26.1815 4 3 0.141991 5.43072e-06 29.6803 2 
1.89912 -5.06686e-05 -1 0.866116 0.200716 0.00521742 3.25385 470798 4 2645.58 0.873852 7.41773 2 1 125.032 5.12721 24.3859 4 3 0.134805 5.58626e-06 28.8976 2 
1.90434 -5.21308e-05 -1 0.867159 0.200569 0.00521742 3.26264 470784 3 2812.92 3.41991 9.36946 2 1 256.359 5.29102 48.4518 4 3 0.12412 5.71007e-06 27.9083 2 
1.90956 -5.35555e-05 -1 0.868204 0.200358 0.00521742 3.27236 470638 4 3995.84 1.80227 6.86195 2 1 102.06 5.62494 18.1442 4 3 0.14645 2.05182e-05 19.2538 2 
1.91478 -5.49152e-05 -1 0.869254 0.200207 0.00521742 3.28122 470616 3 392.168 0.600426 8.67636 2 1 176.078 5.70211 30.8795 4 3 0.146338 2.40273e-05 18.2621 2 
1.91999 -5.53962e-05 -1 0.870305 0.200006 0.00521742 3.29013 470586 3 2855.92 2.2803 10.7792 2 1 148.686 3.56831 41.6683 4 3 0.14004 1.7035e-05 20.1823 2 
1.92521 -5.52961e-05 -1 0.871353 0.199864 0.00521742 3.29984 470443 4 4245.51 0.750601 8.67222 2 1 128.13 3.18624 40.2135 4 3 0.131061 1.26226e-05 21.816 2 
1.93043 -5.47534e-05 -1 0.872398 0.1997 0.00521742 3.30953 470302 4 2575.4 0.858569 7.4006 2 1 123.799 2.86075 43.275 4 3 0.118181 1.0142e-05 22.6712 2 
1.93565 -5.49921e-05 -1 0.873443 0.199479 0.00521742 3.31921 470165 4 9901.25 1.18155 9.56774 2 1 159.322 3.42336 46.5398 4 3 0.107637 9.09999e-06 22.7845 2 
1.94086 -5.50412e-05 -1 0.874484 0.199337 0.00521742 3.32806 470146 3 2570.3 3.45782 9.05858 2 1 438.355 11.5299 38.019 4 3 0.10649 6.20831e-06 25.7896 2 
1.94608 -5.31852e-05 -1 0.875526 0.199233 0.00521742 3.3369 470128 3 2521.17 2.63235 9.85719 2 1 231.029 6.81257 33.9122 4 3 0.111965 5.59224e-06 27.1539 2 
1.9513 -5.42944e-05 -1 0.876564 0.199086 0.00521742 3.35067 469418 4 13945.8 2.7417 8.44512 2 1 196.775 4.91297 40.0521 4 3 0.117589 5.89043e-06 27.1273 2 
1.95652 -5.74571e-05 -1 0.877601 0.198968 0.00521742 3.36051 469262 4 2773.99 1.10993 7.07053 2 1 175.038 4.73718 36.9499 4 3 0.120872 6.25396e-06 26.8363 2 
1.96173 -5.86954e-05 -1 0.878628 0.198767 0.00521742 3.37065 469065 4 5783.79 0.88527 8.99051 2 1 166.58 4.21283 39.5411 4 3 0.116699 6.72914e-06 25.8843 2 
1.96695 -5.85644e-05 -1 0.879655 0.198485 0.00521742 3.38148 468774 5 13979.1 3.34611 5.29892 2 1 184.721 5.3314 34.6478 4 3 0.127166 7.19389e-06 26.0497 2 
1.97217 -5.32359e-05 -1 0.880682 0.198251 0.00521742 3.3906 468721 3 630.221 2.13652 6.65674 2 1 121.236 3.63336 33.3674 4 3 0.134653 7.357e-06 26.3535 2 
1.97739 -5.22944e-05 -1 0.881711 0.198131 0.00521742 3.40044 468570 4 3958.49 0.914606 8.11099 2 1 375.347 8.06389 46.5467 4 3 0.143916 7.51651e-06 26.7525 2 
1.9826 -5.2649e-05 -1 0.882742 0.198073 0.00521742 3.41023 468426 4 4113.19 1.21998 7.62003 2 1 143.437 3.73024 38.4524 4 3 0.144484 7.56485e-06 26.7305 2 
1.98782 -5.30794e-05 -1 0.883775 0.197961 0.00521742 3.42 468286 4 2919.99 0.66596 8.13735 2 1 165.993 5.21219 31.8472 4 3 0.148336 7.58219e-06 26.9454 2 
1.99304 -5.29692e-05 -1 0.884811 0.197832 0.00521742 3.43045 468053 4 2703.52 0.853361 7.50238 2 1 115.414 5.77113 19.9985 4 3 0.146288 7.37936e-06 27.0643 2 
1.99826 -5.3016e-05 -1 0.885852 0.19761 0.00521742 3.4402 467917 3 2499.9 2.91936 9.49609 2 1 135.618 4.65584 29.1287 4 3 0.145771 7.31594e-06 27.1102 2 
2.00347 -5.33395e-05 -1 0.886892 0.197504 0.00521742 3.45023 467744 2 158.537 3.01013 7.25725 2 2 528.996 0.904813 24.1795 3 3 0.130701 6.88746e-06 26.6731 2 
2.00869 -5.34922e-05 -1 0.887929 0.197288 0.00521742 3.46009 467595 4 8246.13 1.75073 8.28434 2 1 185.054 5.12151 36.1326 3 3 0.127255 6.67349e-06 26.7162 2 
2.01391 -4.81677e-05 -1 0.888961 0.197114 0.00521742 3.46948 467511 4 2664.48 0.588215 8.20388 2 1 221.904 4.99325 44.4408 3 3 0.121207 6.60175e-06 26.3809 2 
2.01912 -4.61124e-05 -1 0.889992 0.197011 0.00521742 3.47715 467657 2 211.053 2.01765 10.2276 2 1 200.246 5.46885 36.6157 3 3 0.121049 6.95071e-06 25.9206 2 
2.02434 -4.74935e-05 -1 0.89102 0.196877 0.00521742 3.48652 467574 4 2669.84 1.09166 7.03233 2 1 173.931 6.3394 27.4365 3 3 0.1185 7.20056e-06 25.4361 2 
2.02956 -4.99686e-05 -1 0.892045 0.196762 0.00521742 3.49589 467493 4 13873.2 2.92756 8.29694 2 1 154.479 4.75536 32.4853 3 3 0.117943 7.27761e-06 25.3062 2 
2.03478 -5.04001e-05 -1 0.893062 0.196583 0.00521742 3.50525 467413 4 13434 3.19844 8.05038 2 1 137.653 10.302 13.3618 3 3 0.121595 7.29131e-06 25.5487 2 
2.03999 -5.19833e-05 -1 0.894076 0.19651 0.00521742 3.51545 467223 4 2643.3 0.734547 7.74519 2 2 304.722 3.34114 9.55002 2 3 0.1173 7.00104e-06 25.5885 2 
2.04521 -5.28586e-05 -1 0.895091 0.19633 0.00521742 3.52545 467059 4 4197.68 1.47068 7.30925 2 2 112.824 1.6816 8.19104 2 3 0.126229 6.8926e-06 26.3588 2 
2.05043 -4.98435e-05 -1 0.896108 0.196149 0.00521742 3.53458 467011 4 397.27 1.01274 4.45037 2 1 117.393 13.6834 8.57921 2 3 0.141629 6.88804e-06 27.3959 2 
2.05565 -4.88434e-05 -1 0.897126 0.196033 0.00521742 3.54461 466845 4 2398.3 0.792218 7.41762 2 2 151.637 2.86094 7.28027 2 3 0.13607 6.71071e-06 27.2687 2 
2.06086 -5.00456e-05 -1 0.898147 0.195877 0.00521742 3.55478 466662 4 2842.56 1.43206 6.67479 2 2 124.72 3.5783 5.90377 2 3 0.126662 6.47725e-06 26.9413 2 
2.06608 -4.92363e-05 -1 0.899167 0.195737 0.00521742 3.56485 466492 4 2729.23 1.12715 7.0148 2 2 539.907 9.93022 7.37361 2 3 0.114822 6.15206e-06 26.5258 2 
2.0713 -4.84733e-05 -1 0.90019 0.195594 0.00521742 3.57413 466427 4 2683.04 2.11335 5.96917 2 1 138.986 11.297 12.303 2 3 0.133744 1.67741e-05 19.9777 2 
2.07652 -4.64304e-05 -1 0.901215 0.195485 0.00521742 3.58427 466250 4 8018.47 0.710744 10.3061 2 2 165.917 4.42009 6.12674 2 3 0.140492 2.61657e-05 17.5108 2 
2.08173 -4.65298e-05 -1 0.902245 0.195379 0.00521742 3.59355 466186 3 2604.36 3.28169 9.25837 2 2 215.333 2.55883 9.1735 2 3 0.14127 2.07867e-05 18.9418 2 
2.08695 -4.74957e-05 -1 0.903276 0.195285 0.00521742 3.6028 466126 3 212.862 0.395824 8.13203 2 2 202.217 2.74145 8.58853 2 3 0.138711 1.55223e-05 20.7516 2 
2.09217 -4.7826e-05 -1 0.904305 0.195157 0.00521742 3.61121 466175 2 151.269 3.18223 6.89459 2 2 179.983 2.83521 7.96751 2 3 0.13393 1.12533e-05 22.8314 2 
2.09739 -4.77945e-05 -1 0.905327 0.195014 0.00521742 3.62045 466116 4 2730.35 0.898066 7.42553 2 1 149.807 13.5916 11.0221 2 3 0.12808 8.35584e-06 24.8407 2 
2.1026 -4.73896e-05 -1 0.906347 0.194922 0.00521742 3.63053 465950 4 13725.6 1.73454 9.43163 2 2 304.119 4.14262 8.56809 2 3 0.120329 7.18389e-06 25.5861 2 
2.10782 -4.9519e-05 -1 0.90736 0.194791 0.00521742 3.6398 465889 4 4166.21 0.814378 8.45724 2 1 148.923 12.9208 11.5258 2 3 0.115732 7.02076e-06 25.4501 2 
2.11304 -4.98978e-05 -1 0.908366 0.194659 0.00521742 3.64907 465829 4 2739.94 1.02581 7.189 2 1 110.098 9.95708 11.0573 2 3 0.124887 6.75517e-06 26.442 2 
2.11826 -5.02594e-05 -1 0.909368 0.194553 0.00521742 3.65833 465768 4 3522.25 0.83099 8.06875 2 1 95.4523 12.6771 7.52952 2 3 0.140173 5.93603e-06 28.6895 2 
2.12347 -4.98518e-05 -1 0.910373 0.194405 0.00521742 3.6676 465708 3 2711.57 3.35658 9.3134 2 2 159.147 2.08898 8.72834 2 3 0.134548 5.70814e-06 28.6722 2 
2.12869 -4.98369e-05 -1 0.911379 0.194321 0.00521742 3.67688 465647 4 2810.8 0.466575 8.81002 2 1 143.673 10.416 13.7936 2 3 0.124787 5.37293e-06 28.5312 2 
2.13391 -4.97868e-05 -1 0.912387 0.194203 0.00521742 3.68614 465588 3 210.087 1.52201 5.16806 2 2 573.254 7.67519 8.64229 2 3 0.112753 5.25081e-06 27.795 2 
2.13913 -4.96918e-05 -1 0.913396 0.194096 0.00521742 3.69458 465633 3 2604.88 3.59125 8.98492 2 1 134.441 9.97781 13.474 2 3 0.115141 5.05314e-06 28.3502 2 
2.14434 -4.81817e-05 -1 0.914408 0.19401 0.00521742 3.70387 465571 4 7906.25 0.730494 10.1997 2 1 166.891 13.5254 12.3391 2 3 0.136913 5.25116e-06 29.6526 2 
2.14956 -4.86609e-05 -1 0.915419 0.19392 0.00521742 3.71316 465509 3 994.163 1.23359 9.30599 2 2 204.095 3.67483 7.45244 2 3 0.144965 5.93697e-06 29.0112 2 
2.15478 -4.90224e-05 -1 0.916432 0.193793 0.00521742 3.7233 465342 4 2737.87 0.816824 7.60889 2 2 208.229 6.09373 5.84561 2 3 0.145363 6.25089e-06 28.5433 2 
2.16 -4.93248e-05 -1 0.917449 0.193678 0.00521742 3.73342 465178 4 2812.3 0.454226 8.87048 2 2 185.773 7.96205 4.83035 2 3 0.141862 6.46782e-06 27.9921 2 
2.16521 -4.87588e-05 -1 0.918469 0.193563 0.00521742 3.74669 464623 3 2246.4 2.84726 9.24031 2 2 291.138 5.77352 7.10115 2 3 0.135327 6.45677e-06 27.5713 2 
2.17043 -5.03639e-05 -1 0.919489 0.193482 0.00521742 3.75599 464564 4 13897 2.23575 8.87921 2 1 136.453 12.8097 10.6523 2 3 0.126877 6.35407e-06 27.1296 2 
2.17565 -5.21384e-05 -1 0.920512 0.193392 0.00521742 3.76537 464494 3 4345.67 1.63962 13.839 2 2 176.796 1.91518 9.60797 2 3 0.121196 5.8232e-06 27.5069 2 
2.18086 -5.13268e-05 -1 0.92153 0.19329 0.00521742 3.77589 464285 4 2762.81 0.482635 8.69827 2 2 116.46 1.17868 9.94008 2 3 0.122898 5.82379e-06 27.6342 2 
2.18608 -5.07318e-05 -1 0.922541 0.193165 0.00521742 3.78563 464172 3 2513.51 3.22226 9.20534 2 2 104.792 1.83569 7.55551 2 3 0.140139 5.67437e-06 29.1215 2 
2.1913 -4.94321e-05 -1 0.92354 0.193109 0.00521742 3.79571 464019 4 3311.4 0.716806 8.24427 2 2 148.456 0.968211 12.3826 2 3 0.134894 5.86262e-06 28.4425 2 
2.19652 -4.87043e-05 -1 0.924534 0.193011 0.00521742 3.80575 463871 4 2009.08 2.90112 5.12989 2 2 562.92 10.248 7.41144 2 3 0.124233 6.11805e-06 27.2819 2 
2.20173 -4.93574e-05 -1 0.925529 0.192898 0.00521742 3.81495 463826 4 2707.87 2.35826 5.82115 2 1 115.309 10.74 10.7364 2 3 0.112814 6.3881e-06 26.0414 2 
2.20695 -5.01465e-05 -1 0.926526 0.192822 0.00521742 3.82494 463686 4 2753.46 0.647891 8.0741 2 2 124.885 2.28941 7.38573 2 3 0.11501 6.38898e-06 26.208 2 
2.21217 -5.03901e-05 -1 0.927524 0.192758 0.00521742 3.8342 463633 4 7935.65 2.47796 7.52267 2 1 137.613 14.1344 9.73605 2 3 0.119828 6.3951e-06 26.5605 2 
2.21739 -5.18224e-05 -1 0.928524 0.192676 0.00521742 3.84423 463489 4 2324.75 1.21694 6.61114 2 2 193.77 2.89653 8.17908 2 3 0.140525 6.26324e-06 28.2045 2 
2.2226 -5.29785e-05 -1 0.929525 0.192588 0.00521742 3.85425 463347 4 2618.6 1.31558 6.6794 2 2 206.26 2.54091 9.00976 2 3 0.144485 6.18639e-06 28.5843 2 
2.22782 -5.37004e-05 -1 0.930528 0.192504 0.00521742 3.86428 463204 4 2554.37 0.837637 7.43116 2 2 186.627 2.42081 8.78024 2 3 0.141467 6.05722e-06 28.5843 2 
2.23304 -5.37364e-05 -1 0.931531 0.192446 0.00521742 3.87339 463173 3 589.2 1.1168 8.08033 2 2 285.776 4.2419 8.20791 2 3 0.134209 6.01692e-06 28.1494 2 
2.23826 -5.40848e-05 -1 0.932536 0.192369 0.00521742 3.88336 463038 4 13591.2 2.24867 8.81725 2 2 127.063 1.73321 8.56217 2 3 0.125994 2.50766e-05 17.1275 2 
2.24347 -5.60931e-05 -1 0.933544 0.192272 0.00521742 3.89406 462818 5 10957.8 1.42147 5.98959 2 1 156.828 12.3219 12.7276 2 3 0.12054 3.28227e-05 15.4284 2 
2.24869 -5.46156e-05 -1 0.934555 0.192166 0.00521742 3.90223 462899 2 449.914 2.33792 13.8724 2 1 91.8262 10.5601 8.69555 2 3 0.116782 2.45695e-05 16.8136 2 
2.25391 -5.46021e-05 -1 0.935566 0.19209 0.00521742 3.91085 462925 2 354.643 1.81075 13.9948 2 2 117.73 2.41788 6.97793 2 3 0.119385 1.78179e-05 18.8523 2 
2.25913 -5.50775e-05 -1 0.936579 0.192007 0.00521742 3.9192 462984 3 3562.93 2.47244 11.2952 2 1 114.443 7.38553 15.4956 2 3 0.127262 1.41178e-05 20.8118 2 
2.26434 -5.55882e-05 -1 0.937592 0.191969 0.00521742 3.92843 462939 3 2775.47 3.39522 9.35023 2 2 551.918 8.5882 8.01652 2 3 0.118198 1.30504e-05 20.8447 2 
2.26956 -5.72164e-05 -1 0.938604 0.191918 0.00521742 3.93763 462898 4 2529.3 0.636396 7.93996 2 1 102.302 11.3825 8.98765 2 3 0.111606 1.00512e-05 22.3095 2 
2.27478 -5.79256e-05 -1 0.939601 0.191867 0.00521742 3.95001 462484 3 2686.14 3.20386 9.42943 2 1 122.866 12.7234 9.65664 2 3 0.11577 7.84897e-06 24.5242 2 
2.28 -5.95565e-05 -1 0.940589 0.19181 0.00521742 3.95924 462440 4 8086.49 1.10773 9.24341 2 1 149.001 13.1601 11.3222 2 3 0.135989 8.26316e-06 25.4362 2 
2.28521 -5.97245e-05 -1 0.941577 0.191738 0.00521742 3.96843 462401 4 2643.2 1.5525 6.42354 2 1 169.941 11.634 14.6073 2 3 0.141235 8.53003e-06 25.4877 2 
2.29043 -6.0535e-05 -1 0.942568 0.191644 0.00521742 3.9776 462365 3 2769.47 3.24618 9.48436 2 2 193.036 2.24983 9.26284 2 3 0.139642 8.4965e-06 25.4248 2 
2.29565 -6.3451e-05 -1 0.94356 0.1916 0.00521742 3.98754 462240 4 2734.76 0.863951 7.5008 2 2 269.14 6.34656 6.51208 2 3 0.133488 8.44423e-06 25.0973 2 
2.30087 -6.36645e-05 -1 0.944554 0.19158 0.00521742 3.99754 462109 4 14161.4 1.47842 9.89298 2 2 156.576 2.09938 8.63609 2 3 0.125771 8.73691e-06 24.3262 2 
2.30608 -6.53713e-05 -1 0.945548 0.191531 0.00521742 4.00777 461950 4 2612.97 0.97683 7.19165 2 2 132.963 2.2097 7.75709 2 3 0.117486 8.94933e-06 23.5902 2 
2.3113 -6.52494e-05 -1 0.946544 0.191504 0.00521742 4.01711 461896 4 10827.5 1.8846 8.70616 2 1 144.397 13.5659 10.6441 2 3 0.112946 9.32146e-06 22.9683 2 
2.31652 -6.51619e-05 -1 0.94754 0.191392 0.00521742 4.02962 461479 3 2484.47 1.51894 11.7823 2 2 113.929 2.78745 6.39314 2 3 0.11314 9.69149e-06 22.6852 2 
2.32174 -6.51372e-05 -1 0.948539 0.191345 0.00521742 4.03805 461529 3 2545.3 3.32574 9.1471 2 1 92.5517 11.1789 8.27915 2 3 0.129031 9.42965e-06 23.9185 2 
2.32695 -6.47874e-05 -1 0.94954 0.191302 0.00521742 4.04819 461386 4 2523.86 0.779414 7.54352 2 2 529.703 3.46496 12.3642 2 3 0.12416 8.20188e-06 24.7375 2 
2.33217 -6.42453e-05 -1 0.950544 0.191265 0.00521742 4.05751 461335 3 3459.77 1.72562 12.6096 2 2 144.068 1.76045 9.04632 2 3 0.114294 6.78044e-06 25.6402 2 
2.33739 -6.1776e-05 -1 0.951548 0.191214 0.00521742 4.06678 461291 4 1979.81 0.550631 7.74356 2 1 129.812 14.4845 8.96214 2 3 0.112644 5.98459e-06 26.6006 2 
2.3426 -6.10314e-05 -1 0.952554 0.191171 0.00521742 4.07434 461441 2 135.033 3.60607 6.11932 2 1 119.759 13.5853 8.8154 2 3 0.131068 6.24374e-06 27.5857 2 
2.34782 -6.09787e-05 -1 0.95356 0.191128 0.00521742 4.08453 461292 4 2765.62 0.939318 7.36623 2 2 136.904 2.47466 7.43791 2 3 0.135559 6.50676e-06 27.5162 2 
2.35304 -5.95414e-05 -1 0.954566 0.191065 0.00521742 4.09464 461153 4 7236.39 1.25219 8.71892 2 2 151.877 1.82355 9.12614 2 3 0.133624 6.61756e-06 27.2309 2 
2.35826 -6.27153e-05 -1 0.95557 0.191049 0.00521742 4.10476 461014 4 2575.2 0.746787 7.66308 2 2 170.522 2.41634 8.40063 2 3 0.128034 6.85029e-06 26.5383 2 
2.36347 -6.34062e-05 -1 0.956565 0.191005 0.00521742 4.11487 460877 4 2267.74 1.60413 6.13181 2 2 268.191 2.60492 10.1467 2 3 0.121045 7.08154e-06 25.7597 2 
2.36869 -6.47825e-05 -1 0.957549 0.190967 0.00521742 4.12505 460732 4 13299 1.98098 9.05179 2 2 173.487 2.94411 7.67637 2 3 0.113568 7.29826e-06 24.9658 2 
2.37391 -6.70619e-05 -1 0.958536 0.190933 0.00521742 4.13345 460787 3 2759.17 2.25138 10.7015 2 1 144.972 12.6313 11.4772 2 3 0.107784 7.45854e-06 24.3576 2 
2.37913 -6.54728e-05 -1 0.959522 0.190908 0.00521742 4.14771 460190 4 10709 2.85615 7.82513 2 2 131.908 2.0066 8.10784 2 3 0.102502 7.66325e-06 23.7377 2 
2.38434 -6.23841e-05 -1 0.960511 0.190879 0.00521742 4.15788 460050 4 4600.04 0.630477 9.24215 2 2 158.437 2.53366 7.90777 2 3 0.107956 7.69568e-06 24.1176 2 
2.38956 -6.22567e-05 -1 0.9615 0.190856 0.00521742 4.1663 460103 3 2594.42 2.88546 9.6518 2 1 93.9918 11.4727 8.19265 2 3 0.121874 7.30488e-06 25.5525 2 
2.39478 -6.24395e-05 -1 0.962491 0.190799 0.00521742 4.17554 460066 3 2591.03 1.13288 13.1754 2 2 528.425 3.58934 12.1335 2 3 0.116857 7.15572e-06 25.3708 2 
2.4 -6.38228e-05 -1 0.963482 0.190758 0.00521742 4.18393 460123 3 2478.91 2.36297 10.1609 2 1 136.309 9.9423 13.71 2 3 0.110188 6.80815e-06 25.2951 2 
2.40521 -6.29473e-05 -1 0.964476 0.19077 0.00521742 4.19232 460178 3 3458.16 1.97072 12.0616 2 1 125.965 12.4122 10.1485 2 3 0.126942 1.67796e-05 19.6309 2 
2.41043 -6.2375e-05 -1 0.965471 0.190758 0.00521742 4.20241 460049 4 2798.84 0.912904 7.44112 2 2 129.524 3.81164 5.82933 2 3 0.129545 2.43354e-05 17.4607 2 
2.41565 -6.22061e-05 -1 0.96647 0.190732 0.00521742 4.20994 460198 2 96.9728 1.74473 7.45524 2 1 116.66 11.7429 9.93453 2 3 0.125668 1.84507e-05 18.9556 2 
2.42087 -6.17528e-05 -1 0.96747 0.190703 0.00521742 4.2192 460159 4 7582.47 1.01028 9.30769 2 1 146.208 12.2691 11.9167 2 3 0.119412 1.3484e-05 20.6892 2 
2.42608 -6.23158e-05 -1 0.968472 0.190675 0.00521742 4.22931 460028 4 2519.05 0.386615 8.98441 2 2 158.368 1.68686 9.68933 2 3 0.113426 1.05228e-05 22.0899 2 
2.4313 -6.24805e-05 -1 0.969473 0.190666 0.00521742 4.23941 459898 4 2743.11 0.624775 8.1401 2 2 267.802 2.74255 9.88166 2 3 0.106238 9.66283e-06 22.2361 2 
2.43652 -6.25994e-05 -1 0.970476 0.190632 0.00521742 4.24949 459771 4 12504 1.21367 10.0748 2 2 167.574 2.59627 8.03393 2 3 0.101105 7.66129e-06 23.6315 2 
2.44174 -6.23929e-05 -1 0.971476 0.190581 0.00521742 4.25871 459737 3 2598.27 3.33753 9.19926 2 2 176.094 3.23852 7.37393 2 3 0.0995191 6.45083e-06 24.8941 2 
2.44695 -6.40167e-05 -1 0.972476 0.190584 0.00521742 4.26796 459700 4 10835.9 1.33771 9.48693 2 1 124.446 13.7262 9.06629 2 3 0.0987477 6.39156e-06 24.9062 2 
2.45217 -6.24128e-05 -1 0.973472 0.190588 0.00521742 4.27811 459567 4 4985.7 0.993 8.41772 2 2 179.79 2.39854 8.65784 2 3 0.10248 6.25566e-06 25.3974 2 
2.45739 -6.10069e-05 -1 0.974458 0.190581 0.00521742 4.28652 459622 3 2780.91 3.57143 9.19987 2 1 80.9092 11.579 6.98756 2 3 0.116838 6.06057e-06 26.8137 2 
2.46261 -6.45883e-05 -1 0.975441 0.190573 0.00521742 4.29667 459489 4 5085.1 0.738352 9.1098 2 2 483.158 6.33114 8.73582 2 3 0.113771 5.903e-06 26.8114 2 
2.46782 -6.3512e-05 -1 0.976427 0.190569 0.00521742 4.30589 459457 3 212.793 0.423968 7.94708 2 2 149.796 1.9278 8.81495 2 3 0.120421 5.73982e-06 27.5804 2 
2.47304 -6.29749e-05 -1 0.977413 0.190571 0.00521742 4.31525 459409 3 2563.49 2.47672 10.1154 2 2 123.074 1.82892 8.20325 2 3 0.117657 5.52229e-06 27.7225 2 
2.47826 -6.20721e-05 -1 0.978402 0.190549 0.00521742 4.32441 459383 3 3511.81 2.41458 11.33 2 2 138.509 1.75554 8.88247 2 3 0.112324 5.3192e-06 27.6402 2 
2.48348 -6.19018e-05 -1 0.97939 0.190564 0.00521742 4.33269 459450 3 2466.33 3.19435 9.17395 2 1 132.405 13.7256 9.6466 2 3 0.110556 5.25415e-06 27.6075 2 
2.48869 -6.13881e-05 -1 0.98038 0.190486 0.00521742 4.34503 459088 3 2338.31 1.16535 12.6129 2 1 115.124 13.3394 8.63036 2 3 0.106732 5.58899e-06 26.7293 2 
2.49391 -6.1165e-05 -1 0.981372 0.190519 0.00521742 4.35419 459063 4 7076.92 1.39676 8.43685 2 1 134.249 14.3292 9.3689 2 3 0.104196 5.92661e-06 26.0025 2 
2.49913 -6.17336e-05 -1 0.982369 0.190536 0.00521742 4.36418 458951 4 12767.2 2.02232 8.91377 2 2 280.882 5.80634 6.95522 2 3 0.105613 6.1513e-06 25.7979 2 
2.50434 -6.54323e-05 -1 0.983366 0.190533 0.00521742 4.37413 458844 4 2007.34 0.735141 7.22874 2 2 158.612 1.51826 10.2211 2 3 0.106466 6.40961e-06 25.5149 2 
2.50956 -6.71304e-05 -1 0.984366 0.19052 0.00521742 4.3824 458912 2 333.442 2.76296 10.9856 2 2 167.558 2.05644 9.02659 2 3 0.112841 6.60809e-06 25.7512 2 
2.51478 -6.73104e-05 -1 0.985365 0.190463 0.00521742 4.39322 458715 5 11125.3 2.61455 5.31842 2 2 160.22 1.81288 9.401 2 3 0.119326 6.83213e-06 25.9454 2 
2.52 -6.23336e-05 -1 0.986365 0.190443 0.00521742 4.40232 458696 3 2519.48 2.18688 10.4832 2 2 112.142 3.39884 5.74405 2 3 0.134203 7.10081e-06 26.6369 2 
2.52521 -6.20418e-05 -1 0.987363 0.190463 0.00521742 4.41227 458590 4 4947.08 1.02306 8.33896 2 2 138.234 2.63263 7.24623 2 3 0.131885 7.28299e-06 26.26 2 
2.53043 -6.20422e-05 -1 0.988363 0.190511 0.00521742 4.42221 458486 4 2855.1 0.76439 7.81766 2 2 479.936 7.65332 7.91893 2 3 0.12562 7.4495e-06 25.6435 2 
2.53565 -6.30387e-05 -1 0.989361 0.190532 0.00521742 4.43216 458380 5 5140.2 1.33991 5.20932 2 1 136.054 8.72923 15.586 2 3 0.114067 7.47556e-06 24.8031 2 
2.54087 -6.35028e-05 -1 0.990357 0.190538 0.00521742 4.44128 458362 4 2708.23 0.560559 8.33712 2 1 130.92 13.5056 9.69376 2 3 0.110525 7.49445e-06 24.523 2 
2.54608 -6.32197e-05 -1 0.991346 0.190534 0.00521742 4.45134 458246 4 2641.06 3.5595 5.21912 2 2 114.481 2.23209 7.16162 2 3 0.11101 7.33153e-06 24.7394 2 
2.5513 -6.47344e-05 -1 0.99233 0.19051 0.00521742 4.46061 458212 3 1152.76 0.686331 11.8869 2 2 132.976 3.14493 6.50251 2 3 0.112285 7.19578e-06 24.9889 2 
2.55652 -6.5045e-05 -1 0.993314 0.190516 0.00521742 4.47067 458097 4 3238.33 1.38067 6.95917 2 2 134.66 1.77055 8.72099 2 3 0.101678 6.5163e-06 24.9886 2 
2.56174 -6.51507e-05 -1 0.994301 0.190515 0.00521742 4.48074 457981 4 7790.55 0.736896 10.1401 2 2 157.346 2.4331 8.04169 2 3 0.100379 6.27612e-06 25.1952 2 
2.56695 -6.43981e-05 -1 0.995288 0.190543 0.00521742 4.4908 457867 4 12092.3 0.937788 10.6562 2 2 257.263 5.67577 6.73251 2 3 0.0956373 6.08429e-06 25.0499 2 
2.57217 -6.50803e-05 -1 0.996277 0.190535 0.00521742 4.50025 457817 3 2384.06 2.0789 10.4671 2 2 145.563 2.83912 7.16034 2 3 0.0979502 1.03284e-05 21.1669 2 
2.57739 -6.47682e-05 -1 0.997268 0.190578 0.00521742 4.51034 457701 4 2719.42 2.25128 5.89538 2 2 151.951 3.38673 6.69824 2 3 0.101115 2.34661e-05 16.2726 2 
2.58261 -6.54879e-05 -1 0.998263 0.190606 0.00521742 4.52039 457589 4 11562.6 2.61945 8.151 2 2 149.863 2.96545 7.10888 2 3 0.104216 1.95537e-05 17.4677 2 
2.58782 -6.83919e-05 -1 0.999259 0.190604 0.00521742 4.52877 457647 2 383.351 3.53295 10.4167 2 2 118.996 3.7081 5.66488 2 3 0.103734 1.40014e-05 19.4947 2 
2.59304 -6.95714e-05 -1 1.00026 0.190621 0.00521742 4.53797 457621 4 2164.68 0.648678 7.60048 2 1 115.556 7.80019 14.8144 2 3 0.104248 1.08185e-05 21.2798 2 
2.59826 -7.03911e-05 -1 1.00126 0.190594 0.00521742 4.55124 457187 4 5109.82 3.53497 6.16602 2 1 72.7509 8.34163 8.72142 2 3 0.10473 9.6559e-06 22.1357 2 
2.60348 -6.75318e-05 -1 1.00226 0.190585 0.00521742 4.56128 457079 4 2905.41 1.02471 7.29713 2 2 419.547 9.69471 6.57844 2 3 0.102684 8.06138e-06 23.3542 2 
2.60869 -6.83676e-05 -1 1.00325 0.190591 0.00521742 4.57055 457048 4 2333.16 0.410159 8.68456 2 1 132.948 13.2155 10.06 2 3 0.097473 7.12338e-06 23.9184 2 
2.61391 -6.90458e-05 -1 1.00425 0.190631 0.00521742 4.57978 457021 4 5464.15 1.73334 7.49307 2 1 127.293 12.914 9.85702 2 3 0.0907685 7.16049e-06 23.3165 2 
2.61913 -6.85932e-05 -1 1.00525 0.190679 0.00521742 4.58817 457078 3 2083.07 3.20613 8.66113 2 1 128.55 11.6826 11.0035 2 3 0.0827087 7.1141e-06 22.6539 2 
2.62435 -6.78404e-05 -1 1.00625 0.190697 0.00521742 4.59737 457054 4 2751.68 1.14745 6.99787 2 1 134.4 11.4469 11.7412 2 3 0.0827334 7.08021e-06 22.6923 2 
2.62956 -6.82173e-05 -1 1.00725 0.190684 0.00521742 4.60744 456944 4 3449.43 1.01892 7.62785 2 2 136.465 1.45487 9.68499 2 3 0.0820984 6.89266e-06 22.8375 2 
2.63478 -6.53822e-05 -1 1.00824 0.19073 0.00521742 4.61778 456808 4 11678.4 3.40946 7.65023 2 2 228.637 4.25239 7.33257 2 3 0.0836988 6.71241e-06 23.1889 2 
2.64 -6.84299e-05 -1 1.00922 0.190751 0.00521742 4.62653 456829 3 291.744 0.572209 7.98882 2 1 124.633 9.55426 13.0448 2 3 0.0844852 6.49309e-06 23.5203 2 
2.64522 -6.92895e-05 -1 1.01021 0.190774 0.00521742 4.63695 456686 4 2736.9 0.699637 7.90854 2 2 139.889 2.47766 7.514 2 3 0.0844363 6.35439e-06 23.6856 2 
2.65043 -6.91043e-05 -1 1.0112 0.190774 0.00521742 4.64735 456546 4 2436.43 0.664091 7.78272 2 2 147.177 2.28584 8.02412 2 3 0.0854508 5.94235e-06 24.3175 2 
2.65565 -6.88037e-05 -1 1.01219 0.19076 0.00521742 4.65844 456338 5 11100.6 1.15533 6.25933 2 2 127.624 2.53752 7.09189 2 3 0.0889226 5.94486e-06 24.639 2 
2.66087 -6.64419e-05 -1 1.01318 0.190773 0.00521742 4.66872 456211 4 2675.62 0.717187 7.81535 2 2 102.265 2.84738 5.99295 2 3 0.0987694 5.91155e-06 25.5647 2 
2.66609 -6.58055e-05 -1 1.01417 0.190821 0.00521742 4.67734 456246 3 2136.99 3.18061 8.75852 2 1 116.675 12.1354 9.61443 2 3 0.0999041 5.8962e-06 25.6845 2 
2.6713 -6.54901e-05 -1 1.01517 0.19085 0.00521742 4.68838 456045 4 2179.42 0.542702 7.96059 2 2 347.345 4.1179 9.18424 2 3 0.101816 5.50719e-06 26.4421 2 
2.67652 -6.58362e-05 -1 1.01617 0.190884 0.00521742 4.69927 455860 4 4843.24 1.0012 8.33977 2 2 202.703 2.91604 8.33746 2 3 0.0990888 5.44614e-06 26.3014 2 
2.68174 -6.72797e-05 -1 1.01717 0.1909 0.00521742 4.70948 455741 4 3176.66 0.512141 8.87453 2 1 112.918 10.7517 10.5024 2 3 0.0939029 5.22173e-06 26.1992 2 
2.68695 -6.79523e-05 -1 1.01817 0.190925 0.00521742 4.71985 455608 4 5357.17 1.1791 8.21007 2 2 131.315 1.93038 8.24774 2 3 0.087461 5.49062e-06 25.1612 2 
2.69217 -6.78848e-05 -1 1.01917 0.190928 0.00521742 4.72736 455750 2 80.0405 1.1882 8.20749 2 1 133.035 12.7454 10.4378 2 3 0.078571 5.54635e-06 24.1965 2 
2.69739 -6.73918e-05 -1 1.02017 0.190948 0.00521742 4.73484 455895 2 86.2302 1.37218 7.92727 2 1 128.679 14.3637 8.95859 2 3 0.0707003 5.6486e-06 23.2181 2 
2.70261 -6.68691e-05 -1 1.02117 0.190972 0.00521742 4.74805 455490 4 11546.1 1.93921 8.7842 2 1 132.831 13.9136 9.54684 2 3 0.0703814 5.69247e-06 23.1234 2 
2.70782 -6.61565e-05 -1 1.02217 0.191015 0.00521742 4.75806 455392 4 3385.76 0.869076 7.90041 2 2 190.679 3.38089 7.50994 2 3 0.0746769 5.83353e-06 23.3929 2 
2.71304 -6.67906e-05 -1 1.02317 0.191045 0.00521742 4.76802 455300 4 6978.91 0.988513 9.16645 2 2 164.865 1.9949 9.09083 2 3 0.0774964 5.97221e-06 23.499 2 
2.71826 -6.65919e-05 -1 1.02416 0.191082 0.00521742 4.77545 455450 2 245.649 1.95075 11.2216 2 1 123.261 14.5521 8.47034 2 3 0.0796423 6.13661e-06 23.5002 2 
2.72348 -6.58123e-05 -1 1.02515 0.191099 0.00521742 4.78459 455436 4 2371.44 0.467732 8.43828 2 1 123.753 14.3698 8.61204 2 3 0.0822017 6.25982e-06 23.5924 2 
2.72869 -6.5025e-05 -1 1.02614 0.191132 0.00521742 4.79455 455343 4 10963 1.60714 9.088 2 2 122.952 2.69717 6.75171 2 3 0.0862916 6.39299e-06 23.8097 2 
2.73391 -6.57679e-05 -1 1.02713 0.191156 0.00521742 4.80285 455409 3 2428.57 3.62785 8.74784 2 1 76.9905 11.6687 6.59803 2 3 0.0937782 6.38367e-06 24.4912 2 
2.73913 -6.4021e-05 -1 1.02812 0.191183 0.00521742 4.812 455395 4 1964.34 0.562272 7.68808 2 1 80.0277 10.0005 8.00233 2 3 0.0939459 7.60677e-06 23.1149 2 
2.74435 -6.30891e-05 -1 1.02911 0.191196 0.00521742 4.82111 455384 4 2628.61 0.620776 8.06674 2 1 53.5336 14.2544 3.75559 2 3 0.0954756 2.42307e-05 15.7946 2 
2.74956 -6.22799e-05 -1 1.03011 0.19122 0.00521742 4.83184 455220 4 5263.91 0.959061 8.60727 2 2 312.381 7.62308 6.40143 2 3 0.0932079 2.27496e-05 16.0015 2 
2.75478 -6.16547e-05 -1 1.03111 0.191254 0.00521742 4.84111 455195 4 3181.46 1.02572 7.46276 2 1 90.3102 7.02468 12.8561 2 3 0.0894744 1.68833e-05 17.4347 2 
2.76 -6.25781e-05 -1 1.03211 0.191285 0.00521742 4.85028 455179 4 2077 0.963159 6.81451 2 1 117.903 11.9006 9.90726 2 3 0.0841865 1.26909e-05 18.7896 2 
2.76522 -6.24436e-05 -1 1.03311 0.191297 0.00521742 4.86253 454875 4 5580.07 2.62858 6.78781 2 1 130.997 13.1763 9.94189 2 3 0.0758488 9.34657e-06 20.0955 2 
2.77043 -6.08203e-05 -1 1.03411 0.191353 0.00521742 4.87214 454818 4 11721.1 1.26567 9.80983 2 1 129.771 14.089 9.21079 2 3 0.0688408 7.56377e-06 20.8787 2 
2.77565 -6.31351e-05 -1 1.03511 0.191372 0.00521742 4.87982 454941 2 207.967 2.39687 9.31483 2 1 115.684 11.8602 9.75394 2 3 0.0699989 6.04898e-06 22.6188 2 
2.78087 -6.45225e-05 -1 1.03611 0.191403 0.00521742 4.88822 454997 2 213.681 2.3452 9.54538 2 2 130.103 1.37317 9.73377 2 3 0.0729783 6.22543e-06 22.7165 2 
2.78609 -6.46383e-05 -1 1.03712 0.19147 0.00521742 4.89836 454892 4 7481.61 1.1952 8.89486 2 2 146.745 2.11218 8.33522 2 3 0.0750873 6.40989e-06 22.7111 2 
2.7913 -6.55046e-05 -1 1.03812 0.191517 0.00521742 4.9085 454786 4 2639.11 0.82953 7.51029 2 2 177.589 2.98365 7.71497 2 3 0.0770927 6.52303e-06 22.7783 2 
2.79652 -6.48709e-05 -1 1.03912 0.191552 0.00521742 4.91694 454839 3 2497.47 3.11024 9.2947 2 1 112.717 12.6417 8.91626 2 3 0.0793228 6.58985e-06 22.9179 2 
2.80174 -6.40999e-05 -1 1.04012 0.191497 0.00521742 4.92707 454735 5 11179.5 1.63373 5.84856 2 1 115.69 13.9666 8.28337 2 3 0.0822749 6.4388e-06 23.3787 2 
2.80696 -6.04545e-05 -1 1.04112 0.191525 0.00521742 4.9363 454714 4 2400.51 0.467798 8.46372 2 1 105.848 13.591 7.78807 2 3 0.0844737 6.31597e-06 23.7371 2 
2.81217 -5.98117e-05 -1 1.04211 0.191579 0.00521742 4.94963 454317 4 2641.16 0.4837 8.59616 2 1 61.7356 11.4987 5.36893 2 3 0.0920664 6.15495e-06 24.6391 2 
2.81739 -5.98751e-05 -1 1.0431 0.191616 0.00521742 4.95892 454293 4 2432.45 0.730908 7.59531 2 1 69.7912 10.2036 6.83983 2 3 0.0954215 6.02572e-06 25.1119 2 
2.82261 -6.11012e-05 -1 1.04409 0.191665 0.00521742 4.96825 454264 4 2138.85 0.462209 8.24775 2 1 68.1512 11.492 5.93032 2 3 0.0941026 6.25646e-06 24.6845 2 
2.82783 -6.19708e-05 -1 1.04508 0.191723 0.00521742 4.97838 454162 4 5326.54 0.878728 8.82364 2 2 252.853 9.11162 5.26788 2 3 0.0907274 6.58882e-06 23.9687 2 
2.83304 -6.28663e-05 -1 1.04608 0.191739 0.00521742 4.98854 454058 4 3401.22 0.450875 9.31954 2 2 98.0733 9.49585 3.21372 2 3 0.0864714 6.83987e-06 23.2957 2 
2.83826 -6.28631e-05 -1 1.04708 0.191754 0.00521742 4.99784 454033 3 2212.07 2.96616 9.06848 2 2 115.439 6.35939 4.26058 2 3 0.0792493 7.06886e-06 22.3811 2 
2.84348 -6.30142e-05 -1 1.04808 0.191772 0.00521742 5.00796 453934 4 11541 2.07497 8.63589 2 2 133.63 2.98603 6.68966 2 3 0.0717963 7.32609e-06 21.3998 2 
2.84869 -6.42734e-05 -1 1.04909 0.191811 0.00521742 5.01726 453908 4 2584.24 0.533786 8.34145 2 1 119.507 12.3241 9.69702 2 3 0.0683853 7.556e-06 20.8396 2 
2.85391 -6.43114e-05 -1 1.05009 0.191862 0.00521742 5.02891 453671 3 2553.08 3.03726 9.43758 2 1 117.78 12.5485 9.38598 2 3 0.0713407 7.69919e-06 21.0038 2 
2.85913 -6.37994e-05 -1 1.0511 0.191882 0.00521742 5.03749 453712 2 179.445 2.76401 8.05743 2 2 124.684 2.14281 7.62805 2 3 0.0738142 7.73802e-06 21.2082 2 
2.86435 -6.24033e-05 -1 1.0521 0.191904 0.00521742 5.04704 453664 4 7373.7 1.1274 8.99295 2 1 84.7075 11.3571 7.45855 2 3 0.0750442 7.75411e-06 21.3106 2 
2.86956 -6.24247e-05 -1 1.05311 0.191958 0.00521742 5.05677 453602 4 2272.16 2.86161 5.30832 2 1 185.87 11.2514 16.5197 2 3 0.0770563 7.63348e-06 21.612 2 
2.87478 -6.33472e-05 -1 1.05411 0.191962 0.00521742 5.06598 453585 4 2621.66 2.66933 5.59814 2 1 102.264 11.2683 9.07538 2 3 0.0792381 7.56109e-06 21.8835 2 
2.88 -6.4435e-05 -1 1.05512 0.192003 0.00521742 5.07522 453567 4 10707.7 2.75189 7.89799 2 1 104.828 11.6179 9.02297 2 3 0.0818325 7.39671e-06 22.2824 2 
2.88522 -6.78357e-05 -1 1.05612 0.192018 0.00521742 5.0827 453705 2 328.248 3.36725 9.87333 2 1 65.9732 8.48055 7.77935 2 3 0.0919373 7.25524e-06 23.3138 2 
2.89043 -6.94643e-05 -1 1.05712 0.19205 0.00521742 5.09187 453693 4 2709.09 0.829339 7.56002 2 1 73.2538 9.2231 7.94243 2 3 0.0946704 7.09794e-06 23.7152 2 
2.89565 -6.98917e-05 -1 1.05811 0.192078 0.00521742 5.10104 453680 4 2603.61 1.48084 6.47541 2 1 71.7899 7.32865 9.79578 2 3 0.0954036 6.92656e-06 23.9708 2 
2.90087 -7.12842e-05 -1 1.0591 0.192093 0.00521742 5.1102 453668 4 2479.63 0.459533 8.57073 2 1 69.2747 7.72074 8.97254 2 3 0.0930548 6.76892e-06 23.9556 2 
2.90609 -7.21829e-05 -1 1.0601 0.192139 0.00521742 5.12019 453583 4 3304.26 1.69047 6.64915 2 2 213.263 2.24792 9.74018 2 3 0.0894251 6.62415e-06 23.8109 2 
2.9113 -7.38914e-05 -1 1.06109 0.192203 0.00521742 5.12935 453571 4 4945.74 2.61783 6.59284 2 1 88.629 7.67997 11.5403 2 3 0.0849847 2.82316e-05 14.4389 2 
2.91652 -7.26952e-05 -1 1.06209 0.192164 0.00521742 5.13684 453708 2 548.686 2.00513 16.5421 2 1 127.536 11.2495 11.337 2 3 0.0772408 3.18405e-05 13.4366 2 
2.92174 -7.22156e-05 -1 1.0631 0.192201 0.00521742 5.15028 453319 4 10982.4 1.34199 9.51123 2 1 124.897 12.606 9.90771 2 3 0.0702857 2.24822e-05 14.6221 2 
2.92696 -7.41511e-05 -1 1.0641 0.192241 0.00521742 5.16031 453232 4 5990.7 0.975731 8.85191 2 1 120.167 11.7969 10.1863 2 3 0.0675794 1.68746e-05 15.8804 2 
2.93217 -7.36869e-05 -1 1.06511 0.192317 0.00521742 5.17003 453172 4 2572.13 0.526929 8.35863 2 1 115.409 13.8412 8.33811 2 3 0.0702748 1.4417e-05 16.9554 2 
2.93739 -7.43532e-05 -1 1.06612 0.19233 0.00521742 5.18006 453085 4 2522.42 0.76716 7.57239 2 2 117.394 1.10525 10.306 2 3 0.0723477 1.30158e-05 17.7141 2 
2.94261 -7.41897e-05 -1 1.06712 0.192355 0.00521742 5.18926 453071 4 7535.75 0.706587 10.1623 2 1 91.4083 10.5444 8.66888 2 3 0.0738048 8.63441e-06 20.4464 2 
2.94783 -7.39773e-05 -1 1.06813 0.192386 0.00521742 5.19753 453138 4 2170.34 0.520162 8.03706 2 1 183.896 13.7989 13.3268 2 2 0.0754561 9.91309e-05 27.5894 2 
2.95304 -7.39062e-05 -1 1.06914 0.192384 0.00521742 5.20572 453212 4 2346.01 0.735478 7.51519 2 1 105.188 13.4208 7.83765 2 2 0.0778063 9.93678e-05 27.9824 2 
2.95826 -7.53159e-05 -1 1.07015 0.192385 0.00521742 5.2139 453287 4 10723.8 2.90377 7.79555 2 1 100.384 12.8924 7.78633 2 2 0.0814922 9.71021e-05 28.9697 2 
2.96348 -7.33309e-05 -1 1.07115 0.19241 0.00521742 5.22217 453353 4 2430.41 1.00028 7.02085 2 1 97.0878 14.4737 6.70787 2 2 0.0965414 9.03615e-05 32.6863 2 
2.9687 -7.34441e-05 -1 1.07216 0.192459 0.00521742 5.23039 453424 4 2908.87 1.02156 7.30492 2 1 79.3984 9.35892 8.48372 2 2 0.0923445 9.24378e-05 31.6068 2 
2.97391 -7.17691e-05 -1 1.07315 0.192515 0.00521742 5.23858 453497 4 2511.82 0.582615 8.10311 2 1 83.5676 10.0926 8.28009 2 2 0.0939767 9.034e-05 32.253 2 
2.97913 -7.20766e-05 -1 1.07415 0.192527 0.00521742 5.24755 453502 4 2575.29 1.06827 7.00707 2 2 204.974 2.5837 8.90693 2 2 0.0923545 9.07452e-05 31.902 2 
2.98435 -7.24343e-05 -1 1.07514 0.192578 0.00521742 5.25656 453504 4 3414.04 0.926241 7.79177 2 2 193.882 1.51986 11.2945 2 2 0.0886907 9.6479e-05 30.3196 2 
2.98957 -7.36165e-05 -1 1.07614 0.192603 0.00521742 5.26583 453484 4 5235.69 1.05163 8.39997 2 1 87.7657 8.36653 10.4901 2 3 0.0846867 6.26737e-06 23.8183 2 
2.99478 -7.62569e-05 -1 1.07714 0.192569 0.00521742 5.27513 453461 4 11298.3 2.09505 8.56949 2 1 98.1157 12.7355 7.70413 2 3 0.0776719 6.15897e-06 23.2766 2 
3 -7.71008e-05 -1 1.07815 0.192587 0.00521742 5.28362 453508 3 418.69 0.429216 9.91758 2 1 123.816 14.3305 8.64008 2 3 0.0707606 6.04948e-06 22.6999 2 

# Multigrid, 585 steps, 84.3621 CPU, 5.293 real, 4.53e+05 points.step/s, 23 var
