0.911925 0
0.911975 0.015625

0.911974 0.015625
0.912124 0.03125

0.912123 0.03125
0.912376 0.046875

0.912374 0.046875
0.912737 0.0625

0.912734 0.0625
0.913215 0.078125

0.913212 0.078125
0.913822 0.09375

0.913817 0.09375
0.914572 0.109375

0.914568 0.109375
0.915488 0.125

0.91548 0.125
0.91659 0.140625

0.916583 0.140625
0.917913 0.15625

0.917905 0.15625
0.919488 0.171875

0.919476 0.171875
0.921352 0.1875

0.921315 0.1875
0.921875 0.191399

0.921875 0.191285
0.923576 0.203125

0.923549 0.203125
0.926257 0.21875

0.926237 0.21875
0.929495 0.234375

0.929482 0.234375
0.933359 0.25

0.93324 0.25
0.9375 0.263999

0.9375 0.263903
0.938024 0.265625

0.937955 0.265625
0.943904 0.28125

0.943694 0.28125
0.951344 0.296875

0.950665 0.296875
0.953125 0.300888

0.953125 0.30001
0.961684 0.3125

0.961081 0.3125
0.96875 0.320963

0.96875 0.320709
0.978272 0.328125

0.976946 0.328125
0.984375 0.333098

0.984375 0.33216
1 0.338832

1 0.338808
1.01562 0.341974

1.01562 0.341908
1.03125 0.341747

1.03125 0.341525
1.04688 0.338614

1.04688 0.338489
1.0625 0.333524

1.07812 0.326827
1.07514 0.328125

1.0625 0.333521
1.07489 0.328125

1.07812 0.32657
1.09375 0.318225

1.10938 0.308756
1.1034 0.3125

1.09375 0.318213
1.10287 0.3125

1.10938 0.308419
1.125 0.297215

1.14062 0.284842
1.12547 0.296875

1.125 0.297235
1.12547 0.296875

1.15625 0.271186
1.14481 0.28125

1.14062 0.284683
1.14468 0.28125

1.17188 0.25596
1.16209 0.265625

1.15625 0.270902
1.16186 0.265625

1.1875 0.239023
1.17763 0.25

1.17188 0.255729
1.17738 0.25

1.20312 0.220293
1.19163 0.234375

1.1875 0.2389
1.19144 0.234375

1.21875 0.19916
1.2161 0.203125

1.21589 0.203125
1.20432 0.21875

1.20312 0.220231
1.20428 0.21875

1.23438 0.174331
1.22642 0.1875

1.21875 0.198749
1.22632 0.1875

1.25 0.144484
1.24432 0.15625

1.24425 0.15625
1.23578 0.171875

1.23438 0.174227
1.23577 0.171875

1.26562 0.105285
1.26433 0.109375

1.26429 0.109375
1.25846 0.125

1.25842 0.125
1.25177 0.140625

1.25 0.144334
1.25179 0.140625

1.28125 0.0306834
1.28121 0.03125

1.28121 0.03125
1.27936 0.046875

1.27936 0.046875
1.27674 0.0625

1.27674 0.0625
1.27335 0.078125

1.27335 0.078125
1.2692 0.09375

1.26562 0.105078
1.26921 0.09375

1.28268 0
1.28231 0.015625

1.28125 0.0306013
1.28231 0.015625

