0.91502 0
0.915023 0.00390625

0.915023 0.00390625
0.915033 0.0078125

0.915033 0.0078125
0.915048 0.0117188

0.915048 0.0117188
0.91507 0.015625

0.91507 0.015625
0.915098 0.0195312

0.915098 0.0195312
0.915132 0.0234375

0.915132 0.0234375
0.915173 0.0273438

0.915172 0.0273438
0.91522 0.03125

0.915219 0.03125
0.915273 0.0351562

0.915273 0.0351562
0.915333 0.0390625

0.915333 0.0390625
0.9154 0.0429688

0.9154 0.0429688
0.915473 0.046875

0.915473 0.046875
0.915554 0.0507812

0.915554 0.0507812
0.915641 0.0546875

0.915641 0.0546875
0.915736 0.0585938

0.915736 0.0585938
0.915838 0.0625

0.915838 0.0625
0.915947 0.0664062

0.915947 0.0664062
0.916065 0.0703125

0.916064 0.0703125
0.91619 0.0742188

0.916189 0.0742188
0.916323 0.078125

0.916322 0.078125
0.916464 0.0820312

0.916464 0.0820312
0.916614 0.0859375

0.916614 0.0859375
0.916772 0.0898438

0.916772 0.0898438
0.91694 0.09375

0.91694 0.09375
0.917117 0.0976562

0.917117 0.0976562
0.917303 0.101562

0.917303 0.101562
0.917499 0.105469

0.917499 0.105469
0.917706 0.109375

0.917706 0.109375
0.917923 0.113281

0.917923 0.113281
0.917969 0.114071

0.917969 0.114069
0.918151 0.117188

0.918151 0.117188
0.91839 0.121094

0.91839 0.121094
0.918641 0.125

0.918641 0.125
0.918904 0.128906

0.918904 0.128906
0.91918 0.132812

0.919179 0.132812
0.919468 0.136719

0.919468 0.136719
0.91977 0.140625

0.91977 0.140625
0.920087 0.144531

0.920086 0.144531
0.920417 0.148438

0.920417 0.148438
0.920763 0.152344

0.920763 0.152344
0.921125 0.15625

0.921125 0.15625
0.921503 0.160156

0.921503 0.160156
0.921875 0.163829

0.921875 0.163827
0.921899 0.164062

0.921898 0.164062
0.922312 0.167969

0.922312 0.167969
0.922744 0.171875

0.922744 0.171875
0.923196 0.175781

0.923195 0.175781
0.923668 0.179688

0.923667 0.179688
0.924161 0.183594

0.924161 0.183594
0.924676 0.1875

0.924676 0.1875
0.925214 0.191406

0.925214 0.191406
0.925777 0.195312

0.925775 0.195312
0.925781 0.195353

0.925781 0.195346
0.926365 0.199219

0.926365 0.199219
0.926981 0.203125

0.926981 0.203125
0.927625 0.207031

0.927625 0.207031
0.928299 0.210938

0.928299 0.210938
0.929003 0.214844

0.929002 0.214844
0.929688 0.218478

0.929688 0.218475
0.929739 0.21875

0.929738 0.21875
0.930512 0.222656

0.930511 0.222656
0.931322 0.226562

0.931321 0.226562
0.93217 0.230469

0.932169 0.230469
0.933057 0.234375

0.933054 0.234375
0.933594 0.236635

0.933594 0.236627
0.933989 0.238281

0.933988 0.238281
0.934969 0.242188

0.934969 0.242188
0.935997 0.246094

0.935996 0.246094
0.937075 0.25

0.93707 0.25
0.9375 0.251476

0.9375 0.251459
0.938213 0.253906

0.938213 0.253906
0.939412 0.257812

0.939411 0.257812
0.940672 0.261719

0.940665 0.261719
0.941406 0.263892

0.941406 0.263875
0.942003 0.265625

0.942003 0.265625
0.943413 0.269531

0.94341 0.269531
0.944898 0.273438

0.944884 0.273438
0.945312 0.274498

0.945312 0.274462
0.946478 0.277344

0.946477 0.277344
0.948152 0.28125

0.948139 0.28125
0.949219 0.283613

0.949219 0.283588
0.949935 0.285156

0.949933 0.285156
0.951835 0.289062

0.951818 0.289062
0.953125 0.291572

0.953125 0.291543
0.953868 0.292969

0.953862 0.292969
0.956044 0.296875

0.956015 0.296875
0.957031 0.298565

0.957031 0.298516
0.958392 0.300781

0.958378 0.300781
0.960919 0.304688

0.960858 0.304688
0.960938 0.304805

0.960938 0.304724
0.963669 0.308594

0.963655 0.308594
0.964844 0.310194

0.964844 0.310115
0.966689 0.3125

0.966679 0.3125
0.96875 0.314977

0.96875 0.314935
0.970028 0.316406

0.970015 0.316406
0.972656 0.319246

0.972656 0.31921
0.973751 0.320312

0.973713 0.320312
0.976562 0.323002

0.976562 0.322975
0.977981 0.324219

0.977911 0.324219
0.980469 0.326366

0.980469 0.326351
0.982825 0.328125

0.982686 0.328125
0.984375 0.329348

0.984375 0.32929
0.988281 0.331867

0.988281 0.331873
0.988556 0.332031

0.988546 0.332031
0.992188 0.334137

0.992188 0.334114
0.995832 0.335938

0.995735 0.335938
0.996094 0.336117

0.996094 0.336082
1 0.337752

1 0.337728
1.00391 0.339144

1.00391 0.339152
1.0062 0.339844

1.00614 0.339844
1.00781 0.340348

1.00781 0.340328
1.01172 0.341258

1.01172 0.34125
1.01562 0.341966

1.01562 0.341966
1.01953 0.342485

1.01953 0.342483
1.02344 0.34281

1.02344 0.342809
1.02734 0.34295

1.02734 0.342949
1.03125 0.34291

1.03125 0.342909
1.03516 0.342697

1.03516 0.342694
1.03906 0.342317

1.03906 0.342315
1.04297 0.341783

1.04297 0.341781
1.04688 0.341103

1.04688 0.341101
1.05078 0.340281

1.05469 0.339318
1.05256 0.339844

1.05078 0.340283
1.05257 0.339844

1.05469 0.339318
1.05859 0.338214

1.05859 0.338209
1.0625 0.336978

1.06641 0.335632
1.06552 0.335938

1.0625 0.336977
1.06551 0.335938

1.06641 0.335629
1.07031 0.334153

1.07031 0.334145
1.07422 0.332557

1.07812 0.330864
1.07545 0.332031

1.07422 0.332564
1.07544 0.332031

1.07812 0.330849
1.08203 0.329034

1.08594 0.327131
1.08392 0.328125

1.08203 0.329041
1.08389 0.328125

1.08594 0.32711
1.08984 0.325087

1.09375 0.322982
1.09148 0.324219

1.08984 0.325094
1.09145 0.324219

1.09375 0.322959
1.09766 0.320734

1.10156 0.318433
1.09839 0.320312

1.09766 0.320739
1.09838 0.320312

1.10547 0.316028
1.10485 0.316406

1.10156 0.318426
1.10482 0.316406

1.10547 0.315998
1.10938 0.313495

1.11328 0.310923
1.1109 0.3125

1.10938 0.313495
1.11088 0.3125

1.11719 0.308247
1.11668 0.308594

1.11328 0.31091
1.11664 0.308594

1.11719 0.308211
1.12109 0.305434

1.125 0.302587
1.12213 0.304688

1.12109 0.305422
1.12213 0.304688

1.12891 0.299667
1.1274 0.300781

1.125 0.302573
1.12738 0.300781

1.13281 0.296625
1.13249 0.296875

1.12891 0.299635
1.13245 0.296875

1.13281 0.296594
1.13672 0.293467

1.14062 0.29026
1.13733 0.292969

1.13672 0.29346
1.13732 0.292969

1.14453 0.286974
1.14204 0.289062

1.14062 0.290239
1.14204 0.289062

1.14844 0.283596
1.14663 0.285156

1.14453 0.286931
1.14662 0.285156

1.15234 0.280119
1.15108 0.28125

1.14844 0.28355
1.15105 0.28125

1.15625 0.276552
1.15539 0.277344

1.15234 0.280084
1.15536 0.277344

1.16016 0.272892
1.15958 0.273438

1.15625 0.276521
1.15955 0.273438

1.16406 0.269135
1.16366 0.269531

1.16016 0.272862
1.16363 0.269531

1.16797 0.265281
1.16762 0.265625

1.16406 0.269105
1.1676 0.265625

1.17188 0.261324
1.17149 0.261719

1.16797 0.265256
1.17146 0.261719

1.17578 0.257261
1.17526 0.257812

1.17188 0.261298
1.17523 0.257812

1.17969 0.253088
1.17893 0.253906

1.17578 0.257239
1.17891 0.253906

1.18359 0.248801
1.18252 0.25

1.17969 0.253074
1.1825 0.25

1.1875 0.244395
1.18602 0.246094

1.18359 0.248801
1.18599 0.246094

1.19141 0.239868
1.18945 0.242188

1.1875 0.244406
1.18941 0.242188

1.19531 0.235237
1.19277 0.238281

1.19141 0.239881
1.19275 0.238281

1.19921 0.230469
1.19603 0.234375

1.19531 0.235235
1.19602 0.234375

1.20312 0.225537
1.20233 0.226562

1.19922 0.230461
1.20232 0.226562

1.20703 0.220451
1.20536 0.222656

1.20312 0.225519
1.20535 0.222656

1.21094 0.215214
1.20832 0.21875

1.20703 0.220452
1.2083 0.21875

1.21484 0.209798
1.21405 0.210938

1.21404 0.210938
1.21121 0.214844

1.21094 0.215212
1.21121 0.214844

1.21875 0.204192
1.21679 0.207031

1.21484 0.209785
1.21679 0.207031

1.22266 0.198394
1.22212 0.199219

1.22211 0.199219
1.21948 0.203125

1.21875 0.204193
1.21947 0.203125

1.22656 0.192354
1.22467 0.195312

1.22266 0.198376
1.22467 0.195312

1.23047 0.186088
1.22961 0.1875

1.2296 0.1875
1.22717 0.191406

1.22656 0.19235
1.22716 0.191406

1.23438 0.179561
1.2343 0.179688

1.23429 0.179688
1.23198 0.183594

1.23047 0.186068
1.23197 0.183594

1.23828 0.172694
1.23655 0.175781

1.23438 0.179537
1.23654 0.175781

1.24219 0.165512
1.24088 0.167969

1.24088 0.167969
1.23874 0.171875

1.23828 0.172686
1.23874 0.171875

1.24609 0.157948
1.24498 0.160156

1.24498 0.160156
1.24295 0.164062

1.24219 0.1655
1.24295 0.164062

1.25 0.149941
1.24886 0.152344

1.24885 0.152344
1.24694 0.15625

1.24609 0.157935
1.24694 0.15625

1.25391 0.14142
1.25251 0.144531

1.25251 0.144531
1.25071 0.148438

1.25 0.14993
1.25071 0.148438

1.25781 0.132292
1.2576 0.132812

1.2576 0.132812
1.25595 0.136719

1.25595 0.136719
1.25426 0.140625

1.25391 0.141413
1.25426 0.140625

1.26172 0.122381
1.26072 0.125

1.26072 0.125
1.25918 0.128906

1.25781 0.132275
1.25918 0.128906

1.26562 0.111527
1.26503 0.113281

1.26502 0.113281
1.26364 0.117188

1.26364 0.117188
1.2622 0.121094

1.26172 0.122374
1.26221 0.121094

1.26953 0.0994007
1.26888 0.101562

1.26887 0.101562
1.26764 0.105469

1.26764 0.105469
1.26636 0.109375

1.26562 0.111517
1.26636 0.109375

1.27344 0.0854812
1.27332 0.0859375

1.27332 0.0859375
1.27228 0.0898438

1.27228 0.0898438
1.27119 0.09375

1.27119 0.09375
1.27006 0.0976562

1.26953 0.0993924
1.27006 0.0976562

1.27734 0.068621
1.277 0.0703125

1.277 0.0703125
1.27615 0.0742188

1.27615 0.0742188
1.27525 0.078125

1.27525 0.078125
1.27431 0.0820312

1.27344 0.0854699
1.27431 0.0820312

1.28125 0.0457732
1.2811 0.046875

1.2811 0.046875
1.28053 0.0507812

1.28053 0.0507812
1.27992 0.0546875

1.27992 0.0546875
1.27926 0.0585938

1.27926 0.0585938
1.27855 0.0625

1.27855 0.0625
1.2778 0.0664062

1.27734 0.0686143
1.2778 0.0664062

1.28436 0
1.28434 0.00390625

1.28434 0.00390625
1.28427 0.0078125

1.28427 0.0078125
1.28416 0.0117188

1.28416 0.0117188
1.284 0.015625

1.284 0.015625
1.2838 0.0195312

1.2838 0.0195312
1.28355 0.0234375

1.28355 0.0234375
1.28326 0.0273438

1.28326 0.0273438
1.28292 0.03125

1.28292 0.03125
1.28253 0.0351562

1.28253 0.0351562
1.2821 0.0390625

1.2821 0.0390625
1.28162 0.0429688

1.28125 0.0457679
1.28162 0.0429688

kappa_offset_provider_stats evaluations=1218537 clamp_hits=0 denominator_guard_hits=0 min_abs_denominator=0.96843436303013941 max_abs_d_over_h=0.49998997910023601 grad_samples=1218537 grad_min=0.99679076408910305 grad_mean=0.99993098797305058 grad_std=0.00035374850947513941 grad_max=1.0003205623960538
