t sb -1 xb vb dt perf.t perf.speed
0 0 -1 0.5 0 0.000572433 0 0 
0.000572433 0 -1 0.5 -9.15469e-05 0.000572433 0.001224 209150 1 15.68 42.7229 0.367016 4 
0.0138442 -2.79386e-05 -1 0.499997 0.00754928 0.0132718 0.003926 130413 18 30.6607 0.555561 1.2496 6 13 35.3204 1.8067 1.25695 6 1 0.0377689 3.2014e-05 1179.76 4 
0.0387289 -5.22451e-05 -1 0.500177 0.0209986 0.0248846 0.004922 156034 6 5.75092 0.152833 1.83057 7 13 25.2673 0.516714 1.3488 7 2 0.143784 2.93902e-05 69.9446 3 
0.0739821 -3.40465e-05 -1 0.500887 0.0389693 0.0352532 0.005544 184704 7 6.05087 0.0660831 1.90654 7 3 8.15686 0.276638 3.08937 7 3 0.357011 6.75588e-05 17.4181 2 
0.118998 -1.97265e-05 -1 0.502571 0.0608489 0.0450157 0.006015 212801 3 16.9804 0.0344906 7.89615 6 3 6.46221 0.0895733 4.16295 6 4 0.78632 4.39659e-05 11.5643 2 
0.17235 -7.72071e-06 -1 0.505729 0.0853418 0.0533519 0.057872 26541.3 8 38.8114 0.0335295 2.41514 6 100 14.3168 0.180817 1.04469 100 4 1.56504 9.65927e-05 11.2822 2 
0.231259 7.12515e-06 -1 0.510728 0.110575 0.0589094 0.132859 13488 12 54.3012 0.0280471 1.87893 5 100 21.9204 0.297627 1.04393 100 5 2.81228 6.47028e-05 8.465 2 
0.292787 2.19669e-05 -1 0.517601 0.134976 0.0615276 0.221745 9235.83 14 74.6105 0.0257314 1.7673 5 100 34.9736 0.373335 1.04645 100 7 4.54146 9.42821e-05 4.66624 2 
0.355745 3.75784e-05 -1 0.526269 0.157774 0.0629585 0.313093 7358.84 15 139.439 0.0237554 1.78337 5 100 76.5719 0.453976 1.05262 100 19 7.01133 9.34259e-05 1.8055 2 
0.418704 5.35385e-05 -1 0.536449 0.178359 0.0629585 0.406622 6295.77 14 88.0835 0.0209287 1.81496 6 100 43.4757 0.601642 1.04373 100 13 7.47497 4.56374e-05 2.51825 3 
0.481662 6.71116e-05 -1 0.547921 0.196506 0.0629585 0.5353 5260.6 16 95.4971 0.0214184 1.69073 5 100 35.603 1.54575 1.03187 100 9 6.05361 7.21638e-05 3.52434 3 
0.541622 7.94777e-05 -1 0.559326 0.211012 0.0599604 0.637455 4819.16 17 104.641 0.0273657 1.62456 5 100 51.1556 3.44224 1.02735 100 7 3.45488 3.116e-05 5.25643 3 
0.59079 9.09741e-05 -1 0.569414 0.221844 0.0491676 0.720329 4620.11 16 141.608 0.0389511 1.6693 4 100 93.3758 5.27657 1.02915 100 8 4.06208 3.70771e-05 4.26536 2 
0.640982 0.000104498 -1 0.580616 0.230224 0.0501919 0.809005 4430.13 17 157.727 0.0373478 1.63408 4 100 81.5443 1.77932 1.03899 100 9 6.34174 5.26362e-05 3.66899 2 
0.691174 0.000118964 -1 0.592449 0.236589 0.0501919 0.886566 4331.32 18 176.159 0.0336126 1.60929 4 100 114.061 0.159557 1.06793 100 9 2.68764 6.54971e-05 3.25516 2 
0.741366 0.000129176 -1 0.603987 0.24047 0.0501919 0.986216 4153.25 20 140.837 0.0369137 1.51035 4 100 81.2058 0.461207 1.05307 100 10 5.91871 8.96369e-05 3.03371 2 
0.791557 0.000138051 -1 0.615874 0.242998 0.0501919 1.08245 4020.53 19 68.4822 0.0345252 1.49125 4 100 65.5558 2.99505 1.03134 100 8 4.56398 3.82725e-05 4.31079 2 
0.842917 0.000147693 -1 0.628391 0.244875 0.0513591 1.17765 3912.89 17 84.2273 0.0308795 1.59259 5 100 45.8856 3.1658 1.0271 100 12 3.81757 9.15035e-05 2.42677 2 
0.894276 0.000158092 -1 0.64068 0.245085 0.0513591 1.29302 3761.73 16 191.533 0.0337221 1.71651 4 100 115.458 3.59735 1.0353 100 12 2.54468 6.34311e-05 2.41886 2 
0.946919 0.000170248 -1 0.652997 0.243237 0.0526431 1.38096 3707.57 17 179.43 0.0304732 1.66634 4 100 95.6667 4.04787 1.03213 100 9 3.60687 6.11601e-05 3.38902 2 
0.999562 0.000183392 -1 0.665834 0.24072 0.0526431 1.48224 3626.95 17 245.573 0.0319155 1.69277 4 100 140.315 3.38949 1.03793 100 30 4.53034 9.01125e-05 1.43454 2 
1.05363 0.000197548 -1 0.678599 0.237754 0.0540659 1.58359 3556.49 16 63.3959 0.0290672 1.61684 4 100 58.268 4.60572 1.0257 100 10 5.76407 3.43884e-05 3.3299 3 
1.10769 0.000209255 -1 0.691219 0.23426 0.0540659 1.6644 3537.61 16 126.311 0.0295818 1.68617 5 100 95.7393 4.83785 1.0303 100 7 9.19617 7.54575e-05 5.32792 3 
1.16176 0.000220763 -1 0.703524 0.231076 0.0540659 1.74707 3516.76 16 209.008 0.0341138 1.72465 4 100 141.064 9.78094 1.02705 100 6 9.49522 9.84877e-05 6.77154 3 
1.21746 0.000229739 -1 0.715931 0.227227 0.0557043 1.86588 3430.02 17 180.422 0.0293924 1.67042 4 100 126.177 7.43149 1.02872 100 11 3.59366 5.11415e-05 2.75813 2 
1.27317 0.000240107 -1 0.728493 0.22355 0.0557043 1.9699 3378.85 20 308.882 0.0316299 1.58301 4 100 178.722 4.94732 1.03652 100 10 4.55212 7.87518e-05 2.99361 2 
1.3255 0.000246858 -1 0.739747 0.219979 0.0523282 2.06057 3354.41 23 140.1 0.0310145 1.44181 3 100 110.001 7.01985 1.0279 100 11 6.24164 7.22894e-05 2.81027 2 
1.37951 0.000253063 -1 0.751326 0.217122 0.0540162 2.15574 3325.08 21 72.4226 0.0307576 1.44733 3 100 123.988 2.9271 1.03817 100 5 2.53461 9.95379e-05 7.6065 2 
1.43353 0.000259543 -1 0.76283 0.21489 0.0540162 2.23766 3317.74 20 173.968 0.0332911 1.53429 3 100 88.4705 2.62395 1.03581 100 4 0.968088 6.27768e-05 11.1437 2 
1.48947 0.000266871 -1 0.774471 0.212456 0.0559454 2.30977 3325.01 22 167.437 0.0310414 1.47786 3 100 112.716 7.23137 1.02785 100 8 3.72511 4.14786e-05 4.16068 2 
1.54542 0.000272144 -1 0.786203 0.209537 0.0559454 2.38288 3330.42 18 192.081 0.02928 1.62949 4 100 71.6845 0.225957 1.05929 100 16 2.5879 5.88128e-05 1.95082 2 
1.6036 0.000277419 -1 0.798479 0.207187 0.0581832 2.44755 3347.02 21 86.2079 0.0271062 1.4682 3 100 46.3709 0.237542 1.05416 100 10 3.16928 4.0103e-05 3.08872 3 
1.66179 0.000283643 -1 0.810315 0.205242 0.0581832 2.5285 3341.11 22 70.308 0.0278447 1.42774 3 100 56.5451 3.99114 1.02686 100 6 0.575694 3.57055e-05 5.02623 3 
1.72261 0.000288881 -1 0.822289 0.203782 0.0608279 2.6333 3305.36 22 94.6985 0.0268367 1.44962 3 100 57.8935 4.14153 1.02673 100 9 1.52209 6.09961e-05 3.08014 2 
1.78344 0.000293864 -1 0.834486 0.201641 0.0608279 2.71304 3302.57 20 116.974 0.0248484 1.5263 3 100 53.5292 0.676748 1.04468 100 7 2.38672 2.5516e-05 5.13028 2 
1.84427 0.000299073 -1 0.846539 0.199247 0.0608279 2.79128 3301.71 21 67.3214 0.0221876 1.46491 3 100 34.9997 1.03753 1.03581 100 6 2.50513 6.77714e-05 5.77161 2 
1.90848 0.000303738 -1 0.859044 0.197322 0.0642072 2.87804 3291.13 22 61.9792 0.0230696 1.43177 3 100 48.023 4.34468 1.02432 100 4 0.726428 8.94424e-05 9.49319 2 
1.97268 0.000308266 -1 0.87142 0.196146 0.0642072 2.95287 3294.43 21 59.5252 0.0237966 1.4515 3 100 32.9755 1.96128 1.02862 100 6 1.00091 5.08691e-05 5.19585 2 
2.03689 0.000312953 -1 0.883911 0.195288 0.0642072 3.03049 3294.52 17 95.9471 0.0202857 1.645 3 100 35.0376 1.02302 1.03597 100 5 1.48859 4.69225e-05 7.94838 2 
2.1011 0.000317824 -1 0.896335 0.193784 0.0642072 3.10004 3303.18 15 47.8667 0.0190165 1.68549 3 100 29.4713 0.96737 1.03476 100 9 0.941705 8.72905e-05 2.80611 2 
2.16531 0.000324334 -1 0.908628 0.191447 0.0642072 3.17443 3306.42 20 26.8462 0.0219125 1.42695 3 100 41.9374 3.69335 1.02459 100 9 0.658725 6.98713e-05 2.7644 3 
2.22951 0.000328641 -1 0.920732 0.18983 0.0642072 3.24178 3316.7 20 37.6248 0.018813 1.46235 3 100 21.8411 1.66718 1.02606 100 6 0.911925 6.50864e-05 4.90996 3 
2.29372 0.000332292 -1 0.932827 0.188378 0.0642072 3.31239 3323.28 19 54.0565 0.0240383 1.50113 3 100 35.0472 1.10945 1.03513 100 5 1.8982 4.71548e-05 8.3361 3 
2.35793 0.000336928 -1 0.944965 0.187288 0.0642072 3.39133 3321.41 12 71.4759 0.0201748 1.97597 3 100 19.8826 0.633828 1.03506 100 3 0.633009 7.0786e-06 44.7185 2 
2.42213 0.00034523 -1 0.957008 0.185228 0.0642072 3.44888 3340.21 18 40.8718 0.0192058 1.53069 3 100 25.2205 1.56456 1.02819 100 5 1.11699 4.41637e-05 7.5962 2 
2.48634 0.000349614 -1 0.968994 0.183446 0.0642072 3.51949 3345.94 21 85.3681 0.0185735 1.49417 3 100 32.0733 2.68111 1.02513 100 6 0.857417 8.52485e-05 4.64605 2 
2.55055 0.00035309 -1 0.980894 0.182287 0.0642072 3.57485 3365.74 20 37.053 0.0232169 1.44594 3 100 25.0064 0.705035 1.03633 100 7 1.11917 3.40926e-05 4.4175 2 
2.61476 0.000357443 -1 0.992552 0.181825 0.0642072 3.63813 3377.56 20 53.7335 0.0233246 1.47272 3 100 29.3791 0.990467 1.03448 100 6 2.31115 8.83003e-05 5.44893 2 
2.67896 0.000361798 -1 1.00447 0.181034 0.0642072 3.6957 3394.22 20 71.4693 0.0212368 1.5009 2 100 22.118 0.762671 1.03425 100 6 0.800853 2.71805e-05 5.55754 2 
2.74317 0.000369089 -1 1.01609 0.179723 0.0642072 3.76107 3403.29 31 49.3989 0.021644 1.28332 2 100 30.3307 1.48848 1.0306 100 9 1.84541 9.05887e-05 3.01148 3 
2.80738 0.000373541 -1 1.02763 0.178946 0.0642072 3.82158 3416.39 26 27.2867 0.0191412 1.32223 3 100 36.665 2.30808 1.02804 100 7 0.839509 3.88992e-05 4.16059 3 
2.87159 0.000377157 -1 1.03902 0.178883 0.0642072 3.89517 3417.56 22 37.9842 0.0188546 1.41316 3 100 27.7118 0.296283 1.04643 100 6 1.14129 1.91278e-05 6.25108 3 
2.93579 0.000380666 -1 1.05038 0.179428 0.0642072 3.96959 3417.98 23 76.3675 0.0193517 1.43336 3 100 30.933 0.842277 1.03669 100 8 2.3867 4.6408e-05 3.88062 2 
3 0.000384227 -1 1.06228 0.179784 0.0642072 4.04019 3421.62 21 124.813 0.0206895 1.51365 3 100 11.9078 1.33586 1.02212 100 5 2.41953 3.01869e-05 9.56714 2 

# Multigrid, 54 steps, 2.83871 CPU, 4.108 real, 3.37e+03 points.step/s, 24 var
