t sb -1 xb vb dt perf.t perf.speed
0 0 -1 0.5 0 0.000474636 0 0 
0.000474636 0 -1 0.5 -5.82264e-05 0.000474636 0.012349 331687 1 1697.05 213 7.96741 4 
0.00138056 2.26481e-06 -1 0.5 -0.000167569 0.000905927 0.021253 385451 1 285.729 64.829 4.40742 4 1 347.4 90.6796 3.83107 4 1 0.000539493 1.32839e-08 40612.4 4 
0.00267867 -3.31866e-06 -1 0.499999 4.17839e-05 0.0012981 0.029933 410517 1 132.908 32.9637 4.03195 4 1 493.232 106.879 4.61486 4 1 0.000707883 1.05056e-07 6738.12 4 
0.00433282 -1.39227e-05 -1 0.499999 0.000671393 0.00165415 0.040192 407643 1 52.4702 23.1678 2.26479 4 1 263.022 28.4383 9.24889 4 1 0.000912828 3.61514e-07 2525.01 4 
0.00631146 -2.87935e-05 -1 0.500001 0.0018643 0.00197864 0.047414 431940 1 23.5553 18.0601 1.30427 4 1 36.5451 17.3227 2.10966 4 1 0.00140368 1.12586e-06 1246.76 4 
0.00858457 -4.38012e-05 -1 0.500005 0.00346646 0.00227311 0.054695 449328 1 17.475 9.63341 1.814 4 1 26.664 3.8996 6.83762 4 1 0.00213543 2.62311e-06 814.083 4 
0.0111261 -5.56592e-05 -1 0.500013 0.00538851 0.00254156 0.061905 463161 1 9.12191 4.19855 2.17264 4 1 43.9413 9.29203 4.72892 4 1 0.00295971 4.8219e-06 613.805 4 
0.0139091 -6.12744e-05 -1 0.500028 0.00742691 0.00278294 0.06918 473663 1 8.92123 0.806482 11.0619 4 1 35.8173 17.3766 2.06123 4 1 0.00374471 7.59314e-06 493.17 4 
0.0169132 -5.9183e-05 -1 0.50005 0.00946064 0.00300412 0.076382 482627 1 9.08227 4.22277 2.15078 4 1 47.5944 20.1963 2.35659 4 1 0.00440692 1.05741e-05 416.765 4 
0.0201208 -4.98119e-05 -1 0.500081 0.0113713 0.00320762 0.083579 490075 1 10.2654 6.0191 1.70547 4 1 35.6685 20.8789 1.70835 4 1 0.00496285 1.34265e-05 369.631 4 
0.0235109 -3.52849e-05 -1 0.500119 0.013173 0.00339008 0.090774 496354 1 10.4881 6.16581 1.70101 4 1 55.9403 17.686 3.16297 4 1 0.00537011 1.5757e-05 340.808 4 
0.027067 -1.88949e-05 -1 0.500166 0.0148479 0.00355614 0.097976 501674 1 9.90423 5.12178 1.93375 4 1 22.6193 14.1679 1.59652 4 1 0.00574906 1.77316e-05 324.226 4 
0.0307739 -4.18231e-06 -1 0.500221 0.0164212 0.0037069 0.105169 506309 1 8.93948 3.35885 2.66147 4 1 19.1023 8.44341 2.26239 4 1 0.00604531 2.10545e-05 287.127 4 
0.0346151 6.00056e-06 -1 0.500284 0.0180098 0.00384117 0.112378 510278 1 7.94482 1.18415 6.70932 4 1 18.2396 3.35122 5.44268 4 1 0.00632365 2.42138e-05 261.159 4 
0.0385848 9.95422e-06 -1 0.500355 0.0196584 0.00396973 0.119566 513858 1 6.76169 0.869631 7.77536 4 1 11.7032 1.10069 10.6327 4 1 0.00667744 2.78103e-05 240.107 4 
0.0426695 7.63022e-06 -1 0.500435 0.0215419 0.00408471 0.127833 512669 2 3510.95 5.63028 24.9717 3 1 12.1744 3.73904 3.25602 4 1 0.00703294 3.15039e-05 223.241 4 
0.0468525 8.45579e-07 -1 0.500524 0.0234212 0.00418293 0.134834 516428 1 24.3405 2.73716 8.89264 3 1 16.7605 3.91066 4.28586 4 1 0.00747504 3.57446e-05 209.124 4 
0.0511324 -7.45648e-06 -1 0.500624 0.0255604 0.00427992 0.14352 513712 3 3512.17 3.57789 9.93839 2 1 13.3125 3.64531 3.65195 4 1 0.00784818 3.97915e-05 197.233 4 
0.0554946 -1.50747e-05 -1 0.500735 0.0278075 0.00436223 0.1503 517791 1 23.9955 2.65456 9.03933 2 1 9.99408 1.80768 5.52868 4 1 0.00833348 4.44956e-05 187.288 4 
0.0599358 -2.12295e-05 -1 0.500858 0.0300846 0.00444118 0.157075 521534 1 24.0619 2.64798 9.08688 2 1 11.8732 0.94181 12.6068 4 1 0.00866437 4.86927e-05 177.94 4 
0.0644451 -2.51312e-05 -1 0.500993 0.0323832 0.0045093 0.163832 525026 1 23.8429 2.90572 8.20549 2 1 7.16317 0.911306 7.86034 4 1 0.00898325 5.26814e-05 170.52 4 
0.0690176 -2.64261e-05 -1 0.501141 0.0346956 0.00457252 0.170605 528191 1 23.2624 3.07138 7.57392 2 1 4.28095 2.0349 2.10376 4 1 0.00927627 5.66166e-05 163.844 4 
0.0736552 -2.51158e-05 -1 0.501302 0.0370159 0.00463763 0.177373 531129 1 22.3789 3.12302 7.16578 2 1 5.30733 2.56561 2.06864 4 1 0.00958237 6.08724e-05 157.417 4 
0.0783449 -2.15059e-05 -1 0.501475 0.0392458 0.00468966 0.1867 526535 4 3446.41 1.32338 7.14366 2 1 4.81948 2.76476 1.74318 4 1 0.00982696 6.45727e-05 152.184 4 
0.0830802 -1.80249e-05 -1 0.50166 0.041486 0.00473526 0.193509 529174 1 16.3331 2.70289 6.04283 2 1 37.3498 1.9402 19.2505 4 1 0.00995693 6.75499e-05 147.401 4 
0.087862 -1.46878e-05 -1 0.501859 0.0437112 0.00478184 0.200278 531741 1 14.4274 2.71862 5.30687 2 1 5.56571 1.46472 3.79984 4 1 0.0101903 7.11929e-05 143.137 4 
0.0926834 -1.15974e-05 -1 0.502069 0.045935 0.00482142 0.207227 533676 1 16.177 2.42663 6.66644 2 1 6.72276 0.854834 7.8644 4 1 0.0103821 7.44713e-05 139.41 4 
0.097537 -9.13223e-06 -1 0.502292 0.0481488 0.00485362 0.214482 534721 1 17.7672 2.26903 7.8303 2 1 8.5002 0.521872 16.2879 4 1 0.0105691 7.7502e-05 136.371 4 
0.102423 -7.51625e-06 -1 0.502527 0.0503654 0.0048863 0.224765 528481 4 3348.77 0.988584 7.62901 2 1 8.24149 0.333736 24.6946 4 1 0.0107505 8.0581e-05 133.413 4 
0.107343 -7.39323e-06 -1 0.502775 0.0526149 0.00491949 0.231933 529808 1 21.5446 3.34175 6.4471 2 1 11.2482 1.15155 9.76787 4 1 0.0109544 8.38505e-05 130.642 4 
0.112288 -7.24783e-06 -1 0.503035 0.0548429 0.00494471 0.242742 523090 1 15.4879 2.41514 6.41282 2 1 22.0801 0.516335 42.7632 4 1 0.0111277 8.66676e-05 128.395 4 
0.117258 -7.66884e-06 -1 0.503307 0.0570803 0.00497025 0.249523 525290 1 16.5857 2.31829 7.15428 2 1 10.6686 0.734013 14.5347 4 1 0.0116023 8.93922e-05 129.79 4 
0.122254 -8.67243e-06 -1 0.503593 0.0593281 0.00499609 0.258029 523848 3 3463.96 3.04558 10.4384 2 1 6.39191 0.604911 10.5667 4 1 0.0123931 9.22868e-05 134.289 4 
0.127267 -9.21032e-06 -1 0.50389 0.0616216 0.0050135 0.264823 525876 1 19.0367 2.42696 7.84385 2 1 12.5137 0.685191 18.2631 4 1 0.012946 9.4704e-05 136.699 4 
0.132298 -9.35335e-06 -1 0.504201 0.0639078 0.00503106 0.271614 527808 1 16.5336 2.42727 6.8116 2 1 9.67606 0.717558 13.4847 4 1 0.0129102 9.67836e-05 133.392 4 
0.137347 -9.49796e-06 -1 0.504523 0.0661104 0.00504877 0.280109 526424 3 3171.35 2.81717 10.4026 2 1 75.7406 1.53938 49.2021 4 1 0.012785 9.89836e-05 129.163 4 
0.142414 -9.05698e-06 -1 0.504859 0.0684301 0.00506664 0.288183 525888 1 16.0905 2.42839 6.626 2 1 13.6284 0.500383 27.236 4 2 0.0121386 1.39863e-06 93.1609 3 
0.147489 -8.33627e-06 -1 0.505207 0.0707089 0.00507564 0.296595 524783 2 22.2904 0.421831 7.26925 2 1 11.8542 1.18567 9.99789 4 2 0.0121991 1.45702e-05 28.9355 2 
0.152583 -7.69739e-06 -1 0.505568 0.0729983 0.00509377 0.305601 522721 3 3527.94 3.52471 10.0031 2 1 11.1506 0.655955 16.999 4 2 0.0120943 2.98714e-05 20.1216 2 
0.157686 -7.04646e-06 -1 0.50594 0.0751835 0.0051029 0.312865 523676 1 27.534 3.02064 9.11528 2 1 11.6323 1.54552 7.52646 4 2 0.0122305 2.96701e-05 20.3031 2 
0.162798 -5.95269e-06 -1 0.506325 0.0773804 0.00511208 0.322693 520420 4 3618.82 1.13423 7.51565 2 1 13.8494 0.749369 18.4814 4 2 0.0123377 2.9995e-05 20.2812 2 
0.16792 -5.03303e-06 -1 0.506722 0.0795638 0.0051213 0.329955 521380 1 37.0925 3.68241 10.0729 2 1 11.9619 1.13975 10.4952 4 2 0.0129744 2.99201e-05 20.8239 2 
0.17305 -4.10211e-06 -1 0.507131 0.0818067 0.00513058 0.339765 518382 4 3811.31 0.515644 9.27217 2 1 11.1239 0.906164 12.2758 4 2 0.013739 2.94706e-05 21.5915 2 
0.17819 -3.30484e-06 -1 0.507553 0.0839811 0.00513991 0.349521 515631 4 3758.35 1.17613 7.51858 2 1 12.562 0.992443 12.6576 4 2 0.0146633 2.97383e-05 22.2053 2 
0.183339 -3.63508e-06 -1 0.507986 0.0861625 0.00514929 0.359342 512938 4 3465.79 0.568277 8.83712 2 1 24.6819 0.70541 34.9895 4 2 0.0155091 2.90453e-05 23.1076 2 
0.188489 -3.96226e-06 -1 0.508431 0.0883852 0.00514929 0.369254 510261 4 2585.22 3.67494 5.15006 2 1 16.6225 1.02035 16.291 4 2 0.0156833 2.73538e-05 23.9447 2 
0.193647 -4.45624e-06 -1 0.508887 0.0905009 0.00515874 0.379016 507926 4 3616.21 0.618168 8.74554 2 1 18.3373 0.932738 19.6597 4 2 0.0153356 2.78117e-05 23.4821 2 
0.198806 -5.27545e-06 -1 0.509355 0.0927222 0.00515874 0.388791 505691 4 3688.43 3.33483 5.76689 2 1 19.2392 0.897897 21.427 4 2 0.0148928 2.78008e-05 23.1451 2 
0.203974 -6.87838e-06 -1 0.509835 0.0948094 0.00516825 0.398574 503555 4 3729.64 0.589895 8.91709 2 1 17.5427 1.15144 15.2354 4 2 0.0154227 2.81695e-05 23.3987 2 
0.209143 -7.9369e-06 -1 0.510326 0.096957 0.00516825 0.40666 503615 2 39.8841 0.859257 6.813 2 1 19.2454 0.862395 22.3163 4 2 0.0165337 2.97513e-05 23.5739 2 
0.21432 -8.0362e-06 -1 0.510829 0.0991063 0.00517784 0.416442 501621 4 3944.22 0.924225 8.0825 2 1 93.3563 2.79564 33.3935 4 2 0.0179345 3.24475e-05 23.5101 2 
0.219498 -7.97636e-06 -1 0.511343 0.101238 0.00517784 0.426263 499673 4 3294.61 3.30503 5.61898 2 1 20.1254 0.696698 28.8869 4 2 0.0185468 3.34708e-05 23.5398 2 
0.224686 -9.0124e-06 -1 0.511868 0.103307 0.0051875 0.434372 499774 2 36.4951 0.904585 6.35174 2 1 19.7803 1.60173 12.3493 4 2 0.0174306 3.33565e-05 22.8595 2 
0.229873 -9.67903e-06 -1 0.512404 0.105395 0.0051875 0.446511 495361 2 34.9118 0.856821 6.38323 2 1 18.7582 0.820443 22.8635 4 2 0.0175527 3.39399e-05 22.7414 2 
0.235061 -1.01348e-05 -1 0.51295 0.107533 0.0051875 0.455439 494644 3 3077.62 3.43689 9.63865 2 1 18.476 0.696208 26.538 4 2 0.0191114 3.48596e-05 23.4145 2 
0.240248 -1.07265e-05 -1 0.513508 0.109578 0.0051875 0.465235 493033 4 3449.98 1.09901 7.4852 2 1 18.8429 0.988823 19.0559 4 2 0.0195874 3.60468e-05 23.3107 2 
0.245446 -1.06713e-05 -1 0.514076 0.111659 0.00519727 0.473333 493251 2 34.5906 0.926077 6.11161 2 1 28.4593 0.960383 29.6333 4 2 0.0194724 3.7499e-05 22.7876 2 
0.250643 -1.00993e-05 -1 0.514654 0.113726 0.00519727 0.483137 491720 4 3623.49 1.42543 7.10061 2 1 20.1265 1.25872 15.9896 4 2 0.0191475 3.88464e-05 22.2014 2 
0.25584 -1.00555e-05 -1 0.515242 0.115746 0.00519727 0.491229 491958 2 40.199 0.890655 6.7182 2 1 24.0101 1.84148 13.0385 4 2 0.0184448 4.04085e-05 21.3649 2 
0.261037 -9.82683e-06 -1 0.51584 0.117769 0.00519727 0.502059 489504 4 3898.4 1.65882 6.9626 2 1 24.5657 2.77122 8.86459 4 3 0.0201008 8.18324e-06 13.4926 2 
0.266235 -8.41923e-06 -1 0.51645 0.119756 0.00519727 0.512038 487964 3 3088.87 1.8092 11.9519 2 1 26.3808 2.94262 8.96507 4 3 0.0206706 1.56001e-05 10.9835 2 
0.271432 -8.84151e-06 -1 0.517071 0.121747 0.00519727 0.522031 486469 3 3210.09 3.06714 10.153 2 1 28.5528 2.74056 10.4186 4 3 0.020292 1.85734e-05 10.2994 2 
0.276639 -9.76612e-06 -1 0.517705 0.123751 0.00520719 0.531135 485843 2 50.8195 0.817736 7.88331 2 1 30.0637 2.30834 13.0239 4 3 0.0212605 1.84835e-05 10.4776 2 
0.281846 -9.94722e-06 -1 0.518349 0.125738 0.00520719 0.541055 484505 3 3622.53 2.13414 11.9288 2 1 25.927 2.93345 8.83838 4 3 0.0202406 1.48343e-05 11.0914 2 
0.287053 -1.17476e-05 -1 0.519004 0.127751 0.00520719 0.551813 482482 4 3506.97 3.57403 5.59684 2 1 30.0106 3.11733 9.62704 4 3 0.0216067 1.27633e-05 11.9181 2 
0.292261 -1.3328e-05 -1 0.51967 0.129638 0.00520719 0.561118 481781 2 31.7939 0.782481 6.37433 2 1 31.1483 2.24704 13.8619 4 3 0.0222721 1.10944e-05 12.615 2 
0.297468 -1.38208e-05 -1 0.520346 0.131561 0.00520719 0.570152 481331 2 35.7649 0.903978 6.28999 2 1 28.747 2.90811 9.88512 4 3 0.0215117 9.21912e-06 13.2636 2 
0.302675 -1.39057e-05 -1 0.521032 0.133507 0.00520719 0.579855 480341 4 3573.56 0.559864 8.93829 2 1 30.3346 3.06447 9.89881 4 2 0.0199951 9.67307e-05 14.3774 2 
0.307882 -1.43455e-05 -1 0.521729 0.13542 0.00520719 0.589543 479395 4 2341.8 1.01101 6.93743 2 1 101.078 3.04445 33.2007 4 2 0.0221668 9.14347e-05 15.5703 2 
0.313089 -1.45139e-05 -1 0.522436 0.137318 0.00520719 0.599181 478520 4 3700.63 0.986077 7.82692 2 1 28.5236 2.98402 9.55879 4 2 0.0236568 8.81245e-05 16.3844 2 
0.318297 -1.42658e-05 -1 0.523153 0.139173 0.00520719 0.608843 477654 4 3813.34 0.600992 8.92502 2 1 28.3842 2.9639 9.57665 4 2 0.0232836 8.08108e-05 16.9742 2 
0.323504 -1.33617e-05 -1 0.523879 0.141065 0.00520719 0.618533 476793 4 3765.71 1.01538 7.80377 2 1 71.1668 2.50913 28.3631 4 2 0.0216865 6.50364e-05 18.2607 2 
0.328711 -1.40773e-05 -1 0.524615 0.142811 0.00520719 0.628217 475963 4 3621 3.01719 5.88581 2 1 35.8367 2.33471 15.3496 4 2 0.0239524 5.64177e-05 20.6047 2 
0.333918 -1.25402e-05 -1 0.525361 0.1447 0.00520719 0.64188 472213 4 3684.06 1.8941 6.64096 2 1 35.117 1.23378 28.4631 4 2 0.0257249 5.52022e-05 21.5873 2 
0.339125 -1.34189e-05 -1 0.526115 0.146524 0.00520719 0.650681 472121 3 3800.22 2.52395 11.4615 2 1 40.2571 2.60041 15.481 4 2 0.0237897 5.39492e-05 20.9992 2 
0.344333 -1.60201e-05 -1 0.52688 0.14837 0.00520719 0.660472 471324 4 3725.86 1.21902 7.4354 2 1 41.1475 1.6202 25.3966 4 2 0.0255963 5.2328e-05 22.1167 2 
0.34955 -1.63456e-05 -1 0.527654 0.150132 0.00521742 0.670243 470564 4 3269.25 1.20206 7.22155 2 1 33.7785 1.50247 22.4819 4 2 0.0252414 5.15169e-05 22.1351 2 
0.354767 -1.66053e-05 -1 0.528436 0.151945 0.00521742 0.678331 470991 2 37.1448 1.05361 5.93758 2 1 40.2263 2.09364 19.2136 4 2 0.0259404 4.99715e-05 22.7838 2 
0.359985 -1.61395e-05 -1 0.529226 0.153705 0.00521742 0.687229 470853 3 3485.86 2.55765 11.0872 2 1 42.3611 3.35463 12.6276 4 2 0.022173 4.842e-05 21.3993 2 
0.365202 -1.59787e-05 -1 0.530024 0.155493 0.00521742 0.69705 470095 4 3366.18 0.932596 7.75106 2 1 41.2564 4.75689 8.67298 4 2 0.0199583 4.75425e-05 20.489 2 
0.37042 -1.55766e-05 -1 0.530833 0.157195 0.00521742 0.706847 469375 4 3530.24 1.34032 7.16389 2 1 43.8079 5.00576 8.7515 4 2 0.0206504 4.9396e-05 20.4464 2 
0.375637 -1.68038e-05 -1 0.53165 0.158927 0.00521742 0.716634 468680 4 3648.91 1.02001 7.73374 2 1 39.3526 4.28523 9.18331 4 2 0.0233712 5.1325e-05 21.3391 2 
0.380855 -1.59446e-05 -1 0.532476 0.160635 0.00521742 0.726391 468023 4 3869.17 0.910162 8.07467 2 1 34.3085 4.28881 7.99954 4 2 0.0265527 5.28054e-05 22.4241 2 
0.386072 -1.58803e-05 -1 0.533313 0.162323 0.00521742 0.735279 467937 3 2796.43 2.14178 10.9297 2 1 39.5085 3.10637 12.7185 4 2 0.0263277 5.32654e-05 22.2323 2 
0.391289 -1.72677e-05 -1 0.534161 0.163995 0.00521742 0.743326 468381 2 52.2709 0.908224 7.58636 2 1 49.9749 2.56389 19.4918 4 2 0.0268671 5.30285e-05 22.509 2 
0.396507 -1.66292e-05 -1 0.535018 0.165656 0.00521742 0.753106 467738 4 2088.58 2.5539 5.34764 2 1 45.8851 3.31799 13.8292 4 2 0.0256202 5.26572e-05 22.0578 2 
0.401724 -1.69194e-05 -1 0.535884 0.167263 0.00521742 0.762784 467173 4 3523.28 0.919365 7.86801 2 1 41.639 1.8187 22.8949 4 2 0.0284638 5.14698e-05 23.5164 2 
0.406942 -1.71493e-05 -1 0.536759 0.16893 0.00521742 0.772471 466617 4 3750.73 0.704572 8.54176 2 1 43.5967 2.34693 18.576 4 2 0.0279785 4.77117e-05 24.2159 2 
0.412159 -1.71798e-05 -1 0.537643 0.17053 0.00521742 0.782173 466066 4 3269.56 0.76545 8.08431 2 1 39.0726 1.75751 22.2318 4 2 0.0270256 4.62677e-05 24.1685 2 
0.417376 -1.72892e-05 -1 0.538535 0.172115 0.00521742 0.790167 466534 2 86.1312 1.66823 7.18542 2 1 49.1746 1.74186 28.2311 4 2 0.0301597 4.44959e-05 26.0348 2 
0.422594 -1.67501e-05 -1 0.539435 0.17368 0.00521742 0.79982 466025 4 3779.88 0.864205 8.13233 2 1 50.1154 1.73348 28.9103 4 2 0.0281483 4.44658e-05 25.1602 2 
0.427811 -1.64591e-05 -1 0.540343 0.175293 0.00521742 0.809483 465522 4 3719.42 1.85148 6.69483 2 1 44.6612 1.88307 23.7172 4 2 0.0308997 4.78297e-05 25.4172 2 
0.433029 -1.51313e-05 -1 0.541258 0.17678 0.00521742 0.81916 465023 4 3610.22 1.95157 6.55824 2 1 51.8314 1.4899 34.7885 4 2 0.0317306 5.21821e-05 24.6592 2 
0.438246 -1.63803e-05 -1 0.542178 0.178333 0.00521742 0.828853 464526 4 3709.02 0.862877 8.09706 2 1 116.351 3.21749 36.162 4 2 0.0276163 5.30226e-05 22.8219 2 
0.443464 -1.70511e-05 -1 0.543106 0.179764 0.00521742 0.837692 464514 3 3764.86 3.48373 10.2621 2 1 49.8058 5.86472 8.49244 4 2 0.0256389 6.09746e-05 20.5057 2 
0.448681 -1.81188e-05 -1 0.544042 0.181321 0.00521742 0.847368 464044 4 3849.02 1.57979 7.02567 2 1 60.3085 5.85863 10.294 4 2 0.0243644 6.90976e-05 18.7779 2 
0.453898 -1.7174e-05 -1 0.544986 0.182812 0.00521742 0.857025 463594 4 3301.99 1.73183 6.60797 2 1 58.5477 5.0204 11.662 4 2 0.0268142 7.77493e-05 18.5709 2 
0.459116 -1.76077e-05 -1 0.545939 0.184258 0.00521742 0.867151 462904 4 3304.99 3.39996 5.58373 2 1 61.8193 6.06484 10.1931 4 2 0.0296385 8.34145e-05 18.8498 2 
0.464333 -1.54307e-05 -1 0.546899 0.185699 0.00521742 0.877496 462115 4 3583.76 0.460078 9.39457 2 1 68.581 4.4288 15.4852 4 2 0.0287937 8.67026e-05 18.2236 2 
0.469551 -1.45528e-05 -1 0.547867 0.187063 0.00521742 0.88875 460872 5 3403.85 1.29023 4.83349 2 1 58.9321 6.98658 8.43505 4 2 0.0276172 8.80042e-05 17.7149 2 
0.474768 -1.42969e-05 -1 0.548842 0.188476 0.00521742 0.898516 460421 4 3540.87 1.18266 7.39712 2 1 59.87 5.82882 10.2714 4 2 0.0317507 8.70025e-05 19.1034 2 
0.479986 -1.56829e-05 -1 0.549824 0.189842 0.00521742 0.909243 459494 4 3315.04 1.14484 7.3356 2 1 57.4152 6.76007 8.49329 4 3 0.0304678 9.06526e-06 14.9791 2 
0.485203 -1.65686e-05 -1 0.550815 0.191172 0.00521742 0.918191 459477 2 56.0629 1.21589 6.79034 2 1 51.9284 7.47419 6.9477 4 3 0.0313202 1.97555e-05 11.6604 2 
0.49042 -1.67594e-05 -1 0.551814 0.192534 0.00521742 0.928002 459033 3 3564.29 1.99614 12.1319 2 1 54.45 6.01796 9.04793 4 3 0.031034 2.06358e-05 11.457 2 
0.495638 -1.70121e-05 -1 0.55282 0.193883 0.00521742 0.938658 458186 4 3308.3 1.42114 6.94611 2 1 69.7698 3.79471 18.3861 4 3 0.0336017 1.50102e-05 13.0815 2 
0.500855 -1.79585e-05 -1 0.553831 0.195179 0.00521742 0.948482 457759 3 2678.79 2.7067 9.96552 2 1 56.3507 3.03857 18.5451 4 3 0.0328208 1.15932e-05 14.1465 2 
0.506073 -1.85463e-05 -1 0.554847 0.196456 0.00521742 0.95741 457768 2 68.3393 0.922297 8.60795 2 1 71.3617 4.11443 17.3443 4 3 0.0285485 9.29761e-06 14.5346 2 
0.51129 -1.76529e-05 -1 0.55587 0.197717 0.00521742 0.968281 456859 4 3717.67 1.0926 7.63752 2 1 69.1065 6.13027 11.273 4 3 0.0296135 7.84299e-06 15.5717 2 
0.516507 -1.64185e-05 -1 0.556901 0.198935 0.00521742 0.978967 456056 4 4069.02 1.49569 7.22208 2 1 62.9188 5.49452 11.4512 4 3 0.0266788 7.18308e-06 15.4865 2 
0.521725 -1.48395e-05 -1 0.557939 0.200176 0.00521742 0.988627 455743 4 3760.75 0.846375 8.16447 2 1 60.0159 4.64199 12.9289 4 2 0.0294049 9.39749e-05 17.689 2 
0.526942 -1.51995e-05 -1 0.558984 0.201369 0.00521742 0.998282 455438 4 3485.48 0.732787 8.30465 2 1 54.4496 3.85961 14.1076 4 2 0.0314142 7.19511e-05 20.8951 2 
0.53216 -1.48231e-05 -1 0.560036 0.202562 0.00521742 1.0079 455156 4 3877.09 1.87941 6.7394 2 1 53.2334 3.59145 14.8222 4 2 0.0278927 4.95219e-05 23.7327 2 
0.537377 -1.55179e-05 -1 0.561094 0.203705 0.00521742 1.0176 454843 4 4030.95 0.773257 8.4971 2 1 65.836 2.60204 25.3017 4 2 0.0325698 4.87048e-05 25.8596 2 
0.542595 -1.52484e-05 -1 0.562158 0.204821 0.00521742 1.0271 454622 4 3507.32 0.57046 8.85498 2 1 60.2188 2.89167 20.8249 4 2 0.0307472 5.95394e-05 22.7248 2 
0.547812 -1.49431e-05 -1 0.563229 0.205981 0.00521742 1.03581 454757 3 3386.22 1.46604 13.2187 2 1 61.1449 3.22748 18.9451 4 2 0.0338883 6.447e-05 22.9269 2 
0.553029 -1.3498e-05 -1 0.564303 0.207116 0.00521742 1.04364 455270 2 68.1443 1.62079 6.48412 2 1 65.8334 3.44238 19.1244 4 2 0.0332721 5.3985e-05 24.8258 2 
0.558247 -1.15905e-05 -1 0.565382 0.208209 0.00521742 1.05152 455751 2 63.262 1.57606 6.33556 2 1 64.9619 4.73696 13.7138 4 2 0.0354819 5.36783e-05 25.7101 2 
0.563464 -9.44886e-06 -1 0.566462 0.209199 0.00521742 1.06029 455846 3 3665.55 3.30759 10.3485 2 1 73.5086 4.7221 15.5669 4 2 0.0270832 5.17091e-05 22.8858 2 
0.568682 -1.20308e-05 -1 0.567547 0.210278 0.00521742 1.06915 455897 3 3362.33 3.48741 9.87898 2 1 68.0469 7.86187 8.6553 4 2 0.030226 5.11067e-05 24.3193 2 
0.573899 -8.0889e-06 -1 0.56864 0.211315 0.00521742 1.07851 455739 3 2338.9 1.97691 10.5765 2 1 80.9508 7.36469 10.9917 4 2 0.0318358 5.08608e-05 25.0188 2 
0.579117 -6.89378e-06 -1 0.569741 0.212322 0.00521742 1.08846 455338 4 3450.88 2.04734 6.40745 2 1 81.9823 9.18327 8.92735 4 2 0.0317899 4.97987e-05 25.2659 2 
0.584334 -7.01761e-06 -1 0.570849 0.213317 0.00521742 1.09974 454392 4 4281.88 1.27959 7.60573 2 1 74.5921 7.63562 9.76896 4 2 0.0325231 4.84736e-05 25.9026 2 
0.589551 -7.43654e-06 -1 0.571965 0.214321 0.00521742 1.11031 453755 4 3533.37 0.715866 8.38184 2 1 62.5851 6.97773 8.96926 4 2 0.0311739 5.98308e-05 22.8262 2 
0.594769 -7.41721e-06 -1 0.573085 0.215292 0.00521742 1.12057 453256 4 4006.79 1.42126 7.2867 2 1 60.9412 6.63676 9.18238 4 2 0.0330468 6.81116e-05 22.0269 2 
0.599986 -8.23283e-06 -1 0.574212 0.216175 0.00521742 1.13149 452501 4 3606.78 1.62566 6.86313 2 1 63.1033 7.51379 8.39834 4 2 0.031247 7.17526e-05 20.8682 2 
0.605204 -8.26902e-06 -1 0.575342 0.217046 0.00521742 1.14212 451877 4 3333.61 2.95417 5.79588 2 1 62.839 5.22002 12.0381 4 2 0.0332239 6.97857e-05 21.8194 2 
0.610421 -5.44357e-06 -1 0.576476 0.21796 0.00521742 1.15161 451707 3 3244.09 3.66999 9.59716 2 1 71.7795 2.72358 26.3549 4 2 0.0343007 6.29037e-05 23.3514 2 
0.615638 -3.14636e-06 -1 0.577609 0.21886 0.00521742 1.16258 450971 5 4054.59 0.837056 5.45806 2 1 71.6417 5.58767 12.8214 4 2 0.0304804 5.30327e-05 23.9739 2 
0.620856 -3.37915e-06 -1 0.578747 0.219675 0.00521742 1.1735 450265 4 3788.13 3.27517 5.83173 2 1 79.839 6.29908 12.6747 4 2 0.0274564 5.3197e-05 22.7184 2 
0.626073 -5.35022e-06 -1 0.57989 0.22052 0.00521742 1.18403 449717 4 4381.29 1.89456 6.93464 2 1 77.9585 5.92004 13.1686 4 2 0.0307914 5.59357e-05 23.4623 2 
0.631291 -6.09606e-06 -1 0.58104 0.221338 0.00521742 1.19524 448928 5 4371.43 0.920113 5.43696 2 1 67.1628 4.50857 14.8967 4 2 0.0308393 5.8343e-05 22.991 2 
0.636508 -6.58717e-06 -1 0.582193 0.222162 0.00521742 1.20606 448295 4 3434.91 2.46394 6.11043 2 1 57.4901 3.93667 14.6037 4 2 0.0296235 5.91437e-05 22.3802 2 
0.641726 -8.08337e-06 -1 0.583353 0.222954 0.00521742 1.21515 448312 3 1308.09 2.97088 7.60766 2 1 64.8743 3.67368 17.6592 4 2 0.0317709 6.08289e-05 22.8539 2 
0.646943 -8.46638e-06 -1 0.584516 0.223702 0.00521742 1.22579 447762 4 3623.29 1.87956 6.62616 2 1 69.0144 3.51481 19.6353 4 2 0.0314927 6.17151e-05 22.5896 2 
0.65216 -7.21152e-06 -1 0.585683 0.224422 0.00521742 1.23707 446991 4 3379.41 0.635206 8.54046 2 1 57.5288 4.63203 12.4198 4 2 0.0312357 6.23401e-05 22.3842 2 
0.657378 -6.87879e-06 -1 0.586852 0.225105 0.00521742 1.24878 446079 3 3400.27 3.15268 10.2552 2 1 69.0862 5.177 13.3448 4 3 0.0343039 1.92736e-05 12.1188 2 
0.662595 -6.24588e-06 -1 0.588024 0.225845 0.00521742 1.25987 445405 4 2200.96 3.22498 5.11118 2 1 71.2511 5.223 13.6418 4 3 0.0328289 2.4276e-05 11.0584 2 
0.667813 -4.71217e-06 -1 0.589197 0.22653 0.00521742 1.27175 444463 4 3929.73 2.79003 6.12616 2 1 79.1748 5.31803 14.888 4 3 0.0300119 1.76845e-05 11.928 2 
0.67303 -6.95948e-06 -1 0.590375 0.2272 0.00521742 1.28353 443577 4 3684.91 1.48174 7.06178 2 1 82.5953 14.1465 5.83857 4 3 0.0322443 1.30076e-05 13.5338 2 
0.678248 -6.17789e-06 -1 0.591559 0.227806 0.00521742 1.29472 442907 4 3591.44 3.2043 5.78607 2 1 84.9609 11.3016 7.51762 4 3 0.0306488 9.95115e-06 14.5495 2 
0.683465 -5.46631e-06 -1 0.592749 0.228473 0.00521742 1.30563 442343 4 3633.2 2.47671 6.18876 2 1 76.4977 11.5047 6.64926 4 3 0.0310373 8.47024e-06 15.4169 2 
0.688682 -3.99579e-06 -1 0.593943 0.229103 0.00521742 1.3177 441399 5 3636.97 1.32025 4.87547 2 1 69.4177 11.39 6.0946 4 3 0.031103 7.67234e-06 15.945 2 
0.6939 -3.18967e-06 -1 0.595142 0.229722 0.00521742 1.32754 441215 4 4474.28 1.10248 7.98156 2 1 64.5412 10.2467 6.29874 4 2 0.0306811 9.15278e-05 18.3087 2 
0.699117 -4.17405e-06 -1 0.596343 0.230314 0.00521742 1.34124 439760 4 3739.97 1.2993 7.3247 2 1 63.4578 9.75178 6.5073 4 2 0.03123 6.30118e-05 22.2625 2 
0.704335 -4.33045e-06 -1 0.597547 0.230894 0.00521742 1.35095 439630 4 3358.04 1.21634 7.24866 2 1 59.9826 8.48743 7.06723 4 2 0.0305139 5.12669e-05 24.3966 2 
0.709552 -4.46942e-06 -1 0.598748 0.231422 0.00521742 1.36079 439461 4 3364.25 0.943661 7.72713 2 1 70.0702 5.22983 13.3982 4 2 0.0300292 6.68234e-05 21.1986 2 
0.714769 -4.37307e-06 -1 0.599948 0.23196 0.00521742 1.37057 439316 4 4280.35 1.95084 6.84407 2 1 70.9087 5.61223 12.6347 4 2 0.0294877 7.57823e-05 19.7259 2 
0.719987 -4.06322e-06 -1 0.601153 0.232461 0.00521742 1.38034 439174 4 4747.46 1.91118 7.05976 2 1 75.3491 8.31859 9.05792 4 2 0.0279847 8.23469e-05 18.4347 2 
0.725204 -1.10382e-06 -1 0.602362 0.23294 0.00521742 1.39108 438726 4 3562.14 0.834956 8.08187 2 1 62.1138 6.8413 9.07925 4 3 0.0301517 9.35946e-06 14.7691 2 
0.730422 -6.87394e-07 -1 0.603574 0.233465 0.00521742 1.40181 438291 4 5184.28 0.881595 8.75699 2 1 58.6789 4.60547 12.7411 4 3 0.0282379 1.05762e-05 13.8729 2 
0.735639 -1.11854e-06 -1 0.604791 0.233917 0.00521742 1.41251 437870 4 851.437 1.11985 5.25108 2 1 59.3464 4.87466 12.1745 4 3 0.0323195 1.18644e-05 13.966 2 
0.740857 -1.39425e-06 -1 0.606013 0.234322 0.00521742 1.42322 437454 4 3662.75 1.13874 7.53088 2 1 61.0691 6.34903 9.61864 4 3 0.0327609 1.27447e-05 13.6986 2 
0.746074 -2.96682e-06 -1 0.607239 0.234763 0.00521742 1.43394 437038 4 3171.43 1.07831 7.36424 2 1 138.158 5.58942 24.7178 4 3 0.0330407 1.27716e-05 13.7278 2 
0.751291 -4.46669e-06 -1 0.608465 0.235192 0.00521742 1.44473 436610 4 3395.75 1.13089 7.4025 2 1 64.7904 3.7554 17.2526 4 3 0.0324522 1.28165e-05 13.6299 2 
0.756509 -5.3758e-06 -1 0.609687 0.235564 0.00521742 1.45478 436409 3 2103.89 2.04384 10.097 2 1 70.475 2.73601 25.7583 4 3 0.0331913 1.27561e-05 13.7542 2 
0.761726 -4.62366e-06 -1 0.61091 0.235959 0.00521742 1.46565 435966 4 3569.48 0.868733 8.00626 2 1 66.1327 5.59785 11.814 4 3 0.0309076 1.24226e-05 13.5504 2 
0.766944 -4.05524e-06 -1 0.612137 0.236313 0.00521742 1.47653 435530 4 3302.67 0.42468 9.39076 2 1 67.5819 8.21719 8.22446 4 3 0.0309241 1.15061e-05 13.9034 2 
0.772161 -3.67735e-06 -1 0.613369 0.23668 0.00521742 1.48743 435091 4 4512.16 0.950169 8.3013 2 1 71.6936 8.33457 8.60196 4 3 0.032259 1.03041e-05 14.629 2 
0.777379 -3.20789e-06 -1 0.614606 0.237005 0.00521742 1.4983 434668 4 2363.52 0.858004 7.24465 2 1 61.2193 7.75762 7.89151 4 3 0.0295786 9.62615e-06 14.5381 2 
0.782596 -2.57947e-06 -1 0.615845 0.237345 0.00521742 1.50918 434250 4 3528.56 0.862256 7.99817 2 1 101.414 7.16633 14.1514 4 3 0.0274372 9.3488e-06 14.3173 2 
0.787813 -2.18794e-06 -1 0.617087 0.237658 0.00521742 1.51832 434333 2 84.355 2.40135 5.9269 2 1 58.3225 7.22372 8.07376 4 3 0.0308778 9.30452e-06 14.9159 2 
0.793031 -9.09541e-07 -1 0.618329 0.237927 0.00521742 1.52925 433906 4 3302.22 1.57302 6.76889 2 1 125.341 6.90107 18.1625 4 3 0.0340322 9.05825e-06 15.5459 2 
0.798248 -1.2471e-06 -1 0.619569 0.238222 0.00521742 1.54013 433500 4 3264.96 1.42413 6.91961 2 1 55.6814 6.96365 7.99601 4 3 0.030009 8.34393e-06 15.3212 2 
0.803466 -3.02515e-06 -1 0.6208 0.238485 0.00521742 1.55099 433107 4 4897.16 1.36861 7.73421 2 1 56.8596 4.292 13.2478 4 3 0.0292522 7.4542e-06 15.7732 2 
0.808683 -1.79673e-06 -1 0.622035 0.238702 0.00521742 1.56183 432723 4 5577.48 1.0679 8.50113 2 1 60.665 8.09661 7.49264 4 3 0.0311949 6.83485e-06 16.5876 2 
0.8139 -3.39206e-06 -1 0.623274 0.238954 0.00521742 1.57268 432341 4 3486.46 0.506165 9.1101 2 1 61.9689 6.94766 8.91939 4 3 0.0304679 7.87188e-06 15.7008 2 
0.819118 -4.08293e-06 -1 0.624518 0.239198 0.00521742 1.58271 432190 3 3289.93 1.41713 13.2411 2 1 61.9464 7.73435 8.00926 4 3 0.0341278 2.65808e-05 10.8688 2 
0.824335 -5.99989e-06 -1 0.625768 0.239363 0.00521742 1.59353 431825 4 3440.7 0.673661 8.45379 2 1 55.9436 6.86108 8.15376 4 3 0.0340662 2.57939e-05 10.9716 2 
0.829553 -4.49883e-06 -1 0.627022 0.239596 0.00521742 1.60436 431463 4 5494.32 0.288999 11.7423 2 1 64.5126 4.19141 15.3916 4 3 0.0340978 1.86231e-05 12.2337 2 
0.83477 -4.16192e-06 -1 0.628277 0.239841 0.00521742 1.61522 431100 4 3254.7 0.605495 8.56249 2 1 62.6759 3.12425 20.0611 4 3 0.0338826 1.38399e-05 13.4777 2 
0.839988 -4.16029e-06 -1 0.629532 0.239963 0.00521742 1.6261 430734 4 5935.51 1.16599 8.44677 2 1 146.557 4.40708 33.2549 4 3 0.0322087 9.50293e-06 15.0212 2 
0.845205 -2.53887e-06 -1 0.630776 0.240164 0.00521742 1.63697 430376 4 4299.26 0.937405 8.22937 2 1 59.6558 3.03939 19.6275 4 3 0.0368233 7.91791e-06 16.6918 2 
0.850422 -4.0086e-06 -1 0.63202 0.240302 0.00521742 1.64679 430297 4 3541.45 1.17218 7.4139 2 1 56.2643 4.00946 14.0329 4 2 0.0362444 9.07993e-05 19.9793 2 
0.85564 -5.04098e-06 -1 0.633268 0.240431 0.00521742 1.65663 430212 4 2320.35 1.13226 6.72824 2 1 70.8315 6.1242 11.5658 4 2 0.0334558 6.44102e-05 22.7907 2 
0.860857 -3.80364e-06 -1 0.634521 0.240562 0.00521742 1.66649 430125 4 3032.66 1.04411 7.34124 2 1 74.288 5.98547 12.4114 4 2 0.0347803 7.59813e-05 21.395 2 
0.866075 -2.3102e-06 -1 0.635776 0.240666 0.00521742 1.67634 430042 4 696.651 1.89856 4.37671 2 1 70.2109 5.84696 12.0081 4 2 0.0357927 8.87893e-05 20.0778 2 
0.871292 -8.5806e-07 -1 0.637036 0.240806 0.00521742 1.68536 430170 3 3519.85 2.75101 10.8562 2 1 55.709 5.20725 10.6983 4 2 0.0348723 9.44356e-05 19.2164 2 
0.87651 -1.27966e-06 -1 0.638296 0.240904 0.00521742 1.69522 430085 4 4500.34 0.939883 8.31846 2 1 57.5773 6.33445 9.08954 4 2 0.0329527 9.02459e-05 19.1087 2 
0.881727 -1.98209e-06 -1 0.639558 0.240981 0.00521742 1.70514 429985 4 5258.45 1.23928 8.07091 2 1 51.9333 5.03003 10.3246 4 2 0.0306482 8.35412e-05 19.1537 2 
0.886944 -2.07631e-06 -1 0.64081 0.241046 0.00521742 1.71505 429889 4 3340.93 0.740319 8.19619 2 1 127.71 5.61329 22.7513 4 2 0.0311493 7.75404e-05 20.0429 2 
0.892162 -2.23929e-06 -1 0.642051 0.241155 0.00521742 1.72491 429805 4 5903.7 2.21088 7.18852 2 1 70.2674 6.17557 11.3783 4 2 0.0354911 7.37574e-05 21.936 2 
0.897379 -7.23982e-07 -1 0.643297 0.241209 0.00521742 1.73474 429730 4 3328.81 1.27314 7.15077 2 1 72.646 7.42397 9.78533 4 2 0.0379827 7.18603e-05 22.9905 2 
0.902597 -2.71246e-06 -1 0.644551 0.241266 0.00521742 1.74459 429652 4 3145.1 0.741339 8.07058 2 1 70.79 6.84547 10.3411 4 2 0.0395537 6.9218e-05 23.9047 2 
0.907814 -3.12658e-06 -1 0.645809 0.241305 0.00521742 1.75351 429803 3 1076.52 0.906073 10.5914 2 1 55.3889 4.57054 12.1187 4 2 0.0389842 6.51105e-05 24.4692 2 
0.913031 -3.5383e-06 -1 0.647072 0.24129 0.00521742 1.76328 429744 4 6117.66 0.977493 8.89443 2 1 63.7912 2.68303 23.7758 4 2 0.0330685 5.93006e-05 23.6144 2 
0.918249 -4.10672e-06 -1 0.648337 0.241352 0.00521742 1.77308 429680 4 3218.08 0.748191 8.09834 2 1 83.6044 3.7221 22.4616 4 2 0.0296045 5.93049e-05 22.3426 2 
0.923466 -3.90332e-06 -1 0.649606 0.241368 0.00521742 1.78111 430041 2 108.01 1.49513 8.49947 2 1 70.9015 2.03321 34.8717 4 2 0.033647 6.21701e-05 23.2639 2 
0.928684 -2.78324e-06 -1 0.650873 0.24138 0.00521742 1.79086 429988 4 3635.31 0.626565 8.72758 2 1 65.2048 2.08292 31.3045 4 2 0.03849 7.57184e-05 22.5462 2 
0.933901 -2.75936e-06 -1 0.652121 0.241401 0.00521742 1.80062 429932 4 3109.91 3.29317 5.54349 2 1 71.04 2.70841 26.2295 4 2 0.042543 8.35149e-05 22.57 2 
0.939119 -4.35183e-06 -1 0.653366 0.241379 0.00521742 1.81033 429889 4 3318.63 2.60209 5.97598 2 1 76.913 4.2946 17.9092 4 2 0.0437235 7.64176e-05 23.92 2 
0.944336 -5.27804e-06 -1 0.654616 0.241367 0.00521742 1.82002 429851 4 6865.06 3.32723 6.7397 2 1 60.5274 5.33191 11.3519 4 2 0.0416748 7.05139e-05 24.3108 2 
0.949553 -2.98833e-06 -1 0.65587 0.241317 0.00521742 1.82976 429801 4 3426.37 2.72624 5.95412 2 1 49.7559 4.63493 10.735 4 2 0.038181 8.30625e-05 21.4398 2 
0.954771 -2.8997e-06 -1 0.657128 0.241265 0.00521742 1.83948 429756 4 7059.84 1.69677 8.03144 2 1 60.8011 4.65835 13.0521 4 2 0.0409091 8.90502e-05 21.4335 2 
0.959988 -3.70662e-06 -1 0.658389 0.241301 0.00521742 1.84921 429710 4 2956.92 1.30154 6.90392 2 1 60.4855 4.08593 14.8034 4 2 0.0458811 8.27604e-05 23.5454 2 
0.965206 -4.39716e-06 -1 0.659654 0.241235 0.00521742 1.85805 429870 3 3085.36 2.96418 10.1345 2 1 89.0724 3.80721 23.3957 4 2 0.0474205 7.67704e-05 24.8534 2 
0.970423 -5.29965e-06 -1 0.660919 0.241214 0.00521742 1.86873 429604 4 3373.85 0.953927 7.71175 2 1 77.6917 3.86519 20.1003 4 3 0.0441762 1.99205e-05 13.0406 2 
0.975641 -5.26756e-06 -1 0.662184 0.241076 0.00521742 1.87863 429522 3 4097.47 3.11747 10.954 2 1 88.2659 5.01331 17.6063 4 3 0.0452781 3.68756e-05 10.7082 2 
0.980858 -5.66182e-06 -1 0.663423 0.241078 0.00521742 1.88937 429248 4 3163.71 2.69569 5.85304 2 1 83.7551 3.45521 24.2403 4 3 0.0426677 2.90597e-05 11.3659 2 
0.986075 -6.83297e-06 -1 0.664667 0.241002 0.00521742 1.90011 428978 4 3232.2 0.661568 8.36048 2 1 71.6167 3.55637 20.1376 4 3 0.0440227 2.12304e-05 12.7518 2 
0.991293 -7.39426e-06 -1 0.665916 0.240887 0.00521742 1.91087 428704 4 3179.69 1.03694 7.44146 2 1 60.1484 2.89933 20.7456 4 3 0.0402007 1.53459e-05 13.7852 2 
0.99651 -7.42968e-06 -1 0.66717 0.240794 0.00521742 1.92158 428448 4 6095.54 1.12779 8.57425 2 1 61.2238 2.05403 29.8067 4 3 0.0409839 1.35754e-05 14.4528 2 
1.00173 -3.92354e-06 -1 0.668426 0.240585 0.00521742 1.93172 428318 3 3075.61 2.6495 10.5097 2 1 94.6299 2.5728 36.7809 4 3 0.0405323 1.15662e-05 15.1892 2 
1.00695 -4.34766e-06 -1 0.669688 0.240589 0.00521742 1.9415 428272 4 3055.61 0.489372 8.88924 2 1 80.5927 2.73204 29.4991 4 2 0.0410591 9.40427e-05 20.895 2 
1.01216 -5.30932e-06 -1 0.670952 0.240508 0.00521742 1.95124 428233 4 2353.63 1.04329 6.89181 2 1 90.0888 3.2736 27.5198 4 2 0.0463832 6.53449e-05 26.6425 2 
1.01738 -5.6828e-06 -1 0.67222 0.240397 0.00521742 1.96102 428186 4 3310.2 1.85876 6.49618 2 1 84.3418 2.88302 29.2547 4 2 0.0495121 7.84679e-05 25.1194 2 
1.0226 -6.35508e-06 -1 0.673478 0.240343 0.00521742 1.97072 428157 4 4855.68 3.63903 6.04388 2 1 68.3593 3.26686 20.9251 4 2 0.0491209 8.98652e-05 23.3796 2 
1.02781 -2.34075e-06 -1 0.674716 0.240155 0.00521742 1.97956 428313 3 3043.19 3.56432 9.48675 2 1 74.2273 3.3066 22.4482 4 2 0.0451772 7.30112e-05 24.8751 2 
1.03303 -5.18395e-06 -1 0.67595 0.24003 0.00521742 1.98927 428282 4 7048.19 2.27502 7.46059 2 1 72.9328 6.37523 11.44 4 2 0.0412857 6.43336e-05 25.3327 2 
1.03825 -7.23462e-06 -1 0.67719 0.23993 0.00521742 2.00043 427940 4 3717.97 1.50011 7.0558 2 1 119.281 5.93535 20.0967 4 2 0.0410564 6.36058e-05 25.4063 2 
1.04347 -5.87023e-06 -1 0.678433 0.239763 0.00521742 2.01052 427829 4 321.125 3.17066 3.17235 2 1 77.7121 4.80317 16.1793 4 2 0.0450776 7.44842e-05 24.6008 2 
1.04868 -5.68117e-06 -1 0.679681 0.239633 0.00521742 2.02027 427793 4 3591.38 2.32913 6.26638 2 1 84.2307 5.30684 15.8721 4 2 0.0510804 8.72098e-05 24.2016 2 
1.0539 -5.18979e-06 -1 0.680934 0.239424 0.00521742 2.03003 427754 4 3043.81 2.009 6.23892 2 1 95.469 6.31603 15.1154 4 2 0.0555456 8.95792e-05 24.9012 2 
1.05912 -3.2081e-06 -1 0.682193 0.239216 0.00521742 2.03902 427876 3 3784.7 3.35945 10.4053 2 1 75.9879 4.56529 16.6447 4 2 0.0583042 8.24367e-05 26.5944 2 
1.06434 -3.93443e-06 -1 0.683455 0.23913 0.00521742 2.04887 427818 4 8483.35 2.30174 7.79162 2 1 59.6444 3.30113 18.0678 4 2 0.0590907 9.10915e-05 25.4695 2 
1.06955 -5.87965e-06 -1 0.684708 0.238987 0.00521742 2.05898 427707 4 5458.88 0.823803 9.02236 2 1 78.7007 3.17542 24.7844 4 2 0.0477385 8.16396e-05 24.1815 2 
1.07477 -6.85597e-06 -1 0.68595 0.238807 0.00521742 2.06841 427738 3 2873.78 2.58819 10.3551 2 1 65.9813 2.98829 22.08 4 2 0.049886 7.79829e-05 25.2924 2 
1.07999 -6.62733e-06 -1 0.687181 0.238652 0.00521742 2.07875 427581 4 8420.72 1.69953 8.38987 2 1 85.0316 2.85581 29.775 4 2 0.0519351 7.23213e-05 26.7977 2 
1.08521 -4.78843e-06 -1 0.688413 0.23849 0.00521742 2.08907 427428 4 4579.87 1.19985 7.86017 2 1 85.9454 4.25322 20.2071 4 2 0.0559862 6.95636e-05 28.3693 2 
1.09042 -4.08081e-06 -1 0.68965 0.238235 0.00521742 2.09943 427270 4 2871.55 2.43684 5.85899 2 1 75.4806 3.54072 21.3179 4 2 0.0620049 7.85724e-05 28.0917 2 
1.09564 -5.56185e-06 -1 0.69089 0.238052 0.00521742 2.10982 427107 4 3463.2 0.994342 7.6822 2 1 86.0162 3.45997 24.8604 4 2 0.0577275 6.86958e-05 28.9885 2 
1.10086 -8.20599e-06 -1 0.692134 0.237884 0.00521742 2.12023 426943 4 2984.32 1.68072 6.49138 2 1 91.2889 3.72504 24.5069 4 2 0.0524863 6.71215e-05 27.9635 2 
1.10608 -1.0508e-05 -1 0.69338 0.237732 0.00521742 2.13057 426793 4 3293.07 0.553985 8.78063 2 1 73.509 5.00521 14.6865 4 2 0.0533586 6.21e-05 29.3127 2 
1.11129 -1.14261e-05 -1 0.694631 0.23757 0.00521742 2.14086 426655 4 3084.52 0.96181 7.52531 2 1 69.5864 5.37532 12.9455 4 2 0.0560842 6.07133e-05 30.3933 2 
1.11651 -1.13669e-05 -1 0.695872 0.2374 0.00521742 2.15117 426515 4 6652.01 1.22083 8.5916 2 1 69.7186 6.91646 10.0801 4 2 0.057695 6.36937e-05 30.0968 2 
1.12173 -1.08411e-05 -1 0.697107 0.237263 0.00521742 2.16078 426512 2 158.586 1.68649 9.69706 2 1 86.6369 8.20461 10.5595 4 3 0.0574822 6.96854e-06 20.2052 2 
1.12695 -1.12067e-05 -1 0.698337 0.237064 0.00521742 2.17039 426512 2 131.012 1.79879 8.53424 2 1 111.029 10.1499 10.939 4 3 0.0562559 2.60588e-05 12.9242 2 
1.13216 -1.15258e-05 -1 0.699559 0.236792 0.00521742 2.18088 426337 3 3070.68 3.31682 9.74625 2 1 117.776 8.9909 13.0995 4 3 0.0589705 2.33588e-05 13.6164 2 
1.13738 -1.2146e-05 -1 0.700782 0.236576 0.00521742 2.1923 425986 4 5293.89 0.96564 8.60478 2 1 103.552 5.56282 18.615 4 3 0.0605199 1.65211e-05 15.4153 2 
1.1426 -1.34882e-05 -1 0.702011 0.236397 0.00521742 2.20189 425991 2 416.97 1.8165 15.1508 2 1 92.7765 3.7731 24.5889 4 3 0.0593461 1.1948e-05 17.0621 2 
1.14782 -1.54068e-05 -1 0.703243 0.236134 0.00521742 2.21319 425666 4 4142.04 1.19209 7.67762 2 1 83.0211 3.67867 22.5682 4 3 0.0595078 1.05333e-05 17.8102 2 
1.15303 -1.80165e-05 -1 0.704481 0.235947 0.00521742 2.22445 425352 4 3177.55 0.979851 7.54628 2 1 152.079 3.66935 41.4458 4 3 0.0531134 9.03792e-06 18.0459 2 
1.15825 -1.94757e-05 -1 0.705721 0.235717 0.00521742 2.23568 425048 4 7759.85 1.65157 8.27921 2 1 74.1441 2.73157 27.1434 4 3 0.0489442 9.07612e-06 17.5361 2 
1.16347 -2.24058e-05 -1 0.706958 0.235549 0.00521742 2.24691 424747 4 2975.18 0.585902 8.44155 2 1 92.3468 2.87484 32.1224 4 3 0.0544608 9.27331e-06 18.0419 2 
1.16869 -2.22528e-05 -1 0.708187 0.235323 0.00521742 2.25814 424449 4 3031.65 1.00849 7.4046 2 1 101.2 3.69363 27.3987 4 3 0.0625986 9.42445e-06 18.7976 2 
1.1739 -2.16224e-05 -1 0.709414 0.235111 0.00521742 2.26945 424139 4 2923.77 0.89478 7.56061 2 1 115.93 4.51888 25.6547 4 3 0.0690567 9.71058e-06 19.2303 2 
1.17912 -2.09559e-05 -1 0.710636 0.234959 0.00521742 2.2798 424009 3 3082.35 2.59636 10.5886 2 1 99.6653 4.59033 21.712 4 3 0.0735578 9.92253e-06 19.4985 2 
1.18434 -2.12194e-05 -1 0.711853 0.234659 0.00521742 2.29106 423713 4 3103.18 0.647547 8.3202 2 1 94.2177 4.80119 19.6238 4 3 0.0737854 9.20803e-06 20.011 2 
1.18955 -2.15709e-05 -1 0.713062 0.234425 0.00521742 2.30232 423420 4 5694.96 1.03573 8.61114 2 1 71.2148 6.06625 11.7395 4 3 0.0719347 7.36223e-06 21.3785 2 
1.19477 -2.18111e-05 -1 0.714276 0.234124 0.00521742 2.31437 422986 5 9366.88 0.952566 6.2884 2 1 90.4259 5.79658 15.5999 4 3 0.0613479 6.13195e-06 21.5477 2 
1.19999 -2.03897e-05 -1 0.715491 0.233867 0.00521742 2.32387 423019 2 237.663 2.71323 9.35918 2 1 86.6654 7.11809 12.1754 4 3 0.0621063 5.92186e-06 21.889 2 
1.20521 -1.95805e-05 -1 0.716714 0.233657 0.00521742 2.33514 422731 4 10028.8 1.3383 9.30408 2 1 96.0188 8.52987 11.2568 4 3 0.0645507 6.79212e-06 21.1819 2 
1.21042 -2.16348e-05 -1 0.71794 0.233428 0.00521742 2.34637 422454 4 3359.75 0.693593 8.34258 2 1 96.3374 6.65625 14.4732 4 3 0.0714544 7.79645e-06 20.9272 2 
1.21564 -2.31619e-05 -1 0.719162 0.233206 0.00521742 2.35679 422323 3 2839.87 3.12782 9.6832 2 1 86.4901 4.27701 20.2221 4 3 0.0804307 8.88678e-06 20.8397 2 
1.22086 -2.54193e-05 -1 0.720379 0.232981 0.00521742 2.36799 422056 4 3103.07 1.35305 6.92021 2 1 96.7706 2.96449 32.6433 4 3 0.0791225 8.48131e-06 21.0513 2 
1.22608 -2.42476e-05 -1 0.721595 0.232731 0.00521742 2.37921 421786 4 3007.08 1.08756 7.25142 2 1 90.4524 2.41121 37.5133 4 3 0.0706471 7.84035e-06 20.8091 2 
1.23129 -2.30289e-05 -1 0.722808 0.232476 0.00521742 2.38868 421829 2 162.393 1.63946 9.95253 2 1 70.7065 1.83348 38.564 4 3 0.0725959 7.23698e-06 21.5668 2 
1.23651 -2.18562e-05 -1 0.72402 0.232207 0.00521742 2.39989 421565 4 7605.63 1.43486 8.5326 2 1 103.874 1.8549 55.9997 4 3 0.0770473 7.20855e-06 22.0277 2 
1.24173 -2.13907e-05 -1 0.725224 0.231928 0.00521742 2.41198 421151 5 4258.27 0.886502 5.44892 2 1 91.8078 1.90411 48.2156 4 3 0.077655 7.41565e-06 21.878 2 
1.24695 -2.08541e-05 -1 0.726425 0.231661 0.00521742 2.42221 421063 4 3039.09 2.4592 5.92908 2 1 131.354 3.77158 34.8273 4 2 0.0765512 9.97076e-05 27.7084 2 
1.25216 -2.14198e-05 -1 0.727629 0.231399 0.00521742 2.43242 420980 4 2865.54 3.09569 5.51585 2 1 134.495 4.2713 31.4881 4 2 0.0743985 9.0271e-05 28.7083 2 
1.25738 -2.30686e-05 -1 0.728837 0.231145 0.00521742 2.44262 420900 4 5399.93 1.38547 7.90129 2 1 130.597 3.42123 38.1727 4 2 0.0722185 7.82456e-05 30.3805 2 
1.2626 -2.14254e-05 -1 0.730045 0.230887 0.00521742 2.45279 420823 4 2844.82 0.853156 7.599 2 1 114.938 2.93635 39.1433 4 2 0.0726992 8.87876e-05 28.6147 2 
1.26782 -2.16862e-05 -1 0.731247 0.230631 0.00521742 2.46302 420738 4 3869.12 1.06787 7.75842 2 1 95.9017 3.90782 24.541 4 2 0.0733071 9.20126e-05 28.226 2 
1.27303 -2.12366e-05 -1 0.732445 0.230373 0.00521742 2.47315 420671 4 2302.87 0.894698 7.12276 2 1 106.152 5.1146 20.7548 4 2 0.0676599 8.23925e-05 28.6564 2 
1.27825 -2.01351e-05 -1 0.733643 0.230104 0.00521742 2.48427 420437 4 9424.07 1.51253 8.88452 2 1 137.226 5.5925 24.5375 4 3 0.062828 2.27601e-05 14.0279 2 
1.28347 -1.86648e-05 -1 0.734842 0.229876 0.00521742 2.49539 420205 4 3715.64 2.1229 6.46809 2 1 93.8968 5.75566 16.3138 4 3 0.0631178 2.49368e-05 13.6282 2 
1.28869 -1.80308e-05 -1 0.736042 0.22961 0.00521742 2.50661 419958 4 2969.05 0.941881 7.493 2 1 113.82 3.74449 30.3967 4 3 0.0727945 1.73692e-05 16.1228 2 
1.2939 -1.76162e-05 -1 0.737239 0.229339 0.00521742 2.51775 419728 4 2939.17 1.18216 7.06134 2 1 125.288 2.02276 61.9391 4 3 0.0817045 1.24437e-05 18.7254 2 
1.29912 -1.89291e-05 -1 0.738434 0.229071 0.00521742 2.52717 419783 2 567.865 2.77639 14.3015 2 1 126.501 2.54117 49.7805 4 3 0.0883289 1.04158e-05 20.3925 2 
1.30434 -1.95052e-05 -1 0.739622 0.228813 0.00521742 2.53829 419559 4 2946.17 1.07983 7.22728 2 1 156.361 4.48643 34.8519 4 3 0.0911314 9.18526e-06 21.4878 2 
1.30956 -2.04163e-05 -1 0.740816 0.228572 0.00521742 2.54944 419329 4 6210.73 0.671156 9.80798 2 1 116.83 3.83691 30.4491 4 3 0.0878685 5.72546e-06 24.8508 2 
1.31477 -2.07596e-05 -1 0.742011 0.228326 0.00521742 2.55953 419276 4 11752.4 1.01246 10.3798 2 1 102.515 4.09392 25.0407 4 2 0.0896771 9.66706e-05 30.4575 2 
1.31999 -1.92133e-05 -1 0.743201 0.228079 0.00521742 2.56961 419226 4 3109.02 1.47229 6.77888 2 1 95.5064 3.26429 29.2579 4 2 0.0822115 9.22602e-05 29.851 2 
1.32521 -1.7904e-05 -1 0.744387 0.227823 0.00521742 2.57974 419168 4 4246.71 1.29612 7.56575 2 1 62.147 3.5204 17.6534 4 2 0.0779985 8.91137e-05 29.585 2 
1.33043 -1.94466e-05 -1 0.745573 0.227561 0.00521742 2.58977 419126 4 10762.3 1.37451 9.40674 2 1 104.394 3.39318 30.7658 4 2 0.085966 8.59153e-05 31.6321 2 
1.33564 -2.24364e-05 -1 0.746758 0.227298 0.00521742 2.5981 419359 2 201.334 2.51091 8.95454 2 1 112.328 3.86122 29.0915 4 2 0.0919851 8.25396e-05 33.3832 2 
1.34086 -2.31334e-05 -1 0.747942 0.227021 0.00521742 2.60812 419319 4 2788.49 0.986629 7.29128 2 1 110.485 4.34522 25.4267 4 2 0.0970975 8.44113e-05 33.9159 2 
1.34608 -2.29282e-05 -1 0.749124 0.226769 0.00521742 2.61813 419279 4 3095.28 0.880348 7.70037 2 1 116.008 4.52788 25.6208 4 2 0.0940814 8.23571e-05 33.7988 2 
1.35129 -2.22231e-05 -1 0.750306 0.22651 0.00521742 2.62777 419300 2 554.205 3.34926 12.8635 2 1 68.306 5.01593 13.6178 4 2 0.0871627 7.11805e-05 34.9933 2 
1.35651 -2.14971e-05 -1 0.751485 0.226248 0.00521742 2.63772 419271 4 2867.35 1.29035 6.86583 2 1 147.288 6.49521 22.6763 4 2 0.0906065 7.81995e-05 34.0391 2 
1.36173 -2.06463e-05 -1 0.75266 0.225951 0.00521742 2.64856 419102 4 7924.44 1.49042 8.53915 2 1 95.1578 5.96531 15.9519 4 2 0.0932997 9.67583e-05 31.0525 2 
1.36695 -1.99066e-05 -1 0.753837 0.225653 0.00521742 2.66054 418755 4 2981.38 0.779112 7.8651 2 1 135.618 4.55871 29.7492 4 3 0.0912993 3.68701e-06 29.1473 2 
1.37216 -1.94722e-05 -1 0.755015 0.225403 0.00521742 2.67065 418702 2 181.204 1.18664 12.3573 2 1 163.152 5.00103 32.6237 4 3 0.0892453 3.84162e-06 28.5336 2 
1.37738 -1.89496e-05 -1 0.756187 0.225138 0.00521742 2.68266 418354 4 5922.03 0.491239 10.4784 2 1 150.579 4.01067 37.5447 4 3 0.0864265 4.90048e-06 26.0297 2 
1.3826 -1.93466e-05 -1 0.757359 0.224841 0.00521742 2.69278 418303 3 3035.01 3.58112 9.4634 2 1 143.098 3.89866 36.7044 4 3 0.0847316 5.17797e-06 25.388 2 
1.38782 -1.84846e-05 -1 0.758529 0.224585 0.00521742 2.70587 417793 4 4010 0.599785 9.04247 2 1 130.575 3.75012 34.8188 4 3 0.085576 4.51334e-06 26.6656 2 
1.39303 -1.75243e-05 -1 0.7597 0.22431 0.00521742 2.71679 417623 4 2916.66 1.16037 7.08064 2 1 213.53 6.218 34.3406 4 3 0.0824271 4.26758e-06 26.8305 2 
1.39825 -1.82582e-05 -1 0.760869 0.224022 0.00521742 2.72774 417448 4 2831.94 0.933784 7.42095 2 1 112.672 3.04725 36.9749 4 3 0.0741437 3.29821e-06 28.2227 2 
1.40347 -1.79846e-05 -1 0.76204 0.22377 0.00521742 2.73771 417423 4 10145.5 1.39822 9.22942 2 1 177.229 7.84338 22.596 4 2 0.0708939 8.48592e-05 28.9038 2 
1.40869 -1.66607e-05 -1 0.763208 0.223496 0.00521742 2.74772 417393 4 2963.05 0.869708 7.63996 2 1 107.781 3.46725 31.0854 4 2 0.0812188 9.25325e-05 29.6266 2 
1.4139 -1.56218e-05 -1 0.764375 0.223231 0.00521742 2.75789 417340 3 2464.26 2.12038 10.5137 2 1 138.812 4.78059 29.0365 4 3 0.0915696 4.50432e-06 27.2923 2 
1.41912 -1.58378e-05 -1 0.765538 0.222956 0.00521742 2.76802 417292 3 2834.6 3.12566 9.67943 2 1 216.267 4.90103 44.1268 4 3 0.100415 4.5601e-06 28.0291 2 
1.42434 -1.4808e-05 -1 0.766696 0.222712 0.00521742 2.77804 417261 4 11215.6 2.73128 8.00504 2 1 136.588 5.2586 25.9743 4 2 0.105346 9.72879e-05 32.9064 2 
1.42956 -1.88296e-05 -1 0.767852 0.222392 0.00521742 2.78901 417088 4 7195.42 0.904786 9.44338 2 1 132.87 7.54234 17.6166 4 3 0.106424 1.59026e-05 18.8448 2 
1.43477 -1.86389e-05 -1 0.769006 0.222058 0.00521742 2.80085 416788 5 13224 2.17715 5.71077 2 1 109.901 7.83906 14.0196 4 3 0.108144 2.84128e-05 15.6134 2 
1.43999 -1.33137e-05 -1 0.770159 0.22182 0.00521742 2.81097 416745 3 2970.24 3.25121 9.70321 2 1 122.685 5.52182 22.2181 4 3 0.106372 2.22084e-05 16.8566 2 
1.44521 -1.35356e-05 -1 0.771313 0.221536 0.00521742 2.82196 416573 4 4683.47 0.84964 8.61655 2 1 115.332 4.50371 25.6081 4 3 0.0984847 1.65562e-05 18.1191 2 
1.45043 -1.52413e-05 -1 0.772466 0.221269 0.00521742 2.83292 416407 4 5727.94 1.91868 7.39177 2 1 79.6495 2.69083 29.6003 4 3 0.0987896 1.16184e-05 20.4105 2 
1.45564 -1.81854e-05 -1 0.773622 0.221006 0.00521742 2.84471 416122 5 7317.71 1.17827 5.73622 2 1 241.778 6.0523 39.9481 4 3 0.106417 8.80798e-06 22.9463 2 
1.46086 -2.10976e-05 -1 0.774776 0.22072 0.00521742 2.85659 415824 5 618.205 1.36767 3.39649 2 1 134.231 3.32665 40.3501 4 3 0.105242 6.95833e-06 24.7302 2 
1.46608 -2.21179e-05 -1 0.775931 0.220424 0.00521742 2.86767 415646 4 4751.88 1.78066 7.18739 2 1 128.825 3.77263 34.1472 4 3 0.100551 4.62933e-06 27.9012 2 
1.4713 -2.33187e-05 -1 0.777083 0.220162 0.00521742 2.87844 415514 4 3022 1.37422 6.84794 2 1 130.635 3.17127 41.1933 4 2 0.0928918 9.51541e-05 31.2446 2 
1.47651 -2.38016e-05 -1 0.778236 0.219896 0.00521742 2.88852 415482 4 2843.67 1.02341 7.26035 2 1 99.6613 4.04343 24.6477 4 2 0.0869214 9.49332e-05 30.259 2 
1.48173 -2.4145e-05 -1 0.779383 0.219546 0.00521742 2.89944 415330 4 9202.92 3.58593 7.11756 2 1 118.84 3.61096 32.9108 4 3 0.0833598 4.83211e-06 25.8388 2 
1.48695 -1.51855e-05 -1 0.780525 0.219303 0.00521742 2.91036 415179 4 2446.56 0.479797 8.45034 2 1 138.217 4.4439 31.1025 4 3 0.0823654 4.94479e-06 25.5387 2 
1.49217 -1.40635e-05 -1 0.781662 0.219067 0.00521742 2.92033 415165 4 4109.42 1.39891 7.36203 2 1 183.969 7.48867 24.5663 4 2 0.0931543 9.73995e-05 30.926 2 
1.49738 -1.62199e-05 -1 0.782797 0.218811 0.00521742 2.93031 415147 4 2849.71 0.446497 8.93811 2 1 173.586 6.33253 27.4118 4 2 0.0990115 9.92932e-05 31.5779 2 
1.5026 -1.7198e-05 -1 0.78393 0.218482 0.00521742 2.94212 414874 5 5909.21 0.843868 5.87558 2 1 160.586 5.19996 30.8821 4 3 0.10115 4.56597e-06 28.0852 2 
1.50782 -1.41948e-05 -1 0.785063 0.218235 0.00521742 2.95328 414693 4 2817.68 0.760713 7.80131 2 1 155.269 6.14116 25.2833 4 3 0.101371 4.52554e-06 28.1891 2 
1.51303 -1.24197e-05 -1 0.786198 0.21796 0.00521742 2.96502 414432 5 3328.98 1.07814 4.988 2 1 151.678 7.43247 20.4074 4 3 0.0941056 4.35369e-06 27.856 2 
1.51825 -9.5672e-06 -1 0.787335 0.217716 0.00521742 2.97405 414551 3 658.226 1.70642 7.27941 2 1 163.084 5.58699 29.19 4 2 0.0870194 9.34684e-05 30.5123 2 
1.52347 -8.99588e-06 -1 0.788471 0.217531 0.00521742 2.98396 414546 4 11590.6 2.41196 8.32594 2 1 103.098 5.64068 18.2775 4 2 0.0845564 9.57021e-05 29.7244 2 
1.52869 -1.2098e-05 -1 0.78961 0.217243 0.00521742 2.99488 414404 4 3843.37 0.956132 7.96249 2 1 128.629 5.52385 23.2861 4 3 0.0965446 3.86033e-06 29.2439 2 
1.5339 -1.34797e-05 -1 0.790748 0.216985 0.00521742 3.00588 414250 4 2787.95 0.441994 8.91184 2 1 140.24 3.77431 37.1565 4 3 0.108589 4.62112e-06 28.6426 2 
1.53912 -1.31386e-05 -1 0.791885 0.216708 0.00521742 3.01539 414301 2 419.218 3.15875 11.5203 2 1 154.707 3.72512 41.5308 4 3 0.119124 5.29557e-06 28.229 2 
1.54434 -1.25578e-05 -1 0.793018 0.216462 0.00521742 3.02637 414151 4 14031.2 2.5513 8.61159 2 1 155.245 3.27188 47.4483 4 3 0.12739 5.58969e-06 28.3519 2 
1.54956 -1.40206e-05 -1 0.794146 0.216251 0.00521742 3.04135 413458 4 2322.48 3.12653 5.22062 2 1 125.076 3.59063 34.8341 4 3 0.130023 4.97234e-06 29.6816 2 
1.55477 -1.51316e-05 -1 0.795269 0.216001 0.00521742 3.05238 413306 4 7625.72 2.76093 7.24947 2 1 123.815 4.53355 27.3108 4 3 0.12901 5.48052e-06 28.6594 2 
1.55999 -1.67927e-05 -1 0.79639 0.215713 0.00521742 3.06337 413161 4 2856.62 2.94041 5.58292 2 1 180.75 4.00295 45.1543 4 3 0.118462 6.49633e-06 26.3211 2 
1.56521 -1.84283e-05 -1 0.797508 0.215397 0.00521742 3.07437 413015 4 3387.94 1.26809 7.18946 2 1 139.939 4.11937 33.9709 4 3 0.119221 7.17674e-06 25.5158 2 
1.57043 -2.05079e-05 -1 0.798627 0.215213 0.00521742 3.08452 412984 3 5018.24 3.18011 11.6422 2 1 199.139 9.00696 22.1095 4 3 0.12192 7.50944e-06 25.3215 2 
1.57564 -2.4019e-05 -1 0.799744 0.214989 0.00521742 3.09554 412836 4 3599.68 1.43272 7.07988 2 1 118.144 2.88622 40.9338 4 3 0.124186 7.56885e-06 25.4105 2 
1.58086 -2.56663e-05 -1 0.800863 0.214724 0.00521742 3.10565 412812 3 1969.58 1.74609 10.4096 2 1 155.563 3.28906 47.2972 4 3 0.12086 8.12819e-06 24.5902 2 
1.58608 -2.70452e-05 -1 0.80198 0.214448 0.00521742 3.11668 412664 4 2884.4 1.2414 6.94282 2 1 178.969 3.58429 49.9314 4 3 0.114332 1.91352e-05 18.1459 2 
1.5913 -2.77646e-05 -1 0.803099 0.214193 0.00521742 3.12773 412516 4 2970.18 2.75644 5.72939 2 1 123.791 4.48514 27.6002 4 3 0.109438 3.53304e-05 14.5772 2 
1.59651 -3.03729e-05 -1 0.804218 0.213861 0.00521742 3.1371 412590 2 585.761 1.86067 17.7429 2 1 111.596 4.00182 27.8864 4 3 0.102771 2.76087e-05 15.498 2 
1.60173 -3.30686e-05 -1 0.805339 0.213605 0.00521742 3.14816 412441 4 10431.5 1.53423 9.08058 2 1 347.985 7.81762 44.5129 4 3 0.0968455 1.99115e-05 16.9431 2 
1.60695 -3.29123e-05 -1 0.806456 0.213372 0.00521742 3.15921 412296 4 2926.1 0.585929 8.40642 2 1 160.925 4.83216 33.3029 4 3 0.103805 1.50876e-05 19.0195 2 
1.61217 -3.30817e-05 -1 0.807569 0.213165 0.00521742 3.1694 412263 3 3271.74 3.35751 9.91411 2 1 187.273 5.78719 32.3599 4 3 0.115163 1.38073e-05 20.28 2 
1.61738 -3.51287e-05 -1 0.808679 0.212892 0.00521742 3.18065 412091 4 2316.57 0.382434 8.8221 2 1 198.228 5.97789 33.1602 4 3 0.12224 1.07406e-05 22.4938 2 
1.6226 -3.60018e-05 -1 0.809786 0.212631 0.00521742 3.19178 411939 4 7165.2 0.566846 10.6033 2 1 170.482 5.44471 31.3115 4 3 0.12354 1.0482e-05 22.7573 2 
1.62782 -3.54945e-05 -1 0.81089 0.21229 0.00521742 3.20368 411687 5 12625.8 1.55736 6.05026 2 1 187.059 7.71551 24.2446 4 3 0.116521 1.26121e-05 20.9832 2 
1.63304 -3.0682e-05 -1 0.811994 0.212069 0.00521742 3.2147 411549 4 14857.9 1.97541 9.31269 2 1 132.549 3.77186 35.1416 4 3 0.122252 1.57355e-05 19.8058 2 
1.63825 -3.29402e-05 -1 0.813097 0.211847 0.00521742 3.22579 411404 4 4306.17 0.903577 8.30867 2 1 148.343 4.91382 30.189 4 3 0.116828 1.95325e-05 18.1522 2 
1.64347 -3.52257e-05 -1 0.8142 0.211542 0.00521742 3.24078 410765 4 2901.31 0.789344 7.78631 2 1 100.516 2.88485 34.8427 4 3 0.124446 2.31652e-05 17.5138 2 
1.64869 -3.57822e-05 -1 0.815301 0.2113 0.00521742 3.25172 410643 4 2618.51 0.537459 8.35463 2 1 140.304 3.43275 40.8722 4 3 0.126419 2.51485e-05 17.1304 2 
1.65391 -3.57813e-05 -1 0.816404 0.211044 0.00521742 3.26274 410511 4 2776.67 1.35233 6.73147 2 1 132.069 3.20684 41.1834 4 3 0.135749 2.43252e-05 17.7376 2 
1.65912 -3.55401e-05 -1 0.817504 0.210831 0.00521742 3.27373 410384 4 2995.72 1.25892 6.98434 2 1 143.262 3.82335 37.4702 4 3 0.133172 2.12599e-05 18.4339 2 
1.66434 -3.73848e-05 -1 0.818604 0.21061 0.00521742 3.28473 410257 4 2899 0.572662 8.43504 2 1 372.547 5.81581 64.0576 4 3 0.125019 1.885e-05 18.7883 2 
1.66956 -3.78583e-05 -1 0.819702 0.21031 0.00521742 3.29571 410133 4 2944.33 0.905865 7.55059 2 1 76.4799 4.87697 15.6818 4 3 0.111525 1.64394e-05 18.9305 2 
1.67477 -3.86233e-05 -1 0.820801 0.210101 0.00521742 3.30674 410004 4 9530.5 1.36093 9.14787 2 1 139.301 4.76618 29.227 4 3 0.098493 1.45771e-05 18.9051 2 
1.67999 -4.11735e-05 -1 0.821893 0.209839 0.00521742 3.31779 409873 4 2656.59 0.861659 7.45156 2 1 167.552 2.97551 56.3104 4 3 0.100613 1.26249e-05 19.9744 2 
1.68521 -4.14142e-05 -1 0.822988 0.209597 0.00521742 3.32833 409806 3 2240.15 1.1761 12.3959 2 1 203.717 4.4593 45.6837 4 3 0.110144 1.21924e-05 20.8269 2 
1.69043 -4.27962e-05 -1 0.824079 0.20926 0.00521742 3.33955 409656 3 2708.81 2.37373 10.45 2 1 191.361 6.18405 30.9444 4 3 0.115805 1.22311e-05 21.1554 2 
1.69564 -4.33483e-05 -1 0.825169 0.209086 0.00521742 3.35004 409595 3 5737.25 2.85294 12.6223 2 1 188.52 2.93055 64.3294 4 3 0.115606 1.1923e-05 21.3238 2 
1.70086 -4.5685e-05 -1 0.826257 0.208868 0.00521742 3.36113 409462 4 2739.29 0.985588 7.26082 2 1 186.884 3.18276 58.7176 4 3 0.112564 1.07641e-05 21.8679 2 
1.70608 -4.70324e-05 -1 0.827345 0.208615 0.00521742 3.3722 409333 4 3861.93 1.56869 7.04395 2 1 131.835 2.80814 46.9475 4 3 0.11375 9.67677e-06 22.7374 2 
1.7113 -4.87108e-05 -1 0.828432 0.208376 0.00521742 3.38333 409197 4 13249.8 1.95269 9.076 2 1 146.644 3.39688 43.1701 4 3 0.109105 8.13676e-06 23.7573 2 
1.71651 -4.94383e-05 -1 0.829519 0.208125 0.00521742 3.39438 409071 4 2763.13 0.777436 7.72119 2 1 366.602 8.71779 42.0522 4 3 0.116738 1.9411e-05 18.1854 2 
1.72173 -5.05337e-05 -1 0.830605 0.207918 0.00521742 3.40575 408908 4 2806.7 1.40053 6.69077 2 1 500.124 12.4929 40.0326 4 3 0.128687 6.38481e-06 27.2142 2 
1.72695 -5.07386e-05 -1 0.831691 0.207716 0.00521742 3.4168 408785 4 14533 2.31428 8.90195 2 1 149.061 5.95508 25.031 4 3 0.141328 6.367e-06 28.1038 2 
1.73217 -5.30217e-05 -1 0.832774 0.20748 0.00521742 3.42699 408765 3 2689.84 3.15294 9.48427 2 1 145.833 5.2578 27.7364 4 3 0.155277 6.74194e-06 28.4516 2 
1.73738 -5.65697e-05 -1 0.833856 0.207301 0.00521742 3.4412 408267 3 6583.62 3.30775 12.5789 2 1 122.348 6.72307 18.1982 4 3 0.155904 7.61105e-06 27.3613 2 
1.7426 -5.57727e-05 -1 0.834932 0.206958 0.00521742 3.45136 408251 3 2856.79 1.90034 11.4555 2 1 164.364 7.38605 22.2533 4 3 0.1492 8.34323e-06 26.1504 2 
1.74782 -5.76158e-05 -1 0.836003 0.206682 0.00521742 3.46236 408137 4 7694.94 2.70707 7.30174 2 1 89.5824 9.16835 9.77083 4 3 0.150529 2.24438e-05 18.8585 2 
1.75304 -5.44364e-05 -1 0.837078 0.206451 0.00521742 3.4725 408125 3 2108.74 2.23178 9.81274 2 1 149.232 7.82553 19.0699 4 3 0.145768 2.3249e-05 18.4397 2 
1.75825 -5.4841e-05 -1 0.838158 0.206284 0.00521742 3.48349 408014 4 2662.51 0.491351 8.57975 2 1 185.789 5.91528 31.4083 4 3 0.141187 1.66312e-05 20.3997 2 
1.76347 -5.45989e-05 -1 0.839233 0.206049 0.00521742 3.49448 407903 4 5100.24 0.878892 8.72798 2 1 177.038 3.35878 52.709 4 3 0.134532 1.21161e-05 22.3094 2 
1.76869 -5.1948e-05 -1 0.840308 0.205818 0.00521742 3.50554 407784 4 5556.6 1.12772 8.37823 2 1 201.746 3.38538 59.5932 4 3 0.125817 1.04529e-05 22.9175 2 
1.77391 -5.12489e-05 -1 0.841381 0.20559 0.00521742 3.51652 407676 4 3428.57 1.01051 7.63209 2 1 180.742 3.69333 48.9374 4 3 0.120248 9.1405e-06 23.6068 2 
1.77912 -4.93201e-05 -1 0.842454 0.205335 0.00521742 3.52745 407574 4 2668.26 1.09869 7.02003 2 1 140.564 2.51746 55.8358 4 3 0.114324 8.36336e-06 23.9103 2 
1.78434 -4.78346e-05 -1 0.843525 0.205126 0.00521742 3.53757 407566 3 1999.79 2.29345 9.55356 2 1 329.738 4.22689 78.0095 4 3 0.107214 7.90182e-06 23.8511 2 
1.78956 -4.8021e-05 -1 0.844597 0.204997 0.00521742 3.54853 407461 4 11258.9 1.22693 9.78743 2 1 99.5532 2.8411 35.0404 4 3 0.110743 7.22957e-06 24.8352 2 
1.79478 -5.05594e-05 -1 0.845667 0.204796 0.00521742 3.55976 407327 4 2857.89 0.995109 7.32055 2 1 190.797 4.03251 47.3148 4 3 0.124959 6.33675e-06 27.0168 2 
1.79999 -5.10276e-05 -1 0.846737 0.204588 0.00521742 3.57074 407220 4 2689.9 0.728808 7.79437 2 1 236.003 5.48963 42.9907 4 3 0.138463 6.07576e-06 28.3516 2 
1.80521 -4.97707e-05 -1 0.847803 0.204409 0.00521742 3.58087 407213 3 2166.8 3.50164 8.52149 2 1 216.26 5.43975 39.7555 4 3 0.149178 7.07259e-06 27.6296 2 
1.81043 -4.8514e-05 -1 0.848866 0.204166 0.00521742 3.59269 407013 5 15710.2 1.00092 6.90488 2 1 186.548 4.8737 38.2764 4 3 0.152865 8.01392e-06 26.7191 2 
1.81565 -4.57163e-05 -1 0.84992 0.203985 0.00521742 3.60365 406911 4 7208.65 0.859238 9.57051 2 1 165.709 4.48552 36.9432 4 3 0.145116 8.19605e-06 26.0638 2 
1.82086 -4.60778e-05 -1 0.850978 0.2037 0.00521742 3.61378 406905 3 2773.07 2.59953 10.2178 2 1 130.041 5.21903 24.9168 4 3 0.145002 8.13438e-06 26.1226 2 
1.82608 -4.75278e-05 -1 0.852036 0.20355 0.00521742 3.62478 406799 4 2742.69 0.662456 8.02149 2 1 118.179 6.08975 19.4062 4 3 0.150607 7.52689e-06 27.1483 2 
1.8313 -4.84595e-05 -1 0.8531 0.203348 0.00521742 3.63492 406792 3 4696.93 3.27894 11.2727 2 1 142.414 7.54983 18.8632 4 3 0.154119 6.72314e-06 28.4072 2 
1.83652 -4.78306e-05 -1 0.854165 0.203119 0.00521742 3.64903 406341 3 2607.67 1.16952 13.0642 2 1 128.042 4.86153 26.3377 4 3 0.152126 6.5059e-06 28.5956 2 
1.84173 -4.80637e-05 -1 0.855227 0.202925 0.00521742 3.65912 406341 3 3195.41 2.20581 11.315 2 1 289.497 5.96112 48.5642 4 3 0.14426 6.7466e-06 27.7558 2 
1.84695 -4.99921e-05 -1 0.856287 0.202746 0.00521742 3.66938 406320 3 1888.42 2.01404 9.7876 2 1 190.235 3.00614 63.2822 4 3 0.131659 6.76197e-06 26.9025 2 
1.85217 -5.22989e-05 -1 0.857347 0.202538 0.00521742 3.67937 406331 3 2785.15 3.35086 9.40224 2 1 137.625 2.06765 66.561 4 3 0.123378 6.69199e-06 26.4176 2 
1.85738 -5.18659e-05 -1 0.858404 0.202304 0.00521742 3.69018 406250 4 13468 1.80541 9.29355 2 1 119.648 3.02015 39.6167 4 3 0.112358 6.47055e-06 25.8953 2 
1.8626 -5.08585e-05 -1 0.859462 0.202151 0.00521742 3.7002 406257 3 2843.47 2.33917 10.6724 2 1 184.804 3.72412 49.6235 4 3 0.113552 6.24723e-06 26.2927 2 
1.86782 -5.07799e-05 -1 0.860516 0.201928 0.00521742 3.71101 406177 4 2821.25 3.55562 5.3074 2 1 236.825 3.7345 63.4154 4 3 0.126247 5.81849e-06 27.8914 2 
1.87304 -5.12588e-05 -1 0.86157 0.201795 0.00521742 3.72183 406097 4 2708.15 2.36743 5.81566 2 1 259.654 6.27697 41.3661 4 3 0.137156 5.43966e-06 29.3234 2 
1.87825 -5.20041e-05 -1 0.86262 0.201638 0.00521742 3.73265 406017 4 2829.75 0.745665 7.84876 2 1 228.212 4.95656 46.0424 4 3 0.14386 5.04402e-06 30.553 2 
1.88347 -5.1933e-05 -1 0.863664 0.201475 0.00521742 3.74342 405943 4 6923.4 3.07056 6.89089 2 1 220.167 4.70734 46.771 4 3 0.140263 5.19368e-06 30.0024 2 
1.88869 -5.18178e-05 -1 0.864705 0.201247 0.00521742 3.7542 405869 4 14961.7 1.32988 10.2989 2 1 205.653 4.39271 46.8169 4 3 0.14197 5.35412e-06 29.8197 2 
1.89391 -4.94311e-05 -1 0.865748 0.201059 0.00521742 3.76543 405746 4 2695.82 1.47724 6.53597 2 1 223.651 6.11219 36.591 4 3 0.136489 5.62241e-06 28.9551 2 
1.89912 -4.98108e-05 -1 0.866793 0.200931 0.00521742 3.77547 405751 3 4453.2 3.26465 11.0903 2 1 229.262 6.86825 33.38 4 3 0.131638 5.85423e-06 28.2252 2 
1.90434 -5.11056e-05 -1 0.86784 0.200701 0.00521742 3.78454 405862 3 2592.53 2.29376 10.4166 2 1 82.7436 4.99514 16.5648 4 2 0.149597 9.77361e-05 39.1232 2 
1.90956 -5.09326e-05 -1 0.868889 0.200533 0.00521742 3.79542 405777 4 3125.42 2.19668 6.14165 2 1 147.057 4.81512 30.5407 4 3 0.146944 2.15647e-05 18.9585 2 
1.91478 -5.24257e-05 -1 0.869943 0.200354 0.00521742 3.80634 405689 4 4638.36 0.767408 8.81727 2 1 196.44 6.00292 32.724 4 3 0.138392 2.20312e-05 18.4512 2 
1.91999 -5.22145e-05 -1 0.870992 0.200149 0.00521742 3.81632 405702 3 2820.91 2.49524 10.4174 2 1 156.283 2.95928 52.8112 4 3 0.124999 1.58108e-05 19.9213 2 
1.92521 -5.16081e-05 -1 0.872041 0.200012 0.00521742 3.82631 405713 3 1935.54 2.07879 9.76482 2 1 126.829 3.17218 39.9815 4 3 0.116054 1.15591e-05 21.5731 2 
1.93043 -5.21874e-05 -1 0.873086 0.199798 0.00521742 3.84119 405207 4 10121.7 1.25278 9.48078 2 1 458.917 11.7181 39.163 4 3 0.105025 9.96612e-06 21.9241 2 
1.93565 -5.2364e-05 -1 0.874131 0.199666 0.00521742 3.85127 405211 3 393.721 0.383103 10.0915 2 1 208.753 5.66624 36.8415 4 3 0.115852 8.66255e-06 23.7367 2 
1.94086 -5.20651e-05 -1 0.875172 0.199509 0.00521742 3.86213 405131 4 2677.5 0.326991 9.51258 2 1 227.605 6.6397 34.2794 4 3 0.126244 6.43659e-06 26.9682 2 
1.94608 -5.14063e-05 -1 0.876213 0.199393 0.00521742 3.87297 405056 4 13519.9 2.53903 8.54232 2 1 231.238 4.92836 46.9198 4 3 0.131789 6.92845e-06 26.6941 2 
1.9513 -5.59815e-05 -1 0.87725 0.199296 0.00521742 3.88378 404983 4 2473.98 0.813582 7.42589 2 1 233.2 3.77747 61.7346 4 3 0.128948 7.36027e-06 25.9721 2 
1.95652 -5.71046e-05 -1 0.87828 0.198983 0.00521742 3.89636 404726 6 15597.1 1.17035 4.86917 2 1 232.71 5.18452 44.8855 4 3 0.128507 7.75174e-06 25.4982 2 
1.96173 -5.25541e-05 -1 0.879307 0.198812 0.00521742 3.90726 404645 4 2640.02 0.941154 7.27757 2 1 155.611 3.48956 44.5933 4 3 0.133151 7.98078e-06 25.5525 2 
1.96695 -5.01101e-05 -1 0.880337 0.198678 0.00521742 3.91819 404562 4 4160.92 1.11706 7.81229 2 1 350.639 8.7005 40.301 4 3 0.131531 8.17781e-06 25.2424 2 
1.97217 -4.98194e-05 -1 0.881368 0.198522 0.00521742 3.92908 404483 4 3805.21 0.640829 8.77827 2 1 98.9771 3.19995 30.9309 4 3 0.140443 8.16104e-06 25.8177 2 
1.97739 -5.06486e-05 -1 0.882403 0.19841 0.00521742 3.93994 404408 4 2790.67 0.882071 7.49983 2 1 129.206 3.54526 36.4448 4 3 0.147774 8.02265e-06 26.4095 2 
1.9826 -5.1244e-05 -1 0.883437 0.1982 0.00521742 3.94995 404420 3 2822.88 3.00744 9.7911 2 1 154.925 5.43196 28.5211 4 3 0.140877 7.68067e-06 26.3722 2 
1.98782 -5.06055e-05 -1 0.884475 0.198062 0.00521742 3.96082 404345 4 2703.34 0.685855 7.9235 2 1 177.262 4.09499 43.2875 4 3 0.127989 7.32637e-06 25.9474 2 
1.99304 -5.03382e-05 -1 0.885514 0.197905 0.00521742 3.9727 404166 4 2717.85 0.765383 7.71945 2 2 563.315 0.914793 24.815 3 3 0.12532 7.35049e-06 25.7376 2 
1.99826 -5.02761e-05 -1 0.886557 0.197693 0.00521742 3.98357 404091 4 9882.74 2.12178 8.26122 2 1 162.639 7.41342 21.9385 3 3 0.123736 7.21915e-06 25.7832 2 
2.00347 -4.34786e-05 -1 0.887593 0.197515 0.00521742 3.99342 404120 2 348.618 2.6605 11.447 2 1 189.851 5.89118 32.2263 3 3 0.120216 7.10388e-06 25.6738 2 
2.00869 -3.90003e-05 -1 0.888628 0.197394 0.00521742 4.00288 404189 2 348.165 2.68359 11.3903 2 1 236.203 4.78748 49.3375 3 3 0.118242 6.93344e-06 25.74 2 
2.01391 -3.88456e-05 -1 0.88966 0.197305 0.00521742 4.01361 404129 4 2695.69 0.972949 7.25513 2 1 231.415 5.73282 40.3666 3 3 0.125114 7.19332e-06 25.9095 2 
2.01912 -4.02645e-05 -1 0.89069 0.197187 0.00521742 4.02446 404058 4 14329.4 1.49279 9.89822 2 1 207.222 6.53159 31.7261 3 3 0.122518 7.24332e-06 25.6697 2 
2.02434 -4.29433e-05 -1 0.891716 0.197066 0.00521742 4.03598 403918 4 5507.01 3.07612 6.50471 2 2 282.892 3.797 8.63157 2 3 0.121719 7.1658e-06 25.7058 2 
2.02956 -4.16674e-05 -1 0.892735 0.196852 0.00521742 4.05128 403404 4 13430 3.66069 7.78266 2 2 137.921 1.68646 9.04333 2 3 0.126695 7.08526e-06 26.1498 2 
2.03478 -4.18576e-05 -1 0.893749 0.196744 0.00521742 4.06258 403290 4 2145.65 0.62073 7.66768 2 2 142.354 1.77499 8.95545 2 3 0.131831 7.16896e-06 26.3949 2 
2.03999 -4.22527e-05 -1 0.894767 0.196592 0.00521742 4.07397 403169 4 3776.92 1.64651 6.92059 2 2 106.01 1.72941 7.82932 2 3 0.140688 7.15616e-06 26.9893 2 
2.04521 -3.93103e-05 -1 0.895785 0.196414 0.00521742 4.08552 403031 4 2699.29 2.36855 5.81021 2 2 130.334 4.01604 5.69679 2 3 0.146108 7.06299e-06 27.4512 2 
2.05043 -3.85495e-05 -1 0.896806 0.196286 0.00521742 4.09687 402915 4 2891.68 1.65356 6.4667 2 2 151.245 2.58744 7.64549 2 3 0.140719 7.48339e-06 26.592 2 
2.05565 -3.72038e-05 -1 0.897827 0.196156 0.00521742 4.10729 402890 3 2580.31 3.22308 9.28539 2 2 575.861 11.1058 7.20085 2 3 0.127152 6.99834e-06 26.2891 2 
2.06086 -3.84674e-05 -1 0.898851 0.196039 0.00521742 4.11853 402784 4 2579.46 0.830845 7.46453 2 2 129.23 3.27966 6.27723 2 3 0.12505 6.50897e-06 26.7829 2 
2.06608 -3.85494e-05 -1 0.899874 0.195909 0.00521742 4.12901 402754 4 9584.29 2.01181 8.30794 2 1 141.448 13.3899 10.5637 2 3 0.128439 6.33111e-06 27.2734 2 
2.0713 -3.74708e-05 -1 0.9009 0.19577 0.00521742 4.14035 402640 4 2783.84 0.567511 8.36889 2 2 197.487 3.63442 7.37143 2 3 0.139283 1.95564e-05 19.2399 2 
2.07652 -3.70494e-05 -1 0.901928 0.195657 0.00521742 4.15071 402623 3 2782.78 3.3973 9.35653 2 2 221.795 3.87618 7.56439 2 3 0.139691 2.55737e-05 17.6113 2 
2.08173 -3.61334e-05 -1 0.902961 0.195527 0.00521742 4.16107 402604 3 2345.89 2.12142 10.341 2 2 228.769 3.34577 8.26895 2 3 0.137482 1.93576e-05 19.222 2 
2.08695 -3.61799e-05 -1 0.903991 0.195445 0.00521742 4.17054 402672 2 194.717 2.40574 8.9966 2 2 270.984 4.2375 7.99681 2 3 0.131365 1.47127e-05 20.7457 2 
2.09217 -3.63139e-05 -1 0.905017 0.195298 0.00521742 4.18171 402576 4 14222.4 2.23783 8.92866 2 2 185.252 2.7811 8.16156 2 3 0.125245 1.07004e-05 22.7049 2 
2.09739 -3.88351e-05 -1 0.906037 0.195217 0.00521742 4.19292 402477 4 12905.3 2.94601 8.13549 2 1 135.332 13.4812 10.0385 2 3 0.125712 8.15071e-06 24.8921 2 
2.1026 -3.90203e-05 -1 0.907054 0.19507 0.00521742 4.20498 402297 4 2566.85 0.628958 7.99272 2 2 138.495 2.07067 8.17828 2 3 0.131903 7.38487e-06 26.1399 2 
2.10782 -3.89374e-05 -1 0.908059 0.194923 0.00521742 4.21741 402082 4 2604.07 0.678606 7.87062 2 1 128.385 13.0329 9.85082 2 3 0.140871 6.73497e-06 27.5526 2 
2.11304 -3.88497e-05 -1 0.909064 0.194828 0.00521742 4.2293 401920 4 3412.94 0.976615 7.68867 2 1 127.149 14.1313 8.9977 2 3 0.149006 6.29544e-06 28.7117 2 
2.11826 -3.88201e-05 -1 0.91007 0.194708 0.00521742 4.24601 401303 4 2642.02 0.954223 7.2539 2 2 577.122 8.01728 8.48439 2 3 0.141767 6.11707e-06 28.5109 2 
2.12347 -3.86966e-05 -1 0.911079 0.194594 0.00521742 4.2588 401059 4 2779.93 0.522335 8.54125 2 2 171.324 1.80605 9.73966 2 3 0.128653 6.06383e-06 27.6837 2 
2.12869 -3.92463e-05 -1 0.912088 0.194477 0.00521742 4.26918 401044 3 2735.78 1.68562 11.7519 2 1 113.564 9.99233 11.3651 2 3 0.123724 6.14556e-06 27.2039 2 
2.13391 -3.91861e-05 -1 0.9131 0.194372 0.00521742 4.2807 400922 4 9357.97 0.761268 10.5296 2 1 133.572 11.1163 12.0159 2 3 0.128672 5.88359e-06 27.9649 2 
2.13913 -3.93014e-05 -1 0.914111 0.194283 0.00521742 4.29192 400828 3 2611.43 2.97084 9.57929 2 1 183.675 12.0348 15.262 2 3 0.133212 6.04239e-06 28.04 2 
2.14434 -3.92342e-05 -1 0.915126 0.1942 0.00521742 4.30469 400590 4 2637.2 0.623814 8.06347 2 2 226.144 2.81826 8.95782 2 3 0.142343 5.89549e-06 28.9027 2 
2.14956 -4.01861e-05 -1 0.91614 0.194068 0.00521742 4.31776 400327 4 2538.11 0.781051 7.55019 2 2 227.405 3.58636 7.96294 2 3 0.142443 6.19163e-06 28.441 2 
2.15478 -4.04636e-05 -1 0.917156 0.19396 0.00521742 4.32922 400212 4 2542.59 0.720622 7.70713 2 2 253.03 6.51342 6.23278 2 3 0.138258 6.18645e-06 28.1676 2 
2.16 -4.09004e-05 -1 0.918175 0.193848 0.00521742 4.34195 399982 4 14418.7 1.10945 10.6771 2 2 184.015 7.60492 4.91903 2 3 0.130689 6.43579e-06 27.2822 2 
2.16521 -4.16723e-05 -1 0.919198 0.193767 0.00521742 4.35531 399696 4 12557.4 1.73689 9.22108 2 2 125.9 5.42413 4.81778 2 3 0.126093 6.26203e-06 27.2056 2 
2.17043 -4.1559e-05 -1 0.92022 0.193657 0.00521742 4.36754 399515 3 383.296 0.702267 8.17229 2 2 154.663 2.67299 7.60666 2 3 0.131604 6.30798e-06 27.5292 2 
2.17565 -4.11748e-05 -1 0.921242 0.193554 0.00521742 4.37997 399316 4 1949.77 0.271664 9.20424 2 2 116.104 2.25141 7.1812 2 3 0.139122 6.17591e-06 28.2422 2 
2.18086 -4.05006e-05 -1 0.922254 0.193459 0.00521742 4.3927 399091 4 3569.14 0.491703 9.23029 2 2 143.184 1.16838 11.0702 2 3 0.139437 6.15944e-06 28.2887 2 
2.18608 -3.99183e-05 -1 0.923257 0.193365 0.00521742 4.40516 398892 4 2604.17 0.905561 7.32298 2 2 580.005 10.7907 7.33146 2 3 0.139334 6.40732e-06 27.9122 2 
2.1913 -4.07676e-05 -1 0.924251 0.193267 0.00521742 4.41741 398713 4 2664.87 0.772378 7.66411 2 2 160.267 1.76705 9.52351 2 3 0.124936 6.66093e-06 26.5695 2 
2.19652 -4.11314e-05 -1 0.925249 0.193195 0.00521742 4.42901 398594 4 2618.35 2.7983 5.53074 2 2 123.844 1.87229 8.13303 2 3 0.124455 6.79354e-06 26.3616 2 
2.20173 -4.2318e-05 -1 0.926246 0.193103 0.00521742 4.44357 398209 4 2655.23 2.51171 5.70208 2 1 122.438 14.2957 8.56468 2 3 0.129157 6.83878e-06 26.6305 2 
2.20695 -4.29533e-05 -1 0.927247 0.193002 0.00521742 4.45497 398110 4 8022.54 1.2109 9.02195 2 2 182.732 2.09943 9.32945 2 3 0.141488 6.75338e-06 27.5677 2 
2.21217 -4.3363e-05 -1 0.928248 0.192955 0.00521742 4.46633 398014 4 2750.45 2.46033 5.78233 2 2 206.159 2.18681 9.70948 2 3 0.144246 6.65672e-06 27.8793 2 
2.21739 -4.41735e-05 -1 0.929252 0.19286 0.00521742 4.47763 397925 4 2507.64 1.16904 6.80548 2 2 245.174 4.31255 7.53998 2 3 0.142101 6.62793e-06 27.7805 2 
2.2226 -4.53653e-05 -1 0.930255 0.19278 0.00521742 4.48894 397835 4 2622.7 1.28341 6.72351 2 2 210.502 2.89758 8.52336 2 3 0.135394 6.39439e-06 27.6652 2 
2.22782 -4.61354e-05 -1 0.931261 0.192702 0.00521742 4.49934 397826 4 14096.9 1.37506 10.0624 2 1 186.265 14.1108 13.2001 2 3 0.127666 6.82192e-06 26.5495 2 
2.23304 -4.81747e-05 -1 0.932266 0.192617 0.00521742 4.5114 397669 5 12177.5 1.28323 6.24383 2 2 197.82 2.89389 8.26788 2 3 0.128824 7.20199e-06 26.1526 2 
2.23826 -4.60525e-05 -1 0.933274 0.192537 0.00521742 4.52269 397582 4 2547.98 2.17382 5.85118 2 2 160.302 3.69932 6.58277 2 3 0.130065 2.61366e-05 17.0728 2 
2.24347 -4.66672e-05 -1 0.934284 0.192454 0.00521742 4.53323 397562 4 2657.63 0.511344 8.49073 2 1 123.112 13.2377 9.3001 2 3 0.136331 3.18812e-05 16.2313 2 
2.24869 -4.69127e-05 -1 0.935297 0.192405 0.00521742 4.54376 397542 3 2000.51 3.56528 8.24802 2 2 564.672 9.03312 7.90641 2 3 0.143036 2.30075e-05 18.3876 2 
2.25391 -4.70668e-05 -1 0.93631 0.192325 0.00521742 4.55349 397592 3 3401.77 2.24228 11.4905 2 1 137.991 10.4074 13.259 2 3 0.134748 1.71781e-05 19.8693 2 
2.25913 -4.78421e-05 -1 0.937325 0.192252 0.00521742 4.56326 397639 3 2510.99 1.63353 11.5409 2 1 143.891 10.8493 13.2627 2 3 0.122192 1.38652e-05 20.6557 2 
2.26434 -4.94058e-05 -1 0.938338 0.192183 0.00521742 4.57385 397613 4 2193.08 0.465019 8.28697 2 1 108.211 12.8527 8.4193 2 3 0.125441 1.26762e-05 21.4693 2 
2.26956 -5.03991e-05 -1 0.93934 0.192127 0.00521742 4.58445 397588 4 2620.07 0.573443 8.22159 2 1 122.572 12.5251 9.7861 2 3 0.130965 9.26758e-06 24.1766 2 
2.27478 -5.0042e-05 -1 0.940328 0.192102 0.00521742 4.59499 397567 3 8145.46 3.2504 13.5829 2 2 163.745 1.39211 10.8455 2 3 0.132256 8.34148e-06 25.1222 2 
2.28 -5.2411e-05 -1 0.94132 0.191997 0.00521742 4.60642 397469 4 2384.72 1.14356 6.75763 2 2 247.685 6.16679 6.33753 2 3 0.139578 8.32807e-06 25.5912 2 
2.28521 -5.23358e-05 -1 0.942311 0.191952 0.00521742 4.61783 397374 4 2646.7 1.41653 6.57461 2 2 206.737 2.62891 8.86791 2 3 0.136924 8.27975e-06 25.4774 2 
2.29043 -5.27897e-05 -1 0.943306 0.191894 0.00521742 4.6284 397352 3 1661.17 1.14339 11.3259 2 2 207.752 2.76255 8.67196 2 3 0.130359 8.35935e-06 24.9837 2 
2.29565 -5.37263e-05 -1 0.9443 0.191847 0.00521742 4.64385 396912 4 13384.3 1.75951 9.33901 2 2 185.422 2.4154 8.76164 2 3 0.120918 8.48619e-06 24.2433 2 
2.30087 -5.58918e-05 -1 0.945298 0.191812 0.00521742 4.65519 396825 4 11983.5 2.20593 8.58516 2 2 153.364 2.41659 7.96636 2 3 0.119546 8.81665e-06 23.8457 2 
2.30608 -5.5956e-05 -1 0.946294 0.191733 0.00521742 4.66675 396720 4 2615.22 1.01951 7.11671 2 2 152.663 3.95327 6.21424 2 3 0.124806 9.39908e-06 23.6801 2 
2.3113 -5.55786e-05 -1 0.947294 0.191707 0.00521742 4.67737 396695 4 2696.29 0.504221 8.55139 2 1 113.285 14.2471 7.9514 2 3 0.130106 1.00052e-05 23.5157 2 
2.31652 -5.5155e-05 -1 0.948292 0.191603 0.00521742 4.6879 396677 3 2568.56 1.56671 11.7915 2 2 561.876 2.41209 15.2624 2 3 0.13355 9.5302e-06 24.1091 2 
2.32174 -5.503e-05 -1 0.949293 0.191575 0.00521742 4.69927 396589 4 2538.3 0.773176 7.56948 2 2 137.024 1.61073 9.22329 2 3 0.126782 8.54012e-06 24.5771 2 
2.32695 -5.40168e-05 -1 0.950297 0.191542 0.00521742 4.70979 396573 3 3349.97 1.72968 12.465 2 2 145.685 2.64217 7.42553 2 3 0.122918 7.10471e-06 25.8637 2 
2.33217 -5.16179e-05 -1 0.951302 0.19148 0.00521742 4.71949 396626 2 138.625 1.84123 8.67695 2 2 155.329 2.71412 7.56506 2 3 0.126323 6.71024e-06 26.602 2 
2.33739 -5.12306e-05 -1 0.952308 0.191431 0.00521742 4.72853 396734 2 114.672 2.88618 6.30329 2 1 94.2741 10.5699 8.91911 2 3 0.127902 7.02784e-06 26.3038 2 
2.3426 -5.10879e-05 -1 0.953316 0.191361 0.00521742 4.73907 396716 3 8314.73 3.60956 13.2068 2 2 173.286 1.90743 9.5314 2 3 0.135914 7.25725e-06 26.5561 2 
2.34782 -5.18348e-05 -1 0.954323 0.191353 0.00521742 4.74962 396697 3 2230.1 3.02748 9.03124 2 2 257.399 2.08013 11.1239 2 3 0.133153 7.52027e-06 26.0639 2 
2.35304 -5.34152e-05 -1 0.955329 0.191313 0.00521742 4.76107 396603 4 2627.31 1.18413 6.86322 2 2 197.997 3.08849 8.00674 2 3 0.127629 7.81114e-06 25.3753 2 
2.35826 -5.59641e-05 -1 0.956328 0.191271 0.00521742 4.77249 396512 4 13738.1 1.793 9.35592 2 2 197.324 3.00537 8.1029 2 3 0.118811 8.0639e-06 24.5153 2 
2.36347 -5.78679e-05 -1 0.957315 0.191242 0.00521742 4.78388 396424 4 1994.87 1.41262 6.13017 2 2 204.614 3.37432 7.78708 2 3 0.111344 8.27786e-06 23.7821 2 
2.36869 -5.81484e-05 -1 0.958301 0.191198 0.00521742 4.79613 396266 5 11751.2 1.22018 6.26227 2 2 224.1 4.03332 7.45401 2 3 0.119145 8.17724e-06 24.4244 2 
2.37391 -5.60539e-05 -1 0.959291 0.191171 0.00521742 4.80671 396246 3 4936.41 3.2632 11.4795 2 2 138.088 1.87392 8.58427 2 3 0.120198 8.19376e-06 24.4796 2 
2.37913 -5.64633e-05 -1 0.960281 0.191147 0.00521742 4.81724 396231 4 2718.48 1.47479 6.55238 2 1 100.465 10.8754 9.23782 2 3 0.125373 7.9368e-06 25.0911 2 
2.38434 -5.69612e-05 -1 0.961273 0.191125 0.00521742 4.82777 396214 3 1074.13 1.57742 8.79771 2 2 564.055 3.71855 12.3161 2 3 0.129114 7.71183e-06 25.5822 2 
2.38956 -5.65724e-05 -1 0.962264 0.191096 0.00521742 4.84151 395936 3 2592.3 2.83449 9.70667 2 1 142.383 9.17471 15.5191 2 3 0.121112 7.32373e-06 25.4772 2 
2.39478 -5.66604e-05 -1 0.963258 0.191034 0.00521742 4.85125 395986 3 2709.36 1.12648 13.3982 2 1 126.463 10.0682 12.5607 2 3 0.123791 6.9746e-06 26.0849 2 
2.4 -5.80659e-05 -1 0.964252 0.190987 0.00521742 4.86096 396037 3 3323.81 3.35254 9.97136 2 1 146.804 13.9299 10.5388 2 3 0.13126 6.5792e-06 27.1218 2 
2.40521 -5.66845e-05 -1 0.965248 0.191013 0.00521742 4.87149 396022 4 2517.1 0.805748 7.4761 2 1 114.828 13.4374 8.54536 2 3 0.131319 1.78168e-05 19.4611 2 
2.41043 -5.68114e-05 -1 0.966246 0.190992 0.00521742 4.88114 396078 2 102.117 1.84427 7.44109 2 2 135.035 3.86105 5.91385 2 3 0.126971 2.35642e-05 17.5314 2 
2.41565 -5.6515e-05 -1 0.967247 0.190973 0.00521742 4.89252 395994 4 7531.59 1.2684 8.77824 2 2 264.887 1.84549 11.9805 2 3 0.121623 1.73181e-05 19.1501 2 
2.42087 -5.73903e-05 -1 0.968249 0.190946 0.00521742 4.90391 395909 4 2101.73 0.415455 8.43361 2 2 180.675 2.71591 8.15628 2 3 0.113237 1.28831e-05 20.6374 2 
2.42608 -5.72645e-05 -1 0.969252 0.190944 0.00521742 4.91526 395828 4 12912.3 1.35568 9.87898 2 2 190 2.78079 8.26595 2 3 0.10488 1.03238e-05 21.658 2 
2.4313 -5.62217e-05 -1 0.970255 0.190891 0.00521742 4.92578 395815 3 2165.05 2.05275 10.1791 2 2 212.821 3.41843 7.8903 2 3 0.105219 9.43098e-06 22.3449 2 
2.43652 -5.66532e-05 -1 0.971258 0.190864 0.00521742 4.93713 395734 4 11854.1 1.49635 9.43429 2 2 218.428 3.6873 7.69662 2 3 0.112313 7.11692e-06 25.083 2 
2.44174 -5.6473e-05 -1 0.972259 0.190846 0.00521742 4.94847 395655 4 5018.89 0.737033 9.08407 2 2 188.636 2.40463 8.85703 2 3 0.112832 6.68186e-06 25.6554 2 
2.44695 -5.6204e-05 -1 0.973258 0.190853 0.00521742 4.95929 395618 4 4844.53 1.02744 8.28654 2 1 84.3234 14.6601 5.75191 2 3 0.118672 6.55358e-06 26.2597 2 
2.45217 -5.56343e-05 -1 0.974246 0.190845 0.00521742 4.97067 395536 4 2592.4 0.771221 7.61432 2 2 575.382 6.35544 9.51493 2 3 0.121597 6.37266e-06 26.7219 2 
2.45739 -5.55747e-05 -1 0.975232 0.190825 0.00521742 4.98119 395523 3 1349.33 0.848272 11.6733 2 2 145.412 2.09779 8.32566 2 3 0.121584 6.20296e-06 26.9624 2 
2.46261 -5.56208e-05 -1 0.976219 0.19084 0.00521742 4.99253 395445 4 2679.92 0.600225 8.17433 2 2 139.772 2.05625 8.24465 2 3 0.125972 5.85164e-06 27.8184 2 
2.46782 -5.47537e-05 -1 0.977208 0.190815 0.00521742 5.00301 395436 3 1071.92 0.728078 11.3761 2 2 154.617 2.05237 8.67963 2 3 0.124095 5.52725e-06 28.2108 2 
2.47304 -5.44185e-05 -1 0.978197 0.190856 0.00521742 5.01351 395425 3 3413 2.16701 11.6348 2 2 149.536 1.52854 9.89086 2 3 0.119448 5.60991e-06 27.7167 2 
2.47826 -5.32689e-05 -1 0.979188 0.190768 0.00521742 5.02314 395481 3 2716.11 2.47085 10.3205 2 1 110.179 9.43966 11.6719 2 3 0.113965 5.97753e-06 26.7147 2 
2.48348 -5.37007e-05 -1 0.980179 0.190776 0.00521742 5.04185 394827 4 7992.13 1.27753 8.8935 2 2 259.091 4.37356 7.69677 2 3 0.106595 6.30185e-06 25.6699 2 
2.48869 -5.46849e-05 -1 0.981172 0.190814 0.00521742 5.05326 394746 4 13177.4 2.21587 8.78156 2 2 152.715 3.73738 6.3923 2 3 0.0989876 6.60326e-06 24.657 2 
2.49391 -5.75214e-05 -1 0.982167 0.190823 0.00521742 5.0643 394694 3 2587.18 2.44523 10.1899 2 2 178.689 4.92938 6.02078 2 3 0.094477 6.86968e-06 23.9587 2 
2.49913 -5.73313e-05 -1 0.983166 0.19079 0.00521742 5.0756 394622 4 2072.34 0.74108 7.27192 2 2 225.101 3.21971 8.36141 2 3 0.0994345 7.19317e-06 23.9997 2 
2.50434 -5.8e-05 -1 0.984165 0.19071 0.00521742 5.08775 394485 5 12055.3 2.83946 5.31604 2 2 208.651 2.79737 8.63646 2 3 0.104981 7.46921e-06 24.1331 2 
2.50956 -5.1816e-05 -1 0.985166 0.190686 0.00521742 5.09736 394545 3 2125.21 1.15286 12.2615 2 1 123 11.9558 10.2879 2 3 0.106016 7.77998e-06 23.8853 2 
2.51478 -4.89608e-05 -1 0.986166 0.190733 0.00521742 5.10864 394475 4 3027.7 0.972169 7.47038 2 2 194.284 2.48919 8.83464 2 3 0.108912 7.97637e-06 23.9014 2 
2.52 -4.83417e-05 -1 0.987168 0.190764 0.00521742 5.11988 394409 4 5431.66 1.75377 7.46002 2 2 528.394 6.99765 8.68966 2 3 0.120669 8.13031e-06 24.5752 2 
2.52521 -4.93397e-05 -1 0.988168 0.190805 0.00521742 5.12947 394470 3 1678.42 1.11507 11.4604 2 1 116.122 9.81097 11.836 2 3 0.120234 7.83689e-06 24.8482 2 
2.53043 -5.03073e-05 -1 0.989169 0.190825 0.00521742 5.13821 394597 2 229.286 2.9266 8.8513 2 1 149.66 11.6456 12.8513 2 3 0.115348 7.71024e-06 24.6404 2 
2.53565 -5.16604e-05 -1 0.990166 0.190799 0.00521742 5.14952 394526 5 2464.36 1.06279 4.71033 2 1 142.204 13.4083 10.6057 2 3 0.111314 7.33412e-06 24.759 2 
2.54087 -5.1693e-05 -1 0.991159 0.190777 0.00521742 5.15908 394588 3 2309.23 3.57627 8.64329 2 1 148.095 13.5128 10.9596 2 3 0.105211 7.06099e-06 24.6073 2 
2.54608 -5.43616e-05 -1 0.992143 0.190751 0.00521742 5.17035 394520 4 3574.68 3.21709 5.77356 2 2 151.233 3.22858 6.84411 2 3 0.0986188 6.73549e-06 24.4642 2 
2.5513 -5.49157e-05 -1 0.99313 0.190741 0.00521742 5.17988 394585 2 73.2555 1.11327 8.11186 2 2 143.362 2.17513 8.11849 2 3 0.0916309 6.40933e-06 24.2704 2 
2.55652 -5.45461e-05 -1 0.994118 0.190756 0.00521742 5.19115 394518 4 12568.6 1.66136 9.32622 2 2 265.69 6.27743 6.50574 2 3 0.0845923 6.05722e-06 24.0816 2 
2.56174 -5.5133e-05 -1 0.995107 0.19081 0.00521742 5.20075 394577 2 791.092 3.48702 15.0621 2 2 158.107 2.50567 7.94352 2 3 0.0907966 6.31271e-06 24.3193 2 
2.56695 -5.53111e-05 -1 0.996097 0.190794 0.00521742 5.21114 394576 3 2770.92 3.27725 9.45595 2 2 210.593 2.63396 8.94164 2 3 0.0933505 6.48351e-06 24.3278 2 
2.57217 -5.40329e-05 -1 0.997089 0.190857 0.00521742 5.22068 394640 2 555.13 2.35419 15.3559 2 2 208.567 2.04504 10.0988 2 3 0.097595 1.18534e-05 20.1927 2 
2.57739 -5.34325e-05 -1 0.998083 0.190895 0.00521742 5.23193 394574 4 11156 2.46035 8.20593 2 2 190.296 3.76424 7.1101 2 3 0.103431 2.29307e-05 16.5226 2 
2.58261 -5.68842e-05 -1 0.999081 0.190882 0.00521742 5.24718 394208 4 1988.58 0.293956 9.06913 2 2 103.124 2.70046 6.1796 2 3 0.114844 1.83359e-05 18.4333 2 
2.58782 -5.83324e-05 -1 1.00008 0.190863 0.00521742 5.25836 394149 4 3084.55 1.12038 7.24363 2 2 465.997 9.36095 7.05556 2 3 0.115142 1.35351e-05 20.4139 2 
2.59304 -5.96053e-05 -1 1.00108 0.190853 0.00521742 5.26904 394127 4 5376.37 3.30139 6.35255 2 1 62.8942 11.6897 5.38033 2 3 0.110526 1.03133e-05 22.0473 2 
2.59826 -5.54745e-05 -1 1.00208 0.190852 0.00521742 5.27938 394131 4 2691.37 0.481825 8.64512 2 1 117.858 9.0978 12.9546 2 3 0.104289 9.4377e-06 22.2736 2 
2.60348 -5.40171e-05 -1 1.00308 0.190897 0.00521742 5.28886 394199 3 2625.56 2.92315 9.64844 2 1 124.848 13.0334 9.57905 2 3 0.0980455 7.48314e-06 23.5748 2 
2.60869 -5.55792e-05 -1 1.00408 0.190924 0.00521742 5.29831 394269 2 120.913 1.87336 8.03388 2 2 148.231 1.78758 9.10619 2 3 0.0915797 7.26403e-06 23.2742 2 
2.61391 -5.71527e-05 -1 1.00508 0.190933 0.00521742 5.30862 394275 3 1486.01 0.984116 11.4725 2 2 146.957 2.10703 8.35141 2 3 0.0854704 7.21232e-06 22.7989 2 
2.61913 -5.82236e-05 -1 1.00608 0.190941 0.00521742 5.31895 394280 4 3819.29 1.10019 7.67589 2 1 145.645 12.2126 11.9258 2 3 0.0796164 7.07763e-06 22.4064 2 
2.62435 -5.60372e-05 -1 1.00708 0.190961 0.00521742 5.33015 394219 4 12214.4 1.53929 9.43818 2 2 259.713 5.34568 6.97021 2 3 0.081298 6.88849e-06 22.7677 2 
2.62956 -5.75108e-05 -1 1.00807 0.190997 0.00521742 5.34051 394221 4 7499.04 2.45822 7.43184 2 1 142.644 13.9442 10.2296 2 3 0.0888614 6.71177e-06 23.6569 2 
2.63478 -5.91645e-05 -1 1.00906 0.191039 0.00521742 5.35088 394223 3 1024.4 0.737585 11.1571 2 2 180.802 2.09097 9.29882 2 3 0.0981259 6.61312e-06 24.5731 2 
2.64 -6.00429e-05 -1 1.01005 0.191064 0.00521742 5.36214 394159 4 2477.09 0.743968 7.59621 2 2 197.591 2.61333 8.69534 2 3 0.104143 6.47842e-06 25.238 2 
2.64522 -5.97049e-05 -1 1.01104 0.191044 0.00521742 5.37422 394035 5 11977.3 1.32906 6.17964 2 2 193.951 2.92243 8.14655 2 3 0.106127 7.20999e-06 24.5074 2 
2.65043 -5.71557e-05 -1 1.01203 0.191032 0.00521742 5.38547 393973 4 2523.95 0.733928 7.65785 2 2 161.88 3.1374 7.18308 2 3 0.105294 1.02612e-05 21.7304 2 
2.65565 -5.59225e-05 -1 1.01302 0.191072 0.00521742 5.3959 393971 4 2087.97 0.795318 7.15807 2 1 76.1094 12.4227 6.12664 2 3 0.102852 9.36453e-06 22.2284 2 
2.66087 -5.56445e-05 -1 1.01401 0.191118 0.00521742 5.40714 393909 4 2668.86 1.00021 7.18719 2 2 394.32 4.71575 9.14427 2 3 0.104579 7.59887e-06 23.9643 2 
2.66609 -5.64719e-05 -1 1.01501 0.191143 0.00521742 5.41752 393910 4 5398.73 1.05732 8.4532 2 1 72.9844 11.5196 6.33567 2 3 0.105055 6.26849e-06 25.5908 2 
2.6713 -5.82745e-05 -1 1.01601 0.191165 0.00521742 5.42789 393912 4 5608.26 1.10608 8.4384 2 1 88.4705 9.30892 9.50385 2 3 0.0982057 6.02221e-06 25.3587 2 
2.67652 -5.93839e-05 -1 1.01701 0.191193 0.00521742 5.44148 393681 3 213.48 1.5665 5.14607 2 1 121.799 11.9977 10.1519 2 3 0.0911339 5.90589e-06 24.8961 2 
2.68174 -5.97143e-05 -1 1.01801 0.191197 0.00521742 5.45191 393679 4 2655.6 0.741914 7.73486 2 1 139.352 13.3664 10.4256 2 3 0.0811486 5.67788e-06 24.2679 2 
2.68695 -5.86932e-05 -1 1.01902 0.191232 0.00521742 5.46235 393676 4 2635.71 0.618021 8.08115 2 1 151.205 14.5557 10.388 2 3 0.0733869 5.64192e-06 23.5178 2 
2.69217 -5.85211e-05 -1 1.02002 0.191236 0.00521742 5.47274 393678 4 12081 1.75548 9.10807 2 1 137.627 12.6132 10.9113 2 3 0.0760413 5.55466e-06 23.922 2 
2.69739 -5.88573e-05 -1 1.02102 0.191263 0.00521742 5.48321 393673 3 3704.5 3.14043 10.5661 2 2 230.091 4.51137 7.14161 2 3 0.0828725 5.62978e-06 24.5079 2 
2.70261 -5.75675e-05 -1 1.02202 0.191311 0.00521742 5.4937 393667 4 7711.57 1.67455 8.2378 2 1 190.461 12.753 14.9345 2 3 0.084881 5.33642e-06 25.149 2 
2.70782 -5.8461e-05 -1 1.02302 0.191337 0.00521742 5.50502 393601 4 2692.73 0.860551 7.47918 2 2 154.775 2.16381 8.45748 2 3 0.086112 5.80516e-06 24.5706 2 
2.71304 -5.75923e-05 -1 1.02402 0.191362 0.00521742 5.51634 393536 4 2541.78 0.586165 8.11483 2 2 188.887 2.52434 8.65022 2 3 0.0881641 5.68084e-06 24.9436 2 
2.71826 -5.69766e-05 -1 1.02501 0.191398 0.00521742 5.52771 393468 4 11882.1 1.58668 9.30253 2 2 170.801 2.34405 8.53615 2 3 0.0914571 5.92936e-06 24.8926 2 
2.72348 -5.63565e-05 -1 1.026 0.191424 0.00521742 5.53902 393404 4 2719.14 0.626443 8.11685 2 2 147.992 2.43531 7.79547 2 3 0.0937387 6.01946e-06 24.972 2 
2.72869 -5.65902e-05 -1 1.027 0.191447 0.00521742 5.54864 393460 3 2687.52 2.87236 9.78072 2 1 63.4234 7.34556 8.63424 2 3 0.100153 6.03229e-06 25.511 2 
2.73391 -5.54363e-05 -1 1.02799 0.191471 0.00521742 5.55992 393398 4 2520.84 0.739468 7.64111 2 2 318.115 7.96895 6.31818 2 3 0.101484 6.22942e-06 25.3503 2 
2.73913 -5.40284e-05 -1 1.02898 0.191496 0.00521742 5.57042 393393 4 3339.46 1.07812 7.46022 2 1 205.326 11.1537 18.4089 2 3 0.101854 8.91595e-06 22.5218 2 
2.74435 -5.47487e-05 -1 1.02998 0.19151 0.00521742 5.58089 393388 4 5322.8 0.975361 8.59496 2 1 77.6589 14.2207 5.46097 2 3 0.0957243 2.4464e-05 15.7579 2 
2.74956 -5.43387e-05 -1 1.03097 0.191542 0.00521742 5.59134 393385 4 5819.39 0.803743 9.22444 2 1 105.192 11.8172 8.90156 2 3 0.0897777 2.13801e-05 16.1332 2 
2.75478 -5.30965e-05 -1 1.03197 0.19156 0.00521742 5.60183 393380 3 328.521 2.62955 4.99913 2 2 146.185 2.65644 7.41824 2 3 0.0803912 1.62769e-05 17.0299 2 
2.76 -5.16137e-05 -1 1.03298 0.191589 0.00521742 5.61309 393321 4 2172.04 2.52605 5.4151 2 2 143.253 1.70377 9.16951 2 3 0.0727389 1.20696e-05 18.198 2 
2.76522 -5.09035e-05 -1 1.03398 0.191641 0.00521742 5.6244 393258 4 11450.2 1.22262 9.83741 2 2 139.952 1.68463 9.11461 2 3 0.0771701 9.06912e-06 20.4156 2 
2.77043 -5.33567e-05 -1 1.03498 0.191679 0.00521742 5.63403 393313 2 241.295 2.74229 9.38032 2 2 194.929 3.10296 7.92592 2 3 0.080372 7.1997e-06 22.3493 2 
2.77565 -5.45514e-05 -1 1.03599 0.191718 0.00521742 5.64859 393024 4 8241.24 1.17976 9.14218 2 1 122.412 9.43541 12.9737 2 3 0.0813985 6.37402e-06 23.3741 2 
2.78087 -5.56835e-05 -1 1.03699 0.191748 0.00521742 5.65943 392995 2 264.019 2.71272 9.86541 2 2 161.033 2.69418 7.73115 2 3 0.082098 6.51019e-06 23.2762 2 
2.78609 -5.56136e-05 -1 1.038 0.191799 0.00521742 5.67158 392875 4 2414.56 1.09308 6.85563 2 2 176.061 1.62454 10.4104 2 3 0.085117 7.00096e-06 22.9943 2 
2.7913 -5.46617e-05 -1 1.039 0.191828 0.00521742 5.68423 392722 4 2640.15 0.853286 7.45819 2 2 158.421 1.70287 9.64529 2 3 0.0912856 7.93192e-06 22.5774 2 
2.79652 -5.36185e-05 -1 1.04 0.191813 0.00521742 5.6976 392519 5 10812.3 1.41531 5.9788 2 2 157.74 2.23905 8.39343 2 3 0.0920179 8.59407e-06 22.0407 2 
2.80174 -4.98446e-05 -1 1.041 0.19183 0.00521742 5.70749 392556 3 2787.64 2.70735 10.0979 2 1 60.0477 9.22163 6.51161 2 3 0.0987724 9.61382e-06 21.7393 2 
2.80696 -4.84038e-05 -1 1.04199 0.19187 0.00521742 5.7185 392517 4 2551.48 0.532653 8.3193 2 1 78.8897 10.1773 7.75154 2 3 0.0968461 8.80974e-06 22.2351 2 
2.81217 -4.84745e-05 -1 1.04299 0.191913 0.00521742 5.73042 392415 4 2645.53 0.881796 7.40093 2 2 288.029 3.99187 8.49434 2 3 0.0981361 6.75973e-06 24.395 2 
2.81739 -4.96828e-05 -1 1.04398 0.19195 0.00521742 5.74316 392258 4 3560.08 0.713876 8.40348 2 1 82.3888 11.8855 6.93187 2 3 0.0936156 6.70605e-06 24.0784 2 
2.82261 -4.97911e-05 -1 1.04498 0.192013 0.00521742 5.75373 392249 4 5376.01 0.919915 8.74336 2 1 83.4912 11.4807 7.27231 2 3 0.0894625 6.98625e-06 23.3955 2 
2.82783 -5.12667e-05 -1 1.04597 0.192019 0.00521742 5.76421 392247 4 5925.54 0.913357 8.97474 2 1 113.319 14.1119 8.03003 2 3 0.0816539 7.22949e-06 22.4366 2 
2.83304 -5.09904e-05 -1 1.04698 0.192053 0.00521742 5.77559 392183 4 12010.8 1.71304 9.15064 2 2 155.968 9.86992 3.97522 2 3 0.0733296 7.42105e-06 21.4588 2 
2.83826 -5.26925e-05 -1 1.04798 0.192078 0.00521742 5.78534 392230 3 342.512 0.579367 8.39281 2 1 133.827 13.4627 9.9406 2 3 0.0750989 7.53983e-06 21.5158 2 
2.84348 -5.27286e-05 -1 1.04898 0.192125 0.00521742 5.79501 392282 3 2346.09 2.82616 9.3983 2 1 132.626 13.1255 10.1045 2 3 0.0778171 7.62188e-06 21.6939 2 
2.84869 -5.14406e-05 -1 1.04999 0.192153 0.00521742 5.80638 392219 4 2656.62 0.610978 8.12037 2 2 149.91 2.38671 7.92529 2 3 0.0794442 7.64289e-06 21.824 2 
2.85391 -5.11487e-05 -1 1.051 0.192183 0.00521742 5.81692 392213 4 8056.15 1.23451 8.98789 2 1 109.277 12.6176 8.66063 2 3 0.0795744 7.64568e-06 21.8333 2 
2.85913 -5.11699e-05 -1 1.052 0.192214 0.00521742 5.82659 392265 3 1447.99 0.539765 13.8948 2 1 170.83 11.3492 15.0522 2 3 0.0798801 7.55121e-06 21.952 2 
2.86435 -5.07864e-05 -1 1.05301 0.192242 0.00521742 5.84196 391934 4 2296.26 1.17804 6.64454 2 2 149.494 2.08739 8.46273 2 3 0.0853397 7.46118e-06 22.531 2 
2.86956 -5.13788e-05 -1 1.05402 0.192295 0.00521742 5.85334 391872 4 11450.4 3.18776 7.74165 2 2 146.381 2.28866 7.99744 2 3 0.0910417 7.32654e-06 23.1622 2 
2.87478 -5.4342e-05 -1 1.05502 0.192287 0.00521742 5.86387 391867 4 2597.2 2.56388 5.64159 2 1 122.758 14.1502 8.6754 2 3 0.0917751 7.16103e-06 23.4018 2 
2.88 -5.57614e-05 -1 1.05603 0.19231 0.00521742 5.87439 391862 4 2917.88 2.59737 5.7894 2 1 76.5893 7.52465 10.1785 2 3 0.0978887 7.05339e-06 24.0314 2 
2.88522 -5.70278e-05 -1 1.05703 0.192323 0.00521742 5.88497 391854 4 2354.98 0.772689 7.43012 2 1 63.3013 7.24887 8.73258 2 3 0.0959525 7.02126e-06 23.9082 2 
2.89043 -5.74097e-05 -1 1.05802 0.192374 0.00521742 5.89564 391840 3 2180.43 2.6803 9.33511 2 2 241.211 2.24946 10.3552 2 3 0.0950001 6.91431e-06 23.9511 2 
2.89565 -5.84015e-05 -1 1.05902 0.192427 0.00521742 5.90637 391821 4 3734.32 2.0225 6.55512 2 1 84.0707 8.56926 9.81073 2 3 0.092152 6.76779e-06 23.8792 2 
2.90087 -6.15551e-05 -1 1.06001 0.192445 0.00521742 5.91703 391807 4 5526.86 1.89252 7.35122 2 1 87.9267 8.48004 10.3687 2 3 0.0872129 6.56791e-06 23.6802 2 
2.90609 -5.97345e-05 -1 1.06101 0.192493 0.00521742 5.92766 391796 4 5949.81 0.977359 8.83308 2 1 120.808 9.722 12.4262 2 3 0.0792032 6.33105e-06 23.2143 2 
2.9113 -5.87819e-05 -1 1.06201 0.192529 0.00521742 5.93836 391780 4 11485.4 2.81761 7.99036 2 1 143.842 14.3382 10.0321 2 3 0.0716026 2.95509e-05 13.4313 2 
2.91652 -6.21317e-05 -1 1.06302 0.192506 0.00521742 5.94735 391876 2 387.548 3.25711 10.908 2 1 129.606 13.3056 9.74066 2 3 0.0746974 2.94782e-05 13.6333 2 
2.92174 -6.43511e-05 -1 1.06402 0.192549 0.00521742 5.95801 391862 4 2277.79 0.437068 8.49652 2 1 133.285 13.7421 9.69903 2 3 0.0767612 2.15559e-05 15.2707 2 
2.92696 -6.52486e-05 -1 1.06503 0.192608 0.00521742 5.9686 391853 4 2804.13 0.814867 7.6591 2 1 128.083 12.4955 10.2503 2 3 0.0777232 1.58555e-05 16.9873 2 
2.93217 -6.4483e-05 -1 1.06604 0.192655 0.00521742 5.97923 391842 4 8246.15 0.73805 10.2811 2 1 113.469 13.0691 8.68225 2 3 0.0782171 1.41577e-05 17.6781 2 
2.93739 -6.46183e-05 -1 1.06705 0.192671 0.00521742 5.98901 391886 3 1541.83 0.689194 13.0787 2 1 169.411 13.8442 12.237 2 3 0.0777899 1.20523e-05 18.6188 2 
2.94261 -6.51551e-05 -1 1.06806 0.192681 0.00521742 5.99776 391997 2 210.604 1.88314 10.5753 2 2 147.227 1.74528 9.18462 2 2 0.0843054 9.88865e-05 29.1984 2 
2.94783 -6.49849e-05 -1 1.06907 0.192734 0.00521742 6.00818 391999 4 11463.6 2.75345 8.03269 2 2 143.729 1.91758 8.65755 2 2 0.0903331 9.66743e-05 30.5681 2 
2.95304 -6.19202e-05 -1 1.07008 0.192731 0.00521742 6.01963 391933 4 2411.45 0.697589 7.66778 2 2 120.997 2.36734 7.14917 2 3 0.0922883 8.46704e-06 22.172 2 
2.95826 -6.31384e-05 -1 1.07109 0.192735 0.00521742 6.03024 391924 4 2561.29 1.5582 6.36736 2 1 67.5731 9.75956 6.92378 2 3 0.0971248 7.55669e-06 23.4243 2 
2.96348 -6.42232e-05 -1 1.07209 0.192742 0.00521742 6.04473 391661 4 2792.22 1.05597 7.17092 2 2 203.828 1.85854 10.4724 2 2 0.0963858 9.27403e-05 32.2383 2 
2.9687 -6.43061e-05 -1 1.07309 0.192837 0.00521742 6.05449 391707 4 3585.94 0.911982 7.91871 2 1 66.0348 7.68287 8.59507 2 2 0.0929101 9.44946e-05 31.3565 2 
2.97391 -6.49655e-05 -1 1.07409 0.192872 0.00521742 6.06586 391648 4 2329.17 0.731143 7.51277 2 2 235.159 1.76619 11.5389 2 3 0.0916112 6.94005e-06 23.6335 2 
2.97913 -6.46288e-05 -1 1.07509 0.192886 0.00521742 6.07625 391652 4 5835.92 1.11259 8.51027 2 1 87.994 11.3737 7.73662 2 3 0.0879929 6.89595e-06 23.3678 2 
2.98435 -6.66395e-05 -1 1.07609 0.192913 0.00521742 6.08667 391654 4 5962.84 0.692229 9.63387 2 1 95.4732 10.7017 8.92135 2 3 0.0809768 6.71911e-06 22.9271 2 
2.98957 -6.70652e-05 -1 1.07709 0.192925 0.00521742 6.09796 391601 4 11259.7 2.10546 8.55155 2 2 142.88 1.2038 10.8945 2 3 0.0732972 6.51867e-06 22.4032 2 
2.99478 -6.88124e-05 -1 1.07809 0.192846 0.00521742 6.1076 391654 3 2569.33 3.58761 8.94688 2 1 131.226 11.7516 11.1666 2 3 0.0726179 6.1269e-06 22.8 2 
3 -7.01742e-05 -1 1.0791 0.192986 0.00521742 6.11806 391654 4 2216.09 0.548788 7.9716 2 1 121.488 11.0357 11.0086 2 3 0.0743974 5.70759e-06 23.5343 2 

# Multigrid, 585 steps, 97.717 CPU, 6.129 real, 3.91e+05 points.step/s, 23 var
