0 0.00985624
0.0338878 0.00985006
0.0677756 0.0098333
0.101663 0.00980588
0.135551 0.00976871
0.169439 0.00972196
0.203327 0.00966576
0.237215 0.00960023
0.271102 0.00952555
0.30499 0.00944182
0.338878 0.00934918
0.372766 0.00924778
0.406653 0.00913775
0.440541 0.00901927
0.474429 0.00889243
0.508317 0.00875752
0.542205 0.00861465
0.576092 0.00846397
0.60998 0.00830566
0.643868 0.00813802
0.677756 0.00796318
0.711644 0.00778122
0.745531 0.00759239
0.779419 0.0073968
0.813307 0.00719474
0.847195 0.00698635
0.881082 0.006772
0.91497 0.00655186
0.948858 0.00632637
0.982746 0.00609574
1.01663 0.00586043
1.05052 0.00562066
1.08441 0.00537688
1.1183 0.0051293
1.15218 0.00487836
1.18607 0.00462423
1.21996 0.00436734
1.25385 0.00410785
1.28774 0.00384618
1.32162 0.00358248
1.35551 0.00331715
1.3894 0.0030503
1.42329 0.00278231
1.45717 0.00251325
1.49106 0.00224347
1.52495 0.00197303
1.55884 0.00170226
1.59273 0.00143124
1.62661 0.00116032
1.6605 0.000889595
1.69439 0.000619478
1.72828 0.000350074
1.76216 9.60372e-05
1.79605 0.000185268
1.82994 0.000450009
1.86383 0.000712157
1.89772 0.000971681
1.9316 0.00122828
1.96549 0.00148195
1.99938 0.00173248
2.03327 0.00197983
2.06716 0.00222382
2.10104 0.00246437
2.13493 0.00270127
2.16882 0.00293438
2.20271 0.00316351
2.23659 0.00338845
2.27048 0.00360902
2.30437 0.003825
2.33826 0.00403621
2.37215 0.00424245
2.40603 0.00444357
2.43992 0.00463935
2.47381 0.00482969
2.5077 0.0050144
2.54158 0.00519337
2.57547 0.00536644
2.60936 0.00553352
2.64325 0.00569445
2.67714 0.00584916
2.71102 0.00599748
2.74491 0.00613936
2.7788 0.00627462
2.81269 0.00640319
2.84657 0.00652494
2.88046 0.00663978
2.91435 0.00674758
2.94824 0.00684829
2.98213 0.0069418
3.01601 0.00702808
3.0499 0.00710703
3.08379 0.00717865
3.11768 0.00724289
3.15156 0.00729975
3.18545 0.00734923
3.21934 0.00739137
3.25323 0.00742618
3.28712 0.00745371
3.321 0.00747401
3.35489 0.00748715
3.38878 0.00749319
3.42267 0.0074922
3.45655 0.00748427
3.49044 0.00746949
3.52433 0.00744793
3.55822 0.0074197
3.59211 0.00738489
3.62599 0.0073436
3.65988 0.00729592
3.69377 0.00724195
3.72766 0.00718182
3.76154 0.00711559
3.79543 0.00704341
3.82932 0.00696535
3.86321 0.00688154
3.8971 0.00679208
3.93098 0.0066971
3.96487 0.00659669
3.99876 0.00649099
4.03265 0.00638006
4.06653 0.00626407
4.10042 0.00614308
4.13431 0.00601726
4.1682 0.00588666
4.20209 0.00575146
4.23597 0.00561173
4.26986 0.00546765
4.30375 0.00531929
4.33764 0.00516686
4.37152 0.00501043
4.40541 0.00485023
4.4393 0.00468633
4.47319 0.00451898
4.50708 0.00434826
4.54096 0.00417443
4.57485 0.00399759
4.60874 0.00381801
4.64263 0.00363578
4.67651 0.00345119
4.7104 0.00326434
4.74429 0.00307554
4.77818 0.00288488
4.81207 0.00269269
4.84595 0.00249905
4.87984 0.00230429
4.91373 0.00210852
4.94762 0.00191204
4.9815 0.00171496
5.01539 0.00151761
5.04928 0.00132008
5.08317 0.00112268
5.11706 0.000925528
5.15094 0.000728935
5.18483 0.000533004
5.21872 0.00033804
5.25261 0.000144136
5.28649 9.61226e-05
5.32038 0.000239744
5.35427 0.000428768
5.38816 0.000615563
5.42205 0.000800143
5.45593 0.000982306
5.48982 0.00116203
5.52371 0.00133916
5.5576 0.00151369
5.59149 0.00168548
5.62537 0.00185458
5.65926 0.00202086
5.69315 0.00218417
5.72704 0.00234438
5.76092 0.00250134
5.79481 0.00265491
5.8287 0.00280494
5.86259 0.00295132
5.89648 0.00309391
5.93036 0.00323264
5.96425 0.00336742
5.99814 0.00349819
6.03203 0.00362489
6.06591 0.00374747
6.0998 0.00386585
6.13369 0.00397999
6.16758 0.00408977
6.20147 0.00419515
6.23535 0.00429601
6.26924 0.00439226
6.30313 0.0044838
6.33702 0.00457057
6.3709 0.00465242
6.40479 0.00472929
6.43868 0.00480108
6.47257 0.00486774
6.50646 0.00492918
6.54034 0.00498536
6.57423 0.00503624
6.60812 0.00508178
6.64201 0.00512197
6.67589 0.00515679
6.70978 0.00518625
6.74367 0.00521043
6.77756 0.00522927
6.81145 0.0052428
6.84533 0.0052511
6.87922 0.00525417
6.91311 0.00525205
6.947 0.00524481
6.98088 0.00523252
7.01477 0.00521525
7.04866 0.00519311
7.08255 0.00516615
7.11644 0.00513447
7.15032 0.00509814
7.18421 0.00505725
7.2181 0.00501188
7.25199 0.00496214
7.28587 0.0049081
7.31976 0.00484987
7.35365 0.00478752
7.38754 0.00472117
7.42143 0.00465088
7.45531 0.00457679
7.4892 0.00449895
7.52309 0.00441749
7.55698 0.00433248
7.59086 0.00424405
7.62475 0.00415226
7.65864 0.00405725
7.69253 0.0039591
7.72642 0.00385807
7.7603 0.00375407
7.79419 0.00364728
7.82808 0.0035377
7.86197 0.00342553
7.89585 0.00331081
7.92974 0.00319368
7.96363 0.0030742
7.99752 0.00295253
8.03141 0.00282872
8.06529 0.00270294
8.09918 0.00257523
8.13307 0.00244577
8.16696 0.00231462
8.20084 0.00218194
8.23473 0.00204781
8.26862 0.00191241
8.30251 0.0017758
8.3364 0.00163818
8.37028 0.00149963
8.40417 0.00136035
8.43806 0.00122042
8.47195 0.00108005
8.50583 0.000939328
8.53972 0.000798466
8.57361 0.000657548
8.6075 0.000516796
8.64139 0.000376289
8.67527 0.000236249
8.70916 9.6753e-05
8.74305 4.52513e-05
8.77694 0.000181114
8.81082 0.000317225
8.84471 0.000451795
8.8786 0.000584786
8.91249 0.000716081
8.94638 0.000845642
8.98026 0.000973374
9.01415 0.00109924
9.04804 0.00122317
9.08193 0.00134512
9.11582 0.00146502
9.1497 0.00158281
9.18359 0.00169842
9.21748 0.00181179
9.25137 0.00192281
9.28525 0.00203141
9.31914 0.00213751
9.35303 0.00224103
9.38692 0.00234192
9.42081 0.00244008
9.45469 0.00253543
9.48858 0.00262791
9.52247 0.00271744
9.55636 0.00280394
9.59024 0.00288739
9.62413 0.00296765
9.65802 0.00304465
9.69191 0.00311831
9.7258 0.00318854
9.75968 0.00325527
9.79357 0.00331844
9.82746 0.00337798
9.86135 0.00343384
9.89523 0.00348599
9.92912 0.00353437
9.96301 0.00357896
9.9969 0.00361974
10.0308 0.00365669
10.0647 0.00368981
10.0986 0.00371913
10.1324 0.00374461
10.1663 0.00376625
10.2002 0.00378408
10.2341 0.00379825
10.268 0.00380862
10.3019 0.00381523
10.3358 0.0038181
10.3697 0.00381726
10.4036 0.00381276
10.4374 0.00380464
10.4713 0.00379294
10.5052 0.00377771
10.5391 0.00375901
10.573 0.00373693
10.6069 0.0037115
10.6408 0.00368277
10.6747 0.0036508
10.7085 0.00361566
10.7424 0.00357741
10.7763 0.00353613
10.8102 0.00349185
10.8441 0.00344468
10.878 0.00339464
10.9119 0.00334184
10.9458 0.00328633
10.9796 0.00322819
11.0135 0.00316749
11.0474 0.00310429
11.0813 0.00303865
11.1152 0.00297065
11.1491 0.00290034
11.183 0.00282782
11.2169 0.00275314
11.2507 0.00267639
11.2846 0.00259763
11.3185 0.00251696
11.3524 0.00243442
11.3863 0.00235012
11.4202 0.00226413
11.4541 0.00217653
11.488 0.0020874
11.5218 0.00199684
11.5557 0.00190491
11.5896 0.00181174
11.6235 0.00171742
11.6574 0.00162204
11.6913 0.00152565
11.7252 0.00142839
11.7591 0.00133032
11.793 0.00123157
11.8268 0.00113218
11.8607 0.0010323
11.8946 0.000931957
11.9285 0.000831326
11.9624 0.000730429
11.9963 0.000629442
12.0302 0.000528395
12.0641 0.000427465
12.0979 0.000326688
12.1318 0.000226264
12.1657 0.000126331
12.1996 2.69147e-05
12.2335 7.67701e-05
12.2674 0.00017458
12.3013 0.00027133
12.3352 0.000366995
12.369 0.000461526
12.4029 0.000554898
12.4368 0.000647047
12.4707 0.000737925
12.5046 0.000827458
12.5385 0.000915596
12.5724 0.00100227
12.6063 0.00108744
12.6401 0.00117104
12.674 0.00125303
12.7079 0.00133335
12.7418 0.00141196
12.7757 0.00148879
12.8096 0.00156378
12.8435 0.00163687
12.8774 0.00170801
12.9112 0.00177713
12.9451 0.00184419
12.979 0.00190911
13.0129 0.00197185
13.0468 0.00203236
13.0807 0.00209058
13.1146 0.00214646
13.1485 0.00219995
13.1823 0.00225098
13.2162 0.00229951
13.2501 0.00234549
13.284 0.00238887
13.3179 0.00242961
13.3518 0.00246767
13.3857 0.00250303
13.4196 0.00253565
13.4535 0.00256552
13.4873 0.00259263
13.5212 0.00261696
13.5551 0.00263851
13.589 0.00265729
13.6229 0.00267334
13.6568 0.00268659
13.6907 0.00269711
13.7246 0.0027049
13.7584 0.00270997
13.7923 0.00271234
13.8262 0.00271204
13.8601 0.0027091
13.894 0.00270355
13.9279 0.00269541
13.9618 0.00268473
13.9957 0.00267154
14.0295 0.00265588
14.0634 0.00263779
14.0973 0.00261735
14.1312 0.00259458
14.1651 0.00256951
14.199 0.00254219
14.2329 0.00251268
14.2668 0.002481
14.3006 0.00244723
14.3345 0.00241139
14.3684 0.00237355
14.4023 0.00233373
14.4362 0.00229202
14.4701 0.00224843
14.504 0.00220304
14.5379 0.00215587
14.5717 0.00210699
14.6056 0.00205645
14.6395 0.0020043
14.6734 0.00195058
14.7073 0.00189535
14.7412 0.00183867
14.7751 0.0017806
14.809 0.00172117
14.8429 0.00166047
14.8767 0.00159853
14.9106 0.00153545
14.9445 0.00147124
14.9784 0.00140602
15.0123 0.00133981
15.0462 0.0012727
15.0801 0.00120475
15.114 0.00113604
15.1478 0.00106663
15.1817 0.0009966
15.2156 0.000926005
15.2495 0.00085494
15.2834 0.000783455
15.3173 0.000711647
15.3512 0.000639563
15.3851 0.000567302
15.4189 0.000494911
15.4528 0.000422486
15.4867 0.000350075
15.5206 0.00027777
15.5545 0.000205619
15.5884 0.000133711
15.6223 6.20903e-05
15.6562 1.37525e-05
15.69 8.4374e-05
15.7239 0.000154476
15.7578 0.000223867
15.7917 0.000292519
15.8256 0.000360397
15.8595 0.000427479
15.8934 0.000493725
15.9273 0.000559112
15.9611 0.000623599
15.995 0.000687182
16.0289 0.000749884
16.0628 0.000811586
16.0967 0.000872235
16.1306 0.000931796
16.1645 0.000990213
16.1984 0.00104745
16.2323 0.00110345
16.2661 0.00115817
16.3 0.00121156
16.3339 0.00126358
16.3678 0.00131416
16.4017 0.00136325
16.4356 0.0014108
16.4695 0.00145675
16.5034 0.00150104
16.5372 0.00154361
16.5711 0.0015844
16.605 0.00162337
16.6389 0.00166046
16.6728 0.00169562
16.7067 0.00172883
16.7406 0.00176004
16.7745 0.00178924
16.8083 0.0018164
16.8422 0.00184152
16.8761 0.00186458
16.91 0.00188558
16.9439 0.00190457
16.9778 0.00192148
17.0117 0.00193636
17.0456 0.00194923
17.0794 0.00196006
17.1133 0.00196889
17.1472 0.00197573
17.1811 0.00198059
17.215 0.0019835
17.2489 0.00198449
17.2828 0.00198358
17.3167 0.0019808
17.3505 0.00197616
17.3844 0.00196968
17.4183 0.00196141
17.4522 0.00195135
17.4861 0.00193955
17.52 0.00192603
17.5539 0.00191082
17.5878 0.00189395
17.6216 0.00187549
17.6555 0.0018554
17.6894 0.00183379
17.7233 0.00181063
17.7572 0.00178598
17.7911 0.00175985
17.825 0.00173228
17.8589 0.0017033
17.8928 0.00167294
17.9266 0.00164123
17.9605 0.00160821
17.9944 0.00157389
18.0283 0.00153833
18.0622 0.00150154
18.0961 0.00146358
18.13 0.00142446
18.1639 0.00138424
18.1977 0.00134293
18.2316 0.0013006
18.2655 0.00125728
18.2994 0.00121302
18.3333 0.00116786
18.3672 0.00112184
18.4011 0.00107501
18.435 0.00102742
18.4688 0.000979118
18.5027 0.000930162
18.5366 0.000880595
18.5705 0.000830485
18.6044 0.000779874
18.6383 0.00072883
18.6722 0.000677398
18.7061 0.000625647
18.7399 0.000573622
18.7738 0.000521391
18.8077 0.000468999
18.8416 0.000416514
18.8755 0.000363978
18.9094 0.000311459
18.9433 0.000258996
18.9772 0.000206655
19.011 0.000154475
19.0449 0.000102515
19.0788 5.08147e-05
19.1127 8.42572e-06
19.1466 5.38103e-05
19.1805 0.000104353
19.2144 0.000154394
19.2483 0.000203912
19.2822 0.000252877
19.316 0.000301268
19.3499 0.000349052
19.3838 0.000396206
19.4177 0.000442697
19.4516 0.0004885
19.4855 0.000533582
19.5194 0.00057792
19.5533 0.000621477
19.5871 0.000664247
19.621 0.000706173
19.6549 0.000747228
19.6888 0.000787373
19.7227 0.000826579
19.7566 0.000864807
19.7905 0.000902026
19.8244 0.000938196
19.8582 0.000973286
19.8921 0.00100726
19.926 0.00104019
19.9599 0.00107193
19.9938 0.00110241
20.0277 0.00113162
20.0616 0.0011595
20.0955 0.00118604
20.1293 0.0012112
20.1632 0.00123497
20.1971 0.00125731
20.231 0.00127821
20.2649 0.00129767
20.2988 0.00131566
20.3327 0.00133221
20.3666 0.00134726
20.4004 0.00136086
20.4343 0.00137299
20.4682 0.00138365
20.5021 0.00139283
20.536 0.00140055
20.5699 0.00140682
20.6038 0.00141164
20.6377 0.00141503
20.6716 0.00141699
20.7054 0.00141756
20.7393 0.00141676
20.7732 0.0014146
20.8071 0.00141109
20.841 0.00140626
20.8749 0.0014001
20.9088 0.00139266
20.9427 0.00138395
20.9765 0.00137398
21.0104 0.0013628
21.0443 0.0013504
21.0782 0.00133683
21.1121 0.00132209
21.146 0.00130621
21.1799 0.00128921
21.2138 0.00127115
21.2476 0.00125199
21.2815 0.00123182
21.3154 0.00121058
21.3493 0.00118838
21.3832 0.0011652
21.4171 0.00114107
21.451 0.001116
21.4849 0.00109004
21.5187 0.00106319
21.5526 0.00103549
21.5865 0.00100697
21.6204 0.000977646
21.6543 0.000947553
21.6882 0.000916724
21.7221 0.000885183
21.756 0.000852969
21.7898 0.000820107
21.8237 0.000786638
21.8576 0.00075259
21.8915 0.000718005
21.9254 0.000682913
21.9593 0.000647358
21.9932 0.000611382
22.0271 0.000575026
22.061 0.000538314
22.0948 0.000501295
22.1287 0.000464001
22.1626 0.000426481
22.1965 0.000388767
22.2304 0.000350909
22.2643 0.000312939
22.2982 0.000274906
22.3321 0.000236844
22.3659 0.000198799
22.3998 0.000160803
22.4337 0.000122904
22.4676 8.51308e-05
22.5015 4.75285e-05
22.5354 1.06043e-05
22.5693 2.86354e-05
22.6032 6.53933e-05
22.637 0.000101774
22.6709 0.000137762
22.7048 0.000173353
22.7387 0.000208539
22.7726 0.00024331
22.8065 0.000277653
22.8404 0.000311556
22.8743 0.000345005
22.9081 0.000377985
22.942 0.000410479
22.9759 0.000442471
23.0098 0.00047397
23.0437 0.000504926
23.0776 0.00053531
23.1115 0.0005651
23.1454 0.000594264
23.1792 0.000622779
23.2131 0.000650609
23.247 0.000677726
23.2809 0.000704092
23.3148 0.000729674
23.3487 0.000754432
23.3826 0.000778341
23.4165 0.00080139
23.4503 0.000823512
23.4842 0.00084467
23.5181 0.000864835
23.552 0.000883979
23.5859 0.000902114
23.6198 0.000919146
23.6537 0.000935127
23.6876 0.000950019
23.7215 0.000963807
23.7553 0.000976484
23.7892 0.000988052
23.8231 0.000998511
23.857 0.00100786
23.8909 0.00101612
23.9248 0.00102328
23.9587 0.00102935
23.9926 0.00103435
24.0264 0.00103828
24.0603 0.00104115
24.0942 0.00104299
24.1281 0.00104379
24.162 0.00104358
24.1959 0.00104236
24.2298 0.00104016
24.2637 0.00103698
24.2975 0.00103285
24.3314 0.00102779
24.3653 0.00102181
24.3992 0.00101491
24.4331 0.00100713
24.467 0.000998466
24.5009 0.000988948
24.5348 0.000978589
24.5686 0.000967404
24.6025 0.00095541
24.6364 0.000942624
24.6703 0.000929061
24.7042 0.000914735
24.7381 0.000899666
24.772 0.000883865
24.8059 0.000867351
24.8397 0.000850136
24.8736 0.000832239
24.9075 0.000813715
24.9414 0.000794508
24.9753 0.000774701
