0 0.00996391
0.0338878 0.0099578
0.0677756 0.00994064
0.101663 0.0099128
0.135551 0.00987474
0.169439 0.00982667
0.203327 0.0097684
0.237215 0.00970052
0.271102 0.00962323
0.30499 0.00953674
0.338878 0.00944124
0.372766 0.0093369
0.406653 0.00922389
0.440541 0.00910239
0.474429 0.00897256
0.508317 0.00883457
0.542205 0.0086886
0.576092 0.00853482
0.60998 0.00837343
0.643868 0.00820464
0.677756 0.00802869
0.711644 0.00784584
0.745531 0.00765634
0.779419 0.0074605
0.813307 0.00725856
0.847195 0.00705076
0.881082 0.00683738
0.91497 0.00661864
0.948858 0.0063948
0.982746 0.00616614
1.01663 0.00593291
1.05052 0.00569538
1.08441 0.00545381
1.1183 0.00520847
1.15218 0.00495963
1.18607 0.00470755
1.21996 0.00445247
1.25385 0.00419467
1.28774 0.00393443
1.32162 0.00367203
1.35551 0.00340772
1.3894 0.00314181
1.42329 0.00287457
1.45717 0.00260625
1.49106 0.00233712
1.52495 0.00206745
1.55884 0.00179751
1.59273 0.00152763
1.62661 0.00125801
1.6605 0.000988935
1.69439 0.000720698
1.72828 0.000453486
1.76216 0.000187531
1.79605 7.68762e-05
1.82994 0.000339363
1.86383 0.000599808
1.89772 0.000857914
1.9316 0.00111346
1.96549 0.00136622
1.99938 0.00161598
2.03327 0.00186256
2.06716 0.00210569
2.10104 0.00234515
2.13493 0.00258075
2.16882 0.0028123
2.20271 0.00303964
2.23659 0.00326259
2.27048 0.00348098
2.30437 0.0036946
2.33826 0.00390329
2.37215 0.00410688
2.40603 0.00430521
2.43992 0.00449814
2.47381 0.00468553
2.5077 0.00486726
2.54158 0.00504318
2.57547 0.00521318
2.60936 0.00537712
2.64325 0.00553491
2.67714 0.00568643
2.71102 0.00583156
2.74491 0.00597022
2.7788 0.00610231
2.81269 0.00622775
2.84657 0.00634644
2.88046 0.00645833
2.91435 0.00656334
2.94824 0.00666145
2.98213 0.0067526
3.01601 0.00683673
3.0499 0.00691382
3.08379 0.00698382
3.11768 0.00704672
3.15156 0.00710249
3.18545 0.00715115
3.21934 0.00719268
3.25323 0.00722711
3.28712 0.00725445
3.321 0.00727473
3.35489 0.00728798
3.38878 0.00729424
3.42267 0.00729355
3.45655 0.00728596
3.49044 0.00727154
3.52433 0.00725035
3.55822 0.00722245
3.59211 0.00718792
3.62599 0.00714684
3.65988 0.0070993
3.69377 0.00704539
3.72766 0.00698521
3.76154 0.00691886
3.79543 0.00684645
3.82932 0.00676813
3.86321 0.00668401
3.8971 0.00659415
3.93098 0.00649874
3.96487 0.00639787
3.99876 0.00629167
4.03265 0.00618028
4.06653 0.00606385
4.10042 0.00594251
4.13431 0.0058164
4.1682 0.00568569
4.20209 0.00555053
4.23597 0.00541106
4.26986 0.00526746
4.30375 0.00511987
4.33764 0.00496845
4.37152 0.00481338
4.40541 0.00465482
4.4393 0.00449294
4.47319 0.00432793
4.50708 0.00415996
4.54096 0.00398921
4.57485 0.00381588
4.60874 0.00364014
4.64263 0.00346218
4.67651 0.00328219
4.7104 0.00310035
4.74429 0.00291685
4.77818 0.00273189
4.81207 0.00254566
4.84595 0.00235835
4.87984 0.00217014
4.91373 0.00198122
4.94762 0.00179175
4.9815 0.00160194
5.01539 0.00141197
5.04928 0.00122207
5.08317 0.00103239
5.11706 0.000843079
5.15094 0.000654344
5.18483 0.000466378
5.21872 0.000279304
5.25261 9.33001e-05
5.28649 9.14669e-05
5.32038 0.000274592
5.35427 0.000456057
5.38816 0.000635736
5.42205 0.000813483
5.45593 0.000989156
5.48982 0.00116257
5.52371 0.00133358
5.5576 0.00150201
5.59149 0.00166773
5.62537 0.00183057
5.65926 0.00199043
5.69315 0.00214719
5.72704 0.00230074
5.76092 0.00245097
5.79481 0.00259778
5.8287 0.00274104
5.86259 0.00288065
5.89648 0.00301649
5.93036 0.00314847
5.96425 0.00327649
5.99814 0.00340046
6.03203 0.0035203
6.06591 0.00363593
6.0998 0.00374726
6.13369 0.00385421
6.16758 0.00395675
6.20147 0.00405477
6.23535 0.00414823
6.26924 0.00423703
6.30313 0.00432118
6.33702 0.00440059
6.3709 0.0044752
6.40479 0.00454498
6.43868 0.00460988
6.47257 0.00466989
6.50646 0.00472497
6.54034 0.0047751
6.57423 0.00482027
6.60812 0.00486047
6.64201 0.0048957
6.67589 0.00492596
6.70978 0.00495125
6.74367 0.00497159
6.77756 0.00498699
6.81145 0.00499748
6.84533 0.00500307
6.87922 0.00500381
6.91311 0.00499971
6.947 0.00499083
6.98088 0.00497721
7.01477 0.0049589
7.04866 0.00493594
7.08255 0.0049084
7.11644 0.00487635
7.15032 0.00483983
7.18421 0.00479893
7.2181 0.00475372
7.25199 0.00470426
7.28587 0.00465065
7.31976 0.00459297
7.35365 0.00453133
7.38754 0.00446578
7.42143 0.00439639
7.45531 0.00432328
7.4892 0.00424658
7.52309 0.00416637
7.55698 0.00408266
7.59086 0.00399565
7.62475 0.00390545
7.65864 0.00381217
7.69253 0.00371587
7.72642 0.00361665
7.7603 0.00351469
7.79419 0.00341006
7.82808 0.00330292
7.86197 0.00319335
7.89585 0.00308147
7.92974 0.0029674
7.96363 0.00285126
7.99752 0.0027332
8.03141 0.00261333
8.06529 0.00249178
8.09918 0.00236869
8.13307 0.00224417
8.16696 0.00211836
8.20084 0.00199138
8.23473 0.00186337
8.26862 0.00173445
8.30251 0.00160477
8.3364 0.00147445
8.37028 0.00134363
8.40417 0.00121242
8.43806 0.00108095
8.47195 0.000949339
8.50583 0.000817735
8.53972 0.000686276
8.57361 0.000555106
8.6075 0.000424351
8.64139 0.000294173
8.67527 0.000164605
8.70916 3.57585e-05
8.74305 9.2524e-05
8.77694 0.000219418
8.81082 0.000345157
8.84471 0.000469686
8.8786 0.0005929
8.91249 0.000714654
8.94638 0.000834848
8.98026 0.000953382
9.01415 0.00107015
9.04804 0.00118507
9.08193 0.00129805
9.11582 0.00140898
9.1497 0.00151776
9.18359 0.00162432
9.21748 0.00172856
9.25137 0.00183046
9.28525 0.00192987
9.31914 0.00202676
9.35303 0.00212102
9.38692 0.00221261
9.42081 0.00230146
9.45469 0.00238753
9.48858 0.00247073
9.52247 0.00255099
9.55636 0.00262826
9.59024 0.0027025
9.62413 0.00277364
9.65802 0.00284164
9.69191 0.00290646
9.7258 0.00296806
9.75968 0.00302639
9.79357 0.00308143
9.82746 0.00313313
9.86135 0.00318148
9.89523 0.00322645
9.92912 0.00326802
9.96301 0.00330618
9.9969 0.0033409
10.0308 0.00337219
10.0647 0.00340003
10.0986 0.00342441
10.1324 0.00344535
10.1663 0.00346284
10.2002 0.00347689
10.2341 0.00348751
10.268 0.00349471
10.3019 0.00349852
10.3358 0.00349895
10.3697 0.00349602
10.4036 0.00348977
10.4374 0.00348023
10.4713 0.00346743
10.5052 0.0034514
10.5391 0.00343219
10.573 0.00340984
10.6069 0.00338438
10.6408 0.00335588
10.6747 0.00332438
10.7085 0.00328993
10.7424 0.00325258
10.7763 0.0032124
10.8102 0.00316945
10.8441 0.00312378
10.878 0.00307545
10.9119 0.00302456
10.9458 0.00297114
10.9796 0.00291526
11.0135 0.00285699
11.0474 0.00279641
11.0813 0.00273362
11.1152 0.00266867
11.1491 0.00260161
11.183 0.00253254
11.2169 0.00246156
11.2507 0.00238872
11.2846 0.00231413
11.3185 0.00223785
11.3524 0.00215996
11.3863 0.00208055
11.4202 0.0019997
11.4541 0.0019175
11.488 0.00183406
11.5218 0.00174947
11.5557 0.00166383
11.5896 0.0015772
11.6235 0.00148966
11.6574 0.0014013
11.6913 0.00131222
11.7252 0.00122252
11.7591 0.00113228
11.793 0.00104161
11.8268 0.000950599
11.8607 0.000859366
11.8946 0.000767971
11.9285 0.000676485
11.9624 0.000584993
11.9963 0.00049359
12.0302 0.000402392
12.0641 0.000311452
12.0979 0.000220853
12.1318 0.000130679
12.1657 4.10206e-05
12.1996 4.78523e-05
12.2335 0.000136137
12.2674 0.000223655
12.3013 0.000310321
12.3352 0.000396046
12.369 0.000480746
12.4029 0.000564387
12.4368 0.000646859
12.4707 0.000728077
12.5046 0.000807976
12.5385 0.000886497
12.5724 0.000963591
12.6063 0.00103923
12.6401 0.00111332
12.674 0.00118579
12.7079 0.00125659
12.7418 0.00132569
12.7757 0.00139303
12.8096 0.00145855
12.8435 0.0015222
12.8774 0.00158393
12.9112 0.00164371
12.9451 0.00170147
12.979 0.0017572
13.0129 0.00181085
13.0468 0.00186238
13.0807 0.00191175
13.1146 0.00195895
13.1485 0.00200392
13.1823 0.00204666
13.2162 0.00208712
13.2501 0.00212529
13.284 0.00216115
13.3179 0.00219468
13.3518 0.00222586
13.3857 0.00225468
13.4196 0.00228113
13.4535 0.0023052
13.4873 0.00232688
13.5212 0.00234617
13.5551 0.00236306
13.589 0.00237756
13.6229 0.00238967
13.6568 0.00239938
13.6907 0.00240672
13.7246 0.00241169
13.7584 0.0024143
13.7923 0.00241456
13.8262 0.0024125
13.8601 0.00240813
13.894 0.00240148
13.9279 0.00239256
13.9618 0.0023814
13.9957 0.00236804
14.0295 0.00235249
14.0634 0.00233479
14.0973 0.00231498
14.1312 0.00229308
14.1651 0.00226914
14.199 0.00224319
14.2329 0.00221527
14.2668 0.00218542
14.3006 0.00215369
14.3345 0.00212012
14.3684 0.00208475
14.4023 0.00204763
14.4362 0.00200881
14.4701 0.00196834
14.504 0.00192627
14.5379 0.00188265
14.5717 0.00183753
14.6056 0.00179097
14.6395 0.00174302
14.6734 0.00169374
14.7073 0.00164317
14.7412 0.00159139
14.7751 0.00153846
14.809 0.00148442
14.8429 0.00142933
14.8767 0.00137326
14.9106 0.00131626
14.9445 0.00125838
14.9784 0.00119969
15.0123 0.00114025
15.0462 0.00108013
15.0801 0.00101942
15.114 0.000958177
15.1478 0.000896461
15.1817 0.000834325
15.2156 0.000771819
15.2495 0.00070899
15.2834 0.000645897
15.3173 0.000582602
15.3512 0.000519179
15.3851 0.000455704
15.4189 0.000392253
15.4528 0.000328898
15.4867 0.000265706
15.5206 0.000202734
15.5545 0.000140033
15.5884 7.76496e-05
15.6223 1.56323e-05
15.6562 4.60667e-05
15.69 0.000107259
15.7239 0.000167883
15.7578 0.000227883
15.7917 0.000287205
15.8256 0.000345804
15.8595 0.000403639
15.8934 0.000460676
15.9273 0.000516865
15.9611 0.000572163
15.995 0.000626525
16.0289 0.000679906
16.0628 0.000732269
16.0967 0.000783567
16.1306 0.000833747
16.1645 0.000882767
16.1984 0.000930588
16.2323 0.000977174
16.2661 0.00102249
16.3 0.0010665
16.3339 0.00110918
16.3678 0.0011505
16.4017 0.00119042
16.4356 0.00122892
16.4695 0.00126597
16.5034 0.00130155
16.5372 0.00133564
16.5711 0.00136821
16.605 0.00139924
16.6389 0.00142872
16.6728 0.00145661
16.7067 0.00148292
16.7406 0.00150762
16.7745 0.0015307
16.8083 0.00155215
16.8422 0.00157196
16.8761 0.00159012
16.91 0.00160663
16.9439 0.00162149
16.9778 0.00163468
17.0117 0.00164621
17.0456 0.00165609
17.0794 0.00166431
17.1133 0.00167088
17.1472 0.00167579
17.1811 0.00167907
17.215 0.00168072
17.2489 0.00168074
17.2828 0.00167915
17.3167 0.00167595
17.3505 0.00167118
17.3844 0.00166484
17.4183 0.00165694
17.4522 0.00164751
17.4861 0.00163657
17.52 0.00162414
17.5539 0.00161025
17.5878 0.00159491
17.6216 0.00157815
17.6555 0.00156
17.6894 0.00154049
17.7233 0.00151964
17.7572 0.00149749
17.7911 0.00147406
17.825 0.00144939
17.8589 0.00142352
17.8928 0.00139646
17.9266 0.00136826
17.9605 0.00133896
17.9944 0.00130858
18.0283 0.00127717
18.0622 0.00124476
18.0961 0.00121139
18.13 0.00117711
18.1639 0.00114194
18.1977 0.00110593
18.2316 0.00106912
18.2655 0.00103155
18.2994 0.000993263
18.3333 0.000954301
18.3672 0.000914704
18.4011 0.000874513
18.435 0.000833766
18.4688 0.0007925
18.5027 0.000750758
18.5366 0.000708584
18.5705 0.000666028
18.6044 0.000623141
18.6383 0.000579975
18.6722 0.000536579
18.7061 0.000492996
18.7399 0.000449265
18.7738 0.000405423
18.8077 0.000361504
18.8416 0.000317542
18.8755 0.000273574
18.9094 0.000229641
18.9433 0.000185787
18.9772 0.000142057
19.011 9.84993e-05
19.0449 5.51642e-05
19.0788 1.2102e-05
19.1127 3.03077e-05
19.1466 7.26895e-05
19.1805 0.000114703
19.2144 0.000156309
19.2483 0.000197467
19.2822 0.000238135
19.316 0.000278277
19.3499 0.000317855
19.3838 0.000356834
19.4177 0.000395178
19.4516 0.000432856
19.4855 0.000469836
19.5194 0.00050609
19.5533 0.000541589
19.5871 0.000576307
19.621 0.000610219
19.6549 0.000643307
19.6888 0.000675536
19.7227 0.000706882
19.7566 0.000737325
19.7905 0.00076684
19.8244 0.000795409
19.8582 0.000823009
19.8921 0.000849621
19.926 0.000875226
19.9599 0.000899808
19.9938 0.000923349
20.0277 0.000945836
20.0616 0.000967254
20.0955 0.000987591
20.1293 0.00100684
20.1632 0.00102498
20.1971 0.00104201
20.231 0.00105792
20.2649 0.0010727
20.2988 0.00108634
20.3327 0.00109884
20.3666 0.00111019
20.4004 0.0011204
20.4343 0.00112945
20.4682 0.00113735
20.5021 0.0011441
20.536 0.00114969
20.5699 0.00115414
20.6038 0.00115745
20.6377 0.00115962
20.6716 0.00116065
20.7054 0.00116057
20.7393 0.00115936
20.7732 0.00115706
20.8071 0.00115365
20.841 0.00114916
20.8749 0.0011436
20.9088 0.00113697
20.9427 0.0011293
20.9765 0.0011206
21.0104 0.00111088
21.0443 0.00110017
21.0782 0.00108847
21.1121 0.00107581
21.146 0.00106221
21.1799 0.00104768
21.2138 0.00103225
21.2476 0.00101594
21.2815 0.000998773
21.3154 0.000980766
21.3493 0.000961945
21.3832 0.000942335
21.4171 0.000921959
21.451 0.000900844
21.4849 0.000879013
21.5187 0.000856494
21.5526 0.000833312
21.5865 0.000809496
21.6204 0.000785071
21.6543 0.000760067
21.6882 0.00073451
21.7221 0.000708429
21.756 0.000681855
21.7898 0.000654814
21.8237 0.000627338
21.8576 0.000599456
21.8915 0.000571199
21.9254 0.000542596
21.9593 0.000513674
21.9932 0.000484461
22.0271 0.000454982
22.061 0.000425264
22.0948 0.000395337
22.1287 0.000365236
22.1626 0.000334995
22.1965 0.000304653
22.2304 0.000274254
22.2643 0.000243811
22.2982 0.000213358
22.3321 0.00018293
22.3659 0.000152544
22.3998 0.000122224
22.4337 9.19924e-05
22.4676 6.18789e-05
22.5015 3.19126e-05
22.5354 2.12422e-06
22.5693 2.75646e-05
22.6032 5.6894e-05
22.637 8.59461e-05
22.6709 0.000114696
22.7048 0.000143122
22.7387 0.000171201
22.7726 0.000198915
22.8065 0.000226245
22.8404 0.000253165
22.8743 0.000279653
22.9081 0.000305689
22.942 0.000331251
22.9759 0.000356316
23.0098 0.000380863
23.0437 0.000404871
23.0776 0.000428316
23.1115 0.00045118
23.1454 0.000473444
23.1792 0.00049509
23.2131 0.000516105
23.247 0.000536474
23.2809 0.000556182
23.3148 0.000575218
23.3487 0.000593567
23.3826 0.000611218
23.4165 0.000628159
23.4503 0.000644377
23.4842 0.000659862
23.5181 0.000674605
23.552 0.000688595
23.5859 0.000701827
23.6198 0.000714291
23.6537 0.000725983
23.6876 0.000736897
23.7215 0.000747027
23.7553 0.00075637
23.7892 0.000764923
23.8231 0.000772683
23.857 0.000779648
23.8909 0.000785816
23.9248 0.000791188
23.9587 0.000795763
23.9926 0.000799542
24.0264 0.000802526
24.0603 0.00080472
24.0942 0.000806125
24.1281 0.000806746
24.162 0.000806588
24.1959 0.000805656
24.2298 0.000803957
24.2637 0.000801498
24.2975 0.000798287
24.3314 0.000794332
24.3653 0.000789644
24.3992 0.000784231
24.4331 0.000778104
24.467 0.000771274
24.5009 0.000763754
24.5348 0.000755555
24.5686 0.000746691
24.6025 0.000737174
24.6364 0.000727019
24.6703 0.000716241
24.7042 0.000704853
24.7381 0.000692872
24.772 0.000680313
24.8059 0.000667193
24.8397 0.000653528
24.8736 0.000639336
24.9075 0.000624633
24.9414 0.000609437
24.9753 0.000593767
