0.605469 0.304651
0.605457 0.304688

0.605442 0.304688
0.605469 0.304772

0.609375 0.299259
0.607541 0.300781

0.605469 0.304424
0.607507 0.300781

0.605469 0.304694
0.607397 0.308594

0.607425 0.308594
0.609375 0.310388

0.609375 0.299721
0.613281 0.297598

0.609375 0.309775
0.613258 0.3125

0.613073 0.3125
0.613281 0.312623

0.617188 0.296559
0.616088 0.296875

0.613281 0.297694
0.616126 0.296875

0.613281 0.312587
0.617188 0.314537

0.617188 0.296762
0.621094 0.29606

0.617188 0.314302
0.621094 0.315794

0.621094 0.295992
0.625 0.295457

0.621094 0.315814
0.622758 0.316406

0.622588 0.316406
0.625 0.317264

0.625 0.295503
0.628906 0.295178

0.625 0.317183
0.628906 0.318472

0.628906 0.295174
0.632812 0.294972

0.628906 0.318497
0.632812 0.31975

0.632812 0.294986
0.636719 0.294891

0.632812 0.319744
0.634745 0.320312

0.634648 0.320312
0.636719 0.320922

0.636719 0.294898
0.640625 0.294865

0.636719 0.320885
0.640625 0.321963

0.640625 0.294865
0.644531 0.29488

0.640625 0.321973
0.644531 0.323003

0.644531 0.294882
0.648438 0.294939

0.644531 0.323013
0.648438 0.323954

0.648438 0.294942
0.652344 0.295032

0.648438 0.323937
0.64973 0.324219

0.649683 0.324219
0.652344 0.324799

0.652344 0.295033
0.65625 0.295148

0.652344 0.324779
0.65625 0.325594

0.65625 0.295149
0.660156 0.295286

0.65625 0.325611
0.660156 0.326389

0.660156 0.295287
0.664062 0.295444

0.660156 0.32639
0.664062 0.327093

0.664062 0.295445
0.667969 0.29562

0.664062 0.327091
0.667969 0.327721

0.667969 0.29562
0.671875 0.29581

0.667969 0.327717
0.670775 0.328125

0.670747 0.328125
0.671875 0.328289

0.671875 0.29581
0.675781 0.296011

0.671875 0.328283
0.675781 0.328801

0.675781 0.296011
0.679688 0.296225

0.675781 0.3288
0.679688 0.329277

0.679688 0.296224
0.683594 0.29645

0.679688 0.329284
0.683594 0.329709

0.683594 0.296439
0.6875 0.296698

0.683594 0.329703
0.6875 0.33007

0.6875 0.296707
0.68974 0.296875

0.689673 0.296875
0.691406 0.297005

0.6875 0.33007
0.691406 0.330393

0.691406 0.297004
0.695312 0.297304

0.691406 0.330394
0.695312 0.330672

0.695312 0.297298
0.699219 0.297614

0.695312 0.330672
0.699219 0.330906

0.699219 0.297612
0.703125 0.29796

0.699219 0.330905
0.703125 0.331096

0.703125 0.297961
0.707031 0.298341

0.703125 0.331094
0.707031 0.331246

0.707031 0.298344
0.710938 0.298748

0.707031 0.331244
0.710938 0.331361

0.710938 0.298745
0.714844 0.299175

0.710938 0.33136
0.714844 0.331445

0.714844 0.29917
0.71875 0.299639

0.714844 0.331444
0.71875 0.331502

0.71875 0.299635
0.722656 0.300161

0.71875 0.331501
0.722656 0.331534

0.722656 0.300171
0.726562 0.300745

0.722656 0.331533
0.726562 0.331544

0.726562 0.300746
0.726793 0.300781

0.726792 0.300781
0.730469 0.301346

0.726562 0.331544
0.730469 0.331535

0.730469 0.301344
0.734375 0.301971

0.730469 0.331534
0.734375 0.331508

0.734375 0.301965
0.738281 0.302636

0.734375 0.331507
0.738281 0.331467

0.738281 0.302625
0.742188 0.303373

0.738281 0.331466
0.742188 0.331416

0.742188 0.303387
0.746094 0.304208

0.742188 0.331417
0.746094 0.331355

0.746094 0.304219
0.748266 0.304688

0.748261 0.304688
0.75 0.305063

0.746094 0.331355
0.75 0.331281

0.75 0.305059
0.753906 0.305908

0.75 0.331277
0.753906 0.3312

0.753906 0.305882
0.757812 0.306796

0.753906 0.331198
0.757812 0.33113

0.757812 0.306814
0.761719 0.307811

0.757812 0.331136
0.761719 0.331068

0.761719 0.307832
0.764685 0.308594

0.764677 0.308594
0.765625 0.308837

0.761719 0.331073
0.765625 0.330983

0.765625 0.30884
0.769531 0.309797

0.765625 0.330977
0.769531 0.330868

0.769531 0.309766
0.773438 0.31073

0.769531 0.330856
0.773438 0.330766

0.773438 0.310743
0.777344 0.31175

0.773438 0.330778
0.777344 0.330711

0.777344 0.311774
0.78026 0.3125

0.780232 0.3125
0.78125 0.312753

0.777344 0.330714
0.78125 0.330637

0.78125 0.31275
0.785156 0.313633

0.78125 0.330633
0.785156 0.330548

0.785156 0.313627
0.789062 0.314432

0.785156 0.330549
0.789062 0.330463

0.789062 0.314439
0.792969 0.315164

0.789062 0.330463
0.792969 0.330375

0.792969 0.315172
0.796875 0.315783

0.792969 0.330375
0.796875 0.330283

0.796875 0.315782
0.800781 0.316264

0.796875 0.330285
0.800781 0.330185

0.800781 0.316276
0.802323 0.316406

0.802314 0.316406
0.804688 0.316606

0.800781 0.330187
0.804688 0.330072

0.804688 0.316597
0.808594 0.316766

0.804688 0.330072
0.808594 0.329939

0.808594 0.316759
0.8125 0.3168

0.808594 0.329937
0.8125 0.32979

0.8125 0.316794
0.816406 0.316735

0.8125 0.329787
0.816406 0.329634

0.816406 0.316728
0.820312 0.316598

0.816406 0.329632
0.820312 0.329485

0.820312 0.316596
0.824219 0.316415

0.820312 0.329484
0.824219 0.329351

0.828125 0.316193
0.824248 0.316406

0.824219 0.316413
0.824345 0.316406

0.824219 0.329351
0.828125 0.329235

0.828125 0.316192
0.832031 0.315959

0.828125 0.329234
0.832031 0.329138

0.832031 0.315958
0.835938 0.315709

0.832031 0.329138
0.835938 0.329065

0.835938 0.315709
0.839844 0.315447

0.835938 0.329067
0.839844 0.329015

0.839844 0.315446
0.84375 0.315173

0.839844 0.329018
0.84375 0.328976

0.84375 0.315172
0.847656 0.31489

0.84375 0.328978
0.847656 0.328935

0.847656 0.314889
0.851562 0.314602

0.847656 0.328936
0.851562 0.328887

0.851562 0.314601
0.855469 0.314314

0.851562 0.328888
0.855469 0.32883

0.855469 0.314312
0.859375 0.31403

0.855469 0.32883
0.859375 0.328761

0.859375 0.314029
0.863281 0.313756

0.859375 0.328761
0.863281 0.328681

0.863281 0.313755
0.867188 0.313495

0.863281 0.328681
0.867188 0.32859

0.867188 0.313495
0.871094 0.313252

0.867188 0.32859
0.871094 0.328485

0.871094 0.313252
0.875 0.313028

0.871094 0.328486
0.875 0.328366

0.875 0.313027
0.878906 0.312823

0.875 0.328363
0.878906 0.328235

0.878906 0.31282
0.882812 0.312646

0.882812 0.328113
0.882422 0.328125

0.878906 0.328229
0.882342 0.328125

0.882812 0.312652
0.886719 0.312501

0.882812 0.328115
0.886719 0.328011

0.890625 0.31236
0.886803 0.3125

0.886719 0.312502
0.886765 0.3125

0.886719 0.328022
0.890625 0.3279

0.890625 0.312357
0.894531 0.312223

0.890625 0.32789
0.894531 0.327745

0.894531 0.31222
0.898438 0.312103

0.894531 0.327729
0.898438 0.327615

0.898438 0.312102
0.902344 0.312009

0.898438 0.327614
0.902344 0.327565

0.902344 0.31201
0.90625 0.311941

0.902344 0.327571
0.90625 0.327577

0.90625 0.311944
0.910156 0.311889

0.90625 0.327579
0.910156 0.327623

0.910156 0.311896
0.914062 0.311838

0.910156 0.327623
0.914062 0.327702

0.914062 0.311844
0.917969 0.311754

0.914062 0.327707
0.917969 0.327812

0.917969 0.311752
0.921875 0.311622

0.917969 0.327815
0.921875 0.327927

0.921875 0.311626
0.925781 0.311453

0.921875 0.327919
0.925781 0.328048

0.925781 0.311454
0.929688 0.311226

0.925781 0.328042
0.927702 0.328125

0.927524 0.328125
0.929688 0.328218

0.929688 0.311237
0.933594 0.310933

0.929688 0.32822
0.933594 0.328421

0.933594 0.31095
0.9375 0.310516

0.933594 0.328428
0.9375 0.328635

0.9375 0.310499
0.941406 0.309934

0.9375 0.328628
0.941406 0.328843

0.941406 0.309918
0.945312 0.309287

0.941406 0.328844
0.945312 0.329079

0.949219 0.308515
0.948825 0.308594

0.945312 0.309351
0.949083 0.308594

0.945312 0.329084
0.949219 0.329327

0.949219 0.308563
0.953125 0.307503

0.949219 0.329331
0.953125 0.329562

0.953125 0.307504
0.957031 0.306167

0.953125 0.329558
0.957031 0.329778

0.960938 0.304467
0.96041 0.304688

0.957031 0.306185
0.960612 0.304688

0.957031 0.329776
0.960938 0.329993

0.960938 0.304543
0.964844 0.302593

0.960938 0.329997
0.964844 0.330207

0.96875 0.300193
0.967769 0.300781

0.964844 0.302659
0.967974 0.300781

0.964844 0.330209
0.96875 0.330397

0.96875 0.300292
0.972656 0.297473

0.96875 0.330397
0.972656 0.330558

0.976562 0.294149
0.973373 0.296875

0.972656 0.297481
0.973415 0.296875

0.972656 0.330558
0.976562 0.330692

0.980469 0.290192
0.977792 0.292969

0.976562 0.294153
0.977811 0.292969

0.976562 0.330693
0.980469 0.330797

0.984375 0.285568
0.981501 0.289062

0.980469 0.290215
0.981504 0.289062

0.980469 0.330797
0.984375 0.330867

0.988281 0.279995
0.987483 0.28125

0.9875 0.28125
0.984691 0.285156

0.984375 0.28558
0.984703 0.285156

0.984375 0.330868
0.988281 0.330902

0.992188 0.273389
0.992163 0.273438

0.992172 0.273438
0.989956 0.277344

0.988281 0.279997
0.989969 0.277344

0.988281 0.330902
0.992188 0.330898

0.996094 0.265227
0.995929 0.265625

0.995934 0.265625
0.994143 0.269531

0.992188 0.27339
0.994151 0.269531

0.992188 0.330898
0.996094 0.330854

1 0.254901
0.999007 0.257812

0.999011 0.257812
0.997544 0.261719

0.996094 0.265225
0.997548 0.261719

0.996094 0.330854
1 0.33077

1.00391 0.241108
1.00365 0.242188

1.00365 0.242188
1.00265 0.246094

1.00265 0.246094
1.00155 0.25

1.00155 0.25
1.00034 0.253906

1 0.254896
1.00034 0.253906

1 0.33077
1.00391 0.330645

1.00781 0.220605
1.00751 0.222656

1.00751 0.222656
1.00687 0.226562

1.00687 0.226562
1.00617 0.230469

1.00617 0.230469
1.00541 0.234375

1.00541 0.234375
1.00457 0.238281

1.00391 0.241099
1.00457 0.238281

1.00391 0.330645
1.00781 0.330478

1.01172 0.181525
1.01158 0.183594

1.01158 0.183594
1.01131 0.1875

1.01131 0.1875
1.01102 0.191406

1.01102 0.191406
1.0107 0.195312

1.0107 0.195312
1.01035 0.199219

1.01035 0.199219
1.00997 0.203125

1.00997 0.203125
1.00956 0.207031

1.00956 0.207031
1.00911 0.210938

1.00911 0.210938
1.00862 0.214844

1.00862 0.214844
1.00809 0.21875

1.00781 0.220594
1.00809 0.21875

1.00781 0.330478
1.01172 0.330269

1.01562 0.058548
1.01562 0.0585938

1.01562 0.0585938
1.01556 0.0625

1.01556 0.0625
1.0155 0.0664062

1.0155 0.0664062
1.01543 0.0703125

1.01543 0.0703125
1.01535 0.0742188

1.01535 0.0742188
1.01528 0.078125

1.01528 0.078125
1.0152 0.0820312

1.0152 0.0820312
1.01511 0.0859375

1.01511 0.0859375
1.01503 0.0898438

1.01503 0.0898438
1.01494 0.09375

1.01494 0.09375
1.01485 0.0976562

1.01485 0.0976562
1.01476 0.101562

1.01476 0.101562
1.01466 0.105469

1.01466 0.105469
1.01456 0.109375

1.01456 0.109375
1.01446 0.113281

1.01446 0.113281
1.01435 0.117188

1.01435 0.117188
1.01424 0.121094

1.01424 0.121094
1.01413 0.125

1.01413 0.125
1.01401 0.128906

1.01401 0.128906
1.01389 0.132812

1.01389 0.132812
1.01376 0.136719

1.01376 0.136719
1.01363 0.140625

1.01363 0.140625
1.01349 0.144531

1.01349 0.144531
1.01334 0.148438

1.01334 0.148438
1.01319 0.152344

1.01319 0.152344
1.01303 0.15625

1.01303 0.15625
1.01286 0.160156

1.01286 0.160156
1.01268 0.164062

1.01268 0.164062
1.01249 0.167969

1.01249 0.167969
1.01229 0.171875

1.01229 0.171875
1.01207 0.175781

1.01207 0.175781
1.01184 0.179688

1.01172 0.181511
1.01184 0.179688

1.01172 0.33027
1.01562 0.33002

1.0161 0
1.0161 0.00390625

1.0161 0.00390625
1.01609 0.0078125

1.01609 0.0078125
1.01608 0.0117188

1.01608 0.0117188
1.01607 0.015625

1.01607 0.015625
1.01605 0.0195312

1.01605 0.0195312
1.01602 0.0234375

1.01602 0.0234375
1.01599 0.0273438

1.01599 0.0273438
1.01596 0.03125

1.01596 0.03125
1.01592 0.0351562

1.01592 0.0351562
1.01588 0.0390625

1.01588 0.0390625
1.01584 0.0429688

1.01584 0.0429688
1.01579 0.046875

1.01579 0.046875
1.01574 0.0507812

1.01574 0.0507812
1.01568 0.0546875

1.01562 0.0585474
1.01568 0.0546875

1.01562 0.330019
1.01953 0.329728

1.01953 0.329728
1.02344 0.329395

1.02344 0.329395
1.02734 0.329021

1.02734 0.32902
1.03125 0.328605

1.03125 0.328605
1.03516 0.32815

1.03906 0.327655
1.03537 0.328125

1.03516 0.328152
1.03537 0.328125

1.03906 0.327654
1.04297 0.327113

1.04297 0.327113
1.04688 0.326531

1.04688 0.32653
1.05078 0.325907

1.05078 0.325906
1.05469 0.325245

1.05469 0.325246
1.05859 0.324548

1.0625 0.323809
1.06034 0.324219

1.05859 0.32455
1.06034 0.324219

1.0625 0.32381
1.06641 0.323028

1.06641 0.323027
1.07031 0.322204

1.07031 0.322203
1.07422 0.321344

1.07422 0.321344
1.07812 0.320449

1.08203 0.319512
1.0787 0.320312

1.07812 0.32045
1.0787 0.320312

1.08203 0.319511
1.08594 0.318529

1.08594 0.318528
1.08984 0.31751

1.08984 0.317511
1.09375 0.316456

1.09766 0.31536
1.09394 0.316406

1.09375 0.316457
1.09393 0.316406

1.09766 0.315357
1.10156 0.314216

1.10156 0.314216
1.10547 0.31304

1.10938 0.311825
1.10721 0.3125

1.10547 0.313043
1.10721 0.3125

1.10938 0.311822
1.11328 0.310558

1.11328 0.310556
1.11719 0.309256

1.12109 0.307919
1.11913 0.308594

1.11719 0.309259
1.11912 0.308594

1.12109 0.307914
1.125 0.306523

1.125 0.306522
1.12891 0.305095

1.13281 0.303627
1.13 0.304688

1.12891 0.305099
1.13 0.304688

1.13281 0.30362
1.13672 0.3021

1.14062 0.300547
1.14004 0.300781

1.13672 0.302103
1.14003 0.300781

1.14062 0.300543
1.14453 0.298932

1.14453 0.298928
1.14844 0.297274

1.15234 0.295579
1.14937 0.296875

1.14844 0.297279
1.14936 0.296875

1.15234 0.29557
1.15625 0.293819

1.16016 0.292031
1.15812 0.292969

1.15625 0.293824
1.15811 0.292969

1.16016 0.292019
1.16406 0.290169

1.16797 0.28828
1.16636 0.289062

1.16406 0.290173
1.16634 0.289062

1.16797 0.288267
1.17188 0.286313

1.17578 0.284319
1.17415 0.285156

1.17188 0.286317
1.17413 0.285156

1.17578 0.284304
1.17969 0.282242

1.18359 0.280138
1.18154 0.28125

1.17969 0.282247
1.18152 0.28125

1.18359 0.280123
1.1875 0.277945

1.19141 0.275722
1.18857 0.277344

1.1875 0.277949
1.18856 0.277344

1.19531 0.273416
1.19527 0.273438

1.19141 0.275715
1.19527 0.273438

1.19531 0.273415
1.19922 0.271058

1.20312 0.268648
1.2017 0.269531

1.19922 0.271056
1.20167 0.269531

1.20312 0.268631
1.20703 0.266138

1.21094 0.263587
1.20782 0.265625

1.20703 0.266131
1.20782 0.265625

1.21484 0.260974
1.21373 0.261719

1.21094 0.263581
1.2137 0.261719

1.21484 0.260951
1.21875 0.258244

1.22266 0.255469
1.21936 0.257812

1.21875 0.258235
1.21936 0.257812

1.22656 0.252626
1.2248 0.253906

1.22266 0.25546
1.22478 0.253906

1.23047 0.249694
1.23006 0.25

1.22656 0.252608
1.23002 0.25

1.23047 0.249668
1.23438 0.246641

1.23828 0.243531
1.23507 0.246094

1.23438 0.246632
1.23506 0.246094

1.24219 0.240338
1.23992 0.242188

1.23828 0.243509
1.23992 0.242188

1.24609 0.237043
1.24462 0.238281

1.24219 0.240303
1.24461 0.238281

1.25 0.233643
1.24917 0.234375

1.24609 0.237014
1.24913 0.234375

1.25391 0.230139
1.25354 0.230469

1.25 0.233618
1.25351 0.230469

1.25781 0.226511
1.25776 0.226562

1.25391 0.230113
1.25774 0.226562

1.25781 0.226495
1.26172 0.222758

1.26562 0.218901
1.26182 0.222656

1.26172 0.222747
1.26181 0.222656

1.26953 0.214915
1.26578 0.21875

1.26562 0.218889
1.26576 0.21875

1.27344 0.210811
1.27332 0.210938

1.2733 0.210938
1.2696 0.214844

1.26953 0.214901
1.26959 0.214844

1.27734 0.206533
1.2769 0.207031

1.27344 0.210787
1.27688 0.207031

1.28125 0.202097
1.28036 0.203125

1.27734 0.206512
1.28035 0.203125

1.28516 0.197492
1.28373 0.199219

1.28125 0.202085
1.28371 0.199219

1.28906 0.192728
1.28698 0.195312

1.28516 0.197501
1.28695 0.195312

1.29297 0.187774
1.29013 0.191406

1.28906 0.192727
1.29011 0.191406

1.29688 0.182605
1.29616 0.183594

1.29614 0.183594
1.29318 0.1875

1.29297 0.187762
1.29317 0.1875

1.30078 0.177207
1.29902 0.179688

1.29688 0.182586
1.29901 0.179688

1.30469 0.171586
1.3045 0.171875

1.30448 0.171875
1.30179 0.175781

1.30078 0.1772
1.30177 0.175781

1.30859 0.165642
1.30709 0.167969

1.30469 0.171556
1.30708 0.167969

1.3125 0.159435
1.31206 0.160156

1.31205 0.160156
1.30961 0.164062

1.30859 0.165624
1.3096 0.164062

1.31641 0.152854
1.31442 0.15625

1.3125 0.159406
1.31441 0.15625

1.32031 0.14589
1.31892 0.148438

1.31891 0.148438
1.3167 0.152344

1.31641 0.152843
1.3167 0.152344

1.32422 0.138484
1.32312 0.140625

1.32312 0.140625
1.32105 0.144531

1.32031 0.145874
1.32105 0.144531

1.32812 0.130545
1.32705 0.132812

1.32704 0.132812
1.32511 0.136719

1.32422 0.138466
1.32511 0.136719

1.33203 0.121978
1.33069 0.125

1.33069 0.125
1.3289 0.128906

1.32812 0.130529
1.3289 0.128906

1.33594 0.112654
1.33569 0.113281

1.33568 0.113281
1.33408 0.117188

1.33408 0.117188
1.33242 0.121094

1.33203 0.121967
1.33242 0.121094

1.33984 0.102306
1.3387 0.105469

1.33869 0.105469
1.33722 0.109375

1.33594 0.11263
1.33722 0.109375

1.34375 0.0906451
1.34276 0.09375

1.34276 0.09375
1.34146 0.0976562

1.34146 0.0976562
1.34011 0.101562

1.33984 0.102299
1.34011 0.101562

1.34766 0.0770621
1.34738 0.078125

1.34738 0.078125
1.34631 0.0820312

1.34631 0.0820312
1.34518 0.0859375

1.34518 0.0859375
1.344 0.0898438

1.34375 0.0906385
1.344 0.0898438

1.35156 0.0602416
1.3511 0.0625

1.3511 0.0625
1.35025 0.0664062

1.35025 0.0664062
1.34935 0.0703125

1.34935 0.0703125
1.34839 0.0742188

1.34766 0.0770461
1.34839 0.0742188

1.35547 0.0359534
1.35508 0.0390625

1.35508 0.0390625
1.35455 0.0429688

1.35455 0.0429688
1.35396 0.046875

1.35396 0.046875
1.35333 0.0507812

1.35333 0.0507812
1.35264 0.0546875

1.35264 0.0546875
1.3519 0.0585938

1.35156 0.0602299
1.3519 0.0585938

1.35761 0
1.35758 0.00390625

1.35758 0.00390625
1.35751 0.0078125

1.35751 0.0078125
1.35738 0.0117188

1.35738 0.0117188
1.35721 0.015625

1.35721 0.015625
1.35698 0.0195312

1.35698 0.0195312
1.3567 0.0234375

1.3567 0.0234375
1.35638 0.0273438

1.35638 0.0273438
1.356 0.03125

1.356 0.03125
1.35557 0.0351562

1.35547 0.0359408
1.35557 0.0351562

kappa_offset_provider_stats evaluations=494327 clamp_hits=0 denominator_guard_hits=0 min_abs_denominator=0.78265870941874316 max_abs_d_over_h=0.50787795372258715 grad_samples=494327 grad_min=0.80656058006714049 grad_mean=1.0002828772922769 grad_std=0.0072142369429832954 grad_max=1.0529097051903724
