t sb -1 xb vb dt perf.t perf.speed
0 0 -1 0.5 0 0.000202385 0 0 
0.000202385 0 -1 0.5 0.000289406 0.000202385 0.004732 216399 1 31.36 169.883 0.184598 4 
0.00491164 -3.24972e-06 -1 0.5 0.00278705 0.00470926 0.016996 120499 11 123.203 3.60393 1.37861 7 5 119.777 17.7134 1.4656 6 2 0.0299673 7.04074e-06 65.24 3 
0.0137207 -2.29867e-05 -1 0.500023 0.0082147 0.00880908 0.025868 118757 4 22.8438 1.21371 2.08287 7 6 109.156 4.82761 1.68159 7 3 0.0511913 6.81719e-05 9.08929 2 
0.0262156 -4.06258e-05 -1 0.500123 0.0158517 0.0124949 0.032595 125663 2 12.4044 0.385127 5.67526 7 5 13.87 1.93217 1.48322 8 6 0.121183 3.09398e-05 3.97027 2 
0.0421182 -4.35189e-05 -1 0.50037 0.0252587 0.0159026 0.038672 132396 2 12.8636 0.227745 7.51547 7 3 5.2539 1.1792 1.6455 9 7 0.223422 5.53418e-05 3.27456 2 
0.061079 -2.90872e-05 -1 0.500842 0.0360498 0.0189608 0.045491 135060 4 28.0246 0.236295 3.30006 7 2 4.4198 0.747834 2.43108 10 8 0.41921 8.04701e-05 2.91474 2 
0.0828488 -1.53622e-05 -1 0.50162 0.0481821 0.0217698 0.05202 137793 2 55.9673 0.165289 18.4012 7 2 12.3021 0.158703 8.80433 10 10 0.718889 5.4418e-05 2.58281 2 
0.107158 -7.38444e-06 -1 0.502786 0.0613858 0.0243096 0.059714 137187 3 69.8777 0.0716599 9.9164 6 2 18.8109 0.249004 8.69164 10 12 1.01329 9.05139e-05 2.17479 2 
0.133698 -4.95914e-06 -1 0.504413 0.0753966 0.0265398 0.072328 127420 4 99.5783 0.0414638 7.00042 5 2 29.291 0.367427 8.92856 10 28 1.23485 7.97223e-05 1.41138 2 
0.162361 -1.75787e-06 -1 0.506578 0.0900468 0.028663 0.088604 115570 8 157.304 0.112696 2.47231 5 3 49.0434 0.291609 5.51984 9 27 3.66023 8.14166e-05 1.48705 3 
0.192873 4.07297e-06 -1 0.509341 0.105116 0.0305122 0.10221 110204 9 79.0365 0.0941395 2.11298 6 3 24.9854 0.40393 3.95482 9 14 5.51483 3.98284e-05 2.32937 4 
0.225139 9.67319e-06 -1 0.512758 0.120442 0.0322658 0.446465 27522.9 9 150.953 0.0914855 2.27771 6 100 44.3381 0.440212 1.0472 100 11 5.04995 5.02423e-05 2.84936 4 
0.258979 1.6074e-05 -1 0.516867 0.135814 0.0338398 1.05781 12584.5 9 208.213 0.0838292 2.38361 6 100 72.2119 0.445262 1.0522 100 12 4.29746 6.37077e-05 2.52591 4 
0.293676 2.2762e-05 -1 0.521617 0.15083 0.0346965 1.66766 8596.48 8 149.333 0.0778571 2.57251 7 100 78.1406 0.395654 1.05428 100 10 7.99121 5.23284e-05 3.29904 4 
0.329285 3.06976e-05 -1 0.527008 0.165348 0.0356095 1.6826 9128.71 10 238.664 0.0691159 2.2585 6 1 79.5164 0.27013 294.363 100 7 4.08212 8.36201e-05 4.67516 4 
0.364895 3.76268e-05 -1 0.532831 0.178862 0.0356095 1.70414 9614.21 13 480.005 0.0676377 1.97804 5 2 211.559 0.241001 29.6283 99 7 4.05728 2.49947e-05 5.55061 4 
0.400504 4.34219e-05 -1 0.539209 0.191295 0.0356095 2.31563 7517.59 14 1039.07 0.0718826 1.98219 6 100 446.846 0.466254 1.07106 100 8 7.97482 3.11516e-05 4.74275 3 
0.433831 4.71243e-05 -1 0.545625 0.202047 0.0333269 2.93617 6277.56 12 365.458 0.0790734 2.02023 6 100 111.246 0.473003 1.05612 100 7 9.69325 6.01295e-05 5.54513 3 
0.465512 5.07381e-05 -1 0.552065 0.211261 0.0316811 3.5472 5484.89 12 316.713 0.0790934 1.99623 6 100 175.999 0.603908 1.05839 100 12 5.54346 6.5487e-05 2.57416 3 
0.495685 5.47109e-05 -1 0.558382 0.219055 0.0301725 4.16405 4918.29 9 278.114 0.106949 2.39579 6 100 175.23 0.67234 1.05721 100 16 5.5238 9.64192e-05 1.98326 3 
0.525147 6.10994e-05 -1 0.564817 0.225825 0.0294625 4.77611 4502.41 7 428.556 0.0993887 3.30551 7 100 184.914 0.926095 1.05439 100 16 6.22915 6.59682e-05 2.04618 3 
0.553924 6.92844e-05 -1 0.571314 0.231692 0.0287774 5.38923 4180.19 4 1154.54 0.0711096 11.2881 6 100 524.11 0.568317 1.07065 100 19 5.37706 6.50686e-05 1.81467 3 
0.58204 8.4817e-05 -1 0.577781 0.236318 0.0281158 5.40585 4356.76 6 453.486 0.120835 3.94211 4 1 184.365 0.439517 419.472 100 16 9.13474 8.46604e-05 2.06331 4 
0.609833 0.000107491 -1 0.584328 0.240156 0.0277926 6.0168 4084.57 8 540.093 0.120651 2.86001 4 100 251.617 1.1295 1.05555 100 14 6.35294 4.56559e-05 2.33019 4 
0.637626 0.000128103 -1 0.591057 0.243295 0.0277926 6.62949 3861.53 7 266.172 0.118755 3.01054 4 100 183.925 1.00944 1.05343 100 12 5.63653 8.16868e-05 2.53069 4 
0.665095 0.000148384 -1 0.597618 0.245611 0.0274695 7.24016 3677.27 7 408.598 0.114804 3.21613 4 100 162.747 0.934042 1.05296 100 9 4.09753 3.19443e-05 3.69462 4 
0.692245 0.000166691 -1 0.604203 0.247338 0.0271501 7.85031 3521.9 8 573.825 0.130402 2.85389 3 100 250.916 0.631931 1.06167 100 8 5.03118 2.76063e-05 4.54551 4 
0.719718 0.000185715 -1 0.611054 0.248487 0.0274733 8.46687 3386.37 17 1361.78 0.131495 1.72261 5 100 593.116 0.577004 1.07181 100 7 7.1124 8.58848e-05 5.0418 4 
0.747192 0.00019153 -1 0.617752 0.248881 0.0274733 9.07609 3271.89 10 453.261 0.102522 2.31501 7 100 203.962 0.77295 1.05734 100 7 8.21043 9.37083e-05 5.08258 4 
0.774665 0.000196373 -1 0.62452 0.248951 0.0274733 9.68726 3171.18 8 321.009 0.107056 2.72028 7 100 210.308 0.892067 1.05615 100 8 5.12418 2.55443e-05 4.60036 4 
0.802138 0.000202092 -1 0.631365 0.24872 0.0274733 10.2965 3082.99 6 364.946 0.132131 3.74574 6 100 167.987 0.856569 1.05421 100 7 6.76316 5.97124e-05 5.27245 4 
0.829611 0.000212986 -1 0.638099 0.248144 0.0274733 10.3093 3178.48 6 487.212 0.118216 4.00412 5 1 182.581 0.492119 371.009 100 7 4.0915 2.75251e-05 5.48124 4 
0.857437 0.000228703 -1 0.644931 0.247007 0.0278255 10.3239 3273.19 13 1560.8 0.128801 2.06115 4 1 716.247 0.329076 2176.54 100 7 4.26009 3.06785e-05 5.42819 4 
0.885262 0.000237302 -1 0.651682 0.245667 0.0278255 10.9454 3180.89 13 508.398 0.112742 1.91023 5 100 223.768 0.623735 1.06059 100 12 8.93803 4.28961e-05 2.77482 4 
0.913459 0.000242285 -1 0.658572 0.24414 0.0281965 11.5543 3101.87 10 426.813 0.102798 2.30052 5 100 222.243 0.653231 1.06003 100 12 8.57311 4.80865e-05 2.73901 4 
0.941655 0.000247302 -1 0.665384 0.242594 0.0281965 12.1663 3030.02 11 396.25 0.12389 2.08272 4 100 229.149 0.69254 1.05973 100 8 6.01686 8.35901e-05 4.04717 4 
0.970244 0.000253702 -1 0.672231 0.240883 0.0285881 12.7746 2965.88 13 495.205 0.099139 1.92532 5 100 308.289 0.646358 1.06362 100 7 5.93994 2.85744e-05 5.75025 4 
0.998832 0.000259283 -1 0.679025 0.239058 0.0285881 12.7962 3040.91 13 1793.61 0.116572 2.09936 5 2 845.576 0.388166 46.6732 99 10 5.41198 7.06245e-05 3.07922 3 
1.02783 0.000263721 -1 0.685849 0.236998 0.0290024 13.4115 2977.75 12 531.539 0.102417 2.03984 5 100 236.62 0.513126 1.06326 100 16 9.68404 5.69169e-05 2.12288 3 
1.05727 0.000266947 -1 0.692754 0.234919 0.0294353 14.0313 2919.18 11 377.162 0.0921777 2.12988 5 100 288.588 0.576158 1.06414 100 25 10.81 9.99718e-05 1.58986 2 
1.0867 0.000270674 -1 0.69956 0.232972 0.0294353 14.6475 2866.28 11 467.246 0.101125 2.15354 5 100 322.556 0.71744 1.06299 100 36 8.45172 9.31877e-05 1.37313 2 
1.11614 0.000276184 -1 0.706304 0.231103 0.0294353 14.6638 2932.93 9 411.66 0.102327 2.51481 4 1 273.668 0.262305 1043.32 100 20 9.49472 6.98485e-05 1.80579 2 
1.14558 0.000286118 -1 0.713023 0.229258 0.0294353 14.6895 2997.51 10 1856.15 0.112054 2.64191 4 1 880.29 0.121749 7230.38 100 41 11.9028 8.59005e-05 1.33477 3 
1.17549 0.000298299 -1 0.719802 0.227299 0.0299101 14.7062 3063.74 8 681.405 0.0885366 3.06045 5 1 243.299 0.31728 766.826 100 15 15.8244 5.19227e-05 2.32059 4 
1.2054 0.000311408 -1 0.726579 0.225452 0.0299101 15.3184 3008.14 7 327.685 0.0921278 3.21584 4 100 302.834 0.496493 1.06623 100 11 16.6388 8.61071e-05 3.0238 4 
1.233 0.000324859 -1 0.732664 0.223982 0.0276093 15.9269 2957.51 6 532.752 0.124418 4.02971 4 100 284.889 0.686384 1.06214 100 16 16.1828 5.37795e-05 2.1999 3 
1.26105 0.000343057 -1 0.738832 0.222444 0.0280475 15.9418 3018.98 9 552.783 0.108414 2.58191 4 1 253.271 0.328848 770.176 100 13 19.291 5.14809e-05 2.68378 3 
1.2891 0.000354986 -1 0.745 0.220876 0.0280475 15.9626 3079.2 15 1615.17 0.0864054 1.92654 5 1 751.87 0.126822 5928.53 100 29 17.5576 8.02484e-05 1.52805 2 
1.31715 0.000358016 -1 0.751131 0.219439 0.0280475 15.9814 3139.66 10 661.393 0.113546 2.37974 4 1 553.119 0.390015 1418.2 100 26 17.2625 7.22541e-05 1.61011 2 
1.34474 0.000361744 -1 0.757111 0.218225 0.0275877 15.9993 3200.15 12 375.58 0.114637 1.96313 4 1 504.291 0.211924 2379.59 100 22 20.7098 9.27456e-05 1.75037 2 
1.3702 0.000366039 -1 0.762665 0.217416 0.0254656 16.0142 3261.11 9 465.469 0.150954 2.44158 4 1 265.948 0.186091 1429.13 100 14 19.4298 7.5352e-05 2.43516 2 
1.39567 0.000373323 -1 0.768104 0.216614 0.0254656 16.0288 3322.03 9 540.55 0.104724 2.58543 5 1 551.66 0.199037 2771.64 100 12 25.1613 4.60121e-05 3.00715 2 
1.42113 0.000381014 -1 0.773555 0.215813 0.0254656 16.044 3382.7 9 1485.19 0.131687 2.82 4 1 702.196 0.27723 2532.9 100 13 33.1616 9.05318e-05 2.67909 3 
1.44369 0.000385643 -1 0.778395 0.215299 0.0225553 16.0622 3442.62 10 389.24 0.179878 2.15538 4 1 340.594 0.469611 725.267 100 20 31.3326 9.56536e-05 1.88697 3 
1.46657 0.000388976 -1 0.783341 0.214609 0.022887 16.0819 3502.07 10 700.402 0.156734 2.31749 4 1 656.936 0.52786 1244.53 100 25 35.3851 6.89673e-05 1.69203 3 
1.48946 0.0003927 -1 0.788185 0.213958 0.022887 16.1038 3560.9 6 461.693 0.179424 3.70179 5 2 666.942 0.498026 36.5947 99 17 37.4627 6.51711e-05 2.18171 3 
1.51201 0.000400166 -1 0.792952 0.213493 0.0225454 16.1177 3621.35 7 437.996 0.169833 3.07149 5 1 372.541 0.667339 558.248 99 12 38.3003 8.2219e-05 2.96724 3 
1.53455 0.000406116 -1 0.797673 0.213096 0.0225454 16.1324 3681.53 7 664.718 0.179879 3.23344 4 1 779.569 0.358164 2176.57 99 16 31.8278 3.78282e-05 2.34591 3 
1.5561 0.000411767 -1 0.802237 0.212841 0.0215507 16.1478 3741.44 10 1086.16 0.189729 2.37561 4 1 840.075 0.334793 2509.23 99 17 27.7349 7.31468e-05 2.12896 2 
1.57765 0.000415317 -1 0.806815 0.212429 0.0215507 16.1629 3801.3 11 876.196 0.213007 2.13091 4 1 715.685 0.806395 887.511 99 15 32.0839 6.07119e-05 2.40732 2 
1.59954 0.000418139 -1 0.811456 0.212073 0.0218823 16.1906 3858.03 10 716.292 0.182313 2.28785 4 2 930.555 0.567904 40.4793 98 38 34.5632 7.82918e-05 1.40783 2 
1.61821 0.000420573 -1 0.815378 0.212221 0.0186729 16.21 3916.6 7 456.008 0.253546 2.91735 4 2 530.715 0.655128 28.4621 97 11 22.1533 8.17953e-05 3.11805 3 
1.63688 0.000423414 -1 0.819328 0.212106 0.0186729 16.2292 3975.06 6 956.247 0.277092 3.88739 3 2 764.775 0.421428 42.5996 96 11 22.8757 8.86669e-05 3.10431 3 
1.65581 0.000428298 -1 0.823294 0.211895 0.0189322 16.2434 4034.61 8 1084.81 0.251467 2.84681 3 1 978.608 0.61548 1589.99 96 12 27.4442 4.34315e-05 3.0436 3 
1.67475 0.000433972 -1 0.827287 0.211656 0.0189322 16.2576 4094.08 7 830.034 0.225594 3.23144 3 1 960.56 0.84391 1138.23 96 12 18.6189 7.88864e-05 2.80379 3 
1.69218 0.000442731 -1 0.830954 0.211615 0.0174376 16.2709 4153.67 5 931.124 0.228908 5.27071 2 1 623.421 0.163354 3816.39 96 12 21.316 5.78309e-05 2.90991 3 
1.70962 0.000452768 -1 0.834666 0.211454 0.0174376 16.2866 4212.55 7 713.885 0.261263 3.09696 2 1 740.34 0.377953 1958.81 96 19 31.1543 6.28889e-05 1.99404 3 
1.7266 0.000463154 -1 0.838233 0.211291 0.0169787 16.3033 4271.05 7 840.114 0.313432 3.08846 2 1 897.127 1.29209 694.321 96 19 37.6361 9.34011e-05 1.97248 3 
1.74358 0.000475318 -1 0.841813 0.211096 0.0169787 16.3204 4329.29 7 809.41 0.313168 3.07245 2 1 1250.09 1.31756 948.793 96 21 46.9705 9.35698e-05 1.86836 3 
1.76056 0.000487126 -1 0.845363 0.210864 0.0169787 16.3372 4387.53 6 600.848 0.321149 3.51029 2 1 803.137 1.26069 637.061 96 20 53.2886 8.90694e-05 1.94467 3 
1.77731 0.000500603 -1 0.84888 0.210667 0.0167492 16.352 4446.18 6 971.073 0.275034 3.90221 2 1 952.073 0.62247 1529.51 96 15 56.0948 5.88346e-05 2.50391 3 
1.79361 0.000510963 -1 0.852272 0.210465 0.0163026 16.366 4504.94 6 872.383 0.270973 3.84265 2 1 1179.7 0.642889 1835 96 13 54.9919 5.90144e-05 2.87859 3 
1.80928 0.000518715 -1 0.855549 0.210312 0.0156674 16.3796 4563.72 5 960.906 0.398422 4.74753 2 1 1410.22 0.538145 2620.51 96 14 56.812 4.08748e-05 2.74653 3 
1.8238 0.000527964 -1 0.858569 0.210153 0.014521 16.3935 4622.32 6 676.385 0.351038 3.52755 2 1 835.392 1.37243 608.695 96 13 54.4707 4.14183e-05 2.9559 3 
1.8385 0.000536618 -1 0.861666 0.209692 0.0147025 16.4074 4680.81 6 1192.29 0.325364 3.92647 2 1 1228.03 0.216328 5676.71 96 13 59.8335 3.91735e-05 2.99012 3 
1.85358 0.000544388 -1 0.864818 0.209188 0.0150844 16.422 4739 8 1283.52 0.389334 2.75271 2 1 1747.81 1.08713 1607.74 96 13 64.9156 4.67124e-05 2.96847 3 
1.86887 0.000547211 -1 0.868022 0.20867 0.0152855 16.4422 4795.47 7 576.176 0.346933 2.88433 3 2 915.702 1.50381 24.6763 95 13 70.1375 4.76988e-05 2.98139 3 
1.88436 0.00055151 -1 0.871235 0.208264 0.0154949 16.4623 4851.82 8 1029.42 0.32283 2.74127 3 2 1260.83 1.36244 30.4207 94 13 76.0149 5.23157e-05 2.97866 3 
1.89924 0.000556049 -1 0.874332 0.208036 0.0148751 16.4752 4910.16 6 1296.79 0.397849 3.85057 3 1 1572.88 0.950779 1654.3 94 12 73.9798 6.51112e-05 3.19611 3 
1.91372 0.000560929 -1 0.877317 0.207653 0.0144837 16.4936 4966.77 7 1871.17 0.334938 3.4301 3 2 1625.53 0.501214 56.949 93 12 74.8615 4.21479e-05 3.31734 3 
1.9284 0.000567398 -1 0.880355 0.206972 0.0146794 16.5116 5023.38 6 1501.55 0.429742 3.89543 2 2 1458.11 0.100487 120.46 92 12 83.4373 6.86484e-05 3.21411 3 
1.9435 0.000578851 -1 0.88345 0.206159 0.0150929 16.5299 5079.78 7 1281.77 0.375457 3.19706 2 2 1186.7 0.143749 90.859 91 12 93.9463 9.89159e-05 3.14872 3 
1.95903 0.000589156 -1 0.886643 0.204848 0.0155368 16.543 5137.64 9 2441.13 0.405252 2.63018 2 1 1897.99 1.41611 1340.29 91 12 104.66 4.98759e-05 3.36375 3 
1.9748 0.000600393 -1 0.889854 0.202761 0.0157722 16.5611 5193.86 8 2069.66 0.316614 2.99862 3 2 1765.79 0.152108 107.744 90 11 89.0757 7.79539e-05 3.55402 3 
1.99058 0.0006097 -1 0.893087 0.200064 0.0157722 16.5795 5249.86 9 3178.44 0.367415 2.73811 3 2 2461.04 0.0802554 175.114 89 11 85.9703 3.23797e-05 3.83713 3 
2.00635 0.000612085 -1 0.896255 0.197355 0.0157722 16.5938 5307.06 10 3000.55 0.26941 2.53909 3 1 2713.03 0.972184 2790.65 89 14 62.4204 4.55266e-05 2.74386 3 
2.02264 0.000608319 -1 0.899478 0.195264 0.0162894 16.6077 5364.25 9 3184.71 0.350923 2.75272 3 1 2991.82 1.3326 2245.09 89 14 61.1359 6.3628e-05 2.67505 3 
2.03949 0.000601395 -1 0.902747 0.19388 0.0168511 16.628 5419.3 10 2421.25 0.288492 2.46826 3 2 2463.82 1.17655 45.7614 88 16 48.2097 5.50038e-05 2.35191 3 
2.05695 0.000600267 -1 0.906123 0.193266 0.0174638 16.6466 5474.74 8 886.041 0.309226 2.70487 3 2 852.562 0.54933 39.3955 87 13 29.6689 6.16551e-05 2.73591 3 
2.07442 0.000604672 -1 0.909457 0.193195 0.0174638 16.6591 5532.1 9 1175.44 0.263394 2.54396 3 1 1290.78 0.279369 4620.33 87 10 33.7076 6.18077e-05 3.74687 3 
2.09222 0.000609812 -1 0.912869 0.193308 0.0177997 16.6712 5589.53 9 1541.19 0.279429 2.60454 3 1 1654.35 0.257922 6414.15 87 9 33.8091 7.45449e-05 4.25121 3 
2.11037 0.000615698 -1 0.916328 0.193293 0.0181557 16.6823 5647.19 7 1339.83 0.231658 3.44713 4 1 1649.31 0.302938 5444.38 87 7 22.7709 9.60783e-05 5.85898 3 
2.12891 0.000622358 -1 0.919912 0.19307 0.0185339 16.6964 5703.76 7 807.805 0.249727 3.17253 4 1 979.936 0.714227 1372.02 87 17 10.9119 8.163e-05 2.00232 2 
2.14826 0.000626775 -1 0.923662 0.19262 0.0193576 16.7104 5760.24 9 693.073 0.264318 2.39801 4 1 604.038 0.901616 669.95 87 16 13.7162 6.68789e-05 2.14781 2 
2.16762 0.000630064 -1 0.927432 0.192279 0.0193576 16.7304 5814.55 8 413.682 0.21623 2.57169 4 2 418.071 0.882627 21.7639 86 19 15.7589 8.21021e-05 1.89698 2 
2.18744 0.00063277 -1 0.931206 0.191846 0.0198185 16.7433 5871.23 7 1108.75 0.240147 3.33795 4 1 1021.56 0.550006 1857.35 86 14 15.4765 5.43702e-05 2.45241 2 
2.20726 0.000637255 -1 0.934972 0.191394 0.0198185 16.7553 5928.14 7 1134.55 0.1936 3.45362 4 1 1137.05 0.34083 3336.14 86 11 13.7825 3.60778e-05 3.21708 2 
2.22708 0.00064197 -1 0.938693 0.190769 0.0198185 16.7671 5985.07 7 1003.41 0.213777 3.34582 4 1 1063.7 1.00083 1062.82 86 10 12.9027 4.65906e-05 3.50137 2 
2.24742 0.000648417 -1 0.942514 0.190169 0.0203401 16.7834 6040.26 6 433.702 0.20169 3.59267 4 2 797.306 0.0917076 93.2416 85 10 10.2394 5.63244e-05 3.35705 2 
2.26832 0.00065856 -1 0.946436 0.18963 0.0209051 16.798 6095.95 8 1049.28 0.181345 2.95324 3 1 693.28 0.747831 927.055 85 20 15.5994 7.53053e-05 1.84423 2 
2.2881 0.000665861 -1 0.950205 0.189296 0.0197751 16.8168 6150.05 6 585.022 0.191918 3.80782 3 1 629.087 0.764161 823.238 85 29 20.1921 7.13978e-05 1.54164 3 
2.30844 0.000673857 -1 0.95409 0.188889 0.0203401 16.8336 6204.74 7 899.38 0.225953 3.26795 3 1 938.9 0.592389 1584.94 85 23 20.7514 6.92268e-05 1.7303 3 
2.32878 0.000682929 -1 0.957999 0.1886 0.0203401 16.8515 6258.91 8 775.387 0.170837 2.86495 3 1 812.064 0.892275 910.105 85 25 18.5258 7.56241e-05 1.64272 3 
2.34975 0.000689643 -1 0.961911 0.188258 0.0209757 16.8719 6312.04 8 649.195 0.180914 2.78204 4 2 608.666 0.748953 28.5077 84 18 17.4219 9.47978e-05 1.96092 3 
2.37073 0.000695584 -1 0.965794 0.187888 0.0209757 16.8845 6367.96 6 563.205 0.215659 3.71093 3 1 368.893 0.403422 914.41 84 13 15.3422 5.85897e-05 2.6108 3 
2.3917 0.000707228 -1 0.969653 0.187596 0.0209757 16.8964 6424.1 7 497.837 0.203196 3.04907 3 1 552.545 0.185578 2977.43 84 11 12.0791 8.80943e-05 2.93095 3 
2.41268 0.000722096 -1 0.973546 0.187438 0.0209757 16.908 6480.25 10 982.219 0.172834 2.37388 3 1 886.164 0.613145 1445.28 84 8 15.8944 4.39039e-05 4.95271 3 
2.43366 0.000729517 -1 0.977491 0.187187 0.0209757 16.92 6536.17 11 997.626 0.15377 2.22103 4 1 968.745 0.140487 6895.6 84 8 23.4248 5.00455e-05 5.11433 3 
2.45544 0.000732558 -1 0.98164 0.186866 0.0217825 16.9322 6591.93 9 730.825 0.156812 2.55625 4 1 757.312 0.22326 3392.07 84 9 25.4785 3.22194e-05 4.52209 3 
2.47722 0.000737578 -1 0.985812 0.186646 0.0217825 16.9438 6647.87 8 515.884 0.201944 2.66634 3 1 533.748 0.237515 2247.22 84 8 22.8437 6.2354e-05 4.96007 3 
2.49995 0.000744138 -1 0.989991 0.186273 0.0227295 16.9566 6703.24 10 772.156 0.172424 2.31799 3 1 748.016 0.278273 2688.07 84 13 21.7021 7.63808e-05 2.62725 2 
2.51847 0.000750289 -1 0.993361 0.186263 0.0185203 16.9678 6759.16 7 576.876 0.284032 2.96846 3 1 579.595 1.12777 513.928 84 11 9.02039 5.25201e-05 2.99158 2 
2.53773 0.000759173 -1 0.996882 0.186261 0.0192612 16.9786 6815.15 6 230.588 0.214576 3.20044 3 1 881.277 1.04071 846.801 84 10 11.1141 9.45296e-05 3.21389 2 
2.55783 0.000769445 -1 1.00058 0.186269 0.0200986 16.9916 6870.22 9 959.059 0.237383 2.516 3 1 706.94 0.817281 864.99 84 14 10.3783 8.89982e-05 2.30097 2 
2.57889 0.000779776 -1 1.00453 0.186224 0.0210557 17.01 6922.98 12 1025.4 0.192655 2.04413 3 1 984.286 0.193572 5084.85 84 23 18.2067 7.14797e-05 1.71809 3 
2.59994 0.000783048 -1 1.00851 0.186122 0.0210557 17.0257 6976.76 11 792.498 0.186772 2.13693 3 1 746.908 0.438252 1704.29 84 17 23.6852 5.59221e-05 2.14286 3 
2.62217 0.000786521 -1 1.01276 0.185903 0.0222254 17.0438 7029.4 11 674.544 0.182996 2.10976 3 1 593.7 0.797909 744.069 84 21 26.175 5.64592e-05 1.8613 3 
2.64016 0.00079088 -1 1.01605 0.185878 0.017992 17.0562 7084.34 6 692.768 0.290643 3.65487 4 1 445.522 0.366395 1215.96 84 12 15.4999 5.27829e-05 2.85531 3 
2.6591 0.000796677 -1 1.01949 0.185812 0.018939 17.0686 7139.2 9 537.263 0.252872 2.3426 3 1 518.406 0.800876 647.298 84 10 10.0491 6.85392e-05 3.28563 3 
2.67915 0.000801155 -1 1.02314 0.185823 0.020053 17.0885 7190.81 7 192.96 0.226779 2.62151 4 1 438.781 0.302397 1451.01 84 39 12.7323 9.61507e-05 1.35311 2 
2.70054 0.000808318 -1 1.02706 0.185964 0.0213899 17.1035 7244.37 8 936.84 0.147968 2.98667 4 1 487.378 0.417377 1167.72 84 21 9.4501 6.06525e-05 1.76712 2 
2.72193 0.000812038 -1 1.03106 0.186066 0.0213899 17.1182 7297.95 11 732.788 0.197116 2.11139 3 1 779.184 0.825518 943.872 84 18 11.7621 5.67051e-05 1.97415 2 
2.7451 0.000814939 -1 1.03545 0.186065 0.0231724 17.1394 7348.7 11 985.992 0.14437 2.23142 3 2 839.19 0.359891 48.2886 83 23 21.4809 6.14038e-05 1.74196 2 
2.76828 0.000819308 -1 1.03984 0.185936 0.0231724 17.1558 7401.36 11 951.786 0.145579 2.22258 3 1 871.218 0.64196 1357.12 83 24 27.8713 6.73322e-05 1.71411 2 
2.78372 0.000823272 -1 1.04268 0.186204 0.0154483 17.1675 7455.96 6 519.737 0.368716 3.34849 3 1 774.179 0.600883 1288.4 83 13 11.0635 5.91597e-05 2.54407 2 
2.80036 0.000828461 -1 1.04571 0.186186 0.0166366 17.1787 7510.69 5 509.53 0.352863 4.28463 2 1 641.424 0.586623 1093.42 83 12 9.40026 6.92914e-05 2.67735 2 
2.81851 0.00084147 -1 1.04902 0.186312 0.018149 17.1949 7563.17 8 250.164 0.292884 2.3251 3 2 532.092 0.036923 120.045 82 11 10.9737 9.50644e-05 2.88544 2 
2.83666 0.000855154 -1 1.05235 0.186561 0.018149 17.2056 7617.98 7 484.708 0.250044 2.94875 2 1 247.569 0.579493 427.216 82 10 11.8895 8.25388e-05 3.27982 2 
2.85708 0.000870058 -1 1.05615 0.186765 0.0204176 17.219 7671.53 8 898.665 0.227804 2.81517 2 1 427.368 0.393996 1084.7 82 15 10.2107 4.59693e-05 2.27216 3 
2.87749 0.000884542 -1 1.06002 0.18704 0.0204176 17.2407 7721.25 10 566.282 0.206316 2.20724 3 1 599.85 0.237498 2525.71 82 35 10.7517 7.42284e-05 1.40428 3 
2.89791 0.000893161 -1 1.06392 0.187219 0.0204176 17.2634 7770.41 8 922.153 0.219123 2.83801 3 1 748.69 0.265021 2825.03 82 38 14.4492 9.46293e-05 1.36904 3 
2.91833 0.000899816 -1 1.06776 0.1872 0.0204176 17.2845 7820.17 10 790.381 0.204294 2.28433 3 1 695.756 0.445303 1562.43 82 33 21.1437 9.31799e-05 1.45311 3 
2.93466 0.000905407 -1 1.07076 0.187357 0.0163341 17.2981 7873.24 7 558.529 0.309098 2.9193 2 1 499.389 0.283131 1763.81 82 15 12.7389 6.47589e-05 2.25384 3 
2.951 0.000913247 -1 1.07375 0.18745 0.0163341 17.3108 7926.62 8 460.674 0.332291 2.47021 2 1 474.231 0.296008 1602.09 82 13 8.91879 6.54114e-05 2.48298 3 
2.96733 0.00092218 -1 1.07676 0.187643 0.0163341 17.3225 7980.38 7 226.718 0.288702 2.59165 2 1 321.874 0.721199 446.304 82 11 9.48735 4.3e-05 3.06047 3 
2.98367 0.000931002 -1 1.07979 0.187923 0.0163341 17.3384 8032.1 6 532.3 0.363874 3.36926 2 1 242.241 0.242986 996.935 82 28 10.3383 8.64765e-05 1.51824 2 
3 0.000940552 -1 1.08286 0.188198 0.0163341 17.3517 8084.99 7 591.989 0.327153 2.91989 2 1 248.837 0.0480287 5181.02 82 18 11.1789 8.79093e-05 1.92121 2 

# Multigrid, 137 steps, 138.962 CPU, 17.37 real, 8.08e+03 points.step/s, 24 var
