0 0.00985624
0.0338878 0.00984992
0.0677756 0.00983285
0.101663 0.00980497
0.135551 0.0097672
0.169439 0.00971975
0.203327 0.00966276
0.237215 0.00959636
0.271102 0.0095207
0.30499 0.00943594
0.338878 0.00934223
0.372766 0.00923972
0.406653 0.00912859
0.440541 0.009009
0.474429 0.00888112
0.508317 0.00874511
0.542205 0.00860117
0.576092 0.00844948
0.60998 0.00829023
0.643868 0.00812189
0.677756 0.00794655
0.711644 0.00776432
0.745531 0.00757553
0.779419 0.0073803
0.813307 0.00717901
0.847195 0.00697176
0.881082 0.00675897
0.91497 0.00654074
0.948858 0.00631751
0.982746 0.00608937
1.01663 0.00585679
1.05052 0.00561985
1.08441 0.00537905
1.1183 0.00513447
1.15218 0.00488661
1.18607 0.00463556
1.21996 0.0043818
1.25385 0.00412543
1.28774 0.00386692
1.32162 0.00360632
1.35551 0.00334411
1.3894 0.00308032
1.42329 0.00281539
1.45717 0.00254934
1.49106 0.00228263
1.52495 0.00201527
1.55884 0.00174771
1.59273 0.00147999
1.62661 0.00121256
1.6605 0.000945466
1.69439 0.000679158
1.72828 0.000413706
1.76216 0.000149546
1.79605 0.000113621
1.82994 0.000374536
1.86383 0.000633256
1.89772 0.000889709
1.9316 0.00114352
1.96549 0.00139463
1.99938 0.00164267
2.03327 0.00188758
2.06716 0.00212903
2.10104 0.00236695
2.13493 0.00260105
2.16882 0.00283123
2.20271 0.00305724
2.23659 0.00327896
2.27048 0.00349614
2.30437 0.00370867
2.33826 0.0039163
2.37215 0.00411892
2.40603 0.00431629
2.43992 0.00450831
2.47381 0.00469478
2.5077 0.00487558
2.54158 0.00505058
2.57547 0.00521965
2.60936 0.00538269
2.64325 0.0055396
2.67714 0.00569027
2.71102 0.00583461
2.74491 0.00597255
2.7788 0.00610399
2.81269 0.00622885
2.84657 0.00634705
2.88046 0.00645853
2.91435 0.00656321
2.94824 0.00666105
2.98213 0.00675199
3.01601 0.00683599
3.0499 0.00691299
3.08379 0.00698297
3.11768 0.00704591
3.15156 0.00710181
3.18545 0.00715063
3.21934 0.00719241
3.25323 0.00722714
3.28712 0.00725486
3.321 0.00727557
3.35489 0.0072893
3.38878 0.00729611
3.42267 0.00729601
3.45655 0.00728903
3.49044 0.00727523
3.52433 0.00725467
3.55822 0.00722746
3.59211 0.00719365
3.62599 0.00715329
3.65988 0.0071065
3.69377 0.00705332
3.72766 0.00699388
3.76154 0.00692825
3.79543 0.00685655
3.82932 0.00677886
3.86321 0.00669533
3.8971 0.00660602
3.93098 0.00651112
3.96487 0.00641067
3.99876 0.00630491
4.03265 0.00619386
4.06653 0.00607775
4.10042 0.00595664
4.13431 0.00583074
4.1682 0.00570013
4.20209 0.00556502
4.23597 0.00542548
4.26986 0.00528175
4.30375 0.00513391
4.33764 0.0049822
4.37152 0.0048267
4.40541 0.0046677
4.4393 0.00450525
4.47319 0.00433967
4.50708 0.00417103
4.54096 0.00399964
4.57485 0.00382556
4.60874 0.00364913
4.64263 0.00347039
4.67651 0.00328966
4.7104 0.00310701
4.74429 0.00292273
4.77818 0.0027369
4.81207 0.00254982
4.84595 0.00236154
4.87984 0.00217237
4.91373 0.00198238
4.94762 0.00179186
4.9815 0.00160088
5.01539 0.00140975
5.04928 0.00121854
5.08317 0.00102753
5.11706 0.000836802
5.15094 0.000646656
5.18483 0.000457155
5.21872 0.000268591
5.25261 8.10334e-05
5.28649 0.000105495
5.32038 0.000290257
5.35427 0.000473386
5.38816 0.000654628
5.42205 0.000833915
5.45593 0.00101102
5.48982 0.00118587
5.52371 0.00135826
5.5576 0.00152814
5.59149 0.00169531
5.62537 0.00185973
5.65926 0.00202121
5.69315 0.00217965
5.72704 0.00233488
5.76092 0.0024868
5.79481 0.00263524
5.8287 0.00278008
5.86259 0.00292118
5.89648 0.00305844
5.93036 0.00319173
5.96425 0.00332098
5.99814 0.00344607
6.03203 0.00356696
6.06591 0.00368357
6.0998 0.00379583
6.13369 0.00390369
6.16758 0.00400709
6.20147 0.00410598
6.23535 0.00420033
6.26924 0.00429004
6.30313 0.0043751
6.33702 0.00445546
6.3709 0.00453105
6.40479 0.00460184
6.43868 0.00466779
6.47257 0.00472887
6.50646 0.00478504
6.54034 0.00483627
6.57423 0.00488254
6.60812 0.00492384
6.64201 0.00496015
6.67589 0.00499147
6.70978 0.00501778
6.74367 0.00503912
6.77756 0.00505547
6.81145 0.00506689
6.84533 0.00507336
6.87922 0.0050749
6.91311 0.00507154
6.947 0.00506331
6.98088 0.00505027
7.01477 0.00503246
7.04866 0.00500996
7.08255 0.0049828
7.11644 0.00495105
7.15032 0.00491476
7.18421 0.004874
7.2181 0.00482884
7.25199 0.00477935
7.28587 0.0047256
7.31976 0.0046677
7.35365 0.00460568
7.38754 0.00453969
7.42143 0.00446976
7.45531 0.00439603
7.4892 0.00431856
7.52309 0.00423748
7.55698 0.00415286
7.59086 0.00406485
7.62475 0.00397351
7.65864 0.00387899
7.69253 0.00378135
7.72642 0.00368078
7.7603 0.00357729
7.79419 0.0034711
7.82808 0.00336224
7.86197 0.0032509
7.89585 0.00313714
7.92974 0.00302116
7.96363 0.00290302
7.99752 0.00278293
8.03141 0.00266096
8.06529 0.0025373
8.09918 0.00241203
8.13307 0.00228534
8.16696 0.00215728
8.20084 0.00202806
8.23473 0.00189783
8.26862 0.00176666
8.30251 0.00163462
8.3364 0.00150189
8.37028 0.00136855
8.40417 0.00123477
8.43806 0.00110065
8.47195 0.000966457
8.50583 0.000832268
8.53972 0.00069816
8.57361 0.000564202
8.6075 0.00043058
8.64139 0.000297373
8.67527 0.00016477
8.70916 3.2858e-05
8.74305 9.85503e-05
8.77694 0.00022836
8.81082 0.000357057
8.84471 0.000484555
8.8786 0.000610678
8.91249 0.000735294
8.94638 0.000858352
8.98026 0.000979729
9.01415 0.00109937
9.04804 0.00121714
9.08193 0.00133299
9.11582 0.00144686
9.1497 0.00155856
9.18359 0.00166796
9.21748 0.00177497
9.25137 0.00187948
9.28525 0.00198142
9.31914 0.00208069
9.35303 0.00217726
9.38692 0.00227102
9.42081 0.00236195
9.45469 0.00244998
9.48858 0.00253506
9.52247 0.00261714
9.55636 0.00269616
9.59024 0.00277209
9.62413 0.00284488
9.65802 0.0029145
9.69191 0.00298088
9.7258 0.00304401
9.75968 0.00310383
9.79357 0.00316031
9.82746 0.00321343
9.86135 0.00326315
9.89523 0.00330945
9.92912 0.00335231
9.96301 0.00339171
9.9969 0.00342764
10.0308 0.00346007
10.0647 0.00348902
10.0986 0.00351446
10.1324 0.0035364
10.1663 0.00355483
10.2002 0.00356976
10.2341 0.00358123
10.268 0.00358921
10.3019 0.00359371
10.3358 0.00359474
10.3697 0.00359233
10.4036 0.00358649
10.4374 0.00357726
10.4713 0.00356467
10.5052 0.00354876
10.5391 0.00352955
10.573 0.00350713
10.6069 0.00348151
10.6408 0.00345274
10.6747 0.00342086
10.7085 0.00338593
10.7424 0.00334799
10.7763 0.0033071
10.8102 0.00326332
10.8441 0.00321671
10.878 0.00316733
10.9119 0.00311526
10.9458 0.00306055
10.9796 0.00300328
11.0135 0.00294352
11.0474 0.00288136
11.0813 0.00281684
11.1152 0.0027501
11.1491 0.00268116
11.183 0.00261015
11.2169 0.0025371
11.2507 0.00246214
11.2846 0.00238531
11.3185 0.00230674
11.3524 0.00222648
11.3863 0.00214463
11.4202 0.00206127
11.4541 0.00197651
11.488 0.00189041
11.5218 0.00180311
11.5557 0.00171469
11.5896 0.00162531
11.6235 0.001535
11.6574 0.00144389
11.6913 0.00135202
11.7252 0.00125953
11.7591 0.00116645
11.793 0.00107291
11.8268 0.000978955
11.8607 0.000884701
11.8946 0.000790204
11.9285 0.000695591
11.9624 0.000600972
11.9963 0.000506446
12.0302 0.00041205
12.0641 0.000317947
12.0979 0.000224178
12.1318 0.000130831
12.1657 3.79695e-05
12.1996 5.49588e-05
12.2335 0.000146535
12.2674 0.000237296
12.3013 0.00032714
12.3352 0.000416008
12.369 0.000503808
12.4029 0.000590485
12.4368 0.000675954
12.4707 0.000760164
12.5046 0.000843036
12.5385 0.000924602
12.5724 0.00100484
12.6063 0.00108357
12.6401 0.00116072
12.674 0.00123622
12.7079 0.00130999
12.7418 0.00138196
12.7757 0.00145207
12.8096 0.00152026
12.8435 0.00158646
12.8774 0.00165065
12.9112 0.00171276
12.9451 0.00177278
12.979 0.00183065
13.0129 0.00188637
13.0468 0.00193989
13.0807 0.00199119
13.1146 0.00204025
13.1485 0.00208704
13.1823 0.00213152
13.2162 0.00217368
13.2501 0.00221349
13.284 0.00225093
13.3179 0.00228597
13.3518 0.00231859
13.3857 0.00234877
13.4196 0.00237651
13.4535 0.00240178
13.4873 0.00242458
13.5212 0.0024449
13.5551 0.00246273
13.589 0.00247808
13.6229 0.00249098
13.6568 0.0025014
13.6907 0.00250934
13.7246 0.00251482
13.7584 0.00251783
13.7923 0.00251841
13.8262 0.00251656
13.8601 0.0025123
13.894 0.00250565
13.9279 0.00249664
13.9618 0.00248528
13.9957 0.00247162
14.0295 0.00245567
14.0634 0.00243747
14.0973 0.00241709
14.1312 0.00239452
14.1651 0.00236982
14.199 0.002343
14.2329 0.00231411
14.2668 0.0022832
14.3006 0.0022503
14.3345 0.00221546
14.3684 0.00217873
14.4023 0.00214015
14.4362 0.00209978
14.4701 0.00205765
14.504 0.00201384
14.5379 0.00196838
14.5717 0.00192134
14.6056 0.00187276
14.6395 0.00182272
14.6734 0.00177126
14.7073 0.00171846
14.7412 0.00166435
14.7751 0.00160903
14.809 0.00155252
14.8429 0.00149492
14.8767 0.00143626
14.9106 0.00137663
14.9445 0.00131607
14.9784 0.00125467
15.0123 0.00119246
15.0462 0.00112953
15.0801 0.00106594
15.114 0.00100175
15.1478 0.00093703
15.1817 0.000871849
15.2156 0.000806257
15.2495 0.000740337
15.2834 0.000674137
15.3173 0.000607738
15.3512 0.00054119
15.3851 0.000474579
15.4189 0.000407957
15.4528 0.00034141
15.4867 0.000275027
15.5206 0.000208858
15.5545 0.000142924
15.5884 7.73041e-05
15.6223 1.20503e-05
15.6562 5.2839e-05
15.69 0.00011716
15.7239 0.000180977
15.7578 0.000244157
15.7917 0.000306653
15.8256 0.000368406
15.8595 0.000429378
15.8934 0.000489515
15.9273 0.000548779
15.9611 0.000607114
15.995 0.000664475
16.0289 0.000720832
16.0628 0.000776129
16.0967 0.000830278
16.1306 0.000883231
16.1645 0.000934937
16.1984 0.000985359
16.2323 0.00103445
16.2661 0.00108219
16.3 0.00112854
16.3339 0.00117347
16.3678 0.00121697
16.4017 0.00125899
16.4356 0.00129952
16.4695 0.00133853
16.5034 0.00137601
16.5372 0.00141192
16.5711 0.00144624
16.605 0.00147896
16.6389 0.00151005
16.6728 0.00153949
16.7067 0.00156727
16.7406 0.00159337
16.7745 0.00161778
16.8083 0.00164048
16.8422 0.00166147
16.8761 0.00168074
16.91 0.00169827
16.9439 0.00171407
16.9778 0.00172816
17.0117 0.00174048
17.0456 0.00175107
17.0794 0.00175993
17.1133 0.00176704
17.1472 0.00177241
17.1811 0.00177604
17.215 0.00177794
17.2489 0.00177812
17.2828 0.00177659
17.3167 0.00177337
17.3505 0.00176846
17.3844 0.00176189
17.4183 0.00175367
17.4522 0.00174382
17.4861 0.00173236
17.52 0.00171932
17.5539 0.00170472
17.5878 0.00168857
17.6216 0.00167092
17.6555 0.00165182
17.6894 0.00163124
17.7233 0.00160926
17.7572 0.00158589
17.7911 0.00156115
17.825 0.00153508
17.8589 0.00150771
17.8928 0.00147909
17.9266 0.00144923
17.9605 0.00141819
17.9944 0.00138599
18.0283 0.00135269
18.0622 0.00131831
18.0961 0.00128291
18.13 0.00124652
18.1639 0.00120919
18.1977 0.00117095
18.2316 0.00113186
18.2655 0.00109195
18.2994 0.00105128
18.3333 0.00100987
18.3672 0.000967792
18.4011 0.000925069
18.435 0.000881754
18.4688 0.000837882
18.5027 0.000793507
18.5366 0.000748666
18.5705 0.000703413
18.6044 0.000657786
18.6383 0.000611844
18.6722 0.000565628
18.7061 0.000519195
18.7399 0.000472587
18.7738 0.000425861
18.8077 0.000379058
18.8416 0.00033225
18.8755 0.000285453
18.9094 0.000238716
18.9433 0.000192071
18.9772 0.000145563
19.011 9.92254e-05
19.0449 5.31036e-05
19.0788 7.23199e-06
19.1127 3.87644e-05
19.1466 8.3925e-05
19.1805 0.000128738
19.2144 0.000173105
19.2483 0.000216993
19.2822 0.000260381
19.316 0.000303239
19.3499 0.000345517
19.3838 0.000387183
19.4177 0.000428197
19.4516 0.000468525
19.4855 0.000508124
19.5194 0.000546957
19.5533 0.000584983
19.5871 0.000622168
19.621 0.000658477
19.6549 0.000693881
19.6888 0.00072835
19.7227 0.000761861
19.7566 0.000794392
19.7905 0.000825921
19.8244 0.000856429
19.8582 0.000885899
19.8921 0.000914311
19.926 0.000941649
19.9599 0.000967896
19.9938 0.000993035
20.0277 0.00101705
20.0616 0.00103993
20.0955 0.00106166
20.1293 0.00108222
20.1632 0.0011016
20.1971 0.0011198
20.231 0.00113681
20.2649 0.00115265
20.2988 0.00116724
20.3327 0.00118064
20.3666 0.00119284
20.4004 0.0012038
20.4343 0.00121354
20.4682 0.00122205
20.5021 0.00122932
20.536 0.00123537
20.5699 0.00124019
20.6038 0.00124379
20.6377 0.00124616
20.6716 0.00124732
20.7054 0.00124727
20.7393 0.00124602
20.7732 0.00124358
20.8071 0.00123996
20.841 0.00123517
20.8749 0.00122922
20.9088 0.00122212
20.9427 0.0012139
20.9765 0.00120455
21.0104 0.00119411
21.0443 0.00118259
21.0782 0.00117001
21.1121 0.00115638
21.146 0.00114172
21.1799 0.00112607
21.2138 0.00110943
21.2476 0.00109186
21.2815 0.00107334
21.3154 0.00105393
21.3493 0.00103361
21.3832 0.00101246
21.4171 0.000990481
21.451 0.000967696
21.4849 0.000944137
21.5187 0.000919828
21.5526 0.000894802
21.5865 0.000869085
21.6204 0.000842711
21.6543 0.000815707
21.6882 0.000788106
21.7221 0.000759937
21.756 0.000731234
21.7898 0.000702025
21.8237 0.000672345
21.8576 0.000642222
21.8915 0.000611691
21.9254 0.000580779
21.9593 0.000549521
21.9932 0.000517945
22.0271 0.000486087
22.061 0.000453974
22.0948 0.000421642
22.1287 0.00038912
22.1626 0.000356445
22.1965 0.000323646
22.2304 0.000290762
22.2643 0.00025782
22.2982 0.00022486
22.3321 0.000191908
22.3659 0.000159002
22.3998 0.00012617
22.4337 9.34454e-05
22.4676 6.08566e-05
22.5015 2.84373e-05
22.5354 4.04357e-06
22.5693 3.60099e-05
22.6032 6.77184e-05
22.637 9.91445e-05
22.6709 0.000130259
22.7048 0.000161038
22.7387 0.000191453
22.7726 0.00022148
22.8065 0.000251091
22.8404 0.000280263
22.8743 0.000308969
22.9081 0.000337186
22.942 0.000364887
22.9759 0.000392071
23.0098 0.000418691
23.0437 0.000444723
23.0776 0.000470145
23.1115 0.000494934
23.1454 0.00051907
23.1792 0.000542534
23.2131 0.000565308
23.247 0.000587378
23.2809 0.000608728
23.3148 0.000629346
23.3487 0.000649218
23.3826 0.000668334
23.4165 0.00068668
23.4503 0.000704251
23.4842 0.000721072
23.5181 0.000737049
23.552 0.000752245
23.5859 0.000766586
23.6198 0.000780125
23.6537 0.000792832
23.6876 0.000804689
23.7215 0.000815691
23.7553 0.000825833
23.7892 0.000835112
23.8231 0.000843525
23.857 0.000851069
23.8909 0.000857743
23.9248 0.000863547
23.9587 0.00086848
23.9926 0.000872543
24.0264 0.000875739
24.0603 0.000878071
24.0942 0.000879543
24.1281 0.000880158
24.162 0.000879923
24.1959 0.000878843
24.2298 0.000876926
24.2637 0.000874179
24.2975 0.000870609
24.3314 0.000866228
24.3653 0.000861043
24.3992 0.000855067
24.4331 0.000848309
24.467 0.000840784
24.5009 0.000832503
24.5348 0.000823479
24.5686 0.000813724
24.6025 0.000803254
24.6364 0.000792084
24.6703 0.000780228
24.7042 0.000767703
24.7381 0.000754526
24.772 0.000740713
24.8059 0.000726282
24.8397 0.000711251
24.8736 0.00069564
24.9075 0.000679466
24.9414 0.000662789
24.9753 0.000645554
