t sb -1 xb vb dt perf.t perf.speed
0 0 -1 0.5 0 0.00134247 0 0 
0.00134247 0 -1 0.5 -0.000266342 0.00134247 0.004442 230527 1 348.056 51.6616 6.73723 4 
0.00390324 2.20773e-06 -1 0.499998 -0.000683078 0.00256077 0.00754 271618 1 68.9775 15.1602 4.54991 4 1 80.8409 20.7903 3.88839 4 1 0.000425699 6.73979e-09 63162.1 4 
0.00757493 -3.83066e-05 -1 0.499995 0.00185627 0.00367169 0.011788 260604 4 28.6466 6.53681 1.44686 4 1 96.3883 20.5694 4.686 4 1 0.000633547 2.64499e-08 23952.7 4 
0.0122506 -8.21157e-05 -1 0.500004 0.00540644 0.00467566 0.014516 282171 1 5.60774 2.99602 1.87173 4 1 29.207 2.17237 13.4447 4 1 0.00169 2.17951e-07 7754.01 4 
0.0178456 -0.000106364 -1 0.500034 0.00959478 0.00559504 0.017249 296829 1 2.82732 0.972958 2.9059 4 1 13.2091 5.66993 2.32968 4 1 0.00288569 6.72977e-07 4287.94 4 
0.0242727 -9.42123e-05 -1 0.500094 0.0136383 0.00642706 0.020321 302347 2 3.81954 2.31966 1.2832 4 1 18.1544 9.28849 1.95451 4 1 0.00426019 1.52987e-06 2784.68 4 
0.0314604 -5.36174e-05 -1 0.500191 0.0170301 0.00718775 0.024021 298406 3 4.07761 1.72497 1.33211 4 2 16.3873 6.3579 1.60545 4 1 0.00548911 2.7531e-06 1993.79 4 
0.0393345 -1.61573e-05 -1 0.500323 0.0205309 0.00787411 0.02612 313629 1 3.11656 0.894634 3.48362 4 1 14.1492 2.85415 4.95741 4 1 0.00644479 4.21801e-06 1527.92 4 
0.0478178 1.07618e-05 -1 0.500495 0.0241831 0.00848328 0.028125 327680 1 3.25064 0.291436 11.1539 4 1 5.36971 1.29171 4.15704 4 1 0.00755266 6.17866e-06 1222.38 4 
0.0568736 2.03849e-05 -1 0.50071 0.0280995 0.00905577 0.030124 339928 1 3.3843 0.529066 6.39675 4 1 11.0447 0.328424 33.6295 4 1 0.00868629 8.61997e-06 1007.69 4 
0.0664603 1.12765e-05 -1 0.500976 0.0323242 0.00958673 0.032123 350652 1 3.60686 0.940276 3.83596 4 1 8.46568 0.987164 8.57576 4 1 0.0098514 1.15491e-05 853.002 4 
0.0765067 -1.32591e-05 -1 0.501297 0.0370138 0.0100464 0.034474 356443 2 3.56192 0.683828 2.28228 4 1 10.0524 1.13724 8.83933 4 1 0.0109804 1.4738e-05 745.039 4 
0.0869852 -3.95488e-05 -1 0.501681 0.0420334 0.0104785 0.036516 364553 1 3.28586 0.872897 3.76431 4 1 9.60105 0.594776 16.1423 4 1 0.0123696 1.84355e-05 670.968 4 
0.0978546 -6.15684e-05 -1 0.502134 0.0472561 0.0108695 0.039054 367081 3 867.47 0.338651 13.6826 2 1 3.05673 0.224596 13.6099 4 1 0.0138172 2.2251e-05 620.97 4 
0.10906 -7.01681e-05 -1 0.502661 0.0525669 0.0112052 0.041654 368752 4 891.767 0.365426 7.02851 2 1 16.2082 0.681919 23.7685 4 1 0.0151038 2.59094e-05 582.945 4 
0.120578 -6.34051e-05 -1 0.503264 0.0579184 0.0115177 0.043778 374252 2 13.5925 0.324105 6.47601 2 1 4.39759 0.981414 4.48087 4 1 0.0162148 2.94329e-05 550.908 4 
0.132378 -5.04778e-05 -1 0.503945 0.0632796 0.0118009 0.045943 378904 2 13.9666 0.359254 6.23512 2 1 7.15681 1.14034 6.27604 4 1 0.0171671 3.27411e-05 524.327 4 
0.144478 -3.25317e-05 -1 0.504709 0.0685663 0.0120997 0.048066 383473 2 12.8175 0.420561 5.52061 2 1 4.62799 1.07051 4.32316 4 1 0.0180378 3.68896e-05 488.968 4 
0.156786 -1.28832e-05 -1 0.505553 0.0738322 0.0123083 0.050193 387624 2 11.1759 0.319148 5.91758 2 1 5.22914 0.779662 6.70693 4 1 0.0187238 4.03235e-05 464.341 4 
0.169312 4.41434e-06 -1 0.506478 0.0789794 0.0125252 0.052883 387270 4 847.974 0.233765 7.76069 2 1 5.4473 0.607966 8.95988 4 1 0.0189927 4.39653e-05 431.992 4 
0.182062 1.30323e-05 -1 0.507488 0.0842026 0.0127508 0.05501 390911 2 8.61999 0.15194 7.53212 2 1 5.3416 0.336831 15.8584 4 1 0.0192763 4.76863e-05 404.231 4 
0.194989 1.46852e-05 -1 0.50858 0.0894905 0.0129263 0.057411 392399 3 943.414 0.52939 12.1239 2 1 5.09696 0.305317 16.694 4 1 0.0195487 5.09933e-05 383.358 4 
0.208096 1.95508e-06 -1 0.509758 0.0947741 0.0131075 0.060029 392344 4 794.181 0.462016 6.43896 2 1 7.32476 0.45683 16.0339 4 1 0.0199649 5.46295e-05 365.46 4 
0.221328 -4.30224e-06 -1 0.511019 0.100109 0.0132318 0.062149 395437 2 19.6042 0.269609 8.52723 2 1 6.02911 0.370257 16.2836 4 1 0.0202595 5.75284e-05 352.165 4 
0.234687 -4.96601e-06 -1 0.512363 0.105509 0.013359 0.064747 395385 4 1001.64 0.137278 9.24225 2 1 6.23476 0.490722 12.7053 4 1 0.0231094 6.06282e-05 381.165 4 
0.248176 -2.3724e-06 -1 0.513795 0.110818 0.0134893 0.067381 395126 4 589.105 0.275359 6.80101 2 1 7.26651 0.375292 19.3623 4 1 0.0249113 6.40568e-05 388.894 4 
0.261799 1.52179e-06 -1 0.515314 0.116071 0.0136229 0.069512 397744 2 15.7295 0.420076 6.11919 2 1 7.36561 0.369569 19.9303 4 1 0.0259668 6.74434e-05 385.017 4 
0.27549 1.1149e-05 -1 0.516913 0.121286 0.013691 0.071862 398987 3 13.4825 0.199 4.07667 2 1 6.77213 0.37662 17.9813 4 1 0.0269973 6.98083e-05 386.736 4 
0.28932 1.9352e-05 -1 0.518601 0.126396 0.01383 0.074693 397574 5 633.346 0.224892 4.89704 2 1 8.21916 0.275823 29.7987 4 1 0.0261175 7.42936e-05 351.545 4 
0.303221 2.05362e-05 -1 0.520369 0.131413 0.0139009 0.077328 397269 4 846.219 0.224803 7.83285 2 1 16.792 0.331479 50.6577 4 1 0.0299292 7.92105e-05 377.844 4 
0.317194 1.82241e-05 -1 0.522217 0.136413 0.0139729 0.08017 395959 5 813.796 0.204256 5.2489 2 1 12.0885 0.562564 21.4882 4 1 0.0340111 8.44973e-05 402.512 4 
0.33124 1.38635e-05 -1 0.524138 0.141337 0.0140461 0.082526 397063 3 21.4218 0.117609 5.66855 2 1 12.2904 0.5378 22.8531 4 1 0.0326646 8.73253e-05 374.056 4 
0.345361 1.0888e-05 -1 0.526134 0.146262 0.0141204 0.085118 397002 4 1071.43 0.343126 7.47529 2 1 15.3536 0.711934 21.566 4 1 0.0374853 9.37862e-05 399.689 4 
0.359481 9.81132e-06 -1 0.528183 0.151125 0.0141204 0.087781 396623 4 833.179 0.096337 9.64354 2 1 15.5465 0.73395 21.1819 4 1 0.033372 9.66712e-05 345.212 4 
0.373677 1.14557e-05 -1 0.530302 0.155811 0.0141963 0.090371 396587 4 972.418 0.284573 7.64566 2 1 15.3666 1.06538 14.4236 4 1 0.0345023 9.74137e-05 354.183 4 
0.387951 1.41835e-05 -1 0.5325 0.160424 0.0142735 0.093624 393745 5 1047.92 0.193594 5.58068 2 1 16.7964 1.42085 11.8214 4 2 0.0360743 1.05194e-06 185.184 3 
0.402224 1.29088e-05 -1 0.53477 0.16484 0.0142735 0.096315 393376 3 32.8683 0.105461 6.77999 2 1 16.8335 1.47106 11.4432 4 2 0.0395282 3.29081e-05 34.6579 2 
0.416577 1.54534e-05 -1 0.537132 0.16929 0.0143524 0.099397 391481 4 943.174 0.13391 9.16104 2 1 17.6313 1.38448 12.7349 4 3 0.037415 6.51431e-06 17.9085 2 
0.430929 1.26222e-05 -1 0.539571 0.173474 0.0143524 0.101978 391614 2 25.2362 0.374054 8.21381 2 1 18.7722 1.38419 13.5618 4 3 0.0368722 7.50661e-06 16.9988 2 
0.445362 2.48032e-05 -1 0.542088 0.177667 0.014433 0.10527 389095 5 947.288 0.159729 5.68355 2 1 26.658 1.15706 23.0395 4 3 0.0428035 6.3346e-06 18.9054 2 
0.459795 3.03037e-05 -1 0.544672 0.181681 0.014433 0.107833 389343 3 29.1772 0.204699 5.22368 2 1 16.783 1.45461 11.5377 4 2 0.0390415 6.92007e-05 23.7524 2 
0.474228 3.79114e-05 -1 0.547311 0.185453 0.014433 0.110574 388952 4 1003.27 0.174864 8.7032 2 1 17.8006 1.24368 14.3128 4 2 0.0432903 4.99264e-05 29.4463 2 
0.488744 3.80854e-05 -1 0.550021 0.189294 0.0145159 0.113547 387787 5 884.283 0.286641 4.98713 2 1 19.6078 1.3148 14.9131 4 2 0.0457271 6.00853e-05 27.5869 2 
0.50326 3.41002e-05 -1 0.552772 0.192862 0.0145159 0.116339 387282 4 612.889 0.365591 6.39877 2 1 22.4396 0.830986 27.0036 4 2 0.048689 5.31666e-05 30.2619 2 
0.517776 3.71223e-05 -1 0.555548 0.196405 0.0145159 0.119061 387028 4 921.764 0.215347 8.08854 2 1 27.3878 1.51079 18.1281 4 2 0.0386169 3.89747e-05 31.4773 2 
0.532292 4.59805e-05 -1 0.558379 0.199864 0.0145159 0.122146 385637 4 982.792 0.236562 8.0284 2 2 26.8151 0.13467 14.1109 4 2 0.0406801 3.84133e-05 32.5424 2 
0.546808 4.83031e-05 -1 0.561267 0.203055 0.0145159 0.125179 384473 4 926.213 0.28379 7.55838 2 2 25.2627 0.180667 11.825 3 2 0.0399085 3.51031e-05 33.7179 2 
0.56141 5.56129e-05 -1 0.56422 0.206005 0.0146023 0.128176 383473 4 819.75 0.42086 6.64333 2 2 23.5647 0.256749 9.58024 3 2 0.0394309 3.60401e-05 33.0769 2 
0.576012 7.97333e-05 -1 0.567225 0.208813 0.0146023 0.131088 382766 4 1013.91 0.437862 6.9369 2 2 26.8769 0.367603 8.55067 2 2 0.0487335 3.58323e-05 36.8788 2 
0.590615 6.66664e-05 -1 0.570268 0.211589 0.0146023 0.133718 382895 3 21.6661 0.242749 4.46897 2 2 24.1458 0.805458 5.47518 2 2 0.0481898 3.49787e-05 37.1173 2 
0.605217 6.55838e-05 -1 0.573373 0.21432 0.0146023 0.136367 382967 3 1030.91 0.458786 13.098 2 2 21.1539 0.983922 4.63676 2 2 0.0514665 3.40374e-05 38.8852 2 
0.619819 5.75755e-05 -1 0.576497 0.216836 0.0146023 0.139212 382496 4 1121.26 0.1864 8.80674 2 2 25.7751 0.609081 6.50523 2 2 0.0469637 3.5422e-05 36.412 2 
0.634422 6.42091e-05 -1 0.579632 0.219172 0.0146023 0.142225 381593 4 858.445 0.188631 8.21343 2 2 25.1279 0.579777 6.58337 2 2 0.0416535 3.87988e-05 32.7655 2 
0.649024 7.28292e-05 -1 0.582816 0.221289 0.0146023 0.145323 380504 5 949.36 0.266345 5.13331 2 2 31.7072 0.732194 6.5806 2 2 0.0390607 4.60312e-05 29.1302 2 
0.663626 8.51483e-05 -1 0.586053 0.223281 0.0146023 0.148454 379377 5 503.218 0.232743 4.6449 2 2 33.4042 0.865301 6.21322 2 2 0.0457726 6.39791e-05 26.7475 2 
0.678321 9.34866e-05 -1 0.589346 0.225112 0.0146942 0.151548 378388 5 604.024 0.219216 4.87569 2 2 25.3622 0.673125 6.13826 2 2 0.0428605 7.17913e-05 24.4339 2 
0.693015 9.76292e-05 -1 0.592679 0.226939 0.0146942 0.154398 378036 4 940.475 0.309821 7.42265 2 2 25.1061 0.736392 5.83896 2 2 0.0481475 6.01247e-05 28.2983 2 
0.707709 9.64643e-05 -1 0.596024 0.228528 0.0146942 0.157278 377624 4 860.307 0.146532 8.75347 2 2 23.2115 0.785247 5.43687 2 2 0.0480281 4.56628e-05 32.4315 2 
0.722403 9.70296e-05 -1 0.599345 0.230028 0.0146942 0.159663 378397 2 28.6356 0.451897 7.96037 2 2 25.3032 0.715113 5.9484 2 2 0.0413073 4.2494e-05 31.1781 2 
0.737097 0.000109961 -1 0.602661 0.231339 0.0146942 0.162514 378060 4 967.563 0.425872 6.90399 2 2 25.4144 0.763357 5.77001 2 2 0.0459528 4.02463e-05 33.7904 2 
0.751791 0.000103486 -1 0.606019 0.232636 0.0146942 0.165375 377711 3 479.981 0.215275 13.064 2 2 27.6385 1.06171 5.10215 2 2 0.0434976 4.06623e-05 32.7067 2 
0.766486 0.000102607 -1 0.609426 0.233732 0.0146942 0.168854 375993 5 980.284 0.105781 6.21425 2 2 26.7657 0.990702 5.19778 2 3 0.0500718 6.75802e-06 19.4951 2 
0.78118 0.000102245 -1 0.612887 0.234739 0.0146942 0.172278 374465 5 898.698 0.108613 6.075 2 2 23.0161 0.748796 5.54414 2 3 0.0476851 8.29184e-06 17.9161 2 
0.795874 0.000102858 -1 0.616372 0.235615 0.0146942 0.175223 374015 3 30.9944 0.312312 4.62983 2 2 24.8293 0.5643 6.63326 2 3 0.0447684 5.15029e-06 20.5611 2 
0.810568 0.000114675 -1 0.619826 0.236384 0.0146942 0.17815 373618 4 1442.2 0.437815 7.5759 2 2 21.7175 0.482416 6.70956 2 2 0.0494687 6.88669e-05 26.8016 2 
0.825262 0.000130704 -1 0.62324 0.237113 0.0146942 0.181039 373312 4 832.448 0.331185 7.08062 2 2 20.9739 0.548363 6.18452 2 2 0.0482404 6.94965e-05 26.3466 2 
0.839956 0.00013895 -1 0.6267 0.237643 0.0146942 0.183914 373044 4 944.342 0.190839 8.38717 2 2 25.0787 0.996698 5.01615 2 2 0.0422145 5.21569e-05 28.4495 2 
0.854651 0.000149583 -1 0.63019 0.238135 0.0146942 0.186814 372734 4 257.533 0.261224 5.60345 2 2 24.5861 0.839635 5.41127 2 2 0.0458492 3.50148e-05 36.1859 2 
0.869345 0.000158503 -1 0.633714 0.238614 0.0146942 0.189685 372491 4 863.568 0.230121 7.82681 2 2 26.1886 0.673127 6.23746 2 2 0.0477019 3.43705e-05 37.2542 2 
0.884039 0.000170051 -1 0.637247 0.238963 0.0146942 0.192792 371800 5 1230.68 0.152173 6.0473 2 2 27.6439 0.818023 5.81322 2 2 0.0463079 3.38923e-05 36.9639 2 
0.898733 0.000167588 -1 0.640736 0.23933 0.0146942 0.195669 371566 4 1118.77 0.233215 8.32235 2 2 21.657 0.710004 5.52291 2 2 0.0444696 3.92628e-05 33.6544 2 
0.913427 0.000172829 -1 0.644136 0.239567 0.0146942 0.19855 371332 4 853.923 0.22147 7.88 2 2 19.5464 1.17215 4.08358 2 2 0.0518186 5.71466e-05 30.1126 2 
0.928121 0.000174416 -1 0.647602 0.239677 0.0146942 0.201411 371142 4 760.052 0.153849 8.38372 2 2 29.2783 1.4966 4.42303 2 2 0.0533435 8.09997e-05 25.6625 2 
0.942816 0.000182962 -1 0.651115 0.239738 0.0146942 0.20428 370942 4 360.308 0.14312 7.08342 2 2 28.4522 1.53705 4.30243 2 2 0.0608168 9.17507e-05 25.7458 2 
0.95751 0.000189629 -1 0.654674 0.239777 0.0146942 0.207441 370226 5 842.385 0.230347 5.15971 2 2 30.9823 0.581651 7.29837 2 2 0.0594013 7.12151e-05 28.881 2 
0.972204 0.000198407 -1 0.658255 0.239746 0.0146942 0.21032 370027 4 877.929 0.208986 8.05073 2 2 28.2594 0.57649 7.00142 2 2 0.0527213 5.58529e-05 30.7234 2 
0.986898 0.000207864 -1 0.661844 0.239622 0.0146942 0.213678 369004 6 1374.7 0.263332 4.16502 2 2 24.9907 0.665571 6.12763 2 2 0.0464425 5.68996e-05 28.5695 2 
1.00159 0.000216927 -1 0.665253 0.239538 0.0146942 0.216837 368350 5 1620.72 0.249325 5.7888 2 2 21.8863 1.03401 4.6007 2 2 0.0556802 7.91158e-05 26.5289 2 
1.01629 0.000218416 -1 0.668696 0.23934 0.0146942 0.219954 367786 5 774.594 0.20289 5.20431 2 2 47.0621 1.30124 6.01392 2 2 0.0663799 8.14741e-05 28.5436 2 
1.03098 0.000213163 -1 0.672167 0.23909 0.0146942 0.223066 367246 5 908.884 0.420621 4.64433 2 2 26.63 1.20018 4.71045 2 2 0.0747519 8.23471e-05 30.1291 2 
1.04567 0.000223712 -1 0.675676 0.238788 0.0146942 0.226442 366292 6 720.324 0.27113 3.72156 2 2 26.6812 1.1464 4.8243 2 2 0.0822568 8.26699e-05 31.5437 2 
1.06037 0.000231149 -1 0.679203 0.238597 0.0146942 0.229615 365690 5 1801.31 0.447266 5.26023 2 2 28.0902 1.35728 4.54929 2 2 0.0726244 7.75342e-05 30.6052 2 
1.07506 0.000225481 -1 0.682777 0.238209 0.0146942 0.232811 365069 4 75.7199 0.358296 3.81278 2 2 24.0401 1.43397 4.09447 2 3 0.0686648 6.66772e-06 21.7563 2 
1.08976 0.000227799 -1 0.686265 0.237777 0.0146942 0.236006 364465 4 764.727 0.18564 8.01141 2 2 35.6076 1.01647 5.91868 2 3 0.0669508 8.62117e-06 19.8029 2 
1.10445 0.000229415 -1 0.689658 0.237157 0.0146942 0.239235 363826 4 807.489 0.257255 7.48503 2 2 29.1359 0.928712 5.6011 2 3 0.0755522 5.03643e-06 24.6628 2 
1.11915 0.000230065 -1 0.693073 0.236587 0.0146942 0.24212 363720 4 754.197 0.141589 8.54307 2 2 35.6351 0.639138 7.46693 2 2 0.0710746 8.46503e-05 28.9763 2 
1.13384 0.000234805 -1 0.696531 0.235992 0.0146942 0.24501 363610 4 1241.7 0.170079 9.24361 2 2 24.3014 0.589258 6.42189 2 2 0.066859 9.71079e-05 26.2393 2 
1.14853 0.000234412 -1 0.700012 0.235447 0.0146942 0.247929 363459 4 696.923 0.174294 7.95198 2 2 34.0442 0.626766 7.37002 2 2 0.0697353 9.09167e-05 27.6952 2 
1.16323 0.000229045 -1 0.703529 0.234781 0.0146942 0.250806 363372 4 711.712 0.3873 6.54733 2 2 36.9725 0.661867 7.47402 2 2 0.0836712 8.48847e-05 31.3959 2 
1.17792 0.000234246 -1 0.707032 0.234105 0.0146942 0.25369 363278 4 800.923 0.367997 6.83025 2 2 44.2918 0.753173 7.66856 2 2 0.0915515 8.14482e-05 33.5268 2 
1.19262 0.000231091 -1 0.710448 0.233434 0.0146942 0.256575 363184 4 1313.26 0.351311 7.81924 2 2 46.31 0.662758 8.35911 2 2 0.0771315 7.82542e-05 31.3951 2 
1.20731 0.000227426 -1 0.713767 0.23282 0.0146942 0.259494 363045 4 984.819 0.30019 7.56815 2 2 31.4381 0.578033 7.37483 2 2 0.0607634 7.24544e-05 28.9593 2 
1.222 0.000226716 -1 0.717083 0.232222 0.0146942 0.262373 362964 4 1877.47 0.388669 8.33678 2 2 26.0841 0.616012 6.50719 2 2 0.067315 6.70614e-05 31.6825 2 
1.2367 0.000216393 -1 0.72045 0.231495 0.0146942 0.265022 363200 3 140.175 0.212829 8.70055 2 2 34.8533 0.83843 6.44745 2 2 0.0839147 6.02135e-05 37.3312 2 
1.25139 0.00021744 -1 0.723867 0.230859 0.0146942 0.268187 362732 5 1139.04 0.197705 5.65072 2 2 51.7937 0.672966 8.77287 2 2 0.0967802 5.90334e-05 40.4897 2 
1.26609 0.000226553 -1 0.727312 0.230187 0.0146942 0.271075 362645 4 909.79 0.319579 7.3045 2 2 34.3916 0.680579 7.10865 2 2 0.110339 6.41079e-05 41.4868 2 
1.28078 0.000228154 -1 0.730766 0.229499 0.0146942 0.273751 362841 3 55.2951 0.151383 7.14831 2 2 38.6987 0.549628 8.391 2 2 0.120988 8.22531e-05 38.3526 2 
1.29548 0.000233157 -1 0.734143 0.228802 0.0146942 0.276935 362367 4 2791 0.398802 9.14641 2 2 41.5442 0.580503 8.45967 2 3 0.117372 2.49966e-06 36.0768 2 
1.31017 0.00024929 -1 0.737482 0.228155 0.0146942 0.280163 361846 4 695.129 0.130364 8.5453 2 2 34.1501 0.748813 6.7532 2 3 0.0984721 3.78816e-06 29.6229 2 
1.32486 0.00025084 -1 0.740756 0.227514 0.0146942 0.283345 361397 4 763.773 0.317217 7.0049 2 2 46.7348 0.949048 7.0174 2 3 0.0912887 4.37776e-06 27.5246 2 
1.33956 0.000254229 -1 0.744031 0.226904 0.0146942 0.286537 360945 4 788.257 0.146354 8.56674 2 2 42.0975 0.851284 7.03219 2 3 0.104485 3.80143e-06 30.1788 2 
1.35425 0.000252323 -1 0.747324 0.22623 0.0146942 0.289753 360473 4 719.798 0.166103 8.11351 2 2 33.8802 1.01938 5.76507 2 3 0.118603 2.70137e-06 35.278 2 
1.36895 0.00025433 -1 0.750648 0.225682 0.0146942 0.292648 360406 4 1596.2 0.404526 7.92566 2 2 57.2602 1.14518 7.07113 2 2 0.130084 9.11174e-05 37.7843 2 
1.38364 0.000232572 -1 0.754004 0.224981 0.0146942 0.295844 359973 4 753.121 0.173459 8.11741 2 2 36.434 1.62048 4.74168 2 3 0.129217 8.54857e-06 24.7253 2 
1.39834 0.000223177 -1 0.757331 0.22425 0.0146942 0.29883 359803 3 41.7547 0.141481 6.65788 2 2 39.1955 1.0209 6.1962 2 3 0.125208 8.71703e-06 24.3083 2 
1.41303 0.000229785 -1 0.760617 0.22357 0.0146942 0.301744 359722 4 805.159 0.305913 7.1626 2 2 49.4631 0.628531 8.87109 2 2 0.125469 8.909e-05 37.5279 2 
1.42772 0.00023775 -1 0.763896 0.222848 0.0146942 0.304627 359679 4 703.544 0.30465 6.93223 2 2 80.4479 1.00788 8.93415 2 2 0.125142 8.18504e-05 39.1014 2 
1.44242 0.000229609 -1 0.767127 0.222144 0.0146942 0.307543 359598 4 163.376 0.179868 5.48983 2 2 52.7891 0.782629 8.21286 2 2 0.104517 7.46696e-05 37.4129 2 
1.45711 0.000225907 -1 0.770335 0.221502 0.0146942 0.310429 359554 4 541.666 0.304154 6.4962 2 2 51.5763 0.78859 8.08722 2 2 0.0929052 5.54313e-05 40.9395 2 
1.47181 0.000223434 -1 0.773555 0.220508 0.0146942 0.313853 358894 6 2450.94 0.462197 4.17591 3 2 53.8524 0.82186 8.09476 2 2 0.117841 5.82602e-05 44.9741 2 
1.4865 0.000246634 -1 0.776804 0.219779 0.0146942 0.316807 358780 4 195.995 0.350758 4.86194 2 2 65.6688 1.05815 7.87783 2 2 0.119855 6.14773e-05 44.1541 2 
1.50119 0.000254084 -1 0.780067 0.218963 0.0146942 0.320244 358127 6 1099.24 0.242567 4.06796 2 2 55.911 0.570801 9.89706 2 2 0.135179 6.42261e-05 45.8774 2 
1.51589 0.000261647 -1 0.783288 0.218279 0.0146942 0.323304 357905 4 773.277 0.084812 9.77168 2 2 44.7317 0.80179 7.46926 2 2 0.14979 6.22201e-05 49.0655 2 
1.53058 0.000266604 -1 0.786465 0.217569 0.0146942 0.326217 357848 4 2915.73 0.412215 9.17077 2 2 48.8506 1.81101 5.19368 2 2 0.163528 6.9504e-05 48.5056 2 
1.54528 0.000255873 -1 0.789658 0.216806 0.0146942 0.329258 357653 3 164.903 0.200037 9.37647 2 3 125.997 0.406987 6.76487 2 2 0.163512 9.42569e-05 41.6503 2 
1.55997 0.000252444 -1 0.792822 0.215979 0.0146942 0.332986 356724 4 718.802 0.207864 7.66845 2 3 31.5546 0.473503 4.05428 2 3 0.150177 2.8108e-06 37.6638 2 
1.57467 0.000253963 -1 0.795959 0.215132 0.0146942 0.336104 356461 4 132.72 0.120649 5.75909 2 2 43.0031 0.895716 6.9289 2 2 0.159317 9.14405e-05 41.741 2 
1.58936 0.000258983 -1 0.799084 0.214313 0.0146942 0.338986 356451 3 109.139 0.168404 8.65385 2 2 41.2072 0.52576 8.85305 2 2 0.169294 7.24146e-05 48.3513 2 
1.60405 0.000263909 -1 0.802233 0.213558 0.0146942 0.341854 356456 3 52.0538 0.175231 6.67238 2 2 44.6413 0.623958 8.45845 2 2 0.171879 6.44118e-05 51.6569 2 
1.61875 0.000265815 -1 0.805392 0.212824 0.0146942 0.345233 355934 5 1893 0.260178 5.92074 2 2 48.0551 0.683322 8.38605 2 2 0.166339 6.61188e-05 50.1573 2 
1.63344 0.000258319 -1 0.808572 0.212121 0.0146942 0.34861 355423 5 792.923 0.268965 4.94205 2 2 59.7856 0.931392 8.01183 2 2 0.169874 7.51206e-05 47.5537 2 
1.64814 0.000246851 -1 0.811691 0.211392 0.0146942 0.35155 355363 4 628.207 0.225425 7.26566 2 2 60.7975 0.857298 8.42126 2 2 0.16099 8.82219e-05 42.7181 2 
1.66283 0.000240586 -1 0.814789 0.21072 0.0146942 0.354917 354877 5 675.765 0.190112 5.13047 2 3 149.921 0.243346 8.50902 2 2 0.163599 9.92508e-05 40.5997 2 
1.67752 0.000236136 -1 0.817852 0.210175 0.0146942 0.35841 354276 4 1734.88 0.399587 8.11736 2 2 69.8137 0.748852 9.65545 2 3 0.163808 3.37244e-06 36.4863 2 
1.69222 0.000221673 -1 0.8209 0.209607 0.0146942 0.36158 354002 3 127.41 0.285448 7.64233 2 2 64.8458 0.631228 10.1356 2 3 0.163595 8.82506e-06 26.4658 2 
1.70691 0.000218246 -1 0.823909 0.20888 0.0146942 0.365263 353236 5 3601.12 0.200452 7.0939 2 2 36.9714 0.592797 7.89733 2 3 0.172315 1.13748e-05 24.7434 2 
1.72161 0.000224955 -1 0.826939 0.208121 0.0146942 0.368699 352721 4 1237.05 0.277168 8.17355 2 2 58.1596 0.686353 9.20527 2 3 0.170768 7.50912e-06 28.3317 2 
1.7363 0.000234727 -1 0.829985 0.207385 0.0146942 0.3715 352818 3 185.163 0.256934 8.96556 2 2 53.7417 0.582547 9.60485 2 2 0.191489 8.59324e-05 47.2055 2 
1.751 0.000241761 -1 0.833062 0.206697 0.0146942 0.374392 352828 4 1674.44 0.206148 9.49342 2 2 41.1278 0.761871 7.34728 2 2 0.202888 9.34106e-05 46.6047 2 
1.76569 0.000253893 -1 0.836151 0.206117 0.0146942 0.377311 352812 4 621.782 0.15622 7.94283 2 2 36.4718 0.560459 8.0669 2 2 0.219336 9.63465e-05 47.713 2 
1.78038 0.000255383 -1 0.839242 0.205504 0.0146942 0.38031 352723 4 660.358 0.45179 6.18316 2 2 156.746 0.991022 12.5764 2 2 0.239963 9.68172e-05 49.7847 2 
1.79508 0.000238616 -1 0.842269 0.204938 0.0146942 0.383189 352745 4 721.3 0.365692 6.66423 2 2 35.479 0.559972 7.95981 2 2 0.225434 9.96141e-05 47.5718 2 
1.80977 0.000233617 -1 0.845279 0.204525 0.0146942 0.386384 352478 4 1061.14 0.105825 10.0068 2 2 53.8016 1.04373 7.17965 2 3 0.210253 3.27089e-06 40.0583 2 
1.82447 0.000234733 -1 0.848249 0.204071 0.0146942 0.38961 352188 4 680.02 0.386565 6.47627 2 2 61.0797 0.650365 9.69103 2 3 0.197456 3.26406e-06 39.2558 2 
1.83916 0.000244306 -1 0.851162 0.203748 0.0146942 0.392798 351937 4 720.161 0.254572 7.29298 2 2 43.7636 0.545899 8.95365 2 3 0.183471 3.09945e-06 38.9727 2 
1.85385 0.000246099 -1 0.854064 0.202966 0.0146942 0.396479 351252 6 3552.86 0.405271 4.54087 2 2 113.027 0.714714 12.5755 2 3 0.18963 3.13991e-06 39.2341 2 
1.86855 0.000273203 -1 0.85701 0.20242 0.0146942 0.399693 350989 4 342.906 0.274045 5.94755 2 2 74.9803 1.12473 8.16488 2 3 0.192224 3.18698e-06 39.2171 2 
1.88324 0.00028692 -1 0.859977 0.201748 0.0146942 0.402884 350751 4 1459.96 0.372357 7.91308 2 2 56.4028 0.776822 8.52098 2 3 0.203712 3.13467e-06 40.2045 2 
1.89794 0.000291793 -1 0.862976 0.201325 0.0146942 0.406082 350510 4 434.816 0.307355 6.13291 2 2 142.215 1.28767 10.5092 2 3 0.209061 3.4194e-06 39.395 2 
1.91263 0.00028493 -1 0.86599 0.200913 0.0146942 0.409306 350251 4 922.192 0.349102 7.16914 2 2 39.6662 1.08886 6.03565 2 3 0.219376 3.81554e-06 38.5962 2 
1.92733 0.000271227 -1 0.869034 0.20053 0.0146942 0.412246 350237 3 108.602 0.310718 7.04408 2 2 53.96 1.21275 6.67038 2 3 0.231427 4.0708e-06 38.4513 2 
1.94202 0.000263001 -1 0.872022 0.200065 0.0146942 0.415435 350014 4 664.756 0.273114 7.02392 2 2 29.5922 1.05586 5.29401 2 3 0.226929 4.39568e-06 37.2353 2 
1.95671 0.000260693 -1 0.874978 0.199694 0.0146942 0.418655 349768 4 709.828 0.120914 8.75325 2 2 41.9629 1.02315 6.40419 2 3 0.21468 4.5948e-06 36.0171 2 
1.97141 0.000259209 -1 0.877866 0.199391 0.0146942 0.421848 349548 4 608.736 0.130752 8.26029 2 2 101.764 1.70518 7.72526 2 3 0.198539 4.78133e-06 34.6284 2 
1.9861 0.000257208 -1 0.880695 0.1986 0.0146942 0.426123 348444 8 3945.91 0.429328 3.1291 2 2 36.851 1.03206 5.97548 2 3 0.162589 4.93791e-06 32.0516 2 
2.0008 0.000276162 -1 0.88352 0.198273 0.0146942 0.42935 348210 4 365.101 0.18038 6.70743 2 2 48.4124 0.781213 7.87215 2 3 0.165357 4.67436e-06 32.8272 2 
2.01549 0.000269018 -1 0.886373 0.198095 0.0146942 0.432791 347808 5 236.138 0.32972 3.72395 2 2 145.722 1.77937 9.04962 2 3 0.174897 5.97241e-06 30.8232 2 
2.03018 0.000256035 -1 0.889262 0.197796 0.0146942 0.436222 347419 5 3309.46 0.22144 6.83755 2 2 67.376 1.10761 7.79935 2 3 0.188502 8.07845e-06 28.5757 2 
2.04488 0.000253705 -1 0.892191 0.19727 0.0146942 0.439687 347010 5 1015.22 0.269115 5.19188 2 2 45.9282 0.87222 7.25649 2 3 0.198474 5.48456e-06 33.0766 2 
2.05957 0.000261955 -1 0.895133 0.196864 0.0146942 0.442334 347249 3 230.519 0.414622 8.22277 2 2 45.4248 1.09303 6.44659 2 2 0.197686 8.3179e-05 48.7508 2 
2.07427 0.000268789 -1 0.898103 0.196495 0.0146942 0.444982 347484 3 158.652 0.282656 8.24889 2 2 45.5439 0.831009 7.40307 2 2 0.214363 8.74979e-05 49.4967 2 
2.08896 0.000272585 -1 0.901081 0.196209 0.0146942 0.447618 347725 3 103.436 0.158159 8.6801 2 2 139.295 1.30912 10.3152 2 2 0.203937 9.42551e-05 46.5153 2 
2.10366 0.000272667 -1 0.904052 0.195947 0.0146942 0.450832 347517 4 646.603 0.299197 6.81821 2 2 48.2435 0.83163 7.61648 2 3 0.189631 4.54929e-06 34.6728 2 
2.11835 0.000270262 -1 0.906907 0.195733 0.0146942 0.454026 347328 4 686.682 0.177914 7.882 2 2 44.1225 0.918288 6.93171 2 3 0.167883 5.22799e-06 31.7851 2 
2.13304 0.0002747 -1 0.909675 0.1955 0.0146942 0.457224 347138 4 2901.54 0.202396 10.9422 2 2 150.417 1.53098 9.91206 2 3 0.142889 5.02237e-06 30.5279 2 
2.14774 0.000273738 -1 0.912451 0.19526 0.0146942 0.460467 346917 4 646.758 0.193463 7.6039 2 2 85.733 0.670905 11.3043 2 3 0.155201 4.63555e-06 32.2303 2 
2.16243 0.000280368 -1 0.915249 0.194871 0.0146942 0.463906 346553 5 3526.72 0.0754544 8.5889 2 2 63.312 0.505631 11.1899 2 3 0.172095 4.89457e-06 32.7605 2 
2.17713 0.000282118 -1 0.918054 0.194453 0.0146942 0.467095 346379 4 1058.35 0.206751 8.45855 2 2 68.1416 0.689562 9.94075 2 3 0.172505 5.4254e-06 31.6804 2 
2.19182 0.000277904 -1 0.920907 0.194118 0.0146942 0.470453 346083 4 535.237 0.189169 7.2933 2 2 40.5307 1.26071 5.67003 2 3 0.181432 6.02498e-06 31.1114 2 
2.20651 0.000275522 -1 0.923779 0.193852 0.0146942 0.473888 345736 4 736.598 0.366664 6.69484 2 3 137.295 0.399031 7.00728 2 3 0.185463 5.96503e-06 31.4448 2 
2.22121 0.000272385 -1 0.926681 0.193671 0.0146942 0.476853 345733 3 107.119 0.182605 8.37114 2 2 34.8691 0.38847 9.47418 2 3 0.182126 5.33816e-06 32.4335 2 
2.2359 0.00026932 -1 0.929591 0.193484 0.0146942 0.479838 345717 3 103.468 0.19287 8.12544 2 2 38.6 0.393053 9.90987 2 3 0.171244 4.88601e-06 32.7255 2 
2.2506 0.000270972 -1 0.93252 0.193304 0.0146942 0.482791 345723 3 55.7076 0.200806 6.52197 2 2 48.3119 0.53255 9.5246 2 3 0.151734 4.75399e-06 31.7206 2 
2.26529 0.000275709 -1 0.93542 0.193105 0.0146942 0.486233 345382 5 2954.43 0.172809 7.02395 2 2 146.057 1.77933 9.06009 2 3 0.124901 4.45326e-06 30.3829 2 
2.27999 0.000278195 -1 0.938288 0.192909 0.0146942 0.489448 345205 4 740.414 0.351893 6.77277 2 2 78.911 0.949165 9.11797 2 3 0.144333 3.96343e-06 33.146 2 
2.29468 0.000279271 -1 0.941016 0.192613 0.0146942 0.49281 344928 4 3593.5 0.462663 9.38779 2 2 78.4892 0.830385 9.72221 2 3 0.15894 4.32236e-06 33.2535 2 
2.30937 0.000268325 -1 0.943763 0.192363 0.0146942 0.496005 344771 4 1059.09 0.22208 8.3101 2 2 49.4986 1.06437 6.81947 2 3 0.174566 4.60867e-06 33.5837 2 
2.32407 0.000263096 -1 0.946516 0.192215 0.0146942 0.499162 344642 5 724.577 0.228347 5.01531 2 2 48.6003 1.07624 6.71994 2 2 0.172516 9.78992e-05 41.9784 2 
2.33876 0.000260318 -1 0.949291 0.192147 0.0146942 0.502373 344477 4 545.888 0.162323 7.61519 2 2 151.247 1.12583 11.5907 2 3 0.171722 4.82238e-06 32.8994 2 
2.35346 0.00025661 -1 0.952091 0.192035 0.0146942 0.505313 344499 3 308.366 0.380574 9.32272 2 2 46.4945 1.08964 6.53218 2 3 0.165561 6.71112e-06 29.1108 2 
2.36815 0.000258145 -1 0.954929 0.19195 0.0146942 0.508781 344164 4 701.774 0.177336 7.9314 2 2 28.3452 0.598023 6.88463 2 3 0.158501 7.10984e-06 28.1443 2 
2.38284 0.000263071 -1 0.957786 0.191864 0.0146942 0.512044 343970 3 89.7467 0.134852 8.73079 2 2 45.1647 0.530818 9.22416 2 3 0.14508 4.05905e-06 32.9403 2 
2.39754 0.000266039 -1 0.960657 0.191775 0.0146942 0.515107 343913 3 55.0071 0.21979 6.30188 2 2 43.8744 0.530789 9.0917 2 3 0.128557 4.14796e-06 31.4114 2 
2.41223 0.000270419 -1 0.963516 0.191697 0.0146942 0.518282 343782 4 2432.1 0.324119 9.30721 2 2 133.149 1.83505 8.51814 2 3 0.132361 4.41645e-06 31.0619 2 
2.42693 0.000270573 -1 0.966374 0.191466 0.0146942 0.521737 343468 5 3491.25 0.403956 6.12815 2 2 81.2837 0.991347 9.05501 2 3 0.148637 4.57088e-06 31.9185 2 
2.44162 0.000293265 -1 0.969217 0.191313 0.0146942 0.524958 343311 4 697.683 0.264943 7.16352 2 2 62.4498 0.578888 10.3865 2 3 0.161596 4.66179e-06 32.6056 2 
2.45632 0.00029216 -1 0.972047 0.191298 0.0146942 0.528137 343184 4 1108.85 0.34026 7.55553 2 2 37.8649 0.478352 8.89702 2 3 0.167572 5.00817e-06 32.2236 2 
2.47101 0.00028398 -1 0.974794 0.191408 0.0146942 0.53133 343049 4 592.978 0.0861384 9.10878 2 2 37.5417 0.423559 9.41456 2 3 0.165688 5.25533e-06 31.591 2 
2.4857 0.000282763 -1 0.977539 0.191388 0.0146942 0.534753 342768 4 677.244 0.242571 7.26903 2 3 132.002 0.171844 9.15832 2 3 0.158159 4.84181e-06 31.9665 2 
2.5004 0.000276243 -1 0.980286 0.191385 0.0146942 0.537698 342795 3 70.3693 0.169599 7.45853 2 2 22.7858 0.378683 7.75701 2 3 0.143336 4.24085e-06 32.3321 2 
2.51509 0.000275079 -1 0.983063 0.191391 0.0146942 0.540666 342807 3 320.297 0.242941 10.9652 2 2 42.4643 0.413413 10.1349 2 3 0.139202 4.13567e-06 32.2874 2 
2.52979 0.00027281 -1 0.985871 0.191352 0.0146942 0.543851 342682 4 675.279 0.25081 7.20335 2 2 43.7929 0.594145 8.5853 2 3 0.127211 3.95908e-06 31.7914 2 
2.54448 0.00027351 -1 0.988705 0.191281 0.0146942 0.547034 342560 4 2903.25 0.336232 9.63966 2 2 34.471 0.504454 8.26639 2 3 0.11981 3.87172e-06 31.3952 2 
2.55917 0.000301576 -1 0.991536 0.191427 0.0146942 0.55025 342419 4 3390.9 0.423367 9.46018 2 2 125.74 1.84618 8.25277 2 3 0.137281 3.81989e-06 33.0005 2 
2.57387 0.000298786 -1 0.994377 0.191427 0.0146942 0.552896 342632 3 203.035 0.174058 10.5267 2 2 61.0505 0.749523 9.0251 2 2 0.151714 9.8969e-05 39.1528 2 
2.58856 0.000293765 -1 0.997219 0.191435 0.0146942 0.555535 342848 3 212.624 0.157379 11.0549 2 2 85.61 1.12593 8.71978 2 2 0.154575 8.96331e-05 41.5274 2 
2.60326 0.000294465 -1 1.00007 0.191389 0.0146942 0.558413 342915 4 1140.63 0.37999 7.40189 2 2 30.9505 0.58814 7.25426 2 2 0.159475 8.0633e-05 44.4723 2 
2.61795 0.000309059 -1 1.0029 0.191415 0.0146942 0.561328 342958 4 667.752 0.235773 7.29509 2 2 28.8788 0.525992 7.40969 2 2 0.159477 9.18367e-05 41.6717 2 
2.63265 0.00031738 -1 1.00573 0.19147 0.0146942 0.564212 343020 4 593.251 0.180177 7.57504 2 2 113.263 1.06976 10.2897 2 2 0.137423 9.87857e-05 37.2978 2 
2.64734 0.000315969 -1 1.0085 0.191546 0.0146942 0.56709 343085 4 652.522 0.213987 7.43108 2 2 26.074 0.928645 5.29882 2 2 0.12728 9.76164e-05 36.1093 2 
2.66203 0.000312599 -1 1.01125 0.191664 0.0146942 0.569756 343277 3 66.4542 0.123896 8.12497 2 2 41.4729 0.920136 6.71361 2 2 0.123171 9.07265e-05 36.8458 2 
2.67673 0.000312104 -1 1.014 0.191748 0.0146942 0.572942 343155 4 345.134 0.114187 7.41469 2 2 41.8255 1.03628 6.35306 2 3 0.114509 5.79416e-06 27.0365 2 
2.69142 0.000318998 -1 1.0168 0.191852 0.0146942 0.576135 343031 4 2839.67 0.201011 10.9022 2 2 36.1764 1.17819 5.5412 2 3 0.129762 8.10892e-06 25.1996 2 
2.70612 0.000321974 -1 1.01962 0.191867 0.0146942 0.579813 342621 5 3049.27 0.195713 6.8947 2 3 124.931 0.267522 7.75836 2 3 0.142187 6.53157e-06 27.9221 2 
2.72081 0.000336218 -1 1.02245 0.191923 0.0146942 0.583018 342494 4 178.26 0.218802 5.34257 2 2 40.9819 0.598417 8.2755 2 3 0.146983 5.24253e-06 30.3791 2 
2.7355 0.000341969 -1 1.02529 0.191969 0.0146942 0.586202 342380 4 170.354 0.322358 4.79461 2 2 42.0492 0.561913 8.65056 2 3 0.15668 5.3154e-06 30.8905 2 
2.7502 0.000346516 -1 1.02814 0.192064 0.0146942 0.589147 342407 3 140.764 0.137832 10.0704 2 2 32.9492 0.379894 9.31303 2 3 0.15635 5.10718e-06 31.2828 2 
2.76489 0.000348035 -1 1.03099 0.192191 0.0146942 0.592089 342435 4 1259.36 0.359905 7.69114 2 2 55.4317 0.35977 12.4127 2 2 0.153481 9.60874e-05 39.9663 2 
2.77959 0.0003477 -1 1.03385 0.192354 0.0146942 0.594974 342496 4 627.71 0.228903 7.23647 2 2 97.3245 1.58201 7.84344 2 2 0.134331 9.59063e-05 37.4252 2 
2.79428 0.000353382 -1 1.03669 0.192433 0.0146942 0.597844 342564 4 648.693 0.200241 7.54435 2 2 27.0092 0.31191 9.30553 2 2 0.116675 9.62811e-05 34.8112 2 
2.80898 0.00035276 -1 1.03952 0.192608 0.0146942 0.600763 342604 4 597.728 0.13145 8.21175 2 2 39.1074 0.41848 9.66701 2 2 0.115653 9.84605e-05 34.2727 2 
2.82367 0.000353164 -1 1.04229 0.192691 0.0146942 0.603396 342806 3 64.1418 0.0944845 8.78875 2 2 41.0241 0.487232 9.17596 2 2 0.109788 9.9722e-05 33.1804 2 
2.83836 0.000357254 -1 1.04506 0.192787 0.0146942 0.606372 342813 3 360.602 0.235484 11.5263 2 2 37.4227 1.17022 5.65502 2 3 0.122389 4.06248e-06 31.116 2 
2.85306 0.000360395 -1 1.04785 0.192804 0.0146942 0.609497 342735 4 2832.42 0.423291 9.0444 2 3 27.5508 0.352701 4.27474 2 2 0.13367 9.89061e-05 36.7625 2 
2.86775 0.000366347 -1 1.05067 0.192924 0.0146942 0.612657 342639 4 653.87 0.136442 8.32023 2 3 106.31 0.356597 6.68035 2 2 0.139494 9.96878e-05 37.4074 2 
2.88245 0.000372619 -1 1.05351 0.19302 0.0146942 0.615301 342831 3 147.197 0.213249 8.83766 2 2 29.876 1.12922 5.14367 2 2 0.14744 9.72219e-05 38.9426 2 
2.89714 0.000374097 -1 1.05636 0.193098 0.0146942 0.617936 343026 3 123.888 0.295708 7.48265 2 2 48.5239 0.700663 8.32191 2 2 0.14866 9.75438e-05 39.0388 2 
2.91183 0.000374321 -1 1.05923 0.193152 0.0146942 0.620855 343062 4 572.564 0.317641 6.51586 2 2 29.7333 0.394403 8.68264 2 2 0.141465 9.72779e-05 38.1345 2 
2.92653 0.000368087 -1 1.0621 0.193149 0.0146942 0.623983 342984 5 1332.74 0.14381 6.21429 2 2 47.8229 0.641168 8.63639 2 2 0.135167 9.53275e-05 37.6554 2 
2.94122 0.000369444 -1 1.06496 0.193235 0.0146942 0.626623 343173 3 57.8129 0.148124 7.30803 2 2 82.4178 0.607573 11.6469 2 2 0.117667 9.34212e-05 35.4899 2 
2.95592 0.000372056 -1 1.06783 0.193355 0.0146942 0.629731 343105 5 727.811 0.149444 5.46397 2 2 36.5456 0.66011 7.44063 2 2 0.110375 9.29889e-05 34.4525 2 
2.97061 0.000367879 -1 1.07067 0.193527 0.0146942 0.632722 343102 3 529.889 0.435393 10.6766 2 2 38.7612 0.821443 6.86926 2 2 0.107805 9.148e-05 34.3287 2 
2.98531 0.000362145 -1 1.07347 0.193641 0.0146942 0.636091 342894 5 665.18 0.171508 5.22073 2 2 38.5673 0.739518 7.22163 2 2 0.108827 9.03699e-05 34.7021 2 
3 0.000358095 -1 1.07624 0.193639 0.0146942 0.639467 342685 6 2858.2 0.184539 4.99269 2 2 37.3237 0.632809 7.67991 2 2 0.124053 9.90926e-05 35.3821 2 

# Multigrid, 214 steps, 5.11444 CPU, 0.6428 real, 3.41e+05 points.step/s, 23 var
