0.910377 0
0.910596 0.03125

0.910583 0.03125
0.911267 0.0625

0.911251 0.0625
0.912455 0.09375

0.912411 0.09375
0.914255 0.125

0.914208 0.125
0.916873 0.15625

0.91678 0.15625
0.920546 0.1875

0.920567 0.1875
0.925581 0.21875

0.925863 0.21875
0.931522 0.25

0.929981 0.25
0.9375 0.27683

0.934465 0.28125
0.9375 0.287354

0.9375 0.276087
0.938947 0.28125

0.9375 0.284858
0.957861 0.3125

0.953075 0.3125
0.96875 0.325596

0.96875 0.321
1 0.336574

1 0.336473
1.03125 0.339384

1.03125 0.338379
1.0625 0.330837

1.0625 0.330188
1.09375 0.315499

1.125 0.295156
1.09831 0.3125

1.09375 0.314798
1.09751 0.3125

1.15625 0.270013
1.14289 0.28125

1.125 0.294222
1.14131 0.28125

1.1875 0.237514
1.17633 0.25

1.15625 0.268415
1.17502 0.25

1.21875 0.19652
1.203 0.21875

1.1875 0.236199
1.20205 0.21875

1.25 0.14026
1.2428 0.15625

1.24254 0.15625
1.22467 0.1875

1.21875 0.195803
1.22434 0.1875

1.28035 0
1.27889 0.03125

1.2789 0.03125
1.27448 0.0625

1.27452 0.0625
1.26704 0.09375

1.26702 0.09375
1.25645 0.125

1.25 0.139322
1.25645 0.125

