0 0.00985624
0.0338878 0.00984993
0.0677756 0.00983288
0.101663 0.00980504
0.135551 0.00976732
0.169439 0.00971993
0.203327 0.00966299
0.237215 0.00959665
0.271102 0.00952104
0.30499 0.00943633
0.338878 0.00934267
0.372766 0.00924022
0.406653 0.00912914
0.440541 0.00900959
0.474429 0.00888176
0.508317 0.0087458
0.542205 0.00860191
0.576092 0.00845028
0.60998 0.00829109
0.643868 0.00812279
0.677756 0.00794749
0.711644 0.00776529
0.745531 0.00757653
0.779419 0.00738132
0.813307 0.00718005
0.847195 0.00697282
0.881082 0.00676005
0.91497 0.00654183
0.948858 0.00631862
0.982746 0.00609051
1.01663 0.00585796
1.05052 0.00562107
1.08441 0.0053803
1.1183 0.00513576
1.15218 0.00488794
1.18607 0.00463692
1.21996 0.00438319
1.25385 0.00412683
1.28774 0.00386833
1.32162 0.00360773
1.35551 0.00334551
1.3894 0.00308169
1.42329 0.00281673
1.45717 0.00255065
1.49106 0.00228389
1.52495 0.00201649
1.55884 0.00174888
1.59273 0.0014811
1.62661 0.0012136
1.6605 0.00094643
1.69439 0.000680043
1.72828 0.000414509
1.76216 0.000150266
1.79605 0.000112914
1.82994 0.000373903
1.86383 0.000632695
1.89772 0.00088922
1.9316 0.00114311
1.96549 0.00139428
1.99938 0.00164239
2.03327 0.00188736
2.06716 0.00212889
2.10104 0.00236687
2.13493 0.00260104
2.16882 0.00283128
2.20271 0.00305736
2.23659 0.00327914
2.27048 0.0034964
2.30437 0.003709
2.33826 0.00391671
2.37215 0.00411941
2.40603 0.00431688
2.43992 0.00450899
2.47381 0.00469557
2.5077 0.00487649
2.54158 0.00505161
2.57547 0.00522082
2.60936 0.005384
2.64325 0.00554104
2.67714 0.00569187
2.71102 0.00583637
2.74491 0.00597446
2.7788 0.00610606
2.81269 0.0062311
2.84657 0.00634947
2.88046 0.00646113
2.91435 0.00656599
2.94824 0.00666401
2.98213 0.00675514
3.01601 0.00683932
3.0499 0.0069165
3.08379 0.00698667
3.11768 0.0070498
3.15156 0.00710587
3.18545 0.00715487
3.21934 0.00719682
3.25323 0.00723171
3.28712 0.00725957
3.321 0.00728041
3.35489 0.00729426
3.38878 0.0073012
3.42267 0.00730121
3.45655 0.00729434
3.49044 0.00728064
3.52433 0.00726018
3.55822 0.00723305
3.59211 0.00719932
3.62599 0.00715903
3.65988 0.00711229
3.69377 0.00705916
3.72766 0.00699976
3.76154 0.00693416
3.79543 0.00686249
3.82932 0.00678482
3.86321 0.00670129
3.8971 0.00661199
3.93098 0.00651708
3.96487 0.00641663
3.99876 0.00631085
4.03265 0.0061998
4.06653 0.00608367
4.10042 0.00596253
4.13431 0.00583661
4.1682 0.00570596
4.20209 0.00557083
4.23597 0.00543126
4.26986 0.00528751
4.30375 0.00513964
4.33764 0.00498791
4.37152 0.00483239
4.40541 0.00467336
4.4393 0.00451089
4.47319 0.00434529
4.50708 0.00417661
4.54096 0.00400518
4.57485 0.00383106
4.60874 0.00365456
4.64263 0.00347575
4.67651 0.00329495
4.7104 0.0031122
4.74429 0.00292782
4.77818 0.00274186
4.81207 0.00255465
4.84595 0.00236622
4.87984 0.00217689
4.91373 0.00198672
4.94762 0.00179602
4.9815 0.00160485
5.01539 0.00141352
5.04928 0.0012221
5.08317 0.00103088
5.11706 0.000839947
5.15094 0.000649589
5.18483 0.000459876
5.21872 0.000271102
5.25261 8.3336e-05
5.28649 0.000103256
5.32038 0.00028821
5.35427 0.000471534
5.38816 0.000652983
5.42205 0.00083249
5.45593 0.00100981
5.48982 0.00118489
5.52371 0.0013575
5.5576 0.00152761
5.59149 0.00169501
5.62537 0.00185964
5.65926 0.00202132
5.69315 0.00217997
5.72704 0.00233541
5.76092 0.00248755
5.79481 0.00263619
5.8287 0.00278126
5.86259 0.00292257
5.89648 0.00306006
5.93036 0.00319357
5.96425 0.00332305
5.99814 0.00344837
6.03203 0.00356949
6.06591 0.00368633
6.0998 0.00379883
6.13369 0.00390692
6.16758 0.00401056
6.20147 0.00410968
6.23535 0.00420427
6.26924 0.00429422
6.30313 0.00437953
6.33702 0.00446012
6.3709 0.00453595
6.40479 0.00460699
6.43868 0.00467317
6.47257 0.00473448
6.50646 0.00479087
6.54034 0.00484233
6.57423 0.00488882
6.60812 0.00493033
6.64201 0.00496685
6.67589 0.00499837
6.70978 0.00502488
6.74367 0.0050464
6.77756 0.00506292
6.81145 0.00507451
6.84533 0.00508115
6.87922 0.00508285
6.91311 0.00507963
6.947 0.00507155
6.98088 0.00505864
7.01477 0.00504095
7.04866 0.00501856
7.08255 0.00499151
7.11644 0.00495985
7.15032 0.00492363
7.18421 0.00488294
7.2181 0.00483784
7.25199 0.0047884
7.28587 0.00473469
7.31976 0.00467681
7.35365 0.00461481
7.38754 0.00454882
7.42143 0.00447889
7.45531 0.00440515
7.4892 0.00432766
7.52309 0.00424655
7.55698 0.0041619
7.59086 0.00407383
7.62475 0.00398244
7.65864 0.00388785
7.69253 0.00379015
7.72642 0.00368951
7.7603 0.00358595
7.79419 0.00347969
7.82808 0.00337076
7.86197 0.00325934
7.89585 0.0031455
7.92974 0.00302941
7.96363 0.00291116
7.99752 0.00279093
8.03141 0.0026688
8.06529 0.00254498
8.09918 0.00241953
8.13307 0.00229265
8.16696 0.00216443
8.20084 0.00203504
8.23473 0.00190456
8.26862 0.00177317
8.30251 0.00164094
8.3364 0.00150804
8.37028 0.00137455
8.40417 0.00124064
8.43806 0.00110638
8.47195 0.000971975
8.50583 0.000837482
8.53972 0.000703109
8.57361 0.000568926
8.6075 0.000435116
8.64139 0.000301754
8.67527 0.000169023
8.70916 3.69986e-05
8.74305 9.42467e-05
8.77694 0.000224378
8.81082 0.000353389
8.84471 0.000481119
8.8786 0.000607498
8.91249 0.000732378
8.94638 0.000855692
8.98026 0.000977308
9.01415 0.00109716
9.04804 0.00121514
9.08193 0.00133118
9.11582 0.00144515
9.1497 0.00155699
9.18359 0.00166657
9.21748 0.00177382
9.25137 0.00187862
9.28525 0.00198089
9.31914 0.00208052
9.35303 0.00217748
9.38692 0.00227162
9.42081 0.00236294
9.45469 0.00245134
9.48858 0.00253678
9.52247 0.00261919
9.55636 0.00269854
9.59024 0.00277479
9.62413 0.00284788
9.65802 0.00291779
9.69191 0.00298447
9.7258 0.00304789
9.75968 0.00310801
9.79357 0.0031648
9.82746 0.00321823
9.86135 0.00326826
9.89523 0.00331486
9.92912 0.00335803
9.96301 0.00339772
9.9969 0.00343393
10.0308 0.00346664
10.0647 0.00349584
10.0986 0.00352152
10.1324 0.00354368
10.1663 0.00356231
10.2002 0.00357743
10.2341 0.00358906
10.268 0.0035972
10.3019 0.00360183
10.3358 0.00360298
10.3697 0.00360068
10.4036 0.00359494
10.4374 0.0035858
10.4713 0.00357329
10.5052 0.00355744
10.5391 0.00353829
10.573 0.00351593
10.6069 0.00349036
10.6408 0.00346164
10.6747 0.00342979
10.7085 0.0033949
10.7424 0.00335698
10.7763 0.00331612
10.8102 0.00327236
10.8441 0.00322577
10.878 0.00317641
10.9119 0.00312435
10.9458 0.00306964
10.9796 0.00301238
11.0135 0.00295261
11.0474 0.00289044
11.0813 0.00282592
11.1152 0.00275915
11.1491 0.00269019
11.183 0.00261913
11.2169 0.00254605
11.2507 0.00247104
11.2846 0.00239417
11.3185 0.00231553
11.3524 0.0022352
11.3863 0.00215328
11.4202 0.00206983
11.4541 0.00198497
11.488 0.00189877
11.5218 0.00181136
11.5557 0.0017228
11.5896 0.00163324
11.6235 0.00154273
11.6574 0.00145141
11.6913 0.00135933
11.7252 0.00126663
11.7591 0.00117334
11.793 0.0010796
11.8268 0.000985457
11.8607 0.000891022
11.8946 0.000796368
11.9285 0.0007016
11.9624 0.000606777
11.9963 0.000512022
12.0302 0.000417395
12.0641 0.000323022
12.0979 0.000228966
12.1318 0.000135349
12.1657 4.22345e-05
12.1996 5.05497e-05
12.2335 0.00014234
12.2674 0.000233335
12.3013 0.000323432
12.3352 0.000412578
12.369 0.000500675
12.4029 0.000587669
12.4368 0.00067347
12.4707 0.000758026
12.5046 0.000841253
12.5385 0.000923098
12.5724 0.00100348
12.6063 0.00108236
12.6401 0.00115965
12.674 0.0012353
12.7079 0.00130923
12.7418 0.00138139
12.7757 0.00145172
12.8096 0.00152016
12.8435 0.00158664
12.8774 0.00165112
12.9112 0.00171355
12.9451 0.00177389
12.979 0.00183209
13.0129 0.00188813
13.0468 0.00194198
13.0807 0.00199359
13.1146 0.00204295
13.1485 0.00209002
13.1823 0.00213479
13.2162 0.00217722
13.2501 0.0022173
13.284 0.00225499
13.3179 0.00229029
13.3518 0.00232315
13.3857 0.00235358
13.4196 0.00238156
13.4535 0.00240707
13.4873 0.00243009
13.5212 0.00245064
13.5551 0.00246869
13.589 0.00248426
13.6229 0.00249737
13.6568 0.002508
13.6907 0.00251613
13.7246 0.0025218
13.7584 0.00252499
13.7923 0.00252574
13.8262 0.00252405
13.8601 0.00251994
13.894 0.00251343
13.9279 0.00250455
13.9618 0.00249332
13.9957 0.00247976
14.0295 0.00246391
14.0634 0.00244579
14.0973 0.00242548
14.1312 0.00240297
14.1651 0.00237831
14.199 0.00235153
14.2329 0.00232268
14.2668 0.00229178
14.3006 0.0022589
14.3345 0.00222406
14.3684 0.00218733
14.4023 0.00214874
14.4362 0.00210834
14.4701 0.00206619
14.504 0.00202235
14.5379 0.00197685
14.5717 0.00192977
14.6056 0.00188115
14.6395 0.00183106
14.6734 0.00177955
14.7073 0.00172668
14.7412 0.00167251
14.7751 0.00161711
14.809 0.00156052
14.8429 0.00150283
14.8767 0.00144408
14.9106 0.00138434
14.9445 0.00132367
14.9784 0.00126214
15.0123 0.0011998
15.0462 0.00113674
15.0801 0.00107299
15.114 0.00100866
15.1478 0.000943781
15.1817 0.000878444
15.2156 0.000812697
15.2495 0.000746622
15.2834 0.000680268
15.3173 0.000613716
15.3512 0.000547015
15.3851 0.000480249
15.4189 0.000413467
15.4528 0.000346752
15.4867 0.000280157
15.5206 0.000213762
15.5545 0.000147618
15.5884 8.18225e-05
15.6223 1.64071e-05
15.6562 4.86284e-05
15.69 0.000113218
15.7239 0.000177249
15.7578 0.000240646
15.7917 0.000303358
15.8256 0.000365349
15.8595 0.000426554
15.8934 0.000486906
15.9273 0.000546366
15.9611 0.000604882
15.995 0.00066242
16.0289 0.000718945
16.0628 0.000774417
16.0967 0.000828764
16.1306 0.000881942
16.1645 0.000933899
16.1984 0.000984592
16.2323 0.00103397
16.2661 0.00108201
16.3 0.00112865
16.3339 0.00117387
16.3678 0.00121765
16.4017 0.00125994
16.4356 0.00130073
16.4695 0.00134
16.5034 0.00137771
16.5372 0.00141386
16.5711 0.00144843
16.605 0.00148138
16.6389 0.00151271
16.6728 0.00154239
16.7067 0.00157041
16.7406 0.00159676
16.7745 0.00162141
16.8083 0.00164435
16.8422 0.00166557
16.8761 0.00168507
16.91 0.00170282
16.9439 0.00171883
16.9778 0.00173313
17.0117 0.00174563
17.0456 0.00175641
17.0794 0.00176543
17.1133 0.0017727
17.1472 0.00177821
17.1811 0.00178197
17.215 0.001784
17.2489 0.0017843
17.2828 0.00178288
17.3167 0.00177976
17.3505 0.00177496
17.3844 0.00176848
17.4183 0.00176035
17.4522 0.00175058
17.4861 0.00173921
17.52 0.00172624
17.5539 0.00171171
17.5878 0.00169563
17.6216 0.00167803
17.6555 0.00165898
17.6894 0.00163844
17.7233 0.0016165
17.7572 0.00159317
17.7911 0.00156846
17.825 0.00154242
17.8589 0.00151507
17.8928 0.00148646
17.9266 0.00145661
17.9605 0.00142557
17.9944 0.00139337
18.0283 0.00136006
18.0622 0.00132567
18.0961 0.00129025
18.13 0.00125383
18.1639 0.00121646
18.1977 0.00117818
18.2316 0.00113904
18.2655 0.00109907
18.2994 0.00105833
18.3333 0.00101686
18.3672 0.000974691
18.4011 0.000931876
18.435 0.000888463
18.4688 0.000844485
18.5027 0.000799995
18.5366 0.00075503
18.5705 0.000709646
18.6044 0.000663881
18.6383 0.000617794
18.6722 0.000571427
18.7061 0.000524838
18.7399 0.000478073
18.7738 0.00043119
18.8077 0.000384229
18.8416 0.000337248
18.8755 0.000290286
18.9094 0.000243397
18.9433 0.000196606
18.9772 0.000149957
19.011 0.000103479
19.0449 5.72168e-05
19.0788 1.1199e-05
19.1127 3.52254e-05
19.1466 8.05937e-05
19.1805 0.000125563
19.2144 0.000170087
19.2483 0.000214135
19.2822 0.000257674
19.316 0.00030067
19.3499 0.00034308
19.3838 0.000384884
19.4177 0.000426033
19.4516 0.000466498
19.4855 0.000506244
19.5194 0.00054524
19.5533 0.000583448
19.5871 0.000620835
19.621 0.000657365
19.6549 0.000693005
19.6888 0.00072772
19.7227 0.000761482
19.7566 0.000794263
19.7905 0.000826039
19.8244 0.000856787
19.8582 0.000886488
19.8921 0.000915125
19.926 0.00094268
19.9599 0.00096914
19.9938 0.000994488
20.0277 0.00101871
20.0616 0.0010418
20.0955 0.00106373
20.1293 0.0010845
20.1632 0.0011041
20.1971 0.00112251
20.231 0.00113972
20.2649 0.00115576
20.2988 0.00117055
20.3327 0.00118415
20.3666 0.00119653
20.4004 0.00120768
20.4343 0.00121759
20.4682 0.00122626
20.5021 0.00123369
20.536 0.00123988
20.5699 0.00124484
20.6038 0.00124857
20.6377 0.00125107
20.6716 0.00125234
20.7054 0.00125241
20.7393 0.00125127
20.7732 0.00124893
20.8071 0.0012454
20.841 0.0012407
20.8749 0.00123484
20.9088 0.00122783
20.9427 0.00121968
20.9765 0.00121041
21.0104 0.00120004
21.0443 0.00118858
21.0782 0.00117605
21.1121 0.00116248
21.146 0.00114787
21.1799 0.00113225
21.2138 0.00111564
21.2476 0.0010981
21.2815 0.0010796
21.3154 0.0010602
21.3493 0.00103989
21.3832 0.00101874
21.4171 0.000996761
21.451 0.000973968
21.4849 0.000950394
21.5187 0.000926065
21.5526 0.000901015
21.5865 0.000875268
21.6204 0.000848858
21.6543 0.000821813
21.6882 0.000794167
21.7221 0.000765946
21.756 0.000737187
21.7898 0.000707916
21.8237 0.000678168
21.8576 0.000647972
21.8915 0.000617363
21.9254 0.000586368
21.9593 0.000555022
21.9932 0.000523353
22.0271 0.000491397
22.061 0.000459181
22.0948 0.000426742
22.1287 0.000394108
22.1626 0.000361317
22.1965 0.000328398
22.2304 0.000295389
22.2643 0.00026232
22.2982 0.000229227
22.3321 0.000196141
22.3659 0.000163098
22.3998 0.000130126
22.4337 9.72607e-05
22.4676 6.45308e-05
22.5015 3.19698e-05
22.5354 2.85906e-06
22.5693 3.27442e-05
22.6032 6.46172e-05
22.637 9.62483e-05
22.6709 0.000127603
22.7048 0.000158644
22.7387 0.000189327
22.7726 0.000219615
22.8065 0.00024947
22.8404 0.000278861
22.8743 0.000307762
22.9081 0.000336151
22.942 0.000364019
22.9759 0.000391338
23.0098 0.000418084
23.0437 0.000444251
23.0776 0.000469803
23.1115 0.000494723
23.1454 0.000518989
23.1792 0.000542587
23.2131 0.000565497
23.247 0.000587705
23.2809 0.000609196
23.3148 0.000629956
23.3487 0.000649978
23.3826 0.000669243
23.4165 0.000687738
23.4503 0.000705451
23.4842 0.000722371
23.5181 0.000738526
23.552 0.000753828
23.5859 0.000768337
23.6198 0.000782019
23.6537 0.000794856
23.6876 0.00080684
23.7215 0.000817967
23.7553 0.000828231
23.7892 0.000837629
23.8231 0.000846157
23.857 0.000853813
23.8909 0.000860596
23.9248 0.000866507
23.9587 0.000871546
23.9926 0.000875716
24.0264 0.000879018
24.0603 0.000881456
24.0942 0.000883033
24.1281 0.000883755
24.162 0.000883625
24.1959 0.000882651
24.2298 0.000880836
24.2637 0.00087819
24.2975 0.000874719
24.3314 0.000870431
24.3653 0.000865336
24.3992 0.000859442
24.4331 0.000852762
24.467 0.000845305
24.5009 0.000837084
24.5348 0.000828113
24.5686 0.000818403
24.6025 0.000807971
24.6364 0.000796831
24.6703 0.000785
24.7042 0.000772492
24.7381 0.000759326
24.772 0.000745518
24.8059 0.000731088
24.8397 0.000716053
24.8736 0.000700433
24.9075 0.000684245
24.9414 0.000667551
24.9753 0.000650296
