0.65625 0.310811
0.654252 0.3125

0.650411 0.3125
0.65512 0.328125

0.671875 0.299521
0.665428 0.3125

0.661995 0.3125
0.671875 0.323449

0.6875 0.294217
0.68277 0.296875

0.671875 0.299691
0.673585 0.296875

0.671875 0.315256
0.6875 0.324549

0.6875 0.294372
0.703125 0.290152

0.6875 0.320995
0.703125 0.322205

0.703125 0.290296
0.71875 0.286075

0.703125 0.321995
0.71875 0.322344

0.71875 0.285914
0.734375 0.281727

0.71875 0.323568
0.734375 0.321029

0.75 0.27822
0.734923 0.28125

0.734375 0.281627
0.7364 0.28125

0.734375 0.319654
0.75 0.314529

0.75 0.278521
0.765625 0.27656

0.765625 0.310831
0.756949 0.3125

0.75 0.312765
0.751373 0.3125

0.765625 0.276756
0.78125 0.275025

0.765625 0.311532
0.78125 0.310576

0.78125 0.275064
0.796875 0.273095

0.78125 0.310614
0.796875 0.309655

0.796875 0.273094
0.8125 0.270815

0.796875 0.309686
0.8125 0.308584

0.8125 0.270815
0.828125 0.26823

0.8125 0.308479
0.828125 0.307381

0.84375 0.265533
0.843178 0.265625

0.828125 0.268047
0.843108 0.265625

0.828125 0.307477
0.84375 0.306401

0.84375 0.265546
0.859375 0.263398

0.84375 0.306342
0.859375 0.305212

0.859375 0.263331
0.875 0.261647

0.859375 0.305304
0.875 0.304054

0.875 0.26172
0.890625 0.260491

0.875 0.304107
0.890625 0.302445

0.890625 0.260722
0.90625 0.259341

0.890625 0.301763
0.90625 0.300945

0.90625 0.259353
0.921875 0.257334

0.90625 0.301371
0.921875 0.301909

0.921875 0.257059
0.9375 0.254929

0.921875 0.301927
0.9375 0.302933

0.9375 0.256392
0.953125 0.251774

0.9375 0.302808
0.953125 0.304496

0.96875 0.241567
0.955529 0.25

0.953125 0.252413
0.957358 0.25

0.953125 0.304789
0.96875 0.30682

0.984375 0.225465
0.976949 0.234375

0.96875 0.241657
0.976867 0.234375

0.96875 0.308096
0.984375 0.307333

0.999849 0
0.999902 0.015625

0.999914 0.015625
1 0.0257465

1 0.185296
0.999773 0.1875

1 0.187961
0.996378 0.203125

0.996838 0.203125
0.989401 0.21875

0.984375 0.225698
0.989373 0.21875

0.984375 0.305789
1 0.302767

1 0.0256867
1.00005 0.03125

1.00006 0.03125
1.00022 0.046875

1.00022 0.046875
1.0004 0.0625

1.00037 0.0625
1.00064 0.078125

1.00063 0.078125
1.00108 0.09375

1.00116 0.09375
1.00166 0.109375

1.00169 0.109375
1.00202 0.125

1.00204 0.125
1.00207 0.140625

1.00206 0.140625
1.00177 0.15625

1.0018 0.15625
1.00113 0.171875

1 0.185373
1.00139 0.171875

1 0.187922
1.0001 0.1875

1 0.302438
1.01562 0.300904

1.01562 0.301329
1.03125 0.301091

1.03125 0.301307
1.04688 0.301081

1.04688 0.30107
1.0625 0.300446

1.0625 0.300434
1.07812 0.299457

1.07812 0.29954
1.09375 0.298068

1.10938 0.295126
1.10266 0.296875

1.09375 0.298899
1.10152 0.296875

1.10938 0.293546
1.125 0.28778

1.125 0.2881
1.14062 0.282841

1.15625 0.276453
1.14574 0.28125

1.14062 0.283944
1.14653 0.28125

1.15625 0.275185
1.17188 0.267223

1.1875 0.260181
1.17739 0.265625

1.17188 0.268085
1.17644 0.265625

1.1875 0.25933
1.20217 0.25

1.20312 0.24961
1.21875 0.239078

1.20312 0.250092
1.20327 0.25

1.23438 0.227586
1.22539 0.234375

1.21875 0.238904
1.22491 0.234375

1.25 0.214432
1.2453 0.21875

1.23438 0.227191
1.24414 0.21875

1.26562 0.198205
1.26083 0.203125

1.25 0.213066
1.25999 0.203125

1.28125 0.181784
1.27656 0.1875

1.26562 0.197182
1.27483 0.1875

1.29688 0.158747
1.28696 0.171875

1.28125 0.181115
1.28847 0.171875

1.3125 0.133648
1.30857 0.140625

1.31103 0.140625
1.30125 0.15625

1.29688 0.15905
1.29908 0.15625

1.32812 0.0984154
1.32341 0.109375

1.3273 0.109375
1.32017 0.125

1.3125 0.131783
1.31632 0.125

1.34165 0.03125
1.34058 0.046875

1.34375 0.0612129
1.34351 0.0625

1.33726 0.0625
1.33357 0.078125

1.33935 0.078125
1.33501 0.09375

1.32812 0.0980226
1.32996 0.09375

1.34417 0
1.34517 0.015625

1.34757 0.015625
1.34579 0.03125

1.34375 0.0586268
1.34589 0.046875

