t sb -1 xb vb dt perf.t perf.speed
0 0 -1 0.5 0 2.52982e-05 0 0 
2.52982e-05 1.41421e-16 -1 0.5 0.000521568 2.52982e-05 0.022493 728404 1 688.084 1917.68 0.358811 4 
0.000614221 -3.66493e-08 -1 0.5 0.00128067 0.000588923 0.054857 597335 4 1442.31 251.799 1.54704 5 2 1725.21 440.325 1.9794 4 3 0.087609 5.51518e-05 11.668 2 
0.00171532 -1.96601e-06 -1 0.5 0.00163784 0.0011011 0.128215 383356 7 472.349 74.838 1.30109 6 2 823.963 287.646 1.69248 5 17 0.122242 7.48406e-05 1.54527 3 
0.00328182 -3.79712e-06 -1 0.500002 0.00214334 0.0015665 0.168104 389854 2 164.953 8.50085 4.40504 6 2 384.806 100.361 1.95812 5 6 0.0644697 6.24432e-05 3.17915 3 
0.00527167 -4.21718e-06 -1 0.500006 0.00327879 0.00198985 0.212449 385598 1 63.7159 17.1471 3.71584 6 4 278.905 86.9173 1.3384 6 8 0.0780427 7.62338e-05 2.37834 3 
0.00764656 -2.32466e-06 -1 0.500014 0.00452938 0.00237488 0.281084 349732 4 31.4246 16.5783 1.17336 8 3 149.818 66.6704 1.30982 7 11 0.130889 6.41251e-05 1.99939 3 
0.0103718 -5.03034e-07 -1 0.500027 0.00673015 0.00272528 0.333628 343760 1 23.8576 12.0581 1.97855 8 1 89.8106 40.9157 2.19502 7 13 0.164781 8.37109e-05 1.79223 3 
0.0134132 5.86568e-07 -1 0.500047 0.00836459 0.00304133 0.396109 330899 2 39.447 1.99258 4.44938 8 1 32.8886 28.2128 1.16573 7 16 0.243182 8.01255e-05 1.65057 3 
0.0167427 6.78977e-07 -1 0.500075 0.0105044 0.00332953 0.463714 317989 2 60.2174 1.70618 5.94085 8 1 59.3993 7.28393 8.15485 7 18 0.239602 8.77286e-05 1.55206 3 
0.020337 -6.64256e-09 -1 0.500113 0.0127523 0.00359429 0.551945 296841 2 77.4782 2.32948 5.76714 8 1 29.8692 15.995 1.86741 7 24 0.316268 9.00473e-05 1.40518 3 
0.0241718 -8.87538e-07 -1 0.500162 0.0154023 0.00383483 0.617696 291768 3 1133.03 4.05221 6.53907 8 1 21.6604 17.8886 1.21085 7 13 0.362977 9.97482e-05 1.87898 4 
0.0282206 -1.35813e-06 -1 0.500223 0.0174614 0.00404875 0.708051 277675 2 72.5627 2.50685 5.38013 8 2 17.599 7.86859 1.49553 8 19 0.432433 7.50853e-05 1.5773 4 
0.032466 -1.3183e-06 -1 0.500297 0.020173 0.0042454 0.789166 269895 3 1142.73 1.05545 10.2684 7 2 27.0355 3.46514 2.79323 9 14 0.583867 8.36867e-05 1.88169 5 
0.0368951 -1.03764e-06 -1 0.500387 0.0227618 0.00442916 0.906193 253120 3 1106.43 2.02277 8.17824 6 2 32.598 2.98087 3.30692 10 22 0.858695 8.29094e-05 1.52234 5 
0.041482 -7.77029e-07 -1 0.500492 0.0256784 0.00458685 1.07937 227688 4 1164.5 0.844273 6.09416 5 2 32.0301 3.36403 3.08567 11 36 1.03627 9.83524e-05 1.29343 5 
0.0462232 -6.26369e-07 -1 0.500613 0.0286201 0.00474121 1.30216 201315 4 1163.52 1.94795 4.94367 4 2 50.8798 4.25097 3.45962 11 49 1.03159 8.77741e-05 1.21078 5 
0.0510974 -5.7408e-07 -1 0.500752 0.0313052 0.00487422 1.40526 198204 3 1157.1 2.83509 7.41768 4 2 64.2833 3.9773 4.02027 11 17 0.963808 8.98802e-05 1.72615 6 
0.0560955 -6.16116e-07 -1 0.500909 0.0344407 0.00499814 1.53001 192752 4 1099.69 1.04302 5.69829 3 2 69.8385 3.73686 4.32309 11 21 1.20509 6.71063e-05 1.59435 6 
0.0611976 -6.78937e-07 -1 0.501085 0.0373784 0.00510209 1.66281 187211 4 209.498 0.871653 3.93739 3 2 72.2012 3.45042 4.57442 11 24 1.61384 6.92599e-05 1.52046 6 
0.0664083 -7.18276e-07 -1 0.501279 0.0403372 0.00521064 1.79965 182080 4 1186.69 3.31942 4.3483 3 2 95.5317 3.41353 5.2902 11 24 1.5313 7.4891e-05 1.5122 6 
0.0717036 -6.40746e-07 -1 0.501494 0.0435032 0.00529529 1.9402 177334 6 1150.59 2.31295 2.81487 3 2 113.572 3.38716 5.79053 11 24 1.32283 8.33951e-05 1.49629 6 
0.0770865 -5.55053e-07 -1 0.501728 0.0465819 0.0053829 2.08353 172999 5 1171.31 1.37601 3.85487 3 2 118.122 3.1377 6.13564 11 25 1.8373 9.25541e-05 1.48563 6 
0.0825498 -4.40259e-07 -1 0.501983 0.0498269 0.00546339 2.21559 170082 4 1117.11 2.7807 4.47698 3 2 109.925 3.26872 5.79909 11 24 2.23 9.55781e-05 1.52054 6 
0.0880753 -2.48876e-07 -1 0.502259 0.0529224 0.00552547 2.34836 167443 5 1134.98 2.35202 3.4412 3 2 152.69 2.99136 7.14448 11 22 1.90526 9.82176e-05 1.56638 6 
0.0936644 -9.7103e-08 -1 0.502555 0.0561324 0.00558911 2.47367 165584 5 1030.81 0.633517 4.38818 3 2 163.771 2.73374 7.73999 11 21 1.59121 9.38164e-05 1.59002 6 
0.0993078 5.10807e-08 -1 0.502872 0.0593019 0.00564337 2.59349 164251 5 1067.94 1.30039 3.82732 2 2 166.107 2.49415 8.1608 11 21 2.63895 6.69368e-05 1.65518 6 
0.105007 1.96258e-07 -1 0.503211 0.0625446 0.00569881 2.70742 163391 6 1170.43 2.07274 2.87497 3 2 150.655 1.78482 9.18746 11 18 2.67125 8.08476e-05 1.78262 6 
0.110751 2.93004e-07 -1 0.50357 0.0658124 0.00574403 2.80538 163526 4 1130.65 1.97982 4.8885 3 2 217.997 1.27376 13.0822 11 16 2.17631 5.79398e-05 1.93162 6 
0.116541 4.12674e-07 -1 0.503952 0.0689624 0.00579008 2.90084 163793 6 1149.03 0.156571 4.40828 4 2 220.292 1.50412 12.102 11 13 2.24192 9.60782e-05 2.1677 6 
0.122366 4.9694e-07 -1 0.504354 0.0721456 0.00582517 2.98606 164605 5 1198.23 1.41944 3.84844 4 2 195.733 2.01886 9.84642 11 12 3.22401 5.87352e-05 2.48289 6 
0.128227 5.67007e-07 -1 0.504777 0.0753622 0.00586076 3.06705 165600 5 1153.91 0.983336 4.1105 4 2 231.42 2.38228 9.85608 11 11 2.83821 5.43448e-05 2.68472 6 
0.134124 5.91316e-07 -1 0.505222 0.078625 0.00589687 3.14825 166533 4 1167.85 1.34411 5.42923 4 2 263.35 2.88041 9.5618 11 11 2.1263 4.11301e-05 2.68223 6 
0.140045 6.34342e-07 -1 0.505688 0.0817871 0.00592123 3.22905 167440 5 1187.75 1.08872 4.05099 4 2 277.303 3.57501 8.80721 11 11 3.20855 6.1884e-05 2.68295 6 
0.146003 7.9128e-07 -1 0.506176 0.0850024 0.00595824 3.30527 168536 4 1219.69 0.557258 6.83987 3 2 244.296 4.81103 7.12588 11 10 3.47773 5.42698e-05 3.02464 6 
0.151974 1.03585e-06 -1 0.506684 0.0881777 0.00597071 3.37897 169709 6 1197.92 0.653123 3.49869 3 2 343.799 6.46691 7.29128 11 9 3.04944 5.09423e-05 3.39464 6 
0.15797 1.20417e-06 -1 0.507212 0.091389 0.00599584 3.44787 171069 5 1125.86 0.666725 4.42087 3 2 438.075 8.39052 7.2257 11 9 3.05305 5.91771e-05 3.33903 6 
0.163991 1.35633e-06 -1 0.507762 0.094543 0.00602125 3.52836 171810 7 5001.67 0.553662 3.67387 2 3 2397.74 1.48166 11.7404 10 9 3.67625 8.11729e-05 3.29104 6 
0.170025 1.47035e-06 -1 0.508332 0.0977098 0.00603406 3.60812 172553 6 2135.86 0.675048 3.83154 2 3 984.663 2.17501 7.67848 10 12 6.53171 6.22955e-05 2.62048 5 
0.176072 1.689e-06 -1 0.508923 0.100802 0.00604696 3.68997 173166 6 1745.27 1.0059 3.46645 3 3 1379.18 2.33776 8.387 10 11 5.54773 6.54551e-05 2.80553 5 
0.182145 2.038e-06 -1 0.509536 0.103973 0.00607296 3.76532 174051 5 1556.01 0.53236 4.93357 3 3 1179.36 2.06156 8.30137 9 11 4.95236 7.64981e-05 2.73765 5 
0.188231 2.40938e-06 -1 0.51017 0.107049 0.00608608 3.83543 175142 5 1390.03 1.17702 4.11574 3 3 772.901 1.90876 7.39817 8 10 5.02626 6.19699e-05 3.09675 5 
0.19433 2.72614e-06 -1 0.510824 0.110162 0.00609928 3.92681 175238 5 1363.15 0.835392 4.39067 3 3 943.868 1.91013 7.90586 7 17 5.42149 7.93328e-05 1.92483 4 
0.200429 2.95428e-06 -1 0.511496 0.113279 0.00609928 4.04519 174160 5 1376.71 0.839181 4.39539 3 3 805.397 1.7326 7.74648 6 27 4.21049 9.31285e-05 1.48736 4 
0.206542 3.07536e-06 -1 0.51219 0.116443 0.0061126 4.15179 173635 5 1250.97 1.17429 4.03176 3 3 800.971 2.07528 7.28081 5 21 5.34415 5.59569e-05 1.72641 5 
0.212668 3.14593e-06 -1 0.512903 0.119474 0.006126 4.2321 174211 5 1412.79 1.84193 3.77539 3 3 702.425 3.63277 5.78257 4 14 4.26299 9.04807e-05 2.15674 5 
0.218808 3.1353e-06 -1 0.513636 0.122476 0.0061395 4.33256 173953 5 1248.94 1.71509 3.73638 3 3 783.968 7.75783 4.65785 3 19 5.00368 9.7814e-05 1.76944 5 
0.224947 3.11976e-06 -1 0.514388 0.125439 0.0061395 4.43767 173525 5 1280.36 1.35852 3.93417 3 3 672.324 9.95707 4.07208 3 21 4.81856 9.19074e-05 1.6778 5 
0.2311 3.1135e-06 -1 0.515159 0.128493 0.00615311 4.55141 172789 5 1982.15 2.58036 3.77651 3 3 1025.48 8.77243 4.88954 3 23 3.37696 8.02737e-05 1.5887 5 
0.237253 2.96296e-06 -1 0.515948 0.131354 0.00615311 4.69367 171042 6 7201.81 1.78319 3.99062 2 4 3730.02 7.73681 4.68584 2 23 6.48787 5.95654e-05 1.65579 7 
0.24342 2.81208e-06 -1 0.516758 0.134288 0.00616685 4.86203 168489 6 3421.62 0.855882 3.98385 2 4 1853.24 5.37793 4.30853 2 29 6.90356 9.57838e-05 1.47065 7 
0.249587 3.00611e-06 -1 0.517586 0.137223 0.00616685 5.02279 166359 6 2646.18 1.57306 3.44862 2 4 1814.02 5.6956 4.2245 2 26 6.18334 8.96992e-05 1.53495 7 
0.255754 3.62808e-06 -1 0.518433 0.14014 0.00616685 5.15567 165249 5 2105.1 2.49663 3.84755 2 4 1509.56 4.98144 4.17228 2 22 5.96794 6.87959e-05 1.67674 7 
0.261935 4.40636e-06 -1 0.5193 0.142948 0.00618073 5.26725 164859 5 2267.37 2.18728 4.00981 2 4 1538.44 3.25582 4.66235 2 17 6.99021 5.35791e-05 1.99945 7 
0.268115 5.40111e-06 -1 0.520184 0.145691 0.00618073 5.36128 165023 5 1965.48 1.17386 4.41337 2 4 1617.39 3.16714 4.75375 2 13 6.16366 6.57512e-05 2.41244 7 
0.274296 6.38905e-06 -1 0.521085 0.148576 0.00618073 5.43555 165783 6 2200.19 1.25055 3.47451 2 4 1068.38 3.98235 4.04712 2 10 5.45847 9.64341e-05 2.98734 7 
0.280477 7.31393e-06 -1 0.522003 0.151369 0.00618073 5.51598 166336 7 1768.88 1.51092 2.74379 2 4 1269.77 2.43413 4.77909 2 11 6.15471 8.45437e-05 2.76701 7 
0.286672 8.15284e-06 -1 0.52294 0.154045 0.00619481 5.59764 166836 5 2145.43 1.5124 4.26943 2 4 991.797 3.6046 4.07279 2 12 4.79186 5.31996e-05 2.58752 7 
0.292866 9.03178e-06 -1 0.523894 0.156824 0.00619481 5.6807 167281 6 12693 2.28531 4.20826 2 4 6772.75 5.4175 5.94623 2 12 5.71966 6.96997e-05 2.56751 7 
0.299061 9.88936e-06 -1 0.524865 0.15954 0.00619481 5.82498 165950 6 4845.92 1.91072 3.69286 2 5 2473.86 4.4469 3.54049 2 27 9.50471 9.97383e-05 1.52901 6 
0.305256 1.07373e-05 -1 0.525854 0.162181 0.00619481 5.96517 164797 7 3730.41 1.6101 3.02483 2 4 2388.79 7.70332 4.19638 2 24 7.263 5.58593e-05 1.63337 7 
0.311451 1.1573e-05 -1 0.52686 0.164744 0.00619481 6.06027 164914 7 2904.37 1.95926 2.83788 2 4 2082.11 7.64716 4.0621 2 14 6.57669 6.12312e-05 2.28749 7 
0.317646 1.24112e-05 -1 0.527882 0.167383 0.00619481 6.1566 164995 7 2976.8 1.64755 2.91926 2 4 1979.38 5.12805 4.43246 3 14 7.18449 6.1904e-05 2.30018 7 
0.32384 1.33019e-05 -1 0.528919 0.16993 0.00619481 6.25674 164973 6 2682.01 2.1332 3.28527 2 4 2120.11 3.36344 5.01065 3 14 7.53081 7.31112e-05 2.28066 7 
0.33005 1.43044e-05 -1 0.529973 0.172498 0.00620919 6.36434 164758 6 2196.39 2.24064 3.15178 2 4 1827.1 2.45084 5.22531 3 15 5.94864 5.78503e-05 2.15844 7 
0.336259 1.53821e-05 -1 0.531044 0.174993 0.00620919 6.46682 164681 7 2558.44 1.68588 2.84741 2 4 1471.68 2.52928 4.91138 3 15 6.68545 7.04559e-05 2.14691 7 
0.342468 1.64054e-05 -1 0.53213 0.177444 0.00620919 6.57521 164458 9 13462.3 2.16654 2.63927 2 4 7319.58 9.674 5.24469 2 15 5.95032 6.30692e-05 2.14609 7 
0.348677 1.71767e-05 -1 0.533232 0.179884 0.00620919 6.7159 163452 8 6095.08 2.58133 2.64023 2 4 3154.46 8.37359 4.40558 2 22 10.7035 9.53777e-05 1.69648 7 
0.354886 1.78023e-05 -1 0.53435 0.182266 0.00620919 6.8418 162839 9 4682.12 2.19064 2.34415 2 5 2861.11 5.85626 3.44971 2 19 8.29843 6.36916e-05 1.85869 7 
0.361096 1.83515e-05 -1 0.535482 0.184645 0.00620919 6.94964 162670 8 3644.31 2.20577 2.52497 2 5 2597.45 6.8763 3.27671 2 15 6.98121 7.92026e-05 2.13638 7 
0.367305 1.89926e-05 -1 0.536628 0.186985 0.00620919 7.05042 162668 6 2887.84 1.67557 3.4626 3 4 2002.23 10.3655 3.72805 2 15 7.0781 5.88264e-05 2.18117 7 
0.373514 1.9746e-05 -1 0.537789 0.189265 0.00620919 7.14839 162731 5 3419.48 2.19717 4.3493 3 4 2536.74 10.1313 3.97789 2 14 7.9986 8.3219e-05 2.26941 7 
0.379723 2.05944e-05 -1 0.538964 0.191551 0.00620919 7.244 162845 5 2758.56 2.25394 4.14522 3 5 2288.2 5.4824 3.34275 2 14 7.0963 8.02249e-05 2.25599 7 
0.385932 2.15565e-05 -1 0.540153 0.193602 0.00620919 7.34665 162800 5 3223.52 1.83299 4.45691 3 5 1584.38 5.16293 3.14335 2 14 5.78696 7.22461e-05 2.24006 7 
0.392141 2.24868e-05 -1 0.541355 0.195868 0.00620919 7.44384 162875 5 11962.5 1.4765 6.04947 3 6 6548.28 3.16398 3.56984 2 14 8.24684 4.86453e-05 2.36329 7 
0.398351 2.33563e-05 -1 0.542571 0.198043 0.00620919 7.53841 163005 5 5144.28 1.34097 5.20932 2 5 3030.6 5.67911 3.51115 2 13 8.34682 8.74135e-05 2.41586 7 
0.40456 2.40495e-05 -1 0.5438 0.200116 0.00620919 7.63267 163139 6 3858.05 1.73442 3.61301 3 6 3080.23 3.57283 3.08505 2 13 9.71224 7.32626e-05 2.47761 7 
0.410769 2.48117e-05 -1 0.545044 0.202105 0.00620919 7.72823 163242 6 4251.76 1.47896 3.77081 3 6 3455.25 4.92603 2.98078 2 13 9.08401 5.75662e-05 2.51105 7 
0.416978 2.54597e-05 -1 0.546299 0.204152 0.00620919 7.82058 163409 5 3965.65 2.11 4.51654 3 6 3308.89 7.18771 2.77874 2 12 8.48415 8.82708e-05 2.60155 7 
0.423187 2.63362e-05 -1 0.547566 0.206194 0.00620919 7.90948 163644 5 3034.61 1.64317 4.50074 3 6 2537.3 5.56521 2.77427 2 12 7.0785 6.29282e-05 2.63587 7 
0.429397 2.71167e-05 -1 0.548844 0.208094 0.00620919 8.00285 163782 7 3786.63 2.00799 2.93716 2 6 2016.58 5.18401 2.70183 2 12 6.269 4.98836e-05 2.66034 7 
0.435606 2.78724e-05 -1 0.550136 0.209959 0.00620919 8.12795 163277 8 13075.3 1.48097 3.11342 2 6 7232.79 4.84232 3.38098 2 19 8.42821 5.38349e-05 1.87674 7 
0.441815 2.85902e-05 -1 0.55144 0.211816 0.00620919 8.26199 162611 8 5557.04 1.85081 2.72073 2 5 3224.41 9.45295 3.21053 2 21 8.4746 7.92685e-05 1.73571 7 
0.448024 2.92693e-05 -1 0.552755 0.21365 0.00620919 8.37038 162462 7 4414.15 2.11789 2.97944 2 4 2770.14 8.84335 4.20699 2 16 9.9954 7.06341e-05 2.09857 7 
0.454233 3.00706e-05 -1 0.55408 0.215403 0.00620919 8.45168 162838 7 4276.6 2.26896 2.93695 2 4 3472.7 7.48454 4.64115 2 11 9.05301 7.62192e-05 2.89294 7 
0.460443 3.09372e-05 -1 0.555417 0.217134 0.00620919 8.52722 163317 6 4443.71 2.28942 3.53186 2 4 3633.5 6.77069 4.81308 2 10 8.89465 3.74568e-05 3.44794 7 
0.466652 3.1839e-05 -1 0.556764 0.218804 0.00620919 8.60019 163836 6 3604.76 1.94142 3.50585 3 4 3018.12 6.78659 4.5922 3 9 7.80115 7.47526e-05 3.61089 7 
0.472861 3.27254e-05 -1 0.558121 0.220397 0.00620919 8.67467 164318 6 6123.7 1.94434 3.8286 3 5 3496.94 6.62836 3.50313 2 9 5.91027 5.04994e-05 3.65718 7 
0.47907 3.35846e-05 -1 0.559487 0.221993 0.00620919 8.748 164814 6 11319.4 1.35475 4.50464 3 5 6241.47 10.1568 3.61165 2 9 9.93219 4.26643e-05 3.94758 7 
0.485279 3.42799e-05 -1 0.560865 0.223537 0.00620919 8.82826 165171 6 6860.48 1.70555 3.98794 3 6 4021.62 4.00061 3.16504 2 11 9.58683 7.61638e-05 2.90824 6 
0.491488 3.49874e-05 -1 0.562253 0.22503 0.00620919 8.90615 165567 7 5594.34 2.1445 3.07652 2 5 3898.88 7.30344 3.51142 2 11 8.11533 5.70733e-05 2.94065 6 
0.497698 3.57509e-05 -1 0.563649 0.226443 0.00620919 8.98273 165979 7 4319.38 2.36557 2.92366 2 4 3169.14 7.26253 4.5705 2 11 7.59905 4.59487e-05 2.98131 6 
0.503907 3.66146e-05 -1 0.565052 0.227872 0.00620919 9.0601 166370 7 3473.35 2.04311 2.89397 2 5 2477.4 3.52388 3.71018 2 11 7.0301 4.06411e-05 2.99351 6 
0.510131 3.76175e-05 -1 0.56647 0.229216 0.00622467 9.13573 166786 7 4380.83 1.79569 3.04722 2 5 3160.46 4.4144 3.72371 2 10 8.1721 3.92745e-05 3.40269 6 
0.516356 3.86339e-05 -1 0.567895 0.230479 0.00622467 9.32534 165152 12 20435.9 1.77429 2.17995 4 6 11606.9 2.55617 4.06932 3 32 8.50633 7.95207e-05 1.43603 6 
0.522581 3.90831e-05 -1 0.569328 0.231717 0.00622467 9.607 162015 6 9085.43 1.85077 4.12255 4 5 5082.93 2.37791 4.6343 3 56 10.404 8.24244e-05 1.23337 6 
0.528806 3.93512e-05 -1 0.570769 0.23297 0.00622467 9.78129 160803 6 5151.79 2.10997 3.66956 3 5 3428.19 4.31027 3.80287 3 31 10.7666 7.79043e-05 1.46495 6 
0.53503 3.97384e-05 -1 0.57222 0.234075 0.00622467 9.88828 160720 5 4534.14 2.57023 4.45969 3 5 3805.51 6.79414 3.54532 3 17 9.70619 6.4524e-05 2.01627 6 
0.541255 4.03342e-05 -1 0.573676 0.23532 0.00622467 9.97455 160973 6 5283.52 1.27538 4.00757 2 5 4321.85 6.69109 3.64783 2 13 9.25145 5.52311e-05 2.5226 6 
0.54748 4.12331e-05 -1 0.575137 0.236406 0.00622467 10.05 161394 6 4348.72 1.26856 3.88307 2 5 3610.61 3.90726 3.9187 2 11 8.5797 3.58787e-05 3.08295 6 
0.553704 4.22659e-05 -1 0.576607 0.237482 0.00622467 10.1247 161823 7 18438.2 1.38625 3.88263 2 6 10573.8 9.84971 3.19989 2 10 6.9415 7.53632e-05 3.13639 6 
0.559929 4.32183e-05 -1 0.578085 0.238544 0.00622467 10.2097 162080 8 11374.8 2.40085 2.88036 2 6 6281.14 5.63677 3.21984 2 12 12.5425 8.22051e-05 2.70369 5 
0.566154 4.41771e-05 -1 0.579566 0.239443 0.00622467 10.2858 162473 8 7905.41 1.52708 2.91245 2 5 5087.07 6.86623 3.7493 2 11 9.40341 5.75557e-05 2.97802 5 
0.572378 4.49576e-05 -1 0.581056 0.240383 0.00622467 10.3619 162860 8 6194.98 1.92125 2.74509 2 5 4810.56 4.92527 3.96235 2 11 10.1733 5.82995e-05 2.9959 5 
0.578603 4.57174e-05 -1 0.582551 0.241218 0.00622467 10.429 163385 6 5673.76 1.21578 4.08792 3 5 4651.35 6.633 3.70829 2 10 9.40548 4.9407e-05 3.37256 5 
0.584828 4.6393e-05 -1 0.584049 0.241972 0.00622467 10.5018 163812 8 4396.54 1.54663 2.70219 2 5 3611.6 9.93437 3.25171 2 10 8.25652 4.59104e-05 3.35343 5 
0.591052 4.70432e-05 -1 0.585552 0.24276 0.00622467 10.5923 163960 9 8842.02 2.37603 2.49313 2 7 5111.08 10.1576 2.43198 2 14 6.74089 5.13811e-05 2.32041 5 
0.597277 4.7676e-05 -1 0.587064 0.243539 0.00622467 10.8142 162110 10 11075.6 2.04475 2.3625 2 7 6196.05 5.25507 2.74657 3 36 11.0054 7.42516e-05 1.39199 7 
0.603502 4.82391e-05 -1 0.588576 0.24423 0.00622467 10.9798 161156 8 8881.87 1.17576 3.05332 3 6 5431.77 6.15752 3.09687 3 25 9.12813 9.15282e-05 1.58472 7 
0.609726 4.8649e-05 -1 0.590095 0.244911 0.00622467 11.102 160859 9 6783.46 1.69511 2.51333 2 6 4997.91 5.31517 3.13001 3 17 9.86873 9.19349e-05 1.97664 7 
0.615951 4.90773e-05 -1 0.59162 0.245544 0.00622467 11.1993 160925 8 5895.47 2.4201 2.65055 2 6 4708.15 4.07788 3.23894 3 12 9.27485 5.6346e-05 2.72084 7 
0.622176 4.95392e-05 -1 0.593144 0.246136 0.00622467 11.2796 161232 7 4540.47 1.75245 3.07352 2 5 3647.94 5.27445 3.69806 3 10 8.16851 6.08554e-05 3.25675 7 
0.6284 5.01108e-05 -1 0.594672 0.246696 0.00622467 11.3607 161522 7 6812.74 1.2024 3.43702 2 4 3955.37 5.66366 5.1407 3 10 6.75483 3.68111e-05 3.36019 7 
0.634625 5.07763e-05 -1 0.59621 0.2473 0.00622467 11.4321 161947 6 11411.3 2.43992 4.0894 2 5 6653.42 4.71278 4.26534 2 8 10.3751 5.19109e-05 4.59824 7 
0.64085 5.17664e-05 -1 0.597743 0.247837 0.00622467 11.4929 162515 6 9325.08 2.54974 3.92518 2 5 5649.07 2.61853 4.64284 2 7 9.31412 6.80337e-05 5.41719 7 
0.647074 5.30098e-05 -1 0.599282 0.24823 0.00622467 11.563 162947 8 7060 1.293 2.93191 2 5 5141.5 8.71883 3.58201 2 9 9.90212 4.64827e-05 3.90885 6 
0.653299 5.3975e-05 -1 0.600829 0.248632 0.00622467 11.6343 163358 8 6154.07 1.30394 2.87898 2 6 4905.58 4.32979 3.22877 2 8 9.39939 8.48222e-05 4.27143 6 
0.659524 5.47963e-05 -1 0.602372 0.249038 0.00622467 11.731 163407 8 4785.79 1.68355 2.70219 2 5 3846.33 7.01183 3.53056 2 15 8.35023 6.12204e-05 2.19948 6 
0.665748 5.56134e-05 -1 0.603915 0.24938 0.00622467 11.8804 162731 7 8246.71 1.85926 3.31888 2 5 4797.2 6.60571 3.73434 2 27 6.92989 7.8798e-05 1.52447 6 
0.671973 5.64865e-05 -1 0.605468 0.249627 0.00622467 12.0374 161970 10 12068.6 1.91186 2.39894 3 5 6814.35 5.1257 4.21439 2 25 10.8441 6.18897e-05 1.62085 7 
0.678198 5.70225e-05 -1 0.60702 0.249938 0.00622467 12.1573 161721 7 9464.03 2.03789 3.34074 2 5 5816.24 9.31328 3.62333 2 18 8.99243 7.75903e-05 1.91134 7 
0.684422 5.76553e-05 -1 0.60857 0.25017 0.00622467 12.2648 161638 7 6953.78 2.36961 3.1287 2 5 5174.89 3.87803 4.21753 2 16 10.2944 4.98569e-05 2.14872 7 
0.690647 5.82832e-05 -1 0.610125 0.250458 0.00622467 12.3706 161581 7 6374.06 1.95455 3.17621 2 5 5173.1 3.35982 4.33997 2 15 9.71759 9.58086e-05 2.15647 7 
0.696872 5.92105e-05 -1 0.611681 0.250586 0.00622467 12.4706 161599 6 5132.49 1.85508 3.74681 2 5 4189.83 3.40527 4.14963 2 15 8.75458 7.37118e-05 2.17928 7 
0.703096 6.016e-05 -1 0.613237 0.25079 0.00622467 12.5766 161539 7 16475 1.65455 3.72532 2 5 9570.82 8.72982 4.05498 2 15 7.27655 6.98952e-05 2.16022 7 
0.709321 6.10341e-05 -1 0.614794 0.250929 0.00622467 12.6827 161479 6 13471.4 2.49242 4.18921 2 6 7550.89 3.77126 3.55019 2 14 12.7144 5.64204e-05 2.41183 7 
0.715546 6.20793e-05 -1 0.616351 0.250995 0.00622467 12.7744 161603 6 8401.09 2.23007 3.9446 2 5 5336.65 4.28809 4.15911 2 13 9.64497 6.20576e-05 2.50811 7 
0.72177 6.3132e-05 -1 0.617913 0.251061 0.00622467 12.8626 161768 6 5793.08 1.22151 4.09891 3 5 4592.48 2.92712 4.35633 2 12 10.6331 5.39865e-05 2.76184 7 
0.727995 6.38471e-05 -1 0.619473 0.251143 0.00622467 12.9491 161953 6 6129.12 1.64052 3.93915 3 4 5093.39 9.66438 4.79135 3 11 9.79751 6.00112e-05 2.97782 7 
0.73422 6.45909e-05 -1 0.62103 0.251154 0.00622467 13.027 162243 6 5520.31 2.05065 3.72974 3 4 4554.03 6.25465 5.19455 3 10 9.15445 7.9476e-05 3.2073 7 
0.740444 6.51696e-05 -1 0.622589 0.251174 0.00622467 13.1224 162312 6 24735.3 1.51456 5.037 3 4 14353.1 6.75225 6.79007 3 12 7.81057 4.51525e-05 2.73212 7 
0.746669 6.5757e-05 -1 0.624149 0.251143 0.00622467 13.2667 161781 8 13329.2 1.36862 3.15185 2 4 7484.74 3.64781 6.73033 3 22 12.6669 9.38902e-05 1.71074 7 
0.752894 6.63161e-05 -1 0.62571 0.251044 0.00622467 13.3898 161518 7 6584.33 2.52297 3.0767 2 5 3723.26 4.93544 3.76287 2 17 11.1156 5.30385e-05 2.05599 7 
0.759118 6.68753e-05 -1 0.62727 0.251008 0.00622467 13.4785 161670 9 5423.37 2.25125 2.37553 2 4 3355.68 6.56887 4.75414 2 11 9.76687 5.23511e-05 3.01416 7 
0.765343 6.75439e-05 -1 0.628826 0.250892 0.00622467 13.5626 161875 8 4434.68 2.31255 2.57245 2 5 3639.21 7.28474 3.46512 2 10 8.72199 3.95284e-05 3.42271 7 
0.771568 6.79659e-05 -1 0.630386 0.250806 0.00622467 13.6378 162184 7 5690.83 2.18929 3.07496 2 5 4454.49 7.04132 3.63269 2 8 8.76511 7.93713e-05 4.2696 7 
0.777792 6.84356e-05 -1 0.631942 0.250689 0.00622467 13.7123 162498 9 23538.4 2.30711 2.78877 3 6 13629.9 5.7921 3.64706 2 8 8.82053 2.12964e-05 5.03673 7 
0.784017 6.88414e-05 -1 0.6335 0.250516 0.00622467 13.7893 162779 7 8561.18 2.55711 3.18816 2 5 4838.38 9.75657 3.46004 2 10 10.2896 7.74191e-05 3.25353 6 
0.790242 6.92604e-05 -1 0.635057 0.25041 0.00622467 13.864 163084 7 7630.94 2.35072 3.17413 2 5 4697.77 6.0411 3.78578 2 10 10.4752 5.53756e-05 3.37042 6 
0.796466 6.99232e-05 -1 0.636611 0.250234 0.00622467 13.9342 163438 8 6135.23 2.54024 2.64771 2 5 4211.93 7.06913 3.58941 2 9 8.12447 5.49186e-05 3.75364 6 
0.802691 7.06307e-05 -1 0.638165 0.250057 0.00622467 14.006 163770 7 4930.08 1.42144 3.20429 3 6 3551.86 4.05231 3.09356 2 9 7.52769 5.49297e-05 3.72187 6 
0.808916 7.12455e-05 -1 0.639717 0.249896 0.00622467 14.0719 164167 6 4362.79 2.4514 3.48117 3 6 2996.63 6.26372 2.79662 2 8 7.22856 9.91886e-05 4.05344 6 
0.81514 7.20784e-05 -1 0.641268 0.249616 0.00622467 14.2122 163699 7 20501.8 2.47462 3.62873 3 6 11798.8 3.18701 3.93317 3 21 9.03683 7.61438e-05 1.74436 7 
0.821365 7.254e-05 -1 0.642821 0.249386 0.00622467 14.3346 163445 7 10133.6 1.91065 3.40473 4 5 5841.83 8.96239 3.65447 3 18 10.3289 5.70852e-05 1.95923 7 
0.82759 7.2961e-05 -1 0.644367 0.249136 0.00622467 14.4301 163498 5 8357.9 0.758462 6.43328 4 4 5668.55 5.43789 5.68212 3 13 9.16551 5.01017e-05 2.53976 7 
0.833814 7.33775e-05 -1 0.645914 0.24888 0.00622467 14.5085 163744 5 6733.51 1.31612 5.5181 4 5 5153.9 3.5879 4.28015 3 9 9.44741 7.14501e-05 3.7071 7 
0.840039 7.37906e-05 -1 0.647459 0.248631 0.00622467 14.5786 164081 5 5606.99 0.917476 5.71777 4 5 4393.51 2.86329 4.337 3 8 8.55131 6.85541e-05 4.33511 7 
0.846264 7.39753e-05 -1 0.649002 0.24841 0.00622467 14.6525 164372 5 6826.99 1.28275 5.56183 4 5 4001.91 4.43536 3.90003 3 8 7.37968 3.75766e-05 4.58818 7 
0.852488 7.4383e-05 -1 0.650545 0.248107 0.00622467 14.7233 164693 5 13765.3 1.31001 6.37238 4 5 7867.27 8.83511 3.88976 3 7 10.2821 5.40236e-05 5.67825 7 
0.858713 7.49509e-05 -1 0.652085 0.24788 0.00622467 14.7856 165107 5 9566.04 2.24055 5.32201 3 5 5886.08 6.23084 3.93601 3 7 8.66831 6.90756e-05 5.35024 6 
0.864938 7.57876e-05 -1 0.653622 0.247498 0.00622467 14.8512 165481 6 6283.94 2.16684 3.77631 3 5 4790.81 7.31301 3.65816 2 8 10.6241 6.1055e-05 4.5193 6 
0.871162 7.65432e-05 -1 0.655159 0.247225 0.00622467 14.9215 165799 5 6038.8 1.33767 5.38171 3 5 5037.78 5.13419 3.96601 2 11 9.91856 5.86915e-05 2.98718 5 
0.877387 7.72743e-05 -1 0.656692 0.246893 0.00622467 14.9883 166154 6 6116.55 2.48518 3.67444 2 5 5023.72 4.53569 4.06328 2 10 9.25449 3.75533e-05 3.46075 5 
0.883612 7.78753e-05 -1 0.658224 0.246506 0.00622467 15.1269 165715 7 24869.3 2.15968 3.80349 2 5 14514.9 8.5955 4.42088 2 25 8.26998 9.21534e-05 1.57805 6 
0.889836 7.82943e-05 -1 0.659755 0.246172 0.00622467 15.3459 164417 7 13887.9 1.89913 3.56461 2 5 7834.35 3.92103 4.57215 2 36 12.5935 7.13999e-05 1.39873 7 
0.896061 7.89598e-05 -1 0.661283 0.245788 0.00622467 15.4889 163957 7 7241.39 2.3402 3.15248 2 4 4170 6.10179 5.11293 2 22 11.3056 9.8469e-05 1.69824 7 
0.902286 7.99292e-05 -1 0.662808 0.245448 0.00622467 15.5891 163955 7 6192.41 2.56284 3.04302 2 4 3989.12 4.68116 5.40295 2 15 9.17826 5.47368e-05 2.22997 7 
0.90851 8.09045e-05 -1 0.664331 0.24508 0.00622467 15.6883 163963 7 4866.54 2.47676 2.95445 2 4 3342.42 4.93316 5.10192 2 14 8.73948 6.33236e-05 2.32883 7 
0.914735 8.18128e-05 -1 0.665851 0.24474 0.00622467 15.7859 163986 5 5016.09 1.9912 4.78906 2 4 3720.53 3.87565 5.56628 2 15 7.81795 6.01208e-05 2.19249 7 
0.92096 8.23916e-05 -1 0.667371 0.244316 0.00622467 15.8947 163895 7 20539.4 2.29223 3.6696 2 4 11943.6 5.51927 6.82045 2 16 8.82342 5.21803e-05 2.12206 7 
0.927184 8.31888e-05 -1 0.668887 0.243932 0.00622467 16.0063 163775 9 10148.9 2.09444 2.56734 2 5 5793.33 2.20035 4.83156 2 15 9.37006 7.00702e-05 2.19658 7 
0.933409 8.39098e-05 -1 0.670403 0.24354 0.00622467 16.114 163697 7 8434.68 1.47735 3.44077 2 5 5483.39 5.10741 4.03803 2 15 9.07601 7.64064e-05 2.1793 7 
0.939634 8.46763e-05 -1 0.671914 0.243147 0.00622467 16.2152 163686 7 7120.26 2.01315 3.21326 2 5 5267.53 6.50155 3.81696 2 14 9.0889 6.31234e-05 2.33589 7 
0.945858 8.57797e-05 -1 0.673422 0.242756 0.00622467 16.3106 163734 7 5622.2 2.02972 3.103 2 5 4310.59 5.71462 3.76279 2 13 9.10819 7.31542e-05 2.46569 7 
0.952083 8.68867e-05 -1 0.674928 0.242349 0.00622467 16.4008 163832 7 4978.27 1.83227 3.09446 2 5 3488.04 5.37169 3.65169 2 12 7.35457 6.8411e-05 2.62595 7 
0.958308 8.79223e-05 -1 0.676432 0.241974 0.00622467 16.5597 163249 10 14350.3 1.72053 2.46672 3 5 8428.52 7.56231 4.06836 2 24 9.59138 6.95849e-05 1.63735 7 
0.964532 8.86165e-05 -1 0.677934 0.241533 0.00622467 16.688 162976 8 10530.3 2.02508 2.91407 2 5 6364.43 5.79995 4.05571 2 19 10.5137 6.16804e-05 1.88516 7 
0.970757 8.90288e-05 -1 0.679436 0.24117 0.00622467 16.7785 163074 6 6524.26 2.55809 3.69632 2 5 4848.53 4.1111 4.11463 2 13 10.5922 4.56949e-05 2.58643 7 
0.976982 8.97125e-05 -1 0.680932 0.240777 0.00622467 16.8583 163273 7 6180.29 0.854913 3.55875 2 5 5134.41 4.29274 4.12621 2 10 9.91379 6.80592e-05 3.28349 7 
0.983207 9.04106e-05 -1 0.682426 0.240405 0.00622467 16.9322 163528 6 6091.22 2.09843 3.7769 2 5 5027.76 4.05335 4.15635 2 9 9.31765 4.54707e-05 3.89202 7 
0.989431 9.13021e-05 -1 0.683916 0.239951 0.00622467 17.0009 163831 7 23856.5 1.12099 4.15228 2 6 13949 4.09018 3.87972 2 8 8.36329 7.65297e-05 4.26401 7 
0.995656 9.21262e-05 -1 0.685405 0.239556 0.00622467 17.0781 164050 6 14397.1 1.17645 4.80047 2 6 8135.87 4.68349 3.46715 2 11 12.6204 7.51429e-05 2.9855 6 
1.00188 9.29194e-05 -1 0.686893 0.23913 0.00622467 17.1548 164271 7 7544.24 1.42059 3.40536 2 5 4356.7 4.01706 4.04622 2 11 11.1405 3.41252e-05 3.17145 6 
1.00811 9.34636e-05 -1 0.688379 0.238769 0.00622467 17.2268 164536 6 6350.87 1.6059 3.97667 3 4 4107.34 4.81123 5.40538 3 10 11.9375 4.65477e-05 3.47457 6 
1.01433 9.418e-05 -1 0.68986 0.238381 0.00622467 17.306 164729 5 5192.6 0.877939 5.68047 3 4 3576.39 4.24902 5.38628 3 11 9.90845 4.18531e-05 3.08014 6 
1.02055 9.48103e-05 -1 0.69134 0.237945 0.00622467 17.3852 164922 6 4171.95 0.657169 4.30306 3 4 3070.98 5.20502 4.92849 3 10 12.4889 4.22566e-05 3.52422 6 
1.02678 9.52372e-05 -1 0.692815 0.237597 0.00622467 17.518 164607 6 20773.1 2.13311 4.62113 2 4 12088.2 4.67263 7.13182 3 20 8.72359 9.80502e-05 1.76792 7 
1.033 9.58286e-05 -1 0.694289 0.237193 0.00622467 17.6438 164362 7 10427 2.13624 3.36457 2 4 5950.57 8.64976 5.1214 2 20 9.45038 9.84321e-05 1.77466 7 
1.03923 9.6525e-05 -1 0.695761 0.236749 0.00622467 17.7429 164367 7 8830.25 1.65374 3.40801 2 5 5764.44 4.73989 4.13998 2 14 8.79619 8.14678e-05 2.28835 7 
1.04545 9.7341e-05 -1 0.697231 0.236349 0.00622467 17.8187 164588 7 7121.09 2.08869 3.19645 2 4 5355.03 8.17133 5.05961 2 10 10.2902 5.07094e-05 3.39417 7 
1.05168 9.81593e-05 -1 0.698697 0.235958 0.00622467 17.8982 164772 7 6074.63 1.91259 3.16425 2 5 4743.57 2.42026 4.55458 2 9 12.4577 3.77262e-05 4.10392 7 
1.0579 9.89804e-05 -1 0.700162 0.23555 0.00622467 17.9695 165029 7 5223.75 1.95746 3.08653 2 5 3697.8 2.84375 4.19576 2 8 12.0021 6.0934e-05 4.58987 7 
1.06413 9.99001e-05 -1 0.701623 0.235118 0.00622467 18.0423 165272 8 13885.8 2.10138 3.00268 3 5 8011.83 3.86033 4.60703 2 8 12.9967 2.67487e-05 5.13826 7 
1.07035 0.000100388 -1 0.703084 0.234673 0.00622467 18.1116 165545 8 9828.74 2.48447 2.81616 2 5 5987.5 6.74377 3.88748 2 8 8.69195 9.28083e-05 4.18255 6 
1.07658 0.000100515 -1 0.704541 0.234273 0.00622467 18.1882 165748 11 5633.94 2.46832 2.01981 2 5 4171.89 9.51018 3.37621 3 9 10.6052 6.18175e-05 3.81593 6 
1.0828 0.000100602 -1 0.705995 0.23392 0.00622467 18.2623 165973 10 5170.78 1.92564 2.20241 2 6 4399.05 6.5487 2.95938 3 8 9.62238 7.41161e-05 4.35684 6 
1.08903 0.00010071 -1 0.707446 0.233538 0.00622467 18.3441 166125 9 6110.39 1.83665 2.46228 2 5 4998.75 9.42367 3.50694 3 11 10.5521 4.76479e-05 3.06151 5 
1.09525 0.000100902 -1 0.708896 0.233182 0.00622467 18.5893 164816 9 25387 2.5011 2.78718 3 7 14860.2 6.76295 3.00201 2 53 12.8863 8.80257e-05 1.25159 5 
1.10148 0.000101292 -1 0.710343 0.232831 0.00622467 18.743 164338 8 13281.1 2.27627 2.95632 4 7 7481.75 6.15771 2.75839 2 23 12.3336 9.35023e-05 1.66963 7 
1.1077 0.000101711 -1 0.71179 0.232425 0.00622467 18.8486 164287 6 7945.74 2.16494 3.92749 3 6 4683.33 6.20643 3.0173 2 15 14.4121 6.03684e-05 2.28312 7 
1.11392 0.000101885 -1 0.713233 0.232053 0.00622467 18.9335 164416 7 6856.94 1.53829 3.32123 3 6 4605.99 5.15072 3.10391 2 10 15.8653 4.61635e-05 3.57779 7 
1.12015 0.000101954 -1 0.714675 0.231644 0.00622467 19.0079 164634 6 5440.41 2.43336 3.61608 2 5 3855.07 7.06094 3.52723 3 9 11.0967 4.36719e-05 3.98616 7 
1.12637 0.000102243 -1 0.716111 0.231304 0.00622467 19.0833 164842 8 4317.91 2.05911 2.60135 2 5 3207.29 3.59257 3.89177 3 8 7.28618 8.07026e-05 4.16343 7 
1.1326 0.000102509 -1 0.717547 0.231012 0.00622467 19.1683 164966 7 20717 1.62871 3.85793 2 6 12045 3.90525 3.81528 2 11 10.1143 3.98778e-05 3.0995 7 
1.13882 0.000102959 -1 0.718981 0.230667 0.00622467 19.2673 164968 7 11199.2 2.13983 3.39827 2 6 6469.84 4.07105 3.4161 2 14 12.6621 6.90382e-05 2.37661 7 
1.14505 0.000103837 -1 0.720414 0.230267 0.00622467 19.3783 164869 6 8560.62 1.87359 4.07354 2 5 5732.91 6.35548 3.89983 2 16 12.3314 7.12555e-05 2.12514 7 
1.15127 0.000104328 -1 0.721843 0.229924 0.00622467 19.4935 164735 6 7242.5 1.66701 4.03947 3 5 5632.24 4.19448 4.2228 2 17 9.74917 6.1374e-05 2.02274 7 
1.1575 0.000104472 -1 0.723273 0.229633 0.00622467 19.6025 164655 5 6172.14 1.23342 5.4937 3 5 4992.63 4.16969 4.1271 2 17 13.4552 6.7769e-05 2.04946 7 
1.16372 0.000104925 -1 0.724696 0.22926 0.00622467 19.7126 164566 6 7124.07 1.69982 4.01533 2 5 4201.81 3.2823 4.18265 2 17 17.8443 7.62592e-05 2.06936 7 
1.16995 0.000105405 -1 0.726121 0.228992 0.00622467 19.9058 163792 7 15005.4 1.6311 3.68343 2 5 8659.33 5.32963 4.3869 2 34 14.4242 7.21238e-05 1.4319 7 
1.17617 0.000106038 -1 0.727543 0.228671 0.00622467 20.0581 163365 7 8075.52 1.91311 3.29548 2 4 5031.04 8.55414 4.92459 2 26 9.07498 9.06587e-05 1.55713 7 
1.1824 0.000106873 -1 0.728963 0.22841 0.00622467 20.1676 163290 5 5986.93 2.31633 4.81372 2 4 3547.9 4.87138 5.19493 2 17 11.6597 5.16443e-05 2.06501 7 
1.18862 0.000108009 -1 0.730379 0.228083 0.00622467 20.2632 163329 7 5001.34 1.67305 3.13697 2 4 3231.94 6.40993 4.73863 2 14 10.272 4.96872e-05 2.39702 7 
1.19485 0.000109079 -1 0.731796 0.227793 0.00622467 20.3507 163432 6 5258.45 0.898022 4.2455 2 4 4204.59 5.94417 5.15713 2 13 8.38129 5.07563e-05 2.51983 7 
1.20107 0.000109864 -1 0.733207 0.227414 0.00622467 20.4364 163548 6 27033.9 2.41552 4.72951 2 4 15851.3 5.05627 7.4827 2 12 13.7915 5.38747e-05 2.82283 7 
1.20729 0.000110651 -1 0.73462 0.227225 0.00622467 20.5181 163695 7 9818.02 2.05191 3.35502 3 5 5450.27 3.19148 4.43083 2 11 13.6011 5.54487e-05 3.09009 7 
1.21352 0.000111421 -1 0.73603 0.226902 0.00622467 20.5931 163895 5 8629.05 1.38562 5.73936 3 5 5238.95 3.30673 4.36485 2 10 18.502 5.84583e-05 3.54844 7 
1.21974 0.000112043 -1 0.737442 0.226669 0.00622467 20.6672 164100 5 7094.63 2.19899 5.03201 2 5 4990.68 4.12575 4.13553 2 10 17.9468 5.57202e-05 3.55466 7 
1.22597 0.000112669 -1 0.738847 0.226346 0.00622467 20.7418 164300 6 5921.81 1.09434 4.19003 2 5 4388.46 3.85949 4.08467 2 10 10.0638 3.32392e-05 3.53274 7 
1.23219 0.000113371 -1 0.740252 0.226066 0.00622467 20.812 164532 6 4545.25 1.44702 3.8269 2 5 3482.38 2.36575 4.30112 2 9 9.58422 7.31195e-05 3.70351 7 
1.23842 0.000114165 -1 0.741653 0.225783 0.00622467 20.9617 164139 8 20804.1 2.39129 3.1077 3 5 12095.4 4.9034 4.76897 2 24 8.80849 9.82541e-05 1.60826 7 
1.24464 0.000114762 -1 0.743057 0.225487 0.00622467 21.0898 163919 5 11336.1 2.43055 5.41691 3 5 6633.7 3.72592 4.46791 2 20 10.0691 6.71341e-05 1.81469 7 
1.25087 0.000114996 -1 0.744455 0.22535 0.00622467 21.1861 163947 6 7909.22 1.33563 4.25345 2 5 5504.33 2.79026 4.5605 2 14 11.3265 4.59825e-05 2.42721 7 
1.25709 0.000115531 -1 0.745855 0.225026 0.00622467 21.2606 164144 6 6394.87 2.13516 3.79665 2 5 5190.37 3.01076 4.4392 2 10 14.2756 9.04528e-05 3.30992 7 
1.26332 0.000116249 -1 0.747252 0.224749 0.00622467 21.3434 164275 6 6367.78 2.19764 3.77577 2 5 5267.28 3.3928 4.34716 2 13 16.8504 4.8423e-05 2.66854 6 
1.26954 0.000116982 -1 0.748648 0.22453 0.00622467 21.4249 164415 7 11201.5 2.12889 3.40086 2 5 6603.94 6.11808 4.04238 2 11 20.3569 6.27556e-05 3.16961 6 
1.27577 0.000117742 -1 0.75004 0.224336 0.00622467 21.5206 164445 6 16207.1 1.94059 4.50432 2 6 9339.64 3.47887 3.72805 2 18 24.9783 6.74839e-05 2.0387 5 
1.28199 0.000118647 -1 0.751436 0.224114 0.00622467 21.6189 164455 6 7298.95 1.86247 3.97065 2 5 4165.06 3.81848 4.05085 2 18 12.103 5.52492e-05 1.98015 5 
1.28822 0.000119561 -1 0.752828 0.223899 0.00622467 21.704 164565 6 6510.3 1.26536 4.15494 3 5 4074.32 2.92954 4.25257 2 15 9.65762 7.26611e-05 2.19569 5 
1.29444 0.00012005 -1 0.754218 0.223777 0.00622467 21.7921 164651 5 5245.82 1.97045 4.84228 3 5 3515.22 1.18403 4.949 3 15 8.95492 6.9554e-05 2.19103 5 
1.30066 0.000120594 -1 0.755604 0.223534 0.00622467 21.8866 164689 6 4227.45 1.79851 3.64637 2 4 2970.51 4.26079 5.13849 3 18 11.2429 5.44072e-05 1.97374 5 
1.30689 0.00012126 -1 0.756993 0.223323 0.00622467 22.1194 163697 9 24697 1.39409 2.9651 3 4 14481.6 5.02319 7.32756 3 46 14.0184 9.85049e-05 1.29428 6 
1.31311 0.000121714 -1 0.758379 0.223118 0.00622467 22.2634 163373 7 10140.3 2.3858 3.29872 2 5 5788.4 2.43549 4.73363 2 23 17.4102 8.61699e-05 1.70087 7 
1.31934 0.000122236 -1 0.759766 0.222944 0.00622467 22.3643 163369 8 8828.05 1.90009 2.87333 3 4 5522.18 8.2859 5.08092 2 15 20.0464 7.42304e-05 2.30196 7 
1.32556 0.000122699 -1 0.761149 0.222791 0.00622467 22.4475 163493 6 7470.73 1.729 4.03578 3 5 5466.23 2.41681 4.68694 2 10 14.5407 7.04164e-05 3.4001 7 
1.33179 0.000123243 -1 0.762535 0.22261 0.00622467 22.5335 163596 7 6076.41 1.97915 3.14896 3 5 4709.14 2.82126 4.41062 2 13 22.8076 5.61844e-05 2.70035 6 
1.33801 0.000123706 -1 0.763915 0.222466 0.00622467 22.6437 163524 5 4931.63 2.32978 4.62525 3 5 3897.28 2.26257 4.43845 2 21 38.1748 7.22084e-05 1.87298 5 
1.34424 0.000124364 -1 0.765297 0.222291 0.00622467 22.7426 163533 8 17977.7 2.42571 3.04605 3 5 10412.2 8.09811 4.18631 2 18 17.2159 7.55283e-05 1.98453 5 
1.35046 0.000124833 -1 0.766676 0.222187 0.00622467 22.8303 163622 6 11243.6 1.61025 4.37189 3 6 6693.15 2.98444 3.61794 2 14 9.94094 5.50975e-05 2.37383 5 
1.35669 0.000125291 -1 0.768058 0.222077 0.00622467 22.9034 163815 5 6246.88 2.17197 4.9177 3 6 4569.68 6.87383 2.95425 2 12 12.4892 9.40572e-05 2.67257 5 
1.36291 0.000125915 -1 0.769435 0.22187 0.00622467 22.9891 163918 7 5315.26 1.30014 3.28045 4 6 4490.94 2.59223 3.46559 3 12 16.6151 4.78339e-05 2.89555 5 
1.36914 0.00012626 -1 0.770813 0.221842 0.00622467 23.0608 164118 5 6231.95 1.70646 5.15829 4 5 4909.61 6.71563 3.73931 3 11 18.9224 6.79108e-05 3.1261 5 
1.37536 0.000126816 -1 0.772187 0.221689 0.00622467 23.1461 164222 5 18889.3 0.755096 7.57953 4 6 11166.4 2.97412 3.94239 3 14 15.1146 9.47539e-05 2.35304 5 
1.38159 0.000127411 -1 0.773566 0.22153 0.00622467 23.3103 163767 9 15678.2 1.69445 2.75865 5 6 8977.28 4.47516 3.55132 3 25 20.6643 5.79926e-05 1.66753 7 
1.38781 0.000127694 -1 0.774941 0.221452 0.00622467 23.4276 163647 5 7855.04 0.444853 7.06946 4 6 4560.29 5.03483 3.11053 3 16 18.8786 5.33239e-05 2.22237 7 
1.39403 0.000127931 -1 0.776318 0.2213 0.00622467 23.5284 163642 5 6773.04 1.66274 5.2722 4 6 4433.25 0.812093 4.19617 3 16 27.9386 9.47456e-05 2.19712 6 
1.40026 0.000128026 -1 0.777691 0.221289 0.00622467 23.6871 163237 5 5636.28 1.05099 5.5703 4 5 3928.98 2.75642 4.27353 3 29 48.1632 6.71273e-05 1.59193 6 
1.40648 0.000127871 -1 0.779067 0.221265 0.00622467 23.837 162899 5 4373.47 2.21969 4.55939 4 5 3179.98 0.670166 5.43561 4 25 41.1584 6.98662e-05 1.7014 7 
1.41271 0.000127656 -1 0.780438 0.221205 0.00622467 23.9587 162755 7 22660.4 2.53801 3.66772 3 5 13290.6 8.00868 4.40552 3 18 14.8561 7.43117e-05 1.97011 7 
1.41893 0.000127487 -1 0.781813 0.221126 0.00622467 24.0853 162580 6 10653.5 2.49851 4.02688 3 5 6110.34 8.33811 3.7411 3 19 13.8817 5.74996e-05 1.92001 7 
1.42516 0.000127396 -1 0.783183 0.221046 0.00622467 24.22 162352 7 9045.27 2.31815 3.25867 2 6 5803.77 7.29832 3.04379 2 20 16.2836 5.6826e-05 1.87439 7 
1.43138 0.000127231 -1 0.784557 0.220994 0.00622467 24.3378 162239 7 7205.27 1.44439 3.37506 3 5 5452.84 8.53525 3.63983 2 18 12.8276 9.1344e-05 1.93184 7 
1.43761 0.000126952 -1 0.785928 0.220931 0.00622467 24.4643 162070 9 7000.39 2.16327 2.45472 2 5 5127.5 7.79614 3.66105 2 18 16.6894 5.82771e-05 2.00985 7 
1.44383 0.00012638 -1 0.7873 0.220898 0.00622467 24.5849 161942 9 5046.03 2.06451 2.37936 2 6 4070.06 7.18837 2.87626 2 17 22.1962 5.20284e-05 2.14377 7 
1.45006 0.000125943 -1 0.788668 0.220808 0.00622467 24.7885 161272 8 15645.6 2.04097 3.05893 2 5 9261.2 9.49031 3.96166 2 35 28.435 7.99777e-05 1.44078 7 
1.45628 0.000125469 -1 0.790042 0.220773 0.00622467 24.9501 160884 6 10165.4 1.53937 4.33142 2 5 6121.47 5.86457 4.01535 2 28 30.1393 7.86757e-05 1.58272 7 
1.46251 0.000125739 -1 0.791413 0.220794 0.00622467 25.0673 160786 6 5902.2 2.06143 3.76826 2 5 3667.12 4.9665 3.74675 2 18 47.4999 5.99851e-05 2.12668 7 
1.46873 0.000126604 -1 0.792786 0.220794 0.00622467 25.1539 160884 5 4933 2.10896 4.71855 2 4 3556.99 7.53552 4.66114 2 13 44.7245 8.38717e-05 2.75761 7 
1.47496 0.000127546 -1 0.794154 0.220724 0.00622467 25.2496 160923 6 6279.63 0.756211 4.50003 2 4 6088.2 7.72454 5.29851 2 13 20.4603 3.49559e-05 2.77745 7 
1.48118 0.000128257 -1 0.795525 0.220741 0.00622467 25.3365 161018 6 21273.5 2.51133 4.51498 2 5 12597.7 4.47308 4.89708 2 12 13.5482 4.48893e-05 2.86184 7 
1.4874 0.000129113 -1 0.796894 0.220739 0.00622467 25.4259 161095 8 14849.5 2.30467 2.99322 2 5 8490.71 4.73553 4.4742 2 11 14.5636 7.63335e-05 3.0203 7 
1.49363 0.000129876 -1 0.798268 0.220681 0.00622467 25.5076 161222 7 8118.46 1.85096 3.31357 2 5 4776.58 5.85369 3.82241 2 11 19.0468 3.11633e-05 3.3575 7 
1.49985 0.00013055 -1 0.799637 0.220721 0.00622467 25.5876 161358 7 7121.55 2.20692 3.17143 2 5 4825.01 7.29666 3.66501 2 10 22.4576 5.89922e-05 3.61457 7 
1.50608 0.000131583 -1 0.801009 0.220739 0.00622467 25.6637 161518 7 8262.12 2.50322 3.18168 2 5 4153.41 7.79587 3.51001 2 10 28.779 6.4916e-05 3.67005 7 
1.5123 0.000132678 -1 0.802377 0.22074 0.00622467 25.7415 161666 8 7079.05 1.90558 2.79411 2 5 3450.84 7.7724 3.38434 2 10 34.1306 4.08011e-05 3.91063 7 
1.51853 0.000133637 -1 0.803749 0.220789 0.00622467 25.8758 161461 10 21008.3 2.20571 2.49968 2 5 12367.5 8.70498 4.27073 2 20 36.5909 6.59877e-05 1.93729 7 
1.52475 0.000134245 -1 0.80512 0.220804 0.00622467 26.0118 161246 8 11200.4 2.3004 2.8902 2 5 6494.44 6.89312 3.93392 2 21 30.3299 7.63349e-05 1.84768 7 
1.53098 0.000134621 -1 0.806494 0.220874 0.00622467 26.1124 161253 7 8681.56 2.38672 3.22616 2 5 5693.63 3.8362 4.30822 2 15 15.5276 4.89454e-05 2.3268 7 
1.5372 0.000135277 -1 0.807864 0.220883 0.00622467 26.1977 161353 7 7134.76 1.52379 3.34465 2 5 5525.63 4.31358 4.1832 2 11 15.5313 3.34978e-05 3.27422 7 
1.54343 0.000135909 -1 0.809238 0.220957 0.00622467 26.2692 161537 7 6255.58 1.36645 3.33391 2 5 5120.08 3.77644 4.23096 2 9 15.4411 6.18526e-05 3.97834 7 
1.54965 0.000136621 -1 0.810608 0.220988 0.00622467 26.3354 161753 7 5350.88 1.89674 3.11112 2 4 4375.2 9.73906 4.60384 2 8 17.95 6.57451e-05 4.78107 7 
1.55588 0.000136964 -1 0.811984 0.221072 0.00622467 26.4146 161888 9 14139.3 1.64847 2.73551 2 6 8412.15 4.25538 3.54265 2 8 22.9571 3.29286e-05 5.37549 7 
1.5621 0.000137203 -1 0.813355 0.221132 0.00622467 26.4841 162082 7 9363.6 1.60642 3.45096 2 6 5714.98 7.48265 3.02338 2 8 28.1446 3.33768e-05 5.50483 7 
1.56833 0.000137506 -1 0.814731 0.221219 0.00622467 26.5589 162243 7 6038.44 2.24225 3.09054 2 6 4314.16 6.27157 2.97112 2 9 27.3806 3.48542e-05 4.51878 7 
1.57455 0.00013759 -1 0.816103 0.221285 0.00622467 26.6389 162371 7 6824.74 1.38011 3.37085 3 5 3598.31 3.74402 3.94959 3 9 26.3153 4.42518e-05 4.38113 7 
1.58077 0.000137737 -1 0.81748 0.221382 0.00622467 26.7132 162533 5 9745.32 2.10582 5.40848 3 4 3805.15 6.95987 4.83551 3 11 43.4735 9.79475e-05 3.26125 6 
1.587 0.000137982 -1 0.818853 0.22147 0.00622467 26.8759 162158 8 23090.1 1.67275 3.2923 2 4 13680.9 7.05149 6.63679 3 34 59.0751 9.58962e-05 1.48007 5 
1.59322 0.000138213 -1 0.820232 0.221572 0.00622467 27.042 161768 7 13645.1 2.36795 3.44532 2 5 7772.56 4.55045 4.431 2 28 74.571 7.82788e-05 1.63506 7 
1.59945 0.000138511 -1 0.821607 0.221727 0.00622467 27.2355 161220 8 8446.95 2.11359 2.81975 2 5 5014.55 6.66249 3.76114 2 37 51.4536 9.48054e-05 1.42886 6 
1.60567 0.000139366 -1 0.822987 0.221812 0.00622467 27.3388 161210 8 8278 2.10754 2.81364 2 5 7458.52 5.34288 4.25574 2 17 21.6866 8.05871e-05 2.08645 6 
1.6119 0.000139905 -1 0.824363 0.221926 0.00622467 27.4314 161263 7 7176 1.8666 3.25176 2 4 5448.03 9.90695 4.84256 2 14 22.7916 7.82358e-05 2.45647 6 
1.61812 0.000140466 -1 0.825744 0.222041 0.00622467 27.5154 161366 8 6899.63 2.05637 2.75877 2 4 7296.43 10.1798 5.17419 2 13 24.2768 4.44851e-05 2.76252 6 
1.62435 0.000141083 -1 0.827121 0.222153 0.00622467 27.6004 161463 10 20452 2.35031 2.4772 2 5 12073.8 5.22554 4.70698 2 11 24.9077 7.93918e-05 3.16 6 
1.63057 0.000141576 -1 0.828503 0.222304 0.00622467 27.6767 161610 10 11190.5 2.43872 2.32364 2 5 6509.81 2.89468 4.68159 2 10 30.773 4.35212e-05 3.84545 6 
1.6368 0.00014239 -1 0.829882 0.222398 0.00622467 27.7476 161788 7 8675.03 1.93859 3.32308 2 5 5764.38 4.12015 4.25763 2 10 38.8454 5.18753e-05 3.86757 6 
1.64302 0.000143063 -1 0.831266 0.222519 0.00622467 27.8407 161835 7 6717.18 2.47471 3.09402 2 5 5280.77 3.19127 4.40298 2 16 39.1792 5.84657e-05 2.31278 5 
1.64925 0.000143858 -1 0.832646 0.222653 0.00622467 27.9869 161575 7 6435.67 2.55221 3.06164 2 5 6459.39 2.80952 4.70232 2 33 64.9488 9.9567e-05 1.50036 4 
1.65547 0.00014479 -1 0.834032 0.222807 0.00622467 28.1177 161406 10 9319.6 2.19402 2.30577 2 5 5122.08 4.90418 4.01584 2 29 87.2105 9.59608e-05 1.60496 4 
1.6617 0.000145666 -1 0.835414 0.222929 0.00622467 28.2939 160980 9 14166.5 2.27014 2.64052 3 6 8295.96 2.21204 3.94166 2 28 105.926 7.64881e-05 1.65705 7 
1.66792 0.000146047 -1 0.836801 0.223076 0.00622467 28.518 160290 8 8780.9 2.25534 2.81055 3 6 5380.29 1.41557 3.95044 3 41 85.9909 7.89897e-05 1.40359 6 
1.67415 0.000146404 -1 0.838186 0.223213 0.00622467 28.6622 160055 7 8646.4 2.30371 3.24063 4 5 7244.35 7.2598 3.97938 2 26 49.2878 9.7894e-05 1.65694 6 
1.68037 0.000146734 -1 0.839575 0.223356 0.00622467 28.7592 160085 5 10937.3 1.29242 6.1024 4 6 9746.65 4.59369 3.58467 2 15 37.0474 5.09317e-05 2.45915 6 
1.68659 0.0001468 -1 0.840961 0.22355 0.00622467 28.8483 160158 5 10368.6 0.699892 6.82556 4 5 7684.71 3.99746 4.537 3 13 42.0992 7.01301e-05 2.78285 6 
1.69282 0.000147277 -1 0.842352 0.223705 0.00622467 28.9264 160292 6 22558.7 1.57008 4.93059 3 5 13384.3 6.77795 4.56142 3 11 37.2101 3.75205e-05 3.50854 6 
1.69904 0.000148014 -1 0.843741 0.223866 0.00622467 29.0059 160418 5 13670.7 2.24581 5.71326 3 6 8352.43 4.6732 3.48364 2 12 47.6219 6.32794e-05 3.08825 5 
1.70527 0.000148932 -1 0.845134 0.224014 0.00622467 29.1357 160265 9 8408.13 2.47573 2.46793 2 5 7656.41 6.25386 4.14548 2 30 60.2373 8.14825e-05 1.56901 4 
1.71149 0.000149751 -1 0.846523 0.224136 0.00622467 29.2651 160116 8 11428.9 2.07854 2.93448 2 5 7314.22 4.06061 4.47832 2 22 56.0379 9.06357e-05 1.83331 6 
1.71772 0.000149743 -1 0.847919 0.224307 0.00622467 29.4525 159654 7 5917.46 1.64389 3.22135 2 5 4483.43 4.12188 4.04858 2 34 67.3683 9.30454e-05 1.48712 6 
1.72394 0.000150214 -1 0.84931 0.224463 0.00622467 29.6139 159337 7 10654.4 2.14591 3.37278 2 5 8091.59 4.48399 4.47996 2 28 62.6121 8.03406e-05 1.62337 7 
1.73017 0.000150541 -1 0.850708 0.22466 0.00622467 29.7834 158980 9 20489.2 2.0042 2.78939 2 5 12116.2 6.17044 4.55627 2 26 72.5502 9.86573e-05 1.68126 7 
1.73639 0.000151426 -1 0.852103 0.2248 0.00622467 29.9611 158584 9 17806 1.75163 2.78764 2 5 8094.95 4.50253 4.47663 2 30 65.2816 9.44698e-05 1.56549 7 
1.74262 0.000151466 -1 0.853503 0.225011 0.00622467 30.1061 158365 6 8837.69 2.00045 4.05075 2 5 6394.04 9.00294 3.71773 2 23 74.9812 5.9737e-05 1.84146 7 
1.74884 0.000152188 -1 0.854899 0.225193 0.00622467 30.2546 158129 10 12061.1 1.98733 2.38953 2 4 6033.74 8.99402 5.0893 2 22 74.5165 9.57371e-05 1.8526 7 
1.75507 0.000152788 -1 0.8563 0.225356 0.00622467 30.3924 157951 6 8675.19 1.38207 4.29495 2 5 7270.52 7.53803 3.95241 2 22 89.4854 8.13737e-05 1.88193 7 
1.76129 0.0001534 -1 0.857698 0.225566 0.00622467 30.5291 157781 7 9427.41 1.66915 3.43546 2 5 8993.03 5.66952 4.36588 2 21 89.6421 8.58466e-05 1.93468 7 
1.76752 0.000154189 -1 0.859103 0.225756 0.00622467 30.6634 157624 7 14273.4 2.22145 3.49932 2 4 8521.47 7.79114 5.7508 2 21 108.922 7.5749e-05 1.96438 7 
1.77356 0.000155001 -1 0.860464 0.2259 0.00604159 30.7925 157495 7 9667.96 2.30763 3.29195 2 5 9075.12 7.55231 4.13004 2 19 121.183 6.87193e-05 2.13185 7 
1.77963 0.000155743 -1 0.861836 0.226101 0.0060715 30.9104 157424 6 12979.1 2.6147 4.13019 2 5 12023.5 7.82125 4.33862 2 18 131.662 9.08059e-05 2.19936 7 
1.7857 0.000156606 -1 0.863204 0.226254 0.0060715 31.0273 157359 7 9565.14 2.08431 3.33506 2 5 7061.77 10.6974 3.66376 2 18 139.936 4.5193e-05 2.29405 7 
1.7918 0.000157379 -1 0.864584 0.226335 0.00610201 31.1468 157282 7 17720.5 1.80806 3.71689 2 5 8033.41 9.98933 3.8113 2 17 169.909 6.25504e-05 2.3904 7 
1.7979 0.000158168 -1 0.86596 0.226533 0.00610201 31.2609 157232 8 12284.4 2.10415 2.95655 2 5 9088.75 5.90025 4.34037 2 16 212.551 8.1747e-05 2.51731 7 
1.80401 0.000158947 -1 0.867342 0.226668 0.00610201 31.4081 157016 9 15477.4 2.47201 2.64149 2 5 8962.72 8.1282 4.05965 2 23 183.643 6.84943e-05 1.90323 7 
1.81014 0.000159422 -1 0.86873 0.226832 0.0061333 31.5332 156913 7 12348.8 2.23343 3.42503 2 5 11963.9 4.81087 4.77672 2 18 152.87 5.3138e-05 2.2847 7 
1.81627 0.000159962 -1 0.870123 0.226963 0.0061333 31.6346 156928 7 22754.1 2.41129 3.69683 2 5 20209.1 7.81665 4.81399 2 15 176.542 3.92306e-05 2.77682 7 
1.82241 0.000160567 -1 0.871511 0.227131 0.0061333 31.7425 156911 10 17509.6 2.00182 2.47848 2 6 17385.3 8.38253 3.57109 2 14 184.975 7.81323e-05 2.85303 7 
1.82854 0.00016106 -1 0.872904 0.227274 0.0061333 31.8404 156943 7 14504.5 2.17279 3.51848 2 6 13266.9 8.33651 3.41689 2 14 197.963 5.09578e-05 2.95576 7 
1.83467 0.000161642 -1 0.874292 0.227408 0.0061333 31.9357 156987 6 25562.2 2.40698 4.68836 2 6 15118.8 7.14253 3.58325 2 13 207.357 7.92228e-05 3.11661 7 
1.84065 0.000162275 -1 0.875652 0.227559 0.00597604 32.038 156997 8 16983.9 2.26776 3.05004 2 6 10357 4.66437 3.61194 2 13 227.071 3.71823e-05 3.32649 7 
1.84622 0.00016236 -1 0.876918 0.227768 0.00557381 32.1506 156957 7 13102 1.08194 3.83093 2 6 13454.1 7.71027 3.46975 2 17 211.555 9.65249e-05 2.36041 6 
1.85154 0.000162564 -1 0.878131 0.22794 0.00531695 32.2461 157001 6 13719.5 3.19281 4.03207 2 5 14575.9 5.00778 4.92944 2 16 163.432 5.74544e-05 2.53149 6 
1.85686 0.000162833 -1 0.879341 0.228035 0.00531695 32.3453 157025 8 14884.8 2.49067 2.9652 2 5 11040.5 9.1086 4.13721 2 15 110.262 7.30615e-05 2.58176 6 
1.86057 0.000163178 -1 0.880188 0.228212 0.00371151 32.4195 157172 8 9963.3 4.66659 2.60721 2 6 19785.9 22.724 3.09014 2 9 64.2939 7.80005e-05 4.54299 6 
1.86447 0.000163176 -1 0.881077 0.228345 0.00390217 32.497 157301 6 11843.4 6.0058 3.5412 2 7 17735.2 24.4977 2.56171 2 10 63.5875 4.31833e-05 4.13814 6 
1.86854 0.000163439 -1 0.882006 0.22837 0.00407 32.5683 157460 6 11707.7 2.57099 4.07125 2 4 13720.9 17.0809 5.32376 2 10 81.5393 8.54677e-05 3.96238 6 
1.87276 0.000163493 -1 0.882967 0.22843 0.00422187 32.6945 157353 6 10908.8 2.96027 3.93013 2 5 11899.3 4.61128 4.81216 2 21 102.27 6.08529e-05 1.97902 6 
1.87711 0.000163635 -1 0.883962 0.228524 0.00435227 32.8034 157330 6 12850.2 3.60171 3.90901 2 4 9845.15 20.9823 4.65417 2 19 127.385 9.25424e-05 2.10423 6 
1.88159 0.000163968 -1 0.884982 0.228605 0.00447365 32.8975 157378 6 9370.31 3.94774 3.65231 2 4 12380.9 14.5506 5.40092 2 16 153.008 9.15796e-05 2.44868 6 
1.88615 0.000164431 -1 0.886026 0.228679 0.00456495 32.9783 157489 6 8392.44 2.79694 3.79782 2 4 8428.65 16.0919 4.78396 2 12 180.879 8.99314e-05 3.35189 6 
1.89081 0.000164732 -1 0.88709 0.228755 0.00466045 33.0605 157593 9 18846.1 4.24763 2.54232 2 5 11486.4 8.50873 4.22731 2 11 209.448 9.98019e-05 3.75596 6 
1.89555 0.000164687 -1 0.888175 0.2288 0.00474012 33.1391 157714 6 8571.79 2.87425 3.79395 2 5 7621.19 9.23141 3.83134 2 12 240.188 3.60217e-05 3.70395 6 
1.90035 0.000164881 -1 0.889271 0.228903 0.00480194 33.2213 157817 9 22410.2 2.6601 2.73006 3 5 10175.5 8.12408 4.16444 2 11 268.901 8.18451e-05 3.91217 6 
1.9052 0.000164827 -1 0.890381 0.228945 0.00484425 33.2967 157951 6 29889.5 2.95282 4.65101 2 5 27116.5 10.7675 4.78877 2 11 296.885 7.0146e-05 4.00329 6 
1.90862 0.000165021 -1 0.891164 0.229086 0.00342125 33.3727 158083 8 31800.7 7.45084 2.84301 2 6 18908.6 28.4747 2.9537 2 11 157.586 5.79474e-05 3.8455 5 
1.91164 0.000164925 -1 0.891857 0.229215 0.00302321 33.4769 158080 5 11346.6 2.55924 5.3623 2 6 33427.8 27.8033 3.26088 2 23 120.375 7.48753e-05 1.86138 4 
1.91471 0.000164993 -1 0.892559 0.22924 0.00306579 33.5855 158057 6 12297.7 8.37555 3.37133 2 4 20343.8 24.826 5.35034 2 26 126.299 9.62709e-05 1.71911 4 
1.91784 0.000165241 -1 0.893276 0.229249 0.00312764 33.7041 157987 5 19391 8.87352 4.6548 2 4 19021.5 29.9843 5.01866 2 28 125.906 8.18374e-05 1.66329 4 
1.92104 0.000165528 -1 0.894009 0.229208 0.00320167 33.819 157934 5 18765.5 3.64395 5.52533 2 4 17870.3 27.275 5.05932 2 28 119.309 7.57017e-05 1.66472 4 
1.92434 0.000165795 -1 0.894765 0.229202 0.00329958 33.9366 157870 5 14866.5 7.96607 4.51017 2 4 15848.8 31.2303 4.7463 2 28 112.351 8.59455e-05 1.65364 4 
1.92774 0.000166066 -1 0.895544 0.229235 0.00340399 34.0557 157799 5 11444.4 8.15053 4.26071 2 5 13337.5 7.34903 4.48507 2 29 105.9 6.72425e-05 1.63568 4 
1.93126 0.00016628 -1 0.89635 0.229221 0.0035156 34.1779 157714 5 10324.7 5.32148 4.54537 2 5 12001.5 9.75387 4.14965 2 30 108.025 6.78121e-05 1.60968 4 
1.93489 0.000166595 -1 0.897182 0.229209 0.00363518 34.3104 157583 6 10038 6.69968 3.38272 2 5 14141.2 13.874 3.99629 2 32 129.08 7.2696e-05 1.56781 4 
1.93864 0.000166845 -1 0.898041 0.229265 0.00375038 34.4193 157560 7 7909.27 2.66917 3.13304 2 5 9135.14 23.1997 3.30405 2 24 152.782 7.68698e-05 1.82991 5 
1.9425 0.000167084 -1 0.898924 0.229278 0.00385948 34.5833 157286 7 12146.9 2.73504 3.31949 2 6 10207 10.9246 3.12667 2 34 178.962 7.6408e-05 1.53937 5 
1.94648 0.000167333 -1 0.899837 0.229281 0.00397555 34.8154 156708 7 7826.47 2.40067 3.17607 2 6 12533.4 9.31403 3.32268 2 54 210.166 8.15612e-05 1.31439 5 
1.95055 0.000167548 -1 0.900769 0.229308 0.00406765 34.9995 156352 7 5422.89 0.879565 3.47875 2 6 6114.96 2.75943 3.61074 3 40 241.164 9.70753e-05 1.44504 5 
1.95473 0.00016777 -1 0.901729 0.229335 0.00418109 35.1454 156170 13 19128.2 3.75934 1.92806 3 4 10691.3 19.5039 4.83869 2 29 278.483 7.80818e-05 1.68244 5 
1.95898 0.000168038 -1 0.902702 0.229237 0.00424908 35.2625 156116 7 53038 5.43339 3.71476 3 6 49028 21.4204 3.63025 2 21 255.036 5.21382e-05 2.08231 5 
1.96083 0.000168192 -1 0.903126 0.22932 0.00184907 35.3176 156336 5 10494.1 24.5563 3.35859 3 6 76728.1 76.5671 3.16338 2 8 48.2915 4.2312e-05 5.7171 4 
1.96287 0.00016798 -1 0.903594 0.22946 0.0020416 35.3844 156504 6 9109.69 16.5727 2.8621 2 7 59497.3 59.2736 2.68414 2 10 54.9012 4.28667e-05 4.08081 4 
1.96511 0.000168106 -1 0.904108 0.229422 0.00224003 35.4449 156699 5 15926.8 9.5207 4.41257 3 4 20878.5 40.4246 4.7672 2 11 65.3202 5.63209e-05 3.55883 4 
1.96752 0.000168222 -1 0.904661 0.229293 0.00241797 35.5086 156879 5 18324.5 3.56094 5.52451 3 5 17633.4 16.3735 4.04053 2 12 70.5744 9.1234e-05 3.09533 4 
1.97012 0.000168185 -1 0.905256 0.22911 0.00259416 35.5803 157024 4 17878 10.542 6.41725 2 5 17879.6 19.6004 3.90857 2 14 74.9018 7.14839e-05 2.69166 4 
1.97289 0.000168017 -1 0.905889 0.229121 0.0027685 35.6532 157162 5 15817 5.66278 4.88899 3 5 15752.2 25.1614 3.62511 2 15 77.7072 9.7884e-05 2.47353 4 
1.97581 0.000167947 -1 0.906559 0.228961 0.00292625 35.7318 157275 4 13960.8 8.38548 6.38772 3 5 12049.3 13.0505 3.91802 3 17 84.9194 6.13457e-05 2.29746 4 
1.9789 0.000167891 -1 0.907264 0.229002 0.0030849 35.8205 157343 5 13744.9 7.33399 4.51398 3 5 17526.9 14.531 4.13316 2 18 102.34 7.46488e-05 2.19253 4 
1.98213 0.000167918 -1 0.908004 0.228948 0.00323133 35.906 157424 4 8792.93 7.63414 5.82564 3 5 13388.7 23.8432 3.54711 2 19 125.07 9.50897e-05 2.0992 4 
1.9855 0.00016804 -1 0.908775 0.228885 0.00337043 36.002 157460 5 10069.4 7.0308 4.2776 2 5 10091.2 12.0054 3.84515 2 21 150.52 9.31159e-05 1.97536 4 
1.989 0.000168056 -1 0.909576 0.22881 0.00349827 36.1036 157470 5 12250 8.03727 4.33118 2 5 15810.2 8.13749 4.54663 2 24 178.467 9.80636e-05 1.8232 4 
1.9926 0.000168133 -1 0.910398 0.228613 0.00359787 36.2293 157376 7 11309.5 4.34227 3.07582 2 5 11216.8 6.45288 4.44655 2 30 206.291 7.19419e-05 1.64153 4 
1.9963 0.000168027 -1 0.911246 0.228636 0.00370369 36.3811 157170 6 22305.4 4.92916 4.06699 2 5 10009 6.58447 4.32887 2 39 238.787 7.3404e-05 1.46886 4 
2.0001 0.000168345 -1 0.912114 0.228541 0.00380189 36.4866 157165 6 12856.6 4.08717 3.82781 2 5 14782.2 8.69758 4.42658 2 21 274.787 4.97031e-05 2.09448 5 
2.00398 0.00016856 -1 0.913 0.228467 0.00387557 36.5616 157290 5 8239.06 5.82573 4.26683 2 4 9947.54 25.4313 4.4472 2 14 310.155 7.21305e-05 2.97727 5 
2.00793 0.00016853 -1 0.913901 0.22825 0.00395247 36.643 157388 7 53490.5 5.67302 3.69641 2 4 52248.9 24.64 6.78592 2 14 289.887 6.85172e-05 2.97383 5 
2.00966 0.000168727 -1 0.914296 0.228203 0.00172834 36.6938 157617 5 25572.6 25.4921 3.98358 2 4 73913 116.31 5.02083 2 8 50.0418 4.82467e-05 5.64915 4 
2.01156 0.000168525 -1 0.91473 0.228386 0.0019045 36.7675 157746 5 11824.5 27.5071 3.36254 2 4 88832 99.5102 5.46607 2 16 61.6667 5.78187e-05 2.38094 4 
2.01364 0.000168618 -1 0.915204 0.228194 0.00207655 36.8441 157863 5 15541.8 17.0558 3.90774 2 4 23213.9 65.4981 4.3389 2 15 72.33 4.2967e-05 2.60063 5 
2.01588 0.000168799 -1 0.915714 0.228095 0.00224173 36.9194 157985 4 19661 9.50525 6.74389 2 3 22110.1 74.0355 6.68421 2 14 77.8245 5.05556e-05 2.76664 5 
2.01828 0.000168963 -1 0.916262 0.227815 0.00240029 36.9964 158099 4 21594.3 10.6833 6.70514 2 4 23393.7 18.9573 5.92694 2 15 81.3127 8.84908e-05 2.49776 5 
2.02084 0.000169134 -1 0.916844 0.227761 0.00255656 37.0851 158163 4 18015.1 8.34026 6.81733 2 4 19910.7 10.1663 6.65244 2 17 83.005 5.85993e-05 2.30057 5 
2.02355 0.000169283 -1 0.917462 0.2276 0.00271236 37.1725 158232 4 17821.6 8.91078 6.68741 2 4 22453.8 9.98301 6.88663 2 17 86.4795 7.45047e-05 2.27378 5 
2.02642 0.000169513 -1 0.918114 0.227576 0.00287191 37.2569 158313 4 13549.4 8.11522 6.39227 2 4 20375.2 8.13271 7.07484 2 17 99.9666 6.03282e-05 2.3219 5 
2.02944 0.000169827 -1 0.9188 0.227298 0.00301417 37.3359 158417 5 17924.7 8.9025 4.57918 2 4 10828.4 9.41795 5.82306 2 15 123.642 8.39593e-05 2.57755 5 
2.03259 0.000169919 -1 0.919515 0.227121 0.00315118 37.4147 158521 5 18437.4 2.8524 5.78226 2 4 21345.5 12.5579 6.42092 2 15 150.566 5.31875e-05 2.69233 5 
2.03587 0.000170052 -1 0.92026 0.226907 0.00327936 37.4883 158647 5 14058 4.33461 5.03726 2 4 18916.9 10.0349 6.58922 2 13 180.527 6.87086e-05 3.11753 5 
2.03926 0.000170278 -1 0.921029 0.226717 0.00339483 37.5594 158783 5 13561.3 4.95003 4.87011 2 4 14263.8 11.4166 5.94531 2 13 212.456 9.92778e-05 3.06871 5 
2.04276 0.000170577 -1 0.921821 0.226551 0.00349359 37.6309 158916 5 17049 6.28506 4.86046 2 4 18139.5 18.4437 5.60008 2 12 249.008 7.7211e-05 3.48641 5 
2.04635 0.000170867 -1 0.922634 0.226331 0.00359866 37.6982 159067 5 14380.4 3.32326 5.33631 2 4 17531.8 19.8392 5.45225 2 12 290.083 7.46494e-05 3.54099 5 
2.05002 0.000171099 -1 0.923465 0.226152 0.00366787 37.7661 159215 5 9720.58 2.24346 5.33771 2 4 13736.3 29.5249 4.6443 2 12 328.787 5.35711e-05 3.67845 5 
2.05376 0.000171347 -1 0.92431 0.22593 0.00374007 37.8372 159349 5 16440.6 3.96837 5.29007 2 4 17358.5 21.4486 5.3337 2 13 370.247 3.56997e-05 3.46481 5 
2.05758 0.000171659 -1 0.925173 0.225706 0.00381547 37.909 159479 5 14746.7 4.16281 5.12698 2 4 19685.5 15.3307 5.98613 2 13 415.514 6.04154e-05 3.35704 5 
2.06144 0.00017207 -1 0.926044 0.225324 0.00386239 37.9926 159559 9 75293.3 5.33585 2.89109 2 6 73234.7 19.8088 3.93227 2 13 346.049 4.691e-05 3.37519 5 
2.06252 0.000172252 -1 0.926286 0.225257 0.0010751 38.0405 159789 5 24749.4 20.1292 4.14904 2 5 204323 163.092 4.16464 2 8 32.699 3.14405e-05 5.65107 3 
2.06379 0.000172241 -1 0.926573 0.225524 0.00127549 38.0963 159985 4 21143.5 59.9076 4.33435 2 5 151523 119.226 4.17659 2 12 36.0276 9.07572e-05 2.92794 3 
2.06536 0.000172291 -1 0.926927 0.225247 0.00156819 38.1674 160116 4 17616 31.2809 4.87144 2 4 26117.3 73.4761 4.34206 2 19 49.5143 9.32668e-05 2.00132 3 
2.06722 0.000172447 -1 0.927345 0.224887 0.00186183 38.2533 160185 5 17889.8 9.88775 4.48231 2 4 21054.8 62.9561 4.2764 2 23 66.3973 8.88454e-05 1.80041 4 
2.06934 0.000172513 -1 0.92782 0.224594 0.00211515 38.3077 160386 5 23007.8 8.06795 4.90933 2 4 26626 77.3772 4.30698 2 10 82.9733 7.84448e-05 4.00348 4 
2.07169 0.000172555 -1 0.928347 0.224298 0.00235016 38.3684 160559 5 21740.9 10.4189 4.61202 2 4 31479.8 51.7413 4.96648 2 12 100.17 5.08431e-05 3.34613 4 
2.07423 0.000172627 -1 0.928917 0.224011 0.00254333 38.4325 160717 5 18929.9 9.10629 4.60852 2 4 21838.7 38.2712 4.88752 2 13 114.9 7.36943e-05 2.99486 4 
2.07694 0.000172738 -1 0.929524 0.223726 0.00271487 38.5055 160838 5 24530.2 3.31758 5.93986 2 4 26560.9 31.3498 5.39513 2 15 129.369 7.12571e-05 2.61377 4 
2.07983 0.000172849 -1 0.930169 0.223433 0.00288455 38.5826 160941 5 22268.4 5.48994 5.26774 2 4 32155.6 22.7912 6.12876 2 17 144.172 8.57237e-05 2.32393 4 
2.08285 0.000172955 -1 0.930842 0.223149 0.00301695 38.6836 160945 5 14326.2 6.65663 4.64062 2 4 17468.4 31.3598 4.85813 2 21 159.19 7.13906e-05 2.00585 5 
2.08598 0.000172953 -1 0.93154 0.222901 0.00313022 38.8067 160856 6 18863.7 3.76386 4.13681 2 4 18814.6 33.0306 4.88534 2 26 182.792 7.22147e-05 1.76312 5 
2.08922 0.000172964 -1 0.932262 0.22262 0.00324122 38.9268 160781 5 23189.5 6.33292 5.16104 2 4 29977.4 12.7934 6.95747 2 26 208.788 6.78076e-05 1.77646 5 
2.09255 0.000172981 -1 0.933005 0.222295 0.0033362 39.0376 160744 6 18297.2 5.91738 3.81689 2 4 16752.9 17.5787 5.55617 2 23 239.726 8.95859e-05 1.90307 5 
2.09596 0.000172821 -1 0.933763 0.222059 0.00341145 39.1328 160772 5 11261.3 4.08939 4.87512 2 4 12206.7 17.2624 5.15673 2 19 272.779 6.14402e-05 2.238 5 
2.09946 0.000172791 -1 0.934539 0.221791 0.00349048 39.2163 160847 5 23810.3 6.61761 5.14296 2 4 28889 15.823 6.53673 2 15 309.147 5.27127e-05 2.82629 5 
2.103 0.000172955 -1 0.935325 0.221523 0.00354545 39.2927 160952 6 15334.8 1.34418 4.74464 2 4 21814.6 17.1086 5.97562 2 13 342.156 9.21435e-05 3.20159 5 
2.10659 0.000173118 -1 0.936121 0.221268 0.003588 39.3605 161091 5 10497.3 7.41892 4.26724 2 4 10159.5 16.6942 4.9668 2 12 375.955 6.10582e-05 3.67945 5 
2.11022 0.000173281 -1 0.936923 0.22097 0.00363175 39.4282 161229 5 23130.7 5.44442 5.31677 2 4 24056.1 12.0745 6.68097 2 12 418.153 7.99149e-05 3.62988 5 
2.11391 0.000173325 -1 0.937738 0.220642 0.00369203 39.4983 161358 5 21303.7 4.21599 5.50441 2 4 27858 20.3512 6.08261 2 12 465.959 3.2014e-05 3.95291 5 
2.11762 0.000173303 -1 0.938554 0.220119 0.00370748 39.5816 161433 9 89428.2 5.5607 2.9334 3 6 87218.8 17.6908 4.1255 2 12 354.534 4.0363e-05 3.79 5 
2.11873 0.000173448 -1 0.938798 0.219795 0.00111271 39.6292 161652 4 21894.8 60.3417 4.36446 3 5 247286 262.557 3.93365 2 8 59.9127 4.1332e-05 5.89053 3 
2.12012 0.00017339 -1 0.939104 0.2199 0.00139001 39.6951 161796 5 19350.1 25.3443 3.7719 2 5 191898 143.51 4.21927 2 15 68.1307 4.67249e-05 2.57584 3 
2.12182 0.000173373 -1 0.939478 0.219622 0.00170189 39.7844 161845 5 25156.4 20.5286 4.14627 2 4 31540.8 124.241 3.99165 2 25 94.724 8.01696e-05 1.74944 3 
2.12381 0.000173409 -1 0.939912 0.219205 0.00198234 39.8736 161894 5 21661.8 8.7371 4.77381 2 4 27966.6 96.0343 4.13098 2 24 123.969 4.68339e-05 1.85189 4 
2.12605 0.000173383 -1 0.940405 0.21881 0.00224665 39.9313 162070 5 31607.4 11.7488 4.85243 2 4 32795 46.7098 5.14754 2 11 154.939 7.1855e-05 3.76523 4 
2.12852 0.000173285 -1 0.940943 0.218351 0.00246182 39.9955 162220 5 33807.4 15.1376 4.6751 2 4 46239.5 50.1668 5.50997 2 13 181.395 5.28758e-05 3.18215 4 
2.13116 0.000173213 -1 0.94152 0.217991 0.00264086 40.0633 162354 5 21298.4 14.1408 4.32091 2 4 26760.5 46.9371 4.88646 2 14 204.153 7.13437e-05 2.89192 4 
2.13395 0.000173171 -1 0.942128 0.21767 0.00279371 40.134 162477 5 33534.6 3.23976 6.35325 2 4 34527.8 43.1963 5.31717 2 15 223.797 8.0093e-05 2.68999 4 
2.1369 0.000173183 -1 0.94277 0.217301 0.00294575 40.2207 162534 6 32382.7 2.97052 4.70884 2 5 44728.4 18.0483 4.77342 2 16 244.965 9.53898e-05 2.51536 4 
2.13998 0.00017321 -1 0.943439 0.216951 0.00308252 40.3031 162608 5 21565.2 4.74277 5.38945 2 5 25931.4 21.0212 4.15177 2 18 272.969 6.19805e-05 2.33939 4 
2.14318 0.000173186 -1 0.944133 0.216629 0.00319711 40.4024 162614 11 27265 8.00219 2.09472 2 5 22351.6 16.5852 4.22588 2 19 298.178 8.32309e-05 2.21288 4 
2.14647 0.000173023 -1 0.944845 0.216311 0.00329548 40.501 162623 7 33863.4 6.88691 3.36811 3 5 41569.9 13.7783 4.96497 2 21 320.458 7.51413e-05 2.06876 4 
2.14984 0.000172938 -1 0.945575 0.216001 0.00337363 40.6034 162616 5 20283.5 2.51804 6.04249 3 5 15956.4 18.9408 3.84687 2 23 347.871 8.34495e-05 1.94011 4 
2.15327 0.000172861 -1 0.946315 0.215652 0.00342805 40.7362 162488 4 18796.6 6.99435 7.2 3 5 20622.3 17.0443 4.13572 2 32 373.12 9.14968e-05 1.60908 4 
2.15677 0.000172608 -1 0.94707 0.215405 0.00349887 40.969 161964 8 34590.4 8.04596 2.84559 3 5 41500.4 17.0235 4.75774 2 53 402.229 9.32513e-05 1.33409 5 
2.16033 0.00017249 -1 0.947836 0.21512 0.00355793 41.1448 161671 7 22750 4.40814 3.39148 4 5 27987.2 19.1367 4.29554 2 37 427.924 7.95887e-05 1.52022 5 
2.16392 0.000172425 -1 0.948608 0.214847 0.00358834 41.2895 161501 6 11618.6 4.56675 3.6948 4 5 12213.8 12.3244 3.97391 2 29 461.67 7.86408e-05 1.7116 5 
2.16752 0.000172364 -1 0.949381 0.214583 0.0036038 41.4005 161463 7 32303.2 3.91527 3.62658 3 5 34002 8.49133 5.25419 2 21 490.269 6.16149e-05 2.13112 5 
2.17117 0.000172483 -1 0.950165 0.214208 0.00365122 41.4889 161515 5 31725.3 4.97976 5.76553 2 5 40812.6 10.232 5.25009 2 15 526.768 7.06374e-05 2.87192 5 
2.17484 0.000172446 -1 0.950949 0.213988 0.00366738 41.5725 161584 8 21097.2 5.5037 2.80509 3 5 26069.6 18.9509 4.24327 2 14 552.765 7.9392e-05 3.08155 5 
2.17852 0.000172426 -1 0.951737 0.213705 0.00368375 41.6468 161689 6 10360.3 6.68499 3.40183 3 5 10885 12.6507 3.86317 2 12 577.483 6.85163e-05 3.77699 5 
2.18222 0.000172367 -1 0.952526 0.213421 0.00370034 41.7261 161774 7 31815.4 5.42308 3.45415 3 5 33441.1 6.42869 5.53645 2 12 600.621 9.46306e-05 3.68876 5 
2.18596 0.000172356 -1 0.953323 0.213124 0.00373414 41.8012 161876 7 29411 5.51075 3.40778 3 5 38705 11.6502 5.06159 2 12 627.034 5.60147e-05 3.86737 5 
2.18971 0.000172331 -1 0.95412 0.212787 0.00375134 41.8776 161971 6 24619.8 3.8728 4.30404 2 5 26263.5 14.486 4.48415 2 12 624.649 6.6481e-05 3.81134 5 
2.19346 0.000172423 -1 0.954919 0.211394 0.00375134 41.9882 161935 16 100718 6.64949 1.82503 3 13 107216 20.8639 1.92953 3 12 449.199 7.77298e-05 3.66005 5 
2.1953 0.000172527 -1 0.955308 0.210702 0.00184141 42.0577 162057 8 23257.2 28.3415 2.31348 3 8 113146 68.2414 2.52609 2 9 187.707 3.07582e-05 5.67475 4 
2.19744 0.000172694 -1 0.955758 0.209869 0.00213448 42.1386 162135 6 36015.6 14.9276 3.66227 3 12 76796.7 73.9383 1.78391 2 11 214.592 5.01706e-05 4.00713 4 
2.19984 0.000172626 -1 0.956263 0.209013 0.00240288 42.244 162118 11 38985.2 10.4753 2.1116 3 9 29200.5 44.5228 2.05579 2 19 289.246 4.23306e-05 2.28937 4 
2.20248 0.000172499 -1 0.956816 0.208369 0.00264079 42.3685 162028 12 44911.7 9.71729 2.02023 3 11 59616.4 43.1281 1.92979 3 20 346.968 5.48381e-05 2.18807 4 
2.20532 0.000172366 -1 0.957407 0.207953 0.00283815 42.5046 161895 12 23869.6 10.0559 1.91111 3 10 26510.4 26.8399 1.9928 4 22 385.588 5.32394e-05 2.05028 4 
2.20833 0.000172229 -1 0.958033 0.207772 0.00301016 42.6272 161814 11 44778.6 9.14586 2.16491 4 10 60441.8 33.5014 2.11654 3 20 440.098 5.52702e-05 2.21336 4 
2.2115 0.000172151 -1 0.95869 0.207787 0.00316668 42.761 161691 12 42552.4 8.57186 2.0323 3 10 47479 31.444 2.0792 3 23 481.547 8.25722e-05 1.96864 4 
2.21481 0.000172078 -1 0.959378 0.20795 0.00331304 42.8867 161599 12 25062.6 6.23768 1.9968 3 9 32002.5 34.9345 2.13355 3 21 526.372 6.7647e-05 2.12885 4 
2.21828 0.000172032 -1 0.960099 0.208164 0.0034743 43.0016 161548 8 45536.2 6.55867 3.02129 2 8 45605.1 22.8117 2.58587 3 23 587.744 8.4648e-05 1.98363 4 
2.22187 0.000172118 -1 0.960844 0.208387 0.00358586 43.1353 161427 10 40433.7 7.42246 2.36385 2 8 47330.2 29.4208 2.51658 3 26 629.927 6.61649e-05 1.85528 4 
2.22552 0.00017224 -1 0.961603 0.208584 0.0036532 43.2816 161260 10 26696.3 7.15693 2.276 2 9 27692.9 22.9224 2.20017 3 26 663.635 9.94344e-05 1.83011 5 
2.22923 0.000172445 -1 0.962376 0.208713 0.00370564 43.4634 160962 11 22011.4 5.41058 2.12876 2 6 24200.7 21.4637 3.22617 3 37 713.326 9.40836e-05 1.5344 5 
2.23301 0.000172646 -1 0.963163 0.20873 0.0037783 43.6211 160756 12 48665.1 6.64807 2.09915 2 8 55764.1 24.4144 2.62929 2 29 765.987 8.14955e-05 1.73961 5 
2.23688 0.000172844 -1 0.963972 0.208644 0.00387371 43.765 160602 13 32426.8 4.18148 1.99158 2 10 27799.1 24.8324 2.01791 3 23 828.294 9.53039e-05 2.00308 5 
2.24077 0.000172996 -1 0.964784 0.208502 0.00389347 43.8766 160567 12 19308.4 6.13597 1.95654 2 7 18923.5 15.6802 2.75572 3 16 857.446 9.98691e-05 2.71245 5 
2.24467 0.000173165 -1 0.965596 0.208282 0.00389347 43.9743 160583 11 32570.5 4.72255 2.23341 3 9 35071.5 21.7101 2.27236 2 13 876.2 9.9333e-05 3.42192 5 
2.2486 0.000173264 -1 0.966415 0.207977 0.00393403 44.0795 160571 12 47192.9 3.57441 2.2049 3 10 60960 25.7317 2.17499 3 12 908.564 9.37444e-05 3.82121 5 
2.25262 0.000173372 -1 0.967251 0.207618 0.00401818 44.194 160526 12 29639.3 3.97947 2.10218 3 10 30519.4 13.9354 2.15797 4 13 974.351 5.66716e-05 3.60218 5 
2.25666 0.000173455 -1 0.968087 0.207247 0.0040399 44.2984 160517 11 16861.8 4.67017 2.10579 3 8 14938.1 20.8224 2.27494 3 13 1011.48 8.14487e-05 3.51316 5 
2.26057 0.000173535 -1 0.968897 0.206888 0.00391232 44.3976 160528 11 29100.1 3.87317 2.25086 3 8 31148.8 18.0425 2.53889 3 13 968.682 7.14195e-05 3.53707 5 
2.2645 0.000173612 -1 0.969709 0.206499 0.00393313 44.4994 160529 12 44806.4 4.65307 2.14767 2 8 56892.3 20.4462 2.69498 3 14 993.33 8.45042e-05 3.19901 5 
2.26852 0.000173764 -1 0.970539 0.206095 0.0040191 44.6132 160486 11 31212.1 3.49937 2.28624 3 8 32804.8 21.0569 2.5065 3 16 1045.6 6.59478e-05 2.81845 5 
2.27256 0.000173846 -1 0.97137 0.205704 0.00404131 44.7222 160462 9 18855.1 4.06868 2.55464 3 6 21194.8 18.1664 3.24459 3 17 1060.34 6.81604e-05 2.64883 5 
2.27663 0.000173927 -1 0.972206 0.205331 0.00406389 44.8204 160475 7 14739.5 4.6496 3.16339 3 5 19244.3 18.4837 4.01331 3 17 1085.05 6.9722e-05 2.64889 5 
2.28069 0.000174049 -1 0.973039 0.204977 0.00406389 44.9219 160478 9 43376.1 4.22399 2.79078 2 7 52121.7 17.3297 3.13971 2 17 1102.06 5.35404e-05 2.69282 5 
2.28476 0.000174232 -1 0.973872 0.204634 0.00406389 45.0206 160490 10 33343.3 3.36292 2.50974 2 7 34580.5 18.9636 2.9231 2 16 1110.79 9.91583e-05 2.75792 5 
2.28887 0.000174395 -1 0.974711 0.204277 0.0041106 45.121 160496 8 26486.3 4.80075 2.93572 2 6 25510.2 13.956 3.4967 2 17 1141.34 4.89008e-05 2.7128 5 
2.293 0.000174582 -1 0.975556 0.203961 0.0041345 45.2179 160514 6 14299.4 4.82839 3.78954 2 5 16967.5 19.9731 3.85331 2 17 1152.04 5.39255e-05 2.69872 5 
2.29716 0.0001748 -1 0.976403 0.203636 0.00415882 45.3447 160427 7 32813.5 4.50712 3.56235 2 6 34329.6 17.0156 3.55471 2 23 1161.68 8.60803e-05 2.04178 6 
2.30122 0.000174971 -1 0.977231 0.203381 0.00406266 45.4858 160289 6 34080.2 5.98049 4.22631 2 6 49594.1 21.7757 3.62724 2 25 1119.14 6.69076e-05 1.94507 6 
2.30522 0.000175209 -1 0.978041 0.203088 0.00399301 45.6024 160238 6 24434.6 4.99385 4.1203 2 5 23339 18.4334 4.17345 2 20 1084.92 8.94555e-05 2.26042 6 
2.30926 0.000175461 -1 0.978861 0.202838 0.00403944 45.7044 160239 7 27485.1 4.73681 3.44873 2 5 24936.7 8.22886 4.96935 2 17 1107.82 7.22862e-05 2.6465 6 
2.31283 0.000175673 -1 0.979586 0.202637 0.00357899 45.816 160207 8 15482.3 4.63194 2.75746 2 6 20618.9 17.2662 3.2572 2 20 858.649 9.39641e-05 2.22865 5 
2.31641 0.000175761 -1 0.980311 0.202454 0.00357899 45.9197 160202 7 24331.6 5.52308 3.31566 2 5 27518 26.2943 4.01745 2 20 845.504 6.01307e-05 2.2772 5 
2.32001 0.000175947 -1 0.981037 0.202239 0.00359783 46.0124 160235 8 33734 6.17225 2.93226 2 6 46217.8 11.9233 3.96341 2 16 848.919 6.52355e-05 2.78387 5 
2.32355 0.000176071 -1 0.981753 0.202034 0.00354161 46.0995 160288 6 27878.2 7.89729 3.9021 2 6 27684.7 20.5486 3.32335 2 15 818.123 4.56225e-05 3.04492 5 
2.32684 0.000176215 -1 0.982415 0.201833 0.00328373 46.1776 160371 5 21689.9 6.77235 5.02462 2 6 24288.7 24.1647 3.16498 2 13 693.171 5.98385e-05 3.49441 5 
2.33012 0.000176363 -1 0.983077 0.201682 0.00328373 46.2629 160430 7 21444.8 6.09107 3.21116 2 6 25847.6 8.66169 3.79434 2 13 679.893 5.75784e-05 3.49956 5 
2.33342 0.000176507 -1 0.983742 0.201504 0.0032999 46.347 160492 6 17286.2 5.49349 3.82803 2 5 16824.8 14.3526 4.10964 2 13 670.958 6.12157e-05 3.47957 5 
2.33674 0.000176642 -1 0.984411 0.201266 0.00331632 46.4289 160562 7 28838.9 4.95053 3.45067 2 5 30476.5 28.7673 4.02729 2 13 659.389 6.77743e-05 3.44782 5 
2.34016 0.000176798 -1 0.985099 0.200957 0.00341889 46.5247 160584 9 46346.2 4.18882 2.814 2 7 52581.7 21.6975 3.04431 2 14 686.873 4.76263e-05 3.24608 5 
2.34365 0.000177031 -1 0.985801 0.200596 0.00349124 46.6173 160616 10 43323.5 6.00274 2.43129 2 8 55532 26.9153 2.59608 2 14 700.259 7.57654e-05 3.14453 5 
2.34719 0.00017723 -1 0.986512 0.20019 0.00354786 46.7251 160596 12 37089 4.97971 2.10218 2 10 44749.6 21.3776 2.14824 2 15 699.491 4.58335e-05 3.01236 5 
2.35086 0.000177354 -1 0.987246 0.199734 0.00366745 46.8363 160565 13 29767.4 5.2917 1.943 2 11 35127.1 17.784 1.99343 2 16 715.68 4.41385e-05 2.8224 5 
2.35466 0.000177459 -1 0.988002 0.199262 0.00379613 46.9555 160506 11 21038 5.42253 2.1196 3 11 26815.8 20.3873 1.92109 2 17 726.044 5.15619e-05 2.63335 5 
2.35857 0.000177517 -1 0.988781 0.19875 0.00391116 47.0848 160413 12 32289.3 4.51852 2.09494 3 12 32402.6 20.6464 1.84634 2 18 721.67 5.80336e-05 2.47826 5 
2.36258 0.00017758 -1 0.989575 0.198209 0.00400894 47.2187 160305 13 46354.1 3.98917 2.05451 3 13 50690.2 20.733 1.82237 2 20 700.801 6.05725e-05 2.2551 5 
2.36664 0.00017763 -1 0.990379 0.197678 0.00406001 47.3588 160177 12 37751 5.81694 2.07819 3 13 47917.8 22.3622 1.80397 2 21 653.056 6.79396e-05 2.15038 5 
2.37075 0.000177663 -1 0.99119 0.197214 0.00411274 47.5167 159990 12 30173.6 4.51384 2.08332 2 11 35361.3 19.7444 1.97576 3 24 597.342 6.75051e-05 1.94739 6 
2.37497 0.000177704 -1 0.992023 0.196835 0.00422315 47.6358 159933 6 22533 2.57675 4.53898 2 10 29885.5 17.4291 2.10581 3 18 550.909 8.05042e-05 2.39738 6 
2.37938 0.000177747 -1 0.992889 0.196522 0.00440159 47.7501 159894 14 14600.5 4.03866 1.79536 2 5 18450.5 9.11512 4.58405 2 16 514.294 7.54652e-05 2.67357 6 
2.38391 0.000177719 -1 0.99378 0.196349 0.00453011 47.8659 159849 16 29112.9 4.12066 1.74008 3 10 30440.2 15.3629 2.13647 3 13 458.822 8.67337e-05 3.28995 6 
2.3885 0.000177681 -1 0.994682 0.196316 0.00459772 47.9797 159812 16 31912.9 4.60278 1.73804 3 6 34211.9 13.3073 3.70124 2 14 390.059 4.48029e-05 3.13113 6 
2.39314 0.000177629 -1 0.995591 0.196476 0.00463255 48.103 159743 19 25121.3 4.61045 1.5727 3 8 28383.9 15.0927 2.56619 3 14 320.507 5.95405e-05 3.02543 6 
2.39784 0.000177573 -1 0.996512 0.196765 0.00470437 48.2392 159631 19 20352.4 3.85095 1.57018 3 14 23250.5 14.4066 1.69486 3 14 266.445 9.22719e-05 2.89379 6 
2.40266 0.000177533 -1 0.997458 0.19715 0.00481728 48.3902 159472 18 17279.8 3.49242 1.60415 3 16 23471 13.9951 1.5905 3 15 234.614 7.46595e-05 2.71114 6 
2.40755 0.000177499 -1 0.99842 0.19754 0.00489625 48.527 159360 14 14377.7 4.13272 1.79044 3 10 15505.4 13.8842 2.01742 4 16 220.282 5.34934e-05 2.5907 6 
2.41249 0.000177478 -1 0.999395 0.197833 0.00493705 48.6522 159286 13 26501.4 3.98919 1.96802 4 8 26700.6 14.1083 2.56821 4 16 236.798 8.58314e-05 2.52665 6 
2.41735 0.000177556 -1 1.00035 0.198098 0.00485545 48.7657 159252 7 28505.3 3.93703 3.55954 4 7 30063.7 14.2389 2.98496 4 16 242.523 8.29471e-05 2.53584 6 
2.42205 0.000177669 -1 1.00129 0.19824 0.00469882 48.8838 159202 11 23667.3 4.08105 2.19849 5 4 25033.3 11.0558 6.89813 3 16 244.622 4.94632e-05 2.62053 6 
2.42686 0.000177645 -1 1.00224 0.198254 0.00481629 49.0185 159099 11 19096.5 3.59991 2.18075 5 10 22755.3 12.7738 2.11386 4 17 275.564 5.261e-05 2.48453 6 
2.43176 0.000177603 -1 1.00321 0.1982 0.00489862 49.1714 158937 15 13253.5 3.44965 1.73369 5 9 14842.2 16.6002 2.12781 4 18 303.574 4.42432e-05 2.39773 6 
2.4367 0.000177552 -1 1.00419 0.198099 0.00494122 49.3251 158774 14 10239.3 3.90394 1.75468 5 9 11529.6 14.8491 2.09471 5 18 326.932 5.85547e-05 2.37043 6 
2.4416 0.000177493 -1 1.00516 0.19795 0.00489825 49.5246 158466 13 22525.8 4.13102 1.93835 5 7 23434.4 14.1682 2.88265 5 30 340.403 8.57064e-05 1.65946 6 
2.44629 0.000177438 -1 1.00608 0.197775 0.00469244 49.7027 158227 14 27447.1 4.10155 1.87609 5 7 29900 14.9937 2.9607 5 24 329.806 8.73643e-05 1.87948 6 
2.45098 0.000177378 -1 1.00701 0.19756 0.00469244 49.8662 158037 15 25460.8 4.31659 1.78395 5 10 27350.7 14.9993 2.1188 5 18 345.743 9.00873e-05 2.32158 6 
2.4558 0.000177312 -1 1.00796 0.197306 0.00481593 50.0251 157862 13 20012.4 3.92697 1.92829 6 10 16098.6 15.0856 2.00827 5 17 378.366 9.72854e-05 2.4414 6 
2.46075 0.000177244 -1 1.00894 0.197048 0.00494727 50.1937 157659 13 15114.3 3.67525 1.89674 6 9 18036.9 16.2289 2.17987 5 19 414.24 5.44482e-05 2.30235 6 
2.46574 0.000177176 -1 1.00992 0.196799 0.00499308 50.3582 157469 12 12094.6 3.65686 1.96467 6 9 10582.1 13.4426 2.09791 5 19 435.063 8.26722e-05 2.25812 6 
2.47073 0.000177107 -1 1.0109 0.196594 0.00499308 50.5195 157291 12 8024.06 3.95436 1.8863 5 8 10586.4 13.1317 2.30836 5 19 446.74 9.847e-05 2.24055 6 
2.4755 0.000177039 -1 1.01184 0.196421 0.00476817 50.6552 157193 12 20156.8 3.89914 2.03917 5 6 17906.2 14.4314 3.27805 5 18 417.853 7.30851e-05 2.37356 6 
2.48031 0.000176976 -1 1.01278 0.196212 0.00481191 50.8226 156997 13 22094.5 4.22963 1.93196 6 10 20583.5 13.8384 2.07608 5 19 434.839 6.88354e-05 2.27993 6 
2.48526 0.000176892 -1 1.01375 0.195937 0.00494939 50.9892 156806 14 21151.9 4.04248 1.84341 5 7 18731.1 16.0569 2.74239 6 21 467.699 6.11205e-05 2.12715 6 
2.49031 0.000176811 -1 1.01474 0.195657 0.00504644 51.1598 156603 12 17782.5 3.72354 2.02575 6 7 17427.3 13.3591 2.78654 6 22 492.046 7.81498e-05 2.03727 6 
2.49541 0.000176728 -1 1.01573 0.195395 0.0050969 51.3282 156408 12 15133.2 3.83015 1.99401 5 6 14669.9 14.0452 3.1853 6 23 509.055 8.04588e-05 1.97562 6 
2.5005 0.000176646 -1 1.01673 0.195189 0.0050969 51.4949 156220 12 12438.9 3.37704 1.98238 5 6 13793 13.2443 3.18375 6 23 515.612 9.90316e-05 1.95895 6 
2.50545 0.000176579 -1 1.01769 0.195046 0.00494551 51.642 156093 10 17974.1 3.90273 2.32449 6 4 24085.5 16.0139 6.22752 5 22 491.204 8.56022e-05 2.0287 6 
2.51044 0.000176501 -1 1.01867 0.194886 0.00499547 51.7947 155949 7 17907.6 3.83964 3.34277 5 6 11116.1 15.6927 2.98567 5 23 506.555 6.5091e-05 1.99349 6 
2.51554 0.000176567 -1 1.01966 0.194649 0.00509954 51.967 155747 5 16433.2 1.50565 6.42095 4 7 18991.8 11.9204 2.86727 5 28 532.34 9.22115e-05 1.74373 6 
2.52075 0.000176848 -1 1.02067 0.19444 0.00520921 52.1327 155566 10 13465.8 3.30707 2.29604 5 4 17524.7 13.053 6.0532 4 25 558.336 6.22267e-05 1.89722 6 
2.52596 0.000177006 -1 1.02168 0.194258 0.00520921 52.2873 155419 8 15342 3.21081 2.88342 6 4 13816.5 5.0664 7.22644 3 25 560.323 5.87711e-05 1.90183 6 
2.53117 0.000177093 -1 1.02269 0.194101 0.00520921 52.4399 155280 8 14758.1 3.34729 2.85458 5 5 15178.3 6.92227 4.65795 3 25 561.732 6.13354e-05 1.89877 6 
2.53627 0.000177149 -1 1.02368 0.19393 0.00509596 52.5938 155137 9 17615.6 3.58284 2.57149 6 5 22846 9.15455 4.78007 3 24 538.56 6.23832e-05 1.94539 6 
2.54136 0.000177231 -1 1.02467 0.193813 0.00509596 52.7504 154987 10 11432.5 3.17984 2.26764 6 5 12756.6 4.13494 4.98716 3 24 538.947 6.88284e-05 1.9375 6 
2.54658 0.000177293 -1 1.02568 0.193651 0.00521178 52.9213 154796 11 20656.7 3.45933 2.20434 6 5 17681.5 12.0966 4.29508 3 25 563.32 8.86173e-05 1.87124 6 
2.55185 0.000177379 -1 1.0267 0.193499 0.00527238 53.0925 154605 11 14421.2 3.28152 2.14375 7 5 19240.2 10.8055 4.46799 3 26 575.1 8.32927e-05 1.8325 6 
2.55712 0.000177459 -1 1.02772 0.19338 0.00527238 53.266 154409 11 11058.8 3.17478 2.09894 6 5 9373.58 8.31603 4.07754 3 27 573.257 6.14226e-05 1.81196 6 
2.56246 0.000177538 -1 1.02875 0.193267 0.0053359 53.4435 154203 10 8318.71 2.93133 2.21462 6 5 12269.2 6.43355 4.52973 3 28 602.114 7.08855e-05 1.76794 6 
2.56773 0.000177604 -1 1.02976 0.193165 0.00527162 53.6185 154005 9 17205.1 3.12942 2.60362 6 5 14714.4 6.18634 4.73436 3 27 605.215 9.8837e-05 1.7839 6 
2.573 0.000177635 -1 1.03078 0.193173 0.00527162 53.7778 153854 5 11394.1 3.16387 5.1439 5 5 14321.1 6.7222 4.63119 3 28 624.281 7.22622e-05 1.76901 6 
2.57834 0.000177237 -1 1.03181 0.193021 0.00533751 53.9407 153693 6 13686.4 3.2573 4.01703 4 4 13949.2 11.835 5.85929 3 29 656.628 9.04042e-05 1.72421 6 
2.58374 0.000176726 -1 1.03285 0.192861 0.00540594 54.1727 153337 8 19484.3 3.274 2.96364 3 5 20434.6 10.6481 4.53544 2 44 685.615 9.37475e-05 1.4322 6 
2.58915 0.000176263 -1 1.03389 0.192709 0.00540594 54.364 153099 11 13126.2 3.26108 2.1267 4 7 11436 11.9571 2.66567 2 31 693.766 7.36201e-05 1.67871 7 
2.59455 0.000176163 -1 1.03493 0.192583 0.00540594 54.4885 153050 9 9841.27 2.99454 2.45893 4 5 10381.9 13.4549 3.77989 2 17 699.986 8.90271e-05 2.54461 7 
2.59996 0.000176141 -1 1.03597 0.192479 0.00540594 54.607 153018 8 16721.7 2.88808 2.95348 3 7 13523.7 13.5033 2.68328 2 16 720.471 8.54217e-05 2.70943 7 
2.60537 0.000176198 -1 1.03701 0.192341 0.00540594 54.7243 152989 7 12792.6 3.24772 3.26307 3 7 15872 12.4682 2.77681 2 16 742.94 8.99602e-05 2.70587 7 
2.61077 0.000176352 -1 1.03805 0.192274 0.00540594 54.8504 152936 10 11551.5 2.81433 2.29788 5 7 13011.3 13.0465 2.68166 3 16 763.505 8.74716e-05 2.71525 7 
2.61625 0.000176488 -1 1.0391 0.19219 0.00548208 54.9809 152871 9 14506.9 3.27691 2.54169 6 4 15674.9 12.5018 5.95056 2 17 804.036 5.75852e-05 2.63204 7 
2.62151 0.000176635 -1 1.04011 0.192159 0.00525679 55.1252 152768 10 14222.3 2.83957 2.34408 8 5 18538.5 12.0194 4.34148 2 16 751.756 4.39215e-05 2.83196 7 
2.62684 0.000176743 -1 1.04114 0.192096 0.00533083 55.2811 152634 10 11514.1 3.489 2.24829 8 5 10305.4 6.08995 4.42273 2 16 786.463 6.66012e-05 2.76702 7 
2.63217 0.000176879 -1 1.04216 0.192049 0.00533083 55.4221 152541 11 14293.5 3.41862 2.13407 8 5 13684.3 4.78439 4.91223 2 16 799.19 6.59896e-05 2.77139 7 
2.6375 0.000177 -1 1.04318 0.191993 0.00533083 55.5683 152434 10 13806.3 3.19364 2.30983 9 5 15189 13.6097 4.06945 2 16 813.504 6.50224e-05 2.77703 7 
2.64283 0.000177118 -1 1.0442 0.191923 0.00533083 55.7119 152336 9 12524.3 3.03064 2.52233 8 8 15016.1 13.7527 2.39757 3 16 827.948 6.27229e-05 2.78635 7 
2.64801 0.00017722 -1 1.0452 0.191866 0.00517631 55.8211 152331 5 5499.54 3.31131 4.40621 7 5 6813.22 14.8888 3.40485 2 15 792.386 7.73855e-05 2.93327 7 
2.65319 0.000177447 -1 1.04619 0.191796 0.00517631 55.9379 152306 6 14297.3 3.5242 3.99361 7 5 18119.1 6.79959 4.84318 2 15 811.508 7.59211e-05 2.94168 7 
2.65836 0.000177615 -1 1.04718 0.191731 0.00517631 56.0592 152269 7 14265.1 3.38539 3.29465 6 7 15272.3 11.6063 2.78998 3 16 828.301 5.87283e-05 2.79791 7 
2.66339 0.000177737 -1 1.04814 0.191696 0.00502407 56.1618 152282 4 12106.6 3.27698 7.79627 4 4 12668.8 13.5014 5.53464 2 15 794.034 3.61899e-05 3.08615 7 
2.66849 0.000177716 -1 1.04912 0.191613 0.00510019 56.2877 152233 11 14408.9 3.3501 2.13956 8 5 12768.4 12.5461 3.99508 2 15 833.344 5.75035e-05 3.00199 7 
2.67359 0.000177819 -1 1.0501 0.191527 0.00510019 56.4093 152195 8 14528.3 3.59374 2.8238 8 5 18578.5 14.7351 4.16996 2 15 848.537 5.84497e-05 3.00234 7 
2.67861 0.000177924 -1 1.05106 0.191469 0.00502173 56.5457 152118 8 10096.4 3.71543 2.68701 9 6 9999.44 12.4246 3.04988 2 15 836.374 3.98501e-05 3.07703 7 
2.68327 0.000178011 -1 1.05195 0.191458 0.00465783 56.6494 152128 5 8587.1 4.18573 4.59637 7 5 8251.64 15.0078 3.5322 2 13 730.662 5.74263e-05 3.51972 7 
2.68799 0.000178105 -1 1.05285 0.191424 0.00472735 56.7747 152081 10 8975.96 3.8263 2.17285 9 6 8540.63 14.9224 2.88143 2 13 764.238 8.53249e-05 3.42595 7 
2.69272 0.0001782 -1 1.05376 0.191362 0.00472735 56.9034 152025 9 15214 4.09558 2.49264 9 6 18691.3 8.71657 3.591 2 13 773.503 8.53317e-05 3.42911 7 
2.69745 0.000178298 -1 1.05466 0.191301 0.00472735 57.029 151978 10 15718.3 3.80639 2.29927 9 5 16259.5 13.399 4.13816 2 13 781.055 8.7234e-05 3.42585 7 
2.70197 0.000178382 -1 1.05553 0.191253 0.00451568 57.1493 151945 8 14020.3 4.35511 2.74454 10 5 14555.2 13.523 4.04007 2 13 718.287 2.69581e-05 3.72564 7 
2.70641 0.000178475 -1 1.05638 0.191216 0.00444828 57.2745 151898 9 12483.4 4.38234 2.42018 10 5 14345.5 8.01561 4.47256 2 12 701.458 7.31041e-05 3.81802 7 
2.7108 0.000178565 -1 1.05721 0.191171 0.00438189 57.3903 151877 8 11929.1 5.01669 2.64255 10 5 14100.5 9.01299 4.35385 2 12 683.916 5.1705e-05 3.92153 7 
2.71524 0.000178669 -1 1.05806 0.191137 0.0044493 57.516 151830 9 8408.96 4.74731 2.29573 10 5 8523.49 12.6309 3.6799 2 12 708.525 7.93609e-05 3.79515 7 
2.71969 0.000178773 -1 1.05891 0.191116 0.0044493 57.6303 151814 8 8714.29 4.61885 2.56721 10 5 7797.27 6.33532 4.14987 2 12 716.656 8.1696e-05 3.78959 7 
2.72421 0.000178872 -1 1.05977 0.191105 0.00452107 57.7475 151789 7 9170.07 4.77325 2.94496 10 5 7940.31 5.65541 4.26064 2 13 748.021 3.43929e-05 3.66791 7 
2.72874 0.000178977 -1 1.06064 0.191123 0.00452107 57.857 151785 6 11401.8 4.33636 3.71514 9 5 8839.76 13.0675 3.68171 2 13 755.221 3.63878e-05 3.65473 7 
2.73333 0.000179079 -1 1.06152 0.191135 0.00459769 57.9829 151738 8 16369.8 4.0227 2.82612 10 7 18682.4 16.8991 2.72142 3 13 787.46 5.78508e-05 3.53804 7 
2.73793 0.000179168 -1 1.0624 0.191127 0.00459769 58.1149 151675 8 19975.7 4.50309 2.85676 10 5 20993.7 18.1489 4.09872 2 13 792.152 5.89052e-05 3.53474 7 
2.74261 0.000179268 -1 1.06329 0.191121 0.0046798 58.2528 151597 9 19636.7 4.2211 2.55574 10 5 21035.9 15.7546 4.21804 2 14 823.517 2.92197e-05 3.4052 7 
2.74729 0.000179364 -1 1.06418 0.191102 0.0046798 58.3997 151497 10 16867.6 3.75256 2.31885 10 5 16300.9 10.2443 4.36864 2 14 823.807 2.99747e-05 3.39909 7 
2.75197 0.00017945 -1 1.06508 0.191066 0.0046798 58.5404 151413 9 12998.9 4.50369 2.42372 10 6 12375.1 9.43199 3.3087 2 14 821.287 3.34166e-05 3.37206 7 
2.75674 0.000179552 -1 1.06599 0.191042 0.00476979 58.6856 151317 11 11320.4 3.66809 2.07597 10 5 10795.9 15.5203 3.7023 2 14 848.418 5.81377e-05 3.24882 7 
2.76161 0.000179636 -1 1.06692 0.191016 0.00486519 58.8306 151222 9 19520.8 4.0655 2.56474 10 9 12379.6 15.7146 2.09808 4 15 875.404 3.41115e-05 3.11856 7 
2.76657 0.000179733 -1 1.06787 0.191004 0.00496655 58.9834 151109 10 13800.5 3.73309 2.27396 9 7 12379.2 14.8873 2.61292 5 15 902.629 6.15951e-05 3.00421 7 
2.77154 0.000179825 -1 1.06882 0.191003 0.00496655 59.1382 150990 10 9712.83 3.86743 2.18772 9 7 11399.5 15.1411 2.57609 6 15 891.198 6.54184e-05 2.98964 7 
2.77651 0.000179918 -1 1.06976 0.190974 0.00496655 59.3095 150830 12 18634.1 3.69259 2.03508 9 8 19085.1 14.7659 2.44867 8 15 878.438 6.40881e-05 2.99086 7 
2.78147 0.000180006 -1 1.07071 0.190932 0.00496655 59.4792 150675 11 20392.4 3.7715 2.18454 8 8 22501 14.811 2.49863 8 15 863.707 6.4884e-05 2.98503 7 
2.78655 0.000180095 -1 1.07168 0.190858 0.00508205 59.6631 150485 12 19096.4 3.39538 2.05355 8 9 19141.6 13.2597 2.24414 8 16 886.8 4.12255e-05 2.87271 7 
2.79176 0.000180176 -1 1.07267 0.190773 0.005206 59.8129 150383 7 15432.1 3.36863 3.33423 6 7 15521 14.25 2.71564 8 16 908.947 8.45503e-05 2.75083 7 
2.79697 0.00018027 -1 1.07367 0.190756 0.005206 59.9401 150337 4 17507.2 3.35715 8.49789 5 6 12819.8 12.1904 3.18892 8 16 883.919 8.47982e-05 2.74553 7 
2.80231 0.000180202 -1 1.07469 0.190699 0.005343 60.1015 150206 13 15136.8 2.90528 1.93157 6 7 12095.9 13.2628 2.64763 7 17 903.191 5.37269e-05 2.66094 7 
2.80765 0.000180156 -1 1.0757 0.190569 0.005343 60.2563 150092 12 13527.4 3.36303 1.99698 5 7 12308.9 10.057 2.76126 7 16 869.927 9.49976e-05 2.7234 7 
2.81315 0.000180112 -1 1.07674 0.190363 0.00549566 60.4075 149987 10 21453.4 2.78574 2.44712 4 7 19995.7 10.6531 2.9352 7 17 879.163 4.36868e-05 2.68925 7 
2.81864 0.00018008 -1 1.07779 0.190193 0.00549566 60.5473 149912 12 15168.3 2.72467 2.0518 4 4 14165.6 9.323 6.24338 6 16 826.286 9.22187e-05 2.71969 7 
2.82414 0.000180006 -1 1.07883 0.190195 0.00549566 60.6816 149850 10 17037.3 2.32685 2.4348 4 4 13402.3 5.38716 7.06244 5 17 762.925 3.88138e-05 2.68552 7 
2.82963 0.000179836 -1 1.07988 0.190362 0.00549566 60.8079 149808 12 21509.7 2.33182 2.13999 3 3 12808.6 11.8658 10.2581 4 17 708.9 4.89453e-05 2.63772 7 
2.83513 0.000179656 -1 1.08093 0.190606 0.00549566 60.9369 149760 10 17247.6 2.94313 2.38118 3 5 13784.8 5.34194 4.81216 3 17 659.789 5.98773e-05 2.59564 7 
2.84063 0.000179543 -1 1.08197 0.190824 0.00549566 61.0606 149725 9 8662.08 2.45624 2.47828 3 5 7470.53 13.0723 3.55959 3 17 615.341 5.00399e-05 2.61244 7 
2.84612 0.00017946 -1 1.08301 0.191063 0.00549566 61.2041 149641 12 8603.82 2.49482 1.97153 3 8 8396.74 11.2908 2.28519 3 17 621.488 4.54629e-05 2.62876 7 
2.85162 0.000179368 -1 1.08406 0.191283 0.00549566 61.3475 149558 10 9808.86 2.64394 2.27477 3 7 9420.72 11.6878 2.60132 3 17 661.107 3.95996e-05 2.65985 7 
2.85711 0.000179327 -1 1.08512 0.191486 0.00549566 61.4592 149553 6 11087.9 2.52782 4.04592 3 5 8067.25 13.2334 3.60588 3 16 704.873 9.88722e-05 2.68111 7 
2.86261 0.000179544 -1 1.08617 0.191527 0.00549566 61.5845 149515 11 11985.4 2.67728 2.14736 3 4 12093.3 5.36387 6.89076 3 16 751.27 9.06393e-05 2.70648 7 
2.86833 0.000179722 -1 1.08727 0.191531 0.00572464 61.7251 149440 14 14165.2 2.51604 1.85308 3 5 10570.4 10.8067 3.96351 2 18 861.214 4.14366e-05 2.55 7 
2.87382 0.000179869 -1 1.08831 0.191428 0.00548612 61.9055 149269 14 12815.8 2.92956 1.81998 4 11 12091.9 9.34699 1.9182 4 23 836.182 9.76507e-05 2.00179 7 
2.87931 0.000180004 -1 1.08936 0.191233 0.00548612 62.065 149149 14 11275.7 2.5698 1.82037 4 7 10772.7 12.9182 2.61399 4 20 878.614 8.71453e-05 2.23964 7 
2.88479 0.000180123 -1 1.09041 0.19092 0.00548612 62.2107 149064 13 13270.5 3.21732 1.89717 5 9 13679.1 13.1616 2.16369 4 16 915.885 9.2079e-05 2.73751 7 
2.89028 0.000180255 -1 1.09146 0.19057 0.00548612 62.3625 148963 12 14639.8 2.25258 2.07844 6 9 13507.9 13.2494 2.15906 4 17 947.41 3.77281e-05 2.7245 7 
2.89576 0.000180328 -1 1.09251 0.190148 0.00548612 62.5285 148830 13 13096.9 2.66606 1.92285 5 10 11919.5 11.1031 2.00947 5 17 973.008 4.19331e-05 2.71187 7 
2.90098 0.000180402 -1 1.09349 0.189768 0.00521181 62.6752 148743 12 7348.1 3.15346 1.90816 5 9 8173.64 13.1052 2.04434 5 15 897.854 9.37701e-05 2.92018 7 
2.90619 0.000180477 -1 1.09447 0.189368 0.00521181 62.8171 148668 12 19201.9 3.12629 2.06868 6 7 12241.6 13.6009 2.64264 5 16 912.42 3.67656e-05 2.89849 7 
2.9114 0.000180554 -1 1.09546 0.188976 0.00521181 62.9674 148573 10 15696.7 3.60175 2.31169 7 8 16165.3 13.949 2.41549 6 16 921.315 4.47665e-05 2.86478 7 
2.91694 0.000180649 -1 1.09651 0.188584 0.00553755 63.14 148426 14 18050.8 2.98356 1.86263 6 7 17031.1 11.1696 2.84934 6 18 1043.13 4.51234e-05 2.56512 7 
2.92213 0.000180718 -1 1.09749 0.188293 0.00519145 63.293 148326 11 12465.4 3.56739 2.09954 6 8 10630.9 13.4493 2.30268 6 16 915.271 6.20079e-05 2.80588 7 
2.92732 0.000180802 -1 1.09847 0.188057 0.00519145 63.4088 148314 6 12489.9 3.20024 3.96792 5 3 12420.1 9.49196 10.9376 5 16 909.749 7.53579e-05 2.77084 7 
2.93251 0.000180927 -1 1.09944 0.18796 0.00519145 63.5358 148276 8 16911.8 3.15898 2.92469 5 3 17618.6 12.2334 11.293 4 16 901.054 9.50124e-05 2.72936 7 
2.9377 0.000180875 -1 1.10041 0.18779 0.00519145 63.6584 148247 10 18992.7 3.01147 2.39873 5 3 18398.3 12.2905 11.4394 3 17 890.422 4.54273e-05 2.68508 7 
2.94289 0.000180807 -1 1.10138 0.187683 0.00519145 63.8075 148158 12 16073.7 3.05176 2.04235 6 8 14196.7 14.4354 2.36644 4 17 876.847 6.05675e-05 2.63765 7 
2.94809 0.00018073 -1 1.10236 0.18761 0.00519145 63.9756 148024 14 12392.2 3.30546 1.80003 6 9 13359 12.1024 2.17821 6 17 861.587 8.08101e-05 2.59061 7 
2.95328 0.000180644 -1 1.10334 0.187585 0.00519145 64.152 147873 14 17829.2 3.41262 1.84321 6 8 17437 14.6374 2.42382 6 18 845.994 4.33552e-05 2.54108 7 
2.95847 0.000180544 -1 1.10431 0.1876 0.00519145 64.3302 147718 14 20002.5 3.19166 1.86732 6 9 19790.8 13.5095 2.2478 6 18 829.665 6.23422e-05 2.48762 7 
2.96366 0.000180438 -1 1.10528 0.187652 0.00519145 64.5082 147564 15 14917.6 3.07168 1.76098 5 10 13944.9 12.685 2.01425 5 18 812.998 9.323e-05 2.42988 7 
2.96885 0.000180311 -1 1.10625 0.18773 0.00519145 64.6865 147411 14 13706.5 2.86693 1.83156 6 9 14819.5 13.8707 2.17033 5 19 796.175 5.86528e-05 2.37359 7 
2.97404 0.000180176 -1 1.10722 0.187844 0.00519145 64.866 147256 14 18777.5 3.47026 1.84783 5 10 18566.6 12.688 2.07269 5 19 779.461 8.94807e-05 2.31882 7 
2.97923 0.000179977 -1 1.10819 0.18794 0.00519145 65.0433 147106 13 20227.6 2.92412 1.97415 6 9 19565.3 13.3285 2.24831 5 20 763.144 5.90607e-05 2.26759 7 
2.98443 0.000179803 -1 1.10917 0.188074 0.00519145 65.2226 146953 12 12078.4 3.16464 1.98826 6 8 12302.9 13.2039 2.35052 6 20 747.006 8.7855e-05 2.22064 7 
2.98962 0.000179604 -1 1.11016 0.188211 0.00519145 65.3929 146821 11 15905.8 3.27876 2.1631 6 7 14009.1 12.462 2.72792 5 21 731.191 5.86898e-05 2.17711 7 
2.99481 0.000179406 -1 1.11113 0.188369 0.00519145 65.5571 146703 9 20072 3.35204 2.62844 5 8 22793.1 10.5146 2.61217 5 21 715.37 8.85253e-05 2.13269 7 
3 0.000179204 -1 1.1121 0.188526 0.00519145 65.7127 146605 7 19286.2 3.62308 3.40651 5 6 18080.8 11.5209 3.40896 5 22 699.43 5.96592e-05 2.09566 7 

# Multigrid, 588 steps, 2098.38 CPU, 65.87 real, 1.46e+05 points.step/s, 24 var
