0 0.00788581
0.0338878 0.00787906
0.0677756 0.00786327
0.101663 0.00784029
0.135551 0.00781036
0.169439 0.00777363
0.203327 0.00773022
0.237215 0.0076803
0.271102 0.00762398
0.30499 0.00756142
0.338878 0.00749271
0.372766 0.007418
0.406653 0.00733738
0.440541 0.007251
0.474429 0.00715896
0.508317 0.00706141
0.542205 0.00695843
0.576092 0.0068502
0.60998 0.00673678
0.643868 0.00661836
0.677756 0.00649501
0.711644 0.00636692
0.745531 0.00623415
0.779419 0.0060969
0.813307 0.00595524
0.847195 0.00580938
0.881082 0.00565937
0.91497 0.00550545
0.948858 0.00534764
0.982746 0.00518622
1.01663 0.00502119
1.05052 0.00485283
1.08441 0.00468117
1.1183 0.00450647
1.15218 0.00432875
1.18607 0.00414831
1.21996 0.00396515
1.25385 0.00377956
1.28774 0.00359157
1.32162 0.00340146
1.35551 0.00320925
1.3894 0.00301523
1.42329 0.00281943
1.45717 0.00262213
1.49106 0.00242336
1.52495 0.00222342
1.55884 0.00202232
1.59273 0.00182037
1.62661 0.00161757
1.6605 0.00141424
1.69439 0.00121037
1.72828 0.00100629
1.76216 0.000802002
1.79605 0.000597754
1.82994 0.000393534
1.86383 0.000189639
1.89772 4.9161e-05
1.9316 0.00025195
1.96549 0.000453682
1.99938 0.000654358
2.03327 0.000853683
2.06716 0.00105166
2.10104 0.00124797
2.13493 0.00144264
2.16882 0.00163536
2.20271 0.00182614
2.23659 0.0020147
2.27048 0.00220105
2.30437 0.00238491
2.33826 0.00256628
2.37215 0.00274493
2.40603 0.00292083
2.43992 0.00309377
2.47381 0.00326372
2.5077 0.00343048
2.54158 0.00359403
2.57547 0.00375417
2.60936 0.00391088
2.64325 0.00406399
2.67714 0.00421346
2.71102 0.00435914
2.74491 0.00450099
2.7788 0.00463888
2.81269 0.00477277
2.84657 0.00490253
2.88046 0.00502813
2.91435 0.00514946
2.94824 0.00526648
2.98213 0.00537909
3.01601 0.00548726
3.0499 0.0055909
3.08379 0.00568998
3.11768 0.00578442
3.15156 0.0058742
3.18545 0.00595925
3.21934 0.00603955
3.25323 0.00611504
3.28712 0.0061857
3.321 0.00625149
3.35489 0.00631239
3.38878 0.00636836
3.42267 0.00641939
3.45655 0.00646545
3.49044 0.00650653
3.52433 0.00654263
3.55822 0.00657372
3.59211 0.00659982
3.62599 0.00662092
3.65988 0.00663702
3.69377 0.00664813
3.72766 0.00665426
3.76154 0.00665542
3.79543 0.00665216
3.82932 0.00664439
3.86321 0.00663172
3.8971 0.00661417
3.93098 0.00659176
3.96487 0.00656454
3.99876 0.00653252
4.03265 0.00649577
4.06653 0.0064543
4.10042 0.00640817
4.13431 0.00635743
4.1682 0.00630213
4.20209 0.00624232
4.23597 0.00617807
4.26986 0.00610941
4.30375 0.00603645
4.33764 0.00595921
4.37152 0.00587781
4.40541 0.00579226
4.4393 0.00570269
4.47319 0.00560913
4.50708 0.00551171
4.54096 0.00541046
4.57485 0.00530553
4.60874 0.00519693
4.64263 0.00508483
4.67651 0.00496924
4.7104 0.00485034
4.74429 0.00472815
4.77818 0.00460284
4.81207 0.00447443
4.84595 0.00434312
4.87984 0.00420891
4.91373 0.00407202
4.94762 0.00393244
4.9815 0.00379041
5.01539 0.00364591
5.04928 0.00349918
5.08317 0.00335022
5.11706 0.00319925
5.15094 0.0030463
5.18483 0.00289158
5.21872 0.00273511
5.25261 0.00257712
5.28649 0.00241762
5.32038 0.00225685
5.35427 0.00209481
5.38816 0.00193177
5.42205 0.0017677
5.45593 0.00160288
5.48982 0.00143729
5.52371 0.00127119
5.5576 0.00110459
5.59149 0.000937738
5.62537 0.000770626
5.65926 0.000603514
5.69315 0.000436404
5.72704 0.000269493
5.76092 0.000102774
5.79481 7.7859e-05
5.8287 0.000243023
5.86259 0.000407431
5.89648 0.000570837
5.93036 0.000733257
5.96425 0.000894439
5.99814 0.00105438
6.03203 0.00121283
6.06591 0.00136981
6.0998 0.00152576
6.13369 0.00168084
6.16758 0.00183399
6.20147 0.0019852
6.23535 0.00213427
6.26924 0.00228117
6.30313 0.00242571
6.33702 0.00256789
6.3709 0.00270752
6.40479 0.00284458
6.43868 0.00297888
6.47257 0.00311041
6.50646 0.00323901
6.54034 0.00336465
6.57423 0.0034872
6.60812 0.00360663
6.64201 0.0037228
6.67589 0.0038357
6.70978 0.0039452
6.74367 0.00405128
6.77756 0.00415383
6.81145 0.00425283
6.84533 0.00434819
6.87922 0.00443988
6.91311 0.00452781
6.947 0.00461197
6.98088 0.00469229
7.01477 0.00476874
7.04866 0.00484127
7.08255 0.00490986
7.11644 0.00497445
7.15032 0.00503503
7.18421 0.00509156
7.2181 0.00514403
7.25199 0.00519241
7.28587 0.00523668
7.31976 0.00527684
7.35365 0.00531286
7.38754 0.00534473
7.42143 0.00537245
7.45531 0.00539602
7.4892 0.00541543
7.52309 0.00543069
7.55698 0.00544181
7.59086 0.00544879
7.62475 0.00545165
7.65864 0.0054504
7.69253 0.00544506
7.72642 0.00543564
7.7603 0.00542218
7.79419 0.0054047
7.82808 0.00538323
7.86197 0.00535779
7.89585 0.00532844
7.92974 0.00529518
7.96363 0.00525809
7.99752 0.00521717
8.03141 0.00517251
8.06529 0.00512411
8.09918 0.00507206
8.13307 0.00501639
8.16696 0.00495716
8.20084 0.00489442
8.23473 0.00482825
8.26862 0.00475867
8.30251 0.0046858
8.3364 0.00460965
8.37028 0.00453033
8.40417 0.00444787
8.43806 0.00436238
8.47195 0.0042739
8.50583 0.00418254
8.53972 0.00408833
8.57361 0.0039914
8.6075 0.00389178
8.64139 0.0037896
8.67527 0.0036849
8.70916 0.00357781
8.74305 0.00346836
8.77694 0.0033567
8.81082 0.00324286
8.84471 0.003127
8.8786 0.00300913
8.91249 0.00288942
8.94638 0.00276789
8.98026 0.00264471
9.01415 0.00251991
9.04804 0.00239365
9.08193 0.00226596
9.11582 0.00213701
9.1497 0.00200683
9.18359 0.00187559
9.21748 0.00174331
9.25137 0.00161019
9.28525 0.0014772
9.31914 0.0013436
9.35303 0.00120935
9.38692 0.00107466
9.42081 0.000939528
9.45469 0.000804147
9.48858 0.000668538
9.52247 0.000532882
9.55636 0.000397165
9.59024 0.000261546
9.62413 0.000126043
9.65802 2.63638e-05
9.69191 0.000161625
9.7258 0.000296317
9.75968 0.000430261
9.79357 0.000563443
9.82746 0.00069568
9.86135 0.000826944
9.89523 0.000957061
9.92912 0.001086
9.96301 0.00121361
9.9969 0.00133985
10.0308 0.00146456
10.0647 0.00158772
10.0986 0.00170917
10.1324 0.0018289
10.1663 0.00194674
10.2002 0.00206269
10.2341 0.00217659
10.268 0.00228843
10.3019 0.00239808
10.3358 0.00250551
10.3697 0.00261059
10.4036 0.00271331
10.4374 0.00281355
10.4713 0.00291129
10.5052 0.00300643
10.5391 0.00309893
10.573 0.00318871
10.6069 0.00327575
10.6408 0.00335997
10.6747 0.00344132
10.7085 0.00351975
10.7424 0.00359521
10.7763 0.00366766
10.8102 0.00373705
10.8441 0.00380335
10.878 0.00386652
10.9119 0.00392652
10.9458 0.00398332
10.9796 0.0040369
11.0135 0.00408722
11.0474 0.00413426
11.0813 0.004178
11.1152 0.00421842
11.1491 0.0042555
11.183 0.00428923
11.2169 0.00431959
11.2507 0.00434658
11.2846 0.00437018
11.3185 0.00439039
11.3524 0.00440722
11.3863 0.00442086
11.4202 0.00443124
11.4541 0.00443823
11.488 0.00444183
11.5218 0.00444206
11.5557 0.00443893
11.5896 0.00443245
11.6235 0.00442263
11.6574 0.00440951
11.6913 0.0043931
11.7252 0.00437342
11.7591 0.00435051
11.793 0.00432439
11.8268 0.00429509
11.8607 0.00426265
11.8946 0.00422711
11.9285 0.00418849
11.9624 0.00414686
11.9963 0.00410223
12.0302 0.00405466
12.0641 0.0040042
12.0979 0.0039509
12.1318 0.00389479
12.1657 0.00383594
12.1996 0.0037744
12.2335 0.00371023
12.2674 0.00364346
12.3013 0.00357419
12.3352 0.00350245
12.369 0.00342832
12.4029 0.00335184
12.4368 0.00327311
12.4707 0.00319215
12.5046 0.00310908
12.5385 0.00302392
12.5724 0.00293679
12.6063 0.0028477
12.6401 0.00275679
12.674 0.00266408
12.7079 0.00256968
12.7418 0.00247363
12.7757 0.00237606
12.8096 0.00227698
12.8435 0.00217654
12.8774 0.00207476
12.9112 0.00197177
12.9451 0.00186759
12.979 0.00176237
13.0129 0.00165614
13.0468 0.00154902
13.0807 0.00144105
13.1146 0.00133237
13.1485 0.001223
13.1823 0.00111308
13.2162 0.00100265
13.2501 0.000891845
13.284 0.000780689
13.3179 0.000669326
13.3518 0.000557785
13.3857 0.000446205
13.4196 0.000334612
13.4535 0.000223145
13.4873 0.0001118
13.5212 8.75118e-06
13.5551 0.000115098
13.589 0.000225765
13.6229 0.000335837
13.6568 0.000445299
13.6907 0.00055401
13.7246 0.000661939
13.7584 0.000768953
13.7923 0.000875023
13.8262 0.00098002
13.8601 0.00108391
13.894 0.00118658
13.9279 0.00128799
13.9618 0.00138803
13.9957 0.00148667
14.0295 0.00158379
14.0634 0.00167936
14.0973 0.00177328
14.1312 0.00186552
14.1651 0.00195597
14.199 0.00204462
14.2329 0.00213136
14.2668 0.00221616
14.3006 0.00229895
14.3345 0.00237969
14.3684 0.0024583
14.4023 0.00253475
14.4362 0.00260897
14.4701 0.00268094
14.504 0.00275059
14.5379 0.00281788
14.5717 0.00288277
14.6056 0.00294523
14.6395 0.0030052
14.6734 0.00306266
14.7073 0.00311758
14.7412 0.00316991
14.7751 0.00321964
14.809 0.00326673
14.8429 0.00331115
14.8767 0.0033529
14.9106 0.00339193
14.9445 0.00342824
14.9784 0.00346181
15.0123 0.00349262
15.0462 0.00352066
15.0801 0.00354592
15.114 0.00356839
15.1478 0.00358806
15.1817 0.00360493
15.2156 0.003619
15.2495 0.00363026
15.2834 0.00363872
15.3173 0.00364439
15.3512 0.00364726
15.3851 0.00364735
15.4189 0.00364467
15.4528 0.00363923
15.4867 0.00363104
15.5206 0.00362012
15.5545 0.00360649
15.5884 0.00359017
15.6223 0.00357118
15.6562 0.00354955
15.69 0.0035253
15.7239 0.00349846
15.7578 0.00346905
15.7917 0.00343712
15.8256 0.00340269
15.8595 0.0033658
15.8934 0.00332649
15.9273 0.00328479
15.9611 0.00324075
15.995 0.0031944
16.0289 0.0031458
16.0628 0.00309497
16.0967 0.00304198
16.1306 0.00298685
16.1645 0.00292966
16.1984 0.00287044
16.2323 0.00280925
16.2661 0.00274613
16.3 0.00268116
16.3339 0.00261476
16.3678 0.00254685
16.4017 0.00247722
16.4356 0.00240595
16.4695 0.00233308
16.5034 0.00225869
16.5372 0.00218282
16.5711 0.00210556
16.605 0.00202693
16.6389 0.00194703
16.6728 0.0018659
16.7067 0.00178363
16.7406 0.00170025
16.7745 0.00161586
16.8083 0.0015305
16.8422 0.00144427
16.8761 0.0013572
16.91 0.00126939
16.9439 0.00118087
16.9778 0.00109175
17.0117 0.00100207
17.0456 0.000911923
17.0794 0.00082135
17.1133 0.000730453
17.1472 0.000639268
17.1811 0.000547899
17.215 0.000456382
17.2489 0.000364793
17.2828 0.000273158
17.3167 0.000181573
17.3505 9.00626e-05
17.3844 1.46612e-05
17.4183 0.000105867
17.4522 0.000196728
17.4861 0.000287131
17.52 0.000377047
17.5539 0.000466362
17.5878 0.00055504
17.6216 0.000642974
17.6555 0.000730126
17.6894 0.000816397
17.7233 0.00090175
17.7572 0.000986089
17.7911 0.00106938
17.825 0.00115153
17.8589 0.0012325
17.8928 0.00131221
17.9266 0.00139063
17.9605 0.00146767
17.9944 0.0015433
18.0283 0.00161744
18.0622 0.00169007
18.0961 0.00176112
18.13 0.00183054
18.1639 0.00189829
18.1977 0.00196432
18.2316 0.00202858
18.2655 0.00209103
18.2994 0.00215163
18.3333 0.00221035
18.3672 0.00226714
18.4011 0.00232197
18.435 0.00237481
18.4688 0.00242562
18.5027 0.00247437
18.5366 0.00252104
18.5705 0.00256559
18.6044 0.00260801
18.6383 0.00264827
18.6722 0.00268635
18.7061 0.00272224
18.7399 0.0027559
18.7738 0.00278733
18.8077 0.00281652
18.8416 0.00284345
18.8755 0.0028681
18.9094 0.00289048
18.9433 0.00291058
18.9772 0.00292838
19.011 0.00294389
19.0449 0.00295709
19.0788 0.00296801
19.1127 0.00297662
19.1466 0.00298311
19.1805 0.00298807
19.2144 0.00299075
19.2483 0.00299113
19.2822 0.00298924
19.316 0.00298507
19.3499 0.00297864
19.3838 0.00296996
19.4177 0.00295904
19.4516 0.0029459
19.4855 0.00293056
19.5194 0.00291304
19.5533 0.00289335
19.5871 0.00287153
19.621 0.00284758
19.6549 0.00282155
19.6888 0.00279345
19.7227 0.00276331
19.7566 0.00273117
19.7905 0.00269705
19.8244 0.00266099
19.8582 0.00262301
19.8921 0.00258317
19.926 0.00254148
19.9599 0.002498
19.9938 0.00245276
20.0277 0.00240579
20.0616 0.00235714
20.0955 0.00230686
20.1293 0.00225498
20.1632 0.00220156
20.1971 0.00214662
20.231 0.00209024
20.2649 0.00203244
20.2988 0.00197328
20.3327 0.00191281
20.3666 0.00185108
20.4004 0.00178813
20.4343 0.00172403
20.4682 0.00165882
20.5021 0.00159256
20.536 0.00152529
20.5699 0.00145708
20.6038 0.00138798
20.6377 0.00131805
20.6716 0.00124733
20.7054 0.00117589
20.7393 0.00110378
20.7732 0.00103107
20.8071 0.0009578
20.841 0.000884044
20.8749 0.000809839
20.9088 0.000735268
20.9427 0.000660364
20.9765 0.00058521
21.0104 0.000509838
21.0443 0.000434333
21.0782 0.000358728
21.1121 0.000283103
21.146 0.000207492
21.1799 0.000131977
21.2138 5.65666e-05
21.2476 2.18694e-05
21.2815 9.70644e-05
21.3154 0.000171966
21.3493 0.000246496
21.3832 0.000320624
21.4171 0.000394267
21.451 0.00046739
21.4849 0.000539911
21.5187 0.000611798
21.5526 0.000682972
21.5865 0.000753401
21.6204 0.000823009
21.6543 0.000891764
21.6882 0.000959594
21.7221 0.00102647
21.756 0.00109232
21.7898 0.00115711
21.8237 0.00122079
21.8576 0.00128331
21.8915 0.00134462
21.9254 0.00140469
21.9593 0.00146346
21.9932 0.00152091
22.0271 0.00157698
22.061 0.00163164
22.0948 0.00168485
22.1287 0.00173657
22.1626 0.00178677
22.1965 0.00183542
22.2304 0.00188248
22.2643 0.00192792
22.2982 0.00197172
22.3321 0.00201384
22.3659 0.00205426
22.3998 0.00209296
22.4337 0.0021299
22.4676 0.00216508
22.5015 0.00219847
22.5354 0.00223004
22.5693 0.00225979
22.6032 0.0022877
22.637 0.00231375
22.6709 0.00233793
22.7048 0.00236023
22.7387 0.00238064
22.7726 0.00239915
22.8065 0.00241575
22.8404 0.00243045
22.8743 0.00244322
22.9081 0.00245408
22.942 0.00246303
22.9759 0.00247005
23.0098 0.00247516
23.0437 0.00247836
23.0776 0.00247965
23.1115 0.00247905
23.1454 0.00247655
23.1792 0.00247216
23.2131 0.00246591
23.247 0.0024578
23.2809 0.00244784
23.3148 0.00243604
23.3487 0.00242243
23.3826 0.00240703
23.4165 0.00238984
23.4503 0.00237089
23.4842 0.00235021
23.5181 0.00232781
23.552 0.00230371
23.5859 0.00227795
23.6198 0.00225055
23.6537 0.00222153
23.6876 0.00219092
23.7215 0.00215876
23.7553 0.00212507
23.7892 0.00208988
23.8231 0.00205323
23.857 0.00201514
23.8909 0.00197566
23.9248 0.00193481
23.9587 0.00189264
23.9926 0.00184917
24.0264 0.00180445
24.0603 0.00175852
24.0942 0.00171141
24.1281 0.00166316
24.162 0.00161382
24.1959 0.00156341
24.2298 0.001512
24.2637 0.00145961
24.2975 0.0014063
24.3314 0.00135209
24.3653 0.00129705
24.3992 0.0012412
24.4331 0.0011846
24.467 0.00112729
24.5009 0.00106933
24.5348 0.00101073
24.5686 0.000951578
24.6025 0.000891889
24.6364 0.000831731
24.6703 0.000771132
24.7042 0.000710158
24.7381 0.000648838
24.772 0.000587349
24.8059 0.000525867
24.8397 0.000464182
24.8736 0.000402323
24.9075 0.000340355
24.9414 0.000278308
24.9753 0.000216226
