0 0.00999097
0.0338878 0.00998506
0.0677756 0.00996815
0.101663 0.00994062
0.135551 0.00990277
0.169439 0.00985464
0.203327 0.00979646
0.237215 0.00972846
0.271102 0.00965086
0.30499 0.00956387
0.338878 0.00946772
0.372766 0.00936265
0.406653 0.00924887
0.440541 0.00912657
0.474429 0.00899593
0.508317 0.00885717
0.542205 0.00871044
0.576092 0.00855596
0.60998 0.00839395
0.643868 0.00822466
0.677756 0.00804833
0.711644 0.00786517
0.745531 0.00767538
0.779419 0.00747973
0.813307 0.00727799
0.847195 0.00707037
0.881082 0.00685717
0.91497 0.00663861
0.948858 0.00641497
0.982746 0.00618646
1.01663 0.00595335
1.05052 0.00571587
1.08441 0.00547431
1.1183 0.00522891
1.15218 0.00497994
1.18607 0.00472768
1.21996 0.00447238
1.25385 0.00421431
1.28774 0.00395374
1.32162 0.00369089
1.35551 0.00342605
1.3894 0.00315955
1.42329 0.00289167
1.45717 0.00262266
1.49106 0.00235281
1.52495 0.0020824
1.55884 0.0018117
1.59273 0.00154097
1.62661 0.00127049
1.6605 0.00100053
1.69439 0.000731362
1.72828 0.000463236
1.76216 0.000196413
1.79605 6.86882e-05
1.82994 0.000332096
1.86383 0.000593395
1.89772 0.000852339
1.9316 0.0011087
1.96549 0.00136225
1.99938 0.00161277
2.03327 0.00186003
2.06716 0.00210383
2.10104 0.00234396
2.13493 0.00258021
2.16882 0.00281239
2.20271 0.00304033
2.23659 0.00326382
2.27048 0.0034827
2.30437 0.0036968
2.33826 0.00390594
2.37215 0.0041099
2.40603 0.00430859
2.43992 0.00450186
2.47381 0.00468958
2.5077 0.0048716
2.54158 0.00504781
2.57547 0.00521806
2.60936 0.00538223
2.64325 0.00554022
2.67714 0.00569189
2.71102 0.00583716
2.74491 0.00597591
2.7788 0.00610807
2.81269 0.00623354
2.84657 0.00635225
2.88046 0.00646412
2.91435 0.0065691
2.94824 0.00666713
2.98213 0.00675816
3.01601 0.00684215
3.0499 0.00691907
3.08379 0.00698889
3.11768 0.00705159
3.15156 0.00710716
3.18545 0.0071556
3.21934 0.00719691
3.25323 0.00723111
3.28712 0.0072582
3.321 0.00727822
3.35489 0.00729119
3.38878 0.00729715
3.42267 0.00729616
3.45655 0.00728825
3.49044 0.0072735
3.52433 0.00725196
3.55822 0.0072237
3.59211 0.00718881
3.62599 0.00714737
3.65988 0.00709946
3.69377 0.00704518
3.72766 0.00698463
3.76154 0.0069179
3.79543 0.0068451
3.82932 0.00676636
3.86321 0.00668178
3.8971 0.00659148
3.93098 0.0064956
3.96487 0.00639426
3.99876 0.00628758
4.03265 0.00617572
4.06653 0.0060588
4.10042 0.00593697
4.13431 0.00581039
4.1682 0.0056792
4.20209 0.00554356
4.23597 0.00540362
4.26986 0.00525955
4.30375 0.00511151
4.33764 0.00495967
4.37152 0.0048042
4.40541 0.00464527
4.4393 0.00448306
4.47319 0.00431773
4.50708 0.00414948
4.54096 0.00397846
4.57485 0.00380484
4.60874 0.00362879
4.64263 0.00345056
4.67651 0.00327031
4.7104 0.00308824
4.74429 0.00290454
4.77818 0.00271938
4.81207 0.00253297
4.84595 0.00234549
4.87984 0.00215713
4.91373 0.00196807
4.94762 0.00177851
4.9815 0.00158863
5.01539 0.00139862
5.04928 0.00120867
5.08317 0.00101895
5.11706 0.000829642
5.15094 0.000640935
5.18483 0.000453008
5.21872 0.000266036
5.25261 8.01828e-05
5.28649 0.000104259
5.32038 0.000287331
5.35427 0.000468752
5.38816 0.000648355
5.42205 0.000826006
5.45593 0.00100153
5.48982 0.00117479
5.52371 0.00134563
5.5576 0.00151392
5.59149 0.00167952
5.62537 0.00184229
5.65926 0.00200209
5.69315 0.0021588
5.72704 0.00231229
5.76092 0.00246245
5.79481 0.00260915
5.8287 0.00275229
5.86259 0.00289175
5.89648 0.00302743
5.93036 0.00315924
5.96425 0.00328707
5.99814 0.00341083
6.03203 0.00353043
6.06591 0.00364578
6.0998 0.00375681
6.13369 0.00386342
6.16758 0.00396554
6.20147 0.0040631
6.23535 0.00415604
6.26924 0.00424431
6.30313 0.00432787
6.33702 0.00440665
6.3709 0.00448063
6.40479 0.00454975
6.43868 0.00461399
6.47257 0.00467333
6.50646 0.00472773
6.54034 0.00477718
6.57423 0.00482167
6.60812 0.0048612
6.64201 0.00489575
6.67589 0.00492534
6.70978 0.00494997
6.74367 0.00496966
6.77756 0.00498442
6.81145 0.00499428
6.84533 0.00499926
6.87922 0.00499939
6.91311 0.00499471
6.947 0.00498527
6.98088 0.00497109
7.01477 0.00495225
7.04866 0.00492877
7.08255 0.00490073
7.11644 0.00486819
7.15032 0.0048312
7.18421 0.00478984
7.2181 0.00474417
7.25199 0.00469428
7.28587 0.00464023
7.31976 0.00458211
7.35365 0.00452001
7.38754 0.00445401
7.42143 0.0043842
7.45531 0.00431068
7.4892 0.00423353
7.52309 0.00415287
7.55698 0.00406878
7.59086 0.00398138
7.62475 0.00389076
7.65864 0.00379701
7.69253 0.00370027
7.72642 0.00360066
7.7603 0.00349829
7.79419 0.00339327
7.82808 0.00328573
7.86197 0.00317579
7.89585 0.00306356
7.92974 0.00294917
7.96363 0.00283275
7.99752 0.00271443
8.03141 0.00259432
8.06529 0.00247255
8.09918 0.00234926
8.13307 0.00222457
8.16696 0.00209862
8.20084 0.00197154
8.23473 0.00184345
8.26862 0.00171448
8.30251 0.00158478
8.3364 0.00145447
8.37028 0.00132367
8.40417 0.00119252
8.43806 0.00106115
8.47195 0.000929684
8.50583 0.000798249
8.53972 0.000666973
8.57361 0.00053599
8.6075 0.00040542
8.64139 0.000275379
8.67527 0.000145982
8.70916 1.73559e-05
8.74305 0.000110189
8.77694 0.000236893
8.81082 0.000362463
8.84471 0.000486782
8.8786 0.000609748
8.91249 0.000731252
8.94638 0.000851197
8.98026 0.000969478
9.01415 0.00108599
9.04804 0.00120064
9.08193 0.00131333
9.11582 0.00142396
9.1497 0.00153245
9.18359 0.00163871
9.21748 0.00174265
9.25137 0.0018442
9.28525 0.00194327
9.31914 0.0020398
9.35303 0.0021337
9.38692 0.0022249
9.42081 0.00231334
9.45469 0.00239895
9.48858 0.00248168
9.52247 0.00256145
9.55636 0.00263822
9.59024 0.00271192
9.62413 0.00278252
9.65802 0.00284996
9.69191 0.0029142
9.7258 0.0029752
9.75968 0.00303292
9.79357 0.00308734
9.82746 0.00313842
9.86135 0.00318613
9.89523 0.00323045
9.92912 0.00327137
9.96301 0.00330887
9.9969 0.00334293
10.0308 0.00337356
10.0647 0.00340074
10.0986 0.00342447
10.1324 0.00344476
10.1663 0.00346161
10.2002 0.00347502
10.2341 0.00348502
10.268 0.00349162
10.3019 0.00349483
10.3358 0.00349468
10.3697 0.00349119
10.4036 0.00348439
10.4374 0.00347431
10.4713 0.00346098
10.5052 0.00344444
10.5391 0.00342473
10.573 0.0034019
10.6069 0.00337597
10.6408 0.00334702
10.6747 0.00331507
10.7085 0.00328019
10.7424 0.00324242
10.7763 0.00320184
10.8102 0.00315848
10.8441 0.00311242
10.878 0.00306372
10.9119 0.00301244
10.9458 0.00295865
10.9796 0.00290242
11.0135 0.00284381
11.0474 0.00278291
11.0813 0.00271979
11.1152 0.00265451
11.1491 0.00258717
11.183 0.00251783
11.2169 0.00244658
11.2507 0.0023735
11.2846 0.00229867
11.3185 0.00222217
11.3524 0.0021441
11.3863 0.00206454
11.4202 0.00198356
11.4541 0.00190127
11.488 0.00181775
11.5218 0.00173309
11.5557 0.00164737
11.5896 0.00156069
11.6235 0.00147314
11.6574 0.00138481
11.6913 0.00129578
11.7252 0.00120616
11.7591 0.00111602
11.793 0.00102547
11.8268 0.000934583
11.8607 0.00084346
11.8946 0.000752188
11.9285 0.000660854
11.9624 0.000569546
11.9963 0.000478352
12.0302 0.000387361
12.0641 0.000296657
12.0979 0.000206328
12.1318 0.000116454
12.1657 2.71187e-05
12.1996 6.14392e-05
12.2335 0.000149444
12.2674 0.000236665
12.3013 0.00032302
12.3352 0.000408428
12.369 0.000492817
12.4029 0.000576125
12.4368 0.000658276
12.4707 0.000739199
12.5046 0.000818828
12.5385 0.000897094
12.5724 0.000973933
12.6063 0.00104928
12.6401 0.00112308
12.674 0.00119527
12.7079 0.00126579
12.7418 0.0013346
12.7757 0.00140162
12.8096 0.00146683
12.8435 0.00153015
12.8774 0.00159156
12.9112 0.001651
12.9451 0.00170843
12.979 0.00176381
13.0129 0.0018171
13.0468 0.00186827
13.0807 0.00191727
13.1146 0.00196408
13.1485 0.00200867
13.1823 0.00205101
13.2162 0.00209108
13.2501 0.00212885
13.284 0.00216429
13.3179 0.00219741
13.3518 0.00222817
13.3857 0.00225657
13.4196 0.0022826
13.4535 0.00230624
13.4873 0.0023275
13.5212 0.00234636
13.5551 0.00236283
13.589 0.00237691
13.6229 0.00238861
13.6568 0.00239792
13.6907 0.00240487
13.7246 0.00240945
13.7584 0.00241168
13.7923 0.00241158
13.8262 0.00240916
13.8601 0.00240444
13.894 0.00239745
13.9279 0.0023882
13.9618 0.00237673
13.9957 0.00236305
14.0295 0.0023472
14.0634 0.00232922
14.0973 0.00230912
14.1312 0.00228696
14.1651 0.00226275
14.199 0.00223655
14.2329 0.00220838
14.2668 0.0021783
14.3006 0.00214634
14.3345 0.00211255
14.3684 0.00207697
14.4023 0.00203965
14.4362 0.00200063
14.4701 0.00195998
14.504 0.00191773
14.5379 0.00187394
14.5717 0.00182866
14.6056 0.00178194
14.6395 0.00173385
14.6734 0.00168443
14.7073 0.00163374
14.7412 0.00158185
14.7751 0.0015288
14.809 0.00147466
14.8429 0.00141949
14.8767 0.00136334
14.9106 0.00130628
14.9445 0.00124838
14.9784 0.00118968
15.0123 0.00113026
15.0462 0.00107017
15.0801 0.00100947
15.114 0.000948243
15.1478 0.000886534
15.1817 0.000824411
15.2156 0.000761938
15.2495 0.000699177
15.2834 0.000636188
15.3173 0.000573036
15.3512 0.000509783
15.3851 0.000446493
15.4189 0.000383222
15.4528 0.000320029
15.4867 0.000256976
15.5206 0.000194129
15.5545 0.000131546
15.5884 6.9283e-05
15.6223 7.39051e-06
15.6562 5.39313e-05
15.69 0.000114895
15.7239 0.000175316
15.7578 0.000235138
15.7917 0.000294308
15.8256 0.000352772
15.8595 0.000410478
15.8934 0.000467376
15.9273 0.000523422
15.9611 0.000578571
15.995 0.000632775
16.0289 0.00068599
16.0628 0.000738168
16.0967 0.000789268
16.1306 0.000839247
16.1645 0.000888069
16.1984 0.000935694
16.2323 0.000982086
16.2661 0.00102721
16.3 0.00107103
16.3339 0.00111352
16.3678 0.00115464
16.4017 0.00119437
16.4356 0.00123267
16.4695 0.00126952
16.5034 0.0013049
16.5372 0.00133878
16.5711 0.00137113
16.605 0.00140194
16.6389 0.00143119
16.6728 0.00145886
16.7067 0.00148494
16.7406 0.00150941
16.7745 0.00153226
16.8083 0.00155348
16.8422 0.00157307
16.8761 0.001591
16.91 0.00160728
16.9439 0.00162191
16.9778 0.00163488
17.0117 0.00164619
17.0456 0.00165585
17.0794 0.00166385
17.1133 0.00167019
17.1472 0.0016749
17.1811 0.00167796
17.215 0.0016794
17.2489 0.00167922
17.2828 0.00167744
17.3167 0.00167406
17.3505 0.0016691
17.3844 0.00166258
17.4183 0.00165452
17.4522 0.00164493
17.4861 0.00163383
17.52 0.00162126
17.5539 0.00160722
17.5878 0.00159174
17.6216 0.00157485
17.6555 0.00155658
17.6894 0.00153695
17.7233 0.00151598
17.7572 0.00149372
17.7911 0.00147019
17.825 0.00144542
17.8589 0.00141944
17.8928 0.0013923
17.9266 0.00136401
17.9605 0.00133462
17.9944 0.00130417
18.0283 0.00127268
18.0622 0.0012402
18.0961 0.00120677
18.13 0.00117242
18.1639 0.0011372
18.1977 0.00110113
18.2316 0.00106428
18.2655 0.00102666
18.2994 0.000988336
18.3333 0.000949338
18.3672 0.000909712
18.4011 0.000869498
18.435 0.000828739
18.4688 0.000787476
18.5027 0.000745755
18.5366 0.00070362
18.5705 0.000661114
18.6044 0.00061828
18.6383 0.000575161
18.6722 0.000531802
18.7061 0.000488245
18.7399 0.000444535
18.7738 0.000400713
18.8077 0.000356823
18.8416 0.000312907
18.8755 0.000269009
18.9094 0.000225169
18.9433 0.00018143
18.9772 0.000137831
19.011 9.44142e-05
19.0449 5.12201e-05
19.0788 8.29137e-06
19.1127 3.41743e-05
19.1466 7.64631e-05
19.1805 0.000118368
19.2144 0.000159853
19.2483 0.000200883
19.2822 0.000241425
19.316 0.000281442
19.3499 0.0003209
19.3838 0.000359763
19.4177 0.000398
19.4516 0.00043558
19.4855 0.00047247
19.5194 0.000508643
19.5533 0.000544068
19.5871 0.000578715
19.621 0.000612557
19.6549 0.000645566
19.6888 0.000677719
19.7227 0.000708989
19.7566 0.000739354
19.7905 0.000768792
19.8244 0.000797281
19.8582 0.000824799
19.8921 0.000851329
19.926 0.000876851
19.9599 0.000901348
19.9938 0.000924804
20.0277 0.000947204
20.0616 0.000968533
20.0955 0.000988779
20.1293 0.00100793
20.1632 0.00102597
20.1971 0.0010429
20.231 0.00105871
20.2649 0.00107338
20.2988 0.00108692
20.3327 0.00109932
20.3666 0.00111057
20.4004 0.00112067
20.4343 0.00112962
20.4682 0.00113743
20.5021 0.00114408
20.536 0.00114959
20.5699 0.00115395
20.6038 0.00115717
20.6377 0.00115926
20.6716 0.00116022
20.7054 0.00116006
20.7393 0.00115878
20.7732 0.0011564
20.8071 0.00115292
20.841 0.00114836
20.8749 0.00114274
20.9088 0.00113605
20.9427 0.00112832
20.9765 0.00111956
21.0104 0.00110979
21.0443 0.00109903
21.0782 0.00108728
21.1121 0.00107458
21.146 0.00106093
21.1799 0.00104637
21.2138 0.0010309
21.2476 0.00101455
21.2815 0.000997349
21.3154 0.00097931
21.3493 0.00096046
21.3832 0.000940821
21.4171 0.000920419
21.451 0.000899279
21.4849 0.000877426
21.5187 0.000854886
21.5526 0.000831685
21.5865 0.000807851
21.6204 0.000783411
21.6543 0.000758393
21.6882 0.000732825
21.7221 0.000706734
21.756 0.000680151
21.7898 0.000653106
21.8237 0.000625626
21.8576 0.00059774
21.8915 0.000569475
21.9254 0.000540866
21.9593 0.00051194
21.9932 0.000482729
22.0271 0.000453262
22.061 0.000423568
22.0948 0.00039368
22.1287 0.000363627
22.1626 0.000333439
22.1965 0.000303146
22.2304 0.000272777
22.2643 0.000242363
22.2982 0.000211932
22.3321 0.000181515
22.3659 0.000151139
22.3998 0.000120835
22.4337 9.06314e-05
22.4676 6.05563e-05
22.5015 3.06374e-05
22.5354 9.01399e-07
22.5693 2.84545e-05
22.6032 5.7739e-05
22.637 8.67589e-05
22.6709 0.000115491
22.7048 0.000143908
22.7387 0.000171984
22.7726 0.000199696
22.8065 0.00022702
22.8404 0.000253932
22.8743 0.000280406
22.9081 0.000306422
22.942 0.000331958
22.9759 0.000356994
23.0098 0.00038151
23.0437 0.000405486
23.0776 0.000428902
23.1115 0.000451741
23.1454 0.000473985
23.1792 0.000495617
23.2131 0.00051662
23.247 0.000536978
23.2809 0.000556678
23.3148 0.000575705
23.3487 0.000594044
23.3826 0.000611685
23.4165 0.000628613
23.4503 0.00064482
23.4842 0.000660293
23.5181 0.000675023
23.552 0.000689002
23.5859 0.00070222
23.6198 0.000714672
23.6537 0.000726351
23.6876 0.00073725
23.7215 0.000747365
23.7553 0.000756691
23.7892 0.000765226
23.8231 0.000772967
23.857 0.000779913
23.8909 0.000786061
23.9248 0.000791412
23.9587 0.000795966
23.9926 0.000799726
24.0264 0.000802692
24.0603 0.000804868
24.0942 0.000806258
24.1281 0.000806865
24.162 0.000806695
24.1959 0.000805753
24.2298 0.000804046
24.2637 0.000801581
24.2975 0.000798367
24.3314 0.00079441
24.3653 0.000789722
24.3992 0.00078431
24.4331 0.000778186
24.467 0.000771361
24.5009 0.000763847
24.5348 0.000755654
24.5686 0.000746797
24.6025 0.000737288
24.6364 0.000727142
24.6703 0.000716372
24.7042 0.000704993
24.7381 0.00069302
24.772 0.00068047
24.8059 0.000667358
24.8397 0.000653701
24.8736 0.000639516
24.9075 0.00062482
24.9414 0.000609631
24.9753 0.000593967
