0 0 0
1.12e-06 2.47522e-10 1
2.71946e-05 3.75092e-05 2
7.59553e-05 3.01394e-05 5
0.00014534 2.76471e-05 3
0.000233473 2.51123e-05 1
0.00033865 2.23035e-05 1
0.000459322 1.95929e-05 1
0.000594081 1.76571e-05 1
0.000741645 1.71316e-05 1
0.000900851 1.82382e-05 1
0.00107064 2.05896e-05 1
0.00125005 2.33754e-05 2
0.00143821 2.59345e-05 3
0.00163431 2.81122e-05 3
0.00183765 3.02376e-05 3
0.00204756 3.27069e-05 3
0.00226344 3.56417e-05 3
0.00248475 3.89385e-05 3
0.002711 4.26616e-05 3
0.00294174 4.72159e-05 3
0.00317656 5.29463e-05 3
0.00341508 5.97883e-05 3
0.00365698 6.71975e-05 3
0.00390195 7.45658e-05 3
0.0041497 8.16663e-05 3
0.00439999 8.85914e-05 3
0.00465258 9.54073e-05 3
0.00490726 0.000102308 3
0.00516384 0.000109382 3
0.00542216 0.000116892 4
0.00568205 0.000125087 3
0.00594337 0.000134074 3
0.00620599 0.000143673 3
0.00646979 0.000153676 3
0.00673467 0.000164 3
0.00700052 0.000174796 3
0.00726726 0.000186122 2
0.00753481 0.000197754 2
0.00780309 0.000209337 3
0.00807204 0.000220307 3
0.0083416 0.000230781 3
0.00861171 0.000240963 3
0.00888231 0.000251155 3
0.00915338 0.000261655 1
0.00942486 0.000272699 2
0.00969671 0.000284079 1
0.00996891 0.000295898 1
0.0102414 0.000307715 2
0.0105142 0.000319707 2
0.0107873 0.000331594 2
0.0110605 0.000343578 2
0.011334 0.000355516 3
0.0116077 0.000367309 3
0.0118816 0.000378827 3
0.0121556 0.000390239 2
0.0124298 0.000401446 2
0.0127041 0.000412585 2
0.0129785 0.000423499 2
0.013253 0.000434569 2
0.0135277 0.000445221 2
0.0138024 0.000455861 2
0.0140772 0.000466225 4
0.0143521 0.000476275 1
0.014627 0.000486242 3
0.014902 0.000495873 3
0.0151771 0.000505153 3
0.0154522 0.000514162 3
0.0157273 0.000522879 5
0.0160025 0.000530857 4
0.0162778 0.000538458 4
0.016553 0.000545597 4
0.0168284 0.000552457 4
0.0171037 0.000558713 3
0.017379 0.000564977 3
0.0176544 0.000570856 3
0.0179298 0.000576373 3
0.0182053 0.000581735 3
0.0184807 0.000586845 3
0.0187562 0.0005913 3
0.0190316 0.000594983 3
0.0193071 0.000597829 4
0.0195826 0.000599642 5
0.0198581 0.000600712 3
0.0201337 0.000601087 3
0.0204092 0.000600362 3
0.0206847 0.00059864 3
0.0209603 0.000596422 3
0.0212358 0.000593911 3
0.0215114 0.00059159 5
0.0217869 0.000589475 3
0.0220625 0.000587712 5
0.0223381 0.000586818 3
0.0226137 0.000586284 3
0.0228892 0.000586414 3
0.0231648 0.000586935 1
0.0234404 0.000587746 3
0.023716 0.000588187 1
0.0239916 0.000588381 3
0.0242672 0.000588044 1
0.0245428 0.000586961 3
0.0248184 0.00058514 2
0.025094 0.000582022 5
0.0253696 0.000577828 5
0.0256452 0.000572414 3
0.0259208 0.000565789 3
0.0261964 0.000558208 3
0.026472 0.000549542 3
0.0267476 0.000539936 4
0.0270233 0.000529263 3
0.0272989 0.00051747 3
0.0275745 0.000504652 3
0.0278501 0.000490958 4
0.0281257 0.000475968 2
0.0284013 0.000460107 5
0.0286769 0.000443617 2
0.0289526 0.00042686 3
0.0292282 0.000409998 3
0.0295038 0.000393392 3
0.0297794 0.00037691 3
0.030055 0.000360678 3
0.0303306 0.000344838 3
0.0306063 0.000329355 3
0.0308819 0.000314344 3
0.0311575 0.000299877 3
0.0314331 0.000286113 1
0.0317087 0.000272866 2
0.0319844 0.000260084 2
0.03226 0.000247814 2
0.0325356 0.000236203 2
0.0328112 0.000225178 2
0.0330868 0.000214492 3
0.0333625 0.000203887 3
0.0336381 0.000193182 2
0.0339137 0.000182321 2
0.0341893 0.000171133 3
0.0344649 0.000159834 3
0.0347406 0.000148569 3
0.0350162 0.000137552 3
0.0352918 0.000126967 1
0.0355674 0.00011695 2
0.035843 0.000107546 2
0.0361187 9.87497e-05 1
0.0363943 9.04907e-05 1
0.0366699 8.26678e-05 4
0.0369455 7.5171e-05 3
0.0372211 6.82598e-05 3
0.0374968 6.19456e-05 3
0.0377724 5.57922e-05 3
0.038048 4.98222e-05 3
0.0383236 4.43039e-05 3
0.0385992 3.92818e-05 3
0.0388749 3.47954e-05 3
0.0391505 3.08683e-05 1
0.0394261 2.74076e-05 2
0.0397017 2.44441e-05 2
0.0399774 2.21346e-05 2
0.040253 2.05726e-05 3
0.0405286 1.97537e-05 3
0.0408042 1.94891e-05 3
0.0410798 1.97958e-05 3
0.0413555 2.0773e-05 3
0.0416311 2.23083e-05 3
0.0419067 2.44251e-05 3
0.0421823 2.73392e-05 3
0.0424579 3.08673e-05 3
0.0427336 3.50079e-05 2
0.0430092 3.97981e-05 2
0.0432848 4.49182e-05 3
0.0435604 5.01955e-05 1
0.043836 5.55988e-05 2
0.0441117 6.12474e-05 4
0.0443873 6.71732e-05 3
0.0446629 7.35083e-05 3
0.0449385 8.01439e-05 3
0.0452141 8.70486e-05 3
0.0454898 9.46292e-05 3
0.0457654 0.000102953 3
0.046041 0.000111775 3
0.0463166 0.000120951 3
0.0465923 0.000130553 2
0.0468679 0.000140666 2
0.0471435 0.000151274 2
0.0474191 0.000162351 2
0.0476947 0.000173894 2
0.0479704 0.000185859 2
0.048246 0.000198131 2
0.0485216 0.000210561 2
0.0487972 0.000223226 2
0.0490728 0.000236117 2
0.0493485 0.000249156 2
0.0496241 0.000262195 3
0.0498997 0.000275133 2
0.0501753 0.000287964 3
0.0504509 0.000300618 2
0.0507266 0.000313025 2
0.0510022 0.000325216 2
0.0512778 0.000337273 3
0.0515534 0.000349247 3
0.051829 0.000361079 3
0.0521047 0.000372794 3
0.0523803 0.000384493 3
0.0526559 0.00039646 3
0.0529315 0.000408573 4
0.0532072 0.000420721 3
0.0534828 0.000432414 3
0.0537584 0.000443807 3
0.054034 0.000454649 3
0.0543096 0.000465177 3
0.0545853 0.000475765 3
0.0548609 0.000486331 3
0.0551365 0.000496891 3
0.0554121 0.000508059 3
0.0556877 0.000520652 5
0.0559634 0.00053462 4
0.056239 0.000549448 4
0.0565146 0.000564239 6
0.0567902 0.000577966 3
0.0570658 0.000590598 3
0.0573415 0.000601975 4
0.0576171 0.000612258 3
0.0578927 0.000621759 3
0.0581683 0.000630792 3
0.058444 0.000639402 3
0.0587196 0.000647334 3
0.0589952 0.000655101 3
0.0592708 0.000662691 3
0.0595464 0.000669445 3
0.0598221 0.000674327 4
0.0600977 0.000678206 3
0.0603733 0.000681637 3
0.0606489 0.000683669 3
0.0609245 0.000682352 5
0.0612002 0.000678624 3
0.0614758 0.000673876 3
0.0617514 0.000668636 3
0.062027 0.00066279 4
0.0623026 0.000656808 4
0.0625783 0.000651155 4
0.0628539 0.000646084 3
0.0631295 0.000641636 3
0.0634051 0.000638533 3
0.0636807 0.000636902 3
0.0639564 0.000635795 3
0.064232 0.00063401 3
0.0645076 0.000631232 3
0.0647832 0.000627713 3
0.0650589 0.000623476 3
0.0653345 0.000618483 3
0.0656101 0.000612711 3
0.0658857 0.000606042 3
0.0661613 0.000598208 4
0.066437 0.000588864 2
0.0667126 0.000577799 3
0.0669882 0.00056532 3
0.0672638 0.000552118 3
0.0675394 0.000538784 3
0.0678151 0.000525695 3
0.0680907 0.000513009 4
0.0683663 0.000501142 3
0.0686419 0.000489979 3
0.0689175 0.000478797 3
0.0691932 0.000467362 3
0.0694688 0.000455656 2
0.0697444 0.000443735 3
0.07002 0.00043182 3
0.0702957 0.000420204 3
0.0705713 0.000409102 1
0.0708469 0.000398416 3
0.0711225 0.00038769 3
0.0713981 0.000376646 3
0.0716738 0.00036524 3
0.0719494 0.000353572 3
0.072225 0.000342017 3
0.0725006 0.000330896 2
0.0727762 0.00032031 3
0.0730519 0.000310088 3
0.0733275 0.000300332 3
0.0736031 0.000290872 3
0.0738787 0.000281823 2
0.0741543 0.000273056 3
0.07443 0.000264681 1
0.0747056 0.000256459 3
0.0749812 0.000248482 2
0.0752568 0.000240521 2
0.0755324 0.000232329 2
0.0758081 0.000223822 1
0.0760837 0.000215087 3
0.0763593 0.000206306 2
0.0766349 0.000197711 2
0.0769106 0.00018965 3
0.0771862 0.000183197 3
0.0774618 0.000178053 4
0.0777374 0.000172636 3
0.078013 0.000167239 3
0.0782887 0.000163183 3
0.0785643 0.000160334 3
0.0788399 0.000157803 2
0.0791155 0.000155417 3
0.0793911 0.000153467 3
0.0796668 0.000151864 2
0.0799424 0.000150795 3
0.080218 0.000151243 3
0.0804936 0.000152937 3
0.0807692 0.000154242 2
0.0810449 0.000154918 3
0.0813205 0.000156036 3
0.0815961 0.000157729 2
0.0818717 0.000159535 4
0.0821473 0.000162287 3
0.082423 0.000165839 3
0.0826986 0.000168735 3
0.0829742 0.00017097 3
0.0832498 0.000173862 3
0.0835255 0.000177512 2
0.0838011 0.000181212 4
0.0840767 0.000185017 3
0.0843523 0.000190166 3
0.0846279 0.000196332 2
0.0849036 0.000202641 3
0.0851792 0.000209384 3
0.0854548 0.000217122 3
0.0857304 0.000225583 3
0.086006 0.00023453 3
0.0862817 0.000244071 3
0.0865573 0.000254403 3
0.0868329 0.000265527 2
0.0871085 0.00027729 2
0.0873841 0.000288739 3
0.0876598 0.000300497 4
0.0879354 0.000312541 3
0.088211 0.000325034 3
0.0884866 0.000337833 2
0.0887623 0.000350242 3
0.0890379 0.000362763 2
0.0893135 0.000375546 3
0.0895891 0.000388407 3
0.0898647 0.000401301 3
0.0901404 0.000414091 3
0.090416 0.000426944 3
0.0906916 0.000439995 3
0.0909672 0.000453025 3
0.0912428 0.000466048 2
0.0915185 0.000479036 2
0.0917941 0.000491895 2
0.0920697 0.000504525 3
0.0923453 0.000516882 3
0.0926209 0.000528904 3
0.0928966 0.000540531 2
0.0931722 0.000551725 2
0.0934478 0.000562373 3
0.0937234 0.000572454 3
0.093999 0.000581997 3
0.0942747 0.000590938 3
0.0945503 0.000599699 3
0.0948259 0.000608737 3
0.0951015 0.000618062 3
0.0953772 0.000627279 3
0.0956528 0.000636244 3
0.0959284 0.000644764 3
0.096204 0.000653118 4
0.0964796 0.000661485 2
0.0967553 0.000670877 3
0.0970309 0.000680949 3
0.0973065 0.000691694 3
0.0975821 0.00070351 5
0.0978577 0.000715834 4
0.0981334 0.000728174 4
0.098409 0.0007408 5
0.0986846 0.000753636 4
0.0989602 0.000765895 4
0.0992358 0.000778204 4
0.0995115 0.000790726 4
0.0997871 0.000803175 3
0.100063 0.000815098 3
0.100338 0.000825611 3
0.100614 0.000834656 3
0.10089 0.000841944 3
0.101165 0.000846998 4
0.101441 0.000849422 3
0.101716 0.000848783 3
0.101992 0.00084563 3
0.102268 0.000840469 4
0.102543 0.000833129 4
0.102819 0.0008238 4
0.103095 0.000812349 3
0.10337 0.000799868 3
0.103646 0.000787449 3
0.103921 0.000776108 5
0.104197 0.000766599 3
0.104473 0.000759625 5
0.104748 0.000755499 3
0.105024 0.000752985 3
0.1053 0.000751075 2
0.105575 0.000748986 3
0.105851 0.000746783 4
0.106126 0.000744217 4
0.106402 0.000741235 4
0.106678 0.00073718 4
0.106953 0.000731778 4
0.107229 0.000724518 4
0.107504 0.000715331 5
0.10778 0.000704738 4
0.108056 0.000692393 5
0.108331 0.000679143 3
0.108607 0.000666041 3
0.108883 0.000654239 3
0.109158 0.000643777 4
0.109434 0.000634792 3
0.109709 0.000625683 3
0.109985 0.000616469 3
0.110261 0.000606875 3
0.110536 0.000595856 2
0.110812 0.000583426 2
0.111088 0.000569116 3
0.111363 0.000554 3
0.111639 0.000538161 3
0.111914 0.000521893 3
0.11219 0.00050536 3
0.112466 0.000488323 3
0.112741 0.000470798 3
0.113017 0.000453071 3
0.113293 0.000435331 3
0.113568 0.000417828 3
0.113844 0.000401091 1
0.114119 0.000384935 2
0.114395 0.000368997 1
0.114671 0.000352751 2
0.114946 0.000335981 2
0.115222 0.000319104 3
0.115497 0.000302776 2
0.115773 0.000287109 2
0.116049 0.000272198 2
0.116324 0.000258122 3
0.1166 0.000245162 3
0.116876 0.000233225 3
0.117151 0.000221943 3
0.117427 0.000211604 3
0.117702 0.00020225 3
0.117978 0.000193418 3
0.118254 0.000184923 3
0.118529 0.000176737 3
0.118805 0.000168686 3
0.119081 0.000160581 3
0.119356 0.000152547 3
0.119632 0.00014488 3
0.119907 0.000137932 3
0.120183 0.000131849 3
0.120459 0.000126681 3
0.120734 0.000122521 3
0.12101 0.000119186 3
0.121286 0.000116597 3
0.121561 0.000114762 3
0.121837 0.000113483 3
0.122112 0.000112354 2
0.122388 0.000111107 3
0.122664 0.000109601 2
0.122939 0.000107927 2
0.123215 0.000106349 2
0.12349 0.000105149 3
0.123766 0.000104459 3
0.124042 0.000104378 3
0.124317 0.00010487 3
0.124593 0.000105896 3
0.124869 0.000107374 2
0.125144 0.00010924 2
0.12542 0.000111529 2
0.125695 0.000114407 2
0.125971 0.000118063 3
0.126247 0.000122556 3
0.126522 0.000127814 3
0.126798 0.000133603 3
0.127074 0.000139814 1
0.127349 0.000146393 2
0.127625 0.000153273 1
0.1279 0.000160441 2
0.128176 0.000168043 3
0.128452 0.000176209 3
0.128727 0.000184984 2
0.129003 0.000194328 3
0.129279 0.000203865 3
0.129554 0.000213477 3
0.12983 0.000223222 3
0.130105 0.000233241 3
0.130381 0.000243669 3
0.130657 0.000254664 2
0.130932 0.000266479 3
0.131208 0.000280311 3
0.131483 0.000296781 3
0.131759 0.000314369 3
0.132035 0.000331127 3
0.13231 0.000345103 3
0.132586 0.000357691 3
0.132862 0.000370063 3
0.133137 0.000383728 3
0.133413 0.000400125 3
0.133688 0.000418238 3
0.133964 0.000436094 3
0.13424 0.000452808 3
0.134515 0.000468588 3
0.134791 0.000483594 3
0.135067 0.000497535 3
0.135342 0.000510268 3
0.135618 0.000522071 3
0.135893 0.000533486 3
0.136169 0.000545093 3
0.136445 0.000557444 3
0.13672 0.000570586 3
0.136996 0.00058384 3
0.137272 0.00059712 3
0.137547 0.000610625 3
0.137823 0.000624746 3
0.138098 0.000639068 4
0.138374 0.00065362 3
0.13865 0.000668359 4
0.138925 0.000683027 4
0.139201 0.000698438 4
0.139476 0.000715433 3
0.139752 0.000734145 3
0.140028 0.000754264 3
0.140303 0.0007754 3
0.140579 0.000797045 3
0.140855 0.000818478 3
0.14113 0.000839113 3
0.141406 0.000858497 3
0.141681 0.000875725 3
0.141957 0.000890387 3
0.142233 0.000902702 4
0.142508 0.000913043 2
0.142784 0.000921709 4
0.14306 0.000929081 3
0.143335 0.000934288 3
0.143611 0.000937162 3
0.143886 0.000937585 3
0.144162 0.000935994 5
0.144438 0.000932697 4
0.144713 0.000928631 4
0.144989 0.000926645 3
0.145265 0.000925892 5
0.14554 0.000926229 3
0.145816 0.000930595 3
0.146091 0.0009373 3
0.146367 0.00094397 3
0.146643 0.000948735 3
0.146918 0.000951728 3
0.147194 0.000953567 3
0.14747 0.000956237 3
0.147745 0.000960349 4
0.148021 0.000965052 3
0.148296 0.000967665 4
0.148572 0.00096534 5
0.148848 0.000955621 3
0.149123 0.000938706 4
0.149399 0.000917056 4
0.149674 0.000890978 5
0.14995 0.000860092 3
0.150226 0.000827912 4
0.150501 0.000797298 3
0.150777 0.000769209 3
0.151053 0.000742843 3
0.151328 0.000718048 3
0.151604 0.000694047 3
0.151879 0.000670386 2
0.152155 0.000646885 2
0.152431 0.00062379 2
0.152706 0.000601697 2
0.152982 0.000580724 3
0.153258 0.000560643 3
0.153533 0.000541067 3
0.153809 0.000521162 3
0.154084 0.000500353 3
0.15436 0.000478893 3
0.154636 0.000457364 3
0.154911 0.000435831 3
0.155187 0.000413885 3
0.155463 0.000392719 3
0.155738 0.000374311 3
0.156014 0.000358586 3
0.156289 0.000344346 3
0.156565 0.000330089 3
0.156841 0.000315111 3
0.157116 0.000299668 5
0.157392 0.000283566 3
0.157667 0.000267844 3
0.157943 0.000253517 3
0.158219 0.000240485 3
0.158494 0.000228277 4
0.15877 0.000216647 3
0.159046 0.000205624 3
0.159321 0.000195181 3
0.159597 0.000185035 3
0.159872 0.000174908 3
0.160148 0.000164754 3
0.160424 0.0001546 4
0.160699 0.000143702 3
0.160975 0.000133722 3
0.161251 0.000125426 3
0.161526 0.000119065 3
0.161802 0.000114579 3
0.162077 0.000110709 3
0.162353 0.000108083 3
0.162629 0.000107653 3
0.162904 0.000107833 3
0.16318 0.000107587 3
0.163456 0.000109662 3
0.163731 0.000112817 3
0.164007 0.000116097 3
0.164282 0.000119356 3
0.164558 0.000122115 3
0.164834 0.000125221 3
0.165109 0.000129344 3
0.165385 0.000134522 3
0.16566 0.000140951 3
0.165936 0.000145934 3
0.166212 0.000148594 3
0.166487 0.000152284 3
0.166763 0.000158097 3
0.167039 0.000164965 3
0.167314 0.000171639 3
0.16759 0.000177703 3
0.167865 0.000183889 3
0.168141 0.000191288 3
0.168417 0.000199528 3
0.168692 0.000207983 3
0.168968 0.000217068 3
0.169244 0.00022632 3
0.169519 0.000235154 3
0.169795 0.000244052 3
0.17007 0.000253448 3
0.170346 0.000262916 3
0.170622 0.000272324 4
0.170897 0.00028161 3
0.171173 0.000290812 2
0.171449 0.000299845 2
0.171724 0.00030855 3
0.172 0.000316975 3
0.172275 0.000324899 2
0.172551 0.000332442 2
0.172827 0.000339885 2
0.173102 0.000347953 2
0.173378 0.000357174 4
0.173653 0.000367779 3
0.173929 0.000379805 3
0.174205 0.000393025 3
0.17448 0.000406962 3
0.174756 0.000421141 3
0.175032 0.000435346 3
0.175307 0.000449625 3
0.175583 0.000464215 3
0.175858 0.000478763 3
0.176134 0.000493801 3
0.17641 0.000509627 3
0.176685 0.000525025 3
0.176961 0.000539425 3
0.177237 0.000553005 3
0.177512 0.000566042 3
0.177788 0.000578492 3
0.178063 0.000590143 3
0.178339 0.000601201 3
0.178615 0.000611589 3
0.17889 0.000622146 3
0.179166 0.000633595 4
0.179442 0.000646197 3
0.179717 0.000659118 3
0.179993 0.000671982 3
0.180268 0.000684278 3
0.180544 0.000696374 4
0.18082 0.00070826 4
0.181095 0.000720284 4
0.181371 0.000733197 6
0.181646 0.000746761 4
0.181922 0.000760236 4
0.182198 0.000772666 4
0.182473 0.000783345 4
0.182749 0.000792146 3
0.183025 0.000799393 3
0.1833 0.000804654 5
0.183576 0.000808361 4
0.183851 0.000812407 4
0.184127 0.000817833 3
0.184403 0.000825633 3
0.184678 0.000836329 3
0.184954 0.000849711 3
0.18523 0.000865647 2
0.185505 0.000884606 4
0.185781 0.000906252 4
0.186056 0.000929882 3
0.186332 0.000954834 3
0.186608 0.000980502 5
0.186883 0.00100622 4
0.187159 0.00103147 3
0.187435 0.00105599 3
0.18771 0.00107876 3
0.187986 0.00109984 3
0.188261 0.00111995 3
0.188537 0.00113932 3
0.188813 0.00115725 3
0.189088 0.00117243 3
0.189364 0.0011839 4
0.18964 0.001191 3
0.189915 0.00119362 3
0.190191 0.00119311 3
0.190466 0.00119114 4
0.190742 0.00118954 3
0.191018 0.00118814 3
0.191293 0.00118601 4
0.191569 0.00118268 3
0.191844 0.0011773 3
0.19212 0.00116823 3
0.192396 0.00115379 3
0.192671 0.0011323 3
0.192947 0.00110422 3
0.193223 0.00107225 3
0.193498 0.0010384 3
0.193774 0.00100336 2
0.194049 0.000968125 3
0.194325 0.000931585 3
0.194601 0.000895822 3
0.194876 0.000860558 3
0.195152 0.000825937 3
0.195428 0.000791609 3
0.195703 0.000755895 3
0.195979 0.00071945 3
0.196254 0.000683078 3
0.19653 0.000647903 3
0.196806 0.000614769 3
0.197081 0.000584437 3
0.197357 0.000557482 3
0.197633 0.000532188 3
0.197908 0.000510537 3
0.198184 0.00049316 3
0.198459 0.000479353 3
0.198735 0.000464586 3
0.199011 0.000448139 3
0.199286 0.000434494 3
0.199562 0.00042553 3
0.199837 0.000422178 3
0.200113 0.000416127 3
0.200389 0.000407019 5
0.200664 0.00040126 3
0.20094 0.000397641 3
0.201216 0.000396313 5
0.201491 0.000386543 5
0.201767 0.000372637 4
0.202042 0.000362042 4
0.202318 0.000352649 4
0.202594 0.00034146 4
0.202869 0.000328325 3
0.203145 0.000315184 3
0.203421 0.000303324 3
0.203696 0.000298165 3
0.203972 0.000297821 3
0.204247 0.000300718 3
0.204523 0.000306205 4
0.204799 0.000313381 3
0.205074 0.000325001 3
0.20535 0.000343299 3
0.205626 0.000361678 3
0.205901 0.000375289 4
0.206177 0.000389121 3
0.206452 0.000405346 3
0.206728 0.00042503 2
0.207004 0.000442411 3
0.207279 0.000456646 3
0.207555 0.000474158 3
0.20783 0.000500712 3
0.208106 0.000536199 3
0.208382 0.000574446 3
0.208657 0.000612768 3
0.208933 0.000657133 3
0.209209 0.000705583 3
0.209484 0.000748516 4
0.20976 0.000782734 3
0.210035 0.000808806 4
0.210311 0.000824946 4
0.210587 0.000835649 3
0.210862 0.000847227 3
0.211138 0.00085205 3
0.211414 0.000847009 3
0.211689 0.000836721 3
0.211965 0.000828969 3
0.21224 0.000825453 3
0.212516 0.000819716 3
0.212792 0.000816889 3
0.213067 0.000821135 3
0.213343 0.000827483 4
0.213619 0.000840739 4
0.213894 0.000864908 3
0.21417 0.000894511 4
0.214445 0.000918975 4
0.214721 0.000933837 4
0.214997 0.000938719 4
0.215272 0.00093857 4
0.215548 0.000934358 4
0.215823 0.00094102 4
0.216099 0.00095881 4
0.216375 0.000986276 4
0.21665 0.00102445 4
0.216926 0.00106338 3
0.217202 0.00109682 4
0.217477 0.0011255 6
0.217753 0.00114989 4
0.218028 0.00117389 4
0.218304 0.00119597 4
0.21858 0.00120515 4
0.218855 0.00120506 4
0.219131 0.00120521 5
0.219407 0.00119971 4
0.219682 0.00118373 5
0.219958 0.00116659 4
0.220233 0.00115069 4
0.220509 0.00113541 4
0.220785 0.00112845 5
0.22106 0.00113311 4
0.221336 0.00114794 4
0.221612 0.00117459 4
0.221887 0.0012073 4
0.222163 0.00124043 4
0.222438 0.00127472 4
0.222714 0.0013111 4
0.22299 0.00135048 5
0.223265 0.00138916 3
0.223541 0.00141201 4
0.223816 0.00142191 4
0.224092 0.00142769 5
0.224368 0.0014274 4
0.224643 0.00142616 4
0.224919 0.00143021 4
0.225195 0.00143088 4
0.22547 0.00142382 4
0.225746 0.00141481 4
0.226021 0.0014065 4
0.226297 0.00139957 3
0.226573 0.00139905 3
0.226848 0.00140865 4
0.227124 0.00142713 4
0.2274 0.00145143 5
0.227675 0.00148529 4
0.227951 0.00153158 3
0.228226 0.00158334 3
0.228502 0.00162763 4
0.228778 0.0016657 4
0.229053 0.00168794 4
0.229329 0.00169527 4
0.229605 0.00168674 4
0.22988 0.0016729 4
0.230156 0.00165598 3
0.230431 0.00163746 4
0.230707 0.00161764 3
0.230983 0.00160614 3
0.231258 0.00159954 4
0.231534 0.00161038 3
0.231809 0.00164345 4
0.232085 0.00168686 3
0.232361 0.00171816 4
0.232636 0.00174287 4
0.232912 0.00177194 3
0.233188 0.00180069 4
0.233463 0.00182561 4
0.233739 0.00184339 4
0.234014 0.00185184 5
0.23429 0.00185541 3
0.234566 0.00185745 3
0.234841 0.00186493 3
0.235117 0.00187167 3
0.235393 0.00186583 4
0.235668 0.00185172 3
0.235944 0.00183187 3
0.236219 0.00180711 3
0.236495 0.00177516 4
0.236771 0.00174076 3
0.237046 0.00170832 3
0.237322 0.00167637 3
0.237598 0.00164127 3
0.237873 0.00160166 3
0.238149 0.00156137 3
0.238424 0.0015234 4
0.2387 0.00149679 3
0.238976 0.00148538 3
0.239251 0.00147974 4
0.239527 0.00146931 4
0.239803 0.00145973 3
0.240078 0.00145354 3
0.240354 0.00145229 3
0.240629 0.00145909 4
0.240905 0.00147172 4
0.241181 0.0015019 3
0.241456 0.00153907 3
0.241732 0.00157904 4
0.242007 0.00161928 4
0.242283 0.00165685 4
0.242559 0.00168873 4
0.242834 0.00171348 4
0.24311 0.00173096 4
0.243386 0.00174372 3
0.243661 0.00175106 3
0.243937 0.00176919 3
0.244212 0.00179887 4
0.244488 0.00183261 4
0.244764 0.00188287 3
0.245039 0.0019495 4
0.245315 0.00201932 5
0.245591 0.00209632 3
0.245866 0.00216885 4
0.246142 0.00224934 3
0.246417 0.00233146 4
0.246693 0.00241508 4
0.246969 0.00251289 3
0.247244 0.00262544 4
0.24752 0.00274441 4
0.247796 0.0028668 3
0.248071 0.00297782 3
0.248347 0.00308 3
0.248622 0.00315569 3
0.248898 0.00322502 3
0.249174 0.00332783 3
0.249449 0.00347514 4
0.249725 0.00362961 3
0.25 0.00376921 3
0.250276 0.00390399 3
0.250552 0.00405485 3
0.250827 0.00421631 3
0.251103 0.00438087 3
0.251379 0.00454573 3
0.251654 0.00473242 4
0.25193 0.00490789 4
0.252205 0.00507075 4
0.252481 0.00526198 4
0.252757 0.00550312 4
0.253032 0.00574643 3
0.253308 0.00598678 4
0.253584 0.00627219 3
0.253859 0.0066086 3
0.254135 0.00687268 4
0.25441 0.00704947 4
0.254686 0.00723415 3
0.254962 0.00747653 3
0.255237 0.00774347 4
0.255513 0.00802509 4
0.255789 0.0082929 4
0.256064 0.00851345 4
0.25634 0.0086635 4
0.256615 0.00885322 3
0.256891 0.0090487 3
0.257167 0.0092837 3
0.257442 0.00955089 3
0.257718 0.00983277 4
0.257993 0.010131 4
