0 0.00999097
0.0338878 0.00998507
0.0677756 0.00996816
0.101663 0.00994065
0.135551 0.00990281
0.169439 0.0098547
0.203327 0.00979649
0.237215 0.00972846
0.271102 0.00965082
0.30499 0.00956381
0.338878 0.00946766
0.372766 0.0093626
0.406653 0.00924884
0.440541 0.00912655
0.474429 0.00899593
0.508317 0.00885718
0.542205 0.00871045
0.576092 0.00855595
0.60998 0.00839392
0.643868 0.00822461
0.677756 0.00804826
0.711644 0.00786509
0.745531 0.00767535
0.779419 0.0074797
0.813307 0.00727797
0.847195 0.00707037
0.881082 0.00685718
0.91497 0.00663865
0.948858 0.00641504
0.982746 0.00618656
1.01663 0.00595349
1.05052 0.00571604
1.08441 0.00547448
1.1183 0.00522908
1.15218 0.00498012
1.18607 0.00472785
1.21996 0.00447253
1.25385 0.00421446
1.28774 0.00395388
1.32162 0.00369101
1.35551 0.00342616
1.3894 0.00315964
1.42329 0.00289174
1.45717 0.00262271
1.49106 0.00235285
1.52495 0.00208241
1.55884 0.00181169
1.59273 0.00154095
1.62661 0.00127045
1.6605 0.00100049
1.69439 0.000731302
1.72828 0.000463158
1.76216 0.000196331
1.79605 6.87741e-05
1.82994 0.000332193
1.86383 0.0005935
1.89772 0.000852458
1.9316 0.00110883
1.96549 0.00136239
1.99938 0.00161292
2.03327 0.00186021
2.06716 0.00210401
2.10104 0.00234415
2.13493 0.00258042
2.16882 0.00281261
2.20271 0.00304055
2.23659 0.00326406
2.27048 0.00348295
2.30437 0.00369704
2.33826 0.00390618
2.37215 0.00411012
2.40603 0.0043088
2.43992 0.00450205
2.47381 0.00468975
2.5077 0.00487176
2.54158 0.00504795
2.57547 0.00521818
2.60936 0.00538234
2.64325 0.00554031
2.67714 0.00569197
2.71102 0.00583723
2.74491 0.00597597
2.7788 0.00610812
2.81269 0.00623359
2.84657 0.00635229
2.88046 0.00646416
2.91435 0.00656914
2.94824 0.00666716
2.98213 0.00675819
3.01601 0.00684217
3.0499 0.00691908
3.08379 0.0069889
3.11768 0.0070516
3.15156 0.00710717
3.18545 0.00715561
3.21934 0.00719692
3.25323 0.00723111
3.28712 0.0072582
3.321 0.00727822
3.35489 0.0072912
3.38878 0.00729716
3.42267 0.00729617
3.45655 0.00728827
3.49044 0.00727352
3.52433 0.00725198
3.55822 0.00722373
3.59211 0.00718884
3.62599 0.00714741
3.65988 0.0070995
3.69377 0.00704522
3.72766 0.00698467
3.76154 0.00691795
3.79543 0.00684516
3.82932 0.00676642
3.86321 0.00668184
3.8971 0.00659156
3.93098 0.00649568
3.96487 0.00639435
3.99876 0.00628768
4.03265 0.00617582
4.06653 0.00605891
4.10042 0.00593708
4.13431 0.0058105
4.1682 0.0056793
4.20209 0.00554366
4.23597 0.00540373
4.26986 0.00525965
4.30375 0.00511161
4.33764 0.00495976
4.37152 0.00480429
4.40541 0.00464536
4.4393 0.00448314
4.47319 0.00431782
4.50708 0.00414957
4.54096 0.00397855
4.57485 0.00380494
4.60874 0.00362891
4.64263 0.00345067
4.67651 0.00327043
4.7104 0.00308835
4.74429 0.00290464
4.77818 0.00271949
4.81207 0.00253307
4.84595 0.00234557
4.87984 0.0021572
4.91373 0.00196814
4.94762 0.00177857
4.9815 0.00158868
5.01539 0.00139866
5.04928 0.00120869
5.08317 0.00101896
5.11706 0.00082965
5.15094 0.000640938
5.18483 0.000453006
5.21872 0.000266025
5.25261 8.01695e-05
5.28649 0.000104297
5.32038 0.000287381
5.35427 0.000468807
5.38816 0.000648434
5.42205 0.000826096
5.45593 0.00100164
5.48982 0.00117491
5.52371 0.00134577
5.5576 0.00151408
5.59149 0.0016797
5.62537 0.00184248
5.65926 0.00200229
5.69315 0.00215901
5.72704 0.00231251
5.76092 0.00246267
5.79481 0.00260938
5.8287 0.00275251
5.86259 0.00289198
5.89648 0.00302766
5.93036 0.00315945
5.96425 0.00328728
5.99814 0.00341103
6.03203 0.00353062
6.06591 0.00364596
6.0998 0.00375697
6.13369 0.00386358
6.16758 0.00396569
6.20147 0.00406324
6.23535 0.00415618
6.26924 0.00424445
6.30313 0.004328
6.33702 0.00440678
6.3709 0.00448075
6.40479 0.00454987
6.43868 0.00461411
6.47257 0.00467344
6.50646 0.00472784
6.54034 0.00477729
6.57423 0.00482178
6.60812 0.0048613
6.64201 0.00489586
6.67589 0.00492545
6.70978 0.00495008
6.74367 0.00496977
6.77756 0.00498453
6.81145 0.00499439
6.84533 0.00499937
6.87922 0.00499951
6.91311 0.00499483
6.947 0.00498538
6.98088 0.00497121
7.01477 0.00495237
7.04866 0.00492889
7.08255 0.00490086
7.11644 0.00486831
7.15032 0.00483132
7.18421 0.00478996
7.2181 0.00474429
7.25199 0.00469439
7.28587 0.00464035
7.31976 0.00458223
7.35365 0.00452012
7.38754 0.00445412
7.42143 0.0043843
7.45531 0.00431078
7.4892 0.00423363
7.52309 0.00415296
7.55698 0.00406887
7.59086 0.00398146
7.62475 0.00389084
7.65864 0.00379708
7.69253 0.00370034
7.72642 0.00360073
7.7603 0.00349835
7.79419 0.00339333
7.82808 0.00328579
7.86197 0.00317584
7.89585 0.00306361
7.92974 0.00294923
7.96363 0.00283281
7.99752 0.00271448
8.03141 0.00259437
8.06529 0.0024726
8.09918 0.00234931
8.13307 0.00222462
8.16696 0.00209867
8.20084 0.00197159
8.23473 0.00184349
8.26862 0.00171453
8.30251 0.00158482
8.3364 0.0014545
8.37028 0.0013237
8.40417 0.00119254
8.43806 0.00106117
8.47195 0.000929698
8.50583 0.000798259
8.53972 0.000666981
8.57361 0.000535992
8.6075 0.000405412
8.64139 0.000275357
8.67527 0.000145947
8.70916 1.73109e-05
8.74305 0.000110263
8.77694 0.000236979
8.81082 0.000362561
8.84471 0.000486896
8.8786 0.000609876
8.91249 0.0007314
8.94638 0.000851359
8.98026 0.000969659
9.01415 0.00108619
9.04804 0.00120085
9.08193 0.00131355
9.11582 0.00142419
9.1497 0.00153269
9.18359 0.00163896
9.21748 0.00174291
9.25137 0.00184446
9.28525 0.00194353
9.31914 0.00204005
9.35303 0.00213394
9.38692 0.00222514
9.42081 0.00231357
9.45469 0.00239918
9.48858 0.00248189
9.52247 0.00256166
9.55636 0.00263841
9.59024 0.00271211
9.62413 0.0027827
9.65802 0.00285013
9.69191 0.00291437
9.7258 0.00297536
9.75968 0.00303308
9.79357 0.00308749
9.82746 0.00313856
9.86135 0.00318627
9.89523 0.00323059
9.92912 0.00327151
9.96301 0.00330901
9.9969 0.00334307
10.0308 0.00337369
10.0647 0.00340087
10.0986 0.00342461
10.1324 0.00344489
10.1663 0.00346174
10.2002 0.00347516
10.2341 0.00348516
10.268 0.00349176
10.3019 0.00349497
10.3358 0.00349482
10.3697 0.00349133
10.4036 0.00348452
10.4374 0.00347444
10.4713 0.00346111
10.5052 0.00344457
10.5391 0.00342486
10.573 0.00340202
10.6069 0.0033761
10.6408 0.00334714
10.6747 0.00331518
10.7085 0.0032803
10.7424 0.00324253
10.7763 0.00320193
10.8102 0.00315857
10.8441 0.00311251
10.878 0.0030638
10.9119 0.00301251
10.9458 0.00295872
10.9796 0.00290248
11.0135 0.00284387
11.0474 0.00278297
11.0813 0.00271984
11.1152 0.00265456
11.1491 0.00258721
11.183 0.00251787
11.2169 0.00244661
11.2507 0.00237353
11.2846 0.00229869
11.3185 0.0022222
11.3524 0.00214412
11.3863 0.00206456
11.4202 0.00198358
11.4541 0.00190129
11.488 0.00181777
11.5218 0.0017331
11.5557 0.00164738
11.5896 0.0015607
11.6235 0.00147315
11.6574 0.00138481
11.6913 0.00129578
11.7252 0.00120616
11.7591 0.00111602
11.793 0.00102547
11.8268 0.000934578
11.8607 0.00084345
11.8946 0.000752174
11.9285 0.000660835
11.9624 0.000569516
11.9963 0.000478309
12.0302 0.000387307
12.0641 0.000296597
12.0979 0.000206256
12.1318 0.000116365
12.1657 2.70111e-05
12.1996 6.15554e-05
12.2335 0.000149579
12.2674 0.000236814
12.3013 0.000323176
12.3352 0.000408591
12.369 0.000492992
12.4029 0.000576317
12.4368 0.000658483
12.4707 0.00073942
12.5046 0.000819062
12.5385 0.000897341
12.5724 0.000974189
12.6063 0.00104954
12.6401 0.00112334
12.674 0.00119554
12.7079 0.00126606
12.7418 0.00133486
12.7757 0.00140188
12.8096 0.00146708
12.8435 0.0015304
12.8774 0.0015918
12.9112 0.00165123
12.9451 0.00170865
12.979 0.00176403
13.0129 0.00181731
13.0468 0.00186847
13.0807 0.00191746
13.1146 0.00196427
13.1485 0.00200885
13.1823 0.00205119
13.2162 0.00209125
13.2501 0.00212901
13.284 0.00216446
13.3179 0.00219757
13.3518 0.00222833
13.3857 0.00225673
13.4196 0.00228275
13.4535 0.00230639
13.4873 0.00232765
13.5212 0.00234651
13.5551 0.00236298
13.589 0.00237706
13.6229 0.00238876
13.6568 0.00239807
13.6907 0.00240502
13.7246 0.0024096
13.7584 0.00241183
13.7923 0.00241172
13.8262 0.0024093
13.8601 0.00240458
13.894 0.00239759
13.9279 0.00238834
13.9618 0.00237686
13.9957 0.00236318
14.0295 0.00234733
14.0634 0.00232934
14.0973 0.00230924
14.1312 0.00228706
14.1651 0.00226285
14.199 0.00223664
14.2329 0.00220847
14.2668 0.00217838
14.3006 0.00214641
14.3345 0.00211261
14.3684 0.00207703
14.4023 0.0020397
14.4362 0.00200068
14.4701 0.00196002
14.504 0.00191776
14.5379 0.00187397
14.5717 0.00182868
14.6056 0.00178196
14.6395 0.00173386
14.6734 0.00168444
14.7073 0.00163375
14.7412 0.00158185
14.7751 0.0015288
14.809 0.00147466
14.8429 0.00141948
14.8767 0.00136333
14.9106 0.00130628
14.9445 0.00124837
14.9784 0.00118967
15.0123 0.00113024
15.0462 0.00107015
15.0801 0.00100945
15.114 0.000948218
15.1478 0.000886507
15.1817 0.000824379
15.2156 0.0007619
15.2495 0.000699133
15.2834 0.000636142
15.3173 0.000572988
15.3512 0.000509729
15.3851 0.000446428
15.4189 0.000383149
15.4528 0.000319953
15.4867 0.000256896
15.5206 0.000194037
15.5545 0.000131439
15.5884 6.91634e-05
15.6223 7.26742e-06
15.6562 5.40672e-05
15.69 0.00011504
15.7239 0.000175473
15.7578 0.000235311
15.7917 0.000294496
15.8256 0.000352969
15.8595 0.000410682
15.8934 0.000467587
15.9273 0.000523641
15.9611 0.000578797
15.995 0.000633008
16.0289 0.000686228
16.0628 0.000738412
16.0967 0.000789517
16.1306 0.000839501
16.1645 0.000888324
16.1984 0.000935949
16.2323 0.000982339
16.2661 0.00102746
16.3 0.00107128
16.3339 0.00111376
16.3678 0.00115487
16.4017 0.00119459
16.4356 0.00123288
16.4695 0.00126973
16.5034 0.0013051
16.5372 0.00133897
16.5711 0.00137131
16.605 0.00140212
16.6389 0.00143136
16.6728 0.00145903
16.7067 0.0014851
16.7406 0.00150957
16.7745 0.00153242
16.8083 0.00155364
16.8422 0.00157322
16.8761 0.00159115
16.91 0.00160743
16.9439 0.00162206
16.9778 0.00163502
17.0117 0.00164633
17.0456 0.00165599
17.0794 0.00166399
17.1133 0.00167033
17.1472 0.00167504
17.1811 0.0016781
17.215 0.00167954
17.2489 0.00167936
17.2828 0.00167757
17.3167 0.00167419
17.3505 0.00166923
17.3844 0.0016627
17.4183 0.00165464
17.4522 0.00164504
17.4861 0.00163394
17.52 0.00162136
17.5539 0.00160731
17.5878 0.00159183
17.6216 0.00157494
17.6555 0.00155666
17.6894 0.00153702
17.7233 0.00151605
17.7572 0.00149378
17.7911 0.00147024
17.825 0.00144547
17.8589 0.00141948
17.8928 0.00139233
17.9266 0.00136404
17.9605 0.00133464
17.9944 0.00130418
18.0283 0.00127269
18.0622 0.00124021
18.0961 0.00120677
18.13 0.00117242
18.1639 0.00113718
18.1977 0.00110112
18.2316 0.00106426
18.2655 0.00102664
18.2994 0.000988308
18.3333 0.000949307
18.3672 0.000909678
18.4011 0.00086946
18.435 0.000828697
18.4688 0.000787429
18.5027 0.000745703
18.5366 0.000703563
18.5705 0.000661053
18.6044 0.000618214
18.6383 0.000575091
18.6722 0.000531727
18.7061 0.000488166
18.7399 0.000444451
18.7738 0.000400623
18.8077 0.000356728
18.8416 0.000312808
18.8755 0.000268905
18.9094 0.000225059
18.9433 0.000181315
18.9772 0.000137714
19.011 9.42973e-05
19.0449 5.11031e-05
19.0788 8.16779e-06
19.1127 3.43276e-05
19.1466 7.66163e-05
19.1805 0.000118525
19.2144 0.000160018
19.2483 0.000201062
19.2822 0.000241617
19.316 0.000281646
19.3499 0.000321112
19.3838 0.000359982
19.4177 0.000398222
19.4516 0.000435804
19.4855 0.000472698
19.5194 0.000508874
19.5533 0.0005443
19.5871 0.000578948
19.621 0.00061279
19.6549 0.000645798
19.6888 0.000677948
19.7227 0.000709215
19.7566 0.000739577
19.7905 0.00076901
19.8244 0.000797493
19.8582 0.000825007
19.8921 0.000851531
19.926 0.000877048
19.9599 0.00090154
19.9938 0.000924991
20.0277 0.000947386
20.0616 0.00096871
20.0955 0.000988951
20.1293 0.0010081
20.1632 0.00102614
20.1971 0.00104306
20.231 0.00105886
20.2649 0.00107354
20.2988 0.00108707
20.3327 0.00109946
20.3666 0.00111071
20.4004 0.00112081
20.4343 0.00112976
20.4682 0.00113756
20.5021 0.00114421
20.536 0.00114972
20.5699 0.00115408
20.6038 0.0011573
20.6377 0.00115938
20.6716 0.00116034
20.7054 0.00116017
20.7393 0.00115889
20.7732 0.00115651
20.8071 0.00115303
20.841 0.00114847
20.8749 0.00114283
20.9088 0.00113614
20.9427 0.00112841
20.9765 0.00111965
21.0104 0.00110987
21.0443 0.0010991
21.0782 0.00108735
21.1121 0.00107464
21.146 0.00106099
21.1799 0.00104641
21.2138 0.00103094
21.2476 0.00101459
21.2815 0.000997374
21.3154 0.000979329
21.3493 0.000960471
21.3832 0.000940826
21.4171 0.000920418
21.451 0.000899272
21.4849 0.000877413
21.5187 0.000854867
21.5526 0.000831661
21.5865 0.000807822
21.6204 0.000783377
21.6543 0.000758354
21.6882 0.000732781
21.7221 0.000706686
21.756 0.000680099
21.7898 0.000653049
21.8237 0.000625566
21.8576 0.000597676
21.8915 0.000569409
21.9254 0.000540795
21.9593 0.000511865
21.9932 0.000482649
22.0271 0.000453179
22.061 0.000423482
22.0948 0.00039359
22.1287 0.000363533
22.1626 0.000333342
22.1965 0.000303046
22.2304 0.000272672
22.2643 0.000242252
22.2982 0.000211816
22.3321 0.000181395
22.3659 0.000151017
22.3998 0.000120709
22.4337 9.05023e-05
22.4676 6.04247e-05
22.5015 3.05027e-05
22.5354 7.62571e-07
22.5693 2.86074e-05
22.6032 5.79007e-05
22.637 8.69307e-05
22.6709 0.000115669
22.7048 0.00014409
22.7387 0.000172168
22.7726 0.00019988
22.8065 0.000227206
22.8404 0.000254121
22.8743 0.000280602
22.9081 0.000306624
22.942 0.000332166
22.9759 0.000357205
23.0098 0.000381724
23.0437 0.000405701
23.0776 0.000429118
23.1115 0.000451956
23.1454 0.000474198
23.1792 0.000495827
23.2131 0.000516826
23.247 0.000537181
23.2809 0.000556876
23.3148 0.000575898
23.3487 0.000594233
23.3826 0.000611869
23.4165 0.000628793
23.4503 0.000644994
23.4842 0.000660463
23.5181 0.000675189
23.552 0.000689163
23.5859 0.000702378
23.6198 0.000714825
23.6537 0.0007265
23.6876 0.000737395
23.7215 0.000747506
23.7553 0.000756828
23.7892 0.000765359
23.8231 0.000773096
23.857 0.000780037
23.8909 0.000786181
23.9248 0.000791529
23.9587 0.000796079
23.9926 0.000799835
24.0264 0.000802798
24.0603 0.000804971
24.0942 0.000806357
24.1281 0.00080696
24.162 0.000806787
24.1959 0.000805842
24.2298 0.000804131
24.2637 0.000801663
24.2975 0.000798444
24.3314 0.000794483
24.3653 0.00078979
24.3992 0.000784374
24.4331 0.000778245
24.467 0.000771415
24.5009 0.000763895
24.5348 0.000755697
24.5686 0.000746834
24.6025 0.00073732
24.6364 0.000727168
24.6703 0.000716392
24.7042 0.000705007
24.7381 0.000693029
24.772 0.000680473
24.8059 0.000667355
24.8397 0.000653693
24.8736 0.000639502
24.9075 0.000624801
24.9414 0.000609607
24.9753 0.000593938
