t sb -1 xb vb dt perf.t perf.speed
0 0 -1 0.5 0 2.52982e-05 0 0 
2.52982e-05 0 -1 0.5 0.000417241 2.52982e-05 0.15844 103408 1 685.903 1836.31 0.373523 4 
0.000614221 -4.06451e-08 -1 0.5 0.00162113 0.000588923 0.347842 94203.7 5 1374.57 241.293 1.4162 5 1 1650.23 1125.12 1.46672 4 3 0.0730546 2.11653e-05 15.1127 3 
0.00171532 -1.56249e-06 -1 0.5 0.00182719 0.0011011 0.818969 60016.9 7 457.002 77.2119 1.2892 5 3 1812.19 306.623 1.808 4 5 0.0822721 3.93445e-05 4.61396 3 
0.00328182 -2.85379e-06 -1 0.500002 0.00203321 0.0015665 1.1157 58740 2 162.558 2.43847 8.1648 5 2 301.457 120.676 1.58052 5 6 0.066922 7.4174e-05 3.10851 3 
0.00527167 -2.89382e-06 -1 0.500006 0.00305289 0.00198985 1.38756 59039 1 67.23 22.4595 2.99339 5 4 328.048 84.8821 1.4021 6 7 0.069016 6.98537e-05 2.67808 3 
0.00764656 -9.95442e-07 -1 0.500014 0.00444734 0.00237488 1.73906 56527.2 5 33.147 14.9679 1.17235 7 2 139.177 65.1661 1.46141 7 10 0.132899 4.94459e-05 2.20262 3 
0.0103718 2.4174e-07 -1 0.500027 0.00647961 0.00272528 2.07174 55358.4 2 22.1017 1.43212 3.92847 8 1 89.0328 32.331 2.75379 7 12 0.174181 7.32412e-05 1.91141 3 
0.0134132 3.24577e-07 -1 0.500047 0.00858965 0.00304133 2.47199 53022.8 2 34.4457 4.4674 2.77677 8 1 27.8394 14.7679 1.88513 7 15 0.23427 6.2185e-05 1.73142 3 
0.0167427 -4.28994e-07 -1 0.500075 0.0106711 0.00332953 3.08264 47834.3 2 54.5851 4.47619 3.49207 8 1 24.9183 11.2501 2.21493 7 17 0.269893 7.09441e-05 1.62407 3 
0.020337 -1.3359e-06 -1 0.500113 0.0127883 0.00359429 4.01665 40790.2 2 75.2985 1.59233 6.87665 8 1 16.1156 16.4153 0.98174 7 37 0.308849 8.34094e-05 1.24867 3 
0.0241718 -1.87125e-06 -1 0.500162 0.0152884 0.00383483 4.49407 40102.7 3 1141.27 3.38098 6.96278 8 1 25.6899 26.0187 0.987363 7 16 0.3563 7.143e-05 1.70263 4 
0.0282206 -1.94311e-06 -1 0.500223 0.017436 0.00404875 5.16461 38068.3 2 74.7398 3.34574 4.72639 8 2 29.3066 1.82291 4.00959 8 25 0.426782 7.19794e-05 1.41553 4 
0.032466 -1.63815e-06 -1 0.500297 0.0200006 0.0042454 5.9096 36041.7 2 1150.66 5.44309 14.5395 7 2 28.1808 1.25242 4.74352 9 16 0.585619 5.78171e-05 1.7797 5 
0.0368951 -1.15417e-06 -1 0.500387 0.0227602 0.00442916 7.01617 32692.5 3 1103.2 2.19809 7.94699 6 2 25.7444 2.55437 3.17468 10 28 0.855915 9.84969e-05 1.38254 5 
0.041482 -9.5191e-07 -1 0.500492 0.0256612 0.00458685 7.77191 31621.6 4 1173.34 0.282063 8.031 5 2 37.3971 4.12753 3.01005 10 16 1.04049 7.48711e-05 1.81523 6 
0.0462232 -9.19267e-07 -1 0.500613 0.0285684 0.00474121 8.52871 30736.6 4 1184.52 0.945476 5.9494 4 2 50.5218 4.45711 3.36676 10 16 1.03415 8.9046e-05 1.79498 6 
0.0510974 -9.51696e-07 -1 0.500752 0.0313966 0.00487422 9.53701 29205 4 1155.82 0.24841 8.25905 4 2 64.0209 4.01365 3.99384 10 19 0.965178 9.34664e-05 1.62652 6 
0.0560955 -1.02486e-06 -1 0.500909 0.0344163 0.00499814 10.7269 27492.8 4 1109.13 0.917073 5.89718 3 2 70.748 3.63433 4.41209 10 25 1.20945 9.3535e-05 1.46038 6 
0.0611976 -1.04373e-06 -1 0.501084 0.0373917 0.00510209 12.1398 25642.7 4 208.924 0.636472 4.25649 3 2 71.7973 3.47308 4.5467 10 30 1.61369 7.93921e-05 1.39188 6 
0.0664083 -1.02758e-06 -1 0.501279 0.0403945 0.00521064 13.4812 24306.4 5 1187.58 1.50731 3.79571 3 2 95.1168 3.26824 5.39476 10 30 1.53524 8.37519e-05 1.38709 6 
0.0717036 -9.46548e-07 -1 0.501494 0.0435098 0.00529529 14.8664 23143.7 6 1155.69 0.706993 3.43219 3 2 113.875 3.36747 5.81518 10 30 1.32854 9.20042e-05 1.37611 6 
0.0770865 -8.52536e-07 -1 0.501728 0.0465251 0.0053829 16.196 22255.4 4 1171.57 3.16079 4.38776 3 2 118.04 3.33827 5.9464 10 32 1.83778 8.68926e-05 1.3651 6 
0.0825498 -7.57728e-07 -1 0.501983 0.0498058 0.00546339 17.5806 21434.5 4 1117.93 2.50937 4.59422 3 2 106.915 3.33334 5.66342 10 30 2.22504 9.84302e-05 1.39682 6 
0.0880753 -6.27397e-07 -1 0.502259 0.0529193 0.00552547 18.6054 21134.5 5 1133.18 1.92761 3.57978 3 2 151.454 2.99929 7.1061 10 27 1.91452 9.94457e-05 1.44107 6 
0.0936644 -5.0978e-07 -1 0.502555 0.0561557 0.00558911 19.4979 21007.4 5 1029.83 1.60328 3.64377 4 2 164.484 2.88779 7.54708 10 26 1.5956 7.55614e-05 1.46667 6 
0.0993078 -4.28961e-07 -1 0.502872 0.0593512 0.00564337 20.3172 20966.7 4 1071.43 2.75522 4.4407 4 2 166.637 2.60408 7.99943 10 25 2.63593 7.10116e-05 1.5233 6 
0.105007 -3.6915e-07 -1 0.503211 0.0625864 0.00569881 21.1213 20944.2 5 1169.33 1.65514 3.71382 4 2 150.336 1.80939 9.11518 10 21 2.67157 8.28465e-05 1.63942 6 
0.110751 -2.91133e-07 -1 0.50357 0.0657572 0.00574403 21.8803 20966.5 5 1146.88 0.742522 4.34272 5 2 217.514 1.61875 11.5919 10 18 2.17942 7.01098e-05 1.77659 6 
0.116541 -2.16629e-07 -1 0.503951 0.0689716 0.00579008 22.4733 21142.2 5 1141.65 0.72095 4.36441 4 2 220.735 2.00578 10.4905 10 15 2.23653 7.83934e-05 1.98162 6 
0.122366 -2.40109e-07 -1 0.504354 0.0721474 0.00582517 23.0943 21283.1 4 1196.44 1.4204 5.38729 4 2 196.295 2.43222 8.98364 10 13 3.22323 6.25363e-05 2.30395 6 
0.128227 -2.68014e-07 -1 0.504777 0.0753739 0.00586076 23.6403 21484.7 5 1151.48 0.664698 4.44351 4 2 230.781 3.13747 8.57652 10 12 2.84655 5.35678e-05 2.47619 6 
0.134124 -2.77541e-07 -1 0.505222 0.0787064 0.00589687 24.1395 21719.1 4 1177.82 2.2393 4.78896 3 2 263.978 4.13918 7.98595 10 12 2.12949 4.12647e-05 2.47016 6 
0.140045 -2.06914e-07 -1 0.505688 0.0817593 0.00592123 24.6451 21938.3 5 1185.64 1.3245 3.89386 3 2 277.273 5.07668 7.39033 10 12 3.20921 6.01592e-05 2.47699 6 
0.146003 -2.29777e-08 -1 0.506176 0.0849819 0.00595824 25.0925 22200.1 5 1216.13 0.636934 4.53082 3 2 248.057 6.11672 6.3682 10 11 3.4714 4.32782e-05 2.79151 6 
0.151974 1.91904e-07 -1 0.506684 0.0880136 0.00597071 25.5219 22468.6 4 1197.73 2.29372 4.7803 3 2 344.56 7.46944 6.79185 10 10 3.0522 3.44878e-05 3.12388 6 
0.15797 4.25005e-07 -1 0.507212 0.0913896 0.00599584 25.9999 22685.6 5 1131.36 0.792076 4.2753 2 2 437.805 9.64365 6.73782 10 10 3.05932 4.08441e-05 3.0722 6 
0.163991 6.29858e-07 -1 0.507762 0.0945432 0.00602125 26.5264 22853 7 5002.85 0.896017 3.42982 2 3 2396.69 2.35529 10.0583 9 10 3.6755 5.81025e-05 3.02073 6 
0.170025 8.34919e-07 -1 0.508333 0.0977161 0.00603406 26.9355 23114.1 6 2135.63 0.790058 3.73231 2 3 986.53 3.62023 6.48323 9 9 6.53242 3.69295e-05 3.82893 6 
0.176072 1.0691e-06 -1 0.508924 0.100871 0.00604696 27.3736 23342.7 6 1744.39 1.29363 3.32383 2 3 1378.85 3.46014 7.35881 9 12 5.54763 4.51789e-05 2.6552 5 
0.182145 1.33973e-06 -1 0.509536 0.10393 0.00607296 27.8122 23563.7 5 1555.42 0.745591 4.61179 3 3 1178.18 2.97988 7.33957 8 12 4.95854 8.56345e-05 2.49398 5 
0.188231 1.66686e-06 -1 0.51017 0.107104 0.00608608 28.342 23701.4 5 1389.93 0.688312 4.58186 3 3 773.119 3.30852 6.15939 7 11 5.02859 5.79668e-05 2.81147 5 
0.19433 1.92436e-06 -1 0.510824 0.110231 0.00609928 28.7224 23957.8 5 1362.83 1.52527 3.89241 3 3 943.533 3.50384 6.4576 6 9 5.41923 6.53966e-05 3.51955 5 
0.200429 2.06594e-06 -1 0.511497 0.113361 0.00609928 29.1253 24189 5 1377.1 1.49581 3.91578 3 2 804.053 10.4456 8.77357 6 10 4.21606 3.52504e-05 3.21939 5 
0.206542 2.06908e-06 -1 0.51219 0.116467 0.0061126 29.55 24395.8 5 1251.02 1.74375 3.72525 3 2 801.87 10.48 8.74726 6 12 5.34165 5.01202e-05 2.62405 5 
0.212668 2.02569e-06 -1 0.512903 0.119499 0.006126 30.1197 24478.4 5 1412.46 2.38036 3.58647 3 3 700.859 3.27256 5.98293 5 13 4.26476 7.31957e-05 2.32579 5 
0.218808 1.89655e-06 -1 0.513636 0.12251 0.0061395 30.7995 24470 5 1248.7 2.05251 3.60441 3 3 784.274 5.44102 5.24319 4 17 4.99577 8.28099e-05 1.91076 5 
0.224947 1.74584e-06 -1 0.514388 0.125531 0.0061395 31.6128 24358.8 5 1280.2 2.46982 3.49078 3 3 669.765 6.42123 4.70726 4 19 4.82065 7.05047e-05 1.79667 5 
0.2311 1.54264e-06 -1 0.515159 0.12845 0.00615311 32.4555 24231.1 6 1983.26 1.93113 3.17635 3 4 1022.85 5.50897 3.69135 3 19 3.37798 8.40849e-05 1.74708 5 
0.237253 1.29698e-06 -1 0.515948 0.131421 0.00615311 34.2044 23471.1 5 7200.68 2.48523 4.92494 3 4 3728.44 4.90373 5.2511 3 38 6.48951 8.78572e-05 1.34313 6 
0.24342 9.47578e-07 -1 0.516758 0.134319 0.00616685 35.3881 23149 5 3421.32 2.00926 4.42825 2 4 1853.58 2.1652 5.40914 3 23 6.90398 6.563e-05 1.65328 7 
0.249587 9.65847e-07 -1 0.517587 0.137187 0.00616685 36.3604 22980.6 5 2644.68 2.1915 4.13358 2 4 1811.99 2.72952 5.07595 3 19 6.17785 6.33043e-05 1.83063 7 
0.255754 1.52382e-06 -1 0.518433 0.140072 0.00616685 37.3241 22826.2 6 2105.39 0.66254 3.83431 3 4 1508.58 2.45997 4.97633 3 16 5.96101 5.97242e-05 2.05328 7 
0.261935 2.11416e-06 -1 0.5193 0.142891 0.00618073 38.0109 22844.8 5 2266.9 1.18827 4.53006 3 4 1539.1 1.25211 5.92115 3 12 6.98397 9.16942e-05 2.5516 7 
0.268115 2.72636e-06 -1 0.520184 0.145638 0.00618073 38.689 22867.9 4 1965.5 1.95043 5.63424 3 4 1617.59 0.943244 6.43519 3 10 6.15803 5.60574e-05 3.19213 7 
0.274296 3.34772e-06 -1 0.521086 0.14859 0.00618073 39.3302 22911.6 4 2200.66 1.15266 6.61018 3 4 1067.06 0.682869 6.28729 3 10 5.46196 9.91343e-05 2.97929 7 
0.280477 3.82855e-06 -1 0.522004 0.151347 0.00618073 39.9724 22953.5 5 1768.72 0.847361 4.61231 3 3 1269.76 6.28613 5.8674 2 11 6.14668 8.5563e-05 2.76367 7 
0.286672 4.36351e-06 -1 0.52294 0.154025 0.00619481 40.6397 22979.7 5 2146.71 1.10451 4.54696 2 4 989.801 2.85178 4.31626 2 12 4.79329 5.06103e-05 2.59836 7 
0.292866 4.94234e-06 -1 0.523894 0.156763 0.00619481 41.322 22996.8 6 12696.8 1.5314 4.49884 2 4 6771.6 6.63642 5.65183 2 12 5.71048 6.49162e-05 2.58242 7 
0.299061 5.59211e-06 -1 0.524866 0.15953 0.00619481 42.5132 22737.8 6 4852.05 2.20019 3.60781 2 5 2475.57 4.59079 3.5185 2 27 9.50676 6.85809e-05 1.55038 6 
0.305256 6.30339e-06 -1 0.525855 0.162136 0.00619481 43.8637 22411.2 6 3729.65 1.85057 3.55408 2 4 2388.09 5.57735 4.54889 2 30 7.27019 6.95195e-05 1.46999 6 
0.311451 7.12467e-06 -1 0.526861 0.164736 0.00619481 44.8798 22268.9 7 2904.73 2.33176 2.76824 2 4 2082.01 5.70305 4.37113 2 23 6.57737 5.44472e-05 1.66326 7 
0.317646 7.92244e-06 -1 0.527883 0.167351 0.00619481 45.7514 22202.8 7 2978.63 2.54128 2.74425 2 4 1981.47 5.08698 4.44254 3 14 7.18733 6.48432e-05 2.29264 7 
0.32384 8.75216e-06 -1 0.528919 0.169903 0.00619481 46.5377 22179.7 6 2681.73 1.20979 3.61092 3 4 2121.62 3.12322 5.10524 3 14 7.52605 7.53849e-05 2.27558 7 
0.33005 9.50467e-06 -1 0.529974 0.172439 0.00620919 47.4514 22097.9 5 2195.8 1.41986 4.3438 3 4 1826.01 2.23084 5.34883 3 15 5.93957 6.17866e-05 2.14877 7 
0.336259 1.02599e-05 -1 0.531045 0.174961 0.00620919 48.2831 22056.6 5 2558.06 1.41453 4.48187 3 4 1472.27 2.36634 4.99433 3 15 6.68437 7.62102e-05 2.13568 7 
0.342468 1.10413e-05 -1 0.532131 0.177435 0.00620919 49.2288 21965.7 8 13470.1 2.24702 2.96634 2 4 7326.81 10.3196 5.16194 2 15 5.94371 6.77278e-05 2.13576 7 
0.348677 1.16875e-05 -1 0.533233 0.17987 0.00620919 50.3354 21808.3 9 6105.75 2.31054 2.40008 2 5 3158.09 3.46374 3.90819 2 22 10.7007 9.47503e-05 1.69697 7 
0.354886 1.22118e-05 -1 0.534351 0.182266 0.00620919 51.4923 21636.5 9 4681.88 2.31881 2.32938 2 4 2860.85 3.75328 5.25437 3 19 8.30306 6.33375e-05 1.85929 7 
0.361096 1.27146e-05 -1 0.535483 0.184631 0.00620919 52.3254 21605.1 8 3644.11 2.41757 2.49618 2 4 2596.99 5.79061 4.60189 2 15 6.9813 8.46198e-05 2.12698 7 
0.367305 1.32921e-05 -1 0.536629 0.186942 0.00620919 53.1636 21572.7 6 2888.72 1.87219 3.39932 3 4 2000.33 9.11647 3.84874 2 15 7.07759 6.37417e-05 2.16952 7 
0.373514 1.39585e-05 -1 0.53779 0.18922 0.00620919 54.0482 21522.7 5 3418.38 2.2775 4.3179 3 4 2536.77 9.33388 4.06027 2 15 7.99378 5.25653e-05 2.21549 7 
0.379723 1.47189e-05 -1 0.538966 0.191478 0.00620919 54.7402 21550 7 2758.49 1.96043 2.81682 2 5 2287.63 2.86936 3.8047 2 14 7.08896 9.48656e-05 2.22898 7 
0.385932 1.55155e-05 -1 0.540155 0.193665 0.00620919 55.3425 21611.4 7 3225.29 1.87944 2.89786 2 4 1585.9 9.93229 3.55473 2 14 5.79732 8.34659e-05 2.21736 7 
0.392141 1.63116e-05 -1 0.541356 0.195858 0.00620919 56.0103 21646.3 6 11968.7 2.42359 4.12665 2 6 6548.58 3.44592 3.51944 2 14 8.24793 5.69719e-05 2.33679 7 
0.398351 1.7192e-05 -1 0.542572 0.198055 0.00620919 56.6168 21703.8 5 5136.53 2.13755 4.74407 2 5 3029.8 7.3044 3.33861 2 13 8.34701 8.83768e-05 2.41383 7 
0.40456 1.81048e-05 -1 0.543802 0.200091 0.00620919 57.198 21769.7 7 3861.73 2.26768 2.89468 2 5 3076.66 2.82803 4.04873 2 13 9.71534 7.90229e-05 2.46329 7 
0.410769 1.89848e-05 -1 0.545046 0.202108 0.00620919 57.7456 21847 7 4249.06 2.10613 2.96562 2 5 3453.86 5.52788 3.62368 2 13 9.07957 6.20408e-05 2.49653 7 
0.416978 1.97787e-05 -1 0.546301 0.204139 0.00620919 58.2558 21936.9 7 3965.56 2.30213 2.89942 2 5 3308.31 8.51779 3.295 2 12 8.4828 8.75291e-05 2.60335 7 
0.423187 2.06265e-05 -1 0.547568 0.206183 0.00620919 58.7656 22025.4 6 3034.16 1.6954 3.4844 2 5 2537.6 8.02911 3.16192 2 12 7.07297 6.28943e-05 2.63582 7 
0.429397 2.14259e-05 -1 0.548846 0.208117 0.00620919 59.2726 22113.4 5 3787.36 2.04549 4.50306 3 6 2015.91 5.68645 2.66035 2 12 6.26537 4.90831e-05 2.6638 7 
0.435606 2.23573e-05 -1 0.550138 0.209954 0.00620919 59.9921 22121.3 7 13088.4 1.78255 3.56668 2 6 7237.14 6.92878 3.18531 2 19 8.42797 6.04172e-05 1.86538 7 
0.441815 2.31068e-05 -1 0.551442 0.211872 0.00620919 60.7599 22111.4 6 5531.12 2.42178 3.62894 2 5 3214.02 5.30739 3.60109 3 21 8.47594 8.87817e-05 1.72638 7 
0.448024 2.39256e-05 -1 0.552757 0.213672 0.00620919 61.3725 22157.7 6 4417.41 1.90522 3.63806 2 4 2760.43 4.22905 5.05456 3 16 9.98402 7.70958e-05 2.08697 7 
0.454233 2.48466e-05 -1 0.554082 0.215393 0.00620919 61.8407 22254.9 7 4269.4 2.13201 2.96247 2 4 3464.77 1.78881 6.63404 3 11 9.03912 8.16063e-05 2.87463 7 
0.460443 2.56696e-05 -1 0.555419 0.217097 0.00620919 62.2783 22361.5 6 4443.12 2.27759 3.53483 2 4 3631.42 1.79909 6.70279 3 10 8.8869 3.05615e-05 3.5185 7 
0.466652 2.64642e-05 -1 0.556767 0.218774 0.00620919 62.6849 22477.9 6 3604.73 2.25327 3.41987 3 3 3017.84 7.9686 7.23499 4 9 7.79824 6.15337e-05 3.68967 7 
0.472861 2.72683e-05 -1 0.558124 0.220376 0.00620919 63.1104 22586 6 6173.78 1.84069 3.86897 3 4 3526.19 2.94523 5.88229 3 9 5.90742 4.23427e-05 3.72927 7 
0.47907 2.79982e-05 -1 0.55949 0.222025 0.00620919 63.5716 22679.8 5 11261.1 1.65475 5.84211 3 5 6207.68 5.13781 4.13457 2 12 9.95133 4.83422e-05 2.77202 6 
0.485279 2.8737e-05 -1 0.560868 0.223509 0.00620919 64.0128 22779.5 6 6865.82 2.029 3.87467 3 5 4024.61 7.99454 3.47045 2 11 9.58459 8.86347e-05 2.86836 6 
0.491488 2.93985e-05 -1 0.562256 0.224995 0.00620919 64.45 22879.1 7 5593.24 2.35903 3.03482 2 5 3901.76 6.8348 3.55883 2 11 8.11955 4.06596e-05 3.03286 6 
0.497698 3.00637e-05 -1 0.563652 0.226442 0.00620919 64.9201 22965.8 7 4320.66 2.505 2.89996 2 5 3171 3.03679 4.01565 2 11 7.60057 4.40801e-05 2.99264 6 
0.503907 3.0822e-05 -1 0.565056 0.227853 0.00620919 65.353 23064.4 7 3464.61 2.57785 2.79843 2 5 2479.21 3.4778 3.7205 2 11 7.02297 4.03413e-05 2.99525 6 
0.510131 3.16994e-05 -1 0.566473 0.229218 0.00622467 65.7595 23171 7 4381.44 1.82789 3.03955 2 5 3159.88 5.17087 3.60763 2 10 8.16351 3.98108e-05 3.39772 6 
0.516356 3.25487e-05 -1 0.567899 0.230498 0.00622467 66.9649 22998.6 13 20391.7 2.1818 2.02038 3 5 11581 7.03723 4.39814 2 39 8.51234 9.50183e-05 1.33962 6 
0.522581 3.294e-05 -1 0.569331 0.231756 0.00622467 67.9096 22919.9 7 9048.72 2.17809 3.28799 3 5 5065.23 6.69427 3.76512 2 23 10.3836 9.43105e-05 1.65656 7 
0.528806 3.32344e-05 -1 0.570773 0.232993 0.00622467 68.691 22897.7 8 5158.76 2.45333 2.60225 2 5 3412.09 8.18175 3.34222 2 16 10.762 9.80817e-05 2.06547 7 
0.53503 3.36162e-05 -1 0.572224 0.234131 0.00622467 69.4506 22883.1 5 4519.69 1.75048 4.81272 3 6 3793.26 5.27553 2.99312 2 11 9.69033 7.59982e-05 2.91165 7 
0.541255 3.42316e-05 -1 0.573679 0.235287 0.00622467 70.1477 22889.3 5 5280.03 1.79455 4.94011 3 6 4315.58 4.33628 3.15976 2 9 9.23508 8.14507e-05 3.64432 7 
0.54748 3.51107e-05 -1 0.575142 0.236387 0.00622467 70.7132 22938 5 4349.46 0.880513 5.47949 3 5 3610.94 8.69891 3.33911 2 8 8.57455 5.46563e-05 4.46114 7 
0.553704 3.58632e-05 -1 0.576611 0.237455 0.00622467 71.3919 22949.4 6 18534.9 0.611427 5.58394 3 6 10626.6 9.15059 3.24208 2 8 6.93401 4.27632e-05 4.4796 7 
0.559929 3.64455e-05 -1 0.578089 0.238518 0.00622467 72.0147 22978.4 6 11382.8 1.90089 4.26136 3 5 6278.42 7.66828 3.82499 3 9 12.5422 3.39539e-05 4.15537 6 
0.566154 3.70548e-05 -1 0.57957 0.239452 0.00622467 72.5532 23033.7 6 7889.05 2.14947 3.92749 2 6 5083.11 3.5181 3.3623 2 8 9.41662 5.76358e-05 4.48384 6 
0.572378 3.77666e-05 -1 0.58106 0.240362 0.00622467 73.2763 23030 8 6185.97 1.56487 2.81589 2 5 4806.82 5.07967 3.93735 2 12 10.1716 5.52354e-05 2.7464 5 
0.578603 3.84963e-05 -1 0.582556 0.241221 0.00622467 73.8379 23076.7 6 5673.68 1.16746 4.11564 3 4 4651.82 8.75341 4.80133 3 11 9.40041 4.57586e-05 3.04068 5 
0.584828 3.9173e-05 -1 0.584053 0.24198 0.00622467 74.5339 23081 6 4398.01 1.69486 3.70698 3 4 3612.97 7.48908 4.68661 3 10 8.25553 7.38845e-05 3.19756 5 
0.591052 3.96681e-05 -1 0.585557 0.242794 0.00622467 75.2044 23093.1 7 8989.24 1.73287 3.39397 3 6 5196.59 4.82648 3.20146 3 12 6.7353 7.07992e-05 2.59933 5 
0.597277 4.00826e-05 -1 0.587069 0.243561 0.00622467 76.6613 22868 8 11100 1.1822 3.13746 3 6 6203.57 8.19991 3.0186 3 25 11.0505 9.84431e-05 1.59224 7 
0.603502 4.04269e-05 -1 0.588581 0.244243 0.00622467 77.66 22784.8 7 8873.5 1.93065 3.33579 3 6 5429.33 9.18106 2.89718 3 18 9.12111 8.04327e-05 1.90903 7 
0.609726 4.06552e-05 -1 0.5901 0.244936 0.00622467 78.4596 22761.5 9 6775.17 1.63224 2.52357 2 6 4994.87 8.31916 2.90452 3 13 9.87324 6.03419e-05 2.51805 7 
0.615951 4.10592e-05 -1 0.591625 0.245559 0.00622467 79.0618 22795.3 7 5896.51 1.68415 3.20861 3 5 4709.21 10.2098 3.41025 3 9 9.27404 8.94433e-05 3.6083 7 
0.622176 4.15375e-05 -1 0.593149 0.246149 0.00622467 79.6596 22829.9 6 4542.18 1.72044 3.71767 3 6 3650.24 2.91235 3.28357 3 9 8.16695 2.54985e-05 4.09004 7 
0.6284 4.21014e-05 -1 0.594677 0.246715 0.00622467 80.2125 22876.8 7 6910.22 1.1697 3.45759 2 5 4013.35 4.81931 3.83799 3 8 6.75233 7.74356e-05 4.14538 7 
0.634625 4.26253e-05 -1 0.596215 0.247257 0.00622467 80.7389 22930.6 7 11319.3 2.18002 3.39442 2 5 6604.56 1.96151 5.07517 2 9 10.4111 4.60724e-05 3.93455 6 
0.64085 4.32999e-05 -1 0.597749 0.247734 0.00622467 81.232 22993.1 7 9314.89 2.3769 3.26069 2 5 5649.13 3.02879 4.50965 2 8 9.30158 5.43063e-05 4.51038 6 
0.647074 4.41299e-05 -1 0.599288 0.2482 0.00622467 81.7198 23056.3 7 7048.31 1.49303 3.34857 2 5 5137.85 3.34978 4.33664 2 8 9.90825 7.28226e-05 4.38244 6 
0.653299 4.49265e-05 -1 0.600835 0.24861 0.00622467 82.2155 23116.6 7 6154.84 2.21744 3.10391 2 5 4906.06 3.82024 4.18532 2 8 9.39952 6.19168e-05 4.44286 6 
0.659524 4.57558e-05 -1 0.602377 0.249014 0.00622467 83.0357 23085.6 7 4788.84 2.32689 2.97407 2 4 3850.31 5.37821 5.17267 3 14 8.34879 7.54172e-05 2.29243 6 
0.665748 4.66865e-05 -1 0.60392 0.249333 0.00622467 84.1445 22976.1 7 8398.03 2.07246 3.27631 2 4 4887.87 7.41164 5.06759 3 25 6.92728 7.4788e-05 1.58004 6 
0.671973 4.75541e-05 -1 0.605474 0.249625 0.00622467 85.3908 22832.6 10 12108 2.05646 2.38229 3 5 6833.57 4.18954 4.39032 2 25 10.8895 6.08709e-05 1.6222 7 
0.678198 4.80347e-05 -1 0.607025 0.24994 0.00622467 86.3345 22772.8 7 9442.59 2.135 3.31752 2 5 5809.91 9.03086 3.64492 2 18 8.97783 7.64293e-05 1.91277 7 
0.684422 4.8576e-05 -1 0.608575 0.250151 0.00622467 87.1522 22747.1 8 6934.79 2.2709 2.72649 2 5 5167.09 5.28215 3.96358 2 15 10.3003 7.1355e-05 2.20781 7 
0.690647 4.9079e-05 -1 0.610131 0.250411 0.00622467 87.9676 22722.5 7 6370.67 1.40249 3.33019 2 5 5172.19 4.36187 4.11908 2 15 9.71513 7.41627e-05 2.19357 7 
0.696872 4.98026e-05 -1 0.611687 0.25057 0.00622467 88.8251 22687.6 6 5134.78 1.79546 3.76754 2 5 4192.72 4.78279 3.8776 2 15 8.75513 5.56859e-05 2.22042 7 
0.703096 5.0609e-05 -1 0.613243 0.25078 0.00622467 89.6424 22663.6 6 16749.4 2.24355 4.4209 2 6 9728.88 3.32762 3.78142 2 14 7.27564 9.82996e-05 2.22745 7 
0.709321 5.13714e-05 -1 0.6148 0.250896 0.00622467 90.3968 22655.7 6 13496.9 1.52584 4.54766 2 6 7558.3 4.77598 3.41371 2 13 12.7498 8.50736e-05 2.5011 7 
0.715546 5.23086e-05 -1 0.616357 0.250942 0.00622467 91.1412 22650.4 7 8348.3 2.3435 3.21655 2 5 5312.64 5.36624 3.97309 2 13 9.682 4.58801e-05 2.56782 7 
0.72177 5.311e-05 -1 0.617919 0.251054 0.00622467 91.8319 22658.4 5 5760.23 2.19338 4.82909 3 5 4573.18 2.81528 4.38671 2 12 10.6308 3.77522e-05 2.84535 7 
0.727995 5.3637e-05 -1 0.619479 0.251103 0.00622467 92.4828 22676.1 6 6117.12 1.09214 4.21416 3 4 5082.87 9.77865 4.77483 3 11 9.7824 5.12004e-05 3.02069 7 
0.73422 5.42647e-05 -1 0.621036 0.251128 0.00622467 93.1225 22696.3 6 5522.02 1.49648 3.93101 3 4 4554.45 6.23803 5.19813 3 10 9.15034 8.31471e-05 3.19271 7 
0.740444 5.47562e-05 -1 0.622595 0.251139 0.00622467 93.9227 22677.4 6 24852.6 0.92233 5.47538 3 4 14421.9 6.36571 6.89912 3 12 7.80876 5.65293e-05 2.68138 7 
0.746669 5.52658e-05 -1 0.624155 0.251118 0.00622467 95.0566 22579.2 8 13292.3 1.74532 3.05644 2 5 7458.92 2.23465 5.06633 2 23 12.6437 6.3344e-05 1.69997 7 
0.752894 5.57681e-05 -1 0.625716 0.251049 0.00622467 95.9648 22536.3 8 6595.45 2.39617 2.69132 2 5 3730.63 3.78693 3.96916 2 17 11.1266 5.74263e-05 2.04651 7 
0.759118 5.62177e-05 -1 0.627277 0.251 0.00622467 96.6282 22551.1 10 5426.67 2.2912 2.17494 2 4 3364.99 4.98864 5.09624 2 11 9.7437 5.58341e-05 2.99592 7 
0.765343 5.668e-05 -1 0.628833 0.250862 0.00622467 97.2396 22577.8 6 4405.21 2.47849 3.48041 3 5 3611.33 5.29591 3.68761 2 10 8.69992 4.14118e-05 3.40596 7 
0.771568 5.70446e-05 -1 0.630392 0.250797 0.00622467 97.7928 22617.6 8 5686.56 2.26834 2.66007 2 5 4447.55 4.12078 4.0423 2 8 8.74677 8.25531e-05 4.24756 7 
0.777792 5.74165e-05 -1 0.631949 0.250686 0.00622467 98.31 22665.3 9 23428.8 2.1889 2.80366 3 5 13568 6.44521 4.62015 2 7 8.82728 8.3522e-05 5.22057 7 
0.784017 5.77438e-05 -1 0.633507 0.250524 0.00622467 98.884 22699.4 6 8589.37 2.332 3.92981 3 5 4852.2 6.05146 3.80904 2 10 10.236 4.81956e-05 3.40967 6 
0.790242 5.80797e-05 -1 0.635064 0.250388 0.00622467 99.4355 22738.3 5 7638.35 1.85653 5.28274 3 5 4710.56 4.67471 3.98716 2 10 10.4509 3.87089e-05 3.49248 6 
0.796466 5.84481e-05 -1 0.636618 0.25022 0.00622467 99.9785 22778.7 8 6136.84 2.45885 2.65859 2 5 4220.03 6.17104 3.6897 2 9 8.1404 4.21002e-05 3.86699 6 
0.802691 5.89637e-05 -1 0.638172 0.25005 0.00622467 100.517 22819.6 8 4932.28 2.41959 2.59217 2 5 3557.29 8.17922 3.3704 2 9 7.53378 4.68079e-05 3.78897 6 
0.808916 5.95918e-05 -1 0.639724 0.249847 0.00622467 101.027 22866.6 8 4339.49 2.5102 2.53931 2 5 2973.71 6.20348 3.43663 2 8 7.20384 8.47585e-05 4.13212 6 
0.81514 6.02577e-05 -1 0.641275 0.249613 0.00622467 102.233 22757.2 11 20481.8 1.82185 2.33485 4 5 11783 3.84116 4.98148 2 24 9.04256 7.25194e-05 1.63052 7 
0.821365 6.05415e-05 -1 0.642828 0.249385 0.00622467 103.27 22687.1 6 10155.5 2.30358 4.04933 3 5 5856.32 3.17861 4.4986 2 20 10.3383 5.70331e-05 1.83196 7 
0.82759 6.08526e-05 -1 0.644374 0.249131 0.00622467 104.03 22678.9 5 8349.37 1.52991 5.58982 2 5 5672.97 7.70841 3.74429 2 14 9.18607 5.06032e-05 2.37487 7 
0.833814 6.15145e-05 -1 0.645921 0.248851 0.00622467 104.649 22701.5 5 6731.41 1.9556 5.0976 3 6 5160.05 6.15217 3.07094 2 10 9.45593 3.79007e-05 3.46502 7 
0.840039 6.23376e-05 -1 0.647467 0.24863 0.00622467 105.227 22732.4 6 5611.4 0.645024 4.53505 3 6 4399.74 4.7478 3.1224 2 9 8.55587 3.01243e-05 4.03578 7 
0.846264 6.2775e-05 -1 0.64901 0.24839 0.00622467 105.76 22772.7 6 6982.39 1.14421 4.2748 3 6 4092.33 5.25387 3.0333 2 8 7.37812 6.08268e-05 4.31998 7 
0.852488 6.31767e-05 -1 0.650553 0.248086 0.00622467 106.432 22782.9 6 13827.6 1.18869 4.76007 3 6 7907.58 2.62543 3.80021 3 7 10.3376 8.67648e-05 5.31072 7 
0.858713 6.36569e-05 -1 0.652093 0.247802 0.00622467 106.896 22837.2 6 9510.8 1.03673 4.57536 3 5 5864.2 7.40485 3.79961 3 7 8.63559 9.72132e-05 5.09258 6 
0.864938 6.42049e-05 -1 0.65363 0.247491 0.00622467 107.445 22873 6 6223.03 1.78225 3.89498 3 5 4756.46 4.67572 3.99473 3 9 10.621 2.97264e-05 4.14002 6 
0.871162 6.48556e-05 -1 0.655167 0.247172 0.00622467 108.002 22906.9 6 6012.99 0.817991 4.40951 3 4 5017.81 10.2751 4.70091 3 11 9.90029 8.24449e-05 2.89582 5 
0.877387 6.54057e-05 -1 0.6567 0.246841 0.00622467 108.519 22948.8 6 6115.42 0.615491 4.63661 3 4 5022.57 9.797 4.75837 3 10 9.24596 6.22077e-05 3.29011 5 
0.883612 6.58413e-05 -1 0.658232 0.246496 0.00622467 109.439 22905.6 6 25060.6 0.960218 5.44632 3 4 14619.9 8.13435 6.51111 3 21 8.27007 7.11787e-05 1.7426 6 
0.889836 6.61106e-05 -1 0.659763 0.246163 0.00622467 110.606 22812 5 13790.5 1.25404 6.43064 3 4 7771.27 4.60333 6.40995 3 25 12.5678 6.31271e-05 1.62915 7 
0.896061 6.66739e-05 -1 0.661291 0.245761 0.00622467 111.418 22792.8 6 7261.15 2.27148 3.8381 2 4 4185.09 7.50879 4.85885 2 16 11.3059 9.53935e-05 2.07545 7 
0.902286 6.75355e-05 -1 0.662816 0.245417 0.00622467 112.11 22798.2 7 6199.92 2.40353 3.07158 2 4 4003.52 7.31535 4.83673 2 13 9.14188 5.95812e-05 2.50563 7 
0.90851 6.84005e-05 -1 0.664339 0.245069 0.00622467 112.898 22784.2 6 4872.08 2.54635 3.52343 2 4 3351.53 7.54997 4.59013 2 15 8.75913 5.71735e-05 2.21659 7 
0.914735 6.92244e-05 -1 0.665859 0.24472 0.00622467 113.717 22764.2 5 4985.12 1.90124 4.82756 2 4 3687.32 7.65359 4.68502 2 16 7.78907 6.06417e-05 2.08591 7 
0.92096 6.98398e-05 -1 0.667379 0.244298 0.00622467 114.522 22747.2 7 20387 2.33029 3.65708 2 4 11854.1 8.7016 6.07529 2 16 8.83483 7.53634e-05 2.07403 7 
0.927184 7.06104e-05 -1 0.668895 0.243923 0.00622467 115.31 22733.9 9 10186.1 1.89619 2.59692 2 5 5811.59 2.29554 4.79382 2 15 9.41259 9.03021e-05 2.1604 7 
0.933409 7.12158e-05 -1 0.670411 0.243491 0.00622467 116.096 22721 6 8433.93 2.07371 3.99528 2 5 5495.11 7.73167 3.71827 2 15 9.02872 9.00796e-05 2.15477 7 
0.939634 7.20721e-05 -1 0.671922 0.243115 0.00622467 116.852 22714.3 7 7121.19 2.16543 3.18002 2 5 5278.6 8.26861 3.63929 2 14 9.10346 7.27764e-05 2.31253 7 
0.945858 7.31758e-05 -1 0.67343 0.242717 0.00622467 117.556 22717.6 7 5627.05 1.90929 3.13062 2 5 4320.19 8.00377 3.51918 2 13 9.13218 7.49175e-05 2.46167 7 
0.952083 7.42805e-05 -1 0.674936 0.242299 0.00622467 118.267 22719.5 7 5077.82 2.14967 3.0332 2 5 3496.84 8.16073 3.36039 2 12 7.3572 6.32293e-05 2.64332 7 
0.958308 7.53352e-05 -1 0.676441 0.241947 0.00622467 119.426 22636.3 10 14169.1 2.38962 2.38397 2 5 8322.46 8.07766 4.00491 2 24 9.62286 6.78436e-05 1.6393 7 
0.964532 7.60112e-05 -1 0.677942 0.241529 0.00622467 120.386 22591.9 8 10475.6 2.36024 2.85695 2 5 6340.57 6.98556 3.90468 2 19 10.5713 6.03669e-05 1.88784 7 
0.970757 7.64549e-05 -1 0.679445 0.241134 0.00622467 121.08 22597.7 7 6452.21 2.25415 3.11758 2 5 4806.97 5.38171 3.89216 2 13 10.5989 4.40283e-05 2.59396 7 
0.976982 7.70783e-05 -1 0.680941 0.240756 0.00622467 121.672 22622.4 7 6139.65 0.943204 3.50583 2 5 5105.2 4.57775 4.06885 2 10 9.8965 6.79289e-05 3.28354 7 
0.983207 7.76297e-05 -1 0.682434 0.240354 0.00622467 122.226 22654 6 6085.91 1.82122 3.86658 2 5 5021.81 4.88661 4.00286 2 9 9.30773 3.28825e-05 4.03426 7 
0.989431 7.83822e-05 -1 0.683924 0.239914 0.00622467 122.758 22689.1 7 24126.8 1.09826 4.17116 2 6 14105.4 4.55256 3.81817 2 8 8.36679 5.61887e-05 4.43214 7 
0.995656 7.90092e-05 -1 0.685414 0.239539 0.00622467 123.343 22714.5 6 14295.8 1.2687 4.73487 2 6 8068.17 5.40197 3.38094 2 11 12.6022 6.73365e-05 3.01502 6 
1.00188 7.9653e-05 -1 0.686901 0.239109 0.00622467 123.903 22744 7 7568 1.07699 3.54437 2 5 4373.19 4.79589 3.90828 2 10 11.155 9.623e-05 3.20934 6 
1.00811 8.02029e-05 -1 0.688388 0.238735 0.00622467 124.44 22777.5 6 6359.87 1.43326 4.05372 3 5 4124.71 2.69779 4.33388 2 10 11.9904 5.29038e-05 3.4319 6 
1.01433 8.08884e-05 -1 0.689868 0.238356 0.00622467 125.014 22803.9 5 5199.9 2.02763 4.80619 3 4 3588.67 7.27815 4.71225 3 11 9.95337 5.30383e-05 3.01577 6 
1.02055 8.14496e-05 -1 0.691349 0.237966 0.00622467 125.59 22829.9 5 4123.15 0.84496 5.46611 3 4 3026.87 8.70502 4.31823 2 10 12.3327 6.21963e-05 3.38633 6 
1.02678 8.19773e-05 -1 0.692823 0.237636 0.00622467 126.677 22763.2 5 20595.8 2.45188 6.09335 2 5 11987.6 6.502 4.49922 2 21 8.72918 6.58832e-05 1.75353 7 
1.033 8.27877e-05 -1 0.694297 0.237219 0.00622467 127.678 22713.1 6 10467.9 2.43845 4.03142 2 5 5973.26 6.74037 3.88602 2 21 9.49504 6.11557e-05 1.76682 7 
1.03923 8.37653e-05 -1 0.695769 0.236724 0.00622467 128.384 22715.8 7 8826.15 2.09274 3.29507 2 5 5774.61 4.84175 4.12386 2 14 8.73867 8.62596e-05 2.27796 7 
1.04545 8.46369e-05 -1 0.69724 0.236352 0.00622467 128.924 22747.7 6 7114.63 2.31555 3.81285 2 4 5363.15 8.76903 4.97298 2 10 10.325 5.36185e-05 3.37643 7 
1.05168 8.56023e-05 -1 0.698705 0.235976 0.00622467 129.419 22787.5 6 6080.67 2.11206 3.77173 2 4 4755.62 7.00598 5.10428 2 9 12.5024 3.92e-05 4.08811 7 
1.0579 8.65776e-05 -1 0.700171 0.235535 0.00622467 129.882 22832.2 7 5349.64 2.18695 3.04838 2 4 3708.24 9.14872 4.48696 2 8 12.0892 6.27336e-05 4.57733 7 
1.06413 8.7488e-05 -1 0.701632 0.235117 0.00622467 130.364 22873.5 7 13980.8 2.43066 3.44441 2 5 8047.6 4.17614 4.53919 2 8 13.077 2.76907e-05 5.12002 7 
1.07035 8.80009e-05 -1 0.703092 0.234659 0.00622467 130.798 22922.9 6 9734.91 2.36565 4.0031 2 5 5941.34 4.71706 4.1691 2 8 8.64078 4.76523e-05 4.54264 6 
1.07658 8.81555e-05 -1 0.704549 0.234268 0.00622467 131.253 22968.2 9 5650.72 2.44396 2.36472 2 5 4109 7.81451 3.5008 2 8 10.5982 7.63574e-05 4.39337 6 
1.0828 8.83746e-05 -1 0.706004 0.233912 0.00622467 131.746 23006.7 7 5112.75 2.22589 3.0211 2 5 4353.56 7.82831 3.54026 2 11 9.58196 4.81034e-05 3.03216 5 
1.08903 8.85524e-05 -1 0.707454 0.233518 0.00622467 132.199 23051.8 7 6092.66 2.49889 3.04695 2 5 4978.34 4.65932 4.03415 2 10 10.5902 8.86935e-05 3.21885 5 
1.09525 8.87594e-05 -1 0.708905 0.233186 0.00622467 133.118 23015.7 9 25628.2 2.57671 2.78089 3 5 15004.2 6.24041 4.74461 2 23 12.8962 7.07208e-05 1.69331 6 
1.10148 8.90819e-05 -1 0.710352 0.232831 0.00622467 134.176 22956.4 7 13083 2.40364 3.41736 3 5 7363.38 4.47589 4.39784 2 25 12.2968 6.93496e-05 1.62162 7 
1.1077 8.94149e-05 -1 0.711799 0.232439 0.00622467 134.94 22947.8 8 7973.71 2.28576 2.77223 2 5 4705.89 4.93242 3.94381 2 16 14.5698 7.80458e-05 2.13523 7 
1.11392 8.96273e-05 -1 0.713242 0.232079 0.00622467 135.497 22974.4 7 6867.28 1.06108 3.50295 2 5 4626.14 8.71359 3.50755 2 10 15.9533 8.14219e-05 3.38229 7 
1.12015 8.97484e-05 -1 0.714684 0.231683 0.00622467 136.024 23005.9 8 5449.71 2.15433 2.66307 3 6 3869.88 8.3769 2.78037 2 9 10.9936 7.88471e-05 3.72902 7 
1.12637 8.99318e-05 -1 0.71612 0.231325 0.00622467 136.54 23038.9 8 4323.63 2.09232 2.59659 2 5 3223.31 9.98755 3.17518 2 9 7.34158 3.67496e-05 3.88104 7 
1.1326 9.01686e-05 -1 0.717556 0.231034 0.00622467 137.108 23062.9 8 20784.9 1.04947 3.44427 2 7 12076.6 3.14432 3.25132 2 10 10.1658 5.83696e-05 3.34269 7 
1.13882 9.05927e-05 -1 0.71899 0.230627 0.00622467 137.809 23064.5 7 11231.9 1.99094 3.4349 2 6 6488.25 6.44943 3.16544 2 14 12.6991 5.20463e-05 2.42557 7 
1.14505 9.12373e-05 -1 0.720423 0.230301 0.00622467 138.578 23054.8 7 8528.3 1.67401 3.38522 2 5 5725.06 9.57486 3.59194 2 16 12.3457 7.1086e-05 2.12561 7 
1.15127 9.20159e-05 -1 0.721852 0.229939 0.00622467 139.38 23039.6 6 7219.84 1.28741 4.21504 3 4 5627.02 8.62387 5.0541 3 17 9.75007 6.5384e-05 2.01523 7 
1.1575 9.22867e-05 -1 0.723282 0.229659 0.00622467 140.156 23029 5 6174.63 1.48667 5.29273 3 4 4999.56 6.40808 5.28507 3 17 13.54 7.83148e-05 2.03285 7 
1.16372 9.27482e-05 -1 0.724705 0.229266 0.00622467 140.939 23017.3 6 7385.76 1.51054 4.11981 2 4 4357.26 5.09249 5.40842 3 17 17.9054 8.74837e-05 2.05312 7 
1.16995 9.32126e-05 -1 0.72613 0.228971 0.00622467 141.953 22968.2 7 15089.6 1.55104 3.71298 2 4 8704.52 4.33173 6.69531 3 24 14.5502 6.30611e-05 1.67287 7 
1.17617 9.36971e-05 -1 0.727552 0.228619 0.00622467 142.783 22949.5 6 7908.99 2.50494 3.83019 2 4 4940.2 9.09226 4.82801 2 18 9.13279 9.78033e-05 1.88853 7 
1.1824 9.44449e-05 -1 0.728972 0.22833 0.00622467 143.473 22953.4 6 6005.97 1.64706 3.92325 2 5 3569.62 6.64779 3.51551 2 14 11.7118 6.98119e-05 2.36152 7 
1.18862 9.52028e-05 -1 0.730388 0.228017 0.00622467 144.135 22961.6 7 5009.12 1.53087 3.17773 2 5 3244.74 4.32025 3.75953 2 13 10.2286 8.96961e-05 2.44908 7 
1.19485 9.5924e-05 -1 0.731805 0.227777 0.00622467 144.778 22972.8 6 5216.07 0.869479 4.26266 2 5 4160.59 3.09118 4.2248 2 13 8.34428 4.39023e-05 2.54724 7 
1.20107 9.6466e-05 -1 0.733216 0.227434 0.00622467 145.373 22991.5 6 26979.2 1.9757 4.88898 2 5 15818.3 5.1584 4.98114 2 12 13.8374 4.58315e-05 2.86192 7 
1.20729 9.70854e-05 -1 0.734629 0.227089 0.00622467 145.953 23012.4 6 9565.85 2.24766 4.02561 2 5 5298.99 4.71492 4.07515 2 11 13.6356 5.01871e-05 3.11894 7 
1.21352 9.75479e-05 -1 0.736039 0.226815 0.00622467 146.618 23019.8 6 8647.5 2.09615 4.00477 2 5 5262.33 6.19331 3.85346 2 15 18.6196 5.16429e-05 2.34673 6 
1.21974 9.82702e-05 -1 0.737451 0.226584 0.00622467 147.267 23029.6 7 7102.93 1.26583 3.43226 2 5 5008.8 3.53242 4.26906 2 15 17.8018 5.68123e-05 2.32488 6 
1.22597 9.89104e-05 -1 0.738856 0.226288 0.00622467 147.848 23049.8 6 5932.57 2.58064 3.63289 2 5 4407.13 4.28717 4.00311 2 13 10.1177 8.82634e-05 2.45006 6 
1.23219 9.95472e-05 -1 0.740261 0.226012 0.00622467 148.408 23073.2 6 4553.01 2.30737 3.54158 2 5 3496.47 4.62314 3.76477 2 12 9.59838 8.91209e-05 2.62634 6 
1.23842 0.000100242 -1 0.741663 0.225765 0.00622467 149.528 23010 9 20670.3 2.3047 2.74911 3 5 12015.4 5.2149 4.70434 2 25 8.91438 9.52219e-05 1.58072 7 
1.24464 0.000100681 -1 0.743066 0.225511 0.00622467 150.423 22982.1 5 11338.1 2.46738 5.40084 3 5 6638.59 3.84955 4.43949 2 20 10.0524 6.51714e-05 1.81723 7 
1.25087 0.000100952 -1 0.744464 0.225382 0.00622467 151.061 22993.4 5 7826.75 2.47089 5.01355 2 5 5465.55 3.39778 4.37812 2 13 11.3898 9.92361e-05 2.4503 7 
1.25709 0.000101687 -1 0.745865 0.22496 0.00622467 151.607 23018.7 6 6345.04 2.44562 3.70687 2 5 5161.54 3.82548 4.22687 2 10 14.3455 9.07245e-05 3.31054 7 
1.26332 0.000102398 -1 0.747261 0.224725 0.00622467 152.206 23035.7 6 6358.08 2.08935 3.80673 2 5 5263.21 4.64093 4.08253 2 13 16.9119 4.82512e-05 2.67002 6 
1.26954 0.000103112 -1 0.748657 0.224496 0.00622467 152.767 23058.4 7 11901.5 2.14821 3.42601 2 5 7016.65 7.25242 3.95484 2 11 20.4589 6.09769e-05 3.17935 6 
1.27577 0.000103806 -1 0.75005 0.224267 0.00622467 153.439 23064.1 6 16232.4 2.02444 4.47383 2 6 9343.55 3.49446 3.72554 2 17 25.1288 8.56617e-05 2.09706 5 
1.28199 0.000104604 -1 0.751446 0.224071 0.00622467 154.097 23072.1 6 7334.05 1.85103 3.97791 2 5 4185.09 3.90611 4.03638 2 17 11.8998 7.75651e-05 2.01861 5 
1.28822 0.000105397 -1 0.752837 0.223889 0.00622467 154.715 23085.8 6 6525.48 1.25423 4.16268 3 5 4099.56 2.86608 4.27651 2 15 9.60988 5.97827e-05 2.2237 5 
1.29444 0.000105812 -1 0.754228 0.223726 0.00622467 155.323 23100.9 6 5257.67 0.698959 4.42646 3 4 3533.41 10.0001 4.33559 3 15 8.9427 6.42437e-05 2.20247 5 
1.30066 0.000106178 -1 0.755614 0.223485 0.00622467 155.982 23108.4 6 4234.84 1.50939 3.75554 2 4 2984.05 4.18854 5.16637 3 17 11.1661 9.48131e-05 1.98745 5 
1.30689 0.000106734 -1 0.757003 0.223292 0.00622467 157.726 22956.6 9 24478.7 2.44617 2.78277 2 4 14345.8 5.11877 7.27596 3 48 14.0972 8.16344e-05 1.28561 6 
1.31311 0.000107167 -1 0.758388 0.223095 0.00622467 158.731 22914.6 8 10202.4 2.56918 2.8175 2 5 5822.58 3.00674 4.54364 2 23 17.4586 9.39358e-05 1.69471 7 
1.31934 0.000107614 -1 0.759775 0.222925 0.00622467 159.476 22910.3 9 8834.98 1.80724 2.56986 3 4 5541.31 8.51368 5.05096 2 15 20.0643 7.83629e-05 2.29379 7 
1.32556 0.000107967 -1 0.761158 0.222756 0.00622467 160.073 22927.2 6 7466.13 1.98164 3.94468 3 5 5477.92 3.33182 4.39731 2 10 14.5347 7.45363e-05 3.38068 7 
1.33179 0.000108439 -1 0.762544 0.222626 0.00622467 160.691 22941 5 6083.55 2.3948 4.79709 2 5 4725.53 2.52257 4.51358 2 13 23.1198 5.82491e-05 2.69568 6 
1.33801 0.000109069 -1 0.763924 0.222426 0.00622467 161.535 22922.4 10 4940.87 1.91281 2.19388 3 4 3911 8.27603 4.66248 2 21 38.4213 7.41591e-05 1.87118 5 
1.34424 0.000109449 -1 0.765306 0.222281 0.00622467 162.285 22917.5 8 17678 2.38866 3.04551 2 5 10270.4 4.73556 4.64775 2 18 16.827 7.89797e-05 1.97709 5 
1.35046 0.00010984 -1 0.766686 0.222146 0.00622467 162.928 22927.7 7 11173.3 2.29765 3.36279 2 5 6661.8 4.28253 4.34889 2 14 10.0038 5.91433e-05 2.36291 5 
1.35669 0.000110363 -1 0.768068 0.221981 0.00622467 163.523 22944.5 8 6120.94 2.28849 2.68169 3 5 4497.18 5.65591 3.80266 2 12 12.5738 9.66324e-05 2.66806 5 
1.36291 0.000110827 -1 0.769445 0.221853 0.00622467 164.086 22965.6 6 5227.96 2.51152 3.57327 2 5 4428.79 4.81461 3.91512 2 12 16.7116 7.24881e-05 2.79831 5 
1.36914 0.000111301 -1 0.770823 0.221704 0.00622467 164.679 22982.3 8 6113.02 2.38337 2.66768 3 5 4881.23 4.3311 4.07743 2 13 18.8801 4.76483e-05 2.69533 5 
1.37536 0.000111841 -1 0.772197 0.221611 0.00622467 165.375 22984.6 8 19363.3 2.24528 3.1043 3 5 11439.1 4.29019 4.84377 2 17 15.2466 5.69591e-05 2.08579 5 
1.38159 0.000112226 -1 0.773576 0.221607 0.00622467 166.588 22915.6 5 15584.7 2.13201 5.92627 2 5 8905.18 3.49378 4.80031 2 28 20.7572 7.2931e-05 1.56601 7 
1.38781 0.000112903 -1 0.774951 0.221394 0.00622467 167.397 22902.8 6 7896.87 2.53241 3.82226 2 5 4586.3 9.10482 3.47087 2 17 18.9468 7.58516e-05 2.07732 7 
1.39403 0.000113691 -1 0.776328 0.221248 0.00622467 168.127 22900.8 6 6789.37 2.54696 3.72364 2 6 4465.35 3.61387 3.27577 2 17 28.304 9.17056e-05 2.10334 6 
1.40026 0.000114307 -1 0.777701 0.221145 0.00622467 169.226 22848.9 5 5651.41 2.44361 4.70787 3 6 3949.51 3.34036 3.25181 2 29 48.5356 6.32837e-05 1.5956 6 
1.40648 0.000114846 -1 0.779077 0.221208 0.00622467 170.218 22812 6 4385.19 0.516969 4.516 3 6 3200.11 2.49502 3.29621 2 24 40.1139 9.9823e-05 1.712 7 
1.41271 0.000114965 -1 0.780448 0.221179 0.00622467 171.117 22787.8 7 22416.3 1.64385 3.89647 3 7 13163 4.20746 3.15743 2 19 14.9544 5.95203e-05 1.92405 7 
1.41893 0.000114912 -1 0.781823 0.221139 0.00622467 172.018 22763.7 6 10716.2 2.41508 4.0537 3 5 6156.03 8.92166 3.69633 3 19 13.9708 7.37656e-05 1.89564 7 
1.42516 0.000114767 -1 0.783193 0.221082 0.00622467 172.976 22732.4 6 9029.69 2.49129 3.91929 3 6 5819.05 8.9142 2.94529 2 20 16.4335 5.30229e-05 1.88176 7 
1.43138 0.00011453 -1 0.784568 0.221039 0.00622467 173.856 22711.5 7 7180.99 2.01662 3.21637 3 5 5453.42 6.76109 3.81356 3 18 12.7928 9.08861e-05 1.93208 7 
1.43761 0.000114157 -1 0.785938 0.220958 0.00622467 174.755 22688.5 8 6894.24 1.8799 2.78961 3 5 5142.29 6.63122 3.78367 3 18 16.835 5.63741e-05 2.01453 7 
1.44383 0.000113575 -1 0.78731 0.220913 0.00622467 175.621 22669.9 8 5056.94 1.9826 2.66582 3 5 4085.73 7.70569 3.50664 3 17 22.3628 5.05725e-05 2.1483 7 
1.45006 0.00011292 -1 0.788679 0.220839 0.00622467 176.696 22624.7 9 15371.7 2.21951 2.67127 2 4 9095.37 9.33212 5.5874 3 24 28.5786 9.35934e-05 1.69252 7 
1.45628 0.000112201 -1 0.790052 0.220786 0.00622467 177.583 22604 6 10019.3 1.55589 4.3133 2 5 6044.86 4.46236 4.23023 2 19 30.1946 9.8664e-05 1.94413 7 
1.46251 0.00011221 -1 0.791423 0.220757 0.00622467 178.547 22573.6 6 5926.43 1.09732 4.18867 2 5 3571.67 4.77339 3.75672 2 24 48.2606 9.87273e-05 1.72603 6 
1.46873 0.000112869 -1 0.792796 0.220748 0.00622467 179.467 22549.3 6 4945.53 0.943068 4.16817 2 4 3475.32 10.2116 4.29512 2 23 45.2448 8.25145e-05 1.77633 6 
1.47496 0.000113618 -1 0.794164 0.220723 0.00622467 180.351 22529.6 6 6403.64 0.95932 4.33921 2 5 6198.99 3.57475 4.44442 2 20 20.3475 9.6205e-05 1.84614 6 
1.48118 0.000114202 -1 0.795536 0.220701 0.00622467 181.141 22521.7 6 21735.9 2.10514 4.66641 2 4 12866.9 10.0101 5.98768 2 18 13.5366 9.89861e-05 1.92899 6 
1.4874 0.000115048 -1 0.796904 0.22074 0.00622467 181.905 22517.3 7 14634.3 2.29111 3.49638 2 5 8354.69 2.37543 5.11962 2 17 14.7832 9.95173e-05 2.01478 6 
1.49363 0.000115833 -1 0.798278 0.220663 0.00622467 182.656 22514.4 7 8160.74 2.08699 3.25966 2 5 4805.05 7.15165 3.6767 2 16 18.8125 6.23342e-05 2.2003 6 
1.49985 0.000116453 -1 0.799647 0.220681 0.00622467 183.394 22513.1 8 7143.51 1.66855 2.84411 2 5 4858.95 10.1234 3.4375 2 15 22.6239 5.51607e-05 2.36699 6 
1.50608 0.000117172 -1 0.801019 0.220713 0.00622467 184.103 22515.4 7 8136.75 2.37487 3.1987 2 6 4170.88 2.87045 3.36548 2 15 28.9339 6.88914e-05 2.37073 6 
1.5123 0.000118059 -1 0.802387 0.220716 0.00622467 184.775 22522.2 7 6823.98 2.42588 3.10984 2 5 3467.27 10.011 3.22034 2 14 34.1856 6.22892e-05 2.57016 6 
1.51853 0.000119197 -1 0.80376 0.220777 0.00622467 187.014 22340.1 11 20765.7 2.2072 2.29735 2 5 12222 10.2503 4.12364 2 61 36.7567 8.91645e-05 1.23609 6 
1.52475 0.000119718 -1 0.805131 0.220806 0.00622467 188.066 22302.3 8 11253.8 2.21598 2.90547 2 5 6522.6 9.33311 3.70577 2 23 29.5258 8.0511e-05 1.74553 7 
1.53098 0.000120006 -1 0.806505 0.220855 0.00622467 188.826 22299.3 7 8637.37 2.45295 3.21122 2 5 5684.84 5.84381 3.95917 2 15 15.5033 4.67751e-05 2.33361 7 
1.5372 0.000120499 -1 0.807875 0.220889 0.00622467 189.438 22313.8 7 7089.35 2.03783 3.20568 2 5 5507.14 4.53306 4.13911 2 11 15.4905 3.38608e-05 3.27023 7 
1.54343 0.00012117 -1 0.809249 0.220958 0.00622467 189.982 22336.1 7 6246.2 1.61129 3.25563 2 5 5121.46 4.51299 4.08306 2 9 15.4186 6.14284e-05 3.98074 7 
1.54965 0.000121904 -1 0.810619 0.221016 0.00622467 190.525 22358.4 6 5360.8 1.4843 3.91698 2 5 4389 3.36072 4.19939 2 9 18.0818 3.03883e-05 4.38142 7 
1.55588 0.000122352 -1 0.811995 0.221065 0.00622467 191.027 22385.4 8 13868.1 2.09955 3.00252 2 6 8241.38 2.90049 3.76347 2 8 23.1718 6.16896e-05 4.97558 7 
1.5621 0.000122592 -1 0.813366 0.221151 0.00622467 191.581 22406.3 6 9166.54 1.40691 4.32172 2 5 5608.52 5.84958 3.94771 2 11 28.3403 3.90554e-05 3.4103 6 
1.56833 0.000123043 -1 0.814742 0.221244 0.00622467 192.174 22422.3 7 6068.74 1.16745 3.39498 2 5 4319.7 3.42299 4.17071 2 12 27.509 4.8269e-05 3.01752 6 
1.57455 0.000123223 -1 0.816114 0.221293 0.00622467 192.776 22437.3 6 6435.48 2.18215 3.78689 3 4 3635.56 8.53009 4.54364 3 12 26.8027 3.70072e-05 3.0784 6 
1.58077 0.000123329 -1 0.817491 0.221404 0.00622467 193.472 22441.3 6 9928.27 1.90673 4.16323 2 4 3730.66 5.79228 5.03772 3 17 43.8866 8.94229e-05 2.16151 5 
1.587 0.000123594 -1 0.818865 0.221481 0.00622467 194.89 22362.1 7 23541.9 2.35607 3.72717 2 4 13947 5.64243 7.05105 3 42 59.3421 8.20246e-05 1.37883 5 
1.59322 0.000123919 -1 0.820243 0.22163 0.00622467 196.101 22307.5 7 13361.7 2.06893 3.50189 2 5 7596.09 2.80222 4.85979 2 28 74.8931 8.87397e-05 1.628 7 
1.59945 0.000124596 -1 0.821618 0.221712 0.00622467 197.592 22222.2 8 8488.14 2.18284 2.81011 2 5 5046.08 5.61569 3.89682 2 38 50.1865 7.80452e-05 1.42183 6 
1.60567 0.000125156 -1 0.822998 0.221821 0.00622467 198.369 22217.6 8 8263.65 2.01968 2.82804 2 5 7490.49 3.65934 4.59432 2 17 21.6566 8.4848e-05 2.07996 6 
1.6119 0.00012555 -1 0.824374 0.221957 0.00622467 199.033 22225.9 6 7178.9 1.94621 3.93077 2 5 5386.81 3.33062 4.3829 2 14 22.9518 8.03601e-05 2.453 6 
1.61812 0.000126131 -1 0.825755 0.222055 0.00622467 199.674 22236.6 8 6902 2.18861 2.73748 2 5 7298.22 3.09038 4.7276 2 13 24.3577 4.51875e-05 2.7599 6 
1.62435 0.000126708 -1 0.827133 0.222164 0.00622467 200.251 22254.3 10 20176.6 2.22821 2.48708 2 5 11910.3 4.31927 4.87644 2 11 24.8581 8.15729e-05 3.15165 6 
1.63057 0.00012712 -1 0.828515 0.222311 0.00622467 200.9 22264 9 11239.7 2.20445 2.5819 2 5 6537.18 3.67639 4.46677 2 14 30.9619 6.69419e-05 2.53894 5 
1.6368 0.000127878 -1 0.829893 0.222408 0.00622467 201.538 22274.8 7 8608.79 2.11152 3.27917 2 5 5743.58 3.52493 4.38941 2 15 39.031 8.04984e-05 2.39354 5 
1.64302 0.000128452 -1 0.831278 0.222526 0.00622467 202.217 22281 8 6869.17 1.9626 2.77338 2 5 5252.17 5.30595 3.97297 2 16 39.5769 7.58126e-05 2.27696 5 
1.64925 0.000128994 -1 0.832658 0.222661 0.00622467 203.241 22249.3 8 6409.08 2.10182 2.726 2 5 6467.21 4.56707 4.26792 2 32 65.8342 9.85737e-05 1.52062 4 
1.65547 0.000129629 -1 0.834044 0.222833 0.00622467 204.21 22224 9 9896.64 2.37066 2.52517 2 5 5178.81 2.75068 4.51812 2 30 87.926 9.07574e-05 1.58322 4 
1.6617 0.000130654 -1 0.835426 0.222938 0.00622467 205.649 22148.2 12 14329.9 1.95373 2.0995 3 5 8388.75 6.12969 4.23889 2 32 106.091 7.67541e-05 1.55558 7 
1.66792 0.000130917 -1 0.836814 0.223077 0.00622467 206.646 22120.6 7 9236.17 1.98858 3.3408 3 5 5261.61 4.48756 4.10981 2 21 85.4702 5.85685e-05 1.96576 7 
1.67415 0.000131024 -1 0.838198 0.223243 0.00622467 207.572 22100.8 9 8494.05 2.4541 2.47313 2 5 7337.7 4.08014 4.4769 2 21 48.4633 9.96313e-05 1.86556 6 
1.68037 0.000131441 -1 0.839588 0.223377 0.00622467 209.009 22027.3 7 11017.8 1.48616 3.57159 2 5 9813.5 8.97679 4.05266 2 42 37.4117 9.23789e-05 1.35991 5 
1.68659 0.000131923 -1 0.840973 0.223532 0.00622467 210.16 21984.7 6 10389.4 2.08345 4.13334 2 6 7765.46 3.73126 3.57316 2 32 41.5988 6.94585e-05 1.51545 5 
1.69282 0.00013282 -1 0.842365 0.223703 0.00622467 210.96 21978.9 7 23046 2.38507 3.70936 2 7 13680.1 4.13546 3.18269 2 20 37.5417 9.85002e-05 1.90131 5 
1.69904 0.000133866 -1 0.843753 0.22385 0.00622467 212.039 21944.4 7 13346.3 1.71691 3.59585 2 6 8451.62 10.0618 3.07169 2 35 48.2147 7.42169e-05 1.46581 4 
1.70527 0.00013472 -1 0.845147 0.224014 0.00622467 212.76 21947 6 12337.8 1.85998 4.33466 2 6 7641.76 3.71006 3.56699 2 18 60.2675 4.68191e-05 2.18487 5 
1.71149 0.000135386 -1 0.846536 0.224166 0.00622467 213.616 21935.7 6 7320.44 0.841379 4.53514 3 5 7214.57 3.95106 4.49055 2 20 56.4966 8.03512e-05 1.96043 6 
1.71772 0.000135888 -1 0.847932 0.224328 0.00622467 214.916 21879.3 5 5931.57 1.49981 5.24115 3 4 4751.44 9.33331 4.75004 3 33 67.9726 8.79154e-05 1.50811 6 
1.72394 0.00013631 -1 0.849323 0.224492 0.00622467 216.045 21840.7 6 9134.93 2.16137 4.02096 2 4 8105.4 4.95148 6.36077 3 26 61.9191 5.48013e-05 1.70926 7 
1.73017 0.000136442 -1 0.850721 0.224648 0.00622467 217.051 21815 9 20192.6 2.08633 2.77248 2 4 11944.9 5.56211 6.80747 3 21 73.0666 5.83081e-05 1.95155 7 
1.73639 0.000137196 -1 0.852116 0.224828 0.00622467 218.086 21786.6 9 20506.3 2.0421 2.78385 2 4 7854.12 8.01644 5.59473 2 22 65.5323 5.93579e-05 1.88227 7 
1.74262 0.000137163 -1 0.853516 0.225024 0.00622467 219.101 21760.5 6 8921.11 2.27082 3.97228 2 4 6684.2 10.0421 5.07933 2 22 74.5096 7.00344e-05 1.8791 7 
1.74884 0.000137803 -1 0.854912 0.225192 0.00622467 220.126 21733.6 8 11022.5 2.07078 2.92259 2 4 6231.14 7.90442 5.29876 2 22 75.1682 7.06727e-05 1.87908 7 
1.75507 0.000138411 -1 0.856314 0.225386 0.00622467 221.157 21706.3 7 8781.26 2.07433 3.29683 2 5 7311.47 2.81893 4.81708 2 22 90.3504 6.17066e-05 1.90658 7 
1.76129 0.000139091 -1 0.857711 0.225559 0.00622467 222.147 21683.3 7 9416.45 1.92323 3.36606 2 5 9005.36 1.94416 5.40946 2 21 90.6703 7.0749e-05 1.95364 7 
1.76752 0.000139806 -1 0.859116 0.225738 0.00622467 223.135 21660.8 7 13947.5 1.95665 3.55162 2 4 8329.48 7.46769 5.77907 2 21 110.035 6.44081e-05 1.98057 7 
1.77356 0.000140473 -1 0.860477 0.225904 0.00604159 224.066 21643.9 6 9782.89 2.52855 3.96217 2 5 9023.9 7.42001 4.13998 2 19 122.26 6.42401e-05 2.14042 7 
1.77963 0.000141259 -1 0.86185 0.226081 0.0060715 224.977 21629.1 6 12919.8 2.39631 4.18747 2 5 12033.8 6.80529 4.46181 2 19 131.048 5.03966e-05 2.17587 7 
1.7857 0.000142085 -1 0.863218 0.226217 0.0060715 225.858 21617.3 7 8806.74 1.632 3.41316 2 5 6978.93 8.84821 3.79653 2 18 140.421 6.224e-05 2.25405 7 
1.7918 0.000142777 -1 0.864598 0.226314 0.00610201 226.707 21608.6 6 15838.4 2.37921 4.33723 2 5 9692.34 9.35015 4.00979 2 17 171.913 7.52395e-05 2.3662 7 
1.7979 0.000143596 -1 0.865974 0.226517 0.00610201 227.966 21561.1 8 12857.9 2.23215 2.95159 2 5 9388.54 7.11732 4.20781 2 32 214.593 8.05631e-05 1.5878 6 
1.80401 0.000144333 -1 0.867357 0.226679 0.00610201 229.165 21519.8 9 15476.1 2.57678 2.62931 2 5 8944.34 6.2166 4.28153 2 27 182.979 9.68824e-05 1.70785 7 
1.81014 0.000144717 -1 0.868744 0.226833 0.0061333 230.01 21511.9 7 12574.8 2.36096 3.40678 2 5 12136.6 6.18635 4.55546 2 17 154.074 9.57946e-05 2.31783 7 
1.81627 0.000145248 -1 0.870138 0.226987 0.0061333 230.803 21509.1 9 22487.8 1.94348 2.82804 2 5 19949.4 7.58547 4.83047 2 15 177.622 4.23328e-05 2.76389 7 
1.82241 0.000145742 -1 0.871526 0.227131 0.0061333 231.797 21487.5 8 17122.6 1.80482 3.14153 2 6 17522.8 8.60967 3.55989 2 23 186.392 9.86294e-05 1.87451 6 
1.82854 0.00014619 -1 0.872919 0.227271 0.0061333 232.807 21464.7 7 14560.1 2.60276 3.43076 2 6 13287.1 9.33401 3.35398 2 23 199.179 5.66544e-05 1.92579 6 
1.83467 0.000146787 -1 0.874307 0.227411 0.0061333 233.769 21446.4 6 25774.5 2.48344 4.67042 2 6 15243.3 7.66283 3.54635 2 21 209.562 6.79793e-05 2.03703 6 
1.84065 0.00014744 -1 0.875667 0.227577 0.00597604 234.684 21432.6 7 14088.2 1.97168 3.55283 2 6 10450.9 5.25877 3.54578 2 19 229.276 7.62571e-05 2.19256 6 
1.84622 0.000147627 -1 0.876933 0.227781 0.00557381 235.488 21429 6 13268.5 2.69475 4.12462 2 6 13590.1 6.49058 3.57676 2 17 213.341 5.65775e-05 2.43696 6 
1.85151 0.000147868 -1 0.878141 0.227943 0.00529256 236.208 21433.1 6 14555.4 2.76383 4.17111 2 5 16488.6 3.95904 5.29564 2 15 151.843 4.75154e-05 2.71417 6 
1.85632 0.000148137 -1 0.879235 0.228071 0.00480538 236.819 21446.9 7 13261.1 2.05011 3.50268 2 5 9112.97 9.71228 3.93068 2 12 85.8708 8.20134e-05 3.17441 6 
1.8606 0.000148419 -1 0.880213 0.228184 0.00428345 237.384 21464.9 6 13485.7 2.76722 4.11754 2 5 18199 4.24025 5.32759 2 11 74.6364 2.97972e-05 3.81687 6 
1.86504 0.00014874 -1 0.881222 0.228246 0.00443345 237.952 21482.5 5 13264.5 3.25524 5.27256 2 5 17793.2 12.9378 4.24306 2 11 81.0806 6.30002e-05 3.59266 6 
1.86958 0.000149086 -1 0.882258 0.228318 0.00453985 238.528 21499.4 6 18503.8 2.82943 4.32441 2 5 13997.5 4.54921 4.98451 2 11 103.584 9.31652e-05 3.54519 6 
1.87423 0.000149202 -1 0.883317 0.228393 0.00465195 239.592 21472.2 6 12727.6 4.52125 3.75763 2 5 11520.5 4.3683 4.83317 2 26 128.065 8.18886e-05 1.73077 6 
1.87898 0.000149557 -1 0.884403 0.228479 0.00475009 240.521 21457.4 6 10148.7 4.15249 3.67015 2 4 9942.62 17.389 4.88997 2 22 157.61 9.42378e-05 1.91814 6 
1.88381 0.000149873 -1 0.885504 0.228573 0.00483199 241.289 21457.1 7 9383.09 3.60404 3.07565 2 4 10109.8 16.1008 5.0058 2 17 185.855 5.44216e-05 2.4228 6 
1.88871 0.000150161 -1 0.886624 0.228679 0.00489557 241.883 21472.1 6 9556.99 3.20367 3.79413 2 5 9784 6.32973 4.34337 2 12 216.788 6.09396e-05 3.51502 6 
1.89365 0.000150436 -1 0.887751 0.228761 0.00493908 242.521 21483.1 9 18050.4 2.87372 2.64244 2 5 8641.03 7.89932 4.05317 2 12 245.34 7.73573e-05 3.48155 6 
1.89863 0.000150366 -1 0.888892 0.228858 0.00498358 243.155 21494.5 8 20725.6 2.90949 3.031 3 5 9201.01 9.91294 3.92217 2 12 276.711 5.42664e-05 3.62208 6 
1.90364 0.000150257 -1 0.890035 0.228954 0.00500623 243.763 21508.1 6 7018.13 2.45039 3.76846 2 5 9118.02 7.71264 4.11661 2 12 305.346 3.98409e-05 3.74719 6 
1.90866 0.000150444 -1 0.891188 0.228929 0.0050292 244.591 21502.3 6 44161.8 3.5645 4.81033 2 5 38308 5.24811 5.92458 2 21 325.911 8.75597e-05 2.05539 5 
1.91058 0.000150635 -1 0.891626 0.22923 0.00191127 245.053 21528.6 7 10816.1 23.0263 2.4082 2 5 73765.5 101.513 3.73479 2 9 65.9705 5.91483e-05 4.69823 4 
1.91271 0.000150379 -1 0.892116 0.229468 0.00213613 245.667 21541.5 5 7986.55 20.8695 3.28526 3 6 54430.7 72.7562 3.01298 2 17 60.7392 4.77338e-05 2.28611 4 
1.91506 0.000150697 -1 0.892653 0.229385 0.00234329 246.21 21560.5 5 15123.7 12.6904 4.12322 2 4 18355.7 44.9483 4.49536 2 14 73.771 6.59335e-05 2.70431 4 
1.91759 0.000150956 -1 0.893234 0.229355 0.00253492 246.831 21572.7 5 17799.4 3.66635 5.46052 2 4 17694.5 38.7109 4.62382 2 17 82.2412 6.22252e-05 2.29122 4 
1.9203 0.000151085 -1 0.893855 0.229271 0.00271281 247.486 21581.8 4 17167 11.835 6.17137 2 4 18113.2 25.8252 5.14622 2 19 86.3524 6.63906e-05 2.09797 4 
1.92319 0.00015128 -1 0.894518 0.229244 0.00288689 248.185 21587 5 14126.4 8.5725 4.39931 2 4 15572.2 15.1382 5.66329 2 21 87.8433 6.66467e-05 1.95625 4 
1.92625 0.000151491 -1 0.895218 0.229226 0.00305912 248.937 21587.6 5 11381.7 6.50042 4.453 2 4 13526.1 17.9466 5.23959 2 23 88.5472 6.57048e-05 1.84716 4 
1.92946 0.000151704 -1 0.895955 0.229247 0.00321482 249.659 21590.8 5 10348.6 5.71131 4.48363 2 4 12093.2 21.3742 4.87711 2 24 91.7337 9.89816e-05 1.77265 4 
1.93284 0.000151973 -1 0.896728 0.229253 0.00337709 250.43 21589.7 5 10982.9 5.72602 4.53495 2 4 12505.1 24.1091 4.77228 2 27 111.855 7.37086e-05 1.69407 4 
1.93636 0.000152276 -1 0.897535 0.229254 0.00352198 251.45 21567.3 5 8273.9 5.7483 4.28188 2 4 11979.6 30.2061 4.46259 2 30 134.138 7.93732e-05 1.61286 4 
1.94003 0.000152623 -1 0.898374 0.229245 0.00366771 252.363 21554.2 6 15191.5 5.39644 3.75764 2 5 8637.37 3.4213 4.79113 2 23 159.079 9.75435e-05 1.86254 5 
1.94383 0.000152919 -1 0.899245 0.229261 0.00379917 253.405 21530.3 6 9890.42 5.67012 3.46953 2 5 11442.4 5.85878 4.55137 2 21 186.782 5.56631e-05 2.04527 6 
1.94774 0.000153245 -1 0.900141 0.229267 0.00391174 254.167 21530.2 5 6040.12 6.4323 3.9313 2 5 9862.81 3.77027 4.82531 2 18 216.563 4.93938e-05 2.33881 6 
1.95176 0.000153706 -1 0.901064 0.229292 0.00401625 255.595 21474 9 19267.2 5.85914 2.4591 2 5 7140.02 5.50004 4.19437 2 39 249.008 7.81931e-05 1.46806 5 
1.95588 0.000154273 -1 0.902009 0.229246 0.00412694 256.76 21440.4 7 43476.5 5.65841 3.58988 2 5 40855.7 12.3196 5.05977 2 32 240.571 8.67316e-05 1.58981 5 
1.95871 0.00015462 -1 0.902659 0.229289 0.00282958 257.519 21440.7 6 37373.1 3.41452 4.712 2 6 28051.6 43.8699 2.93516 2 26 104.941 7.35074e-05 1.72471 4 
1.96156 0.000154616 -1 0.90331 0.229317 0.00284504 258.398 21431.3 6 11409 8.53478 3.31901 2 5 47138.9 43.1002 4.05303 2 26 105.868 7.10046e-05 1.72759 4 
1.96444 0.000154779 -1 0.903971 0.229258 0.00288456 259.047 21440.8 6 17780.4 4.08435 4.04082 2 4 20890.3 26.6849 5.28956 2 21 111.277 7.02276e-05 1.97348 4 
1.96739 0.000154829 -1 0.904644 0.229165 0.00294192 259.668 21452.6 5 21049.8 8.19536 4.80768 2 5 20624.2 12.6576 4.3894 2 21 104.033 7.0483e-05 1.96683 4 
1.97041 0.000154699 -1 0.905338 0.229095 0.00302819 260.296 21463.8 5 20237 8.36155 4.75086 2 5 23202.7 14.9608 4.34627 2 22 100.017 9.14376e-05 1.88147 4 
1.97353 0.000154531 -1 0.906051 0.229042 0.00311996 260.936 21474 6 16493.5 4.06576 3.99358 2 5 18857 20.4297 3.9178 2 23 99.4241 6.14067e-05 1.86195 4 
1.97677 0.00015446 -1 0.906792 0.228984 0.00323806 261.564 21485 6 12998.4 4.26954 3.80702 2 6 13896.4 15.8876 3.09249 2 23 104.915 8.3299e-05 1.84173 4 
1.98013 0.000154469 -1 0.907559 0.228921 0.00335485 262.217 21494.1 6 11918.1 3.02411 3.97437 2 6 18143.7 12.097 3.38331 2 24 123.74 6.5401e-05 1.82616 4 
1.98358 0.000154532 -1 0.908351 0.228863 0.0034572 262.879 21502.2 6 10409.2 3.95663 3.71548 2 5 10514.7 28.1006 3.27051 2 24 147.262 8.92734e-05 1.81575 4 
1.98715 0.00015464 -1 0.909166 0.228807 0.00356637 263.566 21508.3 6 13696.4 3.92929 3.89388 2 5 14460 13.6297 4.02843 2 26 174.278 6.28956e-05 1.76927 4 
1.99082 0.000154719 -1 0.910006 0.228681 0.00366975 264.278 21512.4 6 12016.3 2.92321 4.00238 2 4 15130.5 28.7057 4.79149 2 28 203.587 7.46067e-05 1.69768 4 
1.99457 0.000154707 -1 0.910863 0.228672 0.0037516 264.898 21523.9 6 23914.3 3.84105 4.28912 2 5 11087.8 9.54167 4.10246 2 22 233.242 5.54866e-05 2.0002 5 
1.99841 0.000154921 -1 0.911742 0.228584 0.00383751 265.354 21548.6 6 12824 2.92031 4.04668 2 5 13444 8.7264 4.34049 2 13 268.393 6.37927e-05 3.2325 5 
2.00232 0.000155136 -1 0.912635 0.228508 0.00391246 265.817 21572.7 6 9227.98 4.83534 3.52192 2 5 13158 8.38096 4.35692 2 13 304.437 5.51869e-05 3.30057 5 
2.0063 0.000155206 -1 0.913543 0.228373 0.00397481 266.275 21597.2 6 43662 3.93246 4.72324 2 5 41405.3 8.30687 5.48938 2 13 284.422 4.60091e-05 3.32961 5 
2.00901 0.000155402 -1 0.914162 0.228258 0.00271504 266.707 21623.6 5 52126.4 3.97845 6.65992 2 4 26336.8 54.2405 4.69418 2 14 122.214 7.98699e-05 2.76546 4 
2.01144 0.000155438 -1 0.914716 0.228284 0.00242889 267.243 21641.6 5 15021.5 12.9959 4.09809 2 4 41387.1 28.182 6.19047 2 20 100.482 7.57877e-05 2.0236 4 
2.01392 0.00015554 -1 0.915282 0.228086 0.00248382 267.769 21660.2 5 16145.2 9.97242 4.38378 2 4 33088.9 49.8928 5.07471 2 17 102.341 9.31895e-05 2.26639 5 
2.01649 0.000155666 -1 0.915868 0.227918 0.00256791 268.243 21683 4 23914.5 13.8779 6.44295 2 4 28644 39.4806 5.18994 2 14 100.549 8.08756e-05 2.72474 5 
2.01916 0.000155759 -1 0.916474 0.227753 0.00266533 268.728 21704.8 5 20797.5 5.3917 5.21503 2 4 26176.2 27.8613 5.53638 2 14 96.0523 7.33501e-05 2.73487 5 
2.02194 0.000155844 -1 0.917107 0.227602 0.00277859 269.229 21725.4 5 17258.9 4.06316 5.31655 2 4 22421.9 18.0173 5.93944 2 14 95.7337 7.87366e-05 2.72041 5 
2.02484 0.000155948 -1 0.917767 0.227452 0.00290227 269.677 21750 4 16217.4 11.5246 6.12476 2 4 24839.5 16.3271 6.24538 2 13 98.1199 7.50544e-05 2.95455 5 
2.02788 0.000156215 -1 0.918458 0.227292 0.00303789 270.118 21775.2 5 19472.1 8.02132 4.75372 2 4 12072.6 14.3458 5.38603 2 12 121.398 5.26241e-05 3.39041 5 
2.03104 0.000156223 -1 0.919177 0.227099 0.00316653 270.524 21803 5 17268.9 3.01107 5.64558 2 4 18217.9 14.2653 5.97798 2 11 147.649 5.32454e-05 3.85232 5 
2.03433 0.000156298 -1 0.919923 0.226938 0.0032846 270.927 21831.1 5 14783.3 3.00082 5.47654 2 4 21956.7 9.26542 6.97711 2 11 176.518 6.09941e-05 3.86731 5 
2.03772 0.000156444 -1 0.92069 0.226722 0.00338833 271.331 21859 5 14186.8 4.36186 5.04014 2 4 14929.5 9.05535 6.37213 2 11 206.894 4.27231e-05 4.05261 5 
2.04121 0.000156625 -1 0.921484 0.2265 0.00349922 271.727 21887.4 5 14596.8 4.04889 5.14499 2 4 14889.5 8.50838 6.46783 2 11 243.535 5.27574e-05 4.035 5 
2.04481 0.000156832 -1 0.922296 0.226344 0.00359096 272.123 21915.7 5 15630.3 4.23275 5.16974 2 4 20494 11.758 6.46135 2 11 282.278 3.45707e-05 4.24972 5 
2.04847 0.00015702 -1 0.923124 0.226137 0.00365975 272.518 21944.1 5 11181.9 4.86295 4.70244 2 4 14478.8 18.0499 5.32187 2 11 320.567 5.66501e-05 4.11039 5 
2.0522 0.000157177 -1 0.923967 0.225939 0.00373151 272.942 21970 5 9251.11 3.88105 4.7364 2 4 10612.8 20.4344 4.77383 2 12 361.574 3.7057e-05 3.82335 5 
2.056 0.000157353 -1 0.924829 0.225692 0.00380644 273.385 21994.3 5 17190.1 5.28579 5.04004 2 4 21559.6 23.4828 5.50456 2 12 406.353 8.62615e-05 3.59824 5 
2.05986 0.000157652 -1 0.925698 0.225394 0.00385305 273.839 22017.8 7 64595.3 5.57244 3.80709 2 5 61347.6 12.5349 5.46934 2 12 344.768 7.93175e-05 3.57421 5 
2.06126 0.000157879 -1 0.926014 0.225237 0.0014032 274.139 22053.4 5 40098.9 42.3017 3.93872 2 5 100886 96.1624 4.01944 2 7 43.5023 1.49378e-05 8.38418 4 
2.06282 0.00015783 -1 0.926366 0.225359 0.00156196 274.449 22088.2 5 17576.8 12.4278 4.26687 2 5 94181.9 48.6746 4.5429 2 8 48.6495 2.11324e-05 6.24117 4 
2.0646 0.000157897 -1 0.926767 0.225204 0.00178171 274.762 22122.7 4 17769.8 25.2785 5.14912 2 4 28783.2 56.7565 4.74549 2 9 61.9165 2.52448e-05 5.12813 4 
2.06664 0.00015809 -1 0.927224 0.224905 0.00203347 275.113 22154 5 19637.7 12.1841 4.37985 2 4 21517.1 38.0593 4.87619 2 10 75.3544 3.94865e-05 4.24684 4 
2.06889 0.000158225 -1 0.927731 0.224601 0.0022545 275.467 22185 5 24488.8 9.83613 4.77781 2 4 27779.1 66.3694 4.52311 2 11 90.8415 5.31363e-05 3.68661 4 
2.07136 0.000158354 -1 0.928285 0.2243 0.00246978 275.858 22212.9 5 23094.1 9.43107 4.76199 2 4 32324.8 64.5998 4.72962 2 12 107.454 7.03e-05 3.27609 4 
2.07401 0.000158521 -1 0.928878 0.224026 0.00264569 276.276 22238.6 5 19457.1 9.91747 4.55549 2 4 22523.6 53.3022 4.53391 2 14 121.441 5.03853e-05 2.85668 4 
2.0768 0.000158684 -1 0.929503 0.223712 0.00279756 276.724 22261.8 5 25904.4 5.90019 5.35182 2 4 28696.2 39.0754 5.20571 2 15 134.741 7.44722e-05 2.61317 4 
2.07976 0.000158814 -1 0.930164 0.223405 0.00295896 277.199 22282.8 5 21429.6 9.00128 4.73524 2 4 31304 34.7061 5.48023 2 17 149.306 8.02373e-05 2.33779 4 
2.08283 0.000158934 -1 0.930848 0.223139 0.00306746 277.842 22290.2 5 14223.8 6.83583 4.6094 2 4 14962.6 30.0053 4.72555 2 22 165.96 7.23607e-05 1.94587 5 
2.086 0.000158987 -1 0.931556 0.222859 0.0031736 278.612 22287.4 5 21505.5 9.18894 4.71907 2 4 22027.6 26.9065 5.34906 2 27 189.791 7.65356e-05 1.72516 5 
2.0893 0.00015904 -1 0.932291 0.22255 0.00329962 279.394 22283.7 6 21997.4 4.25156 4.15882 2 4 28946.2 17.9842 6.33396 2 27 218.896 7.71549e-05 1.73379 5 
2.09268 0.00015889 -1 0.933042 0.222272 0.00337295 280.092 22286.6 5 12826.6 8.1952 4.35422 2 4 15078.2 17.2756 5.43537 2 24 248.593 7.02523e-05 1.87442 5 
2.09613 0.000158906 -1 0.933808 0.221996 0.0034499 280.682 22298.2 5 15766.4 5.70802 4.87809 2 4 13172.8 15.4055 5.40755 2 19 283.029 6.72921e-05 2.23164 5 
2.09966 0.000159043 -1 0.934593 0.221713 0.00353075 281.166 22318 5 23086.6 7.09376 5.04077 2 4 28702.8 21.3761 6.05339 2 14 320.879 9.89204e-05 2.91793 5 
2.10323 0.000159224 -1 0.935385 0.221454 0.00357279 281.628 22339.6 6 13894.4 2.25651 4.28121 2 4 20261.2 21.8429 5.51873 2 14 352.352 5.05004e-05 3.08201 5 
2.10685 0.000159312 -1 0.936186 0.221216 0.00361601 282.046 22364.6 5 11580.6 6.21508 4.50876 2 4 11187.6 17.5346 5.02586 2 12 388.824 6.06346e-05 3.69192 5 
2.11051 0.000159348 -1 0.936994 0.220883 0.00366047 282.545 22383.1 5 25417.2 5.46413 5.41404 2 4 29441 19.253 6.25336 2 12 432.144 9.38246e-05 3.5915 5 
2.1142 0.000159403 -1 0.937809 0.220613 0.00369084 282.974 22407 5 19846.7 3.68247 5.57583 2 5 25872.8 5.24181 5.47864 2 12 473.169 3.45433e-05 3.93297 5 
2.1179 0.000159424 -1 0.938624 0.219941 0.00370629 283.435 22428.4 8 95284 6.75339 3.30132 2 6 94446.7 19.4768 4.11413 2 12 351.886 4.0999e-05 3.7827 5 
2.11887 0.000159613 -1 0.938836 0.219681 0.000964039 283.71 22464.4 5 34895 82.1271 3.35471 2 5 326611 334.165 3.96291 2 7 57.4088 5.64041e-05 7.21503 3 
2.12009 0.000159593 -1 0.939104 0.219796 0.00121872 284.068 22493.7 5 22048.9 54.6475 3.32019 2 5 257273 231.488 4.06605 2 13 61.1803 6.33606e-05 2.88648 3 
2.12164 0.000159538 -1 0.939445 0.219506 0.00155188 284.513 22516.2 5 20509.5 23.6503 3.86922 2 4 23486.9 85.4093 4.07221 2 19 85.745 7.74861e-05 2.0802 3 
2.12349 0.000159529 -1 0.93985 0.219113 0.00184918 285.168 22521.9 5 18565.1 13.319 4.25446 2 4 27255.2 101.29 4.05015 2 31 113.627 9.05035e-05 1.57303 3 
2.12562 0.000159484 -1 0.940317 0.218745 0.00213263 285.775 22531.4 5 30823.1 11.5766 4.84238 2 4 32988.1 67.9246 4.69443 2 28 144.43 4.65621e-05 1.70547 4 
2.12798 0.000159398 -1 0.940833 0.218324 0.00236319 286.149 22559.2 5 32849.8 11.6355 4.89948 2 4 44376.7 51.6049 5.41522 2 12 170.927 5.86281e-05 3.45721 4 
2.13054 0.000159355 -1 0.941392 0.217986 0.00255723 286.548 22585 5 22104.3 8.13425 4.86219 2 4 27035.5 48.7622 4.85247 2 13 194.167 8.63275e-05 3.08047 4 
2.13326 0.000159345 -1 0.941983 0.217653 0.00271706 286.958 22609.8 5 30947.8 4.03804 5.98262 2 4 31487.9 43.2189 5.19538 2 14 213.399 9.97021e-05 2.83255 4 
2.13614 0.000159352 -1 0.94261 0.21732 0.00287954 287.419 22630.5 6 32791.8 3.05161 4.69756 2 4 44633.2 43.6184 5.65584 2 16 234.048 6.20771e-05 2.57646 4 
2.13916 0.000159374 -1 0.943266 0.217003 0.0030205 287.896 22650 5 23083.9 4.66342 5.48177 2 5 27658.7 15.4298 4.47398 2 17 261.218 7.70334e-05 2.42179 4 
2.14231 0.000159352 -1 0.943951 0.216691 0.00315327 288.436 22664.3 9 24126.7 8.31479 2.42515 2 5 21424.1 16.4548 4.19683 2 19 288.568 5.74577e-05 2.25257 4 
2.14557 0.000159065 -1 0.944656 0.216395 0.00326117 288.983 22678.2 6 35376.2 6.94241 4.14827 2 5 41862.7 14.7381 4.90543 2 20 311.993 9.38913e-05 2.11873 4 
2.14891 0.000158918 -1 0.945379 0.216097 0.00333761 289.573 22688.5 6 21944.6 5.87631 3.93886 2 5 17998.3 20.1242 3.89316 2 22 336.491 9.34028e-05 1.98622 4 
2.15231 0.000158852 -1 0.946113 0.21583 0.00340436 290.225 22694 5 12399.2 6.29043 4.55976 2 5 14591.6 17.4473 3.84127 2 25 364.062 6.59077e-05 1.86076 4 
2.15579 0.000158756 -1 0.946864 0.215519 0.00347412 291.437 22655.9 7 35563.9 5.83075 3.4734 2 5 41296.9 18.4091 4.67926 2 46 393.007 9.2681e-05 1.39339 5 
2.15934 0.000158677 -1 0.947627 0.215235 0.00354711 292.564 22624.6 7 25649.8 6.26915 3.28082 2 5 31236.3 20.4419 4.33339 2 41 422.061 7.78184e-05 1.45966 5 
2.16291 0.000158581 -1 0.948398 0.214937 0.0035773 293.472 22610.4 5 13648.8 7.46178 4.49211 2 5 13053.1 13.4073 3.95981 2 31 453.252 7.66679e-05 1.65365 5 
2.16651 0.00015848 -1 0.949169 0.214681 0.00359265 294.135 22615.2 5 25268.9 6.64222 5.20061 2 5 27388.1 10.8208 4.79359 2 22 482.288 9.31094e-05 2.01928 5 
2.17015 0.000158415 -1 0.94995 0.214403 0.00363971 294.667 22629.9 7 33406.6 3.40512 3.71743 2 5 42237.2 13.3923 5.00919 2 16 519.107 9.90961e-05 2.62997 5 
2.17382 0.000158659 -1 0.950736 0.214085 0.00367192 295.158 22647.8 5 23024.4 6.54816 5.11934 2 5 24821.9 19.7007 4.16937 2 14 550.829 7.75925e-05 3.08582 5 
2.17749 0.000158571 -1 0.951522 0.213825 0.00367192 295.601 22669.2 7 13753.8 4.86882 3.11171 2 5 18089.9 12.339 4.29765 2 12 571.359 9.63859e-05 3.66782 5 
2.18118 0.000158507 -1 0.952309 0.213527 0.00368839 296.061 22689.4 7 25718.6 5.38306 3.35431 2 5 27608 10.7552 4.8071 2 13 595.284 4.27916e-05 3.54397 5 
2.1849 0.00015847 -1 0.953104 0.213229 0.00372192 296.505 22710.6 7 30982.5 5.82513 3.40611 2 5 40304.2 13.3353 4.96672 2 12 622.546 6.93812e-05 3.79674 5 
2.18864 0.000158413 -1 0.953899 0.212902 0.00373899 296.991 22728.7 7 23267.1 4.73747 3.36755 2 5 27128.9 17.1704 4.36245 2 12 632.295 8.29512e-05 3.74549 5 
2.19238 0.000158397 -1 0.954695 0.211635 0.00373899 297.488 22745.7 13 97728.1 5.49485 2.12289 3 9 103881 24.6676 2.52762 3 12 442.864 8.82901e-05 3.61712 5 
2.19446 0.000158559 -1 0.955137 0.210786 0.00208688 297.908 22768.7 8 27633.7 14.0648 2.58026 3 5 86902.4 85.5276 3.99379 2 11 210.831 3.44514e-05 4.13976 4 
2.19681 0.000158762 -1 0.955631 0.209774 0.00234167 298.364 22788.8 8 41021.9 9.95366 2.8306 3 11 66115.5 57.2119 1.89862 2 13 258.541 4.4129e-05 3.31589 4 
2.19939 0.000158798 -1 0.956173 0.208788 0.00258262 298.841 22807.3 10 41794.3 9.02954 2.32565 3 5 31329.3 8.81323 5.13054 2 15 341.065 9.54365e-05 2.73448 4 
2.2022 0.000158684 -1 0.95676 0.207991 0.00280916 299.419 22818 14 47190 8.20432 1.85591 2 12 63006.5 35.6585 1.86467 2 18 400.211 5.12227e-05 2.4151 4 
2.20519 0.000158513 -1 0.957382 0.207476 0.00298802 300.031 22826 12 25393.2 9.779 1.92546 3 10 21445.6 37.1958 1.88836 3 20 435.931 8.07058e-05 2.17083 4 
2.20833 0.000158405 -1 0.958034 0.207249 0.00314156 300.698 22829.9 11 47786.9 6.44601 2.24812 4 9 65474.3 22.925 2.42088 4 22 484.731 6.19062e-05 2.05756 4 
2.21161 0.000158351 -1 0.958713 0.207269 0.00328495 301.386 22832.1 10 40225.9 9.18615 2.3128 4 8 45139.5 23.1847 2.57733 5 24 521.297 9.76991e-05 1.90678 4 
2.21504 0.000158292 -1 0.959423 0.207461 0.00342777 302.068 22834.8 10 25345.8 5.18018 2.3386 4 8 33289.6 20.4625 2.52011 4 23 567.707 8.48282e-05 1.98045 4 
2.21862 0.000158273 -1 0.960164 0.207735 0.00358429 302.778 22835.4 7 50342.6 7.45205 3.52447 3 7 51958.6 19.8449 3.07813 4 26 628.257 7.0155e-05 1.85092 4 
2.22231 0.000158346 -1 0.960929 0.208034 0.00368573 303.59 22828.2 13 37111 5.31251 1.97564 2 10 43062.5 18.3238 2.17324 3 29 666.289 5.81024e-05 1.75158 4 
2.22607 0.000158344 -1 0.961708 0.208303 0.00375696 304.778 22793 13 21617.9 5.54467 1.88897 2 11 23151.3 23.8903 1.86847 2 43 701.821 7.45489e-05 1.45272 5 
2.22986 0.000158375 -1 0.962499 0.208475 0.00379379 305.53 22790.6 9 38431.3 5.53792 2.67187 2 9 40553.9 18.2226 2.3547 3 22 747.837 5.01311e-05 2.11874 6 
2.23375 0.000158578 -1 0.963308 0.208495 0.00388959 306.727 22755 6 44102 5.66232 4.45223 2 8 53845.7 22.3007 2.64761 3 43 811.176 9.57058e-05 1.44917 5 
2.2377 0.000159192 -1 0.964132 0.208502 0.00394974 307.599 22743.8 8 26893.5 5.12035 2.91772 2 7 20495.6 23.8034 2.62596 3 30 859.777 8.86171e-05 1.7096 5 
2.24165 0.000159624 -1 0.964955 0.208414 0.00394974 308.212 22751.7 9 17139.9 5.20383 2.45954 3 5 11838.5 13.092 3.90174 3 19 881.136 8.41687e-05 2.34136 5 
2.2456 0.000159774 -1 0.965779 0.20822 0.00394974 308.8 22761.4 13 43676.1 4.08095 2.04155 2 10 46900.3 20.236 2.17023 2 16 899.485 9.73386e-05 2.72494 5 
2.24961 0.000159885 -1 0.966614 0.207923 0.00401277 309.364 22772.9 12 40513.2 4.57078 2.13288 3 11 44486.9 19.9784 2.01527 3 14 943.902 6.29295e-05 3.25519 5 
2.25369 0.000159975 -1 0.967462 0.207573 0.00407819 309.929 22784.3 11 23509.1 5.48542 2.13887 3 10 25125 16.1378 2.08558 3 14 1006.32 8.51844e-05 3.20015 5 
2.25768 0.000160072 -1 0.968288 0.207223 0.00399096 310.472 22797.2 11 15753.7 3.93106 2.12586 3 9 11108.9 15.3098 2.07901 3 13 989.329 7.30349e-05 3.53672 5 
2.26167 0.000160146 -1 0.969114 0.206841 0.00399096 310.976 22813 10 41366.2 4.69182 2.48045 3 8 45448.6 18.5507 2.65244 3 13 1010.51 9.12533e-05 3.48232 5 
2.26569 0.000160237 -1 0.969942 0.20643 0.00401265 311.503 22826.9 10 39859.6 4.75761 2.46783 3 8 46643.3 22.3329 2.60004 3 14 1035.06 7.74933e-05 3.22834 5 
2.26974 0.000160334 -1 0.97078 0.206015 0.00405699 312.056 22839 9 24648 5.595 2.54031 3 6 28006.2 17.3745 3.42418 4 15 1066.58 7.78834e-05 2.99068 5 
2.27382 0.000160415 -1 0.971618 0.20561 0.00407965 312.602 22851.5 9 14540 4.98171 2.42673 2 5 11312.5 16.8731 3.67513 4 16 1080.86 5.1202e-05 2.86933 5 
2.2779 0.000160567 -1 0.972457 0.205221 0.00407965 313.123 22865.8 7 32827.6 3.74572 3.658 2 5 35303.1 10.2357 5.09963 4 15 1101.99 9.18423e-05 2.96444 5 
2.28198 0.000160742 -1 0.973293 0.204855 0.00407965 313.672 22878 9 40702.9 3.75711 2.80742 2 7 56103.6 12.7434 3.31535 4 15 1116.28 7.28502e-05 3.01317 5 
2.28608 0.000160889 -1 0.974134 0.204495 0.00410296 314.198 22891.9 8 27807.1 3.58636 3.06329 3 7 32066.7 14.0283 3.01901 3 15 1136.92 6.93462e-05 3.02678 5 
2.29021 0.000161018 -1 0.974976 0.204135 0.00412668 314.706 22907 7 22533 3.87893 3.44929 2 5 22670.7 19.5369 4.1013 2 15 1152.04 7.10618e-05 3.02451 5 
2.29436 0.000161248 -1 0.975823 0.203811 0.00415081 315.212 22922.2 7 13275.8 2.98055 3.32087 2 6 17412.1 14.5218 3.25941 2 15 1161.21 7.92674e-05 3.00415 5 
2.29851 0.000161441 -1 0.976668 0.203473 0.00415081 315.97 22919 6 38863.2 2.20097 5.10294 2 6 42791.3 11.4285 3.94059 2 23 1164.84 9.3019e-05 2.03515 6 
2.30252 0.000161678 -1 0.977484 0.203216 0.0040085 316.599 22925.3 6 29201.4 3.64981 4.47221 2 5 35619.3 18.5687 4.53503 2 17 1092.87 6.58473e-05 2.65894 6 
2.30655 0.000161866 -1 0.978302 0.202923 0.00403167 317.169 22935.7 7 28169.4 2.54971 3.78105 2 6 26353.8 7.41866 3.90619 2 15 1107.84 4.83747e-05 3.09498 6 
2.31058 0.000162095 -1 0.97912 0.202669 0.00403167 317.648 22952.7 7 23251.4 3.24254 3.55463 2 5 24647.6 19.7406 4.16182 2 12 1102.58 4.57154e-05 4.12283 6 
2.31395 0.000162265 -1 0.9798 0.202497 0.003363 318.101 22971.5 7 13997.5 5.04431 3.10379 2 5 17659.9 34.6773 3.47847 2 12 753.859 6.16647e-05 3.89587 5 
2.31736 0.000162346 -1 0.980491 0.20236 0.0034132 318.552 22990.4 6 28815.6 7.04491 3.99907 2 5 41246.2 29.1965 4.2659 2 13 763.054 4.69846e-05 3.58642 5 
2.32081 0.000162514 -1 0.981187 0.202149 0.00344767 319.007 23009 6 30557.9 7.13334 4.03 2 6 33689.7 26.7653 3.2859 2 13 775.002 4.78915e-05 3.58544 5 
2.32426 0.000162722 -1 0.981883 0.201951 0.00344767 319.477 23026.5 6 25344 6.02612 4.01766 2 6 28154.3 25.0157 3.22519 2 13 767.748 4.44781e-05 3.60328 5 
2.32752 0.000162897 -1 0.982541 0.201775 0.00326446 319.918 23045.9 6 23003.2 7.65149 3.79904 2 6 21591.9 18.0926 3.25685 2 12 676.722 4.27573e-05 3.98061 5 
2.33078 0.000163015 -1 0.983199 0.20161 0.00326446 320.344 23066.4 6 19765.7 4.79001 4.00494 2 5 25198.2 22.5576 4.0702 2 12 662.704 4.17537e-05 3.98155 5 
2.33407 0.000163154 -1 0.98386 0.201417 0.00328047 320.786 23085.7 6 17402.2 4.55519 3.95381 2 5 16265.8 7.10448 4.69839 2 12 652.573 4.43875e-05 3.95622 5 
2.33741 0.000163355 -1 0.984535 0.201152 0.00334641 321.222 23105.4 7 37358.6 6.70343 3.42891 2 5 40780.9 28.3247 4.28211 2 12 661.295 6.48557e-05 3.8374 5 
2.34084 0.000163576 -1 0.985225 0.200836 0.0034331 321.706 23121.5 9 46007.6 3.95283 2.82989 2 7 56919.4 24.1155 3.03286 2 13 684.476 3.72793e-05 3.62044 5 
2.34435 0.000163793 -1 0.98593 0.200466 0.00350615 322.186 23137.9 10 40810.9 5.41261 2.44195 2 8 49577.2 25.8752 2.57217 2 13 695.685 5.93108e-05 3.49777 5 
2.34791 0.000163956 -1 0.986644 0.200058 0.00356331 322.709 23151.2 12 34298.6 4.16635 2.11979 2 10 41486 17.0457 2.18086 2 13 692.462 8.95173e-05 3.38754 5 
2.3516 0.000164056 -1 0.98738 0.199607 0.0036841 323.255 23162.8 12 26388.3 5.22589 2.03519 2 10 30137.2 22.3271 2.05602 2 14 706.104 8.32259e-05 3.12536 5 
2.35541 0.000164153 -1 0.98814 0.199146 0.00381413 323.842 23171.4 11 16214.5 4.85604 2.09088 3 10 19864.7 26.0018 1.94226 2 16 714.327 5.52736e-05 2.78267 5 
2.35934 0.000164198 -1 0.988922 0.198639 0.00393041 324.485 23176 12 39026 4.95093 2.11214 3 12 40451.4 19.6045 1.88893 2 17 707.821 7.85566e-05 2.56509 5 
2.36335 0.000164248 -1 0.989714 0.198116 0.00400411 325.179 23176.9 13 44151.1 4.71323 2.02074 3 13 49853.4 20.2519 1.82332 2 19 675.909 5.43583e-05 2.36266 5 
2.3674 0.000164278 -1 0.990517 0.19762 0.00405512 325.874 23177.7 12 34885.5 4.61499 2.10478 3 13 41753.6 20.8564 1.79456 2 19 626.927 9.6973e-05 2.28271 5 
2.37151 0.000164316 -1 0.991327 0.197189 0.00410778 326.694 23169.7 11 27750.7 4.20737 2.22436 2 11 35114.2 19.4244 1.97744 3 23 570.742 7.85116e-05 1.98759 6 
2.37579 0.00016435 -1 0.99217 0.196827 0.00427544 327.376 23171.5 8 23478.2 4.7287 2.89728 2 10 32581.9 17.9903 2.11736 2 18 539.486 6.78959e-05 2.41736 6 
2.38021 0.000164374 -1 0.993041 0.196569 0.00442705 327.997 23177.6 15 13925.8 4.66174 1.70484 2 9 14151.4 20.0156 2.07302 2 15 495.381 9.04179e-05 2.81349 6 
2.38477 0.000164339 -1 0.993939 0.196411 0.00455726 328.547 23188.6 9 31524 4.42527 2.67965 3 12 37662.4 17.4258 1.89624 2 13 441.112 4.11443e-05 3.47366 6 
2.38936 0.000164309 -1 0.994839 0.196426 0.00459127 329.159 23195.3 15 30378.2 4.22086 1.80777 3 10 32870.7 16.8186 2.13355 3 13 368.331 5.27377e-05 3.36102 6 
2.39402 0.000164278 -1 0.995754 0.196605 0.00466137 329.801 23199.8 20 23785.3 4.25851 1.5394 2 11 26600.4 18.0799 1.94076 3 13 307.697 8.00991e-05 3.20996 6 
2.39876 0.000164234 -1 0.996681 0.196903 0.0047342 330.464 23202.9 17 21530.1 3.68896 1.66547 3 13 27850.5 17.3677 1.76419 3 14 257.908 4.58631e-05 3.03489 6 
2.40361 0.000164205 -1 0.997634 0.197285 0.00484874 331.13 23205.7 17 20877.5 3.64516 1.66363 3 13 17515.9 14.9911 1.72175 4 14 229.883 9.9495e-05 2.84807 6 
2.40853 0.000164177 -1 0.998604 0.197636 0.00492888 331.772 23210.1 11 16472.2 3.67133 2.1478 3 8 15514.9 14.0638 2.40066 4 15 230.514 7.41274e-05 2.70924 6 
2.41346 0.000164192 -1 0.999578 0.197894 0.00492888 332.423 23214 15 28415.5 3.61059 1.81858 3 6 29021.7 14.9312 3.53268 4 16 243.394 4.84809e-05 2.62299 6 
2.41827 0.000164239 -1 1.00053 0.198125 0.00480768 333.03 23220.9 12 27400.7 4.04044 2.08582 3 7 30541.3 15.4321 2.95749 4 15 245.407 8.67384e-05 2.69223 6 
2.42304 0.000164248 -1 1.00147 0.198228 0.00476827 333.642 23227.4 11 22840.8 3.70411 2.21079 4 5 23609.7 16.2964 4.28746 3 15 259.661 9.77395e-05 2.68095 6 
2.42793 0.000164228 -1 1.00244 0.198222 0.0048895 334.355 23226.8 13 17264.7 3.79785 1.91142 4 10 18644.4 14.8424 2.04129 4 17 291.345 5.96858e-05 2.47425 6 
2.4329 0.000164187 -1 1.00343 0.198154 0.00497454 335.127 23222.2 16 14024 3.51933 1.6789 4 10 14277.1 15.1311 1.9837 4 18 319.784 5.38482e-05 2.37857 6 
2.43788 0.000164144 -1 1.00441 0.198037 0.00497454 335.88 23218.9 15 10040.4 3.80447 1.69082 4 9 12782.7 15.1345 2.11438 4 18 338.056 5.82619e-05 2.3755 6 
2.44268 0.000164098 -1 1.00536 0.197894 0.00480447 336.925 23195.6 15 25495.3 3.72903 1.8016 4 7 29521.4 15.3447 2.94556 4 30 333.768 8.46132e-05 1.65908 6 
2.44737 0.000164053 -1 1.00628 0.197719 0.00468335 337.833 23181.8 17 27065.6 3.96816 1.68081 4 10 26794.5 17.0244 2.08784 4 23 333.987 6.51086e-05 1.95769 6 
2.45213 0.000164004 -1 1.00723 0.19749 0.00476409 338.631 23175.5 17 23994.7 3.67748 1.67643 4 11 22094.9 16.0235 1.92936 4 18 360.986 5.5344e-05 2.391 6 
2.45702 0.000163954 -1 1.00819 0.197232 0.0048917 339.401 23171.2 15 18157.7 4.05462 1.75149 4 11 22501.1 15.4289 1.93921 4 18 395.126 6.2659e-05 2.38651 6 
2.462 0.000163896 -1 1.00917 0.196985 0.00498146 340.195 23165.3 14 13791.5 3.85872 1.7939 5 10 10588.7 14.5645 1.93266 4 19 424.17 5.7263e-05 2.29912 6 
2.46703 0.000163836 -1 1.01016 0.196748 0.00502801 340.991 23159.2 14 11317.3 3.73294 1.77293 4 10 12543.7 13.6648 1.97825 4 19 444.799 8.80352e-05 2.25329 6 
2.47197 0.000163779 -1 1.01113 0.196569 0.0049349 341.751 23155.6 13 9739.21 3.52988 1.83939 5 8 14192.2 14.1243 2.3728 5 19 439.731 6.36479e-05 2.2907 6 
2.47681 0.000163725 -1 1.01208 0.196366 0.00484435 342.548 23149.7 14 19210.7 3.9451 1.83397 4 8 25415.2 14.3605 2.54678 5 19 433.834 4.90276e-05 2.32073 6 
2.48179 0.000163663 -1 1.01306 0.196117 0.00498276 343.396 23140.1 14 23027.2 3.73633 1.86509 5 11 19275 13.4766 1.93578 4 20 467.584 6.93031e-05 2.19511 6 
2.48687 0.000163595 -1 1.01405 0.195822 0.00508047 344.239 23131.1 14 20238.4 3.17268 1.86968 5 8 22913.5 13.7938 2.52668 4 21 492.837 9.09947e-05 2.09243 6 
2.492 0.000163533 -1 1.01506 0.195549 0.00513127 345.09 23121.5 14 16563.1 3.40625 1.83378 4 8 12786.1 12.6926 2.37355 4 22 509.248 8.28162e-05 2.03508 6 
2.49719 0.000163466 -1 1.01607 0.195307 0.00518363 345.965 23110.4 13 14095.9 3.21156 1.90626 4 8 14526.5 13.737 2.388 4 23 526.86 8.04139e-05 1.97863 6 
2.50222 0.000163404 -1 1.01705 0.195151 0.00502812 346.799 23102.1 12 11022.8 3.49947 1.9567 5 7 12962.6 15.7789 2.6084 3 22 502.089 7.59246e-05 2.04182 6 
2.50724 0.000163335 -1 1.01803 0.194985 0.00502812 347.619 23094.7 9 17547.4 3.67034 2.5635 4 9 19990.5 15.0129 2.22408 4 22 507.875 8.87431e-05 2.02845 6 
2.51238 0.000163303 -1 1.01903 0.194771 0.00513287 348.552 23079.9 6 16595.7 2.88306 4.23341 3 7 12967 13.4048 2.67 5 27 534.369 9.55199e-05 1.77794 6 
2.51762 0.000163479 -1 1.02005 0.194526 0.00524326 349.724 23049.4 9 15680.5 3.11786 2.57797 3 5 22244 14.3954 4.34308 4 37 561.534 7.49521e-05 1.53391 6 
2.52286 0.000163735 -1 1.02107 0.194327 0.00524326 350.54 23042.5 8 14200.2 3.43269 2.83193 3 3 10818.2 12.2193 9.60218 4 24 564.153 9.0827e-05 1.91889 6 
2.52817 0.000164139 -1 1.0221 0.194178 0.00530152 351.398 23032.8 9 15738.4 2.86487 2.60339 5 5 15444.9 4.51234 5.09186 2 25 578.516 7.08864e-05 1.89004 6 
2.53329 0.000164239 -1 1.02309 0.194069 0.00512864 352.224 23025.4 6 14799.7 3.38143 4.04444 4 5 20292.7 9.22481 4.66097 2 24 542.842 4.78225e-05 1.96771 6 
2.53842 0.000164225 -1 1.02409 0.193909 0.00512864 353.098 23014.8 8 14156.6 3.56531 2.81746 4 5 13736.4 14.975 3.91293 2 24 543.653 5.51126e-05 1.95623 6 
2.54367 0.000164263 -1 1.0251 0.19373 0.0052452 354.033 23000.2 12 12880.1 3.45436 1.9844 5 6 14045.5 8.469 3.44047 2 25 568.576 7.09024e-05 1.88871 6 
2.54897 0.000164338 -1 1.02613 0.193564 0.00530619 354.968 22985.8 12 16977.1 3.46765 2.02995 5 7 21818.9 7.8346 3.10539 2 26 580.722 7.66202e-05 1.83908 6 
2.55428 0.000164419 -1 1.02716 0.193432 0.00530619 355.916 22970.6 11 12635.1 3.33629 2.11496 5 7 12751.6 6.06097 2.98344 2 26 579.096 9.72649e-05 1.82209 6 
2.55965 0.000164495 -1 1.02819 0.193297 0.00537012 356.931 22951.2 11 9582.58 3.34707 2.06185 6 6 8144.46 8.35798 3.14867 2 28 598.822 6.59341e-05 1.77218 6 
2.56502 0.000164583 -1 1.02923 0.193205 0.00537012 357.917 22933.8 11 15329.3 2.87924 2.18147 5 6 19679.3 9.09105 3.59666 2 28 617.036 8.10033e-05 1.76108 6 
2.57026 0.00016464 -1 1.03024 0.193175 0.00524072 358.834 22920.8 8 10904.4 2.81349 2.80895 4 6 10182.4 9.41919 3.20361 2 27 605.638 7.48635e-05 1.80239 6 
2.5755 0.000164493 -1 1.03125 0.193097 0.00524072 359.753 22907.8 8 13259 2.91314 2.86595 3 6 14747.9 8.1308 3.4922 2 27 623.358 8.98868e-05 1.79214 6 
2.58088 0.000164236 -1 1.03229 0.192887 0.0053734 360.763 22889.1 10 16251.9 2.81838 2.37734 5 6 17785.5 10.1459 3.4724 2 30 669.763 6.47544e-05 1.71325 6 
2.58625 0.000164148 -1 1.03333 0.192829 0.0053734 362.219 22842.3 8 14328.9 3.12734 2.86834 4 5 18669.2 12.1345 4.33931 2 47 678.902 9.07921e-05 1.40039 6 
2.59162 0.000163948 -1 1.03436 0.192683 0.0053734 363.338 22817.1 10 11233 2.88313 2.28593 6 5 8845.59 5.95633 4.30873 2 33 686.346 9.98564e-05 1.61134 6 
2.597 0.000163847 -1 1.03539 0.192578 0.0053734 364.393 22796 10 13297.2 2.90284 2.32324 6 5 13804.4 9.41221 4.29799 2 31 699.992 7.56989e-05 1.67768 6 
2.60237 0.00016375 -1 1.03642 0.192484 0.0053734 365.422 22776.6 7 12735.2 2.82629 3.32636 5 5 11437 9.782 4.1075 2 31 721.437 8.14131e-05 1.67538 6 
2.60774 0.000163695 -1 1.03746 0.192399 0.0053734 366.431 22758.6 5 13900.9 2.87228 5.45712 3 5 16657.2 10.2367 4.38822 2 31 743.611 9.04397e-05 1.67134 6 
2.61319 0.000163827 -1 1.0385 0.192216 0.00544803 367.48 22738.2 8 12782.1 3.34165 2.80434 4 5 12874.7 7.91615 4.38777 2 32 785.086 9.73066e-05 1.64375 6 
2.61856 0.00016403 -1 1.03954 0.192163 0.00537236 368.556 22716.3 12 22117.4 3.37182 2.08004 5 5 19675.6 10.5282 4.51144 2 31 778.273 9.24376e-05 1.67262 6 
2.62386 0.000164165 -1 1.04055 0.192115 0.00529774 369.567 22698.5 10 13007.2 3.27794 2.29012 6 5 12027.3 5.16668 4.71402 2 30 769.754 8.83138e-05 1.70351 6 
2.62916 0.000164304 -1 1.04157 0.192077 0.00529774 370.626 22677.8 12 10131 3.05625 1.96504 6 5 10799 5.61699 4.53707 2 30 782.139 9.37671e-05 1.70101 6 
2.63453 0.00016444 -1 1.0426 0.192011 0.00537452 371.732 22654.4 12 15047.8 3.10425 2.02827 6 5 12985.3 13.4053 3.95581 2 32 819.695 6.32972e-05 1.66824 6 
2.63991 0.000164583 -1 1.04363 0.191935 0.00537452 372.934 22625.3 10 14782.2 3.19092 2.32585 6 8 18749.9 13.4256 2.47248 4 32 834.056 6.26813e-05 1.66966 6 
2.64505 0.000164741 -1 1.04462 0.191883 0.00514419 374.112 22597.9 6 8878.07 3.54005 3.68597 5 4 10791.2 13.3932 5.32779 3 28 776.57 7.55118e-05 1.78006 6 
2.6502 0.000165016 -1 1.0456 0.191823 0.00514419 375.295 22570.3 6 10022.4 3.59285 3.75194 5 4 10574.4 7.56085 6.11536 3 28 791.478 7.25112e-05 1.78385 6 
2.65534 0.000165299 -1 1.04659 0.191768 0.00514419 376.341 22551.1 7 18526.9 3.15673 3.45435 4 4 19585.3 7.32546 7.19074 3 28 809.654 7.08004e-05 1.78682 6 
2.66041 0.000165529 -1 1.04756 0.191704 0.00506854 377.468 22527.2 7 13112.6 3.60475 3.22617 4 5 13029.4 7.95134 4.39438 2 34 800.904 8.70154e-05 1.60259 6 
2.66548 0.000165656 -1 1.04853 0.191637 0.00506854 378.424 22513.6 8 11052.5 3.43415 2.74445 4 5 11749.8 7.71954 4.33 2 27 815.395 7.4228e-05 1.82293 6 
2.67055 0.000165863 -1 1.04951 0.191565 0.00506854 379.456 22495.5 10 15386.4 3.25109 2.33083 6 5 13596.8 11.8448 4.09243 2 27 829.612 7.8609e-05 1.82023 6 
2.67561 0.000166026 -1 1.05047 0.191485 0.00506854 380.393 22483.2 7 13373.3 3.39924 3.2625 6 5 16601.3 13.6018 4.14295 2 27 844.82 7.96781e-05 1.82054 6 
2.68038 0.000166163 -1 1.05139 0.19145 0.00477039 381.238 22476.3 5 8411.89 4.39409 4.5332 4 5 8348.09 15.3408 3.52491 2 24 759.924 6.12506e-05 1.97501 6 
2.68515 0.000166243 -1 1.0523 0.191423 0.00477039 382.128 22466.9 9 8988.93 3.76119 2.37343 6 5 8445.87 4.70905 4.47448 2 24 772.434 6.04131e-05 1.97749 6 
2.68992 0.000166393 -1 1.05321 0.191358 0.00477039 383.018 22457.4 8 19092.1 4.2543 2.8609 7 5 14302 17.0367 3.84417 2 24 782.432 6.01478e-05 1.97891 6 
2.69462 0.000166555 -1 1.05411 0.191302 0.00469811 383.877 22449.9 7 16001.8 4.36474 3.22978 7 6 17336.5 6.57668 3.71671 2 23 767.242 6.63251e-05 2.02814 6 
2.69925 0.000166711 -1 1.055 0.191253 0.00462693 384.718 22443.4 8 14856.7 4.34597 2.76522 8 5 15627.2 10.2384 4.33241 2 22 750.695 7.69742e-05 2.0782 6 
2.70367 0.000166851 -1 1.05584 0.191214 0.0044228 385.486 22441.2 7 12601.3 4.76399 3.08263 8 5 13041 6.37534 4.59369 2 20 690.768 6.9117e-05 2.23866 6 
2.7081 0.000167008 -1 1.05669 0.191172 0.0044228 386.248 22439.3 8 13486.1 4.80345 2.698 8 5 16447.5 5.09724 5.03214 2 20 694.659 7.03343e-05 2.23733 6 
2.71252 0.000167161 -1 1.05753 0.191141 0.0044228 387.061 22434.5 8 10023.6 4.32014 2.63445 8 5 11107.8 10.3649 4.03657 2 20 697.38 7.06789e-05 2.23722 6 
2.71701 0.000167302 -1 1.05839 0.1911 0.0044919 387.878 22429.5 8 8306.12 4.29562 2.57511 8 5 7885.87 10.7058 3.74495 2 21 724.94 5.95877e-05 2.17464 6 
2.7215 0.000167439 -1 1.05925 0.191073 0.0044919 388.682 22425.2 6 8992.86 4.58208 3.53839 7 5 7522.92 7.19437 4.01679 2 21 732.865 5.96049e-05 2.17574 6 
2.72607 0.000167591 -1 1.06012 0.191074 0.00456554 389.485 22421.1 5 19627.8 4.47145 5.35161 6 5 10710.2 7.12507 4.31918 2 22 764.783 5.40661e-05 2.11362 6 
2.73063 0.000167769 -1 1.061 0.191092 0.00456554 390.352 22413.2 4 13088.1 4.69996 7.26433 4 5 13955.8 15.828 3.88209 2 25 771.591 6.6334e-05 1.91702 6 
2.73528 0.000168029 -1 1.06188 0.191119 0.00464426 391.156 22409 5 18497.4 4.32405 5.32407 2 5 20719.1 17.1293 4.13548 2 23 804.201 5.19367e-05 2.05402 6 
2.73992 0.00016842 -1 1.06277 0.191113 0.00464426 391.956 22405.1 6 20155.3 4.18574 4.10932 2 5 21241.9 17.8145 4.12367 2 23 808.081 5.08585e-05 2.05632 6 
2.74457 0.000168928 -1 1.06365 0.191105 0.00464426 392.736 22402.3 6 17899.8 3.71631 4.1095 2 5 18575 13.1401 4.26645 2 23 809.563 5.66556e-05 2.04686 6 
2.7493 0.000169486 -1 1.06456 0.191035 0.00473026 393.664 22391.2 8 15129.8 4.28433 2.77648 4 5 14359.4 4.71116 4.9751 2 24 839.26 5.80278e-05 1.98767 6 
2.75403 0.000169794 -1 1.06546 0.191015 0.00473026 394.535 22383.3 9 11739.5 4.25804 2.41141 6 5 11362.6 7.15249 4.36721 2 24 835.02 6.74393e-05 1.97484 6 
2.75885 0.000169965 -1 1.06638 0.190997 0.00482301 395.482 22371.1 10 12661.9 3.52216 2.26761 8 5 11889.9 12.4992 3.94148 2 25 862.209 7.43969e-05 1.91674 6 
2.76377 0.000170094 -1 1.06732 0.190987 0.00492144 396.466 22356.9 8 15525.9 3.53977 2.85273 8 7 12774.2 13.8746 2.65122 3 27 889.31 5.67503e-05 1.84708 6 
2.76869 0.000170224 -1 1.06827 0.190974 0.00492144 397.425 22344.2 9 12138.1 3.89985 2.44412 7 6 10761.6 13.5248 3.04409 4 26 878.792 9.91326e-05 1.8502 6 
2.77372 0.000170369 -1 1.06922 0.190976 0.00502843 398.46 22327.3 10 14628.6 3.40828 2.30816 7 7 16546.7 14.5021 2.73372 4 28 905.323 7.86585e-05 1.78723 6 
2.77875 0.000170496 -1 1.07018 0.190926 0.00502843 399.514 22309.4 11 20636.7 3.74816 2.18814 7 9 21412.6 14.1853 2.2553 5 28 891.213 7.48278e-05 1.78942 6 
2.78378 0.000170631 -1 1.07114 0.190882 0.00502843 400.567 22291.6 11 19854.9 3.80706 2.17738 6 8 21156.7 14.3131 2.49009 6 28 874.837 7.55639e-05 1.78761 6 
2.78893 0.000170767 -1 1.07212 0.190821 0.00514815 401.697 22269.7 12 17212.7 3.19441 2.04623 6 8 16711.7 12.7059 2.45402 6 30 897.645 6.75676e-05 1.72761 6 
2.7942 0.000170881 -1 1.07313 0.190736 0.00527686 402.821 22248.2 7 13909.2 3.38064 3.28344 5 7 13957.7 12.551 2.72372 6 32 919.593 7.40482e-05 1.66606 6 
2.79948 0.000170996 -1 1.07414 0.190802 0.00527686 403.984 22224.7 5 16815.6 3.514 5.44481 4 5 12404.6 13.9855 3.8867 5 35 892.606 7.79555e-05 1.59104 6 
2.8049 0.000170885 -1 1.07517 0.190726 0.00541947 405.285 22193.8 9 12731.5 3.33956 2.49983 3 8 12139.9 12.422 2.36458 5 39 912.498 9.47194e-05 1.51033 6 
2.81032 0.000170803 -1 1.0762 0.19057 0.00541947 406.361 22175.4 13 18908.9 3.21008 1.9499 3 8 17241.2 10.7927 2.51437 5 30 876.999 9.39098e-05 1.70743 6 
2.81574 0.000170736 -1 1.07723 0.190395 0.00541947 407.386 22159.8 12 18764.9 3.0525 2.06883 3 6 17404.4 10.6663 3.43116 4 29 832.655 6.84199e-05 1.75517 6 
2.82116 0.000170645 -1 1.07826 0.19031 0.00541947 408.375 22146.2 11 14713.8 3.38785 2.14146 3 5 11938.8 7.84325 4.33005 4 28 778.16 8.78181e-05 1.77062 6 
2.82658 0.000170474 -1 1.07929 0.19038 0.00541947 409.38 22131.9 12 14361.4 2.34278 2.06834 3 4 13714.1 9.82121 6.11295 3 29 720.098 7.14438e-05 1.7438 6 
2.83217 0.00017031 -1 1.08036 0.190584 0.0055943 410.532 22109.7 12 22913.4 2.60787 2.13133 2 5 15399.4 10.8062 4.27333 2 34 717.823 6.62901e-05 1.61027 6 
2.83777 0.000170121 -1 1.08142 0.190768 0.0055943 411.645 22089.7 12 13025.3 2.74792 2.02449 2 5 7929.53 9.46604 3.84252 3 33 670.131 8.71948e-05 1.6168 6 
2.843 0.000170031 -1 1.08241 0.190996 0.00523337 412.624 22077 14 7066.78 3.13531 1.73578 2 6 8953.13 12.9785 2.97252 2 27 548.199 9.99906e-05 1.77661 6 
2.84841 0.000169852 -1 1.08345 0.191205 0.00541384 413.759 22056 15 9177.17 3.13499 1.70254 2 11 8818.35 11.9913 1.82219 2 30 625.22 6.25601e-05 1.71129 6 
2.85383 0.000169707 -1 1.08448 0.191374 0.00541384 414.781 22041.2 11 10301 2.8692 2.10471 2 10 8519.36 11.145 1.94237 2 29 665.512 8.65197e-05 1.72763 6 
2.85924 0.000169744 -1 1.08552 0.191519 0.00541384 415.785 22027.4 9 11326.4 3.3498 2.46672 2 8 10725.6 11.4788 2.35134 2 29 710.806 7.59222e-05 1.73937 6 
2.86487 0.000169875 -1 1.0866 0.191487 0.00563039 416.877 22009 15 11885.3 2.82758 1.74411 2 5 12225.5 5.98433 4.59251 2 32 814.473 6.59364e-05 1.66578 6 
2.8705 0.000170075 -1 1.08767 0.191414 0.00563039 418.041 21986.9 14 19874.5 2.59658 1.89418 3 8 12076.3 11.4795 2.38645 2 34 860.227 9.04447e-05 1.60414 6 
2.87613 0.00017023 -1 1.08874 0.191234 0.00563039 419.647 21941.8 14 9846.27 2.75261 1.794 3 9 9772.32 12.0038 2.10576 3 50 904.488 9.97097e-05 1.3777 6 
2.88176 0.00017036 -1 1.08982 0.190957 0.00563039 420.753 21923.1 14 12894.5 3.07449 1.81451 3 10 12889.5 11.8252 2.01253 3 31 943.831 9.87437e-05 1.67948 6 
2.88739 0.000170487 -1 1.0909 0.190593 0.00563039 421.909 21901.8 12 14781.6 3.02608 2.02957 4 11 14130.7 11.076 1.91577 3 32 977.53 6.39324e-05 1.67692 6 
2.89302 0.000170604 -1 1.09198 0.190196 0.00563039 423.04 21882 12 14580.4 3.15421 2.02026 4 10 13327.3 11.6267 2.02269 3 32 1005.32 8.22802e-05 1.66521 6 
2.89812 0.000170706 -1 1.09294 0.18987 0.00509416 423.983 21871.9 10 8301.43 3.28412 2.18914 4 11 10913.3 12.8987 1.84556 3 25 844.004 8.65139e-05 1.90358 6 
2.90348 0.000170816 -1 1.09396 0.189474 0.00536227 425.025 21856.9 12 11986.8 3.22726 1.98376 4 6 12671.5 10.6384 3.25581 2 29 952.595 6.8291e-05 1.76345 6 
2.90884 0.000170934 -1 1.09497 0.189087 0.00536227 426.078 21841.3 12 15231.3 3.38126 2.01591 4 10 14607 12.8273 2.02135 3 29 963.794 9.29299e-05 1.74552 6 
2.9142 0.000171058 -1 1.09598 0.188735 0.00536227 427.169 21823.9 13 17243 3.08725 1.94193 4 9 16300.9 12.1701 2.22554 4 30 969.462 8.22846e-05 1.72071 6 
2.91957 0.000171165 -1 1.09699 0.188418 0.00536227 428.27 21806.1 13 15093 2.94759 1.929 4 5 13856.7 13.0654 4.02817 3 31 970.058 7.52962e-05 1.69573 6 
2.92459 0.000171262 -1 1.09795 0.188204 0.00502713 429.191 21797.4 5 9151.25 1.60621 5.63813 3 5 9490.94 14.026 3.68192 3 27 849.738 6.44047e-05 1.83534 6 
2.92962 0.000171359 -1 1.09889 0.188002 0.00502713 430.098 21789.6 5 15302.7 2.90426 5.55068 3 4 14923.8 13.0546 5.81473 2 27 844.051 9.4664e-05 1.8089 6 
2.93503 0.000171531 -1 1.0999 0.187787 0.00541384 431.394 21762.1 6 19325.5 2.78207 4.36811 2 5 20027.4 7.14281 4.89273 2 34 969.447 9.96133e-05 1.60522 6 
2.94045 0.00017208 -1 1.10092 0.187676 0.00541384 432.658 21736.4 8 19061.2 2.97738 2.99082 2 5 16350.4 5.32258 4.98289 2 36 955.579 7.09671e-05 1.57773 6 
2.94541 0.000172343 -1 1.10185 0.187757 0.00496268 433.822 21715.8 13 10527.3 3.5387 1.85008 5 5 9306.99 6.50016 4.27737 2 32 790.104 9.31103e-05 1.64635 6 
2.95037 0.000172226 -1 1.10278 0.187738 0.00496268 434.936 21697.9 12 15919.7 3.67568 2.00932 5 9 15861.6 13.3984 2.19521 4 30 776.737 7.15784e-05 1.716 6 
2.95534 0.000172093 -1 1.10372 0.187756 0.00496268 436.071 21679 12 18607.5 4.02569 2.02024 5 9 19458.1 14.1088 2.23278 4 31 762.903 7.64524e-05 1.68181 6 
2.9603 0.000171936 -1 1.10465 0.187782 0.00496268 437.21 21660 14 17544.1 3.69379 1.83071 4 9 16414.8 15.7056 2.16503 4 32 748.964 9.10788e-05 1.64473 6 
2.96526 0.000171782 -1 1.10557 0.187864 0.00496268 438.421 21637.5 13 10681.5 3.81473 1.84148 4 9 10719 15.34 2.07032 4 34 734.741 6.67894e-05 1.61102 6 
2.97022 0.0001716 -1 1.1065 0.187929 0.00496268 439.649 21614.3 15 16066.7 3.43982 1.75641 4 9 15012 16.1706 2.13671 4 35 720.744 8.11421e-05 1.57954 6 
2.97519 0.00017143 -1 1.10743 0.18802 0.00496268 440.93 21588.7 15 18994.4 3.79638 1.76448 4 10 20115 15.1425 2.05273 4 37 706.882 6.51672e-05 1.54933 6 
2.98015 0.000171253 -1 1.10836 0.188122 0.00496268 442.253 21561.2 14 17722 3.54021 1.83759 4 9 16544.4 14.7293 2.18243 4 38 693.355 9.04575e-05 1.51765 6 
2.98511 0.000171092 -1 1.1093 0.188253 0.00496268 443.648 21530.3 12 9094.39 3.87665 1.90924 4 8 10682.6 14.1143 2.29022 4 40 680.217 9.54683e-05 1.48361 6 
2.99007 0.000170898 -1 1.11024 0.188362 0.00496268 445.082 21497.7 11 16703.6 3.46373 2.16193 4 7 15751.8 13.1128 2.7539 4 43 667.319 7.54536e-05 1.45061 6 
2.99504 0.000170735 -1 1.11117 0.188503 0.00496268 446.52 21465.2 9 19582.7 3.95498 2.57351 4 7 20315.3 15.6067 2.78567 4 45 654.329 8.70125e-05 1.42169 6 
3 0.000170558 -1 1.1121 0.188625 0.00496268 448.048 21428.6 8 16964.3 3.31019 2.90878 4 6 15724.8 15.7044 3.16296 3 47 641.213 9.20481e-05 1.39828 6 

# Multigrid, 586 steps, 419.11 CPU, 449.1 real, 2.14e+04 points.step/s, 24 var
