0.913053 0
0.913104 0.015625

0.913103 0.015625
0.913255 0.03125

0.913254 0.03125
0.913512 0.046875

0.913509 0.046875
0.913879 0.0625

0.913876 0.0625
0.914367 0.078125

0.914364 0.078125
0.914988 0.09375

0.914983 0.09375
0.915756 0.109375

0.91575 0.109375
0.916691 0.125

0.916685 0.125
0.917821 0.140625

0.917812 0.140625
0.919173 0.15625

0.919164 0.15625
0.920784 0.171875

0.920764 0.171875
0.921875 0.180866

0.921875 0.180789
0.922704 0.1875

0.922681 0.1875
0.924986 0.203125

0.924962 0.203125
0.927725 0.21875

0.92771 0.21875
0.931012 0.234375

0.930987 0.234375
0.934908 0.25

0.934778 0.25
0.9375 0.258884

0.9375 0.258665
0.939632 0.265625

0.939594 0.265625
0.945449 0.28125

0.945188 0.28125
0.952631 0.296875

0.951765 0.296875
0.953125 0.299216

0.953125 0.298205
0.962711 0.3125

0.961938 0.3125
0.96875 0.320198

0.96875 0.31976
0.979184 0.328125

0.977742 0.328125
0.984375 0.332512

0.984375 0.331326
1 0.338368

1 0.338473
1.01562 0.342221

1.01562 0.342148
1.03125 0.342536

1.03125 0.342373
1.04688 0.339876

1.04688 0.339712
1.0625 0.334983

1.0625 0.334929
1.07812 0.328401

1.09375 0.320218
1.07858 0.328125

1.07812 0.328419
1.07869 0.328125

1.10938 0.310824
1.10669 0.3125

1.09375 0.320176
1.10606 0.3125

1.10938 0.310368
1.125 0.299236

1.14062 0.286948
1.12809 0.296875

1.125 0.29917
1.12802 0.296875

1.15625 0.273291
1.14721 0.28125

1.14062 0.286663
1.14698 0.28125

1.17188 0.257971
1.16422 0.265625

1.15625 0.272911
1.16393 0.265625

1.1875 0.240941
1.17949 0.25

1.17188 0.257707
1.17919 0.25

1.20312 0.222069
1.19323 0.234375

1.1875 0.240783
1.19299 0.234375

1.21875 0.200955
1.21733 0.203125

1.21712 0.203125
1.20574 0.21875

1.20312 0.221959
1.20561 0.21875

1.23438 0.175839
1.22743 0.1875

1.21875 0.200524
1.22735 0.1875

1.25 0.145838
1.24506 0.15625

1.24501 0.15625
1.23667 0.171875

1.23438 0.175683
1.23663 0.171875

1.26562 0.106534
1.26474 0.109375

1.26469 0.109375
1.25897 0.125

1.25895 0.125
1.2524 0.140625

1.25 0.145672
1.2524 0.140625

1.28125 0.0324336
1.27956 0.046875

1.27956 0.046875
1.27697 0.0625

1.27697 0.0625
1.27363 0.078125

1.27362 0.078125
1.26953 0.09375

1.26562 0.106298
1.26954 0.09375

1.28284 0
1.28247 0.015625

1.28247 0.015625
1.28138 0.03125

1.28125 0.0323523
1.28138 0.03125

kappa_offset_provider_stats evaluations=38628 clamp_hits=0 denominator_guard_hits=0 min_abs_denominator=0.8775541931022286 max_abs_d_over_h=0.50004527367657869 grad_samples=38628 grad_min=0.96837545305128314 grad_mean=0.99886137922550189 grad_std=0.002905817242095174 grad_max=1.0011597419089697
