t sb -1 xb vb dt perf.t perf.speed
0 0 -1 0.5 0 2.52982e-05 0 0 
2.52982e-05 0 -1 0.5 0.000485106 2.52982e-05 0.022442 730060 1 697.396 1921.3 0.362981 4 
0.000614221 -3.41811e-08 -1 0.5 0.00122035 0.000588923 0.056333 581684 5 1443.19 217.331 1.46029 5 2 1727.57 403.935 2.06806 4 3 0.0838303 5.32624e-05 11.6322 2 
0.00171532 -1.69296e-06 -1 0.5 0.00175547 0.0011011 0.129644 379131 6 441.83 80.621 1.32781 6 2 805.122 221.343 1.90721 5 19 0.115768 4.08927e-05 1.51943 3 
0.00328182 -3.52454e-06 -1 0.500002 0.0023038 0.0015665 0.164633 398073 2 170.839 20.2435 2.90504 6 2 378.12 47.6962 2.81561 5 6 0.0588869 5.14979e-05 3.23374 3 
0.00527167 -4.37826e-06 -1 0.500006 0.00350315 0.00198985 0.201807 405932 1 72.324 12.3005 5.87974 6 2 212.203 89.8207 1.53705 6 8 0.0740825 7.05933e-05 2.38572 3 
0.00764656 -3.44257e-06 -1 0.500014 0.0045978 0.00237488 0.268593 365996 4 41.7424 14.2285 1.30874 7 3 145.706 67.531 1.29218 7 11 0.131451 6.45621e-05 1.99894 3 
0.0103718 -2.0261e-06 -1 0.500027 0.00630521 0.00272528 0.325721 352105 2 23.6685 10.792 1.48093 7 2 117.343 23.559 2.23178 7 13 0.156579 7.97966e-05 1.79179 3 
0.0134132 -8.64637e-07 -1 0.500047 0.00829344 0.00304133 0.386723 338930 2 41.7652 4.98455 2.89464 7 1 26.4834 42.663 0.620759 7 16 0.219578 7.27705e-05 1.64997 3 
0.0167427 -4.06083e-07 -1 0.500075 0.0104385 0.00332953 0.457383 322391 2 62.9133 1.69343 6.0952 7 1 28.5205 25.3893 1.12333 7 18 0.266659 9.54452e-05 1.55402 3 
0.020337 -6.88408e-07 -1 0.500113 0.012724 0.00359429 0.540327 303224 2 79.221 1.41812 7.47417 7 1 18.3704 20.0161 0.917782 7 24 0.313381 8.78199e-05 1.40611 3 
0.0241718 -1.38889e-06 -1 0.500162 0.0151523 0.00383483 0.606414 297196 4 1262.6 2.13684 4.9303 6 1 21.277 21.0079 1.01281 7 13 0.363103 9.93142e-05 1.87966 4 
0.0282206 -1.84133e-06 -1 0.500223 0.0173935 0.00404875 0.694695 283013 2 74.3623 4.30475 4.15626 6 2 25.121 5.40705 2.15545 8 19 0.414911 7.47685e-05 1.57422 4 
0.032466 -1.9285e-06 -1 0.500297 0.0201961 0.0042454 0.772206 275823 3 1264.03 2.66057 7.803 5 2 23.2621 2.96564 2.80069 9 14 0.584815 8.34786e-05 1.88224 5 
0.0368951 -1.72286e-06 -1 0.500387 0.0228132 0.00442916 0.887811 258361 4 1152.39 2.62261 4.57842 4 2 36.4385 2.33505 3.95032 10 22 0.859766 8.24669e-05 1.52279 5 
0.041482 -1.47455e-06 -1 0.500492 0.0257612 0.00458685 0.990575 248098 4 1270.78 2.50493 4.7459 4 2 30.4874 2.68709 3.36836 11 16 1.03448 5.02396e-05 1.86039 6 
0.0462232 -1.23309e-06 -1 0.500613 0.0285672 0.00474121 1.08187 242307 5 1264.85 1.82792 3.69842 3 2 50.1071 3.29077 3.90213 11 14 1.03268 8.81349e-05 1.95267 6 
0.0510974 -1.11972e-06 -1 0.500752 0.031361 0.00487422 1.18243 235556 4 1257.04 1.579 5.3118 3 2 64.4861 3.92329 4.05423 11 16 0.964278 9.84103e-05 1.77602 6 
0.0560955 -1.12308e-06 -1 0.500909 0.0344422 0.00499814 1.30224 226465 4 1107.81 1.71039 5.04479 3 2 71.0277 3.83062 4.30605 11 21 1.20389 6.68826e-05 1.59453 6 
0.0611976 -1.17535e-06 -1 0.501084 0.0373814 0.00510209 1.43913 216309 4 209.264 0.719421 4.12979 3 2 69.7315 3.6256 4.38556 11 24 1.608 7.53129e-05 1.51493 6 
0.0664083 -1.23044e-06 -1 0.501279 0.0403415 0.00521064 1.5756 207972 4 1278.58 2.97226 4.55418 3 2 94.8654 3.25665 5.3972 11 24 1.53466 7.49069e-05 1.51233 6 
0.0717036 -1.1826e-06 -1 0.501494 0.0435056 0.00529529 1.71288 200868 6 1230.51 2.06979 2.89974 3 2 113.597 3.31434 5.85443 11 24 1.32712 8.32681e-05 1.49658 6 
0.0770865 -1.12439e-06 -1 0.501728 0.0465865 0.0053829 1.85604 194203 5 1254.97 1.21278 4.00839 3 2 118.236 3.07607 6.19979 11 25 1.83302 9.22456e-05 1.48569 6 
0.0825498 -1.01627e-06 -1 0.501983 0.0498137 0.00546339 1.99556 188836 4 1105.37 2.92144 4.4104 3 2 110.04 3.178 5.88434 11 24 2.23037 9.56054e-05 1.52053 6 
0.0880753 -8.26519e-07 -1 0.502259 0.0529225 0.00552547 2.12124 185371 5 1222.22 2.25278 3.52279 3 2 152.522 3.00326 7.1264 11 22 1.90928 9.81705e-05 1.56657 6 
0.0936644 -6.64003e-07 -1 0.502555 0.056188 0.00558911 2.24422 182513 4 1032.03 2.2963 4.60432 3 2 164.118 2.71535 7.77438 11 21 1.59748 9.36218e-05 1.59047 6 
0.0993078 -5.49063e-07 -1 0.502872 0.0592567 0.00564337 2.36792 179898 4 1091.07 2.68843 4.48836 3 2 166.848 2.63625 7.95549 11 21 2.62959 6.65293e-05 1.65538 6 
0.105007 -4.31154e-07 -1 0.503211 0.0625413 0.00569881 2.48092 178308 6 1108.58 0.854163 3.30272 3 2 150.253 1.85163 9.00814 11 18 2.665 8.03789e-05 1.78296 6 
0.110751 -3.4146e-07 -1 0.50357 0.065921 0.00574403 2.58252 177637 4 1319.27 2.36109 4.86189 3 2 217.129 1.23553 13.2566 11 16 2.17731 5.82064e-05 1.93112 6 
0.116541 -2.52861e-07 -1 0.503952 0.0689561 0.00579008 2.67369 177708 6 1167.3 0.535587 3.60074 4 2 221.23 1.60902 11.7258 11 13 2.23899 9.65602e-05 2.16665 6 
0.122366 -1.10429e-07 -1 0.504354 0.0721497 0.00582517 2.76302 177892 5 1253.89 1.39117 3.8992 4 2 198.491 1.99999 9.96221 11 12 3.21489 5.86415e-05 2.48264 6 
0.128227 -1.27251e-08 -1 0.504777 0.0753605 0.00586076 2.84363 178611 5 1195.45 1.29124 3.92017 4 2 230.08 2.2576 10.0952 11 11 2.83747 5.43943e-05 2.68443 6 
0.134124 6.71422e-08 -1 0.505222 0.0786248 0.00589687 2.92067 179509 4 1224.31 1.61921 5.24382 4 2 263.791 3.09711 9.22894 11 11 2.13019 4.1093e-05 2.6829 6 
0.140045 1.78657e-07 -1 0.505688 0.0818009 0.00592123 3.0078 179757 5 1182.65 0.619334 4.53092 4 2 277.512 3.52298 8.87536 11 11 3.2016 6.18029e-05 2.68274 6 
0.146003 2.5851e-07 -1 0.506176 0.0850287 0.00595824 3.08216 180735 4 1249.25 1.28358 5.58543 3 2 243.776 4.6953 7.20549 11 10 3.47679 5.4341e-05 3.02416 6 
0.151974 3.63237e-07 -1 0.506684 0.088157 0.00597071 3.15962 181490 7 1223.06 2.29025 2.45274 2 2 344.434 6.50004 7.27939 11 9 3.04918 5.09168e-05 3.39479 6 
0.15797 4.4146e-07 -1 0.507213 0.091441 0.00599584 3.22805 182719 6 1162.24 2.27739 2.8269 2 2 429.168 8.49646 7.10713 11 9 3.05092 5.88433e-05 3.34087 6 
0.163991 6.8636e-07 -1 0.507762 0.0945283 0.00602125 3.30416 183468 7 5004.12 1.90736 3.07903 3 3 2400.32 1.76861 11.0717 10 9 3.68227 8.13613e-05 3.29079 6 
0.170025 1.01423e-06 -1 0.508333 0.0977087 0.00603406 3.38881 183720 5 2133.2 0.463708 5.40204 3 3 986.141 2.53556 7.29942 10 12 6.52255 6.24057e-05 2.61979 5 
0.176072 1.33071e-06 -1 0.508924 0.100797 0.00604696 3.46457 184432 5 1743.96 1.16941 4.31235 3 3 1378.01 2.09817 8.69236 10 11 5.54121 6.5517e-05 2.80499 5 
0.182145 1.64909e-06 -1 0.509537 0.103922 0.00607296 3.54133 185061 5 1555.73 1.80027 3.86651 3 3 1178.23 1.71505 8.82371 9 11 4.94956 7.64089e-05 2.7378 5 
0.188231 1.99647e-06 -1 0.51017 0.107063 0.00608608 3.61531 185806 5 1391.06 1.27677 4.04992 3 3 772.355 1.89347 7.41629 8 10 5.02128 6.20975e-05 3.09581 5 
0.19433 2.26344e-06 -1 0.510824 0.110161 0.00609928 3.68096 186942 5 1363.98 1.01907 4.22008 3 3 944.918 1.97167 7.82564 7 9 5.41428 4.06443e-05 3.71017 5 
0.200429 2.46658e-06 -1 0.511497 0.113279 0.00609928 3.74907 187916 5 1378.46 0.902124 4.33337 3 3 804.594 1.92295 7.47945 6 10 4.21193 4.67061e-05 3.12976 5 
0.206542 2.55115e-06 -1 0.51219 0.116452 0.0061126 3.83008 188220 5 1251.91 1.24257 3.98704 3 3 802.921 2.22046 7.12432 5 12 5.33358 5.06305e-05 2.6215 5 
0.212668 2.61079e-06 -1 0.512903 0.119494 0.006126 3.91165 188483 5 1414.1 1.81741 3.78622 3 3 700.851 3.79613 5.69414 4 14 4.26576 8.42008e-05 2.16795 5 
0.218808 2.61081e-06 -1 0.513637 0.122492 0.0061395 4.02057 187452 5 1240.97 1.73991 3.72089 3 4 785.869 3.82666 3.78558 3 19 4.99147 9.06172e-05 1.77634 5 
0.224947 2.56604e-06 -1 0.514388 0.125462 0.0061395 4.12574 186645 5 1287.25 1.52878 3.84648 3 3 670.547 9.93139 4.07199 3 21 4.81855 9.01418e-05 1.67935 5 
0.2311 2.49425e-06 -1 0.515159 0.128538 0.00615311 4.24326 185337 5 1988.13 2.60397 3.77191 3 3 1029.29 8.76549 4.8969 3 23 3.38797 7.91535e-05 1.58989 5 
0.237253 2.35457e-06 -1 0.515948 0.131372 0.00615311 4.37997 183292 5 7188.91 1.47029 5.4683 3 4 3724.64 7.57868 4.70839 2 22 6.49359 7.15851e-05 1.68015 7 
0.24342 2.20512e-06 -1 0.516758 0.134329 0.00616685 4.54876 180093 6 3419.33 1.16562 3.78353 2 4 1854.91 5.50616 4.28419 2 29 6.89792 9.53784e-05 1.47082 7 
0.249587 2.4307e-06 -1 0.517587 0.137223 0.00616685 4.71141 177353 6 2644.91 1.71667 3.3985 2 4 1813.13 6.00004 4.16935 2 26 6.18587 8.93316e-05 1.53521 7 
0.255754 3.05827e-06 -1 0.518434 0.140171 0.00616685 4.85299 175555 5 2105.65 2.56017 3.82845 2 4 1509.6 4.79789 4.21166 2 22 5.96696 6.84551e-05 1.67711 7 
0.261935 3.8746e-06 -1 0.519301 0.14295 0.00618073 4.96714 174819 5 2267.29 2.39391 3.93804 2 4 1539.91 3.97238 4.43722 2 17 6.98645 5.33369e-05 1.99992 7 
0.268115 4.90112e-06 -1 0.520185 0.145705 0.00618073 5.05492 175025 5 1966.58 1.35838 4.28684 2 4 1618.33 3.5083 4.63439 2 13 6.15339 6.54586e-05 2.41296 7 
0.274296 5.94159e-06 -1 0.521087 0.148613 0.00618073 5.12913 175687 6 2202.27 1.65432 3.31672 2 4 1065.86 5.32284 3.76174 2 10 5.4579 9.5711e-05 2.98955 7 
0.280477 6.88814e-06 -1 0.522005 0.151387 0.00618073 5.21389 175973 7 1769.21 1.47966 2.75207 2 4 1271.64 2.31894 4.83915 2 11 6.14407 8.41386e-05 2.76779 7 
0.286672 7.72799e-06 -1 0.522941 0.154029 0.00619481 5.29686 176310 5 2147 1.67224 4.18511 2 4 990.345 3.86529 4.00084 2 12 4.78902 5.2604e-05 2.58982 7 
0.292866 8.57534e-06 -1 0.523895 0.156859 0.00619481 5.38391 176502 6 12705.1 2.27802 4.21117 2 4 6780.24 5.29316 5.9825 2 12 5.71968 6.8575e-05 2.57099 7 
0.299061 9.42619e-06 -1 0.524867 0.159527 0.00619481 5.53502 174644 7 4853.42 1.34316 3.2231 2 5 2477.56 4.62237 3.51425 2 27 9.4958 9.84036e-05 1.52972 6 
0.305256 1.01857e-05 -1 0.525856 0.162185 0.00619481 5.67541 173211 7 3727.94 1.43392 3.07503 2 4 2392.21 8.2549 4.12593 2 24 7.25488 5.49032e-05 1.63447 7 
0.311451 1.09425e-05 -1 0.526862 0.164747 0.00619481 5.77108 173178 7 2904.59 1.89752 2.85092 2 4 2082.88 7.72936 4.05163 2 14 6.57036 6.08615e-05 2.28832 7 
0.317646 1.1707e-05 -1 0.527884 0.16741 0.00619481 5.8678 173116 7 2977.84 1.66769 2.91434 2 4 1979.32 5.24778 4.40692 3 14 7.1807 6.13997e-05 2.30144 7 
0.32384 1.25642e-05 -1 0.528921 0.169942 0.00619481 5.96848 172941 6 2682 2.04032 3.30974 2 4 2121.28 3.36476 5.01085 3 14 7.52363 7.27036e-05 2.28142 7 
0.33005 1.35457e-05 -1 0.529975 0.172502 0.00620919 6.07538 172594 6 2196.24 2.33167 3.1309 2 4 1826.92 2.31865 5.29811 3 15 5.93823 5.73215e-05 2.15951 7 
0.336259 1.46286e-05 -1 0.531046 0.175017 0.00620919 6.18956 172058 7 2559.52 1.71293 2.84111 2 4 1473.81 2.58803 4.88504 3 15 6.67379 7.00507e-05 2.14749 7 
0.342468 1.56649e-05 -1 0.532132 0.17746 0.00620919 6.29684 171728 9 13508.6 2.40526 2.60979 2 4 7346.55 9.59212 5.26068 2 15 5.93796 6.2749e-05 2.14652 7 
0.348677 1.64497e-05 -1 0.533235 0.179893 0.00620919 6.44159 170413 9 6110.16 2.23505 2.40914 2 5 3162.19 6.05084 3.49651 2 22 10.696 9.47145e-05 1.69697 7 
0.354886 1.70487e-05 -1 0.534353 0.182277 0.00620919 6.57 169576 9 4681.39 2.19821 2.34321 2 5 2866.16 5.01152 3.56013 2 19 8.29096 6.31838e-05 1.85938 7 
0.361096 1.75656e-05 -1 0.535485 0.184671 0.00620919 6.6725 169426 8 3645.32 2.1945 2.52668 2 4 2601.2 9.82125 4.03415 2 15 6.98781 7.8735e-05 2.13736 7 
0.367305 1.81778e-05 -1 0.536631 0.186991 0.00620919 6.7783 169199 6 2884.92 1.8524 3.4046 3 4 2002.09 10.2339 3.73991 2 15 7.06885 5.84788e-05 2.18184 7 
0.373514 1.88881e-05 -1 0.537792 0.189264 0.00620919 6.87849 169116 6 3418.92 1.59937 3.58914 3 5 2536.41 4.27844 3.58581 2 14 7.98837 8.26237e-05 2.27037 7 
0.379723 1.96126e-05 -1 0.538967 0.191568 0.00620919 6.97877 169034 5 2758.41 2.25838 4.14355 3 5 2287.47 4.49635 3.47775 2 14 7.08282 7.99269e-05 2.25628 7 
0.385932 2.0507e-05 -1 0.540157 0.193602 0.00620919 7.07501 169050 5 3226.19 1.83164 4.45831 3 5 1595.88 5.79158 3.07638 2 14 5.81224 7.18408e-05 2.24166 7 
0.392141 2.13627e-05 -1 0.541358 0.195886 0.00620919 7.17285 169028 5 11982.9 1.52473 6.01276 3 6 6560.97 3.11688 3.57993 2 14 8.25978 4.83774e-05 2.36449 7 
0.398351 2.22627e-05 -1 0.542574 0.198072 0.00620919 7.26757 169080 5 5106.71 1.43284 5.1332 2 5 3015.91 5.66859 3.50904 2 13 8.36247 8.70463e-05 2.41699 7 
0.40456 2.30968e-05 -1 0.543804 0.200126 0.00620919 7.36209 169135 6 3867.68 1.8427 3.57821 3 6 3065.4 4.24313 2.99548 2 13 9.70055 7.30646e-05 2.4779 7 
0.410769 2.38964e-05 -1 0.545048 0.202129 0.00620919 7.46431 169013 6 4245.44 1.56313 3.73526 3 6 3448.39 5.16489 2.95637 2 13 9.07156 5.71364e-05 2.51223 7 
0.416978 2.45332e-05 -1 0.546304 0.204172 0.00620919 7.55644 169121 6 3966.13 1.22713 3.84514 3 6 3307.24 3.21458 3.17729 3 12 8.4786 8.80659e-05 2.60191 7 
0.423187 2.51641e-05 -1 0.54757 0.206225 0.00620919 7.64591 169285 5 3033.65 1.59705 4.52616 3 5 2536.87 2.64515 3.94793 3 12 7.06996 6.29331e-05 2.63559 7 
0.429397 2.5773e-05 -1 0.548848 0.208122 0.00620919 7.74109 169320 7 3788.33 2.14266 2.91023 2 5 2015.48 2.99083 3.6789 3 12 6.258 4.98846e-05 2.65994 7 
0.435606 2.63904e-05 -1 0.55014 0.210002 0.00620919 7.87161 168594 8 13112.2 1.75705 3.04868 2 5 7253.31 2.0898 5.10607 3 19 8.44025 5.55815e-05 1.87373 7 
0.441815 2.70907e-05 -1 0.551444 0.211877 0.00620919 8.00854 167757 7 5497.55 2.46162 3.00899 2 5 3195.95 1.64426 4.54701 3 21 8.49738 7.83368e-05 1.73691 7 
0.448024 2.78332e-05 -1 0.552759 0.213705 0.00620919 8.12111 167449 7 4423.39 2.38417 2.93033 2 4 2748.7 6.18135 4.59209 2 16 9.97779 6.95502e-05 2.10037 7 
0.454233 2.87201e-05 -1 0.554084 0.215427 0.00620919 8.20246 167786 7 4261.33 2.48076 2.89826 2 4 3456.75 8.84674 4.44602 2 11 9.03075 7.48667e-05 2.897 7 
0.460443 2.9656e-05 -1 0.555422 0.217159 0.00620919 8.28135 168166 6 4444.54 2.3902 3.5067 2 4 3629.97 6.58637 4.84523 2 10 8.88369 3.73265e-05 3.44872 7 
0.466652 3.06108e-05 -1 0.556769 0.218823 0.00620919 8.35355 168674 6 3605.37 1.76426 3.56231 3 4 3017.68 6.5522 4.63257 3 9 7.79527 7.46033e-05 3.61139 7 
0.472861 3.14962e-05 -1 0.558126 0.220429 0.00620919 8.42799 169128 6 6237.6 1.84167 3.87526 3 5 3562.51 6.14269 3.57009 2 9 5.91109 5.04593e-05 3.65756 7 
0.47907 3.23351e-05 -1 0.559492 0.222028 0.00620919 8.50719 169479 6 11179.8 1.43545 4.4522 3 6 6163.33 3.6378 3.45273 2 9 9.97529 4.23595e-05 3.95263 7 
0.485279 3.30084e-05 -1 0.560871 0.223561 0.00620919 8.58699 169812 6 6869.15 1.76488 3.96611 3 6 4030.42 3.99963 3.16632 2 11 9.57412 7.5771e-05 2.90925 6 
0.491488 3.3712e-05 -1 0.562259 0.225033 0.00620919 8.6685 170106 7 5596.24 2.11427 3.08292 2 5 3906.91 6.82934 3.56034 2 11 8.13096 5.67884e-05 2.9425 6 
0.497698 3.44568e-05 -1 0.563655 0.226471 0.00620919 8.74687 170454 7 4322.98 2.22849 2.94905 2 4 3175.22 7.88094 4.48022 2 11 7.60586 4.6487e-05 2.9784 6 
0.503907 3.53272e-05 -1 0.565058 0.227882 0.00620919 8.82387 170824 7 3450.65 2.2097 2.85906 2 5 2480.71 4.06697 3.60629 2 11 7.00837 4.02022e-05 2.99563 6 
0.510131 3.63635e-05 -1 0.566476 0.229275 0.00622467 8.90078 171189 7 4382.99 1.95106 3.01152 2 5 3158.19 4.85426 3.65311 2 10 8.15199 3.89251e-05 3.40489 6 
0.516356 3.74567e-05 -1 0.567902 0.230507 0.00622467 9.08675 169488 10 20331.9 2.46873 2.4636 4 6 11550.3 2.70448 4.02796 3 32 8.51279 8.30231e-05 1.43413 6 
0.522581 3.80799e-05 -1 0.569334 0.231735 0.00622467 9.3667 166172 6 9000.64 2.33152 3.9607 4 5 5042.56 2.18962 4.70388 3 56 10.3431 8.14304e-05 1.2335 6 
0.528806 3.84397e-05 -1 0.570776 0.232995 0.00622467 9.54249 164827 6 5166.24 2.1178 3.66901 3 5 3389.11 4.20773 3.81248 3 31 10.7594 7.4714e-05 1.4669 6 
0.53503 3.88262e-05 -1 0.572227 0.234113 0.00622467 9.64633 164752 5 4500.34 2.42305 4.50585 3 6 3777.68 5.64151 2.95782 2 17 9.67732 6.22203e-05 2.02023 6 
0.541255 3.93489e-05 -1 0.573683 0.235351 0.00622467 9.73678 164904 6 5277.25 1.4437 3.92484 2 6 4311.43 5.2244 3.06265 2 13 9.2343 5.52213e-05 2.52227 6 
0.54748 4.02129e-05 -1 0.575145 0.236442 0.00622467 9.81174 165314 6 4350.43 1.38436 3.8272 2 5 3610.61 3.66969 3.96817 2 11 8.57641 3.53306e-05 3.08716 6 
0.553704 4.12164e-05 -1 0.576615 0.237519 0.00622467 9.89268 165617 7 18659.7 1.48906 3.8497 2 5 10703.5 9.25277 4.09874 3 10 6.93357 7.40898e-05 3.14138 6 
0.559929 4.2316e-05 -1 0.578093 0.238549 0.00622467 9.97473 165898 8 11395.5 2.28006 2.89967 2 6 6284.86 6.0155 3.18545 2 12 12.5392 8.13304e-05 2.70604 5 
0.566154 4.33614e-05 -1 0.579574 0.239526 0.00622467 10.0455 166360 7 7867.77 2.56591 3.14838 2 5 5081.09 6.7518 3.76104 2 11 9.44258 5.71871e-05 2.98088 5 
0.572378 4.43133e-05 -1 0.581064 0.240412 0.00622467 10.1223 166716 8 6174.59 2.04035 2.72341 2 5 4804.21 4.63614 4.00953 2 11 10.1809 5.8003e-05 2.99749 5 
0.578603 4.51809e-05 -1 0.58256 0.241232 0.00622467 10.1929 167169 6 5674.95 1.24588 4.07143 3 5 4655.87 6.72576 3.69872 2 10 9.403 4.90543e-05 3.37488 5 
0.584828 4.59008e-05 -1 0.584057 0.242 0.00622467 10.2719 167479 8 4399.73 1.49773 2.71331 2 5 3616.47 9.60976 3.27427 2 10 8.25814 4.66235e-05 3.34833 5 
0.591052 4.65072e-05 -1 0.585561 0.242789 0.00622467 10.3617 167608 9 9175.35 2.45398 2.49444 2 7 5303.52 9.94734 2.45217 2 14 6.73608 5.40292e-05 2.31198 5 
0.597277 4.7061e-05 -1 0.587073 0.243559 0.00622467 10.5828 165654 10 11132.4 1.86334 2.38578 2 7 6220.76 4.49963 2.80974 3 36 11.1031 7.25394e-05 1.39323 7 
0.603502 4.76904e-05 -1 0.588585 0.244257 0.00622467 10.7484 164627 8 8864.86 1.23842 3.03285 3 8 5431.98 5.90175 2.34691 2 25 9.10421 8.96575e-05 1.58587 7 
0.609726 4.81347e-05 -1 0.590104 0.244939 0.00622467 10.8742 164228 9 6767.43 1.6414 2.52168 2 7 4997.76 9.74417 2.43864 2 17 9.88882 8.95047e-05 1.98 7 
0.615951 4.85757e-05 -1 0.59163 0.245562 0.00622467 10.9708 164276 8 5899.63 2.56447 2.63165 2 6 4716.99 4.42604 3.19601 3 12 9.28032 5.50684e-05 2.72618 7 
0.622176 4.90863e-05 -1 0.593153 0.24616 0.00622467 11.0507 164572 7 4545.23 1.81872 3.05773 2 5 3655.99 5.06706 3.72949 3 10 8.16915 5.96947e-05 3.26305 7 
0.6284 4.97252e-05 -1 0.594682 0.246718 0.00622467 11.1283 164896 7 7031.64 1.3496 3.39609 2 4 4083.9 3.49356 5.84725 3 10 6.75374 3.6066e-05 3.36701 7 
0.634625 5.04458e-05 -1 0.59622 0.247311 0.00622467 11.1958 165365 7 11227.3 2.11762 3.40456 2 4 6534.55 6.67086 5.59446 3 8 10.4457 5.15279e-05 4.6064 7 
0.64085 5.13484e-05 -1 0.597753 0.247799 0.00622467 11.2582 165904 7 9304.21 2.46022 3.24415 2 4 5651.11 2.87768 6.65691 3 7 9.27938 6.69665e-05 5.42654 7 
0.647074 5.23805e-05 -1 0.599292 0.248279 0.00622467 11.3286 166319 7 7037.2 2.24507 3.1583 2 5 5138.23 2.44066 4.6202 3 9 9.92444 4.66545e-05 3.90822 6 
0.653299 5.33008e-05 -1 0.600839 0.248685 0.00622467 11.3939 166803 7 6157.45 2.33394 3.08148 2 5 4912.9 2.2893 4.63796 3 8 9.40427 8.36134e-05 4.27938 6 
0.659524 5.42122e-05 -1 0.602382 0.249072 0.00622467 11.4903 166830 8 4793.25 1.77656 2.68461 2 4 3856.68 9.66586 4.46934 3 15 8.35396 7.77012e-05 2.16487 6 
0.665748 5.5083e-05 -1 0.603925 0.249405 0.00622467 11.6413 166073 7 8585.13 2.2869 3.24073 2 5 4996.24 4.19009 4.12367 2 27 6.92949 8.85105e-05 1.51792 6 
0.671973 5.59846e-05 -1 0.605479 0.249649 0.00622467 11.8102 165085 10 12153.3 1.95249 2.39558 3 5 6857.82 5.66347 4.13638 2 25 10.9477 6.05933e-05 1.62284 7 
0.678198 5.65315e-05 -1 0.60703 0.249982 0.00622467 11.9376 164697 7 9417.36 1.90898 3.36969 2 5 5802.32 7.67184 3.76479 2 18 8.95599 7.60441e-05 1.91304 7 
0.684422 5.7176e-05 -1 0.60858 0.250177 0.00622467 12.0518 164495 7 6913.15 2.5335 3.09636 2 5 5159.53 3.88901 4.21264 2 16 10.3148 4.98664e-05 2.14896 7 
0.690647 5.78161e-05 -1 0.610136 0.250474 0.00622467 12.1541 164458 7 6369.01 2.48815 3.06821 2 5 5175.43 3.55152 4.29246 2 15 9.71483 9.46187e-05 2.15823 7 
0.696872 5.87596e-05 -1 0.611692 0.25063 0.00622467 12.259 164388 6 5139.94 1.78083 3.77331 2 5 4198.92 3.89302 4.04176 2 15 8.75724 7.38758e-05 2.179 7 
0.703096 5.97339e-05 -1 0.613248 0.250812 0.00622467 12.362 164344 7 17074 1.60856 3.75949 2 5 9919.06 8.93154 4.06545 2 15 7.27508 6.85925e-05 2.1629 7 
0.709321 6.06511e-05 -1 0.614805 0.250952 0.00622467 12.4591 164378 6 13523.9 2.33612 4.23742 2 6 7573.87 3.95859 3.52341 2 14 12.7696 5.51052e-05 2.41665 7 
0.715546 6.17114e-05 -1 0.616362 0.250982 0.00622467 12.553 164454 7 8281.52 2.17862 3.24652 2 5 5277.26 4.35892 4.13624 2 13 9.72459 6.07557e-05 2.51379 7 
0.72177 6.26298e-05 -1 0.617924 0.251116 0.00622467 12.6412 164602 5 5714.4 2.12924 4.85008 3 5 4547.04 3.02486 4.31921 2 12 10.6231 5.25971e-05 2.76763 7 
0.727995 6.33308e-05 -1 0.619484 0.251171 0.00622467 12.724 164819 6 6100.27 1.91526 3.83578 3 4 5069.75 9.30064 4.8319 3 11 9.76625 5.91193e-05 2.98101 7 
0.73422 6.41111e-05 -1 0.621041 0.251205 0.00622467 12.8046 165060 6 5524.93 2.27278 3.66686 3 4 4555.28 6.11565 5.22418 3 10 9.14695 7.75212e-05 3.21503 7 
0.740444 6.47577e-05 -1 0.6226 0.251194 0.00622467 12.8952 165171 6 24998.9 1.42166 5.09942 3 4 14508.5 6.81142 6.79354 3 12 7.80796 6.44783e-05 2.65212 7 
0.746669 6.53818e-05 -1 0.62416 0.251182 0.00622467 13.0397 164597 7 13238.2 2.40798 3.42224 2 4 7428.68 3.68065 6.70265 3 22 12.6201 9.3902e-05 1.71044 7 
0.752894 6.60943e-05 -1 0.625722 0.251065 0.00622467 13.1589 164352 8 6609.26 2.14629 2.72934 2 5 3742.81 5.74055 3.65468 2 17 11.1435 5.07025e-05 2.06175 7 
0.759118 6.65939e-05 -1 0.627282 0.251005 0.00622467 13.2472 164493 9 5435.21 2.0664 2.39883 3 4 3378.25 7.16531 4.65977 2 11 9.71382 5.01306e-05 3.02456 7 
0.765343 6.71986e-05 -1 0.628838 0.250905 0.00622467 13.3322 164673 8 4385.87 1.9431 2.6254 3 5 3570.82 7.47636 3.43412 2 10 8.66955 3.85341e-05 3.42938 7 
0.771568 6.76733e-05 -1 0.630398 0.250808 0.00622467 13.407 164977 8 5683.07 2.39422 2.64197 2 5 4438.85 7.50658 3.58398 2 8 8.7266 7.97073e-05 4.26499 7 
0.777792 6.81555e-05 -1 0.631954 0.250703 0.00622467 13.4815 165280 9 23297.4 1.91648 2.84359 4 6 13495.3 6.26004 3.59419 2 8 8.82838 2.1107e-05 5.04292 7 
0.784017 6.85537e-05 -1 0.633513 0.250535 0.00622467 13.5625 165500 6 8620.75 2.04337 4.01976 3 6 4870.16 5.56569 3.0927 2 10 10.1704 7.85824e-05 3.2449 6 
0.790242 6.88636e-05 -1 0.63507 0.250413 0.00622467 13.6332 165845 5 7648.79 1.68211 5.38949 3 5 4728.89 5.51222 3.86088 2 10 10.4129 5.40326e-05 3.37669 6 
0.796466 6.92796e-05 -1 0.636623 0.250231 0.00622467 13.7034 166191 7 6146.01 1.6813 3.22844 3 5 4235 7.84615 3.51916 2 9 8.15913 5.41912e-05 3.76099 6 
0.802691 6.97998e-05 -1 0.638177 0.250082 0.00622467 13.7776 166485 6 4937.32 2.20039 3.61825 3 6 3565.92 3.88358 3.11762 2 9 7.5459 5.52049e-05 3.72081 6 
0.808916 7.05036e-05 -1 0.63973 0.249877 0.00622467 13.8458 166848 7 4304.59 1.50704 3.11664 3 6 2940.13 5.64881 2.83619 2 8 7.17796 9.65923e-05 4.06333 6 
0.81514 7.12304e-05 -1 0.641281 0.249628 0.00622467 13.9924 166271 7 20443.2 2.2885 3.66799 3 6 11751.8 2.55741 4.07741 3 21 9.05879 8.4082e-05 1.73635 7 
0.821365 7.16566e-05 -1 0.642833 0.249395 0.00622467 14.1154 165982 7 10182.3 2.00964 3.38257 4 5 5876.17 8.39202 3.7072 3 18 10.3415 5.51541e-05 1.96311 7 
0.82759 7.20514e-05 -1 0.644379 0.249139 0.00622467 14.2129 165997 5 8341.53 0.727172 6.48517 4 4 5678.28 5.57044 5.65044 3 13 9.2224 4.82486e-05 2.54835 7 
0.833814 7.24372e-05 -1 0.645927 0.248903 0.00622467 14.2881 166270 5 6732.2 1.22661 5.59616 4 5 5169.39 3.50489 4.30282 3 9 9.47326 7.09801e-05 3.71095 7 
0.840039 7.28861e-05 -1 0.647472 0.248628 0.00622467 14.3617 166559 5 5616.87 0.742739 5.96666 4 5 4410.9 3.51316 4.16645 3 8 8.56416 6.71723e-05 4.34697 7 
0.846264 7.31111e-05 -1 0.649015 0.248417 0.00622467 14.4319 166884 5 7143.73 1.28063 5.61436 4 5 4186.05 5.37798 3.78649 3 8 7.38306 3.41778e-05 4.64314 7 
0.852488 7.35135e-05 -1 0.650558 0.248137 0.00622467 14.5045 167178 5 13886.9 1.88739 5.93401 4 6 7932.4 9.36986 3.07571 2 9 10.3809 5.93285e-05 3.8243 6 
0.858713 7.41298e-05 -1 0.652098 0.247864 0.00622467 14.5713 167536 5 9452.51 1.73459 5.58817 3 6 5837.3 6.57602 3.10009 2 7 8.60514 9.36723e-05 5.11707 6 
0.864938 7.47207e-05 -1 0.653635 0.247505 0.00622467 14.636 167915 6 6155.41 2.0812 3.7887 3 5 4717.03 8.09613 3.57337 2 8 10.6309 5.95855e-05 4.53345 6 
0.871162 7.54179e-05 -1 0.655172 0.247221 0.00622467 14.7062 168227 5 5983.34 1.40884 5.31638 3 5 4996.18 5.12855 3.96031 2 11 9.88606 5.64405e-05 2.99692 5 
0.877387 7.61931e-05 -1 0.656705 0.246903 0.00622467 14.7806 168489 6 6115.35 2.25662 3.73388 2 5 5018.27 5.4003 3.92308 2 10 9.23895 3.63977e-05 3.471 5 
0.883612 7.69314e-05 -1 0.658238 0.246527 0.00622467 14.9464 167716 7 25245.1 1.53345 4.00275 2 5 14729.7 8.83477 4.4096 2 27 8.27398 6.43685e-05 1.54605 6 
0.889836 7.76033e-05 -1 0.659768 0.246161 0.00622467 15.163 166401 7 13685.5 1.7725 3.59238 2 5 7708.52 4.5343 4.42682 2 36 12.5413 7.15245e-05 1.3985 7 
0.896061 7.84712e-05 -1 0.661296 0.245797 0.00622467 15.3034 165944 7 7285.02 2.29736 3.16353 2 4 4205.36 6.46123 5.05094 2 23 11.3164 6.63041e-05 1.68844 7 
0.902286 7.95013e-05 -1 0.662822 0.245456 0.00622467 15.4085 165876 7 6209.42 2.47958 3.05861 2 4 4020.83 4.21016 5.5591 2 15 9.10652 5.20315e-05 2.23635 7 
0.90851 8.04991e-05 -1 0.664345 0.245064 0.00622467 15.5055 165895 7 4879.17 1.93504 3.06162 2 4 3363.81 4.15229 5.33502 2 14 8.77598 6.66646e-05 2.32098 7 
0.914735 8.12954e-05 -1 0.665865 0.244752 0.00622467 15.6099 165836 5 4948.11 1.82668 4.8591 2 4 3653.38 3.77707 5.5768 2 15 7.75852 5.98627e-05 2.192 7 
0.92096 8.18323e-05 -1 0.667385 0.244315 0.00622467 15.7162 165756 7 20234.4 1.53497 3.87766 3 4 11768.9 5.34297 6.85075 2 16 8.83847 5.23955e-05 2.12174 7 
0.927184 8.25768e-05 -1 0.668901 0.243941 0.00622467 15.8257 165645 8 10216.3 2.18725 2.87524 2 5 5832.08 2.16002 4.85594 2 15 9.46072 6.98575e-05 2.19844 7 
0.933409 8.33072e-05 -1 0.670417 0.243555 0.00622467 15.9277 165612 7 8439.58 1.44834 3.45081 2 5 5510.89 5.19348 4.02859 2 15 8.9818 7.57741e-05 2.17899 7 
0.939634 8.40898e-05 -1 0.671927 0.243149 0.00622467 16.0317 165560 7 7125.56 1.96193 3.22545 2 5 5291.73 5.79216 3.90977 2 14 9.12549 6.0886e-05 2.34259 7 
0.945858 8.52354e-05 -1 0.673436 0.242787 0.00622467 16.1239 165629 7 5634.92 2.2014 3.0682 2 5 4333.66 5.98745 3.73184 2 13 9.14771 7.1473e-05 2.47092 7 
0.952083 8.63931e-05 -1 0.674942 0.242346 0.00622467 16.2221 165637 7 5172.65 2.00683 3.07125 2 5 3505.43 5.85219 3.59323 2 12 7.36323 6.58994e-05 2.6344 7 
0.958308 8.75791e-05 -1 0.676446 0.241986 0.00622467 16.3786 165055 10 13998.3 2.31517 2.38863 2 5 8225.82 6.9524 4.11727 2 24 9.65911 6.71741e-05 1.64023 7 
0.964532 8.83978e-05 -1 0.677948 0.241549 0.00622467 16.5026 164807 8 10419.1 2.25343 2.8716 2 5 6318.8 5.3592 4.1144 2 19 10.5623 5.99072e-05 1.88851 7 
0.970757 8.89144e-05 -1 0.67945 0.241161 0.00622467 16.599 164837 7 6381.19 2.26205 3.1111 2 5 4769.01 4.25978 4.072 2 13 10.6098 4.31332e-05 2.59827 7 
0.976982 8.96284e-05 -1 0.680946 0.240766 0.00622467 16.6758 165061 7 6099.3 0.884764 3.53468 2 5 5077.58 4.32206 4.11143 2 10 9.882 6.82354e-05 3.28158 7 
0.983207 9.02755e-05 -1 0.68244 0.240428 0.00622467 16.7458 165348 6 6083.3 1.98663 3.81069 2 5 5018.82 3.94543 4.17736 2 9 9.29722 4.36942e-05 3.90834 7 
0.989431 9.11804e-05 -1 0.68393 0.239952 0.00622467 16.8194 165599 7 24379.8 1.10681 4.17275 2 6 14256.7 3.7975 3.94233 2 8 8.36639 7.4658e-05 4.27743 7 
0.995656 9.19809e-05 -1 0.685419 0.239569 0.00622467 16.8975 165803 6 14193.2 1.34832 4.68146 2 6 8008.49 4.31593 3.50547 2 11 12.5845 7.48964e-05 2.98562 6 
1.00188 9.27531e-05 -1 0.686907 0.239137 0.00622467 16.9737 166024 7 7589.62 1.58187 3.35633 2 5 4392.12 4.04872 4.04642 2 10 11.1662 9.7749e-05 3.20464 6 
1.00811 9.33965e-05 -1 0.688393 0.238774 0.00622467 17.0481 166261 6 6374.98 1.7874 3.9088 3 4 4146.29 4.96049 5.37692 3 10 11.9957 4.6193e-05 3.47892 6 
1.01433 9.41936e-05 -1 0.689874 0.238351 0.00622467 17.1252 166469 6 5208.73 0.505449 4.6649 3 4 3601.52 4.41724 5.3436 3 11 9.97727 4.24051e-05 3.07841 6 
1.02055 9.46597e-05 -1 0.691354 0.23799 0.00622467 17.2003 166695 5 4069.73 1.73342 4.72207 3 4 2979.35 5.34776 4.85834 3 10 12.2653 4.06939e-05 3.53114 6 
1.02678 9.51799e-05 -1 0.692829 0.23762 0.00622467 17.3303 166390 5 20430 1.66936 6.56967 3 4 11890.6 4.46419 7.18398 3 21 8.73539 6.38837e-05 1.75617 7 
1.033 9.58601e-05 -1 0.694303 0.237182 0.00622467 17.4622 166072 7 10505 1.66362 3.49064 2 4 5997.19 9.88898 4.96248 2 20 9.54657 9.35139e-05 1.78012 7 
1.03923 9.64884e-05 -1 0.695775 0.23677 0.00622467 17.5652 166030 7 8819.22 1.67058 3.40247 2 5 5783.48 4.38059 4.20854 2 14 8.71124 7.74242e-05 2.29509 7 
1.04545 9.72397e-05 -1 0.697246 0.236362 0.00622467 17.641 166246 7 7114.2 1.71782 3.28652 2 4 5373.12 9.60924 4.86278 2 10 10.343 5.05763e-05 3.3968 7 
1.05168 9.80382e-05 -1 0.698711 0.235959 0.00622467 17.7145 166480 7 6089.03 1.86802 3.176 2 4 4769.64 9.2072 4.77078 2 9 12.4717 3.69315e-05 4.11416 7 
1.0579 9.88516e-05 -1 0.700177 0.235553 0.00622467 17.7906 166690 7 5464.09 1.98829 3.0995 2 5 3717.65 2.74189 4.23101 2 8 12.1482 5.90868e-05 4.61453 7 
1.06413 9.97782e-05 -1 0.701638 0.235124 0.00622467 17.8669 166894 8 14067 2.25355 2.98138 3 5 8096.59 3.25707 4.77634 2 8 13.1035 2.59235e-05 5.16371 7 
1.07035 0.000100297 -1 0.703098 0.234691 0.00622467 17.9364 167161 8 9648.22 2.00855 2.88533 2 5 5900.71 6.76618 3.87358 2 8 8.59998 9.27508e-05 4.17732 6 
1.07658 0.000100374 -1 0.704555 0.234283 0.00622467 18.0203 167292 11 5664.69 2.10089 2.05064 2 5 4050.65 8.46676 3.43527 3 9 10.6038 6.08795e-05 3.82236 6 
1.0828 0.000100639 -1 0.70601 0.233927 0.00622467 18.0944 167512 10 5056.84 1.78306 2.21448 2 6 4310.5 6.90099 2.92372 3 8 9.54679 7.17898e-05 4.36993 6 
1.08903 0.000100847 -1 0.70746 0.233544 0.00622467 18.1753 167669 9 6076.35 1.62341 2.49473 2 5 4956.87 10.0307 3.4576 3 11 10.6081 4.69609e-05 3.06703 5 
1.09525 0.000101156 -1 0.708911 0.233163 0.00622467 18.2995 167426 8 25822.1 2.38238 3.19428 2 6 15118.2 9.38439 3.42386 2 21 12.8952 8.00298e-05 1.76995 6 
1.10148 0.000101353 -1 0.710358 0.232841 0.00622467 18.4537 166914 10 12901.6 2.20461 2.38084 4 6 7253.88 9.99302 2.99787 2 23 12.2599 5.90107e-05 1.70294 7 
1.1077 0.000101788 -1 0.711805 0.232455 0.00622467 18.5668 166780 7 7997 1.80127 3.31933 4 5 4726.06 8.65236 3.52755 2 15 14.6955 5.68624e-05 2.29522 7 
1.11392 0.000102065 -1 0.713248 0.232114 0.00622467 18.6476 166937 5 6879.73 1.52451 5.38131 3 6 4647.36 6.8594 2.9636 2 10 15.9796 4.4044e-05 3.59723 7 
1.12015 0.00010216 -1 0.71469 0.231682 0.00622467 18.723 167139 7 5460.38 1.58513 3.20117 3 5 3886.69 7.47827 3.49266 3 9 10.9865 4.22354e-05 3.99657 7 
1.12637 0.000102388 -1 0.716126 0.23134 0.00622467 18.7993 167333 8 4329.58 1.81857 2.64295 2 5 3241.67 4.43159 3.73974 3 8 7.37264 7.79205e-05 4.1879 7 
1.1326 0.000102691 -1 0.717562 0.231075 0.00622467 18.885 167440 7 20833.1 2.27392 3.68126 2 6 12103.7 4.46111 3.73461 2 11 10.2051 4.98199e-05 3.03988 7 
1.13882 0.000103399 -1 0.718996 0.230651 0.00622467 18.9872 167402 6 11257.2 2.07575 4.19156 2 6 6507.32 4.34897 3.38197 2 14 12.7268 7.90908e-05 2.3545 7 
1.14505 0.000104329 -1 0.720429 0.230382 0.00622467 19.1018 167256 8 8501.1 2.15348 2.81541 2 5 5723.99 6.58088 3.87153 2 16 12.3821 7.30643e-05 2.12235 7 
1.15127 0.000105232 -1 0.721858 0.229926 0.00622467 19.2255 167031 7 7201.26 1.60343 3.3248 3 5 5626.22 4.35005 4.19126 2 17 9.76945 6.10656e-05 2.02359 7 
1.1575 0.000105236 -1 0.723288 0.229673 0.00622467 19.3392 166897 5 6176.96 1.11398 5.60763 3 5 5008.47 4.22635 4.11858 2 17 13.4816 7.08451e-05 2.04435 7 
1.16372 0.000105546 -1 0.724711 0.229271 0.00622467 19.4551 166745 6 7611.45 1.43666 4.17528 2 5 4488.28 3.4005 4.20831 2 17 17.9474 7.46054e-05 2.07273 7 
1.16995 0.000105836 -1 0.726136 0.228978 0.00622467 19.6565 165870 7 15163.5 1.71318 3.66316 2 5 8742.08 5.63853 4.346 2 34 14.6897 7.09503e-05 1.43336 7 
1.17617 0.00010637 -1 0.727558 0.228652 0.00622467 19.8156 165365 7 7764.4 1.91656 3.27619 2 4 4859.63 8.41834 4.90167 2 26 9.15582 8.42501e-05 1.56206 7 
1.1824 0.000107164 -1 0.728978 0.228352 0.00622467 19.9238 165289 5 6025.67 1.76795 5.08753 2 4 3591.4 4.30425 5.37454 2 16 11.7494 9.44399e-05 2.08175 7 
1.18862 0.00010814 -1 0.730394 0.228009 0.00622467 20.0208 165307 6 5018.42 2.23696 3.61813 2 4 3259.72 4.37452 5.22471 2 14 10.2108 4.75262e-05 2.40362 7 
1.19485 0.000108983 -1 0.73181 0.227874 0.00622467 20.1122 165370 5 5175.9 2.25514 4.7007 2 4 4122.22 6.11329 5.09582 2 13 8.30555 4.78531e-05 2.5295 7 
1.20107 0.000109968 -1 0.733222 0.227464 0.00622467 20.1959 165496 6 26897.7 1.52557 5.10169 2 4 15770.2 5.75591 7.23487 2 12 13.9452 5.12505e-05 2.83723 7 
1.20729 0.000110776 -1 0.734635 0.227157 0.00622467 20.2804 165614 6 9337.81 2.03971 4.07486 2 5 5286.9 3.12074 4.42373 2 11 13.6562 5.18051e-05 3.11039 7 
1.21352 0.000111631 -1 0.736045 0.226869 0.00622467 20.3557 165807 6 8661.67 2.45764 3.90104 2 5 5285.77 3.94842 4.22024 2 10 18.595 5.51994e-05 3.57064 7 
1.21974 0.000112553 -1 0.737457 0.226688 0.00622467 20.431 165997 6 7113.63 2.35399 3.80231 2 5 5031.2 4.45359 4.07936 2 10 17.8553 5.73874e-05 3.54238 7 
1.22597 0.000113429 -1 0.738862 0.226349 0.00622467 20.512 166141 6 5943.02 1.55226 3.95525 2 5 4423.22 4.33307 3.9975 2 10 10.1553 3.18738e-05 3.5508 7 
1.23219 0.000114226 -1 0.740267 0.226046 0.00622467 20.5831 166362 6 4560.32 1.24746 3.9249 2 5 3509.57 4.04584 3.86945 2 9 9.63679 6.75764e-05 3.73837 7 
1.23842 0.000114941 -1 0.741669 0.225791 0.00622467 20.7468 165840 9 20526.4 2.09084 2.77686 3 5 11925.2 5.32109 4.67836 2 25 8.96641 6.70896e-05 1.60339 7 
1.24464 0.000115416 -1 0.743072 0.225511 0.00622467 20.8878 165505 5 11337 2.11208 5.57131 3 5 6645.46 4.25254 4.35287 2 20 10.031 6.42693e-05 1.81831 7 
1.25087 0.000115672 -1 0.74447 0.225365 0.00622467 20.9817 165545 5 7749.48 1.51665 5.51668 3 5 5427.96 2.87168 4.52168 2 13 11.4788 9.69963e-05 2.45607 7 
1.25709 0.000116298 -1 0.745871 0.224945 0.00622467 21.0645 165672 5 6299.13 1.59246 5.24134 3 5 5136.26 3.19801 4.37677 2 10 14.4545 9.13133e-05 3.31091 7 
1.26332 0.000116716 -1 0.747267 0.224747 0.00622467 21.1487 165787 5 6350.06 1.32283 5.44822 3 5 5257.54 3.59667 4.29513 2 13 16.9453 4.91029e-05 2.66683 6 
1.26954 0.000117227 -1 0.748663 0.224554 0.00622467 21.2231 165977 6 12535.7 2.0482 4.2769 2 5 7392.16 6.03017 4.14656 2 11 20.4275 6.07796e-05 3.17984 6 
1.27577 0.000118064 -1 0.750056 0.224332 0.00622467 21.3241 165960 6 16244 2.0053 4.48145 2 6 9341.05 3.61816 3.70383 2 18 25.1609 6.9475e-05 2.03623 5 
1.28199 0.000119009 -1 0.751452 0.224117 0.00622467 21.4154 166018 6 7364.11 1.90755 3.96072 2 5 4203.29 3.56135 4.11524 2 17 11.7356 9.62641e-05 1.99149 5 
1.28822 0.000119961 -1 0.752843 0.223898 0.00622467 21.5061 166079 6 6540.52 1.359 4.10896 3 5 4123.22 3.28195 4.16698 2 15 9.56161 6.87529e-05 2.20233 5 
1.29444 0.000120506 -1 0.754234 0.22382 0.00622467 21.592 166177 5 5269.14 1.76351 4.95532 3 4 3549.69 10.1467 4.3248 3 15 8.92036 7.14029e-05 2.18664 5 
1.30066 0.000121083 -1 0.75562 0.22352 0.00622467 21.689 166189 6 4241.54 1.70712 3.68024 2 4 2994.98 4.05446 5.21333 3 17 11.0941 9.25851e-05 1.98947 5 
1.30689 0.000121735 -1 0.757009 0.22332 0.00622467 21.9338 165081 8 24298.5 2.45674 3.15793 2 4 14250.7 5.69364 7.07312 3 48 14.161 7.71849e-05 1.28723 6 
1.31311 0.000122284 -1 0.758394 0.223126 0.00622467 22.091 164648 8 10252.8 1.70486 2.96752 3 5 5853.51 2.33532 4.78425 2 24 17.5126 6.96853e-05 1.67884 7 
1.31934 0.000122744 -1 0.759781 0.222944 0.00622467 22.191 164645 5 8841.04 2.04083 5.33752 2 4 5560.95 9.80354 4.88024 2 15 20.0814 6.95871e-05 2.31216 7 
1.32556 0.00012327 -1 0.761164 0.222767 0.00622467 22.2768 164746 9 7465.4 1.9937 2.49485 3 5 5491.48 2.05251 4.84709 2 10 14.5264 7.02256e-05 3.40068 7 
1.33179 0.000123724 -1 0.76255 0.222647 0.00622467 22.3611 164858 5 6093.52 1.68173 5.15018 3 5 4742.89 3.30224 4.28003 2 13 23.3771 5.43426e-05 2.71242 6 
1.33801 0.000124301 -1 0.76393 0.2225 0.00622467 22.4725 164769 5 4946.69 2.32195 4.63119 3 5 3922.22 3.56122 4.0587 2 21 38.5236 6.6141e-05 1.88164 5 
1.34424 0.000125034 -1 0.765312 0.222304 0.00622467 22.5753 164745 9 17416.1 2.27935 2.7006 3 5 10146.9 4.99901 4.58659 2 18 16.5341 6.7829e-05 1.99194 5 
1.35046 0.00012543 -1 0.766692 0.222204 0.00622467 22.662 164838 6 11104.4 1.2837 4.53077 3 5 6634.69 7.2218 3.91413 2 14 10.0121 5.73332e-05 2.3683 5 
1.35669 0.000125818 -1 0.768074 0.222089 0.00622467 22.7361 165021 5 6006.88 1.97238 4.97429 3 6 4432.68 5.83158 3.02097 2 12 12.6122 8.94921e-05 2.68586 5 
1.36291 0.000126357 -1 0.769451 0.22188 0.00622467 22.8163 165159 7 5148.19 1.29431 3.26761 3 6 4371.4 7.328 2.90139 2 12 16.7995 4.67599e-05 2.9037 5 
1.36914 0.000126678 -1 0.770829 0.221775 0.00622467 22.8977 165288 7 6162.73 1.09738 3.43266 3 7 4855.96 2.36289 2.97346 2 11 18.9056 6.50287e-05 3.1382 5 
1.37536 0.000127067 -1 0.772203 0.221648 0.00622467 22.9988 165274 7 19724.4 1.46754 3.88842 3 7 11653.9 8.22618 2.81956 2 16 15.3214 6.58876e-05 2.16474 5 
1.38159 0.000127495 -1 0.773582 0.221557 0.00622467 23.1626 164812 7 15494.1 1.71258 3.67466 3 6 8851.71 6.96224 3.29139 3 25 20.8439 5.85369e-05 1.66749 7 
1.38781 0.000127832 -1 0.774957 0.22145 0.00622467 23.2814 164675 7 7925.29 1.23381 3.49919 3 6 4607.96 2.7644 3.44338 3 16 18.9864 4.95158e-05 2.23348 7 
1.39403 0.000128144 -1 0.776334 0.221359 0.00622467 23.3945 164579 7 6807.16 0.617749 3.77964 3 5 4489.83 7.66782 3.57694 3 18 28.7056 6.82923e-05 2.05316 6 
1.40026 0.000128191 -1 0.777707 0.221297 0.00622467 23.5656 164079 7 5662.32 0.619293 3.6802 3 5 3967.7 2.31039 4.43579 3 30 48.7465 6.65611e-05 1.56852 6 
1.40648 0.000128181 -1 0.779083 0.221257 0.00622467 23.7187 163711 6 4391.54 1.83845 3.65618 3 5 3209.65 1.25278 4.80525 4 25 39.2976 7.31782e-05 1.69512 7 
1.41271 0.000128165 -1 0.780454 0.221208 0.00622467 23.8429 163545 7 22239.7 2.12525 3.75185 3 5 13052.8 9.47582 4.24441 3 18 15.0103 7.70305e-05 1.96731 7 
1.41893 0.000128118 -1 0.781829 0.221104 0.00622467 23.975 163327 7 10761.6 1.01388 3.75947 3 5 6175.05 9.48571 3.65354 3 19 14.0819 6.18406e-05 1.91411 7 
1.42516 0.000128009 -1 0.783199 0.221098 0.00622467 24.1085 163102 7 9012 2.344 3.2518 2 6 5818.38 7.93758 3.00275 2 19 16.5261 9.87939e-05 1.88329 7 
1.43138 0.000128024 -1 0.784574 0.221026 0.00622467 24.2281 162974 6 7165.23 2.2171 3.8451 3 5 5452.5 9.21987 3.58405 2 18 12.7633 8.5781e-05 1.93805 7 
1.43761 0.000127867 -1 0.785944 0.220928 0.00622467 24.3607 162759 9 7048.17 1.78772 2.50917 2 6 5153.38 8.17867 2.92798 2 18 17.0346 5.56144e-05 2.01737 7 
1.44383 0.00012736 -1 0.787316 0.220926 0.00622467 24.4767 162657 8 5065.76 2.48487 2.59219 2 6 4099.57 6.82097 2.90502 2 16 22.3679 9.77237e-05 2.1626 7 
1.45006 0.000127014 -1 0.788685 0.220825 0.00622467 24.6876 161931 8 15168.1 2.13396 3.03018 2 6 8980.13 6.41927 3.34426 2 35 28.7368 7.62606e-05 1.44317 7 
1.45628 0.000126485 -1 0.790058 0.220794 0.00622467 24.8632 161446 6 9904.13 1.46863 4.34661 2 5 5988.4 5.70831 4.0194 2 28 30.0394 7.55824e-05 1.5848 7 
1.46251 0.0001267 -1 0.791429 0.220785 0.00622467 24.9848 161317 7 5948.32 1.49619 3.26739 2 5 3500.48 4.55236 3.77727 2 18 48.9662 5.49108e-05 2.14076 7 
1.46873 0.000127384 -1 0.792803 0.220781 0.00622467 25.0775 161374 6 4957.14 1.50154 3.85877 2 4 3412.66 8.9752 4.41583 2 13 45.8894 7.87146e-05 2.77659 7 
1.47496 0.000128254 -1 0.794171 0.22074 0.00622467 25.1653 161462 6 6497.53 1.00104 4.319 2 4 6261.65 9.45282 5.0732 2 12 20.3388 9.6682e-05 2.77704 7 
1.48118 0.000129012 -1 0.795542 0.220739 0.00622467 25.2523 161554 7 22071.7 2.0365 3.77069 2 5 13066.8 5.53903 4.72658 2 12 13.5213 4.20144e-05 2.87719 7 
1.4874 0.000129848 -1 0.796911 0.220764 0.00622467 25.3365 161664 8 14452.1 2.30503 2.98302 2 5 8244.83 5.19842 4.36578 2 11 14.9253 7.20895e-05 3.04283 7 
1.49363 0.000130565 -1 0.798285 0.2207 0.00622467 25.4182 161789 7 8192.63 1.6767 3.36508 2 5 4832.04 5.85391 3.83122 2 10 18.698 9.81099e-05 3.37294 7 
1.49985 0.000131213 -1 0.799654 0.220717 0.00622467 25.4996 161915 7 7159.01 1.96606 3.22664 2 5 4883.79 6.78946 3.72721 2 10 22.8139 5.92101e-05 3.61893 7 
1.50608 0.000132115 -1 0.801026 0.220738 0.00622467 25.5855 162012 8 8246.14 1.61078 2.90838 2 5 4193.07 7.24501 3.56861 2 10 29.1599 6.5263e-05 3.67292 7 
1.5123 0.000133037 -1 0.802394 0.220763 0.00622467 25.6646 162151 8 6693.49 2.00818 2.75649 2 5 3481.47 6.49137 3.51468 2 10 34.3139 3.792e-05 3.94149 7 
1.51853 0.000134016 -1 0.803766 0.220802 0.00622467 25.8014 161926 10 20561.6 2.39626 2.47373 2 5 12108.9 9.82287 4.15119 2 20 36.9581 8.34315e-05 1.91566 7 
1.52475 0.000134671 -1 0.805137 0.220812 0.00622467 25.9365 161715 8 11298 2.48884 2.86501 2 5 6554.77 7.95971 3.82941 2 21 28.7758 7.1655e-05 1.84862 7 
1.53098 0.000135043 -1 0.806512 0.220873 0.00622467 26.0439 161676 8 8602.19 1.81508 2.88048 2 5 5681.83 3.62803 4.35475 2 14 15.4718 9.84374e-05 2.35055 7 
1.5372 0.000135503 -1 0.807882 0.220909 0.00622467 26.1268 161790 7 7052.31 1.4433 3.36509 2 5 5494.2 4.11056 4.21891 2 11 15.4531 3.42844e-05 3.26582 7 
1.54343 0.000136173 -1 0.809256 0.220978 0.00622467 26.2032 161944 7 6242.95 1.35266 3.33778 2 5 5127.23 3.68336 4.25332 2 9 15.3866 6.18391e-05 3.97688 7 
1.54965 0.000136947 -1 0.810626 0.22101 0.00622467 26.2697 162158 7 5371.75 1.57096 3.19779 2 4 4402.88 9.41072 4.65081 2 8 18.1241 6.38968e-05 4.80393 7 
1.55588 0.000137423 -1 0.812001 0.221079 0.00622467 26.343 162328 9 13994.7 1.80355 2.70523 2 6 8165.33 4.53324 3.48814 2 8 23.3301 3.20842e-05 5.40385 7 
1.5621 0.000137641 -1 0.813373 0.221155 0.00622467 26.4178 162489 7 9002.01 1.54353 3.45124 2 6 5519.61 7.99456 2.97294 2 8 28.6003 3.3819e-05 5.50682 7 
1.56833 0.000137934 -1 0.814749 0.221243 0.00622467 26.493 162647 7 6094.61 2.05264 3.13394 2 6 4327.4 6.75521 2.93606 2 9 27.8071 3.79567e-05 4.48386 7 
1.57455 0.000138035 -1 0.816121 0.221291 0.00622467 26.5719 162780 6 5925.28 2.48596 3.65485 3 5 3656.58 3.37864 4.04452 3 9 27.0522 4.25199e-05 4.41413 7 
1.58077 0.000138124 -1 0.817498 0.221373 0.00622467 26.6473 162934 5 10398.9 2.47541 5.30479 3 4 3668.25 7.20313 4.75044 3 11 44.1505 9.41538e-05 3.27759 6 
1.587 0.000138439 -1 0.818871 0.221444 0.00622467 26.8599 162255 6 23888.2 2.24295 4.69059 3 4 14153.8 7.81551 6.52348 3 45 59.6071 8.46175e-05 1.34881 5 
1.59322 0.000138598 -1 0.82025 0.22164 0.00622467 27.0296 161842 6 13128.6 2.28446 4.23226 2 5 7456.03 4.27097 4.45037 2 28 75.2483 7.48632e-05 1.63819 7 
1.59945 0.000139209 -1 0.821625 0.221719 0.00622467 27.2292 161257 8 8519.24 2.1027 2.82457 2 5 5072.53 7.64593 3.6674 2 37 48.2063 7.94663e-05 1.43316 6 
1.60567 0.000139779 -1 0.823005 0.221819 0.00622467 27.3352 161231 8 8203.08 2.38774 2.76693 2 5 7476.7 3.99872 4.51188 2 17 21.6512 6.90543e-05 2.10529 6 
1.6119 0.000140223 -1 0.824381 0.221947 0.00622467 27.4286 161280 7 7122.68 2.14216 3.18503 2 5 5339.23 4.12724 4.19145 2 14 23.0786 7.41525e-05 2.4681 6 
1.61812 0.000140886 -1 0.825762 0.222062 0.00622467 27.5156 161366 8 6877.55 2.24435 2.72768 2 5 7277.85 3.95674 4.4971 2 13 24.4148 4.16198e-05 2.77792 6 
1.62435 0.000141558 -1 0.82714 0.222173 0.00622467 27.602 161454 10 20171.8 2.47743 2.46079 2 5 11887.8 5.87405 4.58387 2 11 24.798 7.40241e-05 3.1789 6 
1.63057 0.000142065 -1 0.828522 0.222316 0.00622467 27.6798 161592 10 11279.8 2.45842 2.32362 2 5 6565.75 3.38924 4.54398 2 10 31.1271 4.24377e-05 3.85957 6 
1.6368 0.000142868 -1 0.829901 0.222425 0.00622467 27.7565 161735 7 8551.19 1.91425 3.32225 2 5 5725.02 3.2764 4.45119 2 10 39.1201 5.25519e-05 3.86528 6 
1.64302 0.000143552 -1 0.831285 0.222545 0.00622467 27.8487 161789 8 7029.22 2.1269 2.75356 2 5 5353.15 3.04762 4.45584 2 16 39.9822 5.33374e-05 2.32904 5 
1.64925 0.000144219 -1 0.832665 0.222677 0.00622467 27.9899 161557 7 6383.38 2.28041 3.10766 3 5 6449.82 2.71684 4.73257 2 33 66.6441 8.44642e-05 1.50904 4 
1.65547 0.000145063 -1 0.834051 0.222833 0.00622467 28.1228 161377 8 10669.4 1.61446 3.00271 3 5 5239.17 5.9502 3.88102 2 29 88.6141 8.9926e-05 1.60945 4 
1.6617 0.000145941 -1 0.835433 0.22296 0.00622467 28.2953 160972 8 14453.7 2.50148 2.95272 3 6 8466.86 2.43663 3.89184 2 28 106.327 7.33477e-05 1.65976 7 
1.66792 0.000146422 -1 0.836821 0.223078 0.00622467 28.5112 160328 8 9115.67 2.33097 2.81211 3 6 5165.28 1.95814 3.71714 2 40 85.2508 9.01113e-05 1.41058 6 
1.67415 0.000146558 -1 0.838205 0.223248 0.00622467 28.6641 160044 7 8624.62 2.22604 3.25537 4 6 7451.29 2.4811 3.79837 2 27 47.7689 7.21527e-05 1.64281 6 
1.68037 0.000147041 -1 0.839595 0.223377 0.00622467 28.7642 160057 5 11100.8 1.19292 6.2194 4 6 9884.82 4.83928 3.56203 2 15 37.7284 4.68959e-05 2.47572 6 
1.68659 0.000147194 -1 0.840981 0.22356 0.00622467 28.8504 160147 5 10374 0.968957 6.39629 3 5 7731.22 4.4939 4.43736 3 13 40.979 6.59754e-05 2.79016 6 
1.69282 0.000147788 -1 0.842372 0.223731 0.00622467 28.9316 160263 8 23406.4 1.82008 3.26329 2 5 13885.2 10.0731 4.24499 2 11 37.8199 3.77886e-05 3.51146 6 
1.69904 0.000148562 -1 0.843761 0.223874 0.00622467 29.0144 160371 7 13085.8 1.97949 3.51358 2 7 8652.18 3.57187 3.04412 2 12 48.7609 5.94877e-05 3.11031 5 
1.70527 0.000149537 -1 0.845154 0.224017 0.00622467 29.1428 160226 6 12797.7 1.60559 4.4694 2 5 7666.99 6.5472 4.10879 2 30 60.2966 6.90783e-05 1.57773 4 
1.71149 0.000150177 -1 0.846544 0.224171 0.00622467 29.2762 160056 6 7334.49 1.31069 4.21352 3 5 7147.16 5.41644 4.20808 2 24 56.8423 5.99674e-05 1.77432 6 
1.71772 0.000150717 -1 0.84794 0.224351 0.00622467 29.4729 159543 7 5945.52 1.89925 3.15771 2 5 5006.03 4.05836 4.15173 2 37 68.5862 8.63004e-05 1.44366 6 
1.72394 0.000151447 -1 0.849331 0.224497 0.00622467 29.6416 159188 7 9256.75 1.53398 3.4681 2 5 8098.18 4.43051 4.49145 2 29 61.7469 4.82456e-05 1.62402 7 
1.73017 0.00015183 -1 0.850729 0.224661 0.00622467 29.8082 158848 7 19967.9 1.74083 3.80136 2 5 11812.8 6.431 4.49588 2 27 73.5829 9.28811e-05 1.65377 7 
1.73639 0.00015196 -1 0.852124 0.224856 0.00622467 29.9919 158421 6 11452 2.50536 4.07382 2 5 7484.35 6.96539 4.0387 2 30 65.7299 8.73568e-05 1.56994 7 
1.74262 0.000152805 -1 0.853524 0.225042 0.00622467 30.139 158192 7 8917.44 2.53155 3.21139 2 5 6917.7 5.0145 4.24567 2 23 73.7905 5.59123e-05 1.84548 7 
1.74884 0.000153735 -1 0.854921 0.22524 0.00622467 30.2817 157988 9 10849.3 2.20175 2.57213 2 4 6351.36 9.01642 5.15179 2 22 74.8994 9.35818e-05 1.85495 7 
1.75507 0.000154377 -1 0.856323 0.22541 0.00622467 30.4216 157800 6 9136.72 1.89507 4.11018 2 5 7654.94 5.19348 4.30226 2 22 91.254 7.54644e-05 1.89007 7 
1.76129 0.000155056 -1 0.85772 0.225609 0.00622467 30.5599 157621 8 9412.66 1.75754 2.92483 2 5 9097.96 6.68438 4.23425 2 21 91.5349 8.27136e-05 1.94004 7 
1.76752 0.000155766 -1 0.859125 0.225796 0.00622467 30.6909 157483 7 13927.9 2.2375 3.48352 2 4 8178.92 9.94697 5.3549 2 21 111.127 7.48034e-05 1.96743 7 
1.77359 0.000156559 -1 0.860493 0.225955 0.00607135 30.8168 157371 7 10018.3 2.08388 3.35729 2 5 9201.77 8.09362 4.08456 2 19 124.611 7.33556e-05 2.12765 7 
1.77966 0.000157352 -1 0.861866 0.226119 0.00607135 30.9329 157310 6 12839.6 1.33495 4.61156 2 5 12010.9 10.7265 4.07215 2 18 131.686 8.23122e-05 2.21142 7 
1.78573 0.000157871 -1 0.863234 0.226269 0.00607135 31.0554 157217 8 8590.37 2.04715 2.83699 2 6 6916.24 7.68203 3.10741 2 17 141.21 9.31732e-05 2.30974 7 
1.79183 0.000158624 -1 0.864614 0.226389 0.00610186 31.1724 157152 7 17196 1.8716 3.68276 2 5 9793.21 8.61002 4.08493 2 17 174.742 5.51174e-05 2.41223 7 
1.79793 0.000159395 -1 0.86599 0.226563 0.00610186 31.2809 157131 8 13986.6 2.25589 2.97885 2 5 9356.84 5.91058 4.36415 2 16 217.757 7.33375e-05 2.53829 7 
1.80403 0.000160156 -1 0.867373 0.226706 0.00610186 31.4309 156902 9 15451.2 2.53418 2.63372 2 5 8909.17 7.43972 4.12721 2 23 179.642 6.88038e-05 1.90104 7 
1.81017 0.00016059 -1 0.86876 0.226865 0.00613316 31.544 156859 7 13337.5 2.25339 3.45853 2 5 12723.7 6.38593 4.5696 2 17 155.82 9.00869e-05 2.32776 7 
1.8163 0.000161183 -1 0.870154 0.227012 0.00613316 31.6507 156848 10 24256.5 2.32869 2.52215 2 5 19974.5 9.70333 4.5995 2 14 178.808 9.70414e-05 2.8024 7 
1.82243 0.000161735 -1 0.871542 0.22716 0.00613316 31.7505 156871 7 16837.8 1.82171 3.6859 2 6 17245.5 8.26411 3.57476 2 14 187.108 7.46483e-05 2.86468 7 
1.82857 0.000162282 -1 0.872935 0.227289 0.00613316 31.852 156886 6 14141.5 2.1963 4.31321 2 6 12912 8.75257 3.37398 2 14 200.164 4.65305e-05 2.97736 7 
1.8347 0.00016309 -1 0.874323 0.227418 0.00613316 31.9446 156944 6 25909 2.18969 4.77359 2 6 15321.2 6.81533 3.61938 2 13 211.788 7.41001e-05 3.13777 7 
1.84068 0.000163791 -1 0.875684 0.227578 0.00597589 32.0474 156952 8 14194.1 2.20042 2.99364 2 6 11480.7 4.59933 3.68309 2 13 231.526 3.49004e-05 3.34774 7 
1.84609 0.000163923 -1 0.876914 0.227813 0.0054174 32.1563 156929 7 12685.8 1.61041 3.60268 2 6 13306 7.97923 3.44361 2 17 202.613 4.8356e-05 2.45212 6 
1.85146 0.000164035 -1 0.878139 0.227966 0.00536701 32.2553 156956 7 16161.4 1.16562 3.90574 2 5 15266.7 12.1613 4.16632 2 16 141.935 6.41944e-05 2.49194 6 
1.85565 0.000164239 -1 0.879093 0.228134 0.00419175 32.3333 157084 7 13540.2 4.05244 3.18724 2 6 14646.3 21.3531 2.96969 2 11 61.5852 4.79735e-05 3.59183 6 
1.85991 0.000164233 -1 0.880065 0.228262 0.00425408 32.4171 157183 7 14352.5 5.21749 3.09993 2 7 16822.5 13.3833 2.77179 2 11 64.944 5.283e-05 3.57771 6 
1.86431 0.000164595 -1 0.881067 0.228294 0.0044019 32.49 157335 5 13418.9 3.48929 5.2119 2 5 17640.7 7.52029 4.72124 2 11 77.8167 9.66234e-05 3.44277 6 
1.86883 0.000165072 -1 0.8821 0.228349 0.00452467 32.5715 157444 6 13482.3 2.96327 4.07067 2 4 13893.3 19.0484 5.19681 2 12 100.448 5.04424e-05 3.34911 6 
1.87347 0.000165244 -1 0.883156 0.228437 0.00463593 32.7129 157265 6 11705.7 3.76646 3.82012 2 5 12622.5 5.96564 4.62485 2 26 124.883 8.03376e-05 1.73037 6 
1.8782 0.000165634 -1 0.884237 0.228518 0.00473332 32.8452 157130 6 10308.8 3.1741 3.84826 2 5 10131.8 7.99372 4.17434 2 23 154.433 6.44679e-05 1.89393 6 
1.883 0.00016596 -1 0.885331 0.228605 0.00479401 32.9461 157146 7 9547.77 3.17784 3.13924 2 4 11933.3 15.7631 5.24541 2 17 181.019 7.47603e-05 2.37428 6 
1.88787 0.000166277 -1 0.886447 0.228698 0.00487774 33.0364 157212 10 23729.1 3.50137 2.41604 2 5 8885.33 6.17629 4.28143 2 12 213.531 6.28781e-05 3.50144 6 
1.8928 0.000166207 -1 0.88757 0.228782 0.00492091 33.1204 157308 7 8826.07 2.9806 3.13273 2 5 10151.7 9.42233 4.04088 2 12 242.163 8.44439e-05 3.45246 6 
1.89776 0.000166504 -1 0.888706 0.228861 0.00496504 33.2107 157374 9 25514.3 3.1294 2.72014 3 5 9322.28 7.9008 4.115 2 12 273.027 5.84489e-05 3.59572 6 
1.90275 0.000166408 -1 0.889845 0.228967 0.00498751 33.2902 157490 6 6437.44 2.58442 3.68178 2 5 10811 8.47673 4.17953 2 12 301.907 4.03308e-05 3.73984 6 
1.90778 0.000166694 -1 0.890998 0.228954 0.00503327 33.4013 157457 6 41744.7 3.93385 4.68774 2 5 36453.6 5.83911 5.74221 2 21 325.133 9.20009e-05 2.05032 5 
1.90976 0.000166931 -1 0.891452 0.229257 0.00198225 33.4658 157643 8 10371.4 22.4508 2.15316 2 7 65366.9 67.5917 2.6699 2 9 68.2176 9.52996e-05 4.47233 4 
1.91196 0.000166722 -1 0.891956 0.229441 0.00219364 33.5465 157752 6 8002.55 19.5439 2.72502 3 7 46717.6 77.5521 2.49532 2 16 64.129 9.33213e-05 2.31642 4 
1.91435 0.000166949 -1 0.892504 0.229398 0.0023913 33.6219 157886 6 15339.2 13.578 3.22721 2 4 17767.1 62.5029 4.1061 2 14 76.824 8.67813e-05 2.65944 4 
1.91693 0.0001671 -1 0.893095 0.229359 0.00257875 33.6998 158007 5 18069.3 6.20482 4.92995 2 4 18456.9 52.3457 4.33331 2 17 84.8841 8.74771e-05 2.24995 4 
1.91968 0.000167227 -1 0.893725 0.229331 0.00274892 33.7876 158081 4 17293.7 12.8121 6.06132 2 4 18098.6 31.3874 4.9003 2 19 88.1005 9.3889e-05 2.06222 4 
1.9226 0.00016743 -1 0.894395 0.229272 0.0029198 33.8797 158135 5 14002 7.82432 4.47248 2 4 15411.6 31.9111 4.68788 2 21 88.9713 9.13822e-05 1.92824 4 
1.92567 0.000167658 -1 0.895099 0.229261 0.0030783 33.9837 158133 5 11228.7 8.75707 4.18402 2 5 14124.1 6.96973 4.5851 2 23 87.7548 7.93356e-05 1.83136 4 
1.92891 0.000167833 -1 0.895842 0.22932 0.00323592 34.0966 158090 5 10382.3 9.03153 4.09361 2 5 12068 6.96402 4.4438 2 25 91.6051 7.25127e-05 1.75412 4 
1.9323 0.000168136 -1 0.896617 0.229269 0.00338953 34.2146 158024 6 10941.7 5.35563 3.56215 2 5 11998.7 11.3383 4.0264 2 27 111.359 7.67992e-05 1.69122 4 
1.93585 0.000168387 -1 0.89743 0.22928 0.00354718 34.3386 157930 6 8201.9 4.21795 3.53293 2 5 12684.6 15.4863 3.8253 2 30 134.854 8.94181e-05 1.60675 4 
1.93953 0.000168622 -1 0.898272 0.229301 0.00368219 34.451 157891 7 11533.2 2.45482 3.34628 2 6 8555.88 10.1707 3.07246 2 24 159.223 6.19783e-05 1.84958 5 
1.94334 0.000168813 -1 0.899148 0.229311 0.00381464 34.6638 157394 7 10080 3.2181 3.15798 2 6 11196.2 12.1525 3.11937 2 47 186.867 8.01164e-05 1.36611 5 
1.94727 0.000169047 -1 0.900047 0.229308 0.00392809 34.8694 156936 7 6454.45 3.11215 2.97734 2 6 10586.9 8.11098 3.30585 2 45 216.965 9.31015e-05 1.38516 5 
1.9513 0.000169322 -1 0.900974 0.229345 0.00403344 35.0403 156638 11 22679.4 6.13684 2.11026 2 4 6947.53 24.367 4.1092 2 35 249.924 9.69461e-05 1.52468 5 
1.95545 0.000169722 -1 0.901924 0.22929 0.00414504 35.1791 156486 8 41333.6 3.84691 3.19079 3 5 38712.7 18.6921 4.6051 2 27 244.098 8.65258e-05 1.73342 5 
1.95838 0.000169904 -1 0.902595 0.229264 0.00292591 35.27 156547 5 39739.6 10.5869 5.1867 3 6 24329.6 42.4008 2.88266 2 19 113.625 7.23061e-05 2.11895 4 
1.96125 0.000169764 -1 0.903254 0.229354 0.00287741 35.3634 156597 5 10186.3 6.60291 4.34166 3 6 43749.6 26.7846 3.43174 2 20 109.426 6.62775e-05 2.04592 4 
1.96416 0.000169861 -1 0.903921 0.229276 0.00290965 35.4444 156701 5 18854.7 3.47978 5.58179 3 5 23542.5 12.0632 4.5507 2 17 113.23 8.51766e-05 2.292 4 
1.96713 0.000169922 -1 0.9046 0.229216 0.00296801 35.5282 156793 5 21159.8 10.6598 4.56618 2 5 22682.1 11.0082 4.60038 2 18 104.805 9.25587e-05 2.16936 4 
1.97018 0.000169857 -1 0.905298 0.229113 0.00304681 35.6203 156847 6 19463.1 3.58287 4.19273 3 5 22552.3 14.9075 4.32471 2 20 100.064 6.31025e-05 2.04179 4 
1.97332 0.000169797 -1 0.906016 0.229063 0.0031397 35.7112 156907 5 15522.2 4.63203 5.07033 3 5 18220.8 21.5396 3.85004 2 20 102.516 7.77816e-05 2.023 4 
1.97658 0.000169713 -1 0.906762 0.229005 0.00325931 35.8101 156931 6 13862.9 1.16587 4.7775 3 6 13695.2 23.7722 2.88458 2 21 108.191 7.13634e-05 1.96934 4 
1.97994 0.000169719 -1 0.907532 0.228941 0.00336652 35.9132 156936 5 12028 2.61132 5.40339 3 6 18223.6 22.176 3.0605 2 22 125.846 6.38497e-05 1.93251 4 
1.98342 0.000169739 -1 0.908329 0.22881 0.00348142 36.0156 156945 4 11924.4 7.90379 6.23233 3 5 11957.2 20.9345 3.55921 2 23 150.917 7.37254e-05 1.88103 4 
1.98702 0.000169677 -1 0.90915 0.228749 0.00359214 36.1298 156903 6 13733.5 5.21359 3.71627 2 5 14413.9 9.47913 4.32915 2 25 178.646 8.54585e-05 1.78982 4 
1.9907 0.000169479 -1 0.909994 0.228728 0.00368358 36.2575 156802 7 31039.3 4.52236 3.53247 3 5 15118.2 7.87119 4.5362 2 29 207.238 9.39995e-05 1.65476 4 
1.99448 0.000169808 -1 0.910857 0.228596 0.00378015 36.4112 156590 5 11207.2 3.26431 5.09497 3 5 11489.4 10.972 4.01793 2 39 238.971 7.81533e-05 1.46653 4 
1.99833 0.000169746 -1 0.911739 0.228536 0.00385256 36.5165 156587 5 12873.1 1.44712 6.16362 3 5 13532.5 6.8276 4.5648 2 21 272.415 8.93905e-05 2.03591 5 
2.00226 0.000169771 -1 0.912636 0.228523 0.00392811 36.5996 156679 5 9174.59 4.10917 4.67484 2 5 13112.7 5.83295 4.68124 2 15 309.073 4.42938e-05 2.85922 5 
2.00625 0.000169669 -1 0.913548 0.228355 0.00399096 36.685 156761 7 49599.2 4.93674 3.73009 2 5 47292.8 8.20469 5.65128 2 14 291.939 9.14129e-05 2.91469 5 
2.00864 0.000169853 -1 0.914091 0.22827 0.00238309 36.7358 156990 5 44316.7 9.34578 5.43488 2 5 42269 49.5717 3.85618 2 7 93.9828 7.82661e-05 7.38748 5 
2.01105 0.000169758 -1 0.914643 0.228274 0.00241796 36.7904 157203 6 16446.2 10.5839 3.40333 2 4 60262.7 48.0436 5.95118 2 8 101.315 4.44934e-05 6.23264 5 
2.01353 0.00016986 -1 0.915208 0.228148 0.00247856 36.8818 157257 5 17118 13.3607 4.18336 2 4 28347.3 63.5356 4.59593 2 17 103.117 5.43782e-05 2.34039 5 
2.01609 0.000170039 -1 0.915792 0.227996 0.00256226 36.9792 157286 4 24359.4 10.6973 6.90793 2 4 29081.2 39.8205 5.19848 2 19 101.12 7.17669e-05 2.10682 5 
2.01875 0.000170175 -1 0.916398 0.227833 0.00265921 37.0748 157322 4 20872.7 7.47587 7.26907 2 4 26379.1 26.7485 5.6039 2 19 96.5081 9.97774e-05 2.06551 5 
2.02153 0.000170296 -1 0.917031 0.227904 0.00277974 37.176 157335 4 17092.8 9.97175 6.43444 2 4 19925.1 9.78832 6.71696 2 20 96.7057 9.43873e-05 1.99768 5 
2.02444 0.000170544 -1 0.917691 0.227501 0.00290346 37.271 157374 5 22326.2 9.97259 4.67737 2 4 25358.3 6.91138 7.78286 2 19 97.6856 7.5074e-05 2.09801 5 
2.02748 0.000170593 -1 0.918383 0.227343 0.00303914 37.3602 157436 4 9722.63 10.2634 5.54783 2 4 13136.9 17.4076 5.24129 2 18 120.92 5.8975e-05 2.24211 5 
2.03064 0.000170705 -1 0.919102 0.227171 0.00316783 37.4437 157523 5 16437.8 2.59108 5.76066 2 4 17093.2 12.0296 6.13965 2 16 147.278 5.60777e-05 2.51889 5 
2.03393 0.000170914 -1 0.919848 0.227032 0.00328595 37.5194 157642 5 15419.6 7.44727 4.60485 2 4 22324.5 10.2303 6.83477 2 14 176.224 9.59353e-05 2.80179 5 
2.03732 0.000171171 -1 0.920616 0.226724 0.00338972 37.5956 157758 5 14858.9 3.30158 5.3784 2 4 15584 13.3205 5.84844 2 13 206.777 6.89687e-05 3.14934 5 
2.04082 0.000171417 -1 0.92141 0.226593 0.00350066 37.6677 157891 5 14104.9 6.82841 4.60267 2 4 15015.6 21.7936 5.12334 2 13 242.578 9.53673e-05 3.10976 5 
2.04441 0.000171685 -1 0.922222 0.226442 0.00359244 37.7359 158040 5 16228.3 5.54642 4.9346 2 4 20946 21.775 5.56911 2 12 281.508 6.04795e-05 3.59465 5 
2.04807 0.000171986 -1 0.923051 0.22621 0.00366126 37.808 158172 5 12304.3 5.48319 4.67956 2 4 11215.2 22.1907 4.74142 2 12 319.948 9.76113e-05 3.49112 5 
2.05181 0.000172324 -1 0.923895 0.225978 0.00373305 37.8788 158309 5 8891.44 5.47006 4.38729 2 4 9820.92 23.6267 4.51531 2 12 361.196 8.629e-05 3.56299 5 
2.05561 0.00017267 -1 0.924757 0.225767 0.00380801 37.9507 158441 5 17590.8 4.69082 5.1857 2 4 21807.9 18.7894 5.8368 2 13 406.072 5.93403e-05 3.35574 5 
2.05947 0.000173091 -1 0.925626 0.225457 0.00385463 38.0334 158527 8 62775.9 4.75077 3.27438 2 5 59510.4 23.4163 4.7975 2 13 345.912 5.4638e-05 3.33572 5 
2.06094 0.000173305 -1 0.925958 0.225363 0.00147188 38.0838 158747 5 43492.8 20.0987 4.64568 2 5 86807.8 78.1145 4.06598 2 7 45.8917 3.16264e-05 7.58998 4 
2.06255 0.0001733 -1 0.926321 0.225424 0.00161074 38.1341 158967 5 17495.9 16.0023 4.05276 2 5 87154.4 47.0678 4.50312 2 8 52.0772 3.52692e-05 5.90414 4 
2.06437 0.000173384 -1 0.926731 0.225254 0.00182029 38.1837 159190 4 18295.3 23.9583 5.25679 2 4 29482.9 60.7128 4.69432 2 9 64.7294 3.52785e-05 4.9654 4 
2.06644 0.000173578 -1 0.927195 0.224917 0.0020654 38.2388 159389 5 20644.2 8.64667 4.73795 2 4 22820 51.9919 4.57715 2 10 77.6976 6.23663e-05 4.06954 4 
2.06872 0.000173693 -1 0.927708 0.224598 0.00228255 38.2966 159576 5 24516.9 8.03821 4.97578 2 4 27785 48.4069 4.8947 2 11 93.1514 9.14913e-05 3.51694 4 
2.07121 0.000173788 -1 0.928267 0.224287 0.00249005 38.361 159736 5 22706.9 10.0152 4.6892 2 4 32677.3 50.1148 5.05324 2 13 109.335 5.30817e-05 3.0597 4 
2.07387 0.000173899 -1 0.928863 0.224008 0.00266129 38.429 159879 5 18594.8 8.4538 4.66088 2 4 21758.1 35.9178 4.9611 2 14 123.08 8.42487e-05 2.75632 4 
2.07669 0.000174024 -1 0.929492 0.223699 0.00281498 38.5035 159996 5 26012.9 3.45063 5.96291 2 4 28884.6 26.2777 5.75797 2 16 136.709 7.62956e-05 2.45941 4 
2.07966 0.000174128 -1 0.930156 0.223402 0.00296885 38.5846 160084 5 21381 5.54573 5.21451 2 4 31199 20.0101 6.28381 2 18 150.702 8.59284e-05 2.22274 4 
2.08273 0.000174223 -1 0.930842 0.223133 0.00307808 38.6881 160079 5 14431 5.39966 4.84603 2 4 14920.6 29.7701 4.73153 2 22 168.905 5.35503e-05 1.97426 5 
2.08592 0.000174232 -1 0.931553 0.222798 0.00318495 38.8162 159973 6 25921.2 8.24844 3.8272 2 4 22281 32.6624 5.1106 2 27 193.178 9.21235e-05 1.71448 5 
2.08923 0.000173995 -1 0.93229 0.222572 0.00331189 38.9423 159876 5 21886 6.17001 5.12833 2 4 28818.3 12.9837 6.86385 2 27 221.696 9.3927e-05 1.72201 5 
2.09262 0.000173938 -1 0.933044 0.22233 0.00338576 39.061 159809 5 12710.7 4.05339 5.00346 2 4 14890.4 17.3148 5.4153 2 24 252.057 8.29629e-05 1.86255 5 
2.09607 0.000174047 -1 0.933811 0.222026 0.00345013 39.1587 159829 5 16244 4.807 5.07883 2 4 13560.8 16.0721 5.38956 2 19 284.899 7.0143e-05 2.22755 5 
2.0996 0.000174257 -1 0.934595 0.221741 0.00353099 39.2383 159922 5 22975.3 6.4064 5.1396 2 4 28720.3 16.185 6.49037 2 15 323.028 5.3281e-05 2.83255 5 
2.10317 0.00017445 -1 0.935387 0.221467 0.00357303 39.3182 160014 6 13734.5 1.57236 4.53813 2 4 20136.3 18.2969 5.75971 2 14 354.788 5.11569e-05 3.08069 5 
2.10679 0.000174555 -1 0.936189 0.22122 0.00361625 39.3865 160152 5 11467.5 6.28689 4.48959 2 4 11058 15.6664 5.15438 2 12 390.771 6.19166e-05 3.68703 5 
2.11045 0.000174608 -1 0.936997 0.220907 0.00366071 39.4587 160274 5 25539.6 2.28482 6.45167 2 4 29570 11.8081 7.07405 2 12 434.334 9.47885e-05 3.58995 5 
2.11414 0.000174727 -1 0.937812 0.22059 0.00369109 39.5272 160411 5 19761.5 2.725 5.91685 2 4 25921.2 19.3945 6.04637 2 12 474.714 3.10454e-05 3.9692 5 
2.11784 0.000174798 -1 0.938627 0.219923 0.00370654 39.6104 160488 11 95734.1 6.28446 2.40024 2 6 95057.5 26.7136 3.90729 2 12 353.162 4.2978e-05 3.76901 5 
2.11879 0.000174914 -1 0.938834 0.219651 0.000943482 39.655 160721 5 37690.8 80.4075 3.42127 2 5 334514 316.593 4.02516 2 7 58.0862 6.59497e-05 7.0675 3 
2.11998 0.000174866 -1 0.939095 0.219747 0.00118762 39.7119 160903 5 23595.7 50.232 3.42271 2 5 262985 213.919 4.14893 2 12 60.567 6.51807e-05 3.14299 3 
2.1215 0.000174815 -1 0.93943 0.219499 0.00152253 39.7807 161036 5 19611.5 21.7984 3.89778 2 4 24548.3 111.355 3.85326 2 17 84.7448 9.96764e-05 2.23252 3 
2.12332 0.000174827 -1 0.93983 0.219095 0.00182641 39.8685 161093 5 17390.6 11.527 4.32235 2 4 28261.8 115.402 3.95591 2 22 112.82 6.35826e-05 1.9233 4 
2.12544 0.000174762 -1 0.940292 0.218693 0.00211247 39.9235 161281 5 30450.2 18.002 4.42236 2 4 32458 59.6267 4.83026 2 10 143.539 9.07177e-05 4.168 4 
2.12778 0.000174633 -1 0.940805 0.218271 0.00234467 39.9879 161431 5 32902.7 13.5176 4.75627 2 4 44289.9 56.6033 5.2889 2 12 169.9 5.03839e-05 3.49939 4 
2.13032 0.000174579 -1 0.941358 0.217932 0.00253552 40.0527 161579 5 22621.1 10.1187 4.67604 2 4 27544.3 53.1661 4.77089 2 13 192.308 7.42397e-05 3.11412 4 
2.13302 0.000174561 -1 0.941946 0.217642 0.00270088 40.1234 161703 5 29882.7 2.70321 6.43736 2 4 30419 48.4323 5.00613 2 14 212.083 8.99265e-05 2.85225 4 
2.13589 0.000174546 -1 0.942571 0.217292 0.0028708 40.2016 161796 6 33062.5 3.13112 4.68388 2 5 44680.8 20.5591 4.64968 2 16 233.708 5.93319e-05 2.58352 4 
2.1389 0.000174559 -1 0.943225 0.216976 0.00301084 40.2955 161825 11 31444.1 10.6374 2.06785 2 5 28155.9 15.6526 4.4771 2 17 260.004 7.21858e-05 2.4304 4 
2.14204 0.000174369 -1 0.943907 0.21665 0.0031427 40.3855 161870 5 19323.6 9.21501 4.61656 2 5 20727.3 11.0225 4.51703 2 19 287.052 5.30727e-05 2.26138 4 
2.14529 0.000174093 -1 0.94461 0.216381 0.00324984 40.4792 161901 7 35636.7 7.2452 3.36827 3 5 41761.5 17.5036 4.73729 2 20 310.079 8.44608e-05 2.12932 4 
2.14862 0.000174033 -1 0.94533 0.21605 0.00332571 40.5811 161898 5 22339 5.06636 5.3564 2 5 18619.3 16.8436 4.06168 2 22 333.25 8.17062e-05 1.99746 4 
2.15201 0.000173909 -1 0.946062 0.215791 0.00339196 40.6838 161892 5 12284.1 7.0217 4.45226 2 5 14356.5 15.1466 3.93864 2 24 360.554 9.90932e-05 1.8766 4 
2.15547 0.000173727 -1 0.94681 0.215539 0.00346118 40.8691 161559 8 35582.2 7.80815 2.86639 3 5 41021.9 20.3515 4.5802 2 41 389.134 8.21454e-05 1.45485 5 
2.15902 0.000173668 -1 0.947574 0.215266 0.00354844 41.0577 161216 9 26558.2 7.93227 2.46402 2 5 32197.6 24.935 4.18989 2 40 421.606 9.8085e-05 1.46498 5 
2.16258 0.000173546 -1 0.948341 0.214986 0.00356348 41.2078 161026 7 14064.6 7.73001 2.92218 3 5 12988.1 15.191 3.85826 2 30 447.521 9.43727e-05 1.66929 5 
2.16618 0.000173472 -1 0.949113 0.214738 0.00359406 41.3297 160947 7 22783.5 4.49426 3.38283 3 5 25272.8 10.8016 4.71882 2 23 480.808 7.15182e-05 1.98084 5 
2.16982 0.000173613 -1 0.949895 0.214439 0.00364115 41.4236 160978 5 33832.3 6.58026 5.52354 2 5 42357.8 9.95966 5.31787 2 17 518.244 6.80303e-05 2.53988 5 
2.17348 0.000173628 -1 0.950678 0.214153 0.00365719 41.5081 161045 8 23530.8 4.39012 2.92513 3 5 26662.7 16.6648 4.37342 2 14 545.483 6.0465e-05 3.1391 5 
2.17715 0.000173643 -1 0.951464 0.213868 0.00367344 41.591 161118 6 14529.7 6.88672 3.5813 3 5 18887.2 18.5066 3.99731 2 13 571.443 4.60037e-05 3.51323 5 
2.18084 0.000173582 -1 0.952251 0.213575 0.00368991 41.6662 161220 7 23253.2 6.6255 3.20971 3 5 25162.8 6.80067 5.1718 2 12 595.865 8.72918e-05 3.7112 5 
2.18455 0.000173556 -1 0.953043 0.213281 0.00370661 41.7416 161322 7 31278.6 5.85377 3.40835 3 5 40448.4 12.9024 5.00318 2 12 618.054 4.43605e-05 3.93854 5 
2.18829 0.000173538 -1 0.953838 0.21295 0.00374062 41.8151 161430 6 22304.7 6.47974 3.88573 3 5 26759.8 11.894 4.68199 2 12 632.097 5.73468e-05 3.86239 5 
2.19203 0.000173543 -1 0.954635 0.211724 0.00374062 41.923 161405 12 95571.7 5.82358 2.24523 4 11 101556 27.0473 2.1133 3 12 442.16 7.42392e-05 3.66926 5 
2.19422 0.000173662 -1 0.955099 0.210827 0.00218963 42.0013 161494 8 29804.8 9.8264 2.72418 4 5 77209.9 67.1339 4.09399 3 11 223.437 4.27224e-05 4.08106 4 
2.19664 0.000173842 -1 0.955609 0.209739 0.00241977 42.0966 161518 9 42970.8 9.60878 2.54455 3 10 55549.1 44.3258 2.04081 3 13 276.4 5.557e-05 3.27439 4 
2.1993 0.000173882 -1 0.956167 0.208661 0.00266015 42.2106 161470 11 43635.4 8.44638 2.17551 3 7 32356.3 37.0499 2.63128 3 21 365.15 7.81678e-05 2.07775 4 
2.20217 0.000173756 -1 0.956767 0.207817 0.00286991 42.3426 161354 13 47770.3 6.02823 1.9949 3 10 59598.6 25.6982 2.17037 4 22 421.407 9.03659e-05 2.00966 4 
2.20521 0.000173642 -1 0.9574 0.207276 0.00304517 42.4678 161264 13 26072.9 8.709 1.85098 3 9 21811.1 38.5005 2.02261 4 20 457.366 8.36025e-05 2.17221 4 
2.2084 0.000173514 -1 0.958062 0.207035 0.00319192 42.6 161148 12 48651.9 6.20414 2.11123 4 10 67468.2 35.5295 2.12741 3 22 503.149 5.90084e-05 2.06555 4 
2.21173 0.000173448 -1 0.958749 0.207059 0.00332604 42.7309 161038 13 38761.7 5.5134 1.97661 3 11 43397.2 21.9862 1.99331 3 21 536.374 7.27169e-05 2.12344 4 
2.2152 0.000173379 -1 0.959468 0.207267 0.00347256 42.8599 160935 12 25297.9 6.34307 1.99556 3 9 33737.7 25.7905 2.2197 3 23 585.735 6.95419e-05 2.00035 4 
2.21884 0.000173328 -1 0.960219 0.207572 0.00363332 42.989 160833 10 51008.3 7.24055 2.42542 2 10 56767.1 22.5423 2.18831 2 26 647.991 6.30883e-05 1.86071 4 
2.22256 0.00017341 -1 0.96099 0.207906 0.00371983 43.1289 160691 12 35168.1 6.25305 2.05355 2 9 37387.8 24.6364 2.25664 2 28 680.477 8.60051e-05 1.76347 4 
2.22633 0.000173473 -1 0.961772 0.208199 0.003774 43.299 160438 9 18310.1 5.77989 2.44892 3 9 19287.5 25.4083 2.08946 3 34 709.854 9.02388e-05 1.59521 5 
2.23016 0.000173692 -1 0.962569 0.208407 0.00383005 43.4892 160113 10 42643.3 6.08178 2.42428 3 4 45338.6 10.5766 8.09152 3 39 763.227 8.06601e-05 1.50963 5 
2.23409 0.000173809 -1 0.963387 0.208499 0.00392776 43.6633 159850 12 41532 5.68254 2.09888 2 10 44997 14.7777 2.23027 3 31 827.601 9.80464e-05 1.67275 5 
2.23806 0.000174013 -1 0.964215 0.208492 0.00396846 43.8028 159715 13 24695.9 3.61829 1.97212 2 9 20903.1 15.4741 2.22764 3 22 868.33 8.96757e-05 2.07752 5 
2.24202 0.00017418 -1 0.965041 0.208401 0.00396846 43.9088 159703 13 17287.1 4.55782 1.88497 2 7 13397 20.2319 2.52927 3 15 889.824 6.94772e-05 2.97736 5 
2.24601 0.000174341 -1 0.965873 0.208204 0.00398935 44.0124 159699 13 45311 6.05239 1.98619 2 9 52570.1 19.9553 2.39925 3 14 917.768 9.37233e-05 3.15754 5 
2.25007 0.000174565 -1 0.966716 0.207906 0.00405369 44.1218 159675 14 37382.9 5.93928 1.8679 2 11 39091.9 17.0634 2.02049 3 13 965.096 6.0906e-05 3.57964 5 
2.25414 0.000174743 -1 0.967564 0.207562 0.00407572 44.2245 159674 12 21103.6 5.58708 1.98654 3 11 20711.2 20.2761 1.87744 2 13 1006.83 7.91326e-05 3.51972 5 
2.25809 0.000174831 -1 0.96838 0.20722 0.00394634 44.3321 159656 11 15758.1 3.87716 2.12858 3 9 15434.1 22.905 2.06198 3 13 968.34 6.44072e-05 3.5652 5 
2.26206 0.000174902 -1 0.969202 0.206837 0.00396744 44.4365 159650 10 42538.4 5.75296 2.43719 3 8 51121.8 20.3389 2.66094 3 14 998.75 5.06955e-05 3.31921 5 
2.26605 0.000174993 -1 0.970025 0.206428 0.00398888 44.5429 159636 10 37144 5.50903 2.4148 3 8 38750.7 22.5475 2.53745 3 15 1021.96 7.76774e-05 2.9827 5 
2.27008 0.000175094 -1 0.970857 0.206012 0.00403272 44.6561 159598 9 23282.3 5.01851 2.55496 3 6 25557.9 10.7493 3.65335 4 17 1052.14 4.67848e-05 2.70688 5 
2.27416 0.00017519 -1 0.971696 0.205605 0.00407778 44.7603 159593 8 14466 3.87675 2.79567 3 5 13576.3 23.3283 3.57256 4 17 1079.18 8.5133e-05 2.61712 5 
2.27823 0.000175299 -1 0.972534 0.205217 0.00407778 44.8751 159550 8 36465 4.00974 3.12496 2 6 38828.7 14.5541 3.72416 3 17 1100.98 6.72137e-05 2.65688 5 
2.28231 0.000175494 -1 0.973369 0.204838 0.00407778 44.985 159524 9 39111.2 5.4214 2.68341 2 8 54117 12.7544 2.84092 3 17 1114.42 5.19831e-05 2.69927 5 
2.28641 0.000175676 -1 0.974209 0.204473 0.00410108 45.0924 159507 9 27542 3.32833 2.72463 2 7 31134.9 16.2491 2.94386 2 17 1134.95 4.96763e-05 2.70939 5 
2.29054 0.000175861 -1 0.975051 0.204113 0.00412478 45.1932 159514 7 21313.8 2.90877 3.56563 3 6 22693.5 16.7324 3.32704 3 17 1149.52 5.12544e-05 2.70644 5 
2.29469 0.000176021 -1 0.975898 0.203787 0.00414891 45.2927 159526 7 13781.6 3.03003 3.33082 2 4 17756.1 19.2196 5.51316 3 17 1158.24 5.87261e-05 2.68606 5 
2.29883 0.000176229 -1 0.976743 0.203461 0.00414891 45.4665 159276 6 38880.7 5.75688 4.34768 2 4 48615.1 12.1879 7.94713 3 33 1164.77 9.49093e-05 1.6399 6 
2.30282 0.000176479 -1 0.977553 0.203201 0.00398389 45.6007 159167 6 27772.9 5.23901 4.1757 2 5 28407.1 24.6883 4.09437 2 22 1079.53 8.94861e-05 2.09839 6 
2.30685 0.000176659 -1 0.978371 0.202909 0.00402995 45.7184 159115 8 28947.5 5.23492 2.93655 2 5 26218.1 23.4932 4.06941 2 19 1105.95 9.74638e-05 2.35131 6 
2.31088 0.000176849 -1 0.979188 0.202654 0.00402995 45.8199 159120 8 21455 3.53996 2.97041 2 5 25266 17.4599 4.28646 2 15 1100.21 9.99598e-05 2.94743 6 
2.31422 0.000177023 -1 0.979865 0.202486 0.00334525 45.9225 159122 8 13466.4 4.1518 2.74712 2 6 16729.6 22.3371 3.01354 2 18 744.423 6.77357e-05 2.46131 5 
2.31762 0.000177107 -1 0.980552 0.202318 0.00339493 46.0158 159155 7 29311.5 6.34844 3.33796 3 5 42951.4 30.2646 4.26981 2 17 754.939 5.67495e-05 2.62456 5 
2.32105 0.000177226 -1 0.981244 0.20212 0.00342905 46.1055 159201 8 29543.5 6.90192 2.84405 2 6 31859.8 16.6239 3.5244 2 14 765.927 6.13315e-05 3.21287 5 
2.32449 0.000177347 -1 0.98194 0.201927 0.00344646 46.1911 159261 6 24518.8 7.99238 3.81186 2 6 27318.8 21.0455 3.30281 2 14 765.877 6.3485e-05 3.20494 5 
2.32774 0.000177505 -1 0.982594 0.201749 0.00324762 46.2688 159347 6 23246.5 4.00679 4.23897 2 6 20601.1 22.868 3.10774 2 13 667.95 4.74325e-05 3.5473 5 
2.33099 0.000177582 -1 0.983249 0.201602 0.00324762 46.3464 159434 6 19305.5 7.54598 3.69823 2 5 24434.9 26.7004 3.91109 2 13 653.669 4.63665e-05 3.5476 5 
2.33427 0.000177571 -1 0.983909 0.201418 0.00327946 46.4323 159492 6 17606.4 9.11784 3.52882 2 5 16648.4 7.93971 4.61651 2 13 649.636 5.41456e-05 3.50386 5 
2.33761 0.000177755 -1 0.984584 0.201151 0.00334538 46.5149 159561 8 38899.1 4.71235 3.08736 2 6 42872.6 24.146 3.47981 2 13 659.714 8.05434e-05 3.40247 5 
2.34105 0.000178045 -1 0.985274 0.200827 0.00343205 46.6083 159593 9 45454.5 8.48647 2.59607 2 8 56524.7 16.7436 2.76089 2 14 682.357 5.20237e-05 3.22415 5 
2.34455 0.000178304 -1 0.985979 0.20045 0.00350507 46.708 159603 11 39839.3 5.54213 2.24183 2 9 48499 24.814 2.32098 2 14 692.709 8.35964e-05 3.1201 5 
2.34811 0.000178471 -1 0.986692 0.200033 0.00356222 46.8147 159589 12 33368.3 7.18815 2.02097 2 10 40522.3 20.7134 2.13375 2 15 688.856 5.18607e-05 2.9846 5 
2.3518 0.000178591 -1 0.987428 0.19959 0.00368297 46.9319 159539 13 25388.7 6.23472 1.8953 2 11 28681.2 19.3052 1.94248 2 16 701.543 5.16185e-05 2.79144 5 
2.35561 0.000178698 -1 0.988187 0.199127 0.00381296 47.0494 159489 11 14809.6 6.16885 2.0291 3 11 17824.9 20.5418 1.84981 2 17 708.856 6.17838e-05 2.60181 5 
2.35954 0.000178755 -1 0.988969 0.198623 0.00392921 47.1826 159386 15 40158.2 4.65832 1.82966 2 12 41927.3 24.0769 1.86241 2 18 701.398 7.12994e-05 2.44621 5 
2.36354 0.000178801 -1 0.989761 0.198106 0.00400288 47.3197 159271 13 43287.8 4.44422 2.02681 3 13 49410.2 21.3949 1.81439 2 20 668.719 6.59724e-05 2.24024 5 
2.3676 0.000178852 -1 0.990563 0.197625 0.00405387 47.46 159145 12 33951.1 4.18194 2.11734 3 13 42841.2 21.1872 1.79594 2 21 619.103 9.22699e-05 2.11388 5 
2.3717 0.000178894 -1 0.991373 0.197245 0.00410652 47.6061 159001 5 26912.1 4.66152 5.65307 2 11 32041.7 18.5818 1.96897 3 24 562.637 6.78962e-05 1.94207 6 
2.37598 0.000178843 -1 0.992217 0.196871 0.00427413 47.7359 158912 12 23399.2 5.13992 2.01769 2 10 32887.8 17.6877 2.12293 2 18 531.251 6.11227e-05 2.42944 6 
2.38043 0.000178819 -1 0.993094 0.196613 0.00445731 47.8629 158832 16 17391 4.13652 1.68454 2 7 14019 19.9589 2.55067 3 15 494.803 8.92996e-05 2.81561 6 
2.38499 0.00017878 -1 0.993991 0.196474 0.00455563 47.9752 158802 12 31883.2 3.96931 2.11546 3 9 37998.4 18.1125 2.33931 3 13 433.787 9.94557e-05 3.24147 6 
2.38958 0.000178743 -1 0.994891 0.196496 0.00458963 48.0942 158750 16 29897.3 4.28167 1.73881 3 8 32391.3 17.5604 2.55998 3 14 362.159 4.457e-05 3.11574 6 
2.39424 0.000178698 -1 0.995806 0.196689 0.0046597 48.2388 158614 20 23253.2 3.74481 1.54758 3 15 26022.5 15.9147 1.63771 2 14 302.802 6.90575e-05 2.98143 6 
2.39897 0.000178652 -1 0.996733 0.196998 0.00473251 48.3864 158468 16 21836.7 3.94082 1.71386 4 13 28596.5 17.7643 1.76471 3 15 255.382 4.03776e-05 2.84056 6 
2.40386 0.000178607 -1 0.997694 0.197369 0.00488641 48.5339 158324 14 20949.6 3.58038 1.85819 4 13 16444.5 15.687 1.70744 4 16 232.895 4.15388e-05 2.64116 6 
2.40878 0.000178569 -1 0.998664 0.197707 0.0049268 48.6587 158255 10 19122.4 3.36561 2.37382 4 6 17981 14.9436 3.26132 5 16 233.502 6.63737e-05 2.56533 6 
2.41371 0.000178574 -1 0.999638 0.197937 0.0049268 48.7834 158186 10 28723.4 3.55367 2.45898 5 7 29482.8 12.4523 3.03421 4 16 246.428 8.87124e-05 2.52774 6 
2.41848 0.000178646 -1 1.00058 0.198168 0.00476658 48.9073 158120 12 26836.9 4.28402 2.07208 4 7 29156.6 15.5968 2.9335 4 16 244.908 5.85612e-05 2.59321 6 
2.42324 0.000178615 -1 1.00153 0.198251 0.00476658 49.0361 158039 12 22318.8 4.06238 2.04955 4 7 23636.2 12.6723 2.93255 4 16 263.156 7.45163e-05 2.56595 6 
2.42817 0.000178582 -1 1.0025 0.198233 0.00492954 49.1927 157869 13 16886.3 3.80418 1.90792 5 9 18851.1 15.9558 2.19472 4 18 299.613 4.44251e-05 2.39544 6 
2.43315 0.000178535 -1 1.00349 0.198159 0.0049724 49.3556 157680 15 13959.5 3.31508 1.74432 5 10 14065.8 12.9605 2.01166 5 18 322.855 6.67629e-05 2.35158 6 
2.43812 0.000178481 -1 1.00447 0.198031 0.0049724 49.5042 157538 14 13258.9 3.78498 1.79133 5 8 14321.1 15.8695 2.34114 5 18 341.172 6.79178e-05 2.35655 6 
2.44292 0.000178423 -1 1.00542 0.19788 0.0048024 49.7071 157224 14 26207.7 3.6333 1.88617 5 6 30107.7 15.6295 3.52741 5 29 336.401 9.05124e-05 1.68483 6 
2.4476 0.000178373 -1 1.00634 0.197703 0.00468134 49.9002 156944 15 26949.3 4.14234 1.79564 5 9 26633.3 15.6986 2.28476 5 22 336.211 7.95843e-05 2.00065 6 
2.45241 0.00017831 -1 1.00729 0.197464 0.00480346 50.0643 156757 15 23548.2 3.77814 1.79052 5 10 22196.6 15.3741 2.0699 5 17 369.088 8.93185e-05 2.45012 6 
2.45734 0.000178247 -1 1.00826 0.197194 0.00493328 50.2321 156560 14 17731.2 3.4807 1.83989 5 9 22441.3 14.0462 2.26957 6 18 404.038 8.21779e-05 2.35374 6 
2.46232 0.000178189 -1 1.00925 0.196956 0.00497854 50.397 156372 14 13250.7 3.81774 1.79014 5 8 10192.7 13.1156 2.2978 6 19 425.531 6.789e-05 2.279 6 
2.46734 0.000178123 -1 1.01023 0.196729 0.00502507 50.5649 156177 13 10919.3 3.77174 1.84621 5 8 12461.6 14.0637 2.33579 6 20 445.921 5.76311e-05 2.21019 6 
2.47223 0.000178056 -1 1.0112 0.196563 0.00488676 50.709 156056 12 9776.59 3.90221 1.91973 5 6 14094.5 14.3185 3.15398 5 19 432.88 6.13756e-05 2.29319 6 
2.47712 0.000177994 -1 1.01215 0.196344 0.00488676 50.8667 155895 12 20636.5 3.9956 2.03902 5 8 25831.9 14.841 2.54148 5 19 442.758 8.35641e-05 2.25893 6 
2.48214 0.000177922 -1 1.01314 0.196076 0.00502773 51.0383 155692 14 23195.4 3.54287 1.87316 5 8 18888.7 15.0306 2.44007 6 21 477.018 7.22234e-05 2.1123 6 
2.48727 0.000177848 -1 1.01414 0.195782 0.00512729 51.2148 155475 13 20141.3 3.33756 1.95353 6 7 22682 15.0764 2.84388 6 23 502.453 5.54984e-05 2.00664 6 
2.49245 0.000177771 -1 1.01515 0.195512 0.00517908 51.3952 155248 12 16270.2 3.63097 2.01503 6 7 12918.9 12.1371 2.70673 6 24 519.566 5.47278e-05 1.95311 6 
2.49763 0.000177682 -1 1.01617 0.19527 0.00517908 51.569 155043 12 13616.3 3.71678 1.98149 5 6 14249.1 13.6498 3.18501 6 24 526.562 7.73509e-05 1.92623 6 
2.50265 0.000177601 -1 1.01715 0.195119 0.00502371 51.7351 154862 13 12651.3 3.18095 1.89187 6 5 14712.9 15.3465 3.94764 6 23 501.666 6.59425e-05 1.99152 6 
2.50768 0.000177526 -1 1.01813 0.194969 0.00502371 51.8912 154712 8 17026.4 3.3916 2.90128 5 6 19385.2 15.1226 3.2959 6 23 507.344 7.42433e-05 1.98225 6 
2.51281 0.00017749 -1 1.01912 0.194751 0.00512837 52.0445 154570 5 16108.7 2.11801 5.97347 4 6 13895 15.0408 3.12079 5 26 533.838 6.74691e-05 1.84213 6 
2.51804 0.000177672 -1 1.02014 0.194568 0.00523865 52.2191 154367 10 15373.2 3.17094 2.33646 5 6 21627.2 13.8672 3.4054 4 28 560.653 7.24048e-05 1.76211 6 
2.52328 0.000177806 -1 1.02116 0.194386 0.00523865 52.3751 154220 9 14656.7 2.80166 2.58929 5 4 11184.6 7.93456 6.12738 4 25 563.365 6.96203e-05 1.88939 6 
2.52858 0.000177963 -1 1.02219 0.194185 0.00529686 52.5367 154058 9 15798.9 3.28669 2.56505 5 5 15553.4 10.8607 4.27753 2 26 577.875 5.26597e-05 1.86545 6 
2.5337 0.000178046 -1 1.02318 0.194049 0.00512414 52.6817 153945 8 16006.9 3.31741 2.88695 5 5 21417 13.7784 4.34823 3 24 542.217 6.86001e-05 1.93825 6 
2.53883 0.00017806 -1 1.02418 0.193891 0.00512414 52.8355 153807 9 12947 3.21451 2.51514 6 5 13418.6 3.73033 5.14271 3 24 542.997 7.76273e-05 1.92841 6 
2.54407 0.000178124 -1 1.02519 0.193732 0.00524059 53.0033 153629 11 12956.4 3.15657 2.13049 6 5 13773.8 8.82349 4.35194 3 25 567.867 9.54352e-05 1.8663 6 
2.54937 0.000178205 -1 1.02622 0.193567 0.00530153 53.1816 153422 11 16034.6 3.51345 2.15113 6 7 21609.9 9.51944 3.01602 3 26 579.993 8.94185e-05 1.8281 6 
2.55467 0.000178292 -1 1.02724 0.193437 0.00530153 53.3641 153205 11 12411.4 3.01142 2.13128 6 5 9694.14 8.03887 4.13298 3 27 578.336 6.33403e-05 1.81049 6 
2.56004 0.000178369 -1 1.02828 0.193308 0.00536541 53.5436 152997 11 9314.72 3.11286 2.07015 6 5 9688.31 13.6493 3.7173 2 28 597.135 7.68707e-05 1.76231 6 
2.5654 0.000178457 -1 1.02932 0.193224 0.00536541 53.7093 152830 7 16364.1 3.43375 3.3531 6 5 20556.2 10.8544 4.52343 2 28 615.768 9.32035e-05 1.75215 6 
2.57064 0.000178401 -1 1.03032 0.19323 0.00523612 53.8603 152705 5 9906.85 3.5594 4.88553 5 5 10297.1 13.9733 3.74527 2 27 604.188 8.34701e-05 1.79498 6 
2.57594 0.000177865 -1 1.03135 0.193091 0.00530076 54.0189 152560 6 13276.2 2.97488 4.05758 4 5 14508 11.4034 4.17748 2 28 637.628 9.38819e-05 1.75388 6 
2.58131 0.00017745 -1 1.03238 0.19288 0.00536786 54.1981 152358 9 16319 3.33069 2.5705 3 6 20538.1 8.85475 3.63829 2 30 667.605 7.34606e-05 1.70588 6 
2.58667 0.000177197 -1 1.03342 0.192755 0.00536786 54.3787 152154 9 14092.5 3.37629 2.52513 2 7 15716 11.3512 2.81033 2 30 676.315 8.24065e-05 1.70009 7 
2.59204 0.000177181 -1 1.03445 0.192632 0.00536786 54.5064 152098 9 10894.1 3.18154 2.47018 2 6 8618.03 11.2543 3.0247 2 19 683.226 9.81791e-05 2.29157 7 
2.59741 0.000177324 -1 1.03548 0.192513 0.00536786 54.6138 152099 6 14860.9 3.0042 4.1278 2 6 15151.8 10.8903 3.34121 2 16 698.36 6.92389e-05 2.73989 7 
2.60278 0.000177734 -1 1.03651 0.192405 0.00536786 54.7352 152061 11 12322.3 3.41516 2.10566 4 7 11345.8 13.6675 2.61229 2 16 719.543 7.1347e-05 2.73987 7 
2.60822 0.000177944 -1 1.03756 0.192338 0.00544139 54.8616 152009 7 13858.9 3.21498 3.30538 4 7 16344.8 10.1981 2.8697 3 17 762.204 4.57741e-05 2.65945 7 
2.61366 0.000178197 -1 1.0386 0.192249 0.00544139 54.9933 151943 11 13588.7 2.90756 2.15578 6 4 13521.3 6.27664 6.81275 3 17 781.982 4.48337e-05 2.66671 7 
2.61903 0.000178333 -1 1.03964 0.192178 0.00536582 55.1266 151873 10 21417.5 3.41316 2.39751 6 4 19594.6 11.9678 6.36107 2 16 776.045 7.42437e-05 2.74601 7 
2.62432 0.000178474 -1 1.04065 0.19212 0.00529129 55.2597 151803 10 12632 3.5315 2.26648 7 5 11508.6 3.58017 5.02833 2 16 767.72 5.23661e-05 2.80469 7 
2.62961 0.000178609 -1 1.04167 0.192079 0.00529129 55.401 151712 12 9850.37 3.29931 1.94799 8 5 10577.7 6.18042 4.43276 2 16 780.513 5.34711e-05 2.80392 7 
2.63498 0.00017873 -1 1.0427 0.192021 0.00536798 55.5562 151583 12 15005.5 2.76117 2.04769 9 5 12978.1 11.5191 4.07717 2 16 818.341 7.69315e-05 2.74901 7 
2.64035 0.000178831 -1 1.04373 0.191941 0.00536798 55.7095 151460 9 14706.7 2.8942 2.58093 10 10 18588.3 11.5426 2.09264 5 16 833.03 7.58938e-05 2.75441 7 
2.64548 0.000178928 -1 1.04471 0.191859 0.00513792 55.814 151470 3 8007.23 3.40381 13.2996 8 3 10197.1 14.7305 8.84614 4 15 775.625 6.26282e-05 2.9707 7 
2.65062 0.000179436 -1 1.0457 0.191833 0.00513792 55.9288 151452 6 10929.5 3.38576 3.84436 7 4 11714.7 4.30251 7.22358 3 15 791.059 6.20562e-05 2.97642 7 
2.65576 0.000179606 -1 1.04668 0.19176 0.00513792 56.0364 151453 5 16220.5 3.49316 5.41214 5 5 19506.4 9.57954 4.58951 2 15 809.067 6.2492e-05 2.9795 7 
2.66082 0.000179795 -1 1.04765 0.191708 0.00506236 56.1556 151424 9 12843.4 3.30476 2.50517 7 5 12610.2 10.4544 4.13318 2 15 800.188 4.54158e-05 3.04134 7 
2.66588 0.000179888 -1 1.04862 0.191638 0.00506236 56.2705 151406 7 11618.6 3.40016 3.19748 7 5 11457.4 11.4596 3.98092 2 15 814.911 4.52905e-05 3.0456 7 
2.67095 0.000180003 -1 1.04959 0.191561 0.00506236 56.3969 151357 9 15314.2 3.52796 2.53615 8 5 14711.6 13.9165 4.02556 2 15 829.208 4.73201e-05 3.04024 7 
2.67601 0.000180108 -1 1.05056 0.191476 0.00506236 56.5199 151318 7 13133 3.83036 3.19903 8 5 15896 15.2696 4.01321 2 15 844.435 4.80111e-05 3.04099 7 
2.68077 0.000180214 -1 1.05147 0.191453 0.00476458 56.6306 151311 6 8447.01 4.18808 3.55452 8 5 8395.79 17.2711 3.44626 2 14 759.557 3.03836e-05 3.37616 7 
2.68554 0.000180294 -1 1.05238 0.191422 0.00476458 56.7567 151263 9 8854.52 3.67103 2.37585 9 5 8632.96 6.44371 4.2209 2 14 772.016 3.02955e-05 3.38079 7 
2.6903 0.000180384 -1 1.05329 0.191359 0.00476458 56.8846 151212 9 20132.9 4.19142 2.56484 9 5 15259.3 17.3465 3.88029 2 14 781.887 3.06437e-05 3.38109 7 
2.69499 0.000180487 -1 1.05419 0.191304 0.00469239 57.005 151180 8 15926 4.28598 2.7942 9 6 17081.5 11.7734 3.36463 2 13 766.62 7.07192e-05 3.47662 7 
2.69962 0.000180585 -1 1.05508 0.19125 0.00462129 57.1348 151123 9 14536.3 4.43358 2.45829 10 5 15258 11.0699 4.24493 2 13 750.004 4.89331e-05 3.57049 7 
2.70403 0.000180679 -1 1.05592 0.191218 0.00441741 57.2535 151096 8 12409.7 4.58903 2.68538 10 4 12384.2 18.5575 5.08262 2 12 690.087 6.00987e-05 3.87558 7 
2.70845 0.000180779 -1 1.05677 0.191173 0.00441741 57.3787 151051 9 13467 4.86142 2.41269 10 5 16485.9 6.9794 4.7278 2 12 693.982 6.24754e-05 3.86489 7 
2.71287 0.000180881 -1 1.05761 0.191136 0.00441741 57.5033 151009 9 9586.63 4.61078 2.33698 10 5 10455.2 12.1479 3.86337 2 12 696.706 6.44486e-05 3.85614 7 
2.71735 0.000180975 -1 1.05846 0.1911 0.00448643 57.6235 150978 9 8414.65 4.6093 2.30345 9 5 7977.15 11.5048 3.69993 2 12 724.408 9.95908e-05 3.7309 7 
2.72184 0.000181069 -1 1.05932 0.191075 0.00448643 57.7394 150959 7 8976.78 4.95785 2.92014 9 5 7511.87 5.67319 4.21099 2 13 732.293 2.69182e-05 3.7316 7 
2.7264 0.000181174 -1 1.06019 0.191085 0.00455998 57.8523 150948 7 19094.9 4.29791 3.31967 9 5 10419.7 7.45348 4.25695 2 13 764.101 4.36828e-05 3.60696 7 
2.73096 0.000181271 -1 1.06107 0.191093 0.00455998 57.9698 150924 7 13752.7 4.07143 3.19221 10 7 14693.9 14.2236 2.69519 3 13 770.855 4.42011e-05 3.60613 7 
2.7356 0.000181364 -1 1.06195 0.191091 0.0046386 58.0977 150874 8 18818.5 4.29719 2.85217 10 5 21003.7 18.0273 4.10462 2 13 803.232 7.27993e-05 3.48135 7 
2.74024 0.000181458 -1 1.06284 0.191089 0.0046386 58.2382 150791 9 19982.3 3.84913 2.58708 10 7 21086.8 16.879 2.76937 3 13 806.796 7.47376e-05 3.4755 7 
2.74488 0.000181543 -1 1.06372 0.191069 0.0046386 58.3678 150737 9 17407.3 4.18856 2.52391 10 4 17804.8 13.6435 6.01039 2 13 808.097 8.10983e-05 3.45416 7 
2.7496 0.000181639 -1 1.06462 0.191034 0.0047245 58.5071 150658 10 14679.4 4.13921 2.26454 10 5 13607.7 6.80155 4.57336 2 14 837.104 3.88618e-05 3.34044 7 
2.75442 0.000181736 -1 1.06554 0.191006 0.00481536 58.6475 150577 10 11747.7 3.91679 2.22691 10 5 11454.8 14.9502 3.77458 2 14 865.335 7.27159e-05 3.20182 7 
2.75923 0.00018183 -1 1.06646 0.190973 0.00481536 58.7853 150503 9 12775.1 4.26091 2.43399 10 8 11953.8 15.5154 2.29532 3 14 858.667 7.4507e-05 3.19449 7 
2.76415 0.000181932 -1 1.0674 0.190983 0.00491363 58.9262 150421 9 14837.5 3.58159 2.52302 10 5 12731.7 15.587 3.82319 3 15 885.28 4.38794e-05 3.06894 7 
2.76906 0.000182019 -1 1.06834 0.190973 0.00491363 59.0768 150315 10 11779 4.08437 2.21819 9 7 10448.9 16.0818 2.52243 5 15 874.534 4.40834e-05 3.06549 7 
2.77408 0.000182117 -1 1.0693 0.190974 0.00502045 59.2364 150187 11 15580.6 3.40591 2.15159 9 7 17314.5 15.5782 2.7235 7 15 900.404 8.38964e-05 2.94248 7 
2.7791 0.000182201 -1 1.07025 0.190934 0.00502045 59.4157 150009 12 20338.4 3.4081 2.06372 9 9 21161.6 13.5639 2.26358 8 15 885.967 8.36737e-05 2.93983 7 
2.78412 0.000182281 -1 1.07121 0.190889 0.00502045 59.5963 149829 12 19575.4 3.25584 2.065 9 8 20675.6 15.6994 2.45441 8 15 869.386 8.49656e-05 2.93313 7 
2.78926 0.000182357 -1 1.07219 0.190815 0.00513998 59.775 149656 12 16517.3 3.12516 2.04294 8 8 15924.9 14.4739 2.39986 8 16 891.719 5.60314e-05 2.81911 7 
2.79453 0.000182431 -1 1.0732 0.190742 0.00526848 59.9394 149519 7 13660.3 3.119 3.31289 6 7 13774.5 13.33 2.6953 8 17 913.129 4.19806e-05 2.70157 7 
2.7998 0.000182506 -1 1.07421 0.1908 0.00526848 60.0933 149408 8 16842.4 3.54173 2.8817 5 6 12197.7 13.3146 3.11644 7 17 886.23 4.22883e-05 2.69567 7 
2.80521 0.000182449 -1 1.07524 0.190687 0.00541087 60.2555 149278 12 12347.1 2.84797 2.00949 5 7 12356.3 11.0045 2.72747 7 17 905.609 6.69016e-05 2.62724 7 
2.81062 0.000182412 -1 1.07626 0.190548 0.00541087 60.4156 149154 12 18826.4 2.90797 2.07777 5 8 17168.5 10.2782 2.52844 6 17 869.823 3.61293e-05 2.71775 7 
2.81603 0.000182374 -1 1.07729 0.190396 0.00541087 60.5646 149057 12 18404 2.8309 2.07849 4 7 17079.6 9.66099 2.9102 6 16 825.708 6.99654e-05 2.76692 7 
2.82144 0.00018232 -1 1.07832 0.190327 0.00541087 60.701 148992 11 15099.7 2.31905 2.22176 4 4 12080.6 8.12267 6.21009 5 16 771.765 6.43058e-05 2.76982 7 
2.82685 0.00018222 -1 1.07935 0.190446 0.00541087 60.8249 148958 10 15050.5 2.13782 2.42526 4 4 14158.2 5.77632 7.03622 3 16 715.191 7.84083e-05 2.72272 7 
2.83244 0.000182049 -1 1.08042 0.190643 0.00558542 60.9622 148891 10 21219.3 2.71061 2.45113 3 5 15159.3 9.33145 4.38678 3 18 714.135 4.42271e-05 2.51449 7 
2.83802 0.000181904 -1 1.08148 0.190832 0.00558542 61.0848 148861 9 13147.1 3.00363 2.53849 3 5 7395.88 11.7414 3.62956 2 17 667.455 9.44387e-05 2.52871 7 
2.84342 0.000181829 -1 1.0825 0.191013 0.00539924 61.2222 148794 10 6801.9 3.14334 2.15538 3 7 8606.95 13.2475 2.52241 3 16 584.939 7.66927e-05 2.69245 7 
2.84882 0.000181711 -1 1.08353 0.191207 0.00539924 61.3609 148725 12 8923.48 2.77967 1.9598 3 9 8635.09 11.3998 2.08896 3 16 623.11 7.08497e-05 2.71653 7 
2.85422 0.000181595 -1 1.08456 0.191375 0.00539924 61.4862 148688 9 10224.3 2.68824 2.49917 4 7 9891.79 10.8901 2.6461 4 16 663.897 6.34923e-05 2.74607 7 
2.85962 0.000181589 -1 1.0856 0.19152 0.00539924 61.5999 148680 5 11444.3 2.76739 5.28815 3 4 10918.1 9.15411 5.87669 3 16 709.099 5.88009e-05 2.77066 7 
2.86524 0.000181763 -1 1.08668 0.191458 0.00561521 61.7343 148621 13 12056 2.70529 1.9085 3 4 11836.6 11.4489 5.67042 2 17 812.255 6.30333e-05 2.61965 7 
2.87085 0.000181926 -1 1.08775 0.191379 0.00561521 61.8922 148507 13 17931.5 2.91374 1.95647 4 8 12358 11.911 2.38232 4 20 858.321 8.4025e-05 2.2411 7 
2.87647 0.000182082 -1 1.08882 0.191191 0.00561521 62.0746 148335 12 9130.06 2.84231 1.9599 5 8 9016.73 9.90066 2.34381 4 24 902.126 6.32271e-05 1.98655 7 
2.88208 0.000182228 -1 1.08989 0.190937 0.00561521 62.2342 148217 13 12538.4 2.81222 1.90857 4 11 12518.2 8.75132 1.9358 4 18 941.025 6.23932e-05 2.50498 7 
2.8877 0.000182341 -1 1.09096 0.190573 0.00561521 62.3879 148115 13 14516.2 3.12953 1.91438 5 9 14114.4 12.3527 2.18659 4 17 974.515 7.01415e-05 2.63127 7 
2.89331 0.000182459 -1 1.09204 0.190182 0.00561521 62.5508 147991 12 14747.1 2.5963 2.05524 6 9 13500.4 10.9175 2.20587 5 17 1001.93 7.82508e-05 2.61866 7 
2.89865 0.000182538 -1 1.09305 0.189808 0.00533445 62.7157 147863 12 9708.88 3.06461 1.95764 5 9 10807.4 12.9407 2.11174 5 16 926.132 5.57623e-05 2.82664 7 
2.90398 0.00018262 -1 1.09406 0.189428 0.00533445 62.8669 147768 12 11954.9 3.00879 1.99494 5 8 11181.8 11.5626 2.36147 5 16 942.704 6.53717e-05 2.8018 7 
2.90931 0.000182695 -1 1.09506 0.189053 0.00533445 63.0189 147672 13 14952.3 2.78493 1.93604 5 8 15003.7 13.1741 2.41024 5 16 953.503 7.84653e-05 2.77198 7 
2.91465 0.000182764 -1 1.09607 0.188707 0.00533445 63.189 147534 14 17078.3 2.782 1.86457 5 9 16312.7 9.40766 2.29031 6 16 958.872 9.75436e-05 2.73549 7 
2.91998 0.000182831 -1 1.09708 0.188374 0.00533445 63.3389 147443 12 15479.1 3.44516 2.01548 7 5 14233.7 13.0038 4.05368 5 17 959.255 4.37225e-05 2.70294 7 
2.92498 0.000182914 -1 1.09803 0.188173 0.00500104 63.4602 147419 5 8180.52 3.55431 4.70333 7 6 8699.52 10.8711 3.04699 5 15 839.946 6.85288e-05 2.96865 7 
2.93034 0.000183024 -1 1.09903 0.187982 0.00535826 63.589 147378 6 16064.1 2.5843 4.28797 5 6 15893 12.2147 3.30411 5 17 956.944 7.73471e-05 2.61338 7 
2.9357 0.000183144 -1 1.10003 0.187874 0.00535826 63.7128 147349 7 18986.7 2.63727 3.55666 4 4 19153.9 8.88455 6.81405 3 18 946.634 3.90174e-05 2.57202 7 
2.94106 0.000183184 -1 1.10104 0.187739 0.00535826 63.8415 147309 9 22375.6 2.94439 2.69897 5 5 16776.1 6.68408 4.78553 2 18 934.22 5.40903e-05 2.52391 7 
2.94597 0.000183133 -1 1.10196 0.187731 0.00491174 63.9874 147229 14 9636.67 3.74921 1.75215 7 6 9321.25 11.7518 3.04248 2 16 772.351 3.60777e-05 2.87184 7 
2.95088 0.000183046 -1 1.10288 0.187731 0.00491174 64.1578 147093 13 15503.7 3.97193 1.88914 6 11 15362.7 14.7855 1.88035 6 16 758.762 4.68265e-05 2.82229 7 
2.95579 0.000182949 -1 1.10381 0.187758 0.00491174 64.3193 146979 13 18238 3.65138 1.92531 6 8 19214.6 15.3283 2.43931 6 16 745.348 6.23729e-05 2.76908 7 
2.96071 0.000182849 -1 1.10473 0.187821 0.00491174 64.4891 146846 13 17548.6 3.26271 1.93631 7 9 16432.8 14.2186 2.18936 5 16 731.774 8.36731e-05 2.71558 7 
2.96562 0.000182749 -1 1.10565 0.187919 0.00491174 64.6664 146696 13 10361 3.98379 1.83105 6 9 10673.5 15.5458 2.06628 6 17 718.219 4.45474e-05 2.6544 7 
2.97053 0.000182604 -1 1.10656 0.187995 0.00491174 64.8379 146561 14 15435.5 3.63107 1.81626 6 9 14236 14.0599 2.15742 5 17 704.935 6.36393e-05 2.59644 7 
2.97544 0.000182446 -1 1.10748 0.188087 0.00491174 65.008 146430 13 18528 3.78445 1.92235 5 8 19889.4 14.5924 2.46497 6 17 691.828 9.12475e-05 2.53918 7 
2.98035 0.000182253 -1 1.10841 0.188172 0.00491174 65.1751 146306 12 17962.1 3.10883 2.05816 6 7 16800.4 15.9692 2.70221 6 18 679.001 5.2128e-05 2.48466 7 
2.98526 0.000182085 -1 1.10934 0.188316 0.00491174 65.3305 146208 10 9013.14 4.04429 2.16174 6 7 10759.4 14.6696 2.56648 6 18 666.514 7.29073e-05 2.43626 7 
2.99018 0.000181874 -1 1.11027 0.188413 0.00491174 65.4823 146120 10 15963.7 3.33674 2.33336 6 6 14742.3 14.6905 3.16413 5 19 654.403 4.21747e-05 2.39036 7 
2.99509 0.000181689 -1 1.11119 0.188545 0.00491174 65.6316 146037 9 19105.9 3.87388 2.57238 5 7 20334.5 15.4315 2.79055 5 19 642.096 5.96614e-05 2.34477 7 
3 0.000181495 -1 1.11211 0.18866 0.00491174 65.7746 145969 7 17728.1 4.0328 3.31464 4 5 16463.7 15.5267 4.028 4 19 629.681 8.07247e-05 2.30538 7 

# Multigrid, 586 steps, 2103.13 CPU, 65.95 real, 1.46e+05 points.step/s, 24 var
