0.601562 0.29359
0.598955 0.296875

0.599066 0.296875
0.598629 0.304688

0.599411 0.304688
0.601562 0.307741

0.601562 0.295548
0.609375 0.289333

0.601562 0.306568
0.607822 0.3125

0.608318 0.3125
0.609375 0.313166

0.617188 0.288098
0.614023 0.289062

0.609375 0.289835
0.611911 0.289062

0.609375 0.312998
0.617188 0.316639

0.617188 0.288166
0.625 0.287191

0.617188 0.316104
0.625 0.318798

0.625 0.287235
0.632812 0.286849

0.625 0.318886
0.629502 0.320312

0.628935 0.320312
0.632812 0.321541

0.632812 0.286839
0.640625 0.286973

0.632812 0.321314
0.640625 0.323491

0.640625 0.287151
0.648438 0.287472

0.640625 0.323512
0.648438 0.325611

0.648438 0.287436
0.65625 0.28766

0.648438 0.325724
0.65625 0.327474

0.65625 0.28761
0.664062 0.287907

0.65625 0.327405
0.66059 0.328125

0.660465 0.328125
0.664062 0.328722

0.664062 0.287913
0.671875 0.288369

0.664062 0.328639
0.671875 0.329746

0.671875 0.288392
0.679688 0.288948

0.671875 0.329803
0.679688 0.33075

0.679688 0.288963
0.681049 0.289062

0.680965 0.289062
0.6875 0.289539

0.679688 0.330767
0.6875 0.331409

0.6875 0.289539
0.695312 0.29008

0.6875 0.331356
0.695312 0.331765

0.695312 0.290066
0.703125 0.290605

0.695312 0.331763
0.703125 0.332048

0.703125 0.290604
0.710938 0.291173

0.703125 0.332053
0.710938 0.332209

0.710938 0.291178
0.71875 0.291768

0.710938 0.332211
0.71875 0.332221

0.71875 0.291774
0.726562 0.292362

0.71875 0.332213
0.726562 0.332087

0.726562 0.292367
0.734375 0.292933

0.726562 0.332076
0.734375 0.331853

0.734375 0.292931
0.742188 0.293466

0.734375 0.331848
0.742188 0.331562

0.742188 0.293462
0.75 0.293976

0.742188 0.331563
0.75 0.331219

0.75 0.293989
0.757812 0.294461

0.75 0.331222
0.757812 0.330815

0.757812 0.29447
0.765625 0.294856

0.757812 0.330816
0.765625 0.33034

0.765625 0.294829
0.773438 0.295168

0.765625 0.330312
0.773438 0.329821

0.773438 0.295114
0.78125 0.29557

0.773438 0.329787
0.78125 0.329404

0.78125 0.295575
0.789062 0.296247

0.78125 0.329429
0.789062 0.329171

0.789062 0.296296
0.794867 0.296875

0.794841 0.296875
0.796875 0.297078

0.789062 0.329186
0.796875 0.328975

0.796875 0.297093
0.804688 0.297848

0.796875 0.328955
0.804688 0.328801

0.804688 0.297852
0.8125 0.298539

0.804688 0.328803
0.8125 0.32874

0.8125 0.298544
0.820312 0.299142

0.8125 0.328748
0.820312 0.328758

0.820312 0.299146
0.828125 0.299637

0.820312 0.328765
0.828125 0.328818

0.828125 0.29964
0.835938 0.300013

0.828125 0.328829
0.835938 0.328892

0.835938 0.300017
0.84375 0.300257

0.835938 0.328911
0.84375 0.328923

0.84375 0.30026
0.851562 0.300355

0.84375 0.328951
0.851562 0.32882

0.851562 0.30035
0.859375 0.300304

0.851562 0.328825
0.859375 0.328485

0.859375 0.300297
0.867188 0.300133

0.867188 0.327981
0.864869 0.328125

0.859375 0.328442
0.864468 0.328125

0.867188 0.300132
0.875 0.299866

0.867188 0.327974
0.875 0.327392

0.875 0.299859
0.882812 0.29951

0.875 0.327386
0.882812 0.3267

0.882812 0.299499
0.890625 0.299101

0.882812 0.326683
0.890625 0.325937

0.890625 0.299094
0.898438 0.298683

0.890625 0.325901
0.898438 0.325204

0.898438 0.298678
0.90625 0.298279

0.898438 0.325178
0.90625 0.324652

0.90625 0.298278
0.914062 0.297904

0.90625 0.324653
0.914062 0.324345

0.914062 0.2979
0.921875 0.297563

0.914062 0.324357
0.921875 0.324241

0.921875 0.29756
0.929688 0.297275

0.921875 0.324251
0.929688 0.324283

0.929688 0.297335
0.9375 0.296985

0.929688 0.324294
0.9375 0.324434

0.945312 0.29644
0.939106 0.296875

0.9375 0.297002
0.939315 0.296875

0.9375 0.32444
0.945312 0.324654

0.945312 0.2965
0.953125 0.295632

0.945312 0.324653
0.953125 0.324931

0.953125 0.295691
0.960938 0.294271

0.953125 0.324943
0.960938 0.325261

0.960938 0.294226
0.96875 0.292228

0.960938 0.325274
0.96875 0.325583

0.96875 0.292328
0.976562 0.289639

0.96875 0.325591
0.976562 0.325852

0.984375 0.28594
0.977999 0.289062

0.976562 0.28974
0.977962 0.289062

0.976562 0.325867
0.984375 0.326036

0.992188 0.280239
0.990872 0.28125

0.984375 0.286158
0.991273 0.28125

0.984375 0.326055
0.992188 0.326064

1 0.272441
0.999185 0.273438

0.992188 0.280575
0.999401 0.273438

0.992188 0.326024
1 0.325915

1.00781 0.260885
1.00504 0.265625

1 0.272445
1.00517 0.265625

1 0.325939
1.00781 0.325745

1.01562 0.243061
1.01309 0.25

1.01315 0.25
1.00955 0.257812

1.00781 0.260881
1.0096 0.257812

1.00781 0.325747
1.01562 0.325417

1.02344 0.203376
1.02257 0.210938

1.02258 0.210938
1.02143 0.21875

1.02145 0.21875
1.02 0.226562

1.02002 0.226562
1.01818 0.234375

1.0182 0.234375
1.01591 0.242188

1.01562 0.243044
1.01594 0.242188

1.01562 0.32542
1.02344 0.324944

1.02638 0
1.02638 0.0078125

1.02638 0.0078125
1.02637 0.015625

1.02637 0.015625
1.02636 0.0234375

1.02636 0.0234375
1.02634 0.03125

1.02634 0.03125
1.02632 0.0390625

1.02632 0.0390625
1.0263 0.046875

1.0263 0.046875
1.02627 0.0546875

1.02627 0.0546875
1.02625 0.0625

1.02625 0.0625
1.02622 0.0703125

1.02622 0.0703125
1.02619 0.078125

1.02619 0.078125
1.02616 0.0859375

1.02616 0.0859375
1.02614 0.09375

1.02614 0.09375
1.02611 0.101562

1.02611 0.101562
1.02608 0.109375

1.02609 0.109375
1.02605 0.117188

1.02606 0.117188
1.02602 0.125

1.02602 0.125
1.02598 0.132812

1.02598 0.132812
1.02592 0.140625

1.02592 0.140625
1.02584 0.148438

1.02584 0.148438
1.02573 0.15625

1.02573 0.15625
1.02557 0.164062

1.02557 0.164062
1.02536 0.171875

1.02536 0.171875
1.02506 0.179688

1.02507 0.179688
1.02467 0.1875

1.02468 0.1875
1.02415 0.195312

1.02416 0.195312
1.02346 0.203125

1.02344 0.203323
1.02346 0.203125

1.02344 0.324941
1.03125 0.324317

1.03125 0.324323
1.03906 0.323545

1.03906 0.323547
1.04688 0.322599

1.04688 0.322592
1.05469 0.321484

1.0625 0.32023
1.06199 0.320312

1.05469 0.321484
1.06197 0.320312

1.0625 0.320235
1.07031 0.318812

1.07031 0.318812
1.07812 0.317209

1.07812 0.317202
1.08594 0.315433

1.08594 0.315432
1.09375 0.31351

1.10156 0.31143
1.09756 0.3125

1.09375 0.31352
1.09756 0.3125

1.10156 0.311428
1.10938 0.309152

1.10938 0.309143
1.11719 0.306701

1.125 0.30411
1.12327 0.304688

1.11719 0.30671
1.12324 0.304688

1.125 0.304104
1.13281 0.301296

1.13281 0.301281
1.14062 0.298301

1.14844 0.295157
1.14421 0.296875

1.14062 0.298318
1.14418 0.296875

1.14844 0.295132
1.15625 0.291759

1.16406 0.28822
1.16222 0.289062

1.15625 0.291774
1.16218 0.289062

1.16406 0.288193
1.17188 0.284405

1.17969 0.280432
1.17809 0.28125

1.17188 0.284417
1.17804 0.28125

1.17969 0.280391
1.1875 0.276157

1.19531 0.271746
1.19236 0.273438

1.1875 0.276166
1.19226 0.273438

1.19531 0.271682
1.20312 0.266935

1.21094 0.261966
1.20522 0.265625

1.20312 0.266915
1.20516 0.265625

1.21875 0.256737
1.21714 0.257812

1.21094 0.26194
1.21701 0.257812

1.21875 0.25665
1.22656 0.251032

1.23438 0.245109
1.22794 0.25

1.22656 0.250992
1.22791 0.25

1.24219 0.238857
1.23803 0.242188

1.23438 0.245033
1.23801 0.242188

1.25 0.232186
1.24747 0.234375

1.24219 0.238756
1.24736 0.234375

1.25781 0.225083
1.25622 0.226562

1.25 0.23209
1.2561 0.226562

1.26562 0.217484
1.26436 0.21875

1.25781 0.224967
1.26427 0.21875

1.27344 0.209356
1.27196 0.210938

1.26562 0.217405
1.27187 0.210938

1.28125 0.200619
1.27908 0.203125

1.27344 0.209269
1.27901 0.203125

1.28906 0.1912
1.28578 0.195312

1.28125 0.200553
1.28569 0.195312

1.29688 0.181053
1.29202 0.1875

1.28906 0.191173
1.29193 0.1875

1.30469 0.170024
1.30347 0.171875

1.3034 0.171875
1.29788 0.179688

1.29688 0.180997
1.29783 0.179688

1.3125 0.157787
1.30861 0.164062

1.30469 0.169907
1.30857 0.164062

1.32031 0.144156
1.31799 0.148438

1.31795 0.148438
1.31342 0.15625

1.3125 0.157718
1.3134 0.15625

1.32812 0.128672
1.32618 0.132812

1.32615 0.132812
1.3222 0.140625

1.32031 0.144077
1.32219 0.140625

1.33594 0.110541
1.33325 0.117188

1.33324 0.117188
1.32982 0.125

1.32812 0.128601
1.32982 0.125

1.34375 0.088106
1.34199 0.09375

1.34198 0.09375
1.3393 0.101562

1.33931 0.101562
1.3364 0.109375

1.33594 0.110495
1.33639 0.109375

1.35156 0.0564877
1.35037 0.0625

1.35036 0.0625
1.34859 0.0703125

1.34859 0.0703125
1.34661 0.078125

1.34662 0.078125
1.34442 0.0859375

1.34375 0.0880669
1.34441 0.0859375

1.3569 0
1.3568 0.0078125

1.3568 0.0078125
1.3565 0.015625

1.3565 0.015625
1.35599 0.0234375

1.35599 0.0234375
1.35528 0.03125

1.35528 0.03125
1.35436 0.0390625

1.35437 0.0390625
1.35325 0.046875

1.35325 0.046875
1.35192 0.0546875

1.35156 0.0564149
1.35191 0.0546875

