0 0.00985624
0.0338878 0.00984992
0.0677756 0.00983285
0.101663 0.00980498
0.135551 0.00976722
0.169439 0.00971977
0.203327 0.00966277
0.237215 0.00959636
0.271102 0.00952069
0.30499 0.0094359
0.338878 0.00934216
0.372766 0.00923962
0.406653 0.00912845
0.440541 0.00900882
0.474429 0.00888089
0.508317 0.00874484
0.542205 0.00860085
0.576092 0.00844911
0.60998 0.00828982
0.643868 0.00812144
0.677756 0.00794605
0.711644 0.00776376
0.745531 0.00757493
0.779419 0.00737966
0.813307 0.00717832
0.847195 0.00697103
0.881082 0.00675821
0.91497 0.00653995
0.948858 0.0063167
0.982746 0.00608855
1.01663 0.00585596
1.05052 0.00561903
1.08441 0.00537823
1.1183 0.00513367
1.15218 0.00488582
1.18607 0.00463478
1.21996 0.00438104
1.25385 0.00412467
1.28774 0.00386616
1.32162 0.00360555
1.35551 0.00334332
1.3894 0.0030795
1.42329 0.00281453
1.45717 0.00254845
1.49106 0.00228169
1.52495 0.00201427
1.55884 0.00174665
1.59273 0.00147886
1.62661 0.00121136
1.6605 0.000944182
1.69439 0.000677793
1.72828 0.000412257
1.76216 0.000148016
1.79605 0.00011526
1.82994 0.000376251
1.86383 0.000635043
1.89772 0.000891564
1.9316 0.00114544
1.96549 0.0013966
1.99938 0.0016447
2.03327 0.00188966
2.06716 0.00213116
2.10104 0.00236912
2.13493 0.00260325
2.16882 0.00283347
2.20271 0.0030595
2.23659 0.00328124
2.27048 0.00349845
2.30437 0.00371101
2.33826 0.00391867
2.37215 0.0041213
2.40603 0.00431871
2.43992 0.00451075
2.47381 0.00469725
2.5077 0.00487809
2.54158 0.00505312
2.57547 0.00522223
2.60936 0.00538531
2.64325 0.00554225
2.67714 0.00569297
2.71102 0.00583736
2.74491 0.00597535
2.7788 0.00610683
2.81269 0.00623174
2.84657 0.00634999
2.88046 0.00646153
2.91435 0.00656625
2.94824 0.00666414
2.98213 0.00675513
3.01601 0.00683918
3.0499 0.00691622
3.08379 0.00698625
3.11768 0.00704923
3.15156 0.00710516
3.18545 0.00715402
3.21934 0.00719583
3.25323 0.00723058
3.28712 0.00725833
3.321 0.00727906
3.35489 0.00729281
3.38878 0.00729964
3.42267 0.00729955
3.45655 0.00729258
3.49044 0.00727878
3.52433 0.00725822
3.55822 0.007231
3.59211 0.00719717
3.62599 0.0071568
3.65988 0.00710997
3.69377 0.00705675
3.72766 0.00699727
3.76154 0.00693158
3.79543 0.00685982
3.82932 0.00678205
3.86321 0.00669844
3.8971 0.00660905
3.93098 0.00651405
3.96487 0.00641351
3.99876 0.00630765
4.03265 0.00619651
4.06653 0.00608029
4.10042 0.00595907
4.13431 0.00583307
4.1682 0.00570234
4.20209 0.00556713
4.23597 0.00542748
4.26986 0.00528366
4.30375 0.00513571
4.33764 0.00498392
4.37152 0.00482833
4.40541 0.00466923
4.4393 0.0045067
4.47319 0.00434103
4.50708 0.0041723
4.54096 0.00400082
4.57485 0.00382665
4.60874 0.00365012
4.64263 0.00347127
4.67651 0.00329043
4.7104 0.00310766
4.74429 0.00292326
4.77818 0.00273728
4.81207 0.00255005
4.84595 0.00236166
4.87984 0.00217237
4.91373 0.00198225
4.94762 0.0017916
4.9815 0.00160048
5.01539 0.00140921
5.04928 0.00121785
5.08317 0.0010267
5.11706 0.000835836
5.15094 0.000645551
5.18483 0.000455914
5.21872 0.000267219
5.25261 7.95329e-05
5.28649 0.000107086
5.32038 0.000291966
5.35427 0.000475213
5.38816 0.000656573
5.42205 0.000835979
5.45593 0.0010132
5.48982 0.00118816
5.52371 0.00136067
5.5576 0.00153066
5.59149 0.00169796
5.62537 0.00186249
5.65926 0.00202407
5.69315 0.00218262
5.72704 0.00233796
5.76092 0.00248998
5.79481 0.00263852
5.8287 0.00278347
5.86259 0.00292467
5.89648 0.00306204
5.93036 0.00319544
5.96425 0.00332479
5.99814 0.00345
6.03203 0.003571
6.06591 0.00368771
6.0998 0.00380009
6.13369 0.00390806
6.16758 0.00401157
6.20147 0.00411057
6.23535 0.00420504
6.26924 0.00429486
6.30313 0.00438004
6.33702 0.0044605
6.3709 0.0045362
6.40479 0.0046071
6.43868 0.00467315
6.47257 0.00473432
6.50646 0.00479058
6.54034 0.00484189
6.57423 0.00488824
6.60812 0.00492962
6.64201 0.00496599
6.67589 0.00499737
6.70978 0.00502374
6.74367 0.00504512
6.77756 0.00506151
6.81145 0.00507297
6.84533 0.00507947
6.87922 0.00508103
6.91311 0.00507769
6.947 0.00506947
6.98088 0.00505644
7.01477 0.00503862
7.04866 0.00501611
7.08255 0.00498894
7.11644 0.00495716
7.15032 0.00492083
7.18421 0.00488003
7.2181 0.00483482
7.25199 0.00478528
7.28587 0.00473147
7.31976 0.00467349
7.35365 0.0046114
7.38754 0.00454532
7.42143 0.0044753
7.45531 0.00440147
7.4892 0.0043239
7.52309 0.00424272
7.55698 0.00415799
7.59086 0.00406986
7.62475 0.00397839
7.65864 0.00388375
7.69253 0.00378599
7.72642 0.0036853
7.7603 0.00358169
7.79419 0.00347539
7.82808 0.00336642
7.86197 0.00325496
7.89585 0.00314108
7.92974 0.00302497
7.96363 0.00290669
7.99752 0.00278643
8.03141 0.00266428
8.06529 0.00254044
8.09918 0.00241498
8.13307 0.00228811
8.16696 0.00215988
8.20084 0.0020305
8.23473 0.00190003
8.26862 0.00176865
8.30251 0.00163643
8.3364 0.00150356
8.37028 0.00137018
8.40417 0.00123638
8.43806 0.00110223
8.47195 0.000967924
8.50583 0.00083352
8.53972 0.000699213
8.57361 0.000565078
8.6075 0.000431305
8.64139 0.000297972
8.67527 0.000165266
8.70916 3.32633e-05
8.74305 9.84249e-05
8.77694 0.000228431
8.81082 0.0003573
8.84471 0.000484874
8.8786 0.000611086
8.91249 0.000735794
8.94638 0.000858963
8.98026 0.000980536
9.01415 0.00110037
9.04804 0.00121834
9.08193 0.00133444
9.11582 0.00144847
9.1497 0.00156034
9.18359 0.0016699
9.21748 0.00177709
9.25137 0.00188177
9.28525 0.00198388
9.31914 0.00208333
9.35303 0.00218007
9.38692 0.00227399
9.42081 0.00236508
9.45469 0.00245327
9.48858 0.0025385
9.52247 0.00262073
9.55636 0.00269991
9.59024 0.00277599
9.62413 0.00284894
9.65802 0.00291872
9.69191 0.00298526
9.7258 0.00304855
9.75968 0.00310854
9.79357 0.00316519
9.82746 0.00321847
9.86135 0.00326835
9.89523 0.00331481
9.92912 0.00335781
9.96301 0.00339734
9.9969 0.00343339
10.0308 0.00346594
10.0647 0.00349498
10.0986 0.0035205
10.1324 0.00354251
10.1663 0.003561
10.2002 0.00357597
10.2341 0.00358748
10.268 0.00359549
10.3019 0.00360001
10.3358 0.00360106
10.3697 0.00359865
10.4036 0.00359282
10.4374 0.00358359
10.4713 0.00357099
10.5052 0.00355507
10.5391 0.00353585
10.573 0.00351341
10.6069 0.00348777
10.6408 0.00345897
10.6747 0.00342706
10.7085 0.00339209
10.7424 0.0033541
10.7763 0.00331316
10.8102 0.00326932
10.8441 0.00322265
10.878 0.0031732
10.9119 0.00312106
10.9458 0.00306627
10.9796 0.00300892
11.0135 0.00294907
11.0474 0.00288682
11.0813 0.00282222
11.1152 0.00275538
11.1491 0.00268634
11.183 0.00261522
11.2169 0.00254208
11.2507 0.00246701
11.2846 0.00239009
11.3185 0.00231141
11.3524 0.00223103
11.3863 0.00214908
11.4202 0.0020656
11.4541 0.00198073
11.488 0.00189452
11.5218 0.0018071
11.5557 0.00171855
11.5896 0.001629
11.6235 0.00153855
11.6574 0.0014473
11.6913 0.00135529
11.7252 0.00126266
11.7591 0.00116944
11.793 0.00107574
11.8268 0.000981637
11.8607 0.000887229
11.8946 0.000792576
11.9285 0.000697803
11.9624 0.000602971
11.9963 0.000508207
12.0302 0.000413578
12.0641 0.000319219
12.0979 0.000225241
12.1318 0.000131705
12.1657 3.86925e-05
12.1996 5.37557e-05
12.2335 0.000145433
12.2674 0.000236324
12.3013 0.00032635
12.3352 0.000415422
12.369 0.000503443
12.4029 0.000590358
12.4368 0.00067608
12.4707 0.00076055
12.5046 0.000843724
12.5385 0.000925541
12.5724 0.00100589
12.6063 0.00108473
12.6401 0.00116196
12.674 0.00123755
12.7079 0.00131142
12.7418 0.00138351
12.7757 0.00145375
12.8096 0.00152209
12.8435 0.00158847
12.8774 0.00165284
12.9112 0.00171516
12.9451 0.00177538
12.979 0.00183346
13.0129 0.00188938
13.0468 0.0019431
13.0807 0.00199459
13.1146 0.00204383
13.1485 0.00209078
13.1823 0.00213543
13.2162 0.00217775
13.2501 0.00221771
13.284 0.00225529
13.3179 0.00229047
13.3518 0.00232322
13.3857 0.00235354
13.4196 0.0023814
13.4535 0.0024068
13.4873 0.00242971
13.5212 0.00245014
13.5551 0.00246808
13.589 0.00248353
13.6229 0.00249651
13.6568 0.00250702
13.6907 0.00251504
13.7246 0.00252058
13.7584 0.00252365
13.7923 0.00252428
13.8262 0.00252247
13.8601 0.00251824
13.894 0.00251162
13.9279 0.00250263
13.9618 0.00249129
13.9957 0.00247763
14.0295 0.00246168
14.0634 0.00244346
14.0973 0.00242307
14.1312 0.00240048
14.1651 0.00237575
14.199 0.00234889
14.2329 0.00231997
14.2668 0.00228901
14.3006 0.00225607
14.3345 0.00222118
14.3684 0.00218439
14.4023 0.00214575
14.4362 0.00210531
14.4701 0.00206312
14.504 0.00201924
14.5379 0.0019737
14.5717 0.00192658
14.6056 0.00187793
14.6395 0.0018278
14.6734 0.00177626
14.7073 0.00172336
14.7412 0.00166917
14.7751 0.00161374
14.809 0.00155713
14.8429 0.00149942
14.8767 0.00144065
14.9106 0.0013809
14.9445 0.00132022
14.9784 0.00125868
15.0123 0.00119633
15.0462 0.00113327
15.0801 0.00106953
15.114 0.0010052
15.1478 0.00094034
15.1817 0.000875034
15.2156 0.000809334
15.2495 0.000743325
15.2834 0.000677057
15.3173 0.000610608
15.3512 0.000544025
15.3851 0.000477382
15.4189 0.000410721
15.4528 0.000344116
15.4867 0.000277611
15.5206 0.000211281
15.5545 0.000145174
15.5884 7.93659e-05
15.6223 1.39096e-05
15.6562 5.158e-05
15.69 0.000116048
15.7239 0.000179959
15.7578 0.000243258
15.7917 0.000305887
15.8256 0.000367758
15.8595 0.00042883
15.8934 0.000489046
15.9273 0.000548408
15.9611 0.000606839
15.995 0.0006643
16.0289 0.000720739
16.0628 0.000776116
16.0967 0.000830375
16.1306 0.000883474
16.1645 0.000935357
16.1984 0.00098598
16.2323 0.00103529
16.2661 0.00108326
16.3 0.00112984
16.3339 0.00117499
16.3678 0.00121869
16.4017 0.00126091
16.4356 0.00130163
16.4695 0.00134081
16.5034 0.00137845
16.5372 0.00141451
16.5711 0.00144898
16.605 0.00148185
16.6389 0.00151308
16.6728 0.00154267
16.7067 0.00157059
16.7406 0.00159683
16.7745 0.00162138
16.8083 0.00164423
16.8422 0.00166535
16.8761 0.00168475
16.91 0.0017024
16.9439 0.00171832
16.9778 0.00173252
17.0117 0.00174493
17.0456 0.00175561
17.0794 0.00176455
17.1133 0.00177173
17.1472 0.00177716
17.1811 0.00178085
17.215 0.0017828
17.2489 0.00178303
17.2828 0.00178154
17.3167 0.00177835
17.3505 0.00177347
17.3844 0.00176692
17.4183 0.00175872
17.4522 0.00174889
17.4861 0.00173745
17.52 0.00172442
17.5539 0.00170983
17.5878 0.00169369
17.6216 0.00167603
17.6555 0.00165692
17.6894 0.00163632
17.7233 0.00161433
17.7572 0.00159094
17.7911 0.00156618
17.825 0.00154008
17.8589 0.00151269
17.8928 0.00148403
17.9266 0.00145414
17.9605 0.00142306
17.9944 0.00139082
18.0283 0.00135748
18.0622 0.00132306
18.0961 0.0012876
18.13 0.00125116
18.1639 0.00121377
18.1977 0.00117547
18.2316 0.00113631
18.2655 0.00109633
18.2994 0.00105559
18.3333 0.00101411
18.3672 0.000971944
18.4011 0.000929137
18.435 0.000885736
18.4688 0.000841777
18.5027 0.000797313
18.5366 0.000752378
18.5705 0.000707028
18.6044 0.0006613
18.6383 0.000615249
18.6722 0.000568917
18.7061 0.00052236
18.7399 0.000475619
18.7738 0.000428751
18.8077 0.000381803
18.8416 0.000334869
18.8755 0.000287946
18.9094 0.000241081
18.9433 0.000194308
18.9772 0.000147673
19.011 0.000101205
19.0449 5.4951e-05
19.0788 8.94387e-06
19.1127 3.73534e-05
19.1466 8.27118e-05
19.1805 0.000127664
19.2144 0.000172164
19.2483 0.000216177
19.2822 0.00025966
19.316 0.000302584
19.3499 0.000344912
19.3838 0.000386619
19.4177 0.000427774
19.4516 0.000468245
19.4855 0.00050798
19.5194 0.000546945
19.5533 0.000585102
19.5871 0.000622419
19.621 0.000658861
19.6549 0.0006944
19.6888 0.000729004
19.7227 0.000762648
19.7566 0.000795307
19.7905 0.000826966
19.8244 0.000857603
19.8582 0.000887192
19.8921 0.000915719
19.926 0.00094319
19.9599 0.000969577
19.9938 0.000994853
20.0277 0.001019
20.0616 0.00104202
20.0955 0.00106388
20.1293 0.00108458
20.1632 0.0011041
20.1971 0.00112244
20.231 0.00113959
20.2649 0.00115556
20.2988 0.00117029
20.3327 0.00118382
20.3666 0.00119614
20.4004 0.00120723
20.4343 0.00121708
20.4682 0.00122569
20.5021 0.00123306
20.536 0.0012392
20.5699 0.0012441
20.6038 0.00124776
20.6377 0.0012502
20.6716 0.00125141
20.7054 0.00125141
20.7393 0.0012502
20.7732 0.00124779
20.8071 0.00124419
20.841 0.00123942
20.8749 0.00123348
20.9088 0.00122639
20.9427 0.00121817
20.9765 0.00120883
21.0104 0.0011984
21.0443 0.00118687
21.0782 0.00117428
21.1121 0.00116065
21.146 0.00114599
21.1799 0.00113033
21.2138 0.00111368
21.2476 0.00109611
21.2815 0.00107758
21.3154 0.00105816
21.3493 0.00103783
21.3832 0.00101666
21.4171 0.000994672
21.451 0.000971869
21.4849 0.000948288
21.5187 0.000923955
21.5526 0.0008989
21.5865 0.000873151
21.6204 0.00084674
21.6543 0.000819694
21.6882 0.000792047
21.7221 0.000763827
21.756 0.000735068
21.7898 0.000705798
21.8237 0.000676053
21.8576 0.00064586
21.8915 0.000615256
21.9254 0.000584268
21.9593 0.000552933
21.9932 0.000521279
22.0271 0.000489341
22.061 0.000457148
22.0948 0.000424735
22.1287 0.000392132
22.1626 0.000359373
22.1965 0.000326489
22.2304 0.000293516
22.2643 0.000260482
22.2982 0.000227426
22.3321 0.000194375
22.3659 0.000161366
22.3998 0.000128427
22.4337 9.55931e-05
22.4676 6.28922e-05
22.5015 3.03577e-05
22.5354 2.70923e-06
22.5693 3.45471e-05
22.6032 6.63752e-05
22.637 9.79217e-05
22.6709 0.000129156
22.7048 0.000160054
22.7387 0.000190586
22.7726 0.000220726
22.8065 0.000250449
22.8404 0.00027973
22.8743 0.000308545
22.9081 0.00033689
22.942 0.000364728
22.9759 0.000392026
23.0098 0.000418757
23.0437 0.000444898
23.0776 0.000470425
23.1115 0.000495317
23.1454 0.000519553
23.1792 0.000543115
23.2131 0.000565986
23.247 0.000588154
23.2809 0.000609617
23.3148 0.000630345
23.3487 0.000650322
23.3826 0.000669539
23.4165 0.000687983
23.4503 0.000705643
23.4842 0.000722549
23.5181 0.000738611
23.552 0.000753893
23.5859 0.000768318
23.6198 0.000781942
23.6537 0.000794733
23.6876 0.000806674
23.7215 0.000817761
23.7553 0.000827989
23.7892 0.000837354
23.8231 0.000845851
23.857 0.000853479
23.8909 0.000860236
23.9248 0.000866121
23.9587 0.000871133
23.9926 0.000875273
24.0264 0.000878544
24.0603 0.000880947
24.0942 0.000882486
24.1281 0.000883166
24.162 0.000882992
24.1959 0.00088197
24.2298 0.000880107
24.2637 0.000877411
24.2975 0.000873889
24.3314 0.000869551
24.3653 0.000864407
24.3992 0.000858468
24.4331 0.000851744
24.467 0.000844248
24.5009 0.000835992
24.5348 0.000826988
24.5686 0.00081725
24.6025 0.000806792
24.6364 0.000795629
24.6703 0.000783777
24.7042 0.00077125
24.7381 0.000758067
24.772 0.000744243
24.8059 0.000729798
24.8397 0.000714747
24.8736 0.000699113
24.9075 0.000682911
24.9414 0.000666203
24.9753 0.000648935
