0 0 0
2.50564e-05 3.0855e-09 3
7.28915e-05 7.14703e-08 3
0.000141434 1.83347e-07 4
0.000228802 2.98197e-07 5
0.000333284 5.34264e-07 2
0.000453325 9.05114e-07 1
0.000587508 1.427e-06 1
0.00073455 2.11536e-06 1
0.000893281 2.9926e-06 1
0.00106264 4.09423e-06 1
0.00124166 5.46801e-06 1
0.00142945 7.15669e-06 2
0.00162524 9.19964e-06 2
0.00182828 1.16e-05 2
0.00203792 1.43877e-05 2
0.00225356 1.7539e-05 2
0.00247465 2.10754e-05 2
0.0027007 2.50138e-05 2
0.00293125 2.93683e-05 2
0.0031659 3.41447e-05 2
0.00340428 3.93415e-05 2
0.00364604 4.49643e-05 2
0.00389088 5.09844e-05 2
0.00413852 5.74134e-05 2
0.0043887 6.42445e-05 2
0.0046412 7.14725e-05 2
0.00489579 7.90923e-05 2
0.0051523 8.70974e-05 2
0.00541055 9.5478e-05 2
0.00567037 0.000104221 2
0.00593163 0.000113309 2
0.0061942 0.000122727 2
0.00645795 0.000132436 2
0.00672279 0.000142437 2
0.0069886 0.000152714 2
0.0072553 0.000163248 2
0.00752282 0.000174022 2
0.00779107 0.000185015 2
0.00805999 0.000196209 2
0.00832953 0.000207584 2
0.00859961 0.000219183 2
0.0088702 0.000230828 2
0.00914124 0.00024263 2
0.0094127 0.000254534 2
0.00968454 0.000266585 2
0.00995673 0.000278614 3
0.0102292 0.000290623 3
0.010502 0.000302761 3
0.010775 0.000314835 3
0.0110483 0.000326916 3
0.0113218 0.000338835 3
0.0115955 0.000350753 3
0.0118693 0.000362577 3
0.0121434 0.000374387 3
0.0124175 0.000385894 3
0.0126918 0.000397347 3
0.0129662 0.000408487 3
0.0132408 0.0004195 3
0.0135154 0.00043028 3
0.0137901 0.000440813 3
0.0140649 0.000451074 3
0.0143398 0.000461047 3
0.0146147 0.000470717 3
0.0148897 0.000480261 3
0.0151648 0.000489086 3
0.0154399 0.000497745 3
0.015715 0.000506043 3
0.0159902 0.000513967 3
0.0162655 0.000521498 3
0.0165407 0.000528623 3
0.016816 0.000535496 3
0.0170914 0.000541651 3
0.0173667 0.000547466 3
0.0176421 0.000552824 3
0.0179175 0.00055771 3
0.0181929 0.000562113 3
0.0184684 0.000566022 3
0.0187438 0.000569431 3
0.0190193 0.000572395 3
0.0192948 0.000574682 3
0.0195703 0.000576551 3
0.0198458 0.000577899 3
0.0201213 0.00058064 3
0.0203969 0.000579016 3
0.0206724 0.000578766 3
0.0209479 0.000577997 3
0.0212235 0.000576706 3
0.0214991 0.000574899 3
0.0217746 0.000572577 3
0.0220502 0.000569746 3
0.0223258 0.000566411 3
0.0226013 0.000562579 3
0.0228769 0.000558256 3
0.0231525 0.000553451 3
0.0234281 0.000548171 3
0.0237037 0.000542427 3
0.0239793 0.000536227 3
0.0242549 0.000529585 3
0.0245305 0.000522511 3
0.0248061 0.000515024 3
0.0250817 0.000507134 3
0.0253573 0.000500487 3
0.0256329 0.000490216 3
0.0259085 0.000481205 3
0.0261841 0.000471852 3
0.0264597 0.000462166 3
0.0267353 0.000452171 3
0.0270109 0.000441904 3
0.0272866 0.000431364 3
0.0275622 0.000420564 3
0.0278378 0.000409525 3
0.0281134 0.000398356 3
0.028389 0.000386818 3
0.0286646 0.000375183 3
0.0289402 0.000363395 3
0.0292159 0.000351476 3
0.0294915 0.000339447 3
0.0297671 0.000327332 3
0.0300427 0.000315152 3
0.0303183 0.000302929 3
0.0305939 0.000290684 3
0.0308696 0.000278441 3
0.0311452 0.000266298 3
0.0314208 0.000254063 3
0.0316964 0.000241948 3
0.031972 0.000229922 3
0.0322477 0.000218012 3
0.0325233 0.00020624 3
0.0327989 0.000194588 2
0.0330745 0.000183101 2
0.0333501 0.000171841 2
0.0336258 0.000160789 2
0.0339014 0.000149965 2
0.034177 0.000139373 2
0.0344526 0.000129041 2
0.0347282 0.000119024 2
0.0350039 0.000109272 2
0.0352795 9.9833e-05 2
0.0355551 9.07303e-05 2
0.0358307 8.20053e-05 2
0.0361063 7.36509e-05 2
0.036382 6.56861e-05 2
0.0366576 5.81264e-05 2
0.0369332 5.09861e-05 2
0.0372088 4.4279e-05 2
0.0374844 3.80177e-05 2
0.0377601 3.2214e-05 2
0.0380357 2.68786e-05 2
0.0383113 2.2021e-05 2
0.0385869 1.76496e-05 2
0.0388625 1.3772e-05 2
0.0391382 1.03947e-05 2
0.0394138 7.52319e-06 2
0.0396894 5.16225e-06 2
0.039965 3.31567e-06 2
0.0402407 1.98643e-06 2
0.0405163 1.17665e-06 2
0.0407919 8.87551e-07 2
0.0410675 1.11946e-06 2
0.0413431 1.87112e-06 2
0.0416188 3.14063e-06 2
0.0418944 4.92528e-06 2
0.04217 7.22181e-06 2
0.0424456 1.00215e-05 2
0.0427212 1.33244e-05 2
0.0429969 1.71272e-05 2
0.0432725 2.142e-05 2
0.0435481 2.61951e-05 2
0.0438237 3.14443e-05 2
0.0440993 3.71659e-05 2
0.044375 4.33179e-05 2
0.0446506 4.99305e-05 2
0.0449262 5.69733e-05 2
0.0452018 6.44327e-05 2
0.0454774 7.2295e-05 2
0.0457531 8.05292e-05 2
0.0460287 8.91344e-05 2
0.0463043 9.81137e-05 2
0.0465799 0.000107433 2
0.0468556 0.000117041 2
0.0471312 0.000126942 2
0.0474068 0.000137147 2
0.0476824 0.000147612 2
0.047958 0.000158299 2
0.0482337 0.000169254 2
0.0485093 0.000180419 3
0.0487849 0.00019184 3
0.0490605 0.000203283 3
0.0493361 0.000215014 3
0.0496118 0.000226791 3
0.0498874 0.000238732 3
0.050163 0.000250701 3
0.0504386 0.000262799 3
0.0507142 0.00027496 3
0.0509899 0.000287065 3
0.0512655 0.000299246 3
0.0515411 0.000311434 3
0.0518167 0.000323553 3
0.0520924 0.000335612 3
0.052368 0.000347589 3
0.0526436 0.000359463 3
0.0529192 0.000371211 3
0.0531948 0.000382813 3
0.0534705 0.000394245 3
0.0537461 0.000405579 3
0.0540217 0.000416518 3
0.0542973 0.000427317 3
0.0545729 0.000437857 3
0.0548486 0.000448124 3
0.0551242 0.000458097 3
0.0553998 0.000467843 3
0.0556754 0.000477186 3
0.055951 0.000487661 3
0.0562267 0.000494712 3
0.0565023 0.00050296 3
0.0567779 0.000510815 3
0.0570535 0.000518351 3
0.0573291 0.000525275 4
0.0576048 0.000531879 3
0.0578804 0.000538041 3
0.058156 0.000543752 3
0.0584316 0.000548999 3
0.0587073 0.00055386 3
0.0589829 0.000558175 3
0.0592585 0.000561883 3
0.0595341 0.000565197 3
0.0598097 0.000568012 3
0.0600854 0.000570322 3
0.060361 0.000572125 3
0.0606366 0.000573416 3
0.0609122 0.000574193 3
0.0611878 0.000576416 3
0.0614635 0.000574176 3
0.0617391 0.000573373 3
0.0620147 0.000572057 3
0.0622903 0.000570225 3
0.0625659 0.000567885 3
0.0628416 0.00056504 3
0.0631172 0.000561698 3
0.0633928 0.000559689 3
0.0636684 0.000553571 3
0.063944 0.000548776 3
0.0642197 0.000543517 3
0.0644953 0.000537801 3
0.0647709 0.00053164 3
0.0650465 0.000525044 3
0.0653222 0.000518027 3
0.0655978 0.000510599 3
0.0658734 0.000502775 3
0.066149 0.000494569 3
0.0664246 0.000485995 3
0.0667003 0.000477068 3
0.0669759 0.000467833 3
0.0672515 0.000458268 3
0.0675271 0.0004484 3
0.0678027 0.000438244 3
0.0680784 0.000427816 3
0.068354 0.000417138 3
0.0686296 0.00040623 3
0.0689052 0.00039511 3
0.0691808 0.0003838 3
0.0694565 0.000372318 3
0.0697321 0.000360685 3
0.0700077 0.000348919 3
0.0702833 0.000337041 3
0.070559 0.00032507 3
0.0708346 0.000313027 3
0.0711102 0.000300934 3
0.0713858 0.000288812 3
0.0716614 0.000276683 3
0.0719371 0.000264569 3
0.0722127 0.000252493 3
0.0724883 0.000240476 3
0.0727639 0.00022854 3
0.0730395 0.000216719 3
0.0733152 0.000205022 3
0.0735908 0.000193479 2
0.0738664 0.0001821 2
0.074142 0.000170905 2
0.0744176 0.000159915 2
0.0746933 0.00014915 2
0.0749689 0.00013863 2
0.0752445 0.000128358 2
0.0755201 0.000118353 2
0.0757957 0.000108653 2
0.0760714 9.92745e-05 2
0.076347 9.02366e-05 2
0.0766226 8.15558e-05 2
0.0768982 7.32483e-05 2
0.0771739 6.53298e-05 2
0.0774495 5.78104e-05 2
0.0777251 5.07037e-05 2
0.0780007 4.40392e-05 2
0.0782763 3.78187e-05 2
0.078552 3.20536e-05 2
0.0788276 2.67548e-05 2
0.0791032 2.19317e-05 2
0.0793788 1.75929e-05 2
0.0796544 1.37456e-05 2
0.0799301 1.03963e-05 2
0.0802057 7.55086e-06 2
0.0804813 5.21394e-06 2
0.0807569 3.38956e-06 2
0.0810325 2.0809e-06 2
0.0813082 1.29019e-06 2
0.0815838 1.01854e-06 2
0.0818594 1.26559e-06 2
0.082135 2.03012e-06 2
0.0824106 3.30914e-06 2
0.0826863 5.09907e-06 2
0.0829619 7.39569e-06 2
0.0832375 1.01938e-05 2
0.0835131 1.34876e-05 2
0.0837888 1.72702e-05 2
0.0840644 2.15345e-05 2
0.08434 2.62722e-05 2
0.0846156 3.14747e-05 2
0.0848912 3.71325e-05 2
0.0851669 4.32353e-05 2
0.0854425 4.97724e-05 2
0.0857181 5.67333e-05 2
0.0859937 6.41045e-05 2
0.0862693 7.18729e-05 2
0.086545 8.00243e-05 2
0.0868206 8.85313e-05 2
0.0870962 9.73872e-05 2
0.0873718 0.000106603 2
0.0876474 0.000116084 2
0.0879231 0.000125895 2
0.0881987 0.00013599 2
0.0884743 0.000146351 2
0.0887499 0.000156961 2
0.0890256 0.000167799 2
0.0893012 0.000178849 2
0.0895768 0.00019009 2
0.0898524 0.000201534 3
0.090128 0.000213053 2
0.0904037 0.000224751 3
0.0906793 0.000236561 3
0.0909549 0.00024847 3
0.0912305 0.000260449 3
0.0915061 0.000272478 3
0.0917818 0.000284536 3
0.0920574 0.000296602 3
0.092333 0.000308685 3
0.0926086 0.000320636 3
0.0928842 0.000332593 3
0.0931599 0.000344471 3
0.0934355 0.000356247 3
0.0937111 0.000367942 3
0.0939867 0.00037938 3
0.0942623 0.000390728 3
0.094538 0.000401888 3
0.0948136 0.000412843 3
0.0950892 0.00042362 3
0.0953648 0.000434024 3
0.0956405 0.000444242 3
0.0959161 0.000454281 3
0.0961917 0.000463819 3
0.0964673 0.00047312 3
0.0967429 0.000483659 3
0.0970186 0.000490705 3
0.0972942 0.000498941 3
0.0975698 0.000506792 3
0.0978454 0.000514302 3
0.098121 0.000521246 3
0.0983967 0.000527851 3
0.0986723 0.000534016 3
0.0989479 0.000539727 3
0.0992235 0.000545113 3
0.0994991 0.000549777 3
0.0997748 0.000554069 3
0.10005 0.000557873 3
0.100326 0.000561251 3
0.100602 0.000565792 3
0.100877 0.000566277 3
0.101153 0.000568076 3
0.101428 0.000569364 3
0.101704 0.000570135 3
0.10198 0.000570391 3
0.102255 0.000570136 3
0.102531 0.000569373 3
0.102807 0.000568098 3
0.103082 0.000566316 3
0.103358 0.000564029 3
0.103633 0.000561241 3
0.103909 0.000558038 3
0.104185 0.000554168 3
0.10446 0.000550053 3
0.104736 0.000545219 3
0.105012 0.000540032 3
0.105287 0.000534393 3
0.105563 0.000528308 3
0.105838 0.000521792 3
0.106114 0.000514853 3
0.10639 0.000507507 3
0.106665 0.000499767 3
0.106941 0.000491642 3
0.107217 0.000483148 3
0.107492 0.000474301 3
0.107768 0.000465115 3
0.108043 0.000455598 3
0.108319 0.000445794 3
0.108595 0.000435699 3
0.10887 0.00042533 3
0.109146 0.000414703 3
0.109421 0.000403837 3
0.109697 0.000392755 3
0.109973 0.000381478 3
0.110248 0.000370027 3
0.110524 0.000358425 3
0.1108 0.000346692 3
0.111075 0.000334849 3
0.111351 0.000322918 3
0.111626 0.000310919 3
0.111902 0.000298875 3
0.112178 0.000286805 3
0.112453 0.000274732 3
0.112729 0.000262677 3
0.113005 0.000250662 3
0.11328 0.000238708 3
0.113556 0.000226839 3
0.113831 0.000215082 3
0.114107 0.000203453 3
0.114383 0.00019197 3
0.114658 0.000180656 3
0.114934 0.00016953 3
0.11521 0.000158614 3
0.115485 0.000147926 2
0.115761 0.000137487 2
0.116036 0.000127321 2
0.116312 0.000117442 2
0.116588 0.000107868 2
0.116863 9.8574e-05 2
0.117139 8.9623e-05 2
0.117415 8.10306e-05 2
0.11769 7.28115e-05 2
0.117966 6.49785e-05 2
0.118241 5.75462e-05 2
0.118517 5.05271e-05 2
0.118793 4.39336e-05 2
0.119068 3.77768e-05 2
0.119344 3.20681e-05 2
0.119619 2.68176e-05 2
0.119895 2.20347e-05 2
0.120171 1.77278e-05 2
0.120446 1.39043e-05 2
0.120722 1.05666e-05 2
0.120998 7.72727e-06 2
0.121273 5.39047e-06 2
0.121549 3.55782e-06 2
0.121824 2.23246e-06 2
0.1221 1.41668e-06 1
0.122376 1.1118e-06 2
0.122651 1.31783e-06 2
0.122927 2.03353e-06 2
0.123203 3.25684e-06 2
0.123478 4.98457e-06 2
0.123754 7.21307e-06 2
0.124029 9.93797e-06 2
0.124305 1.31541e-05 2
0.124581 1.68557e-05 2
0.124856 2.10364e-05 2
0.125132 2.56892e-05 2
0.125408 3.08065e-05 2
0.125683 3.63798e-05 2
0.125959 4.23999e-05 2
0.126234 4.88573e-05 2
0.12651 5.57401e-05 2
0.126786 6.30352e-05 2
0.127061 7.07307e-05 2
0.127337 7.88123e-05 2
0.127612 8.72659e-05 2
0.127888 9.60756e-05 2
0.128164 0.000105226 2
0.128439 0.000114683 2
0.128715 0.000124445 2
0.128991 0.000134495 2
0.129266 0.000144815 2
0.129542 0.000155385 2
0.129817 0.000166188 2
0.130093 0.000177194 2
0.130369 0.000188395 3
0.130644 0.000199771 3
0.13092 0.000211302 3
0.131196 0.000222966 3
0.131471 0.000234796 3
0.131747 0.00024662 3
0.132022 0.000258568 3
0.132298 0.000270564 3
0.132574 0.000282585 3
0.132849 0.000294608 3
0.133125 0.000306612 3
0.133401 0.000318572 3
0.133676 0.000330468 3
0.133952 0.000342323 3
0.134227 0.000353949 3
0.134503 0.000365521 3
0.134779 0.000376944 3
0.135054 0.000388195 3
0.13533 0.000399258 3
0.135605 0.000411473 3
0.135881 0.00042082 3
0.136157 0.000431098 3
0.136432 0.000441199 3
0.136708 0.00045101 3
0.136984 0.000460516 3
0.137259 0.000469764 3
0.137535 0.000478501 3
0.13781 0.000486985 3
0.138086 0.000495099 3
0.138362 0.000502827 3
0.138637 0.000511772 3
0.138913 0.000517114 3
0.139189 0.000523498 3
0.139464 0.000531284 3
0.13974 0.000535191 3
0.140015 0.000540345 3
0.140291 0.000545161 3
0.140567 0.000549278 3
0.140842 0.000553105 3
0.141118 0.000556255 3
0.141394 0.00055903 3
0.141669 0.000561315 3
0.141945 0.000563109 3
0.14222 0.000564399 3
0.142496 0.000565185 3
0.142772 0.000565469 3
0.143047 0.000565245 3
0.143323 0.000566335 3
0.143598 0.000563268 3
0.143874 0.000561518 3
0.14415 0.000559273 3
0.144425 0.000556534 3
0.144701 0.000553307 3
0.144977 0.000549596 3
0.145252 0.000545413 3
0.145528 0.000540762 3
0.145803 0.000535654 3
0.146079 0.000530096 3
0.146355 0.0005241 3
0.14663 0.000517672 3
0.146906 0.000510827 3
0.147182 0.000503577 3
0.147457 0.000495932 3
0.147733 0.000487903 3
0.148008 0.000479503 3
0.148284 0.000470748 3
0.14856 0.000461654 3
0.148835 0.000452266 3
0.149111 0.000442573 3
0.149387 0.000432586 3
0.149662 0.000422324 3
0.149938 0.000411803 3
0.150213 0.000401047 3
0.150489 0.000390076 3
0.150765 0.000378912 3
0.15104 0.000367576 3
0.151316 0.000356088 3
0.151591 0.000344469 3
0.151867 0.00033274 3
0.152143 0.000320919 3
0.152418 0.000309027 3
0.152694 0.000297086 3
0.15297 0.000285115 3
0.153245 0.000273137 3
0.153521 0.000261174 3
0.153796 0.000249247 3
0.154072 0.000237379 3
0.154348 0.000225592 3
0.154623 0.000213908 3
0.154899 0.000202359 3
0.155175 0.000190956 3
0.15545 0.000179717 3
0.155726 0.000168666 3
0.156001 0.000157821 2
0.156277 0.000147183 2
0.156553 0.000136803 2
0.156828 0.000126689 2
0.157104 0.000116859 2
0.15738 0.000107313 2
0.157655 9.80903e-05 2
0.157931 8.92066e-05 2
0.158206 8.06778e-05 2
0.158482 7.25183e-05 2
0.158758 6.47364e-05 2
0.159033 5.73473e-05 2
0.159309 5.03784e-05 2
0.159585 4.38306e-05 2
0.15986 3.77169e-05 2
0.160136 3.20489e-05 2
0.160411 2.68371e-05 2
0.160687 2.20908e-05 2
0.160963 1.78185e-05 2
0.161238 1.40274e-05 2
0.161514 1.07236e-05 2
0.161789 7.91213e-06 2
0.162065 5.59745e-06 2
0.162341 3.78293e-06 2
0.162616 2.47124e-06 2
0.162892 1.66412e-06 2
0.163168 1.36228e-06 2
0.163443 1.56523e-06 2
0.163719 2.27208e-06 1
0.163994 3.48047e-06 2
0.16427 5.18739e-06 2
0.164546 7.3891e-06 2
0.164821 1.00816e-05 2
0.165097 1.32602e-05 2
0.165373 1.69198e-05 2
0.165648 2.10546e-05 2
0.165924 2.5658e-05 2
0.166199 3.07225e-05 2
0.166475 3.62398e-05 2
0.166751 4.22006e-05 2
0.167026 4.85957e-05 2
0.167302 5.54126e-05 2
0.167578 6.26397e-05 2
0.167853 7.02628e-05 2
0.168129 7.8269e-05 2
0.168404 8.66277e-05 2
0.16868 9.53324e-05 2
0.168956 0.000104372 2
0.169231 0.00011373 2
0.169507 0.00012339 2
0.169782 0.000133336 2
0.170058 0.000143548 2
0.170334 0.000154036 2
0.170609 0.000164694 2
0.170885 0.000175598 2
0.171161 0.000186695 2
0.171436 0.000197966 3
0.171712 0.00020939 3
0.171987 0.000220945 3
0.172263 0.000232611 3
0.172539 0.000244375 3
0.172814 0.000256208 3
0.17309 0.000268091 3
0.173366 0.000280001 3
0.173641 0.000291917 3
0.173917 0.000303847 3
0.174192 0.000315652 3
0.174468 0.000327455 3
0.174744 0.000339177 3
0.175019 0.000350797 3
0.175295 0.000362295 3
0.175571 0.000373689 3
0.175846 0.000384809 3
0.176122 0.000395813 3
0.176397 0.000406613 3
0.176673 0.000417185 3
0.176949 0.000427564 3
0.177224 0.000437544 3
0.1775 0.000447322 3
0.177775 0.000456793 3
0.178051 0.000465943 3
0.178327 0.000474755 3
0.178602 0.000483214 3
0.178878 0.000491303 3
0.179154 0.000499011 3
0.179429 0.000506381 3
0.179705 0.000513188 4
0.17998 0.000519666 3
0.180256 0.00052584 3
0.180532 0.000531335 3
0.180807 0.000536483 3
0.181083 0.000542946 3
0.181359 0.000545407 3
0.181634 0.000549152 3
0.18191 0.000552417 3
0.182185 0.000555275 3
0.182461 0.000559278 3
0.182737 0.000559275 3
0.183012 0.00056058 3
0.183288 0.000561381 3
0.183564 0.000561679 3
0.183839 0.000561468 3
0.184115 0.000560753 3
0.18439 0.00055953 3
0.184666 0.000557938 3
0.184942 0.00055561 3
0.185217 0.000552898 3
0.185493 0.000549698 3
0.185768 0.000546017 3
0.186044 0.000541945 3
0.18632 0.00053722 3
0.186595 0.00053214 3
0.186871 0.000526612 3
0.187147 0.000520643 3
0.187422 0.000514245 3
0.187698 0.000507427 3
0.187973 0.000500206 3
0.188249 0.000492588 3
0.188525 0.000484588 3
0.1888 0.000476218 3
0.189076 0.000467496 3
0.189352 0.000458436 3
0.189627 0.000449062 3
0.189903 0.000439383 3
0.190178 0.000429415 3
0.190454 0.000419173 3
0.19073 0.000408679 3
0.191005 0.000397952 3
0.191281 0.000387017 3
0.191557 0.000375892 3
0.191832 0.000364599 3
0.192108 0.000353158 3
0.192383 0.000341592 3
0.192659 0.000329919 3
0.192935 0.000318162 3
0.19321 0.000306341 3
0.193486 0.000294477 3
0.193761 0.000282589 3
0.194037 0.000270701 3
0.194313 0.000258832 3
0.194588 0.000247005 3
0.194864 0.000235243 3
0.19514 0.000223566 3
0.195415 0.000211996 3
0.195691 0.000200561 3
0.195966 0.000189275 3
0.196242 0.000178159 3
0.196518 0.00016723 3
0.196793 0.000156517 2
0.197069 0.000146029 2
0.197345 0.000135787 2
0.19762 0.000125807 2
0.197896 0.000116108 2
0.198171 0.000106707 2
0.198447 9.76019e-05 2
0.198723 8.88277e-05 2
0.198998 8.0383e-05 2
0.199274 7.23005e-05 2
0.19955 6.45937e-05 2
0.199825 5.727e-05 2
0.200101 5.03417e-05 2
0.200376 4.38398e-05 2
0.200652 3.77633e-05 2
0.200928 3.21232e-05 2
0.201203 2.69301e-05 2
0.201479 2.21939e-05 2
0.201755 1.79231e-05 2
0.20203 1.41253e-05 2
0.202306 1.08073e-05 2
0.202581 7.97042e-06 2
0.202857 5.62715e-06 2
0.203133 3.77981e-06 2
0.203408 2.42991e-06 2
0.203684 1.58013e-06 2
0.203959 1.23237e-06 2
0.204235 1.38741e-06 2
0.204511 2.04491e-06 2
0.204786 3.20366e-06 2
0.205062 4.8613e-06 2
0.205338 7.0152e-06 2
0.205613 9.66189e-06 2
0.205889 1.27971e-05 2
0.206164 1.64156e-05 2
0.20644 2.05114e-05 2
0.206716 2.50778e-05 2
0.206991 3.01069e-05 2
0.207267 3.55899e-05 2
0.207543 4.15181e-05 2
0.207818 4.78798e-05 2
0.208094 5.46631e-05 2
0.208369 6.18561e-05 2
0.208645 6.94454e-05 2
0.208921 7.74169e-05 2
0.209196 8.57563e-05 2
0.209472 9.44478e-05 2
0.209748 0.000103476 2
0.210023 0.000112811 2
0.210299 0.000122448 2
0.210574 0.000132364 2
0.21085 0.000142546 2
0.211126 0.000152975 2
0.211401 0.000163633 2
0.211677 0.000174499 2
0.211952 0.000185555 2
0.212228 0.000196778 2
0.212504 0.000208149 2
0.212779 0.000219646 3
0.213055 0.000231259 3
0.213331 0.000243005 3
0.213606 0.00025471 3
0.213882 0.000266516 3
0.214157 0.000278344 3
0.214433 0.000290169 3
0.214709 0.000301972 3
0.214984 0.000313729 3
0.21526 0.00032542 3
0.215536 0.000337075 3
0.215811 0.000349543 3
0.216087 0.000360945 3
0.216362 0.0003722 3
0.216638 0.000383285 3
0.216914 0.000394187 3
0.217189 0.000404936 3
0.217465 0.000415307 3
0.217741 0.000424229 3
0.218016 0.000434148 3
0.218292 0.000443784 3
0.218567 0.00045319 3
0.218843 0.000462109 3
0.219119 0.000470798 3
0.219394 0.000479141 3
0.21967 0.000487124 3
0.219945 0.000494734 3
0.220221 0.000501957 3
0.220497 0.000508779 3
0.220772 0.000516954 3
0.221048 0.000521173 3
0.221324 0.000526734 3
0.221599 0.000531932 3
0.221875 0.000536501 3
0.22215 0.000540714 3
0.222426 0.000544463 3
0.222702 0.00054774 3
0.222977 0.000550541 3
0.223253 0.000552996 3
0.223529 0.00055472 3
0.223804 0.000556044 3
0.22408 0.000556877 3
0.224355 0.000557213 3
0.224631 0.000557046 3
0.224907 0.000556359 3
0.225182 0.000555252 3
0.225458 0.000553474 3
0.225734 0.000551302 3
0.226009 0.00054864 3
0.226285 0.000545494 3
0.22656 0.000541868 3
0.226836 0.000537773 3
0.227112 0.000533213 3
0.227387 0.000528198 3
0.227663 0.000522734 3
0.227938 0.000516833 3
0.228214 0.000510502 3
0.22849 0.000503754 4
0.228765 0.0004966 3
0.229041 0.000489053 3
0.229317 0.000481126 3
0.229592 0.00047283 3
0.229868 0.000464183 3
0.230143 0.000455242 3
0.230419 0.000445979 3
0.230695 0.000436405 3
0.23097 0.00042654 3
0.231246 0.000416402 3
0.231522 0.000406012 3
0.231797 0.000395394 3
0.232073 0.000384567 3
0.232348 0.000373553 3
0.232624 0.00036237 3
0.2329 0.000351039 3
0.233175 0.000339579 3
0.233451 0.00032801 3
0.233727 0.000316352 3
0.234002 0.000304626 3
0.234278 0.000292852 3
0.234553 0.000281052 3
0.234829 0.000269247 3
0.235105 0.00025746 3
0.23538 0.000245712 3
0.235656 0.000234026 3
0.235931 0.000222423 3
0.236207 0.000210924 3
0.236483 0.000199562 3
0.236758 0.000188345 3
0.237034 0.000177302 3
0.23731 0.000166443 3
0.237585 0.000155789 2
0.237861 0.000145359 2
0.238136 0.000135171 2
0.238412 0.000125227 2
0.238688 0.000115562 2
0.238963 0.000106175 2
0.239239 9.71021e-05 2
0.239515 8.83595e-05 2
0.23979 7.99623e-05 2
0.240066 7.19248e-05 2
0.240341 6.42607e-05 2
0.240617 5.69835e-05 2
0.240893 5.01059e-05 2
0.241168 4.36388e-05 2
0.241444 3.75957e-05 2
0.24172 3.19874e-05 2
0.241995 2.68245e-05 2
0.242271 2.21164e-05 2
0.242546 1.78649e-05 2
0.242822 1.409e-05 2
0.243098 1.07929e-05 2
0.243373 7.97764e-06 2
0.243649 5.64904e-06 2
0.243924 3.81122e-06 2
0.2442 2.46761e-06 2
0.244476 1.62089e-06 2
0.244751 1.27274e-06 2
0.245027 1.4238e-06 2
0.245303 2.07379e-06 2
0.245578 3.22143e-06 2
0.245854 4.86402e-06 2
0.246129 6.99869e-06 2
0.246405 9.62179e-06 2
0.246681 1.2729e-05 2
0.246956 1.63152e-05 2
0.247232 2.03745e-05 2
0.247508 2.49002e-05 2
0.247783 2.98847e-05 2
0.248059 3.53195e-05 2
0.248334 4.11962e-05 2
0.24861 4.75034e-05 2
0.248886 5.42291e-05 2
0.249161 6.13615e-05 2
0.249437 6.88701e-05 2
0.249713 7.67505e-05 2
0.249988 8.49928e-05 2
0.250264 9.35825e-05 2
0.250539 0.000102504 2
0.250815 0.00011174 2
0.251091 0.000121275 2
0.251366 0.000131092 2
0.251642 0.000141173 2
0.251918 0.000151499 2
0.252193 0.000162053 2
0.252469 0.000172815 3
0.252744 0.000183766 3
0.25302 0.000194887 3
0.253296 0.000206157 3
0.253571 0.000217585 3
0.253847 0.000229045 3
0.254122 0.000240643 3
0.254398 0.000252307 3
0.254674 0.000264018 3
0.254949 0.000275752 3
0.255225 0.00028749 3
0.255501 0.000299209 3
0.255776 0.000310889 3
0.256052 0.000322544 3
0.256327 0.000334018 3
0.256603 0.000345452 3
0.256879 0.000356764 3
0.257154 0.000367931 3
0.25743 0.000378983 3
0.257706 0.00038973 3
0.257981 0.000400351 3
0.258257 0.000410743 3
0.258532 0.000420894 3
0.258808 0.000430782 3
0.259084 0.000440448 3
0.259359 0.000449675 3
0.259635 0.000458673 3
0.259911 0.000467341 3
0.260186 0.000475666 3
0.260462 0.000483631 3
0.260737 0.000492775 3
0.261013 0.000498387 3
0.261289 0.000505196 4
0.261564 0.000511591 3
0.26184 0.000517563 3
0.262115 0.000523172 3
0.262391 0.000528293 3
0.262667 0.000532836 3
0.262942 0.000538761 3
0.263218 0.000540737 3
0.263494 0.000543981 3
0.263769 0.000546747 3
0.264045 0.000549031 3
0.26432 0.000550829 3
0.264596 0.000552134 3
0.264872 0.000553025 3
0.265147 0.000553225 3
0.265423 0.000553034 3
0.265699 0.000552343 3
0.265974 0.000551151 3
0.26625 0.000549467 3
0.266525 0.000547289 3
0.266801 0.000544625 3
0.267077 0.000541477 3
0.267352 0.000537853 3
0.267628 0.000533759 3
0.267904 0.000529205 3
0.268179 0.000524197 3
0.268455 0.000518745 3
0.26873 0.000512856 3
0.269006 0.000506544 3
0.269282 0.000499817 3
0.269557 0.00049269 3
0.269833 0.000485174 3
0.270108 0.000477282 3
0.270384 0.000469026 3
0.27066 0.000460424 3
0.270935 0.000451491 3
0.271211 0.000442255 3
0.271487 0.000432715 3
0.271762 0.000422895 3
0.272038 0.00041281 3
0.272313 0.00040248 3
0.272589 0.000391924 3
0.272865 0.000381166 3
0.27314 0.000370225 3
0.273416 0.000359121 3
0.273692 0.000347875 3
0.273967 0.000336508 3
0.274243 0.000325039 3
0.274518 0.000313488 3
0.274794 0.000301877 3
0.27507 0.000290224 3
0.275345 0.00027855 3
0.275621 0.000266877 3
0.275897 0.000255224 3
0.276172 0.000243613 3
0.276448 0.000232065 3
0.276723 0.000220601 3
0.276999 0.00020924 3
0.277275 0.000198011 3
0.27755 0.000186926 3
0.277826 0.000176003 2
0.278101 0.000165262 2
0.278377 0.000154727 2
0.278653 0.00014441 2
0.278928 0.000134328 2
0.279204 0.000124499 2
0.27948 0.00011494 2
0.279755 0.000105669 2
0.280031 9.67007e-05 2
0.280306 8.80361e-05 2
0.280582 7.96929e-05 2
0.280858 7.17015e-05 2
0.281133 6.40761e-05 2
0.281409 5.70215e-05 2
0.281685 4.99802e-05 2
0.28196 4.35319e-05 2
0.282236 3.75013e-05 2
0.282511 3.19001e-05 2
0.282787 2.67387e-05 2
0.283063 2.20273e-05 2
0.283338 1.77691e-05 2
0.283614 1.39814e-05 2
0.28389 1.06718e-05 2
0.284165 7.84253e-06 2
0.284441 5.49885e-06 2
0.284716 3.64533e-06 2
0.284992 2.28574e-06 2
0.285268 1.42307e-06 2
0.285543 1.05945e-06 2
0.285819 1.19584e-06 2
0.286094 1.83207e-06 2
0.28637 2.96654e-06 2
0.286646 4.59695e-06 2
0.286921 6.72044e-06 2
0.287197 9.33326e-06 2
0.287473 1.24306e-05 2
0.287748 1.60071e-05 2
0.288024 2.00562e-05 2
0.288299 2.45709e-05 2
0.288575 2.95439e-05 2
0.288851 3.49654e-05 2
0.289126 4.08251e-05 2
0.289402 4.71125e-05 2
0.289678 5.38162e-05 2
0.289953 6.09233e-05 2
0.290229 6.84204e-05 2
0.290504 7.62929e-05 2
0.29078 8.45265e-05 2
0.291056 9.31049e-05 2
0.291331 0.000102 2
0.291607 0.000111202 2
0.291883 0.000120697 2
0.292158 0.000130468 2
0.292434 0.000140496 2
0.292709 0.000150762 2
0.292985 0.000161247 2
0.293261 0.000171932 2
0.293536 0.000182798 2
0.293812 0.000193824 2
0.294088 0.00020499 2
0.294363 0.000216277 2
0.294639 0.000228356 2
0.294914 0.000239868 2
0.29519 0.000251488 3
0.295466 0.000263042 3
0.295741 0.000274678 3
0.296017 0.000286312 3
0.296292 0.000297925 3
0.296568 0.000309495 3
0.296844 0.000321001 3
0.297119 0.000332425 3
0.297395 0.000343797 3
0.297671 0.000354919 3
0.297946 0.000364865 3
0.298222 0.000375729 3
0.298497 0.00038642 3
0.298773 0.00039697 3
0.299049 0.000407158 3
0.299324 0.000417195 3
0.2996 0.000426981 3
0.299876 0.000436494 3
0.300151 0.000445713 3
0.300427 0.000454691 3
0.300702 0.000463194 3
0.300978 0.000471456 3
0.301254 0.000479369 3
0.301529 0.000486917 3
0.301805 0.000494089 3
0.302081 0.000500869 3
0.302356 0.000507245 3
0.302632 0.000514889 3
0.302907 0.000518765 3
0.303183 0.000523997 3
0.303459 0.000528549 3
0.303734 0.000532825 3
0.30401 0.00053647 3
0.304285 0.000539744 3
0.304561 0.000542546 3
0.304837 0.000544869 3
0.305112 0.000546709 3
0.305388 0.000548052 3
0.305664 0.000548899 3
0.305939 0.000549251 3
0.306215 0.000549092 3
0.30649 0.000548433 3
0.306766 0.000549057 3
0.307042 0.000545643 3
0.307317 0.000543505 3
0.307593 0.000540878 3
0.307869 0.000537771 3
0.308144 0.000534187 3
0.30842 0.000530137 3
0.308695 0.000525626 3
0.308971 0.000520663 3
0.309247 0.000515256 3
0.309522 0.000509492 3
0.309798 0.000503142 3
0.310074 0.000496469 4
0.310349 0.000489401 3
0.310625 0.000481946 3
0.3109 0.000474118 3
0.311176 0.000465931 3
0.311452 0.0004574 3
0.311727 0.000448543 3
0.312003 0.000439412 3
0.312278 0.000429982 3
0.312554 0.000420268 3
0.31283 0.000410286 3
0.313105 0.000400056 3
0.313381 0.0003896 3
0.313657 0.000378939 3
0.313932 0.000368095 3
0.314208 0.000357087 3
0.314483 0.000345935 3
0.314759 0.000334659 3
0.315035 0.000323278 3
0.31531 0.000311812 3
0.315586 0.000300282 3
0.315862 0.000288706 3
0.316137 0.000277106 3
0.316413 0.000265502 3
0.316688 0.000253915 3
0.316964 0.000242366 3
0.31724 0.000230876 3
0.317515 0.000219465 3
0.317791 0.000208155 3
0.318067 0.000196966 3
0.318342 0.000185926 3
0.318618 0.000175046 3
0.318893 0.000164353 3
0.319169 0.000153858 3
0.319445 0.000143579 3
0.31972 0.000133535 2
0.319996 0.000123744 2
0.320271 0.000114223 2
0.320547 0.000104991 2
0.320823 9.60443e-05 2
0.321098 8.73998e-05 2
0.321374 7.90933e-05 2
0.32165 7.11394e-05 2
0.321925 6.35521e-05 2
0.322201 5.63446e-05 2
0.322476 4.95301e-05 2
0.322752 4.31192e-05 2
0.323028 3.71256e-05 2
0.323303 3.15604e-05 2
0.323579 2.64344e-05 2
0.323855 2.17573e-05 2
0.32413 1.75381e-05 2
0.324406 1.37846e-05 2
0.324681 1.05036e-05 2
0.324957 7.70082e-06 2
0.325233 5.38114e-06 2
0.325508 3.54874e-06 2
0.325784 2.20707e-06 2
0.32606 1.35885e-06 2
0.326335 1.00586e-06 2
0.326611 1.14874e-06 1
0.326886 1.78694e-06 2
0.327162 2.91886e-06 2
0.327438 4.54174e-06 2
0.327713 6.65241e-06 2
0.327989 9.24677e-06 2
0.328264 1.232e-05 2
0.32854 1.58664e-05 2
0.328816 1.98799e-05 2
0.329091 2.43534e-05 2
0.329367 2.92789e-05 2
0.329643 3.46491e-05 2
0.329918 4.04529e-05 2
0.330194 4.668e-05 2
0.330469 5.33173e-05 2
0.330745 6.03538e-05 2
0.331021 6.77588e-05 2
0.331296 7.55341e-05 2
0.331572 8.36567e-05 2
0.331848 9.21193e-05 2
0.332123 0.000100906 2
0.332399 0.000110001 2
0.332674 0.000119389 2
0.33295 0.000129051 2
0.333226 0.000138971 2
0.333501 0.00014913 2
0.333777 0.00015951 2
0.334053 0.000170094 3
0.334328 0.00018086 3
0.334604 0.000191792 3
0.334879 0.000202866 3
0.335155 0.000214063 3
0.335431 0.000225376 3
0.335706 0.000236776 3
0.335982 0.000248243 3
0.336258 0.000259802 3
0.336533 0.000271289 3
0.336809 0.000282835 3
0.337084 0.000294363 3
0.33736 0.000305855 3
0.337636 0.000317288 3
0.337911 0.000328644 3
0.338187 0.000339901 3
0.338462 0.000351042 3
0.338738 0.000362098 3
0.339014 0.000372872 3
0.339289 0.000383541 3
0.339565 0.000394013 3
0.339841 0.000404264 3
0.340116 0.000414341 3
0.340392 0.000424012 3
0.340667 0.0004335 3
0.340943 0.000442694 3
0.341219 0.000451582 3
0.341494 0.000460145 3
0.34177 0.000468441 3
0.342046 0.000476214 3
0.342321 0.000483719 3
0.342597 0.000490842 3
0.342872 0.000497572 4
0.343148 0.000503892 3
0.343424 0.000509919 3
0.343699 0.000515298 3
0.343975 0.000522057 3
0.344251 0.000524945 3
0.344526 0.000530841 3
0.344802 0.000532685 3
0.345077 0.000535891 3
0.345353 0.000538624 3
0.345629 0.000540879 3
0.345904 0.000542653 3
0.34618 0.000543943 3
0.346455 0.000544733 3
0.346731 0.000545031 3
0.347007 0.000546616 3
0.347282 0.000544163 3
0.347558 0.000542977 3
0.347834 0.000541387 3
0.348109 0.000540876 3
0.348385 0.00053649 3
0.34866 0.000533369 3
0.348936 0.000529781 3
0.349212 0.000525731 3
0.349487 0.00052123 3
0.349763 0.000516282 3
0.350039 0.000510901 3
0.350314 0.000505092 3
0.35059 0.000498869 3
0.350865 0.000492241 3
0.351141 0.000485221 3
0.351417 0.000477822 3
0.351692 0.000470058 3
0.351968 0.000461939 3
0.352244 0.000453483 3
0.352519 0.000444705 3
0.352795 0.000435645 3
0.35307 0.000426285 3
0.353346 0.000416653 3
0.353622 0.000406762 3
0.353897 0.000396631 3
0.354173 0.000386279 3
0.354448 0.000375729 3
0.354724 0.000364999 3
0.355 0.000354109 3
0.355275 0.00034308 3
0.355551 0.000331929 3
0.355827 0.000320676 3
0.356102 0.00030934 3
0.356378 0.00029794 3
0.356653 0.000286496 3
0.356929 0.000275025 3
0.357205 0.000263549 3
0.35748 0.000252088 3
0.357756 0.000240661 3
0.358032 0.000229289 3
0.358307 0.000217993 3
0.358583 0.000206792 2
0.358858 0.000195707 3
0.359134 0.000184766 2
0.35941 0.00017398 2
0.359685 0.000163367 2
0.359961 0.000152954 2
0.360237 0.000142751 2
0.360512 0.000132776 2
0.360788 0.000123049 2
0.361063 0.000113585 2
0.361339 0.000104404 2
0.361615 9.55057e-05 2
0.36189 8.69238e-05 2
0.362166 7.86593e-05 2
0.362441 7.0982e-05 2
0.362717 6.31949e-05 2
0.362993 5.60179e-05 2
0.363268 4.92313e-05 2
0.363544 4.28478e-05 2
0.36382 3.68797e-05 2
0.364095 3.13388e-05 2
0.364371 2.6235e-05 2
0.364646 2.15791e-05 2
0.364922 1.73736e-05 2
0.365198 1.36389e-05 2
0.365473 1.0379e-05 2
0.365749 7.59724e-06 2
0.366025 5.29846e-06 2
0.3663 3.48677e-06 2
0.366576 2.16539e-06 2
0.366851 1.33673e-06 2
0.367127 1.00226e-06 1
0.367403 1.16236e-06 1
0.367678 1.81609e-06 2
0.367954 2.96138e-06 2
0.36823 4.59523e-06 2
0.368505 6.71405e-06 2
0.368781 9.31338e-06 2
0.369056 1.2388e-05 2
0.369332 1.59319e-05 2
0.369608 1.99392e-05 2
0.369883 2.44017e-05 2
0.370159 2.93113e-05 2
0.370434 3.46588e-05 2
0.37071 4.0434e-05 2
0.370986 4.66261e-05 2
0.371261 5.32235e-05 2
0.371537 6.02135e-05 2
0.371813 6.75831e-05 2
0.372088 7.53178e-05 2
0.372364 8.33916e-05 2
0.372639 9.17994e-05 2
0.372915 0.000100523 2
0.373191 0.000109547 2
0.373466 0.000118858 2
0.373742 0.000128436 2
0.374018 0.000138267 2
0.374293 0.00014833 2
0.374569 0.00015861 2
0.374844 0.000169088 2
0.37512 0.000179745 2
0.375396 0.000190563 2
0.375671 0.000201521 2
0.375947 0.000212602 2
0.376223 0.000223793 3
0.376498 0.000235111 3
0.376774 0.000246398 3
0.377049 0.000257786 3
0.377325 0.000269201 3
0.377601 0.00028062 3
0.377876 0.000292025 3
0.378152 0.000303394 3
0.378427 0.000314751 3
0.378703 0.000325921 3
0.378979 0.000337066 3
0.379254 0.000348095 3
0.37953 0.000359042 3
0.379806 0.00036971 3
0.380081 0.000380288 3
0.380357 0.000390673 3
0.380632 0.000400848 3
0.380908 0.000410847 3
0.381184 0.000420461 3
0.381459 0.00042989 3
0.381735 0.000439032 3
0.382011 0.00044787 3
0.382286 0.000456393 3
0.382562 0.000466098 3
0.382837 0.00047244 3
0.383113 0.000479923 3
0.383389 0.00048703 3
0.383664 0.000493868 3
0.38394 0.000500083 3
0.384216 0.000505981 3
0.384491 0.000511455 3
0.384767 0.000516563 3
0.385042 0.000521065 3
0.385318 0.000525208 3
0.385594 0.000528891 3
0.385869 0.000532108 3
0.386145 0.000534854 3
0.386421 0.000537122 3
0.386696 0.000539047 3
0.386972 0.00054024 3
0.387247 0.000541046 3
0.387523 0.000541361 3
0.387799 0.000542929 3
0.388074 0.000540511 3
0.38835 0.000539346 3
0.388625 0.000537695 3
0.388901 0.000535562 3
0.389177 0.000533025 3
0.389452 0.000529848 3
0.389728 0.000526299 3
0.390004 0.000522293 3
0.390279 0.000517837 3
0.390555 0.00051294 3
0.39083 0.000507611 3
0.391106 0.000501859 3
0.391382 0.000495695 3
0.391657 0.000489131 3
0.391933 0.000482179 3
0.392209 0.000474851 3
0.392484 0.000467159 3
0.39276 0.000459117 3
0.393035 0.00045074 3
0.393311 0.000442042 3
0.393587 0.000433067 3
0.393862 0.000423795 3
0.394138 0.000414245 3
0.394414 0.000404432 3
0.394689 0.000394374 3
0.394965 0.000384093 3
0.39524 0.000373609 3
0.395516 0.000362943 3
0.395792 0.000352112 3
0.396067 0.000341138 3
0.396343 0.000330038 3
0.396618 0.000318833 3
0.396894 0.000307542 3
0.39717 0.000296184 3
0.397445 0.00028478 3
0.397721 0.000273348 3
0.397997 0.00026191 3
0.398272 0.000250486 3
0.398548 0.000239096 3
0.398823 0.000227762 3
0.399099 0.000216504 3
0.399375 0.000205343 3
0.39965 0.000194299 3
0.399926 0.0001834 3
0.400202 0.000172656 3
0.400477 0.000162096 3
0.400753 0.00015173 3
0.401028 0.000141577 2
0.401304 0.000131656 2
0.40158 0.000121985 2
0.401855 0.000112582 2
0.402131 0.000103463 2
0.402407 9.46451e-05 2
0.402682 8.61441e-05 2
0.402958 7.79569e-05 2
0.403233 7.01177e-05 2
0.403509 6.26224e-05 2
0.403785 5.55043e-05 2
0.40406 4.87765e-05 2
0.404336 4.24514e-05 2
0.404611 3.65388e-05 2
0.404887 3.10513e-05 2
0.405163 2.59994e-05 2
0.405438 2.13925e-05 2
0.405714 1.72391e-05 2
0.40599 1.35466e-05 2
0.406265 1.03218e-05 2
0.406541 7.57022e-06 2
0.406816 5.29639e-06 2
0.407092 3.50401e-06 2
0.407368 2.19593e-06 2
0.407643 1.37425e-06 2
0.407919 1.04025e-06 1
0.408195 1.19411e-06 2
0.40847 1.83487e-06 2
0.408746 2.96034e-06 2
0.409021 4.5675e-06 2
0.409297 6.653e-06 2
0.409573 9.21262e-06 2
0.409848 1.22415e-05 2
0.410124 1.57339e-05 2
0.4104 1.96836e-05 2
0.410675 2.40845e-05 2
0.410951 2.89277e-05 2
0.411226 3.42048e-05 2
0.411502 3.99051e-05 2
0.411778 4.60195e-05 2
0.412053 5.25366e-05 2
0.412329 5.94449e-05 2
0.412604 6.67153e-05 2
0.41288 7.43493e-05 2
0.413156 8.23326e-05 2
0.413431 9.06433e-05 2
0.413707 9.92738e-05 2
0.413983 0.00010821 2
0.414258 0.000117435 2
0.414534 0.000126933 2
0.414809 0.000136687 2
0.415085 0.00014668 2
0.415361 0.000156894 2
0.415636 0.00016731 2
0.415912 0.000177909 2
0.416188 0.000188671 3
0.416463 0.000199578 3
0.416739 0.000210619 3
0.417014 0.000221769 3
0.41729 0.000233007 3
0.417566 0.000244314 3
0.417841 0.00025567 3
0.418117 0.000267053 3
0.418393 0.000278442 3
0.418668 0.000289817 3
0.418944 0.000301156 3
0.419219 0.000312495 3
0.419495 0.000323633 3
0.419771 0.000334744 3
0.420046 0.00034574 3
0.420322 0.000356599 3
0.420597 0.000367308 3
0.420873 0.000377901 3
0.421149 0.000388236 3
0.421424 0.000398351 3
0.4217 0.000408142 3
0.421976 0.000417769 3
0.422251 0.000427126 3
0.422527 0.000436191 3
0.422802 0.000445025 3
0.423078 0.000453463 3
0.423354 0.000461465 3
0.423629 0.000469216 3
0.423905 0.000476603 3
0.424181 0.00048361 3
0.424456 0.000490343 4
0.424732 0.000496468 3
0.425007 0.000502266 3
0.425283 0.000507721 3
0.425559 0.000512557 3
0.425834 0.000517059 3
0.42611 0.000521114 3
0.426386 0.000524715 3
0.426661 0.000527856 3
0.426937 0.000530533 3
0.427212 0.000532742 3
0.427488 0.00053456 3
0.427764 0.000535716 3
0.428039 0.000536494 3
0.428315 0.000536783 3
0.428591 0.000538327 3
0.428866 0.0005359 3
0.429142 0.000534727 3
0.429417 0.000533079 3
0.429693 0.000530955 3
0.429969 0.000528364 3
0.430244 0.000525307 3
0.43052 0.000521794 3
0.430795 0.000517829 3
0.431071 0.000513423 3
0.431347 0.000508581 3
0.431622 0.000503314 3
0.431898 0.00049763 3
0.432174 0.000491539 3
0.432449 0.000485051 3
0.432725 0.000478178 3
0.433 0.000470931 3
0.433276 0.000463324 3
0.433552 0.000455369 3
0.433827 0.000447079 3
0.434103 0.00043847 3
0.434379 0.000429589 3
0.434654 0.000420412 3
0.43493 0.000410964 3
0.435205 0.000401257 3
0.435481 0.000391309 3
0.435757 0.000381139 3
0.436032 0.000370769 3
0.436308 0.000360217 3
0.436584 0.000349503 3
0.436859 0.000338645 3
0.437135 0.000327663 3
0.43741 0.000316575 3
0.437686 0.0003054 3
0.437962 0.000294155 3
0.438237 0.000282861 3
0.438513 0.000271536 3
0.438788 0.000260202 3
0.439064 0.000248877 3
0.43934 0.000237583 3
0.439615 0.000226341 3
0.439891 0.00021517 3
0.440167 0.000204093 2
0.440442 0.000193128 3
0.440718 0.000182297 2
0.440993 0.000171627 2
0.441269 0.00016113 2
0.441545 0.000150833 2
0.44182 0.000140746 2
0.442096 0.000130886 2
0.442372 0.000121273 2
0.442647 0.000111924 2
0.442923 0.000102843 2
0.443198 9.40604e-05 2
0.443474 8.55791e-05 2
0.44375 7.74305e-05 2
0.444025 6.96296e-05 2
0.444301 6.21906e-05 2
0.444577 5.51272e-05 2
0.444852 4.86125e-05 2
0.445128 4.21805e-05 2
0.445403 3.6319e-05 2
0.445679 3.08814e-05 2
0.445955 2.58779e-05 2
0.44623 2.1317e-05 2
0.446506 1.7208e-05 2
0.446781 1.35579e-05 2
0.447057 1.0373e-05 2
0.447333 7.65845e-06 2
0.447608 5.41838e-06 2
0.447884 3.65618e-06 2
0.44816 2.37447e-06 2
0.448435 1.57514e-06 2
0.448711 1.25912e-06 2
0.448986 1.42612e-06 2
0.449262 2.07517e-06 1
0.449538 3.2044e-06 2
0.449813 4.8103e-06 2
0.450089 6.88918e-06 2
0.450365 9.43669e-06 2
0.45064 1.24478e-05 2
0.450916 1.59168e-05 2
0.451191 1.98375e-05 2
0.451467 2.42036e-05 2
0.451743 2.9007e-05 2
0.452018 3.42382e-05 2
0.452294 3.98884e-05 2
0.45257 4.59473e-05 2
0.452845 5.24042e-05 2
0.453121 5.9247e-05 2
0.453396 6.64519e-05 2
0.453672 7.4013e-05 2
0.453948 8.19185e-05 2
0.454223 9.01539e-05 2
0.454499 9.87047e-05 2
0.454774 0.000107555 2
0.45505 0.00011669 2
0.455326 0.000126093 2
0.455601 0.000135747 2
0.455877 0.000145636 2
0.456153 0.000155744 2
0.456428 0.00016605 2
0.456704 0.00017654 2
0.456979 0.000187194 2
0.457255 0.000197991 2
0.457531 0.000208922 3
0.457806 0.000219961 3
0.458082 0.000231088 3
0.458358 0.000242286 3
0.458633 0.000253573 3
0.458909 0.000264796 3
0.459184 0.000276082 3
0.45946 0.000287357 3
0.459736 0.000298599 3
0.460011 0.00030979 3
0.460287 0.000320907 3
0.460563 0.000331979 3
0.460838 0.000342823 3
0.461114 0.000353606 3
0.461389 0.000364236 3
0.461665 0.000374751 3
0.461941 0.000384946 3
0.462216 0.000395005 3
0.462492 0.000404833 3
0.462767 0.000414412 3
0.463043 0.000423723 3
0.463319 0.000432804 3
0.463594 0.000441441 3
0.46387 0.000449845 3
0.464146 0.000458031 3
0.464421 0.000465666 3
0.464697 0.000473029 3
0.464972 0.000481581 3
0.465248 0.000486634 4
0.465524 0.000492837 3
0.465799 0.000498627 3
0.466075 0.000503997 3
0.466351 0.000509062 3
0.466626 0.000513459 3
0.466902 0.00051751 3
0.467177 0.000521182 3
0.467453 0.000524226 3
0.467729 0.000526904 3
0.468004 0.000529113 3
0.46828 0.000532569 3
0.468556 0.000532119 3
0.468831 0.0005329 3
0.469107 0.000533198 3
0.469382 0.000533015 3
0.469658 0.000532349 3
0.469934 0.000531205 3
0.470209 0.000529585 3
0.470485 0.000527496 3
0.470761 0.000524937 3
0.471036 0.000521919 3
0.471312 0.000518443 3
0.471587 0.00051452 3
0.471863 0.000510155 3
0.472139 0.000505438 3
0.472414 0.000500238 3
0.47269 0.000494506 3
0.472965 0.000488463 3
0.473241 0.000482027 3
0.473517 0.000475207 3
0.473792 0.000468016 3
0.474068 0.000460464 3
0.474344 0.000452565 3
0.474619 0.000444331 3
0.474895 0.000435781 3
0.47517 0.000426944 3
0.475446 0.000417812 3
0.475722 0.000408403 3
0.475997 0.000398732 3
0.476273 0.000388819 3
0.476549 0.000378683 3
0.476824 0.000368344 3
0.4771 0.000357822 3
0.477375 0.000347136 3
0.477651 0.000336305 3
0.477927 0.00032535 3
0.478202 0.00031429 3
0.478478 0.000303144 3
0.478754 0.000291932 3
0.479029 0.000280674 3
0.479305 0.000269391 3
0.47958 0.000258101 3
0.479856 0.000246827 3
0.480132 0.000235587 3
0.480407 0.000224405 3
0.480683 0.0002133 3
0.480958 0.000202292 3
0.481234 0.000191402 3
0.48151 0.000180657 3
0.481785 0.000170068 3
0.482061 0.000159656 3
0.482337 0.000149445 2
0.482612 0.000139447 2
0.482888 0.00012968 2
0.483163 0.000120162 2
0.483439 0.000110909 2
0.483715 0.000101938 2
0.48399 9.32659e-05 2
0.484266 8.49071e-05 2
0.484542 7.68764e-05 2
0.484817 6.91715e-05 2
0.485093 6.18236e-05 2
0.485368 5.48454e-05 2
0.485644 4.82493e-05 2
0.48592 4.20335e-05 2
0.486195 3.62255e-05 2
0.486471 3.08345e-05 2
0.486747 2.58714e-05 2
0.487022 2.13449e-05 2
0.487298 1.72629e-05 2
0.487573 1.36322e-05 2
0.487849 1.04587e-05 2
0.488125 7.76619e-06 2
0.4884 5.50014e-06 2
0.488676 3.72769e-06 2
0.488951 2.4289e-06 2
0.489227 1.60602e-06 2
0.489503 1.26036e-06 2
0.489778 1.39214e-06 2
0.490054 2.00059e-06 2
0.49033 3.08416e-06 2
0.490605 4.64002e-06 2
0.490881 6.66515e-06 2
0.491156 9.15585e-06 2
0.491432 1.21085e-05 2
0.491708 1.55172e-05 2
0.491983 1.9376e-05 2
0.492259 2.36786e-05 2
0.492535 2.84164e-05 2
0.49281 3.35824e-05 2
0.493086 3.91675e-05 2
0.493361 4.51624e-05 2
0.493637 5.15561e-05 2
0.493913 5.83378e-05 2
0.494188 6.5495e-05 2
0.494464 7.3015e-05 2
0.49474 8.08699e-05 2
0.495015 8.90588e-05 2
0.495291 9.75664e-05 2
0.495566 0.000106372 2
0.495842 0.000115465 2
0.496118 0.00012483 2
0.496393 0.000134449 2
0.496669 0.000144308 2
0.496944 0.000154386 2
0.49722 0.000164666 2
0.497496 0.000175127 2
0.497771 0.000185752 2
0.498047 0.000196521 2
0.498323 0.000207426 2
0.498598 0.000218438 3
0.498874 0.000229538 3
0.499149 0.000240704 3
0.499425 0.000251916 3
0.499701 0.000263152 3
0.499976 0.000274392 3
0.500252 0.000285614 3
0.500528 0.000296799 3
0.500803 0.000307924 3
0.501079 0.000318971 3
0.501354 0.000329919 3
0.50163 0.000340751 3
0.501906 0.000351444 3
0.502181 0.000361985 3
0.502457 0.000372344 3
0.502733 0.000382507 3
0.503008 0.000392452 3
0.503284 0.000402165 3
0.503559 0.000411625 3
0.503835 0.000420818 3
0.504111 0.00042972 3
0.504386 0.000438322 3
0.504662 0.000446608 3
0.504937 0.000454563 3
0.505213 0.000462283 3
0.505489 0.000469455 3
0.505764 0.000476337 3
0.50604 0.000482836 3
0.506316 0.00048894 3
0.506591 0.000494641 3
0.506867 0.000499928 3
0.507142 0.000504795 3
0.507418 0.000509231 3
0.507694 0.000513231 3
0.507969 0.000516788 3
0.508245 0.000519898 3
0.508521 0.000522679 3
0.508796 0.000524781 3
0.509072 0.00052652 3
0.509347 0.000527781 3
0.509623 0.000528575 3
0.509899 0.000530638 3
0.510174 0.00052878 3
0.51045 0.000528141 3
0.510726 0.000527031 3
0.511001 0.000525453 3
0.511277 0.000523408 3
0.511552 0.000520903 3
0.511828 0.000517939 3
0.512104 0.000514525 3
0.512379 0.000510665 3
0.512655 0.000506369 3
0.51293 0.000501641 3
0.513206 0.000496493 3
0.513482 0.000490929 3
0.513757 0.000484962 3
0.514033 0.0004786 3
0.514309 0.000471854 3
0.514584 0.000464737 3
0.51486 0.00045726 3
0.515135 0.000449435 3
0.515411 0.000441275 3
0.515687 0.000432796 3
0.515962 0.000424053 3
0.516238 0.000415015 3
0.516514 0.000405702 3
0.516789 0.000396129 3
0.517065 0.000386313 3
0.51734 0.000376273 3
0.517616 0.000366031 3
0.517892 0.000355607 3
0.518167 0.000345021 3
0.518443 0.00033429 3
0.518719 0.000323434 3
0.518994 0.000312471 3
0.51927 0.000301421 3
0.519545 0.000290303 3
0.519821 0.000279135 3
0.520097 0.000267938 3
0.520372 0.000256732 3
0.520648 0.000245537 3
0.520924 0.000234375 3
0.521199 0.000223266 3
0.521475 0.000212232 3
0.52175 0.000201291 3
0.522026 0.000190466 3
0.522302 0.000179777 2
0.522577 0.000169251 3
0.522853 0.000158899 2
0.523128 0.00014874 2
0.523404 0.0001388 2
0.52368 0.000129089 2
0.523955 0.000119625 2
0.524231 0.000110424 2
0.524507 0.000101504 2
0.524782 9.2866e-05 2
0.525058 8.45257e-05 2
0.525333 7.65145e-05 2
0.525609 6.88466e-05 2
0.525885 6.15353e-05 2
0.52616 5.45934e-05 2
0.526436 4.8033e-05 2
0.526712 4.1866e-05 2
0.526987 3.62144e-05 2
0.527263 3.07522e-05 2
0.527538 2.58296e-05 2
0.527814 2.13407e-05 2
0.52809 1.72919e-05 2
0.528365 1.36916e-05 2
0.528641 1.05456e-05 2
0.528917 7.85871e-06 2
0.529192 5.63521e-06 2
0.529468 3.87855e-06 2
0.529743 2.59145e-06 2
0.530019 1.776e-06 2
0.530295 1.43333e-06 2
0.53057 1.56369e-06 2
0.530846 2.16654e-06 2
0.531121 3.24039e-06 2
0.531397 4.78238e-06 2
0.531673 6.78938e-06 2
0.531948 9.25764e-06 2
0.532224 1.21828e-05 2
0.5325 1.55599e-05 2
0.532775 1.93834e-05 2
0.533051 2.3648e-05 2
0.533326 2.83456e-05 2
0.533602 3.34672e-05 2
0.533878 3.90052e-05 2
0.534153 4.49391e-05 2
0.534429 5.12669e-05 2
0.534705 5.7977e-05 2
0.53498 6.50544e-05 2
0.535256 7.24887e-05 2
0.535531 8.02674e-05 2
0.535807 8.83765e-05 2
0.536083 9.68021e-05 2
0.536358 0.000105529 2
0.536634 0.000114542 2
0.53691 0.000123824 2
0.537185 0.000133359 2
0.537461 0.000143129 2
0.537736 0.000153119 2
0.538012 0.000163307 2
0.538288 0.000173679 2
0.538563 0.000184211 2
0.538839 0.000194888 3
0.539114 0.000205696 3
0.53939 0.000216612 3
0.539666 0.000227616 3
0.539941 0.000238689 3
0.540217 0.000249809 3
0.540493 0.000260956 3
0.540768 0.000272145 3
0.541044 0.000283231 3
0.541319 0.000294336 3
0.541595 0.000305387 3
0.541871 0.000316363 3
0.542146 0.000327288 3
0.542422 0.000338057 3
0.542698 0.000348626 3
0.542973 0.000359108 3
0.543249 0.000369417 3
0.543524 0.000379585 3
0.5438 0.00038949 3
0.544076 0.000399085 3
0.544351 0.000408511 3
0.544627 0.000417671 3
0.544903 0.000426546 3
0.545178 0.000435121 3
0.545454 0.000443384 3
0.545729 0.000451381 3
0.546005 0.000458889 3
0.546281 0.000466129 3
0.546556 0.000473001 3
0.546832 0.000479492 4
0.547107 0.000487164 3
0.547383 0.000491284 3
0.547659 0.000496566 3
0.547934 0.000501425 3
0.54821 0.000505854 3
0.548486 0.000509845 3
0.548761 0.000513392 3
0.549037 0.00051649 3
0.549312 0.000519211 3
0.549588 0.000521296 3
0.549864 0.000524707 3
0.550139 0.000524281 3
0.550415 0.000525071 3
0.550691 0.000525387 3
0.550966 0.000525232 3
0.551242 0.000524603 3
0.551517 0.000523505 3
0.551793 0.00052194 3
0.552069 0.000519912 3
0.552344 0.000517421 3
0.55262 0.000514475 3
0.552896 0.000511077 3
0.553171 0.000507236 3
0.553447 0.000504529 3
0.553722 0.0004982 3
0.553998 0.00049307 3
0.554274 0.000487528 3
0.554549 0.000481581 3
0.554825 0.000475242 3
0.5551 0.000468519 3
0.555376 0.000461507 3
0.555652 0.000453965 3
0.555927 0.00044617 3
0.556203 0.000438043 3
0.556479 0.000429599 3
0.556754 0.000420866 3
0.55703 0.00041184 3
0.557305 0.000402541 3
0.557581 0.000392987 3
0.557857 0.000383192 3
0.558132 0.00037318 3
0.558408 0.000362968 3
0.558684 0.000352577 3
0.558959 0.000342028 3
0.559235 0.000331338 3
0.55951 0.000320528 3
0.559786 0.000309618 3
0.560062 0.000298628 3
0.560337 0.000287577 3
0.560613 0.000276484 3
0.560889 0.00026537 3
0.561164 0.000254254 3
0.56144 0.000243157 3
0.561715 0.000232098 3
0.561991 0.000221098 3
0.562267 0.000210176 3
0.562542 0.000199354 3
0.562818 0.00018865 3
0.563094 0.000178083 3
0.563369 0.000167677 2
0.563645 0.000157447 2
0.56392 0.000147409 2
0.564196 0.00013758 2
0.564472 0.000127985 2
0.564747 0.000118633 2
0.565023 0.00010954 2
0.565298 0.000100723 2
0.565574 9.21979e-05 2
0.56585 8.39784e-05 2
0.566125 7.60792e-05 2
0.566401 6.8514e-05 2
0.566677 6.12807e-05 2
0.566952 5.4408e-05 2
0.567228 4.79077e-05 2
0.567503 4.178e-05 2
0.567779 3.60497e-05 2
0.568055 3.07271e-05 2
0.56833 2.58219e-05 2
0.568606 2.13433e-05 2
0.568882 1.7298e-05 2
0.569157 1.36942e-05 2
0.569433 1.05385e-05 2
0.569708 7.83626e-06 2
0.569984 5.59225e-06 2
0.57026 3.81083e-06 2
0.570535 2.49543e-06 2
0.570811 1.64878e-06 2
0.571087 1.27271e-06 2
0.571362 1.36795e-06 2
0.571638 1.93423e-06 2
0.571913 2.97044e-06 2
0.572189 4.47419e-06 2
0.572465 6.44365e-06 2
0.57274 8.87481e-06 2
0.573016 1.17637e-05 2
0.573291 1.51049e-05 2
0.573567 1.88935e-05 2
0.573843 2.3123e-05 2
0.574118 2.77864e-05 2
0.574394 3.28759e-05 2
0.57467 3.84882e-05 2
0.574945 4.42867e-05 2
0.575221 5.05973e-05 2
0.575496 5.72934e-05 2
0.575772 6.43623e-05 2
0.576048 7.17911e-05 2
0.576323 7.95536e-05 2
0.576599 8.76437e-05 2
0.576875 9.60483e-05 2
0.57715 0.000104752 2
0.577426 0.000113739 2
0.577701 0.000122993 2
0.577977 0.000132495 2
0.578253 0.00014223 2
0.578528 0.000152178 2
0.578804 0.000162322 2
0.57908 0.000172641 2
0.579355 0.000183116 2
0.579631 0.00019374 2
0.579906 0.000204485 2
0.580182 0.000215331 2
0.580458 0.000226259 2
0.580733 0.000237248 3
0.581009 0.000248278 3
0.581284 0.000259328 3
0.58156 0.000270377 3
0.581836 0.000281404 3
0.582111 0.000292391 3
0.582387 0.000303316 3
0.582663 0.000314163 3
0.582938 0.000324912 3
0.583214 0.000335543 3
0.583489 0.000346035 3
0.583765 0.000356378 3
0.584041 0.000366546 3
0.584316 0.000376522 3
0.584592 0.000386286 3
0.584868 0.000395824 3
0.585143 0.000405116 3
0.585419 0.00041415 3
0.585694 0.000422901 3
0.58597 0.000431463 3
0.586246 0.000439541 3
0.586521 0.000447376 3
0.586797 0.000454876 3
0.587073 0.000462031 3
0.587348 0.000468826 3
0.587624 0.000475248 3
0.587899 0.000481288 3
0.588175 0.000486935 3
0.588451 0.000492179 3
0.588726 0.000497131 3
0.589002 0.000503109 3
0.589277 0.000505468 3
0.589553 0.000509019 3
0.589829 0.000512133 3
0.590104 0.000514802 3
0.59038 0.000517022 3
0.590656 0.000518788 3
0.590931 0.000520081 3
0.591207 0.000520912 3
0.591482 0.000521274 3
0.591758 0.000521154 3
0.592034 0.000520567 3
0.592309 0.00051951 3
0.592585 0.000517989 3
0.592861 0.000516003 3
0.593136 0.00051356 3
0.593412 0.000512299 3
0.593687 0.000507298 3
0.593963 0.000503507 3
0.594239 0.000499281 3
0.594514 0.000494625 3
0.59479 0.00048955 3
0.595066 0.000484181 3
0.595341 0.000478189 3
0.595617 0.000471905 3
0.595892 0.000465241 3
0.596168 0.000458209 3
0.596444 0.00045082 3
0.596719 0.000443085 3
0.596995 0.000435022 3
0.59727 0.000426643 3
0.597546 0.000418007 3
0.597822 0.000409081 3
0.598097 0.000399884 3
0.598373 0.000390428 3
0.598649 0.000380733 3
0.598924 0.000370819 3
0.5992 0.000360707 3
0.599475 0.000350417 3
0.599751 0.00033997 3
0.600027 0.000329382 3
0.600302 0.000318674 3
0.600578 0.000307864 3
0.600854 0.000296972 3
0.601129 0.000286015 3
0.601405 0.000275013 3
0.60168 0.000263986 3
0.601956 0.000252953 3
0.602232 0.000241934 3
0.602507 0.000230951 3
0.602783 0.000220021 3
0.603059 0.000209168 3
0.603334 0.000198409 3
0.60361 0.000187764 3
0.603885 0.000177254 3
0.604161 0.000166897 3
0.604437 0.000156719 3
0.604712 0.000146732 2
0.604988 0.00013696 2
0.605264 0.000127412 2
0.605539 0.000118105 2
0.605815 0.000109056 2
0.60609 0.000100282 2
0.606366 9.1781e-05 2
0.606642 8.35856e-05 2
0.606917 7.571e-05 2
0.607193 6.81677e-05 2
0.607468 6.09546e-05 2
0.607744 5.41021e-05 2
0.60802 4.76224e-05 2
0.608295 4.1527e-05 2
0.608571 3.58268e-05 2
0.608847 3.05321e-05 2
0.609122 2.56526e-05 2
0.609398 2.11973e-05 2
0.609673 1.72221e-05 2
0.609949 1.35855e-05 2
0.610225 1.04474e-05 2
0.6105 7.76103e-06 2
0.610776 5.53086e-06 2
0.611052 3.7608e-06 2
0.611327 2.45411e-06 2
0.611603 1.61323e-06 2
0.611878 1.23994e-06 2
0.612154 1.33498e-06 2
0.61243 1.89811e-06 1
0.612705 2.9283e-06 2
0.612981 4.42287e-06 2
0.613257 6.37917e-06 2
0.613532 8.7937e-06 2
0.613808 1.16623e-05 2
0.614083 1.49812e-05 2
0.614359 1.8744e-05 2
0.614635 2.29442e-05 2
0.61491 2.7574e-05 2
0.615186 3.26163e-05 2
0.615461 3.80698e-05 2
0.615737 4.39245e-05 2
0.616013 5.01661e-05 2
0.616288 5.67857e-05 2
0.616564 6.37717e-05 2
0.61684 7.11113e-05 2
0.617115 7.87916e-05 2
0.617391 8.67984e-05 2
0.617666 9.51177e-05 2
0.617942 0.000103734 2
0.618218 0.000112631 2
0.618493 0.000121793 2
0.618769 0.000131203 2
0.619045 0.000140844 2
0.61932 0.000150698 2
0.619596 0.000160748 2
0.619871 0.000170973 3
0.620147 0.000181356 3
0.620423 0.000191879 3
0.620698 0.00020253 3
0.620974 0.000213285 3
0.62125 0.000224124 3
0.621525 0.000235027 3
0.621801 0.000245974 3
0.622076 0.000256946 3
0.622352 0.000267921 3
0.622628 0.000278919 3
0.622903 0.000289843 3
0.623179 0.000300713 3
0.623454 0.000311507 3
0.62373 0.00032221 3
0.624006 0.000332799 3
0.624281 0.000343258 3
0.624557 0.000353565 3
0.624833 0.000363706 3
0.625108 0.000373653 3
0.625384 0.000383393 3
0.625659 0.000392906 3
0.625935 0.000402177 3
0.626211 0.000411187 3
0.626486 0.000419921 3
0.626762 0.000428365 3
0.627038 0.000436504 3
0.627313 0.000444323 3
0.627589 0.00045181 3
0.627864 0.00045895 3
0.62814 0.000465729 3
0.628416 0.000472136 3
0.628691 0.000478158 3
0.628967 0.000483784 3
0.629243 0.000489005 3
0.629518 0.00049381 3
0.629794 0.000499808 3
0.630069 0.000502154 3
0.630345 0.000505671 3
0.630621 0.000508746 3
0.630896 0.000511374 3
0.631172 0.000513551 3
0.631447 0.000515274 3
0.631723 0.000516536 3
0.631999 0.000517334 3
0.632274 0.000517664 3
0.63255 0.000517526 3
0.632826 0.000516918 3
0.633101 0.000515846 3
0.633377 0.000514309 3
0.633652 0.000512313 3
0.633928 0.000509858 3
0.634204 0.000506952 3
0.634479 0.000503598 3
0.634755 0.000499805 3
0.635031 0.000495577 3
0.635306 0.000490926 3
0.635582 0.000485857 3
0.635857 0.000480381 3
0.636133 0.000474505 3
0.636409 0.000468242 3
0.636684 0.000461601 3
0.63696 0.000454597 3
0.637236 0.000447241 3
0.637511 0.000439546 3
0.637787 0.000431525 3
0.638062 0.000423193 3
0.638338 0.000414583 3
0.638614 0.000405686 3
0.638889 0.000396525 3
0.639165 0.000387116 3
0.63944 0.000377477 3
0.639716 0.000367626 3
0.639992 0.000357582 3
0.640267 0.000347367 3
0.640543 0.000336999 3
0.640819 0.000326496 3
0.641094 0.000315878 3
0.64137 0.000305165 3
0.641645 0.000294374 3
0.641921 0.000283525 3
0.642197 0.000272635 3
0.642472 0.000261724 3
0.642748 0.000250811 3
0.643024 0.000239914 3
0.643299 0.000229053 3
0.643575 0.000218249 3
0.64385 0.000207519 3
0.644126 0.000196883 2
0.644402 0.000186359 2
0.644677 0.000175967 2
0.644953 0.00016573 2
0.645229 0.000155661 2
0.645504 0.000145783 2
0.64578 0.000136106 2
0.646055 0.000126647 2
0.646331 0.000117423 2
0.646607 0.000108449 2
0.646882 9.9743e-05 2
0.647158 9.13189e-05 2
0.647433 8.31922e-05 2
0.647709 7.53772e-05 2
0.647985 6.78741e-05 2
0.64826 6.0711e-05 2
0.648536 5.39007e-05 2
0.648812 4.74442e-05 2
0.649087 4.13669e-05 2
0.649363 3.56802e-05 2
0.649638 3.0395e-05 2
0.649914 2.55214e-05 2
0.65019 2.10686e-05 2
0.650465 1.70452e-05 2
0.650741 1.34589e-05 2
0.651017 1.0317e-05 2
0.651292 7.6252e-06 2
0.651568 5.38807e-06 2
0.651843 3.61079e-06 2
0.652119 2.29686e-06 2
0.652395 1.44907e-06 1
0.65267 1.06941e-06 1
0.652946 1.15869e-06 2
0.653222 1.71729e-06 2
0.653497 2.74296e-06 2
0.653773 4.233e-06 2
0.654048 6.18509e-06 2
0.654324 8.59557e-06 2
0.6546 1.146e-05 2
0.654875 1.47732e-05 2
0.655151 1.85293e-05 2
0.655427 2.2784e-05 2
0.655702 2.73368e-05 2
0.655978 3.23777e-05 2
0.656253 3.78296e-05 2
0.656529 4.36824e-05 2
0.656805 4.99247e-05 2
0.65708 5.65449e-05 2
0.657356 6.352e-05 2
0.657631 7.08454e-05 2
0.657907 7.8505e-05 2
0.658183 8.64856e-05 2
0.658458 9.4772e-05 2
0.658734 0.000103349 2
0.65901 0.0001122 2
0.659285 0.00012131 2
0.659561 0.000130661 2
0.659836 0.000140236 2
0.660112 0.000150017 2
0.660388 0.000159988 2
0.660663 0.000170127 2
0.660939 0.000180416 2
0.661215 0.000190849 2
0.66149 0.000201398 2
0.661766 0.000212044 2
0.662041 0.000222769 3
0.662317 0.000233554 3
0.662593 0.000244378 3
0.662868 0.000255223 3
0.663144 0.000266068 3
0.66342 0.000276894 3
0.663695 0.000287684 3
0.663971 0.000298417 3
0.664246 0.000309077 3
0.664522 0.000319644 3
0.664798 0.000330102 3
0.665073 0.000340429 3
0.665349 0.000350614 3
0.665624 0.000360632 3
0.6659 0.000370467 3
0.666176 0.0003801 3
0.666451 0.000389516 3
0.666727 0.000398697 3
0.667003 0.000407627 3
0.667278 0.000416286 3
0.667554 0.000424661 3
0.667829 0.00043274 3
0.668105 0.000440508 3
0.668381 0.00044795 3
0.668656 0.000455053 3
0.668932 0.000461803 3
0.669208 0.000469673 3
0.669483 0.000474159 3
0.669759 0.00047978 3
0.670034 0.000485001 3
0.67031 0.000489815 3
0.670586 0.000494212 3
0.670861 0.000498186 3
0.671137 0.000501727 3
0.671413 0.000504832 3
0.671688 0.000507492 3
0.671964 0.000509704 3
0.672239 0.000511463 3
0.672515 0.000512764 3
0.672791 0.000515261 3
0.673066 0.000513954 3
0.673342 0.000513843 3
0.673617 0.000513262 3
0.673893 0.000512215 3
0.674169 0.000510705 3
0.674444 0.000508735 3
0.67472 0.000506311 3
0.674996 0.000503434 3
0.675271 0.000500114 3
0.675547 0.000496355 3
0.675822 0.000492167 3
0.676098 0.000487555 3
0.676374 0.000482529 3
0.676649 0.000477097 3
0.676925 0.000471271 3
0.677201 0.000465059 3
0.677476 0.000458473 3
0.677752 0.000451529 3
0.678027 0.000444237 3
0.678303 0.000436608 3
0.678579 0.000428657 3
0.678854 0.0004204 3
0.67913 0.000411886 3
0.679406 0.000403093 3
0.679681 0.000394032 3
0.679957 0.00038472 3
0.680232 0.000375173 3
0.680508 0.000365414 3
0.680784 0.000355461 3
0.681059 0.000345335 3
0.681335 0.000335055 3
0.68161 0.000324638 3
0.681886 0.000314103 3
0.682162 0.000303469 3
0.682437 0.000292753 3
0.682713 0.000281975 3
0.682989 0.000271153 3
0.683264 0.000260306 3
0.68354 0.000249453 3
0.683815 0.000238613 3
0.684091 0.000227806 3
0.684367 0.000217051 3
0.684642 0.000206369 3
0.684918 0.000195778 3
0.685194 0.000185297 3
0.685469 0.000174945 3
0.685745 0.000164741 3
0.68602 0.00015471 3
0.686296 0.000144862 2
0.686572 0.000135222 2
0.686847 0.000125801 2
0.687123 0.000116615 2
0.687399 0.00010768 2
0.687674 9.90135e-05 2
0.68795 9.06296e-05 2
0.688225 8.25439e-05 2
0.688501 7.47709e-05 2
0.688777 6.73243e-05 2
0.689052 6.02007e-05 2
0.689328 5.34304e-05 2
0.689603 4.70097e-05 2
0.689879 4.09682e-05 2
0.690155 3.5317e-05 2
0.69043 3.0067e-05 2
0.690706 2.5228e-05 2
0.690982 2.08091e-05 2
0.691257 1.68186e-05 2
0.691533 1.32641e-05 2
0.691808 1.01507e-05 2
0.692084 7.48564e-06 2
0.69236 5.27349e-06 2
0.692635 3.51831e-06 2
0.692911 2.22329e-06 2
0.693187 1.39086e-06 2
0.693462 1.02257e-06 2
0.693738 1.1189e-06 1
0.694013 1.67937e-06 2
0.694289 2.7021e-06 2
0.694565 4.18461e-06 2
0.69484 6.12394e-06 2
0.695116 8.51735e-06 2
0.695392 1.13592e-05 2
0.695667 1.46443e-05 2
0.695943 1.83657e-05 2
0.696218 2.25176e-05 2
0.696494 2.70827e-05 2
0.69677 3.20605e-05 2
0.697045 3.74418e-05 2
0.697321 4.32163e-05 2
0.697597 4.93696e-05 2
0.697872 5.58936e-05 2
0.698148 6.27769e-05 2
0.698423 7.00066e-05 2
0.698699 7.75701e-05 2
0.698975 8.54532e-05 2
0.69925 9.3642e-05 2
0.699526 0.000102121 2
0.699801 0.000110875 2
0.700077 0.000119887 2
0.700353 0.000129142 2
0.700628 0.000138622 2
0.700904 0.000148312 2
0.70118 0.000158193 2
0.701455 0.000168244 2
0.701731 0.00017845 3
0.702006 0.000188801 3
0.702282 0.000199273 3
0.702558 0.000209848 3
0.702833 0.000220506 3
0.703109 0.000231229 3
0.703385 0.000241996 3
0.70366 0.000252789 3
0.703936 0.000263587 3
0.704211 0.000274372 3
0.704487 0.000285123 3
0.704763 0.000295823 3
0.705038 0.000306453 3
0.705314 0.000316994 3
0.70559 0.000327427 3
0.705865 0.000337733 3
0.706141 0.000347895 3
0.706416 0.000357893 3
0.706692 0.000367702 3
0.706968 0.000377308 3
0.707243 0.000386692 3
0.707519 0.00039584 3
0.707794 0.000404732 3
0.70807 0.000413355 3
0.708346 0.000421693 3
0.708621 0.000429731 3
0.708897 0.000437455 3
0.709173 0.000444851 3
0.709448 0.000451903 3
0.709724 0.000458601 3
0.709999 0.00046493 3
0.710275 0.000470878 3
0.710551 0.000477985 3
0.710826 0.000481601 3
0.711102 0.000486345 3
0.711378 0.000490672 3
0.711653 0.000494572 3
0.711929 0.000498042 3
0.712204 0.000501074 3
0.71248 0.000503664 3
0.712756 0.000505808 3
0.713031 0.000507502 3
0.713307 0.000508743 3
0.713583 0.000509527 3
0.713858 0.000509842 3
0.714134 0.000509694 3
0.714409 0.000509082 3
0.714685 0.000508012 3
0.714961 0.000506484 3
0.715236 0.000504505 3
0.715512 0.000502075 3
0.715787 0.000500826 3
0.716063 0.000495907 3
0.716339 0.000492164 3
0.716614 0.000487995 3
0.71689 0.000483412 3
0.717166 0.00047842 3
0.717441 0.000473031 3
0.717717 0.000467251 3
0.717992 0.000461093 3
0.718268 0.000454566 3
0.718544 0.000447685 3
0.718819 0.000440459 3
0.719095 0.000432904 3
0.719371 0.000425029 3
0.719646 0.000416852 3
0.719922 0.000408409 3
0.720197 0.000399696 3
0.720473 0.000390716 3
0.720749 0.000381494 3
0.721024 0.000372045 3
0.7213 0.000362387 3
0.721576 0.000352539 3
0.721851 0.000342522 3
0.722127 0.000332353 3
0.722402 0.00032205 3
0.722678 0.000311632 3
0.722954 0.000301116 3
0.723229 0.00029052 3
0.723505 0.000279862 3
0.72378 0.000269159 3
0.724056 0.00025843 3
0.724332 0.000247692 3
0.724607 0.000236966 3
0.724883 0.000226269 3
0.725159 0.000215621 3
0.725434 0.000205041 3
0.72571 0.000194548 2
0.725985 0.000184161 2
0.726261 0.000173897 2
0.726537 0.000163775 2
0.726812 0.000153822 2
0.727088 0.000144047 2
0.727364 0.000134468 2
0.727639 0.000125109 2
0.727915 0.00011598 2
0.72819 0.000107096 2
0.728466 9.84759e-05 2
0.728742 9.0134e-05 2
0.729017 8.20863e-05 2
0.729293 7.43476e-05 2
0.729569 6.69191e-05 2
0.729844 5.98283e-05 2
0.73012 5.30768e-05 2
0.730395 4.66902e-05 2
0.730671 4.06807e-05 2
0.730947 3.50601e-05 2
0.731222 2.98391e-05 2
0.731498 2.50278e-05 2
0.731773 2.06356e-05 2
0.732049 1.66707e-05 2
0.732325 1.31409e-05 2
0.7326 1.00526e-05 2
0.732876 7.41167e-06 2
0.733152 5.22276e-06 2
0.733427 3.4898e-06 2
0.733703 2.21607e-06 2
0.733978 1.40349e-06 2
0.734254 1.05334e-06 2
0.73453 1.16575e-06 1
0.734805 1.73982e-06 1
0.735081 2.77722e-06 2
0.735357 4.26109e-06 2
0.735632 6.20399e-06 2
0.735908 8.59604e-06 2
0.736183 1.14324e-05 2
0.736459 1.47075e-05 2
0.736735 1.84152e-05 2
0.73701 2.25486e-05 2
0.737286 2.71e-05 2
0.737562 3.20611e-05 2
0.737837 3.74224e-05 2
0.738113 4.32993e-05 2
0.738388 4.92911e-05 2
0.738664 5.57799e-05 2
0.73894 6.26214e-05 2
0.739215 6.98029e-05 2
0.739491 7.73107e-05 2
0.739767 8.5131e-05 2
0.740042 9.32493e-05 2
0.740318 0.000101651 2
0.740593 0.000110322 2
0.740869 0.000119245 2
0.741145 0.000128406 2
0.74142 0.000137788 2
0.741696 0.000147374 2
0.741971 0.000157149 2
0.742247 0.000167091 2
0.742523 0.000177186 2
0.742798 0.000187423 2
0.743074 0.000197779 2
0.74335 0.000208236 2
0.743625 0.000218775 3
0.743901 0.000229378 3
0.744176 0.000240026 3
0.744452 0.0002507 3
0.744728 0.000261381 3
0.745003 0.00027205 3
0.745279 0.000282689 3
0.745555 0.00029328 3
0.74583 0.000303805 3
0.746106 0.000314241 3
0.746381 0.000324575 3
0.746657 0.000334787 3
0.746933 0.000344863 3
0.747208 0.000354778 3
0.747484 0.000364515 3
0.74776 0.000374055 3
0.748035 0.000383382 3
0.748311 0.000392477 3
0.748586 0.000401326 3
0.748862 0.000409903 3
0.749138 0.000418202 3
0.749413 0.000426206 3
0.749689 0.000433902 3
0.749964 0.000442676 3
0.75024 0.000448282 3
0.750516 0.000454965 3
0.750791 0.000461283 3
0.751067 0.000467224 3
0.751343 0.000472778 3
0.751618 0.000477933 3
0.751894 0.000482681 3
0.752169 0.000487013 3
0.752445 0.000490923 3
0.752721 0.000494401 3
0.752996 0.000497445 3
0.753272 0.000500046 3
0.753548 0.000502202 3
0.753823 0.000503907 3
0.754099 0.000505159 3
0.754374 0.000505947 3
0.75465 0.000506277 3
0.754926 0.00050778 3
0.755201 0.000505551 3
0.755477 0.000504501 3
0.755753 0.000502998 3
0.756028 0.000501044 3
0.756304 0.000498644 3
0.756579 0.000495803 3
0.756855 0.000492528 3
0.757131 0.000488824 3
0.757406 0.000484701 3
0.757682 0.000480164 3
0.757957 0.000475225 3
0.758233 0.000469888 3
0.758509 0.000464167 3
0.758784 0.000458069 3
0.75906 0.000451606 3
0.759336 0.000444793 3
0.759611 0.000437638 3
0.759887 0.000430155 3
0.760162 0.000422357 3
0.760438 0.000414257 3
0.760714 0.000405872 3
0.760989 0.000397237 3
0.761265 0.00038834 3
0.761541 0.000379196 3
0.761816 0.00036982 3
0.762092 0.00036023 3
0.762367 0.000350445 3
0.762643 0.000340485 3
0.762919 0.00033037 3
0.763194 0.000320117 3
0.76347 0.000309745 3
0.763746 0.000299272 3
0.764021 0.000288717 3
0.764297 0.000278098 3
0.764572 0.000267434 3
0.764848 0.000256743 3
0.765124 0.000246043 3
0.765399 0.000235354 3
0.765675 0.000224695 3
0.76595 0.000214086 3
0.766226 0.000203545 3
0.766502 0.000193093 3
0.766777 0.000182749 3
0.767053 0.000172531 3
0.767329 0.000162458 3
0.767604 0.000152554 3
0.76788 0.000142831 2
0.768155 0.000133307 2
0.768431 0.000123998 2
0.768707 0.000114921 2
0.768982 0.0001061 2
0.769258 9.75436e-05 2
0.769534 8.92681e-05 2
0.769809 8.12883e-05 2
0.770085 7.36188e-05 2
0.77036 6.62735e-05 2
0.770636 5.92655e-05 2
0.770912 5.26075e-05 2
0.771187 4.63113e-05 2
0.771463 4.03721e-05 2
0.771739 3.48177e-05 2
0.772014 2.96582e-05 2
0.77229 2.48916e-05 2
0.772565 2.05408e-05 2
0.772841 1.66137e-05 2
0.773117 1.31174e-05 2
0.773392 1.00583e-05 2
0.773668 7.44136e-06 2
0.773943 5.26969e-06 2
0.774219 3.54793e-06 2
0.774495 2.27864e-06 2
0.77477 1.46383e-06 2
0.775046 1.10479e-06 1
0.775322 1.20179e-06 2
0.775597 1.75503e-06 2
0.775873 2.76157e-06 2
0.776148 4.21852e-06 2
0.776424 6.12177e-06 2
0.7767 8.46819e-06 2
0.776975 1.12532e-05 2
0.777251 1.44716e-05 2
0.777527 1.81177e-05 2
0.777802 2.21849e-05 2
0.778078 2.66662e-05 2
0.778353 3.15536e-05 2
0.778629 3.68272e-05 2
0.778905 4.24869e-05 2
0.77918 4.85223e-05 2
0.779456 5.49222e-05 2
0.779732 6.16713e-05 2
0.780007 6.87609e-05 2
0.780283 7.61789e-05 2
0.780558 8.3912e-05 2
0.780834 9.1947e-05 2
0.78111 0.000100269 2
0.781385 0.000108865 2
0.781661 0.000117717 2
0.781936 0.000126812 2
0.782212 0.000136131 2
0.782488 0.00014566 2
0.782763 0.000155377 2
0.783039 0.000165267 2
0.783315 0.000175322 2
0.78359 0.000185517 2
0.783866 0.000195834 2
0.784141 0.000206256 3
0.784417 0.000216763 3
0.784693 0.000227337 3
0.784968 0.000237957 3
0.785244 0.000248605 3
0.78552 0.000259259 3
0.785795 0.000269901 3
0.786071 0.000280512 3
0.786346 0.000291072 3
0.786622 0.000301563 3
0.786898 0.000311966 3
0.787173 0.000322261 3
0.787449 0.000332429 3
0.787725 0.000342456 3
0.788 0.000352317 3
0.788276 0.000361991 3
0.788551 0.000371463 3
0.788827 0.000380714 3
0.789103 0.000389731 3
0.789378 0.000398494 3
0.789654 0.000406988 3
0.78993 0.000415199 3
0.790205 0.000423113 3
0.790481 0.000432087 3
0.790756 0.000439387 3
0.791032 0.000446346 3
0.791308 0.000451479 3
0.791583 0.000457701 3
0.791859 0.000463547 3
0.792134 0.000470534 3
0.79241 0.00047408 3
0.792686 0.000478739 3
0.792961 0.000482988 3
0.793237 0.000486818 3
0.793513 0.000490225 3
0.793788 0.000493203 3
0.794064 0.000495749 3
0.794339 0.000497858 3
0.794615 0.000499528 3
0.794891 0.000500747 3
0.795166 0.000501517 3
0.795442 0.00050184 3
0.795718 0.000501696 3
0.795993 0.000501102 3
0.796269 0.000500061 3
0.796544 0.000498573 3
0.79682 0.000496644 3
0.797096 0.000494277 3
0.797371 0.000491477 3
0.797647 0.000488249 3
0.797923 0.000484601 3
0.798198 0.000480537 3
0.798474 0.000476067 3
0.798749 0.000471196 3
0.799025 0.000465935 3
0.799301 0.000460292 3
0.799576 0.000455728 3
0.799852 0.000447879 4
0.800127 0.000441151 3
0.800403 0.000434083 3
0.800679 0.000426688 3
0.800954 0.000418977 3
0.80123 0.000410966 3
0.801506 0.000402698 3
0.801781 0.000394161 3
0.802057 0.000385357 3
0.802332 0.00037631 3
0.802608 0.000367034 3
0.802884 0.000357547 3
0.803159 0.000347868 3
0.803435 0.000338016 3
0.803711 0.00032801 3
0.803986 0.000317866 3
0.804262 0.000307603 3
0.804537 0.000297239 3
0.804813 0.00028679 3
0.805089 0.000276274 3
0.805364 0.00026571 3
0.80564 0.000255116 3
0.805916 0.00024451 3
0.806191 0.000233911 3
0.806467 0.000223339 3
0.806742 0.000212813 3
0.807018 0.000202352 3
0.807294 0.000191977 2
0.807569 0.000181705 2
0.807845 0.000171556 2
0.80812 0.000161547 2
0.808396 0.0001517 2
0.808672 0.000142039 2
0.808947 0.000132573 2
0.809223 0.000123321 2
0.809499 0.000114307 2
0.809774 0.000105539 2
0.81005 9.70348e-05 2
0.810325 8.88088e-05 2
0.810601 8.08633e-05 2
0.810877 7.32272e-05 2
0.811152 6.59147e-05 2
0.811428 5.89388e-05 2
0.811704 5.2299e-05 2
0.811979 4.60221e-05 2
0.812255 4.01199e-05 2
0.81253 3.4603e-05 2
0.812806 2.94816e-05 2
0.813082 2.47649e-05 2
0.813357 2.04614e-05 2
0.813633 1.65787e-05 2
0.813909 1.31237e-05 2
0.814184 1.01022e-05 2
0.81446 7.51927e-06 2
0.814735 5.37908e-06 2
0.815011 3.6849e-06 2
0.815287 2.442e-06 2
0.815562 1.64281e-06 2
0.815838 1.29878e-06 2
0.816113 1.40578e-06 2
0.816389 1.96304e-06 2
0.816665 2.96856e-06 2
0.81694 4.41881e-06 2
0.817216 6.31078e-06 2
0.817492 8.64052e-06 2
0.817767 1.14034e-05 2
0.818043 1.45944e-05 2
0.818318 1.82077e-05 2
0.818594 2.2237e-05 2
0.81887 2.66753e-05 2
0.819145 3.15088e-05 2
0.819421 3.6733e-05 2
0.819697 4.23397e-05 2
0.819972 4.83167e-05 2
0.820248 5.46534e-05 2
0.820523 6.13379e-05 2
0.820799 6.83587e-05 2
0.821075 7.5703e-05 2
0.82135 8.33581e-05 2
0.821626 9.13103e-05 2
0.821902 9.95463e-05 2
0.822177 0.000108051 2
0.822453 0.00011681 2
0.822728 0.000125808 2
0.823004 0.00013503 2
0.82328 0.000144459 2
0.823555 0.000154076 2
0.823831 0.000163867 2
0.824106 0.000173819 2
0.824382 0.000183911 2
0.824658 0.000194125 2
0.824933 0.000204443 2
0.825209 0.000214847 3
0.825485 0.000225318 3
0.82576 0.000235837 3
0.826036 0.000246386 3
0.826311 0.000256944 3
0.826587 0.000267494 3
0.826863 0.000278016 3
0.827138 0.000288491 3
0.827414 0.000298902 3
0.82769 0.000309225 3
0.827965 0.000319446 3
0.828241 0.000329545 3
0.828516 0.000339505 3
0.828792 0.000349305 3
0.829068 0.000358924 3
0.829343 0.000368346 3
0.829619 0.000377553 3
0.829895 0.000386527 3
0.83017 0.000395247 3
0.830446 0.000403704 3
0.830721 0.000411882 3
0.830997 0.000419766 3
0.831273 0.000427343 3
0.831548 0.000434596 3
0.831824 0.000442914 3
0.8321 0.000448056 3
0.832375 0.000454263 3
0.832651 0.000460095 3
0.832926 0.000465544 3
0.833202 0.000470598 3
0.833478 0.00047525 3
0.833753 0.000479492 3
0.834029 0.000483318 3
0.834304 0.0004883 3
0.83458 0.000489702 3
0.834856 0.000492242 3
0.835131 0.000494348 3
0.835407 0.000496012 3
0.835683 0.000497233 3
0.835958 0.000498006 3
0.836234 0.00049833 3
0.836509 0.000498206 3
0.836785 0.000497634 3
0.837061 0.00049662 3
0.837336 0.000495161 3
0.837612 0.000493265 3
0.837888 0.000490934 3
0.838163 0.00048817 3
0.838439 0.000484982 3
0.838714 0.000481371 3
0.83899 0.000477349 3
0.839266 0.000472919 3
0.839541 0.000468093 3
0.839817 0.000462876 3
0.840093 0.000457278 3
0.840368 0.000451308 3
0.840644 0.000444978 3
0.840919 0.0004383 3
0.841195 0.000431284 3
0.841471 0.00042394 3
0.841746 0.000416282 3
0.842022 0.000408322 3
0.842297 0.000400077 3
0.842573 0.000391573 3
0.842849 0.000382806 3
0.843124 0.000373794 3
0.8434 0.000364551 3
0.843676 0.000355095 3
0.843951 0.000345445 3
0.844227 0.00033562 3
0.844502 0.000325639 3
0.844778 0.000315521 3
0.845054 0.000305284 3
0.845329 0.000294948 3
0.845605 0.00028453 3
0.845881 0.000274051 3
0.846156 0.000263527 3
0.846432 0.000252979 3
0.846707 0.000242424 3
0.846983 0.000231882 3
0.847259 0.000221372 3
0.847534 0.000210912 3
0.84781 0.000200524 3
0.848086 0.000190225 3
0.848361 0.000180035 3
0.848637 0.000169973 3
0.848912 0.000160056 2
0.849188 0.000150302 2
0.849464 0.000140734 2
0.849739 0.000131364 2
0.850015 0.000122214 2
0.85029 0.000113295 2
0.850566 0.000104624 2
0.850842 9.62152e-05 2
0.851117 8.80844e-05 2
0.851393 8.02456e-05 2
0.851669 7.27129e-05 2
0.851944 6.54992e-05 2
0.85222 5.86174e-05 2
0.852495 5.20793e-05 2
0.852771 4.58962e-05 2
0.853047 4.00788e-05 2
0.853322 3.46225e-05 2
0.853598 2.95526e-05 2
0.853874 2.48778e-05 2
0.854149 2.06064e-05 2
0.854425 1.67387e-05 2
0.8547 1.32915e-05 2
0.854976 1.02706e-05 2
0.855252 7.68128e-06 2
0.855527 5.52766e-06 2
0.855803 3.81323e-06 2
0.856079 2.54076e-06 2
0.856354 1.71292e-06 2
0.85663 1.33049e-06 2
0.856905 1.39332e-06 2
0.857181 1.90136e-06 2
0.857457 2.85345e-06 2
0.857732 4.24718e-06 2
0.858008 6.07973e-06 2
0.858283 8.34779e-06 2
0.858559 1.10474e-05 2
0.858835 1.41739e-05 2
0.85911 1.77222e-05 2
0.859386 2.16864e-05 2
0.859662 2.60601e-05 2
0.859937 3.08359e-05 2
0.860213 3.61192e-05 2
0.860488 4.15523e-05 2
0.860764 4.7471e-05 2
0.86104 5.37525e-05 2
0.861315 6.03837e-05 2
0.861591 6.73541e-05 2
0.861867 7.46518e-05 2
0.862142 8.22634e-05 2
0.862418 9.01759e-05 2
0.862693 9.83749e-05 2
0.862969 0.000106846 2
0.863245 0.000115574 2
0.86352 0.000124543 2
0.863796 0.000133737 2
0.864072 0.000143136 2
0.864347 0.000152725 2
0.864623 0.000162494 2
0.864898 0.000172419 2
0.865174 0.000182483 2
0.86545 0.000192667 2
0.865725 0.000202952 2
0.866001 0.00021332 2
0.866276 0.00022375 3
0.866552 0.000234224 3
0.866828 0.000244722 3
0.867103 0.000255224 3
0.867379 0.00026571 3
0.867655 0.000276162 3
0.86793 0.000286561 3
0.868206 0.000296888 3
0.868481 0.000307124 3
0.868757 0.000317248 3
0.869033 0.000327245 3
0.869308 0.000337096 3
0.869584 0.000346782 3
0.86986 0.000356282 3
0.870135 0.000365583 3
0.870411 0.000374665 3
0.870686 0.000383516 3
0.870962 0.000392114 3
0.871238 0.000400449 3
0.871513 0.000408505 3
0.871789 0.000416272 3
0.872065 0.000423733 3
0.87234 0.000430877 3
0.872616 0.00043769 3
0.872891 0.00044416 3
0.873167 0.000450274 3
0.873443 0.000457477 3
0.873718 0.000461364 3
0.873994 0.000466354 3
0.87427 0.000470951 3
0.874545 0.000475149 3
0.874821 0.000480498 3
0.875096 0.000482326 3
0.875372 0.000485286 3
0.875648 0.000487827 3
0.875923 0.000489941 3
0.876199 0.000491627 3
0.876474 0.000492867 3
0.87675 0.000493677 3
0.877026 0.000494044 3
0.877301 0.000493967 3
0.877577 0.000493449 3
0.877853 0.000492478 3
0.878128 0.000491067 3
0.878404 0.000489222 3
0.878679 0.000486945 3
0.878955 0.00048424 3
0.879231 0.000481112 3
0.879506 0.000477567 3
0.879782 0.000473611 3
0.880058 0.000469251 3
0.880333 0.000464493 3
0.880609 0.000459348 3
0.880884 0.00045382 3
0.88116 0.000447923 3
0.881436 0.000441662 3
0.881711 0.000435052 3
0.881987 0.000428104 3
0.882263 0.000420829 3
0.882538 0.000413238 3
0.882814 0.000405347 3
0.883089 0.000397206 3
0.883365 0.000388795 3
0.883641 0.000380119 3
0.883916 0.000371196 3
0.884192 0.000362044 3
0.884467 0.00035268 3
0.884743 0.000343124 3
0.885019 0.000333396 3
0.885294 0.000323514 3
0.88557 0.000313496 3
0.885846 0.000303358 3
0.886121 0.000293121 3
0.886397 0.0002828 3
0.886672 0.000272415 3
0.886948 0.000261983 3
0.887224 0.000251523 3
0.887499 0.000241053 3
0.887775 0.000230593 3
0.888051 0.000220162 3
0.888326 0.00020978 3
0.888602 0.000199465 3
0.888877 0.000189237 2
0.889153 0.000179115 2
0.889429 0.000169117 2
0.889704 0.000159262 2
0.88998 0.000149568 2
0.890256 0.000140052 2
0.890531 0.00013074 2
0.890807 0.000121642 2
0.891082 0.000112772 2
0.891358 0.000104156 2
0.891634 9.58004e-05 2
0.891909 8.77201e-05 2
0.892185 7.99299e-05 2
0.89246 7.24436e-05 2
0.892736 6.52747e-05 2
0.893012 5.84211e-05 2
0.893287 5.19098e-05 2
0.893563 4.57382e-05 2
0.893839 3.99319e-05 2
0.894114 3.45014e-05 2
0.89439 2.94563e-05 2
0.894665 2.48055e-05 2
0.894941 2.05573e-05 2
0.895217 1.67192e-05 2
0.895492 1.32979e-05 2
0.895768 1.02991e-05 2
0.896044 7.72796e-06 2
0.896319 5.58869e-06 2
0.896595 3.8848e-06 2
0.89687 2.61914e-06 2
0.897146 1.7938e-06 2
0.897422 1.41015e-06 2
0.897697 1.46841e-06 2
0.897973 1.96807e-06 2
0.898249 2.90783e-06 2
0.898524 4.28521e-06 2
0.8988 6.09754e-06 2
0.899075 8.34163e-06 2
0.899351 1.10112e-05 2
0.899627 1.41026e-05 2
0.899902 1.76106e-05 2
0.900178 2.15327e-05 2
0.900453 2.58583e-05 2
0.900729 3.05797e-05 2
0.901005 3.56887e-05 2
0.90128 4.11764e-05 2
0.901556 4.70331e-05 2
0.901832 5.32487e-05 2
0.902107 5.98116e-05 2
0.902383 6.67107e-05 2
0.902658 7.39332e-05 2
0.902934 8.14667e-05 2
0.90321 8.92978e-05 2
0.903485 9.7413e-05 2
0.903761 0.000105798 2
0.904037 0.000114438 2
0.904312 0.000123317 2
0.904588 0.00013242 2
0.904863 0.000141729 2
0.905139 0.000151226 2
0.905415 0.000160895 2
0.90569 0.000170724 2
0.905966 0.00018069 2
0.906242 0.000190777 2
0.906517 0.000200965 3
0.906793 0.000211237 3
0.907068 0.000221574 3
0.907344 0.000231957 3
0.90762 0.000242367 3
0.907895 0.000252784 3
0.908171 0.00026319 3
0.908446 0.000273565 3
0.908722 0.000283892 3
0.908998 0.00029415 3
0.909273 0.000304321 3
0.909549 0.000314388 3
0.909825 0.000324325 3
0.9101 0.000334123 3
0.910376 0.000343758 3
0.910651 0.000353214 3
0.910927 0.000363614 3
0.911203 0.000372688 3
0.911478 0.000380303 3
0.911754 0.000388872 3
0.91203 0.000397181 3
0.912305 0.000405217 3
0.912581 0.000412965 3
0.912856 0.000420411 3
0.913132 0.00042754 3
0.913408 0.000434341 3
0.913683 0.000440798 4
0.913959 0.000446902 3
0.914235 0.00045264 3
0.91451 0.000458002 3
0.914786 0.000464478 3
0.915061 0.000467567 3
0.915337 0.00047175 3
0.915613 0.000475527 3
0.915888 0.000478892 3
0.916164 0.000481838 3
0.91644 0.000484362 3
0.916715 0.00048646 3
0.916991 0.000488132 3
0.917266 0.000489368 3
0.917542 0.000490166 3
0.917818 0.000490525 3
0.918093 0.000490443 3
0.918369 0.000489922 3
0.918644 0.000488968 3
0.91892 0.000489159 3
0.919196 0.000485758 3
0.919471 0.000483498 3
0.919747 0.000480814 3
0.920023 0.000477708 3
0.920298 0.000474183 3
0.920574 0.000470249 3
0.920849 0.00046591 3
0.921125 0.000461175 3
0.921401 0.000456051 3
0.921676 0.000450549 3
0.921952 0.000444677 3
0.922228 0.000438445 3
0.922503 0.000431863 3
0.922779 0.000424949 3
0.923054 0.000417708 3
0.92333 0.000410155 3
0.923606 0.000402302 3
0.923881 0.000394166 3
0.924157 0.000385773 3
0.924433 0.000377119 3
0.924708 0.000368225 3
0.924984 0.000359106 3
0.925259 0.000349778 3
0.925535 0.000340263 3
0.925811 0.000330577 3
0.926086 0.000320742 3
0.926362 0.000310775 3
0.926637 0.000300696 3
0.926913 0.000290522 3
0.927189 0.000280273 3
0.927464 0.000269966 3
0.92774 0.00025962 3
0.928016 0.000249252 3
0.928291 0.000238882 3
0.928567 0.000228526 3
0.928842 0.000218204 3
0.929118 0.000207935 3
0.929394 0.000197736 3
0.929669 0.000187628 3
0.929945 0.000177627 2
0.930221 0.000167751 2
0.930496 0.000158018 2
0.930772 0.000148444 2
0.931047 0.000139052 2
0.931323 0.000129853 2
0.931599 0.000120863 2
0.931874 0.000112104 2
0.93215 0.000103584 2
0.932426 9.53196e-05 2
0.932701 8.73242e-05 2
0.932977 7.96119e-05 2
0.933252 7.21962e-05 2
0.933528 6.50898e-05 2
0.933804 5.83049e-05 2
0.934079 5.18532e-05 2
0.934355 4.5746e-05 2
0.93463 3.99938e-05 2
0.934906 3.45934e-05 2
0.935182 2.95688e-05 2
0.935457 2.49291e-05 2
0.935733 2.06829e-05 2
0.936009 1.6832e-05 2
0.936284 1.3392e-05 2
0.93656 1.03696e-05 2
0.936835 7.77031e-06 2
0.937111 5.59898e-06 2
0.937387 3.85968e-06 2
0.937662 2.55576e-06 2
0.937938 1.68985e-06 1
0.938214 1.26391e-06 2
0.938489 1.27903e-06 2
0.938765 1.73505e-06 2
0.93904 2.63541e-06 2
0.939316 3.96544e-06 2
0.939592 5.73606e-06 2
0.939867 7.9396e-06 2
0.940143 1.05724e-05 2
0.940419 1.36301e-05 2
0.940694 1.71078e-05 2
0.94097 2.09998e-05 2
0.941245 2.52996e-05 2
0.941521 2.99997e-05 2
0.941797 3.5092e-05 2
0.942072 4.05593e-05 2
0.942348 4.6398e-05 2
0.942623 5.25969e-05 2
0.942899 5.91445e-05 2
0.943175 6.60281e-05 2
0.94345 7.32352e-05 2
0.943726 8.0752e-05 2
0.944002 8.85652e-05 2
0.944277 9.66598e-05 2
0.944553 0.000105021 2
0.944828 0.000113634 2
0.945104 0.000122481 2
0.94538 0.000131547 2
0.945655 0.000140811 2
0.945931 0.000150258 2
0.946207 0.00015988 2
0.946482 0.000169651 2
0.946758 0.000179554 2
0.947033 0.000189571 2
0.947309 0.000199683 2
0.947585 0.000209871 3
0.94786 0.000220116 3
0.948136 0.0002304 3
0.948412 0.000240704 3
0.948687 0.000251008 3
0.948963 0.000261294 3
0.949238 0.000271545 3
0.949514 0.000281742 3
0.94979 0.000291867 3
0.950065 0.000301903 3
0.950341 0.000311828 3
0.950616 0.000321627 3
0.950892 0.00033129 3
0.951168 0.000340792 3
0.951443 0.000350117 3
0.951719 0.000359249 3
0.951995 0.000368172 3
0.95227 0.000376872 3
0.952546 0.000385329 3
0.952821 0.000393535 3
0.953097 0.000401471 3
0.953373 0.000409128 3
0.953648 0.000417837 3
0.953924 0.00042355 3
0.9542 0.000430288 3
0.954475 0.000436693 3
0.954751 0.000442754 4
0.955026 0.000448461 3
0.955302 0.000455283 3
0.955578 0.000458783 3
0.955853 0.000463367 3
0.956129 0.000467562 3
0.956405 0.000471358 3
0.95668 0.000474751 3
0.956956 0.000477733 3
0.957231 0.000480301 3
0.957507 0.000482447 3
0.957783 0.000484169 3
0.958058 0.000485463 3
0.958334 0.000486314 3
0.958609 0.00048673 3
0.958885 0.000486694 3
0.959161 0.000486217 3
0.959436 0.000485304 3
0.959712 0.000483954 3
0.959988 0.000482171 3
0.960263 0.000481487 3
0.960539 0.000477295 3
0.960814 0.000474233 3
0.96109 0.000470756 3
0.961366 0.000466868 3
0.961641 0.000462579 3
0.961917 0.000457892 3
0.962193 0.00045282 3
0.962468 0.000447368 3
0.962744 0.000441548 3
0.963019 0.000435368 3
0.963295 0.000428842 3
0.963571 0.000421983 3
0.963846 0.000414802 3
0.964122 0.000407309 3
0.964398 0.000399521 3
0.964673 0.000391453 3
0.964949 0.000383157 3
0.965224 0.000374605 3
0.9655 0.000365813 3
0.965776 0.000356795 3
0.966051 0.000347567 3
0.966327 0.000338149 3
0.966603 0.000328563 3
0.966878 0.000318826 3
0.967154 0.000308959 3
0.967429 0.000298977 3
0.967705 0.000288899 3
0.967981 0.000278742 3
0.968256 0.000268526 3
0.968532 0.000258266 3
0.968807 0.000247981 3
0.969083 0.000237688 3
0.969359 0.000227408 3
0.969634 0.000217156 3
0.96991 0.000206954 3
0.970186 0.000196819 3
0.970461 0.000186769 3
0.970737 0.000176823 3
0.971012 0.000167 3
0.971288 0.000157316 2
0.971564 0.000147788 2
0.971839 0.000138433 2
0.972115 0.000129271 2
0.972391 0.000120322 2
0.972666 0.000111594 2
0.972942 0.000103104 2
0.973217 9.48746e-05 2
0.973493 8.69121e-05 2
0.973769 7.92309e-05 2
0.974044 7.18447e-05 2
0.97432 6.47665e-05 2
0.974596 5.80088e-05 2
0.974871 5.15836e-05 2
0.975147 4.5502e-05 2
0.975422 3.97589e-05 2
0.975698 3.4381e-05 2
0.975974 2.93642e-05 2
0.976249 2.47333e-05 2
0.976525 2.04968e-05 2
0.9768 1.66628e-05 2
0.977076 1.32385e-05 2
0.977352 1.02303e-05 2
0.977627 7.64375e-06 2
0.977903 5.48354e-06 2
0.978179 3.75363e-06 2
0.978454 2.45728e-06 2
0.97873 1.597e-06 2
0.979005 1.17463e-06 2
0.979281 1.19307e-06 2
0.979557 1.64822e-06 1
0.979832 2.53865e-06 1
0.980108 3.86209e-06 2
0.980384 5.61594e-06 2
0.980659 7.79696e-06 2
0.980935 1.04013e-05 2
0.98121 1.3429e-05 2
0.981486 1.68695e-05 2
0.981762 2.07172e-05 2
0.982037 2.49658e-05 2
0.982313 2.96083e-05 2
0.982589 3.46362e-05 2
0.982864 4.00403e-05 2
0.98314 4.58101e-05 2
0.983415 5.19348e-05 2
0.983691 5.84026e-05 2
0.983967 6.52019e-05 2
0.984242 7.232e-05 2
0.984518 7.97444e-05 2
0.984793 8.74616e-05 2
0.985069 9.54584e-05 2
0.985345 0.00010372 2
0.98562 0.000112232 2
0.985896 0.000120978 2
0.986172 0.000129942 2
0.986447 0.000139105 2
0.986723 0.000148452 2
0.986998 0.000157965 2
0.987274 0.000167635 2
0.98755 0.000177439 2
0.987825 0.000187358 3
0.988101 0.000197377 3
0.988377 0.000207476 3
0.988652 0.000217637 3
0.988928 0.000227842 3
0.989203 0.000238072 3
0.989479 0.000248308 3
0.989755 0.000258531 3
0.99003 0.000268724 3
0.990306 0.000278869 3
0.990582 0.000288947 3
0.990857 0.00029894 3
0.991133 0.00030883 3
0.991408 0.000318597 3
0.991684 0.000328231 3
0.99196 0.000337703 3
0.992235 0.000347002 3
0.992511 0.00035611 3
0.992786 0.000365012 3
0.993062 0.000373693 3
0.993338 0.000383381 3
0.993613 0.000390337 3
0.993889 0.000399535 3
0.994165 0.000407206 3
0.99444 0.000413239 3
0.994716 0.000420285 3
0.994991 0.000427009 3
0.995267 0.000433398 4
0.995543 0.00043944 3
0.995818 0.000445123 3
0.996094 0.000450438 3
0.99637 0.000455375 3
0.996645 0.000459926 3
0.996921 0.000464084 3
0.997196 0.000467843 3
0.997472 0.000471196 3
0.997748 0.000474137 3
0.998023 0.000476662 3
0.998299 0.000478769 3
0.998575 0.00048045 3
0.99885 0.000481703 3
0.999126 0.000482522 3
0.999401 0.000482907 3
0.999677 0.000482855 3
0.999953 0.000483932 3
