0.609375 0.299606
0.607955 0.300781

0.60783 0.300781
0.605531 0.304688

0.605627 0.304688
0.607525 0.308594

0.607692 0.308594
0.609375 0.31016

0.609375 0.300006
0.613281 0.297772

0.609375 0.309618
0.613276 0.3125

0.613087 0.3125
0.613281 0.312622

0.617188 0.296727
0.616687 0.296875

0.613281 0.297888
0.616719 0.296875

0.613281 0.312584
0.617188 0.314605

0.621094 0.296245
0.617536 0.296875

0.617188 0.314354
0.621094 0.315856

0.621094 0.296184
0.625 0.29567

0.621094 0.315878
0.62259 0.316406

0.622448 0.316406
0.625 0.317307

0.625 0.295726
0.628906 0.295392

0.625 0.317218
0.628906 0.318509

0.628906 0.295374
0.632812 0.295141

0.628906 0.318553
0.632812 0.319809

0.632812 0.295155
0.636719 0.295034

0.632812 0.319793
0.634601 0.320312

0.634514 0.320312
0.636719 0.320953

0.636719 0.295043
0.640625 0.294991

0.636719 0.320912
0.640625 0.32199

0.640625 0.294992
0.644531 0.294989

0.640625 0.322014
0.644531 0.323045

0.644531 0.294992
0.648438 0.295033

0.644531 0.323047
0.648438 0.323977

0.648438 0.295036
0.652344 0.295112

0.648438 0.323963
0.649625 0.324219

0.649588 0.324219
0.652344 0.324813

0.652344 0.295113
0.65625 0.295214

0.652344 0.32479
0.65625 0.325601

0.65625 0.295214
0.660156 0.295337

0.65625 0.325624
0.660156 0.326402

0.660156 0.295338
0.664062 0.295482

0.660156 0.326402
0.664062 0.3271

0.664062 0.295483
0.667969 0.295647

0.664062 0.327098
0.667969 0.327721

0.667969 0.295649
0.671875 0.295827

0.667969 0.327717
0.670811 0.328125

0.670796 0.328125
0.671875 0.32828

0.671875 0.295827
0.675781 0.296014

0.671875 0.328273
0.675781 0.328788

0.675781 0.296011
0.679688 0.296213

0.675781 0.328791
0.679688 0.329267

0.679688 0.296211
0.683594 0.296435

0.679688 0.329273
0.683594 0.329693

0.683594 0.296429
0.6875 0.296692

0.683594 0.329687
0.6875 0.330052

0.6875 0.296702
0.689829 0.296875

0.689778 0.296875
0.691406 0.296996

0.6875 0.330051
0.691406 0.330373

0.691406 0.296995
0.695312 0.29729

0.691406 0.330373
0.695312 0.330652

0.695312 0.297283
0.699219 0.297595

0.695312 0.330652
0.699219 0.330886

0.699219 0.297593
0.703125 0.29794

0.699219 0.330885
0.703125 0.331076

0.703125 0.297942
0.707031 0.298323

0.703125 0.331075
0.707031 0.331227

0.707031 0.298326
0.710938 0.298731

0.707031 0.331225
0.710938 0.331341

0.710938 0.298727
0.714844 0.299157

0.710938 0.33134
0.714844 0.331424

0.714844 0.29915
0.71875 0.299625

0.714844 0.331424
0.71875 0.33148

0.71875 0.299623
0.722656 0.300162

0.71875 0.33148
0.722656 0.331511

0.722656 0.300175
0.726562 0.300759

0.722656 0.331511
0.726562 0.33152

0.726562 0.300758
0.726712 0.300781

0.72671 0.300781
0.730469 0.301364

0.726562 0.331519
0.730469 0.331509

0.730469 0.301362
0.734375 0.301996

0.730469 0.331507
0.734375 0.33148

0.734375 0.301989
0.738281 0.30267

0.734375 0.331479
0.738281 0.331439

0.738281 0.302657
0.742188 0.303425

0.738281 0.331439
0.742188 0.331391

0.742188 0.303446
0.746094 0.304285

0.742188 0.331392
0.746094 0.331335

0.746094 0.304294
0.747902 0.304688

0.747902 0.304688
0.75 0.305144

0.746094 0.331334
0.75 0.331267

0.75 0.305136
0.753906 0.305997

0.75 0.331264
0.753906 0.331196

0.753906 0.305968
0.757812 0.306912

0.753906 0.331195
0.757812 0.331132

0.757812 0.306941
0.761719 0.307965

0.757812 0.331137
0.761719 0.331072

0.761719 0.307984
0.764086 0.308594

0.764076 0.308594
0.765625 0.308992

0.761719 0.331074
0.765625 0.330989

0.765625 0.308983
0.769531 0.309944

0.765625 0.330983
0.769531 0.330886

0.769531 0.309914
0.773438 0.310904

0.769531 0.330875
0.773438 0.330803

0.773438 0.310931
0.777344 0.311956

0.773438 0.330819
0.777344 0.330762

0.777344 0.311974
0.779476 0.3125

0.779454 0.3125
0.78125 0.312943

0.777344 0.330761
0.78125 0.330688

0.78125 0.312932
0.785156 0.313809

0.78125 0.330684
0.785156 0.330605

0.785156 0.313809
0.789062 0.314615

0.785156 0.330606
0.789062 0.330526

0.789062 0.314627
0.792969 0.315337

0.789062 0.330526
0.792969 0.330441

0.792969 0.315341
0.796875 0.315923

0.792969 0.330442
0.796875 0.330349

0.796875 0.315924
0.800781 0.316371

0.796875 0.330352
0.800781 0.330247

0.800781 0.316381
0.801124 0.316406

0.801136 0.316406
0.804688 0.316673

0.800781 0.330249
0.804688 0.330126

0.804688 0.316664
0.808594 0.316805

0.804688 0.330125
0.808594 0.329982

0.808594 0.3168
0.8125 0.316819

0.808594 0.32998
0.8125 0.329822

0.8125 0.316812
0.816406 0.316736

0.8125 0.329819
0.816406 0.329655

0.816406 0.316728
0.820312 0.316586

0.816406 0.329652
0.820312 0.329496

0.824219 0.316392
0.823935 0.316406

0.820312 0.316585
0.82394 0.316406

0.820312 0.329495
0.824219 0.329353

0.824219 0.316383
0.828125 0.31616

0.824219 0.329353
0.828125 0.329231

0.828125 0.316162
0.832031 0.315922

0.828125 0.32923
0.832031 0.329128

0.832031 0.31592
0.835938 0.315664

0.832031 0.329128
0.835938 0.329051

0.835938 0.315663
0.839844 0.315394

0.835938 0.329054
0.839844 0.328998

0.839844 0.315393
0.84375 0.315113

0.839844 0.329001
0.84375 0.328954

0.84375 0.315112
0.847656 0.314825

0.84375 0.328956
0.847656 0.32891

0.847656 0.314824
0.851562 0.314534

0.847656 0.328911
0.851562 0.328858

0.851562 0.314533
0.855469 0.314244

0.851562 0.328859
0.855469 0.328797

0.855469 0.314242
0.859375 0.31396

0.855469 0.328798
0.859375 0.328726

0.859375 0.313959
0.863281 0.313687

0.859375 0.328726
0.863281 0.328644

0.863281 0.313686
0.867188 0.313429

0.863281 0.328644
0.867188 0.32855

0.867188 0.313428
0.871094 0.313188

0.867188 0.328551
0.871094 0.328444

0.871094 0.313188
0.875 0.312967

0.871094 0.328443
0.875 0.328321

0.875 0.312965
0.878906 0.312767

0.875 0.328315
0.878906 0.32819

0.878906 0.312765
0.882812 0.3126

0.882812 0.328079
0.881191 0.328125

0.878906 0.328184
0.881005 0.328125

0.886719 0.312464
0.88576 0.3125

0.882812 0.312609
0.885713 0.3125

0.882812 0.328087
0.886719 0.32798

0.886719 0.31246
0.890625 0.312315

0.886719 0.327984
0.890625 0.327849

0.890625 0.312312
0.894531 0.312179

0.890625 0.327835
0.894531 0.327693

0.894531 0.312178
0.898438 0.312064

0.894531 0.327683
0.898438 0.327583

0.898438 0.312063
0.902344 0.311972

0.898438 0.327584
0.902344 0.327541

0.902344 0.311972
0.90625 0.311906

0.902344 0.327544
0.90625 0.327553

0.90625 0.31191
0.910156 0.311862

0.90625 0.327555
0.910156 0.327609

0.910156 0.31187
0.914062 0.311817

0.910156 0.327613
0.914062 0.327702

0.914062 0.311823
0.917969 0.311737

0.914062 0.327707
0.917969 0.327814

0.917969 0.311736
0.921875 0.311606

0.917969 0.327815
0.921875 0.327927

0.921875 0.311608
0.925781 0.311433

0.921875 0.327918
0.925781 0.328049

0.925781 0.311432
0.929688 0.311212

0.925781 0.328042
0.927685 0.328125

0.927473 0.328125
0.929688 0.328222

0.929688 0.311227
0.933594 0.310934

0.929688 0.328224
0.933594 0.328425

0.933594 0.310952
0.9375 0.310521

0.933594 0.328431
0.9375 0.328638

0.9375 0.310505
0.941406 0.309933

0.9375 0.32863
0.941406 0.328848

0.941406 0.309911
0.945312 0.309275

0.941406 0.328849
0.945312 0.329088

0.949219 0.30853
0.948891 0.308594

0.945312 0.309329
0.949086 0.308594

0.945312 0.329094
0.949219 0.329339

0.949219 0.308589
0.953125 0.307554

0.949219 0.329342
0.953125 0.329573

0.953125 0.307547
0.957031 0.306208

0.953125 0.329569
0.957031 0.329788

0.960938 0.30451
0.960512 0.304688

0.957031 0.306214
0.960689 0.304688

0.957031 0.329786
0.960938 0.330004

0.960938 0.304586
0.964844 0.30265

0.960938 0.330009
0.964844 0.330219

0.96875 0.300248
0.967859 0.300781

0.964844 0.302718
0.968078 0.300781

0.964844 0.330222
0.96875 0.33041

0.96875 0.300353
0.972656 0.297528

0.96875 0.330409
0.972656 0.33057

0.976562 0.294196
0.973434 0.296875

0.972656 0.297538
0.973483 0.296875

0.972656 0.33057
0.976562 0.330704

0.980469 0.29023
0.977839 0.292969

0.976562 0.2942
0.977858 0.292969

0.976562 0.330705
0.980469 0.330809

0.984375 0.285592
0.981533 0.289062

0.980469 0.290258
0.98154 0.289062

0.980469 0.330809
0.984375 0.33088

0.988281 0.28
0.98749 0.28125

0.987509 0.28125
0.984711 0.285156

0.984375 0.285609
0.984724 0.285156

0.984375 0.33088
0.988281 0.330914

0.992188 0.273368
0.992152 0.273438

0.992162 0.273438
0.989953 0.277344

0.988281 0.280005
0.989967 0.277344

0.988281 0.330915
0.992188 0.330911

0.996094 0.265181
0.99591 0.265625

0.995914 0.265625
0.994129 0.269531

0.992188 0.273373
0.994137 0.269531

0.992188 0.330911
0.996094 0.330867

1 0.25482
0.998981 0.257812

0.998986 0.257812
0.997522 0.261719

0.996094 0.265179
0.997526 0.261719

0.996094 0.330868
1 0.330784

1.00391 0.240971
1.00362 0.242188

1.00362 0.242188
1.00262 0.246094

1.00262 0.246094
1.00152 0.25

1.00152 0.25
1.00031 0.253906

1 0.254816
1.00031 0.253906

1 0.330784
1.00391 0.330658

1.00781 0.220376
1.00747 0.222656

1.00747 0.222656
1.00683 0.226562

1.00683 0.226562
1.00614 0.230469

1.00614 0.230469
1.00537 0.234375

1.00537 0.234375
1.00454 0.238281

1.00391 0.240962
1.00454 0.238281

1.00391 0.330658
1.00781 0.330491

1.01172 0.181094
1.01156 0.183594

1.01156 0.183594
1.01128 0.1875

1.01128 0.1875
1.01099 0.191406

1.01099 0.191406
1.01067 0.195312

1.01067 0.195312
1.01032 0.199219

1.01032 0.199219
1.00994 0.203125

1.00994 0.203125
1.00953 0.207031

1.00953 0.207031
1.00908 0.210938

1.00908 0.210938
1.00859 0.214844

1.00859 0.214844
1.00805 0.21875

1.00781 0.220369
1.00805 0.21875

1.00781 0.330491
1.01172 0.330283

1.01562 0.0587996
1.01556 0.0625

1.01556 0.0625
1.0155 0.0664062

1.0155 0.0664062
1.01543 0.0703125

1.01543 0.0703125
1.01535 0.0742188

1.01535 0.0742188
1.01528 0.078125

1.01528 0.078125
1.0152 0.0820312

1.0152 0.0820312
1.01511 0.0859375

1.01511 0.0859375
1.01503 0.0898438

1.01503 0.0898438
1.01494 0.09375

1.01494 0.09375
1.01485 0.0976562

1.01485 0.0976562
1.01475 0.101562

1.01475 0.101562
1.01465 0.105469

1.01465 0.105469
1.01455 0.109375

1.01455 0.109375
1.01445 0.113281

1.01445 0.113281
1.01434 0.117188

1.01434 0.117188
1.01423 0.121094

1.01423 0.121094
1.01411 0.125

1.01411 0.125
1.014 0.128906

1.014 0.128906
1.01387 0.132812

1.01387 0.132812
1.01374 0.136719

1.01374 0.136719
1.01361 0.140625

1.01361 0.140625
1.01347 0.144531

1.01347 0.144531
1.01333 0.148438

1.01333 0.148438
1.01317 0.152344

1.01317 0.152344
1.01301 0.15625

1.01301 0.15625
1.01284 0.160156

1.01284 0.160156
1.01266 0.164062

1.01266 0.164062
1.01247 0.167969

1.01247 0.167969
1.01226 0.171875

1.01226 0.171875
1.01205 0.175781

1.01205 0.175781
1.01181 0.179688

1.01172 0.181084
1.01181 0.179688

1.01172 0.330283
1.01562 0.330034

1.01611 0
1.01611 0.00390625

1.01611 0.00390625
1.0161 0.0078125

1.0161 0.0078125
1.01609 0.0117188

1.01609 0.0117188
1.01607 0.015625

1.01607 0.015625
1.01605 0.0195312

1.01605 0.0195312
1.01603 0.0234375

1.01603 0.0234375
1.016 0.0273438

1.016 0.0273438
1.01597 0.03125

1.01597 0.03125
1.01593 0.0351562

1.01593 0.0351562
1.01589 0.0390625

1.01589 0.0390625
1.01585 0.0429688

1.01585 0.0429688
1.0158 0.046875

1.0158 0.046875
1.01574 0.0507812

1.01574 0.0507812
1.01569 0.0546875

1.01569 0.0546875
1.01563 0.0585938

1.01562 0.0587997
1.01563 0.0585938

1.01562 0.330034
1.01953 0.329743

1.01953 0.329743
1.02344 0.32941

1.02344 0.329411
1.02734 0.329037

1.02734 0.329036
1.03125 0.328621

1.03125 0.328621
1.03516 0.328166

1.03906 0.32767
1.03548 0.328125

1.03516 0.328172
1.03552 0.328125

1.03906 0.327669
1.04297 0.327129

1.04297 0.327129
1.04688 0.326546

1.04688 0.326545
1.05078 0.325922

1.05078 0.325922
1.05469 0.325261

1.05469 0.325261
1.05859 0.324563

1.0625 0.323825
1.06042 0.324219

1.05859 0.324567
1.06043 0.324219

1.0625 0.323826
1.06641 0.323044

1.06641 0.323043
1.07031 0.322221

1.07031 0.32222
1.07422 0.32136

1.07422 0.32136
1.07812 0.320464

1.08203 0.319528
1.07877 0.320312

1.07812 0.32047
1.07878 0.320312

1.08203 0.319527
1.08594 0.318545

1.08594 0.318544
1.08984 0.317526

1.08984 0.317527
1.09375 0.316472

1.09766 0.315376
1.09399 0.316406

1.09375 0.316478
1.09401 0.316406

1.09766 0.315373
1.10156 0.314231

1.10156 0.314231
1.10547 0.313055

1.10938 0.311841
1.10726 0.3125

1.10547 0.31306
1.10726 0.3125

1.10938 0.311838
1.11328 0.310573

1.11328 0.310572
1.11719 0.309272

1.12109 0.307935
1.11918 0.308594

1.11719 0.309276
1.11917 0.308594

1.12109 0.30793
1.125 0.306539

1.125 0.306538
1.12891 0.30511

1.13281 0.303643
1.13004 0.304688

1.12891 0.305118
1.13005 0.304688

1.13281 0.303636
1.13672 0.302116

1.14062 0.300564
1.14008 0.300781

1.13672 0.30212
1.14007 0.300781

1.14062 0.300559
1.14453 0.298948

1.14453 0.298944
1.14844 0.29729

1.15234 0.295595
1.14941 0.296875

1.14844 0.297299
1.14941 0.296875

1.15234 0.295586
1.15625 0.293835

1.16016 0.292047
1.15816 0.292969

1.15625 0.293842
1.15814 0.292969

1.16016 0.292036
1.16406 0.290185

1.16797 0.288297
1.1664 0.289062

1.16406 0.290191
1.16638 0.289062

1.16797 0.288284
1.17188 0.28633

1.17578 0.284337
1.17419 0.285156

1.17188 0.286336
1.17417 0.285156

1.17578 0.284321
1.17969 0.282259

1.18359 0.280155
1.18158 0.28125

1.17969 0.282265
1.18156 0.28125

1.18359 0.28014
1.1875 0.277963

1.19141 0.27574
1.1886 0.277344

1.1875 0.277969
1.18859 0.277344

1.19141 0.275734
1.19531 0.273438

1.19531 0.273433
1.19922 0.271075

1.20312 0.268667
1.20173 0.269531

1.19922 0.271076
1.20171 0.269531

1.20312 0.268649
1.20703 0.266156

1.21094 0.263605
1.20785 0.265625

1.20703 0.266154
1.20786 0.265625

1.21484 0.260994
1.21376 0.261719

1.21094 0.263601
1.21373 0.261719

1.21484 0.260971
1.21875 0.258264

1.22266 0.25549
1.21939 0.257812

1.21875 0.25826
1.2194 0.257812

1.22656 0.252647
1.22483 0.253906

1.22266 0.255482
1.22482 0.253906

1.23047 0.24972
1.2301 0.25

1.22656 0.252631
1.23005 0.25

1.23047 0.24969
1.23438 0.246664

1.23828 0.243555
1.23509 0.246094

1.23438 0.246658
1.2351 0.246094

1.24219 0.240362
1.23995 0.242188

1.23828 0.243533
1.23995 0.242188

1.24609 0.237068
1.24465 0.238281

1.24219 0.240328
1.24464 0.238281

1.25 0.233669
1.2492 0.234375

1.24609 0.237039
1.24916 0.234375

1.25391 0.230165
1.25357 0.230469

1.25 0.233644
1.25353 0.230469

1.25781 0.226551
1.2578 0.226562

1.25391 0.230138
1.25777 0.226562

1.25781 0.22652
1.26172 0.222785

1.26562 0.21893
1.26185 0.222656

1.26172 0.222781
1.26185 0.222656

1.26953 0.214944
1.2658 0.21875

1.26562 0.218924
1.2658 0.21875

1.27344 0.210841
1.27335 0.210938

1.27333 0.210938
1.26963 0.214844

1.26953 0.214936
1.26962 0.214844

1.27734 0.206565
1.27693 0.207031

1.27344 0.210818
1.27691 0.207031

1.28125 0.202131
1.28039 0.203125

1.27734 0.206543
1.28038 0.203125

1.28516 0.197529
1.28376 0.199219

1.28125 0.202118
1.28374 0.199219

1.28906 0.192765
1.28701 0.195312

1.28516 0.197537
1.28698 0.195312

1.29297 0.187813
1.29016 0.191406

1.28906 0.192767
1.29014 0.191406

1.29688 0.182647
1.29619 0.183594

1.29617 0.183594
1.29321 0.1875

1.29297 0.187807
1.2932 0.1875

1.30078 0.177246
1.29904 0.179688

1.29688 0.182627
1.29903 0.179688

1.30469 0.171629
1.30453 0.171875

1.30451 0.171875
1.30182 0.175781

1.30078 0.17724
1.3018 0.175781

1.30859 0.165689
1.30712 0.167969

1.30469 0.1716
1.30711 0.167969

1.3125 0.159485
1.3121 0.160156

1.31208 0.160156
1.30964 0.164062

1.30859 0.165672
1.30963 0.164062

1.31641 0.152906
1.31445 0.15625

1.3125 0.159459
1.31444 0.15625

1.32031 0.145949
1.31895 0.148438

1.31894 0.148438
1.31673 0.152344

1.31641 0.152901
1.31673 0.152344

1.32422 0.138543
1.32315 0.140625

1.32315 0.140625
1.32108 0.144531

1.32031 0.145932
1.32108 0.144531

1.32812 0.130612
1.32708 0.132812

1.32707 0.132812
1.32514 0.136719

1.32422 0.138526
1.32514 0.136719

1.33203 0.122055
1.33073 0.125

1.33072 0.125
1.32893 0.128906

1.32812 0.130596
1.32893 0.128906

1.33594 0.112741
1.33572 0.113281

1.33572 0.113281
1.33412 0.117188

1.33411 0.117188
1.33245 0.121094

1.33203 0.122046
1.33245 0.121094

1.33984 0.102402
1.33873 0.105469

1.33873 0.105469
1.33725 0.109375

1.33594 0.112717
1.33725 0.109375

1.34375 0.0907576
1.3428 0.09375

1.3428 0.09375
1.3415 0.0976562

1.3415 0.0976562
1.34015 0.101562

1.33984 0.102392
1.34014 0.101562

1.34766 0.0772054
1.34742 0.078125

1.34741 0.078125
1.34634 0.0820312

1.34634 0.0820312
1.34522 0.0859375

1.34522 0.0859375
1.34404 0.0898438

1.34375 0.0907482
1.34404 0.0898438

1.35156 0.0604225
1.35114 0.0625

1.35114 0.0625
1.35029 0.0664062

1.35029 0.0664062
1.34938 0.0703125

1.34938 0.0703125
1.34843 0.0742188

1.34766 0.0771877
1.34843 0.0742188

1.35547 0.0362587
1.35512 0.0390625

1.35512 0.0390625
1.35459 0.0429688

1.35459 0.0429688
1.354 0.046875

1.354 0.046875
1.35336 0.0507812

1.35336 0.0507812
1.35268 0.0546875

1.35268 0.0546875
1.35193 0.0585938

1.35156 0.060412
1.35193 0.0585938

1.35765 0
1.35762 0.00390625

1.35762 0.00390625
1.35755 0.0078125

1.35755 0.0078125
1.35742 0.0117188

1.35742 0.0117188
1.35725 0.015625

1.35725 0.015625
1.35702 0.0195312

1.35702 0.0195312
1.35674 0.0234375

1.35674 0.0234375
1.35641 0.0273438

1.35641 0.0273438
1.35603 0.03125

1.35603 0.03125
1.3556 0.0351562

1.35547 0.0362482
1.3556 0.0351562

kappa_offset_provider_stats evaluations=495233 clamp_hits=0 denominator_guard_hits=0 min_abs_denominator=0.77728746251670433 max_abs_d_over_h=0.50037440073820461 grad_samples=495233 grad_min=0.81985760796148832 grad_mean=0.99957564143015343 grad_std=0.005470618018682611 grad_max=1.0067814595433973
