0.609375 0.291388
0.604894 0.296875

0.603851 0.296875
0.604401 0.3125

0.605746 0.3125
0.609375 0.316721

0.609375 0.294677
0.625 0.282707

0.609375 0.314687
0.625 0.325072

0.640625 0.281043
0.639749 0.28125

0.625 0.284324
0.638015 0.28125

0.625 0.321185
0.640625 0.325582

0.65625 0.281001
0.650673 0.28125

0.640625 0.281634
0.649242 0.28125

0.640625 0.326722
0.647004 0.328125

0.645361 0.328125
0.65625 0.33052

0.65625 0.281111
0.671875 0.28115

0.65625 0.329588
0.671875 0.330925

0.671875 0.281258
0.6875 0.281517

0.671875 0.330892
0.6875 0.331803

0.6875 0.28153
0.703125 0.281766

0.6875 0.331867
0.703125 0.332289

0.703125 0.281769
0.71875 0.281953

0.703125 0.332243
0.71875 0.33214

0.71875 0.281961
0.734375 0.282073

0.71875 0.332097
0.734375 0.331647

0.734375 0.282087
0.75 0.282081

0.734375 0.331613
0.75 0.330968

0.75 0.282087
0.765625 0.281923

0.75 0.330939
0.765625 0.330227

0.765625 0.281922
0.78125 0.281591

0.765625 0.330216
0.78125 0.329516

0.78125 0.281527
0.791622 0.28125

0.78125 0.329522
0.796875 0.328843

0.796875 0.28117
0.8125 0.280673

0.796875 0.32881
0.8125 0.328204

0.8125 0.280686
0.828125 0.28001

0.828125 0.327658
0.817766 0.328125

0.828125 0.280027
0.84375 0.279112

0.828125 0.327815
0.84375 0.326384

0.84375 0.279103
0.859375 0.277932

0.84375 0.326197
0.859375 0.324023

0.859375 0.277931
0.875 0.276526

0.859375 0.323846
0.875 0.321657

0.875 0.276523
0.890625 0.274895

0.875 0.321616
0.890625 0.319847

0.890625 0.274917
0.90625 0.273029

0.890625 0.319871
0.90625 0.318559

0.90625 0.272979
0.921875 0.270888

0.90625 0.318569
0.921875 0.317647

0.921875 0.270776
0.9375 0.268808

0.921875 0.317638
0.9375 0.317101

0.9375 0.268961
0.953125 0.267033

0.9375 0.317114
0.953125 0.316955

0.96875 0.264481
0.962239 0.265625

0.953125 0.26736
0.963003 0.265625

0.953125 0.317003
0.96875 0.317098

0.96875 0.264491
0.984375 0.260526

0.96875 0.317113
0.984375 0.317334

0.984375 0.260958
1 0.255054

0.984375 0.31739
1 0.317596

1.01562 0.245426
1.00887 0.25

1 0.255751
1.00918 0.25

1 0.317696
1.01562 0.317576

1.03125 0.225123
1.02591 0.234375

1.01562 0.246042
1.0265 0.234375

1.01562 0.317667
1.03125 0.316839

1.03919 0
1.03922 0.015625

1.03922 0.015625
1.03931 0.03125

1.03931 0.03125
1.03947 0.046875

1.03947 0.046875
1.03971 0.0625

1.03971 0.0625
1.04004 0.078125

1.04004 0.078125
1.04046 0.09375

1.04046 0.09375
1.04095 0.109375

1.04096 0.109375
1.04148 0.125

1.04151 0.125
1.04199 0.140625

1.04204 0.140625
1.0423 0.15625

1.04237 0.15625
1.04213 0.171875

1.04223 0.171875
1.04115 0.1875

1.04132 0.1875
1.03883 0.203125

1.03914 0.203125
1.0343 0.21875

1.03125 0.22516
1.03474 0.21875

1.03125 0.31681
1.04688 0.31515

1.04688 0.315017
1.0625 0.31285

1.07812 0.310294
1.06521 0.3125

1.0625 0.313048
1.06571 0.3125

1.07812 0.310289
1.09375 0.306907

1.09375 0.306911
1.10938 0.302851

1.10938 0.302828
1.125 0.298127

1.14062 0.292707
1.12879 0.296875

1.125 0.298287
1.12901 0.296875

1.14062 0.29262
1.15625 0.286331

1.17188 0.279407
1.16785 0.28125

1.15625 0.286444
1.1676 0.28125

1.17188 0.27921
1.1875 0.271151

1.20312 0.262383
1.19754 0.265625

1.1875 0.27124
1.19717 0.265625

1.20312 0.262157
1.21875 0.251899

1.23438 0.240519
1.22148 0.25

1.21875 0.251972
1.22157 0.25

1.25 0.227655
1.24193 0.234375

1.23438 0.240307
1.24178 0.234375

1.26562 0.212859
1.25962 0.21875

1.25 0.227307
1.25934 0.21875

1.28125 0.195786
1.27491 0.203125

1.26562 0.212606
1.27461 0.203125

1.29688 0.175903
1.28817 0.1875

1.28125 0.195577
1.28789 0.1875

1.3125 0.15239
1.31028 0.15625

1.31008 0.15625
1.29979 0.171875

1.29688 0.175774
1.29965 0.171875

1.32812 0.122277
1.32696 0.125

1.32684 0.125
1.31904 0.140625

1.3125 0.151906
1.319 0.140625

1.34375 0.0786502
1.33918 0.09375

1.33918 0.09375
1.3335 0.109375

1.32812 0.121892
1.33349 0.109375

1.3543 0
1.35389 0.015625

1.35388 0.015625
1.35264 0.03125

1.35266 0.03125
1.35059 0.046875

1.35059 0.046875
1.34767 0.0625

1.34769 0.0625
1.3439 0.078125

1.34375 0.0785776
1.34389 0.078125

kappa_offset_provider_stats evaluations=23941 clamp_hits=0 denominator_guard_hits=0 min_abs_denominator=0.71368853523761944 max_abs_d_over_h=0.50361498531873261 grad_samples=23941 grad_min=0.78371899088875818 grad_mean=0.99755509692944222 grad_std=0.019738949547953081 grad_max=1.0233797140262453
