0 0.00999097
0.0338878 0.00998507
0.0677756 0.00996816
0.101663 0.00994063
0.135551 0.00990278
0.169439 0.00985465
0.203327 0.00979647
0.237215 0.00972847
0.271102 0.00965087
0.30499 0.00956388
0.338878 0.00946773
0.372766 0.00936266
0.406653 0.00924888
0.440541 0.00912658
0.474429 0.00899595
0.508317 0.00885718
0.542205 0.00871045
0.576092 0.00855597
0.60998 0.00839396
0.643868 0.00822466
0.677756 0.00804832
0.711644 0.00786516
0.745531 0.00767538
0.779419 0.00747973
0.813307 0.007278
0.847195 0.00707039
0.881082 0.00685718
0.91497 0.00663862
0.948858 0.00641496
0.982746 0.00618644
1.01663 0.0059533
1.05052 0.00571579
1.08441 0.00547419
1.1183 0.00522876
1.15218 0.00497977
1.18607 0.00472748
1.21996 0.00447216
1.25385 0.00421408
1.28774 0.00395351
1.32162 0.00369066
1.35551 0.00342584
1.3894 0.00315937
1.42329 0.00289152
1.45717 0.00262255
1.49106 0.00235274
1.52495 0.00208235
1.55884 0.00181167
1.59273 0.00154096
1.62661 0.00127049
1.6605 0.00100055
1.69439 0.000731388
1.72828 0.000463267
1.76216 0.000196446
1.79605 6.86525e-05
1.82994 0.000332058
1.86383 0.000593357
1.89772 0.00085231
1.9316 0.00110868
1.96549 0.00136224
1.99938 0.00161276
2.03327 0.00186003
2.06716 0.00210383
2.10104 0.00234397
2.13493 0.00258024
2.16882 0.00281243
2.20271 0.00304038
2.23659 0.00326388
2.27048 0.00348276
2.30437 0.00369686
2.33826 0.00390601
2.37215 0.00410998
2.40603 0.00430867
2.43992 0.00450194
2.47381 0.00468966
2.5077 0.00487169
2.54158 0.00504789
2.57547 0.00521813
2.60936 0.0053823
2.64325 0.00554028
2.67714 0.00569195
2.71102 0.0058372
2.74491 0.00597595
2.7788 0.00610809
2.81269 0.00623355
2.84657 0.00635225
2.88046 0.00646412
2.91435 0.00656909
2.94824 0.00666711
2.98213 0.00675813
3.01601 0.00684211
3.0499 0.00691902
3.08379 0.00698884
3.11768 0.00705153
3.15156 0.0071071
3.18545 0.00715554
3.21934 0.00719685
3.25323 0.00723104
3.28712 0.00725814
3.321 0.00727815
3.35489 0.00729113
3.38878 0.00729709
3.42267 0.0072961
3.45655 0.0072882
3.49044 0.00727344
3.52433 0.00725191
3.55822 0.00722366
3.59211 0.00718877
3.62599 0.00714733
3.65988 0.00709943
3.69377 0.00704515
3.72766 0.00698459
3.76154 0.00691787
3.79543 0.00684507
3.82932 0.00676633
3.86321 0.00668175
3.8971 0.00659145
3.93098 0.00649556
3.96487 0.00639422
3.99876 0.00628754
4.03265 0.00617567
4.06653 0.00605875
4.10042 0.00593693
4.13431 0.00581034
4.1682 0.00567915
4.20209 0.00554351
4.23597 0.00540357
4.26986 0.0052595
4.30375 0.00511146
4.33764 0.00495962
4.37152 0.00480415
4.40541 0.00464522
4.4393 0.004483
4.47319 0.00431767
4.50708 0.00414941
4.54096 0.00397839
4.57485 0.00380477
4.60874 0.00362872
4.64263 0.00345048
4.67651 0.00327024
4.7104 0.00308817
4.74429 0.00290446
4.77818 0.00271931
4.81207 0.0025329
4.84595 0.00234542
4.87984 0.00215706
4.91373 0.001968
4.94762 0.00177845
4.9815 0.00158857
5.01539 0.00139856
5.04928 0.00120861
5.08317 0.00101889
5.11706 0.000829587
5.15094 0.000640885
5.18483 0.000452961
5.21872 0.000265986
5.25261 8.01303e-05
5.28649 0.000104289
5.32038 0.000287364
5.35427 0.000468783
5.38816 0.000648389
5.42205 0.000826027
5.45593 0.00100155
5.48982 0.00117481
5.52371 0.00134565
5.5576 0.00151394
5.59149 0.00167954
5.62537 0.0018423
5.65926 0.0020021
5.69315 0.00215881
5.72704 0.0023123
5.76092 0.00246246
5.79481 0.00260916
5.8287 0.00275229
5.86259 0.00289176
5.89648 0.00302744
5.93036 0.00315925
5.96425 0.00328708
5.99814 0.00341084
6.03203 0.00353043
6.06591 0.00364579
6.0998 0.00375681
6.13369 0.00386342
6.16758 0.00396554
6.20147 0.00406309
6.23535 0.00415603
6.26924 0.0042443
6.30313 0.00432786
6.33702 0.00440664
6.3709 0.00448061
6.40479 0.00454973
6.43868 0.00461397
6.47257 0.0046733
6.50646 0.0047277
6.54034 0.00477715
6.57423 0.00482164
6.60812 0.00486117
6.64201 0.00489572
6.67589 0.00492531
6.70978 0.00494994
6.74367 0.00496963
6.77756 0.00498439
6.81145 0.00499424
6.84533 0.00499922
6.87922 0.00499935
6.91311 0.00499467
6.947 0.00498522
6.98088 0.00497105
7.01477 0.0049522
7.04866 0.00492873
7.08255 0.00490069
7.11644 0.00486814
7.15032 0.00483116
7.18421 0.00478979
7.2181 0.00474413
7.25199 0.00469423
7.28587 0.00464018
7.31976 0.00458206
7.35365 0.00451996
7.38754 0.00445396
7.42143 0.00438415
7.45531 0.00431063
7.4892 0.00423348
7.52309 0.00415282
7.55698 0.00406873
7.59086 0.00398132
7.62475 0.0038907
7.65864 0.00379695
7.69253 0.00370022
7.72642 0.0036006
7.7603 0.00349823
7.79419 0.00339322
7.82808 0.00328567
7.86197 0.00317573
7.89585 0.0030635
7.92974 0.00294912
7.96363 0.0028327
7.99752 0.00271437
8.03141 0.00259426
8.06529 0.00247249
8.09918 0.0023492
8.13307 0.00222451
8.16696 0.00209856
8.20084 0.00197148
8.23473 0.00184339
8.26862 0.00171443
8.30251 0.00158472
8.3364 0.00145441
8.37028 0.00132361
8.40417 0.00119247
8.43806 0.00106109
8.47195 0.000929629
8.50583 0.000798198
8.53972 0.000666927
8.57361 0.000535941
8.6075 0.000405367
8.64139 0.000275325
8.67527 0.000145935
8.70916 1.73164e-05
8.74305 0.000110222
8.77694 0.00023692
8.81082 0.000362492
8.84471 0.000486818
8.8786 0.000609785
8.91249 0.000731287
8.94638 0.000851223
8.98026 0.000969502
9.01415 0.00108601
9.04804 0.00120066
9.08193 0.00131334
9.11582 0.00142397
9.1497 0.00153246
9.18359 0.00163872
9.21748 0.00174266
9.25137 0.00184421
9.28525 0.00194329
9.31914 0.00203981
9.35303 0.00213371
9.38692 0.00222491
9.42081 0.00231335
9.45469 0.00239896
9.48858 0.00248168
9.52247 0.00256145
9.55636 0.00263822
9.59024 0.00271192
9.62413 0.00278252
9.65802 0.00284996
9.69191 0.0029142
9.7258 0.0029752
9.75968 0.00303292
9.79357 0.00308733
9.82746 0.00313841
9.86135 0.00318612
9.89523 0.00323044
9.92912 0.00327136
9.96301 0.00330886
9.9969 0.00334292
10.0308 0.00337354
10.0647 0.00340072
10.0986 0.00342445
10.1324 0.00344474
10.1663 0.00346158
10.2002 0.003475
10.2341 0.003485
10.268 0.00349159
10.3019 0.0034948
10.3358 0.00349465
10.3697 0.00349116
10.4036 0.00348436
10.4374 0.00347427
10.4713 0.00346095
10.5052 0.00344441
10.5391 0.0034247
10.573 0.00340186
10.6069 0.00337594
10.6408 0.00334698
10.6747 0.00331503
10.7085 0.00328015
10.7424 0.00324238
10.7763 0.00320179
10.8102 0.00315844
10.8441 0.00311238
10.878 0.00306367
10.9119 0.00301239
10.9458 0.0029586
10.9796 0.00290237
11.0135 0.00284377
11.0474 0.00278286
11.0813 0.00271974
11.1152 0.00265446
11.1491 0.00258712
11.183 0.00251778
11.2169 0.00244653
11.2507 0.00237345
11.2846 0.00229862
11.3185 0.00222212
11.3524 0.00214405
11.3863 0.00206449
11.4202 0.00198351
11.4541 0.00190123
11.488 0.0018177
11.5218 0.00173304
11.5557 0.00164732
11.5896 0.00156064
11.6235 0.00147309
11.6574 0.00138475
11.6913 0.00129573
11.7252 0.0012061
11.7591 0.00111597
11.793 0.00102541
11.8268 0.000934531
11.8607 0.000843409
11.8946 0.000752135
11.9285 0.000660801
11.9624 0.000569496
11.9963 0.000478307
12.0302 0.000387314
12.0641 0.000296606
12.0979 0.000206272
12.1318 0.000116402
12.1657 2.70744e-05
12.1996 6.14739e-05
12.2335 0.000149469
12.2674 0.000236679
12.3013 0.00032303
12.3352 0.000408443
12.369 0.00049284
12.4029 0.000576148
12.4368 0.000658297
12.4707 0.000739216
12.5046 0.000818841
12.5385 0.00089711
12.5724 0.00097395
12.6063 0.0010493
12.6401 0.0011231
12.674 0.00119528
12.7079 0.0012658
12.7418 0.0013346
12.7757 0.00140163
12.8096 0.00146683
12.8435 0.00153016
12.8774 0.00159157
12.9112 0.00165101
12.9451 0.00170843
12.979 0.00176381
13.0129 0.0018171
13.0468 0.00186827
13.0807 0.00191727
13.1146 0.00196408
13.1485 0.00200867
13.1823 0.00205101
13.2162 0.00209107
13.2501 0.00212884
13.284 0.00216429
13.3179 0.0021974
13.3518 0.00222816
13.3857 0.00225656
13.4196 0.00228258
13.4535 0.00230622
13.4873 0.00232748
13.5212 0.00234634
13.5551 0.00236281
13.589 0.00237689
13.6229 0.00238859
13.6568 0.0023979
13.6907 0.00240484
13.7246 0.00240942
13.7584 0.00241165
13.7923 0.00241155
13.8262 0.00240913
13.8601 0.00240441
13.894 0.00239742
13.9279 0.00238817
13.9618 0.00237669
13.9957 0.00236302
14.0295 0.00234717
14.0634 0.00232918
14.0973 0.00230909
14.1312 0.00228692
14.1651 0.00226271
14.199 0.00223651
14.2329 0.00220834
14.2668 0.00217826
14.3006 0.0021463
14.3345 0.0021125
14.3684 0.00207692
14.4023 0.0020396
14.4362 0.00200059
14.4701 0.00195993
14.504 0.00191768
14.5379 0.00187389
14.5717 0.00182861
14.6056 0.00178189
14.6395 0.0017338
14.6734 0.00168438
14.7073 0.00163369
14.7412 0.0015818
14.7751 0.00152875
14.809 0.00147461
14.8429 0.00141943
14.8767 0.00136329
14.9106 0.00130623
14.9445 0.00124833
14.9784 0.00118963
15.0123 0.0011302
15.0462 0.00107011
15.0801 0.00100942
15.114 0.000948188
15.1478 0.000886479
15.1817 0.000824358
15.2156 0.000761885
15.2495 0.000699123
15.2834 0.000636134
15.3173 0.000572983
15.3512 0.000509729
15.3851 0.000446434
15.4189 0.000383162
15.4528 0.000319974
15.4867 0.000256932
15.5206 0.000194089
15.5545 0.000131499
15.5884 6.92235e-05
15.6223 7.32697e-06
15.6562 5.39539e-05
15.69 0.000114921
15.7239 0.000175336
15.7578 0.000235151
15.7917 0.000294315
15.8256 0.000352779
15.8595 0.00041049
15.8934 0.000467393
15.9273 0.000523441
15.9611 0.000578587
15.995 0.000632787
16.0289 0.000685998
16.0628 0.000738175
16.0967 0.000789275
16.1306 0.000839256
16.1645 0.000888078
16.1984 0.000935704
16.2323 0.000982097
16.2661 0.00102722
16.3 0.00107104
16.3339 0.00111353
16.3678 0.00115465
16.4017 0.00119438
16.4356 0.00123268
16.4695 0.00126953
16.5034 0.00130491
16.5372 0.00133878
16.5711 0.00137114
16.605 0.00140195
16.6389 0.0014312
16.6728 0.00145887
16.7067 0.00148494
16.7406 0.00150941
16.7745 0.00153226
16.8083 0.00155348
16.8422 0.00157306
16.8761 0.001591
16.91 0.00160728
16.9439 0.0016219
16.9778 0.00163487
17.0117 0.00164618
17.0456 0.00165584
17.0794 0.00166383
17.1133 0.00167018
17.1472 0.00167488
17.1811 0.00167795
17.215 0.00167939
17.2489 0.00167921
17.2828 0.00167742
17.3167 0.00167404
17.3505 0.00166908
17.3844 0.00166256
17.4183 0.0016545
17.4522 0.00164491
17.4861 0.00163381
17.52 0.00162123
17.5539 0.00160719
17.5878 0.00159171
17.6216 0.00157482
17.6555 0.00155655
17.6894 0.00153692
17.7233 0.00151595
17.7572 0.00149369
17.7911 0.00147016
17.825 0.00144539
17.8589 0.00141941
17.8928 0.00139226
17.9266 0.00136398
17.9605 0.00133459
17.9944 0.00130413
18.0283 0.00127264
18.0622 0.00124017
18.0961 0.00120673
18.13 0.00117238
18.1639 0.00113716
18.1977 0.00110109
18.2316 0.00106424
18.2655 0.00102662
18.2994 0.000988296
18.3333 0.000949299
18.3672 0.000909672
18.4011 0.000869457
18.435 0.000828696
18.4688 0.000787433
18.5027 0.000745712
18.5366 0.000703577
18.5705 0.00066107
18.6044 0.000618236
18.6383 0.000575118
18.6722 0.000531758
18.7061 0.000488201
18.7399 0.00044449
18.7738 0.000400669
18.8077 0.000356779
18.8416 0.000312863
18.8755 0.000268963
18.9094 0.000225123
18.9433 0.000181384
18.9772 0.000137786
19.011 9.43712e-05
19.0449 5.11794e-05
19.0788 8.24999e-06
19.1127 3.41765e-05
19.1466 7.6462e-05
19.1805 0.000118371
19.2144 0.000159862
19.2483 0.000200896
19.2822 0.000241438
19.316 0.000281457
19.3499 0.000320913
19.3838 0.000359775
19.4177 0.00039801
19.4516 0.00043559
19.4855 0.000472481
19.5194 0.000508652
19.5533 0.000544075
19.5871 0.000578721
19.621 0.000612561
19.6549 0.00064557
19.6888 0.000677722
19.7227 0.000708992
19.7566 0.000739358
19.7905 0.000768795
19.8244 0.000797284
19.8582 0.000824803
19.8921 0.000851332
19.926 0.000876854
19.9599 0.000901351
19.9938 0.000924806
20.0277 0.000947205
20.0616 0.000968534
20.0955 0.000988779
20.1293 0.00100793
20.1632 0.00102597
20.1971 0.0010429
20.231 0.00105871
20.2649 0.00107338
20.2988 0.00108692
20.3327 0.00109931
20.3666 0.00111056
20.4004 0.00112066
20.4343 0.00112962
20.4682 0.00113742
20.5021 0.00114407
20.536 0.00114958
20.5699 0.00115394
20.6038 0.00115716
20.6377 0.00115925
20.6716 0.0011602
20.7054 0.00116004
20.7393 0.00115876
20.7732 0.00115638
20.8071 0.0011529
20.841 0.00114834
20.8749 0.00114272
20.9088 0.00113603
20.9427 0.0011283
20.9765 0.00111954
21.0104 0.00110977
21.0443 0.001099
21.0782 0.00108726
21.1121 0.00107455
21.146 0.00106091
21.1799 0.00104634
21.2138 0.00103087
21.2476 0.00101453
21.2815 0.000997321
21.3154 0.000979282
21.3493 0.000960431
21.3832 0.000940792
21.4171 0.00092039
21.451 0.000899249
21.4849 0.000877395
21.5187 0.000854855
21.5526 0.000831654
21.5865 0.00080782
21.6204 0.00078338
21.6543 0.000758361
21.6882 0.000732792
21.7221 0.000706702
21.756 0.00068012
21.7898 0.000653074
21.8237 0.000625592
21.8576 0.000597705
21.8915 0.000569441
21.9254 0.00054083
21.9593 0.000511904
21.9932 0.000482692
22.0271 0.000453225
22.061 0.000423532
22.0948 0.000393645
22.1287 0.000363592
22.1626 0.000333404
22.1965 0.000303111
22.2304 0.000272743
22.2643 0.00024233
22.2982 0.000211899
22.3321 0.000181481
22.3659 0.000151106
22.3998 0.000120803
22.4337 9.06005e-05
22.4676 6.05243e-05
22.5015 3.06035e-05
22.5354 8.67239e-07
22.5693 2.84646e-05
22.6032 5.77508e-05
22.637 8.67719e-05
22.6709 0.000115503
22.7048 0.000143918
22.7387 0.000171991
22.7726 0.000199699
22.8065 0.000227017
22.8404 0.000253925
22.8743 0.000280399
22.9081 0.000306416
22.942 0.000331954
22.9759 0.000356993
23.0098 0.00038151
23.0437 0.000405487
23.0776 0.000428904
23.1115 0.000451744
23.1454 0.000473988
23.1792 0.000495619
23.2131 0.000516622
23.247 0.00053698
23.2809 0.000556679
23.3148 0.000575705
23.3487 0.000594044
23.3826 0.000611684
23.4165 0.000628612
23.4503 0.000644818
23.4842 0.00066029
23.5181 0.00067502
23.552 0.000688998
23.5859 0.000702217
23.6198 0.000714668
23.6537 0.000726346
23.6876 0.000737244
23.7215 0.000747359
23.7553 0.000756685
23.7892 0.000765219
23.8231 0.000772959
23.857 0.000779904
23.8909 0.000786051
23.9248 0.000791402
23.9587 0.000795956
23.9926 0.000799715
24.0264 0.00080268
24.0603 0.000804856
24.0942 0.000806245
24.1281 0.000806851
24.162 0.000806681
24.1959 0.000805738
24.2298 0.000804031
24.2637 0.000801565
24.2975 0.00079835
24.3314 0.000794393
24.3653 0.000789703
24.3992 0.000784291
24.4331 0.000778167
24.467 0.000771341
24.5009 0.000763826
24.5348 0.000755633
24.5686 0.000746775
24.6025 0.000737266
24.6364 0.000727119
24.6703 0.000716348
24.7042 0.000704969
24.7381 0.000692996
24.772 0.000680445
24.8059 0.000667333
24.8397 0.000653676
24.8736 0.000639491
24.9075 0.000624794
24.9414 0.000609605
24.9753 0.000593941
