0.912909 0
0.912959 0.015625

0.912958 0.015625
0.91311 0.03125

0.913108 0.03125
0.913365 0.046875

0.913363 0.046875
0.913731 0.0625

0.913728 0.0625
0.914216 0.078125

0.914212 0.078125
0.914833 0.09375

0.914828 0.09375
0.915596 0.109375

0.91559 0.109375
0.916526 0.125

0.916519 0.125
0.917649 0.140625

0.91764 0.140625
0.918994 0.15625

0.918985 0.15625
0.920597 0.171875

0.920579 0.171875
0.921875 0.182426

0.921875 0.182349
0.922508 0.1875

0.922481 0.1875
0.924776 0.203125

0.924756 0.203125
0.927507 0.21875

0.927485 0.21875
0.930779 0.234375

0.930762 0.234375
0.934675 0.25

0.93454 0.25
0.9375 0.259663

0.9375 0.259444
0.939394 0.265625

0.939353 0.265625
0.945229 0.28125

0.94497 0.28125
0.952454 0.296875

0.95163 0.296875
0.953125 0.299426

0.953125 0.298445
0.962588 0.3125

0.961835 0.3125
0.96875 0.320289

0.96875 0.319869
0.979063 0.328125

0.977646 0.328125
0.984375 0.332596

0.984375 0.331482
1 0.33849

1 0.338556
1.01562 0.342204

1.01562 0.342134
1.03125 0.342429

1.03125 0.342252
1.04688 0.339686

1.04688 0.339534
1.0625 0.334766

1.0625 0.334719
1.07812 0.328147

1.07812 0.328092
1.09375 0.319921

1.07812 0.328152
1.07818 0.328125

1.10938 0.310522
1.1062 0.3125

1.09375 0.319879
1.10557 0.3125

1.10938 0.310075
1.125 0.298933

1.14062 0.286631
1.1277 0.296875

1.125 0.298884
1.12765 0.296875

1.15625 0.272982
1.14683 0.28125

1.14062 0.286365
1.14663 0.28125

1.17188 0.257664
1.1639 0.265625

1.15625 0.272607
1.16362 0.265625

1.1875 0.240642
1.17921 0.25

1.17188 0.257402
1.17891 0.25

1.20312 0.221795
1.19299 0.234375

1.1875 0.240497
1.19276 0.234375

1.21875 0.200663
1.21714 0.203125

1.21693 0.203125
1.20553 0.21875

1.20312 0.221683
1.2054 0.21875

1.23438 0.175608
1.22728 0.1875

1.21875 0.200243
1.22719 0.1875

1.25 0.145637
1.24495 0.15625

1.2449 0.15625
1.23653 0.171875

1.23438 0.175451
1.23649 0.171875

1.26562 0.10636
1.26468 0.109375

1.26464 0.109375
1.2589 0.125

1.25888 0.125
1.25231 0.140625

1.25 0.145471
1.25231 0.140625

1.28125 0.0323871
1.27955 0.046875

1.27955 0.046875
1.27696 0.0625

1.27696 0.0625
1.27361 0.078125

1.2736 0.078125
1.26949 0.09375

1.26562 0.106138
1.2695 0.09375

1.28284 0
1.28247 0.015625

1.28247 0.015625
1.28137 0.03125

1.28125 0.0323044
1.28137 0.03125

