0.914372 0
0.914384 0.0078125

0.914384 0.0078125
0.914421 0.015625

0.914421 0.015625
0.914483 0.0234375

0.914483 0.0234375
0.914571 0.03125

0.91457 0.03125
0.914684 0.0390625

0.914684 0.0390625
0.914824 0.046875

0.914824 0.046875
0.914992 0.0546875

0.914991 0.0546875
0.915188 0.0625

0.915188 0.0625
0.915414 0.0703125

0.915414 0.0703125
0.915672 0.078125

0.915671 0.078125
0.915962 0.0859375

0.915962 0.0859375
0.916287 0.09375

0.916287 0.09375
0.916649 0.101562

0.916649 0.101562
0.917051 0.109375

0.91705 0.109375
0.917494 0.117188

0.917493 0.117188
0.917982 0.125

0.917981 0.125
0.918518 0.132812

0.918517 0.132812
0.919106 0.140625

0.919105 0.140625
0.919749 0.148438

0.919748 0.148438
0.920453 0.15625

0.920452 0.15625
0.921222 0.164062

0.92122 0.164062
0.921875 0.170153

0.921875 0.170147
0.922061 0.171875

0.922059 0.171875
0.922977 0.179688

0.922975 0.179688
0.923979 0.1875

0.923977 0.1875
0.925074 0.195312

0.925072 0.195312
0.926271 0.203125

0.926269 0.203125
0.927577 0.210938

0.927574 0.210938
0.929004 0.21875

0.928992 0.21875
0.929688 0.222208

0.929688 0.222177
0.930569 0.226562

0.930565 0.226562
0.932296 0.234375

0.932292 0.234375
0.934193 0.242188

0.934189 0.242188
0.936276 0.25

0.93625 0.25
0.9375 0.25421

0.9375 0.254157
0.938585 0.257812

0.93858 0.257812
0.941163 0.265625

0.941152 0.265625
0.944014 0.273438

0.943955 0.273438
0.945312 0.276729

0.945312 0.276605
0.947228 0.28125

0.94721 0.28125
0.950847 0.289062

0.950757 0.289062
0.953125 0.293502

0.953125 0.293376
0.954992 0.296875

0.954946 0.296875
0.95978 0.304688

0.95961 0.304688
0.960938 0.306645

0.960938 0.306368
0.965442 0.3125

0.965346 0.3125
0.96875 0.316521

0.96875 0.316293
0.972508 0.320312

0.972312 0.320312
0.976562 0.3243

0.976562 0.324241
0.981604 0.328125

0.981105 0.328125
0.984375 0.330442

0.984375 0.330156
0.992188 0.334778

0.992188 0.334838
0.994688 0.335938

0.994536 0.335938
1 0.338339

1 0.33816
1.00781 0.340511

1.00781 0.340523
1.01562 0.342086

1.01562 0.342079
1.02344 0.342844

1.02344 0.342834
1.03125 0.342835

1.03125 0.342818
1.03906 0.342108

1.03906 0.342087
1.04688 0.340742

1.04688 0.340723
1.05469 0.338821

1.05469 0.33881
1.0625 0.336414

1.07031 0.333516
1.06384 0.335938

1.0625 0.33644
1.06384 0.335938

1.07031 0.333455
1.07812 0.330069

1.08594 0.326321
1.08225 0.328125

1.07812 0.330094
1.08215 0.328125

1.08594 0.326232
1.09375 0.322018

1.10156 0.317508
1.09679 0.320312

1.09375 0.322035
1.09668 0.320312

1.10938 0.312441
1.10928 0.3125

1.10156 0.317447
1.10928 0.3125

1.10938 0.312429
1.11719 0.30711

1.125 0.301512
1.12061 0.304688

1.11719 0.307075
1.12053 0.304688

1.13281 0.295552
1.1311 0.296875

1.125 0.301444
1.13093 0.296875

1.13281 0.295446
1.14062 0.289079

1.14844 0.282377
1.14065 0.289062

1.15625 0.275331
1.1497 0.28125

1.14844 0.282342
1.14967 0.28125

1.16406 0.267927
1.15824 0.273438

1.15625 0.275269
1.15822 0.273438

1.17188 0.260079
1.16638 0.265625

1.16406 0.267853
1.16633 0.265625

1.17969 0.251831
1.1741 0.257812

1.17188 0.260044
1.17403 0.257812

1.1875 0.243177
1.1814 0.25

1.17969 0.251819
1.18136 0.25

1.19531 0.234124
1.19511 0.234375

1.19502 0.234375
1.18838 0.242188

1.1875 0.243156
1.18835 0.242188

1.20312 0.224337
1.20141 0.226562

1.19531 0.234004
1.20135 0.226562

1.21094 0.213984
1.20742 0.21875

1.20312 0.224247
1.20738 0.21875

1.21875 0.203073
1.21872 0.203125

1.21865 0.203125
1.21317 0.210938

1.21094 0.213956
1.21312 0.210938

1.22656 0.191119
1.22389 0.195312

1.21875 0.202963
1.22387 0.195312

1.23438 0.178338
1.2336 0.179688

1.23356 0.179688
1.22884 0.1875

1.22656 0.19105
1.22882 0.1875

1.24219 0.164245
1.23804 0.171875

1.23438 0.178244
1.23803 0.171875

1.25 0.148629
1.2463 0.15625

1.24629 0.15625
1.24228 0.164062

1.24219 0.164232
1.24228 0.164062

1.25781 0.130871
1.25703 0.132812

1.25702 0.132812
1.25366 0.140625

1.25365 0.140625
1.25008 0.148438

1.25 0.148616
1.25009 0.148438

1.26562 0.109957
1.2631 0.117188

1.26309 0.117188
1.26015 0.125

1.25781 0.130807
1.26015 0.125

1.27344 0.0835006
1.27283 0.0859375

1.27283 0.0859375
1.27069 0.09375

1.27069 0.09375
1.26835 0.101562

1.26835 0.101562
1.26582 0.109375

1.26562 0.109948
1.26583 0.109375

1.28125 0.0421872
1.28065 0.046875

1.28065 0.046875
1.27946 0.0546875

1.27946 0.0546875
1.27808 0.0625

1.27808 0.0625
1.27651 0.0703125

1.27651 0.0703125
1.27476 0.078125

1.27344 0.0834609
1.27476 0.078125

1.28392 0
1.28383 0.0078125

1.28383 0.0078125
1.28355 0.015625

1.28356 0.015625
1.2831 0.0234375

1.2831 0.0234375
1.28247 0.03125

1.28247 0.03125
1.28165 0.0390625

1.28125 0.0421674
1.28165 0.0390625

