0 0.00999774
0.0338878 0.00999197
0.0677756 0.00997528
0.101663 0.00994802
0.135551 0.00991038
0.169439 0.00986257
0.203327 0.00980475
0.237215 0.00973712
0.271102 0.00965989
0.30499 0.00957329
0.338878 0.00947749
0.372766 0.00937269
0.406653 0.00925908
0.440541 0.00913688
0.474429 0.00900629
0.508317 0.00886753
0.542205 0.00872081
0.576092 0.00856635
0.60998 0.00840437
0.643868 0.0082351
0.677756 0.00805878
0.711644 0.00787565
0.745531 0.00768598
0.779419 0.00749002
0.813307 0.00728793
0.847195 0.00707996
0.881082 0.00686634
0.91497 0.00664735
0.948858 0.00642322
0.982746 0.00619422
1.01663 0.0059606
1.05052 0.00572265
1.08441 0.00548064
1.1183 0.0052348
1.15218 0.0049854
1.18607 0.0047327
1.21996 0.004477
1.25385 0.00421857
1.28774 0.00395769
1.32162 0.00369465
1.35551 0.00342982
1.3894 0.00316349
1.42329 0.00289587
1.45717 0.00262716
1.49106 0.00235761
1.52495 0.00208748
1.55884 0.00181703
1.59273 0.00154652
1.62661 0.00127625
1.6605 0.00100648
1.69439 0.000737472
1.72828 0.000469481
1.76216 0.000202765
1.79605 6.23829e-05
1.82994 0.000325758
1.86383 0.000587073
1.89772 0.000846086
1.9316 0.00110256
1.96549 0.00135627
1.99938 0.00160698
2.03327 0.00185448
2.06716 0.00209854
2.10104 0.00233894
2.13493 0.0025755
2.16882 0.00280801
2.20271 0.00303627
2.23659 0.0032601
2.27048 0.00347932
2.30437 0.00369375
2.33826 0.00390322
2.37215 0.00410757
2.40603 0.00430662
2.43992 0.00450024
2.47381 0.00468826
2.5077 0.00487056
2.54158 0.00504699
2.57547 0.00521743
2.60936 0.00538176
2.64325 0.00553985
2.67714 0.00569161
2.71102 0.00583693
2.74491 0.00597573
2.7788 0.0061079
2.81269 0.00623338
2.84657 0.00635209
2.88046 0.00646396
2.91435 0.00656894
2.94824 0.00666696
2.98213 0.00675798
3.01601 0.00684197
3.0499 0.00691889
3.08379 0.00698872
3.11768 0.00705144
3.15156 0.00710704
3.18545 0.00715552
3.21934 0.00719688
3.25323 0.00723112
3.28712 0.00725827
3.321 0.00727834
3.35489 0.00729138
3.38878 0.0072974
3.42267 0.00729644
3.45655 0.00728857
3.49044 0.00727385
3.52433 0.00725233
3.55822 0.0072241
3.59211 0.00718923
3.62599 0.00714779
3.65988 0.00709984
3.69377 0.00704549
3.72766 0.00698484
3.76154 0.00691799
3.79543 0.00684506
3.82932 0.00676616
3.86321 0.0066814
3.8971 0.00659091
3.93098 0.00649482
3.96487 0.00639324
3.99876 0.00628632
4.03265 0.0061742
4.06653 0.00605702
4.10042 0.00593492
4.13431 0.00580808
4.1682 0.00567663
4.20209 0.00554072
4.23597 0.00540051
4.26986 0.00525618
4.30375 0.00510788
4.33764 0.00495579
4.37152 0.00480009
4.40541 0.00464095
4.4393 0.00447854
4.47319 0.00431306
4.50708 0.00414467
4.54096 0.00397357
4.57485 0.00379996
4.60874 0.00362408
4.64263 0.00344607
4.67651 0.00326607
4.7104 0.00308426
4.74429 0.0029008
4.77818 0.0027159
4.81207 0.00252973
4.84595 0.00234248
4.87984 0.00215433
4.91373 0.00196548
4.94762 0.00177611
4.9815 0.00158642
5.01539 0.00139661
5.04928 0.00120683
5.08317 0.00101727
5.11706 0.000828119
5.15094 0.000639547
5.18483 0.000451737
5.21872 0.000264865
5.25261 7.91067e-05
5.28649 0.000105359
5.32038 0.00028836
5.35427 0.000469732
5.38816 0.000649313
5.42205 0.000826945
5.45593 0.00100247
5.48982 0.00117575
5.52371 0.00134662
5.5576 0.00151493
5.59149 0.00168055
5.62537 0.00184334
5.65926 0.00200316
5.69315 0.00215986
5.72704 0.00231334
5.76092 0.00246345
5.79481 0.00261008
5.8287 0.00275313
5.86259 0.00289248
5.89648 0.00302803
5.93036 0.00315968
5.96425 0.00328733
5.99814 0.00341089
6.03203 0.00353027
6.06591 0.00364539
6.0998 0.00375617
6.13369 0.00386253
6.16758 0.0039644
6.20147 0.00406172
6.23535 0.00415443
6.26924 0.00424247
6.30313 0.0043258
6.33702 0.00440436
6.3709 0.00447812
6.40479 0.00454704
6.43868 0.00461108
6.47257 0.00467024
6.50646 0.00472447
6.54034 0.00477376
6.57423 0.0048181
6.60812 0.00485749
6.64201 0.00489192
6.67589 0.00492139
6.70978 0.0049459
6.74367 0.00496548
6.77756 0.00498014
6.81145 0.0049899
6.84533 0.00499478
6.87922 0.00499483
6.91311 0.00499006
6.947 0.00498051
6.98088 0.00496624
7.01477 0.0049473
7.04866 0.00492373
7.08255 0.00489559
7.11644 0.00486293
7.15032 0.00482582
7.18421 0.00478433
7.2181 0.00473853
7.25199 0.0046885
7.28587 0.00463431
7.31976 0.00457605
7.35365 0.00451379
7.38754 0.00444764
7.42143 0.00437768
7.45531 0.004304
7.4892 0.00422671
7.52309 0.00414591
7.55698 0.00406171
7.59086 0.0039742
7.62475 0.00388349
7.65864 0.00378974
7.69253 0.003693
7.72642 0.00359338
7.7603 0.00349101
7.79419 0.00338601
7.82808 0.0032785
7.86197 0.00316859
7.89585 0.00305641
7.92974 0.00294208
7.96363 0.00282573
7.99752 0.00270748
8.03141 0.00258746
8.06529 0.00246581
8.09918 0.00234263
8.13307 0.00221807
8.16696 0.00209224
8.20084 0.00196528
8.23473 0.00183734
8.26862 0.00170854
8.30251 0.001579
8.3364 0.00144884
8.37028 0.0013182
8.40417 0.00118721
8.43806 0.001056
8.47195 0.000924692
8.50583 0.00079342
8.53972 0.000662307
8.57361 0.00053148
8.6075 0.000401063
8.64139 0.000271179
8.67527 0.00014195
8.70916 1.34953e-05
8.74305 0.000114068
8.77694 0.000240607
8.81082 0.000366017
8.84471 0.000490186
8.8786 0.000613002
8.91249 0.00073436
8.94638 0.000854154
8.98026 0.00097228
9.01415 0.00108864
9.04804 0.00120313
9.08193 0.00131566
9.11582 0.00142614
9.1497 0.00153447
9.18359 0.00164056
9.21748 0.00174434
9.25137 0.00184571
9.28525 0.0019446
9.31914 0.00204094
9.35303 0.00213464
9.38692 0.00222563
9.42081 0.00231385
9.45469 0.00239924
9.48858 0.00248172
9.52247 0.00256125
9.55636 0.00263778
9.59024 0.00271124
9.62413 0.00278159
9.65802 0.00284879
9.69191 0.00291279
9.7258 0.00297355
9.75968 0.00303104
9.79357 0.00308523
9.82746 0.00313609
9.86135 0.00318358
9.89523 0.0032277
9.92912 0.00326841
9.96301 0.00330572
9.9969 0.00333959
10.0308 0.00337004
10.0647 0.00339704
10.0986 0.00342061
10.1324 0.00344074
10.1663 0.00345744
10.2002 0.00347071
10.2341 0.00348057
10.268 0.00348703
10.3019 0.00349011
10.3358 0.00348984
10.3697 0.00348623
10.4036 0.00347931
10.4374 0.00346911
10.4713 0.00345567
10.5052 0.00343903
10.5391 0.00341922
10.573 0.00339628
10.6069 0.00337026
10.6408 0.00334121
10.6747 0.00330918
10.7085 0.00327421
10.7424 0.00323637
10.7763 0.00319571
10.8102 0.00315229
10.8441 0.00310616
10.878 0.0030574
10.9119 0.00300607
10.9458 0.00295223
10.9796 0.00289596
11.0135 0.00283732
11.0474 0.00277639
11.0813 0.00271324
11.1152 0.00264795
11.1491 0.0025806
11.183 0.00251126
11.2169 0.00244002
11.2507 0.00236696
11.2846 0.00229215
11.3185 0.0022157
11.3524 0.00213767
11.3863 0.00205815
11.4202 0.00197723
11.4541 0.00189501
11.488 0.00181156
11.5218 0.00172697
11.5557 0.00164132
11.5896 0.00155472
11.6235 0.00146726
11.6574 0.00137901
11.6913 0.00129009
11.7252 0.00120056
11.7591 0.00111054
11.793 0.0010201
11.8268 0.000929337
11.8607 0.000838339
11.8946 0.000747197
11.9285 0.000655998
11.9624 0.000564831
11.9963 0.000473783
12.0302 0.00038294
12.0641 0.000292388
12.0979 0.000202212
12.1318 0.000112496
12.1657 2.33231e-05
12.1996 6.51701e-05
12.2335 0.000153019
12.2674 0.000240084
12.3013 0.000326286
12.3352 0.000411549
12.369 0.000495798
12.4029 0.000578962
12.4368 0.000660967
12.4707 0.000741743
12.5046 0.000821222
12.5385 0.000899337
12.5724 0.000976024
12.6063 0.00105122
12.6401 0.00112486
12.674 0.00119689
12.7079 0.00126726
12.7418 0.0013359
12.7757 0.00140276
12.8096 0.0014678
12.8435 0.00153095
12.8774 0.00159219
12.9112 0.00165145
12.9451 0.00170871
12.979 0.00176391
13.0129 0.00181702
13.0468 0.00186801
13.0807 0.00191683
13.1146 0.00196346
13.1485 0.00200787
13.1823 0.00205002
13.2162 0.0020899
13.2501 0.00212748
13.284 0.00216274
13.3179 0.00219568
13.3518 0.00222627
13.3857 0.0022545
13.4196 0.00228036
13.4535 0.00230385
13.4873 0.00232495
13.5212 0.00234367
13.5551 0.00236
13.589 0.00237394
13.6229 0.0023855
13.6568 0.00239469
13.6907 0.00240151
13.7246 0.00240598
13.7584 0.0024081
13.7923 0.00240789
13.8262 0.00240537
13.8601 0.00240056
13.894 0.00239347
13.9279 0.00238414
13.9618 0.00237259
13.9957 0.00235884
14.0295 0.00234292
14.0634 0.00232487
14.0973 0.00230472
14.1312 0.00228249
14.1651 0.00225823
14.199 0.00223198
14.2329 0.00220377
14.2668 0.00217365
14.3006 0.00214165
14.3345 0.00210783
14.3684 0.00207222
14.4023 0.00203488
14.4362 0.00199585
14.4701 0.00195517
14.504 0.00191291
14.5379 0.00186909
14.5717 0.00182379
14.6056 0.00177706
14.6395 0.00172895
14.6734 0.00167953
14.7073 0.00162884
14.7412 0.00157695
14.7751 0.00152391
14.809 0.00146979
14.8429 0.00141463
14.8767 0.00135851
14.9106 0.00130149
14.9445 0.00124362
14.9784 0.00118496
15.0123 0.00112559
15.0462 0.00106555
15.0801 0.00100492
15.114 0.000943756
15.1478 0.000882117
15.1817 0.000820069
15.2156 0.000757675
15.2495 0.000694995
15.2834 0.000632094
15.3173 0.000569033
15.3512 0.000505873
15.3851 0.000442677
15.4189 0.000379505
15.4528 0.000316417
15.4867 0.000253474
15.5206 0.000190734
15.5545 0.000128257
15.5884 6.61015e-05
15.6223 4.32405e-06
15.6562 5.6903e-05
15.69 0.000117756
15.7239 0.000178064
15.7578 0.000237773
15.7917 0.000296829
15.8256 0.000355182
15.8595 0.000412779
15.8934 0.000469572
15.9273 0.000525512
15.9611 0.000580551
15.995 0.000634644
16.0289 0.000687744
16.0628 0.000739808
16.0967 0.000790794
16.1306 0.00084066
16.1645 0.000889366
16.1984 0.000936875
16.2323 0.00098315
16.2661 0.00102816
16.3 0.00107186
16.3339 0.00111422
16.3678 0.00115522
16.4017 0.00119482
16.4356 0.001233
16.4695 0.00126972
16.5034 0.00130497
16.5372 0.00133872
16.5711 0.00137094
16.605 0.00140163
16.6389 0.00143075
16.6728 0.0014583
16.7067 0.00148426
16.7406 0.0015086
16.7745 0.00153133
16.8083 0.00155244
16.8422 0.0015719
16.8761 0.00158972
16.91 0.0016059
16.9439 0.00162042
16.9778 0.00163328
17.0117 0.00164449
17.0456 0.00165405
17.0794 0.00166195
17.1133 0.0016682
17.1472 0.00167282
17.1811 0.0016758
17.215 0.00167715
17.2489 0.00167689
17.2828 0.00167503
17.3167 0.00167157
17.3505 0.00166655
17.3844 0.00165996
17.4183 0.00165183
17.4522 0.00164218
17.4861 0.00163103
17.52 0.00161839
17.5539 0.0016043
17.5878 0.00158878
17.6216 0.00157184
17.6555 0.00155352
17.6894 0.00153385
17.7233 0.00151285
17.7572 0.00149055
17.7911 0.00146699
17.825 0.00144219
17.8589 0.00141619
17.8928 0.00138902
17.9266 0.00136071
17.9605 0.0013313
17.9944 0.00130083
18.0283 0.00126934
18.0622 0.00123685
18.0961 0.00120341
18.13 0.00116906
18.1639 0.00113384
18.1977 0.00109778
18.2316 0.00106094
18.2655 0.00102334
18.2994 0.000985024
18.3333 0.000946045
18.3672 0.00090644
18.4011 0.000866251
18.435 0.000825521
18.4688 0.000784293
18.5027 0.00074261
18.5366 0.000700516
18.5705 0.000658053
18.6044 0.000615265
18.6383 0.000572196
18.6722 0.000528888
18.7061 0.000485386
18.7399 0.000441732
18.7738 0.000397969
18.8077 0.00035414
18.8416 0.000310288
18.8755 0.000266455
18.9094 0.000222682
18.9433 0.000179012
18.9772 0.000135485
19.011 9.21419e-05
19.0449 4.90236e-05
19.0788 6.16966e-06
19.1127 3.64061e-05
19.1466 7.86174e-05
19.1805 0.000120448
19.2144 0.000161861
19.2483 0.00020282
19.2822 0.000243287
19.316 0.00028323
19.3499 0.000322612
19.3838 0.0003614
19.4177 0.000399561
19.4516 0.000437064
19.4855 0.000473876
19.5194 0.000509969
19.5533 0.000545312
19.5871 0.000579876
19.621 0.000613635
19.6549 0.000646562
19.6888 0.000678632
19.7227 0.000709819
19.7566 0.0007401
19.7905 0.000769453
19.8244 0.000797856
19.8582 0.000825289
19.8921 0.000851733
19.926 0.000877169
19.9599 0.00090158
19.9938 0.000924949
20.0277 0.000947263
20.0616 0.000968507
20.0955 0.000988668
20.1293 0.00100773
20.1632 0.0010257
20.1971 0.00104254
20.231 0.00105827
20.2649 0.00107286
20.2988 0.00108633
20.3327 0.00109865
20.3666 0.00110982
20.4004 0.00111985
20.4343 0.00112874
20.4682 0.00113647
20.5021 0.00114306
20.536 0.0011485
20.5699 0.0011528
20.6038 0.00115596
20.6377 0.00115799
20.6716 0.00115889
20.7054 0.00115868
20.7393 0.00115735
20.7732 0.00115492
20.8071 0.0011514
20.841 0.00114679
20.8749 0.00114112
20.9088 0.0011344
20.9427 0.00112663
20.9765 0.00111784
21.0104 0.00110803
21.0443 0.00109723
21.0782 0.00108546
21.1121 0.00107273
21.146 0.00105906
21.1799 0.00104446
21.2138 0.00102897
21.2476 0.00101261
21.2815 0.000995384
21.3154 0.000977327
21.3493 0.000958461
21.3832 0.000938809
21.4171 0.000918396
21.451 0.000897246
21.4849 0.000875385
21.5187 0.000852839
21.5526 0.000829634
21.5865 0.000805798
21.6204 0.000781358
21.6543 0.000756341
21.6882 0.000730776
21.7221 0.000704692
21.756 0.000678116
21.7898 0.000651078
21.8237 0.000623607
21.8576 0.000595733
21.8915 0.000567485
21.9254 0.000538894
21.9593 0.000509988
21.9932 0.000480798
22.0271 0.000451355
22.061 0.000421687
22.0948 0.000391826
22.1287 0.000361801
22.1626 0.000331642
22.1965 0.00030138
22.2304 0.000271043
22.2643 0.000240663
22.2982 0.000210267
22.3321 0.000179886
22.3659 0.000149549
22.3998 0.000119284
22.4337 8.91194e-05
22.4676 5.90844e-05
22.5015 2.92064e-05
22.5354 5.20183e-07
22.5693 3.00015e-05
22.6032 5.92442e-05
22.637 8.82216e-05
22.6709 0.000116908
22.7048 0.000145278
22.7387 0.000173307
22.7726 0.000200971
22.8065 0.000228245
22.8404 0.000255106
22.8743 0.000281532
22.9081 0.0003075
22.942 0.000332989
22.9759 0.000357977
23.0098 0.000382444
23.0437 0.00040637
23.0776 0.000429737
23.1115 0.000452525
23.1454 0.000474718
23.1792 0.000496298
23.2131 0.000517249
23.247 0.000537555
23.2809 0.000557202
23.3148 0.000576176
23.3487 0.000594463
23.3826 0.00061205
23.4165 0.000628926
23.4503 0.000645079
23.4842 0.000660499
23.5181 0.000675178
23.552 0.000689105
23.5859 0.000702272
23.6198 0.000714674
23.6537 0.000726302
23.6876 0.000737152
23.7215 0.000747219
23.7553 0.000756498
23.7892 0.000764987
23.8231 0.000772682
23.857 0.000779583
23.8909 0.000785688
23.9248 0.000790996
23.9587 0.00079551
23.9926 0.00079923
24.0264 0.000802157
24.0603 0.000804296
24.0942 0.000805649
24.1281 0.000806221
24.162 0.000806018
24.1959 0.000805044
24.2298 0.000803306
24.2637 0.000800811
24.2975 0.000797568
24.3314 0.000793584
24.3653 0.000788869
24.3992 0.000783433
24.4331 0.000777285
24.467 0.000770438
24.5009 0.000762901
24.5348 0.000754688
24.5686 0.000745812
24.6025 0.000736285
24.6364 0.000726121
24.6703 0.000715335
24.7042 0.000703941
24.7381 0.000691954
24.772 0.000679391
24.8059 0.000666267
24.8397 0.000652599
24.8736 0.000638404
24.9075 0.0006237
24.9414 0.000608503
24.9753 0.000592832
