t sb -1 xb vb dt perf.t perf.speed
0 0 -1 0.5 0 0.000474636 0 0 
0.000474636 0 -1 0.5 -7.12832e-05 0.000474636 0.037419 109463 1 1695.65 203.078 8.34973 4 
0.00138056 2.31177e-06 -1 0.5 -0.000229368 0.000905927 0.059902 136757 1 268.389 62.3394 4.30529 4 1 341.192 87.4656 3.90087 4 1 0.000471703 1.26948e-08 37157.2 4 
0.00267867 -3.3655e-06 -1 0.499999 -9.30677e-05 0.0012981 0.083054 147952 1 110.297 30.0727 3.6677 4 1 470.117 122.03 3.85247 4 1 0.000823281 5.97716e-08 13773.8 4 
0.00433282 -1.32304e-05 -1 0.499999 0.000764985 0.00165415 0.109478 149656 1 48.1556 25.6017 1.88095 4 1 297.74 32.4581 9.17306 4 1 0.000901552 2.79886e-07 3221.14 4 
0.00631146 -2.69754e-05 -1 0.500001 0.00202055 0.00197864 0.131481 155764 1 28.3946 17.3235 1.63907 4 1 63.4602 12.4321 5.10453 4 1 0.00148591 8.04969e-07 1845.92 4 
0.00858457 -3.99204e-05 -1 0.500005 0.00372876 0.00227311 0.153966 159620 1 15.2824 8.49818 1.79832 4 1 27.3801 6.1935 4.42078 4 1 0.00219496 1.81287e-06 1210.76 4 
0.0111261 -4.87033e-05 -1 0.500015 0.00565837 0.00254156 0.180197 159115 1 9.61776 1.77834 5.40827 4 1 48.4881 15.3988 3.14882 4 1 0.00302614 3.53785e-06 855.361 4 
0.0139091 -5.07774e-05 -1 0.50003 0.0076655 0.00278294 0.2018 162379 1 12.2872 2.85007 4.31121 4 1 42.4106 20.5466 2.06411 4 1 0.00376253 5.76694e-06 652.431 4 
0.0169132 -4.56611e-05 -1 0.500053 0.0096053 0.00300412 0.225663 163359 1 17.1265 5.49249 3.11817 4 1 40.6355 21.7763 1.86604 4 1 0.00439912 8.37335e-06 525.372 4 
0.0201208 -3.47169e-05 -1 0.500084 0.0114064 0.00320762 0.258842 158243 1 19.7544 6.31079 3.13026 4 1 27.5967 19.8662 1.38913 4 1 0.00490399 1.12667e-05 435.263 4 
0.0235109 -2.08024e-05 -1 0.500122 0.0130587 0.00339008 0.291783 154416 1 21.086 5.59403 3.76938 4 1 56.2226 15.4963 3.62812 4 1 0.00529481 1.43682e-05 368.509 4 
0.027067 -7.32142e-06 -1 0.500168 0.014611 0.00355614 0.31632 155387 1 20.811 3.77928 5.5066 4 1 23.3117 9.78977 2.38123 4 1 0.00562118 1.75323e-05 320.619 4 
0.0307739 2.73005e-06 -1 0.500222 0.0161429 0.0037069 0.340451 156404 1 18.6079 1.62063 11.4818 4 1 18.1324 4.07026 4.45484 4 1 0.00593123 2.07893e-05 285.301 4 
0.0346151 7.49987e-06 -1 0.500284 0.0177372 0.00384117 0.367571 156008 1 15.2655 0.570157 26.7742 4 1 18.0895 0.639124 28.3036 4 1 0.0062613 2.41552e-05 259.211 4 
0.0385848 6.62224e-06 -1 0.500354 0.0194633 0.00396973 0.397155 154700 1 12.7929 2.03553 6.28482 4 1 8.37545 3.47344 2.41128 4 1 0.00665024 2.79578e-05 237.867 4 
0.0426695 1.0827e-06 -1 0.500433 0.0214788 0.00408471 0.426379 153704 2 3648.19 5.51715 25.7147 3 1 11.7682 4.52416 2.6012 4 1 0.00707399 3.19831e-05 221.179 4 
0.0468525 -6.24002e-06 -1 0.500523 0.023483 0.00418293 0.450646 154516 1 37.9881 2.49259 15.2405 3 1 15.7728 3.0541 5.16446 4 1 0.00756438 3.65005e-05 207.241 4 
0.0511324 -1.24101e-05 -1 0.500623 0.0257076 0.00427992 0.474947 155234 3 3625.41 3.5773 10.0446 2 1 13.226 1.94417 6.80291 4 1 0.0079447 4.05209e-05 196.064 4 
0.0554946 -1.66346e-05 -1 0.500735 0.0280144 0.00436223 0.499894 155681 1 37.6004 3.80162 9.89063 2 1 9.52656 1.22187 7.7967 4 1 0.00841318 4.50053e-05 186.937 4 
0.0599358 -1.83357e-05 -1 0.500859 0.0303278 0.00444118 0.534994 153123 1 36.8677 3.85101 9.5735 2 1 12.319 1.81507 6.78707 4 1 0.0087504 4.91347e-05 178.09 4 
0.0644451 -1.72796e-05 -1 0.500995 0.0326347 0.0045093 0.566821 151752 1 35.4181 3.91781 9.0403 2 1 5.72426 2.70473 2.11639 4 1 0.0090375 5.29066e-05 170.82 4 
0.0690176 -1.37777e-05 -1 0.501144 0.0349209 0.00457252 0.590757 152536 1 33.6111 3.85139 8.72699 2 1 7.60998 3.14338 2.42096 4 1 0.00930198 5.66299e-05 164.259 4 
0.0736552 -8.3702e-06 -1 0.501305 0.037186 0.00463763 0.612372 153841 1 31.3731 3.67889 8.52788 2 1 4.81465 3.05008 1.57853 4 1 0.00956133 6.0558e-05 157.887 4 
0.0783449 -1.86203e-06 -1 0.501479 0.0393072 0.00468966 0.636947 154336 4 3542.05 1.26885 7.26877 2 1 4.8588 2.58795 1.87747 4 1 0.00977089 6.3982e-05 152.713 4 
0.0830802 2.63711e-06 -1 0.501665 0.0414491 0.00473526 0.663519 154329 1 21.5123 2.88837 7.4479 2 1 37.4586 0.820851 45.6339 4 1 0.00984052 6.65039e-05 147.969 4 
0.087862 4.93043e-06 -1 0.501863 0.0435893 0.00478184 0.693224 153624 1 26.1109 2.63982 9.89116 2 1 5.42763 0.424463 12.7871 4 1 0.0100691 7.00165e-05 143.81 4 
0.0926834 5.19735e-06 -1 0.502073 0.045748 0.00482142 0.72553 152429 1 29.3575 2.33445 12.5758 2 1 7.14595 1.09835 6.50608 4 1 0.0102756 7.32807e-05 140.223 4 
0.097537 3.5218e-06 -1 0.502295 0.0479297 0.00485362 0.746781 153576 1 29.8992 3.0676 9.74677 2 1 8.34356 1.47339 5.66284 4 1 0.0104858 7.63695e-05 137.304 4 
0.102423 2.41368e-07 -1 0.502529 0.0502024 0.0048863 0.771539 153957 4 3403.71 0.702071 8.34435 2 1 8.55693 1.62441 5.26772 4 1 0.0107113 7.96188e-05 134.532 4 
0.107343 -2.70153e-06 -1 0.502776 0.0525367 0.00491949 0.793289 154899 1 26.833 4.09879 6.54658 2 1 23.1954 0.677174 34.2532 4 1 0.0110288 8.35818e-05 131.952 4 
0.112288 -4.0002e-06 -1 0.503036 0.054856 0.00494471 0.816304 155550 1 21.4267 2.8634 7.48298 2 1 8.7455 0.586721 14.9057 4 1 0.0112455 8.66351e-05 129.804 4 
0.117258 -4.30463e-06 -1 0.503308 0.0571664 0.00497025 0.836507 156690 1 18.1134 2.84782 6.36045 2 1 10.7553 0.678277 15.8568 4 1 0.0116471 8.93914e-05 130.294 4 
0.122254 -3.75922e-06 -1 0.503594 0.059457 0.00499609 0.860414 157096 4 3514.58 0.960956 7.77665 2 1 6.45317 0.608515 10.6048 4 1 0.0125201 9.22538e-05 135.714 4 
0.127267 -2.88974e-06 -1 0.503892 0.0617467 0.0050135 0.881455 157993 1 20.1727 3.41771 5.9024 2 1 11.768 0.636762 18.481 4 1 0.0130096 9.42872e-05 137.978 4 
0.132298 -1.12194e-06 -1 0.504203 0.0640242 0.00503106 0.902575 158834 1 20.7838 3.65005 5.69411 2 1 7.83104 0.882204 8.87668 4 1 0.0130586 9.63833e-05 135.486 4 
0.137347 8.38491e-07 -1 0.504527 0.0662831 0.00504877 0.924898 159429 3 3188.98 3.44009 9.75051 2 1 76.1309 1.68045 45.3037 4 1 0.0129719 9.84431e-05 131.771 4 
0.142414 2.61045e-06 -1 0.504863 0.0684961 0.00506664 0.946119 160183 2 26.2794 0.742079 5.9509 2 1 11.5257 1.2402 9.29343 4 1 0.012563 9.99112e-05 125.742 4 
0.147489 3.58643e-06 -1 0.505211 0.0707117 0.00507564 0.969941 160472 2 29.7773 0.493246 7.76983 2 1 11.8823 0.472887 25.1271 4 2 0.0119977 1.47858e-06 90.0798 3 
0.152583 3.93617e-06 -1 0.505572 0.0729778 0.00509377 0.996242 160347 3 3705.81 3.48982 10.2022 2 1 8.00245 0.362942 22.0489 4 2 0.0120985 1.38495e-05 29.5563 2 
0.157686 3.15343e-06 -1 0.505945 0.0751435 0.0051029 1.01896 160792 2 51.4008 0.727245 8.40707 2 1 11.9534 1.06534 11.2203 4 2 0.012279 2.69466e-05 21.3466 2 
0.162798 2.46519e-06 -1 0.506329 0.0773513 0.00511208 1.04684 160422 4 3822.59 1.25322 7.43161 2 1 16.0761 0.810701 19.8299 4 2 0.0123746 2.70787e-05 21.3773 2 
0.16792 2.51468e-06 -1 0.506726 0.0795848 0.0051213 1.07012 160760 2 58.985 0.901928 8.08695 2 1 10.3834 0.677486 15.3264 4 2 0.0129633 2.72993e-05 21.7912 2 
0.17305 2.13755e-06 -1 0.507136 0.0818047 0.00513058 1.09559 160761 4 3867.75 0.943664 8.0013 2 1 10.7167 0.437121 24.5166 4 2 0.0139438 2.75395e-05 22.5015 2 
0.17819 2.55956e-06 -1 0.507557 0.0839957 0.00513991 1.12087 160789 4 3893.41 1.21658 7.52138 2 1 12.1692 0.701195 17.355 4 2 0.014473 2.79984e-05 22.736 2 
0.183339 1.74356e-06 -1 0.50799 0.0861699 0.00514929 1.14585 160859 4 3547.47 0.759616 8.26668 2 1 25.125 0.772981 32.504 4 2 0.0156011 2.77553e-05 23.7085 2 
0.188489 2.01407e-06 -1 0.508435 0.0883696 0.00514929 1.17191 160777 5 2589.49 1.08886 4.73422 2 1 13.7694 1.00423 13.7113 4 2 0.0158265 2.74483e-05 24.0124 2 
0.193647 1.7971e-06 -1 0.508892 0.0905069 0.00515874 1.19728 160791 4 3776.77 0.657684 8.70514 2 1 17.4996 0.694666 25.1913 4 2 0.0155005 2.71353e-05 23.9004 2 
0.198806 1.10733e-06 -1 0.50936 0.0926739 0.00515874 1.2245 160562 5 3832.33 1.1172 5.09408 2 1 19.4743 0.709113 27.4628 4 2 0.0149571 2.64483e-05 23.7807 2 
0.203974 -1.05563e-07 -1 0.50984 0.0947973 0.00516825 1.24993 160572 4 3843.48 0.603043 8.93499 2 1 16.9925 0.700173 24.269 4 2 0.0153273 2.64814e-05 24.0581 2 
0.209143 -1.37185e-06 -1 0.510331 0.0969491 0.00516825 1.27402 160751 2 82.9923 1.82244 6.74826 2 1 18.9667 0.798589 23.7502 4 2 0.0165383 2.91445e-05 23.8214 2 
0.21432 -1.89906e-06 -1 0.510833 0.0991102 0.00517784 1.30111 160552 4 4194.41 1.13374 7.799 2 1 94.0538 2.83661 33.1571 4 2 0.0178764 3.25452e-05 23.4367 2 
0.219498 -2.10561e-06 -1 0.511347 0.101228 0.00517784 1.32779 160411 5 3305.49 1.11909 4.94395 2 1 19.2383 0.62674 30.6958 4 2 0.0183998 3.38098e-05 23.3284 2 
0.224686 -2.46832e-06 -1 0.511873 0.103326 0.0051875 1.35142 160637 2 44.0772 0.690385 7.99027 2 1 19.2005 0.898156 21.3777 4 2 0.0173467 3.35436e-05 22.7407 2 
0.229873 -2.74379e-06 -1 0.512409 0.105426 0.0051875 1.3748 160884 2 42.4816 0.623678 8.25316 2 1 18.3684 0.850665 21.593 4 2 0.0176674 3.40687e-05 22.7724 2 
0.235061 -2.93871e-06 -1 0.512956 0.107548 0.0051875 1.39958 160962 3 3116.46 2.37108 10.954 2 1 18.0536 1.01967 17.7052 4 2 0.0191948 3.48606e-05 23.4652 2 
0.240248 -3.827e-06 -1 0.513513 0.109608 0.0051875 1.42566 160891 4 3477.54 1.17893 7.36964 2 1 20.3649 1.29284 15.7521 4 2 0.0194064 3.59301e-05 23.2404 2 
0.245446 -3.68168e-06 -1 0.514081 0.111667 0.00519727 1.44946 161075 2 60.2243 0.999997 7.76044 2 1 26.7209 1.17647 22.7127 4 2 0.019652 3.73914e-05 22.9254 2 
0.250643 -3.36966e-06 -1 0.51466 0.113722 0.00519727 1.47537 161023 4 3723.17 1.88696 6.66481 2 1 21.4885 1.66547 12.9024 4 2 0.0191344 3.89422e-05 22.1665 2 
0.25584 -3.67084e-06 -1 0.515247 0.115726 0.00519727 1.49861 161259 2 86.6033 1.00383 9.28833 2 1 23.7911 2.48903 9.5584 4 2 0.0185849 4.07248e-05 21.3624 2 
0.261037 -4.19008e-06 -1 0.515845 0.117765 0.00519727 1.52435 161223 4 4124.74 1.70955 7.00856 2 1 24.5041 2.89557 8.4626 4 2 0.0201688 9.05001e-05 14.9285 2 
0.266235 -4.16677e-06 -1 0.516455 0.119751 0.00519727 1.55263 160924 3 3113.79 2.11941 11.3682 2 1 27.0984 3.05596 8.86738 4 3 0.0207034 1.20659e-05 11.9718 2 
0.271432 -5.12091e-06 -1 0.517077 0.121742 0.00519727 1.57972 160758 3 3268.8 3.28309 9.98548 2 1 30.337 2.71567 11.1711 4 3 0.0203637 1.44613e-05 11.2086 2 
0.276639 -5.66853e-06 -1 0.51771 0.123766 0.00520719 1.60584 160693 2 77.8531 0.947624 9.064 2 1 31.5599 1.9879 15.876 4 3 0.0212379 1.43899e-05 11.3855 2 
0.281846 -5.75206e-06 -1 0.518355 0.125747 0.00520719 1.63376 160455 4 3699.69 0.677083 8.59767 2 1 26.6531 3.32569 8.01429 4 3 0.0203164 1.15606e-05 12.0676 2 
0.287053 -5.63838e-06 -1 0.51901 0.127727 0.00520719 1.66294 160102 5 3555.42 1.51104 4.72414 2 1 30.7576 2.64965 11.6082 4 3 0.0215257 9.90453e-06 12.9531 2 
0.292261 -6.36374e-06 -1 0.519675 0.129633 0.00520719 1.68853 160102 2 49.3185 0.835736 7.68193 2 1 32.4337 2.8177 11.5107 4 3 0.0222192 8.61256e-06 13.7151 2 
0.297468 -7.09852e-06 -1 0.520351 0.131556 0.00520719 1.71288 160217 2 51.2428 0.89814 7.55343 2 1 28.4334 3.03136 9.37977 4 2 0.0216318 9.80196e-05 14.8556 2 
0.302675 -7.78366e-06 -1 0.521038 0.133504 0.00520719 1.73689 160360 3 3747.89 3.4953 10.2353 2 1 28.3603 3.0905 9.17662 4 2 0.020046 8.9242e-05 14.9875 2 
0.307882 -9.87279e-06 -1 0.521735 0.135416 0.00520719 1.76227 160375 4 2341.24 0.380516 8.85662 2 1 101.832 3.27195 31.1226 4 2 0.0222621 8.37675e-05 16.3021 2 
0.313089 -1.03807e-05 -1 0.522442 0.13732 0.00520719 1.78808 160351 4 3836.67 0.959104 7.95284 2 1 31.5385 2.70877 11.6431 4 2 0.0234092 8.03952e-05 17.0639 2 
0.318297 -9.73806e-06 -1 0.523159 0.139191 0.00520719 1.81551 160184 4 3899.49 1.02502 7.8536 2 1 57.3708 2.86237 20.0431 4 2 0.0233026 7.42514e-05 17.7154 2 
0.323504 -8.69683e-06 -1 0.523885 0.141097 0.00520719 1.84135 160161 4 3883.83 1.5602 7.0635 2 1 33.2593 2.84907 11.6737 4 2 0.021722 6.29736e-05 18.5725 2 
0.328711 -9.26889e-06 -1 0.524622 0.142827 0.00520719 1.86641 160205 4 3773.64 1.81008 6.75718 2 1 37.0075 2.24889 16.4559 4 2 0.0240923 4.82725e-05 22.3403 2 
0.333918 -8.29505e-06 -1 0.525367 0.144691 0.00520719 1.89194 160208 4 3810.12 2.09165 6.53299 2 1 35.356 1.78436 19.8144 4 2 0.0256513 4.44953e-05 24.0103 2 
0.339125 -9.64694e-06 -1 0.526122 0.146537 0.00520719 1.91619 160318 3 3865.54 2.60483 11.4063 2 1 38.2078 2.28278 16.7374 4 2 0.0235501 4.08076e-05 24.023 2 
0.344333 -1.25849e-05 -1 0.526886 0.148384 0.00520719 1.94163 160327 4 3883 1.30188 7.39009 2 1 39.2099 1.76103 22.2653 4 2 0.0257031 4.23025e-05 24.6496 2 
0.34955 -1.28502e-05 -1 0.52766 0.150125 0.00521742 1.96715 160329 4 3278.12 1.67299 6.65324 2 1 32.2816 1.87987 17.1722 4 2 0.0253205 5.0662e-05 22.356 2 
0.354767 -1.36011e-05 -1 0.528442 0.15195 0.00521742 1.9914 160434 2 46.045 1.69343 5.21444 2 1 39.3213 2.53266 15.5257 4 2 0.0258683 5.08884e-05 22.5463 2 
0.359985 -1.35057e-05 -1 0.529232 0.153752 0.00521742 2.01605 160504 4 3524.49 0.835571 8.05894 2 1 42.5969 3.48763 12.2137 4 2 0.0221838 4.32457e-05 22.6489 2 
0.365202 -1.33524e-05 -1 0.530031 0.155507 0.00521742 2.04225 160451 4 3378.98 0.920107 7.78461 2 1 41.9111 4.72155 8.87656 4 2 0.0204531 4.12007e-05 22.2806 2 
0.37042 -1.30741e-05 -1 0.530839 0.157189 0.00521742 2.06989 160287 4 3657.29 1.49442 7.03351 2 1 43.6482 5.00217 8.72586 4 2 0.0209049 4.35704e-05 21.9042 2 
0.375637 -1.49256e-05 -1 0.531656 0.158929 0.00521742 2.09639 160214 4 3785.42 1.23002 7.44818 2 1 38.9776 4.23932 9.1943 4 2 0.0234221 4.54973e-05 22.6892 2 
0.380855 -1.49519e-05 -1 0.532483 0.160651 0.00521742 2.12206 160206 4 4038.29 1.07891 7.82173 2 1 33.9789 4.08762 8.31263 4 2 0.0266196 4.72346e-05 23.7395 2 
0.386072 -1.49423e-05 -1 0.53332 0.162343 0.00521742 2.14601 160328 3 2799.07 2.19605 10.8424 2 1 43.1948 3.74205 11.5431 4 2 0.026253 4.79457e-05 23.3999 2 
0.391289 -1.59629e-05 -1 0.534168 0.164022 0.00521742 2.16944 160484 2 53.559 1.19759 6.68746 2 1 50.3802 3.25726 15.467 4 2 0.0269468 4.7904e-05 23.7174 2 
0.396507 -1.49301e-05 -1 0.535025 0.16569 0.00521742 2.19494 160486 4 2083.49 2.29784 5.48742 2 1 43.0359 3.47491 12.3847 4 2 0.0258427 4.77855e-05 23.2552 2 
0.401724 -1.45395e-05 -1 0.535891 0.167272 0.00521742 2.22001 160518 4 3565.5 1.69906 6.76827 2 1 40.7929 1.67102 24.412 4 2 0.0284129 4.69403e-05 24.6028 2 
0.406942 -1.50084e-05 -1 0.536766 0.168947 0.00521742 2.24573 160503 4 3854.89 0.70517 8.59863 2 1 45.9999 2.13585 21.537 4 2 0.0277964 4.43255e-05 25.0419 2 
0.412159 -1.55325e-05 -1 0.53765 0.170539 0.00521742 2.27106 160517 4 3355.15 0.876262 7.86628 2 1 41.6112 1.66168 25.0416 4 2 0.0273175 4.34102e-05 25.0856 2 
0.417376 -1.56613e-05 -1 0.538542 0.172138 0.00521742 2.2949 160635 2 119.658 1.77548 8.20941 2 1 50.9943 1.71541 29.7272 4 2 0.0302859 4.16568e-05 26.9636 2 
0.422594 -1.5099e-05 -1 0.539442 0.173684 0.00521742 2.32108 160587 4 3863.43 1.06288 7.76466 2 1 48.9893 1.70868 28.6708 4 2 0.0283226 4.00612e-05 26.5892 2 
0.427811 -1.53912e-05 -1 0.54035 0.1753 0.00521742 2.34512 160688 4 3844.12 1.85178 6.74997 2 1 45.9319 2.10283 21.8429 4 2 0.0309474 3.87329e-05 28.2665 2 
0.433029 -1.54738e-05 -1 0.541265 0.176761 0.00521742 2.36914 160787 4 3719.13 2.17866 6.42781 2 1 51.4209 1.53429 33.5145 4 2 0.0318632 3.83897e-05 28.8096 2 
0.438246 -1.73893e-05 -1 0.542185 0.178343 0.00521742 2.39336 160872 4 3850.34 1.66827 6.93119 2 1 116.044 3.16385 36.6781 4 2 0.0274431 3.91351e-05 26.4809 2 
0.443464 -1.85935e-05 -1 0.543113 0.179826 0.00521742 2.4181 160920 4 3827.01 1.40685 7.22193 2 1 49.9587 5.80825 8.60133 4 2 0.025431 4.23589e-05 24.5025 2 
0.448681 -1.89939e-05 -1 0.544049 0.181355 0.00521742 2.44239 160996 4 4007.61 1.74326 6.92438 2 1 60.5022 5.95467 10.1605 4 2 0.0246072 4.53712e-05 23.2885 2 
0.453898 -1.75754e-05 -1 0.544994 0.182845 0.00521742 2.46692 161056 4 3309.63 1.56947 6.77652 2 1 58.2378 4.97355 11.7095 4 2 0.026887 5.08183e-05 23.0018 2 
0.459116 -1.77868e-05 -1 0.545947 0.184275 0.00521742 2.49121 161129 4 3391.99 3.20385 5.70421 2 1 62.7802 6.14789 10.2117 4 2 0.0296406 5.69773e-05 22.8083 2 
0.464333 -1.59912e-05 -1 0.546907 0.185718 0.00521742 2.51552 161201 4 3707.18 0.913612 7.98124 2 1 68.349 4.54121 15.0509 4 2 0.0287782 6.19587e-05 21.5517 2 
0.469551 -1.53535e-05 -1 0.547875 0.187081 0.00521742 2.54084 161207 5 3451.22 1.10025 5.00375 2 1 60.6795 6.85381 8.85339 4 2 0.0279519 6.49011e-05 20.753 2 
0.474768 -1.54413e-05 -1 0.54885 0.188512 0.00521742 2.56605 161219 4 3635.94 1.9789 6.54709 2 1 58.2905 5.89675 9.8852 4 2 0.0317636 6.43597e-05 22.2156 2 
0.479986 -1.79197e-05 -1 0.549832 0.189851 0.00521742 2.5923 161166 4 3369.01 1.01842 7.58393 2 1 58.517 6.53094 8.95997 4 3 0.0302088 8.81889e-06 15.0744 2 
0.485203 -1.92155e-05 -1 0.550823 0.191184 0.00521742 2.61663 161233 2 67.6758 0.957937 8.4052 2 1 52.6266 6.36696 8.26557 4 3 0.0316444 1.96602e-05 11.7193 2 
0.49042 -1.96361e-05 -1 0.551822 0.192558 0.00521742 2.64193 161240 3 3699.48 1.91506 12.4543 2 1 56.9751 5.15277 11.0572 4 3 0.0310071 2.05868e-05 11.4628 2 
0.495638 -2.04984e-05 -1 0.552828 0.193913 0.00521742 2.66797 161201 4 3311.23 1.29332 7.11329 2 1 70.1859 3.30439 21.2402 4 3 0.033721 1.49168e-05 13.1243 2 
0.500855 -2.12681e-05 -1 0.553839 0.195211 0.00521742 2.69329 161206 3 2690.15 2.3887 10.4041 2 1 56.0731 2.98579 18.7799 4 3 0.0326139 1.15659e-05 14.1278 2 
0.506073 -2.15651e-05 -1 0.554855 0.196487 0.00521742 2.71772 161265 2 73.3571 1.09785 8.17428 2 1 70.8048 4.2226 16.7681 4 3 0.0285537 9.3036e-06 14.5324 2 
0.51129 -2.0484e-05 -1 0.555878 0.197749 0.00521742 2.74471 161171 4 3800.56 1.12297 7.62729 2 1 68.6312 6.367 10.7792 4 3 0.0294247 7.826e-06 15.5498 2 
0.516507 -1.92873e-05 -1 0.55691 0.198963 0.00521742 2.77105 161117 4 4206.53 1.35649 7.46236 2 1 62.9122 5.66139 11.1125 4 3 0.0266489 7.10102e-06 15.5401 2 
0.521725 -1.7515e-05 -1 0.557948 0.200215 0.00521742 2.79464 161223 4 3889.81 1.15151 7.62368 2 1 60.0558 4.75144 12.6395 4 2 0.0295055 9.34492e-05 17.769 2 
0.526942 -1.76979e-05 -1 0.558993 0.201394 0.00521742 2.82026 161211 4 3508.2 1.26783 7.2528 2 1 53.1264 3.97677 13.3592 4 2 0.0313716 7.07283e-05 21.0606 2 
0.53216 -1.72517e-05 -1 0.560045 0.202592 0.00521742 2.84414 161297 4 3966.07 1.81248 6.83946 2 1 57.1831 3.7422 15.2806 4 2 0.0283022 4.88876e-05 24.0608 2 
0.537377 -1.78051e-05 -1 0.561104 0.203748 0.00521742 2.86839 161362 4 4128.39 1.2081 7.64574 2 1 68.6753 2.49793 27.4929 4 2 0.032828 4.7861e-05 26.1898 2 
0.542595 -1.77353e-05 -1 0.562168 0.204867 0.00521742 2.89223 161448 4 3615.32 1.00188 7.75056 2 1 62.2738 3.00441 20.7275 4 2 0.0314977 6.0686e-05 22.7822 2 
0.547812 -1.75292e-05 -1 0.563239 0.206008 0.00521742 2.91504 161590 3 3396.59 1.97787 11.9752 2 1 61.6449 3.12988 19.6956 4 2 0.0341159 6.57686e-05 22.7756 2 
0.553029 -1.6008e-05 -1 0.564314 0.207147 0.00521742 2.93667 161794 2 66.0928 1.44409 6.76519 2 1 66.0806 3.13234 21.0962 4 2 0.033347 5.35094e-05 24.964 2 
0.558247 -1.41319e-05 -1 0.565393 0.208242 0.00521742 2.95854 161983 2 73.4195 1.46758 7.07302 2 1 67.2919 4.52815 14.8608 4 2 0.035565 5.34724e-05 25.7897 2 
0.563464 -1.22304e-05 -1 0.566472 0.209276 0.00521742 2.98263 162048 4 3732.59 1.01669 7.78404 2 1 74.7703 4.28636 17.4438 4 2 0.0272814 5.22947e-05 22.8404 2 
0.568682 -1.31034e-05 -1 0.567558 0.210321 0.00521742 3.00629 162135 3 3453.83 3.1919 10.2664 2 1 68.9978 8.03643 8.58563 4 2 0.0303407 5.15045e-05 24.2711 2 
0.573899 -9.47507e-06 -1 0.568651 0.211348 0.00521742 3.02883 162280 3 2332.27 1.68993 11.1336 2 1 77.9582 7.49258 10.4047 4 2 0.031917 5.05579e-05 25.1256 2 
0.579117 -8.52828e-06 -1 0.569752 0.212354 0.00521742 3.0539 162290 4 3456.92 1.59087 6.82753 2 1 82.5884 9.40641 8.78001 4 2 0.0319241 4.90702e-05 25.5065 2 
0.584334 -8.11714e-06 -1 0.570861 0.213345 0.00521742 3.07797 162351 4 4354.37 1.1781 7.79715 2 1 74.576 7.78513 9.57929 4 2 0.0326197 5.06077e-05 25.3882 2 
0.589551 -7.99746e-06 -1 0.571976 0.214361 0.00521742 3.10157 162436 4 3626.09 1.21091 7.39745 2 1 65.4718 7.08817 9.23677 4 2 0.0312461 6.19988e-05 22.4495 2 
0.594769 -7.99015e-06 -1 0.573097 0.215326 0.00521742 3.12516 162521 4 3991.97 1.58349 7.08586 2 1 61.9853 6.75 9.183 4 2 0.0333312 7.07907e-05 21.6989 2 
0.599986 -8.30297e-06 -1 0.574224 0.216163 0.00521742 3.14885 162599 4 3709 2.28872 6.34477 2 1 63.3185 7.1701 8.83091 4 2 0.0314814 7.49027e-05 20.5012 2 
0.605204 -5.83612e-06 -1 0.575353 0.217102 0.00521742 3.17295 162655 4 3353.38 1.11255 7.40953 2 1 67.7135 4.18731 16.1711 4 2 0.033395 7.30856e-05 21.3759 2 
0.610421 -6.40871e-06 -1 0.576487 0.217999 0.00521742 3.19656 162735 4 3253.38 0.969986 7.61013 2 1 67.3684 5.3393 12.6175 4 2 0.034026 6.56703e-05 22.7625 2 
0.615638 -6.11201e-06 -1 0.577621 0.218876 0.00521742 3.22102 162771 5 4214.47 0.947927 5.3653 2 1 71.9217 4.66117 15.43 4 2 0.0303254 5.60092e-05 23.2688 2 
0.620856 -6.69692e-06 -1 0.578759 0.219687 0.00521742 3.24531 162815 4 3920.02 3.45215 5.80497 2 1 78.3109 9.20598 8.50652 4 2 0.0278981 5.79397e-05 21.9431 2 
0.626073 -8.941e-06 -1 0.579902 0.220552 0.00521742 3.26885 162895 4 4539.23 1.59227 7.30704 2 1 75.5741 8.92343 8.46917 4 2 0.0308506 6.00178e-05 22.6721 2 
0.631291 -9.47015e-06 -1 0.581052 0.221374 0.00521742 3.29535 162828 5 4467.63 0.918987 5.46202 2 1 66.6813 6.71194 9.93474 4 2 0.0313133 6.10344e-05 22.6505 2 
0.636508 -1.00309e-05 -1 0.582206 0.22218 0.00521742 3.31921 162892 4 3497.06 1.63924 6.79618 2 1 68.2545 5.81192 11.7439 4 2 0.0300811 6.09311e-05 22.2191 2 
0.641726 -1.13137e-05 -1 0.583366 0.222971 0.00521742 3.3419 163011 3 1303.21 2.35329 8.21194 2 1 64.7659 3.63697 17.8077 4 2 0.0317519 6.21228e-05 22.6079 2 
0.646943 -1.2006e-05 -1 0.584529 0.223735 0.00521742 3.36589 163067 4 3726.68 1.35389 7.24328 2 1 72.6436 3.75695 19.3358 4 2 0.0317818 6.29725e-05 22.4654 2 
0.65216 -1.10482e-05 -1 0.585696 0.224447 0.00521742 3.39024 163103 4 3460.87 0.929223 7.81208 2 1 59.4419 4.68662 12.6833 4 2 0.0314037 6.86094e-05 21.3943 2 
0.657378 -1.09006e-05 -1 0.586865 0.225174 0.00521742 3.41676 163036 4 3422.88 0.951111 7.74533 2 1 66.4932 5.14534 12.923 4 3 0.034427 2.06763e-05 11.8525 2 
0.662595 -1.07333e-05 -1 0.588037 0.225886 0.00521742 3.44382 162945 4 2202.23 1.66158 6.03372 2 1 72.2624 5.38444 13.4206 4 3 0.0330106 2.58341e-05 10.8514 2 
0.667813 -9.38856e-06 -1 0.58921 0.226559 0.00521742 3.46932 162928 4 4047.37 2.78064 6.17671 2 1 78.0957 3.19037 24.4786 4 3 0.0300995 1.89508e-05 11.6675 2 
0.67303 -1.17709e-05 -1 0.590389 0.227237 0.00521742 3.49472 162915 4 3776.54 1.07311 7.70216 2 1 77.0996 9.81864 7.85237 4 3 0.0323128 1.41753e-05 13.1608 2 
0.678248 -1.10347e-05 -1 0.591573 0.227831 0.00521742 3.52085 162870 4 3690.06 1.56777 6.96527 2 1 82.9431 8.26095 10.0404 4 3 0.0307817 1.08197e-05 14.1697 2 
0.683465 -1.08726e-05 -1 0.592763 0.228498 0.00521742 3.54934 162717 4 3719.8 1.62378 6.91827 2 1 75.7374 9.23192 8.20386 4 3 0.0309196 9.24526e-06 14.9545 2 
0.688682 -9.60644e-06 -1 0.593957 0.229127 0.00521742 3.57519 162686 4 3757.82 3.37202 5.77778 2 1 69.6469 9.15827 7.60481 4 3 0.0311815 8.35791e-06 15.5096 2 
0.6939 -8.35029e-06 -1 0.595156 0.229747 0.00521742 3.59883 162755 4 4677.14 1.02672 8.21547 2 1 64.9952 7.87921 8.24895 4 2 0.030861 9.43144e-05 18.0891 2 
0.699117 -9.43482e-06 -1 0.596357 0.230343 0.00521742 3.622 162845 4 3873.99 1.34441 7.32667 2 1 66.0702 9.12014 7.24443 4 2 0.031307 6.57277e-05 21.8246 2 
0.704335 -9.51104e-06 -1 0.597561 0.230913 0.00521742 3.64529 162928 4 3380.35 1.46758 6.92771 2 1 60.678 7.20583 8.42068 4 2 0.0304569 5.58062e-05 23.3615 2 
0.709552 -1.00223e-05 -1 0.598763 0.231452 0.00521742 3.66915 162985 4 3224.72 0.661266 8.35659 2 1 69.5377 4.32862 16.0646 4 2 0.0301734 7.09673e-05 20.6197 2 
0.714769 -9.75334e-06 -1 0.599963 0.231982 0.00521742 3.69294 163044 4 5085.92 1.37236 7.80235 2 1 71.0362 5.33738 13.3092 4 2 0.0296764 7.62168e-05 19.7324 2 
0.719987 -8.99352e-06 -1 0.601167 0.232477 0.00521742 3.71678 163100 4 4772.6 1.75963 7.21662 2 1 75.4099 8.45752 8.91631 4 2 0.028542 8.24319e-05 18.6078 2 
0.725204 -6.01977e-06 -1 0.602376 0.232957 0.00521742 3.74251 163073 4 3653.8 0.983378 7.80739 2 1 62.2934 6.79719 9.16457 4 3 0.0307589 9.40771e-06 14.8421 2 
0.730422 -6.38668e-06 -1 0.603589 0.233486 0.00521742 3.76855 163034 4 5349.3 0.893855 8.79544 2 1 64.8624 4.61974 14.0403 4 3 0.0283057 1.03354e-05 13.991 2 
0.735639 -6.81106e-06 -1 0.604806 0.233944 0.00521742 3.79646 162914 4 4179 0.9035 8.24681 2 1 61.1758 4.72956 12.9348 4 3 0.0323468 1.09853e-05 14.3331 2 
0.740857 -7.27596e-06 -1 0.606028 0.234349 0.00521742 3.82234 162882 4 3539.27 1.69613 6.75871 2 1 63.7142 6.38868 9.97298 4 3 0.0328535 1.18183e-05 14.0607 2 
0.746074 -8.63348e-06 -1 0.607254 0.234778 0.00521742 3.85152 162712 4 3218.5 1.10759 7.34208 2 1 138.401 5.6992 24.2843 4 3 0.0330885 1.18811e-05 14.0693 2 
0.751291 -9.81027e-06 -1 0.60848 0.235236 0.00521742 3.87692 162702 4 3470.14 0.821852 8.06099 2 1 63.1943 3.62697 17.4234 4 3 0.0321205 1.1755e-05 13.9804 2 
0.756509 -1.03035e-05 -1 0.609703 0.235609 0.00521742 3.90111 162743 3 2107.24 1.66363 10.8198 2 1 70.5029 2.82268 24.9773 4 3 0.0333156 1.18085e-05 14.1303 2 
0.761726 -9.89274e-06 -1 0.610925 0.236002 0.00521742 3.92716 162707 4 3641.43 1.01921 7.73129 2 1 66.167 5.68869 11.6313 4 3 0.0309798 1.17438e-05 13.8173 2 
0.766944 -9.28817e-06 -1 0.612153 0.236349 0.00521742 3.95283 162687 4 3304.95 0.818241 7.97206 2 1 68.0768 8.06571 8.44028 4 3 0.0309225 1.11965e-05 14.0302 2 
0.772161 -8.69096e-06 -1 0.613385 0.236714 0.00521742 3.97935 162631 4 4655.03 0.99487 8.27064 2 1 70.962 8.38762 8.46032 4 3 0.0324241 1.01933e-05 14.7068 2 
0.777379 -8.26998e-06 -1 0.614622 0.237031 0.00521742 4.00581 162580 4 2364.87 1.23349 6.61711 2 1 61.3587 8.02749 7.64357 4 3 0.0296299 9.48517e-06 14.6182 2 
0.782596 -8.1298e-06 -1 0.615861 0.237361 0.00521742 4.03129 162568 4 3645.04 1.17362 7.46524 2 1 101.318 7.29283 13.8928 4 3 0.0277508 9.06308e-06 14.5211 2 
0.787813 -8.28535e-06 -1 0.617103 0.237668 0.00521742 4.05684 162554 2 93.2611 2.82556 5.74511 2 1 57.5283 7.07123 8.13553 4 3 0.0306573 9.3788e-06 14.841 2 
0.793031 -7.14959e-06 -1 0.618345 0.23794 0.00521742 4.083 162516 4 3351.55 1.28483 7.1466 2 1 124.359 7.01928 17.7168 4 3 0.0336737 9.80227e-06 15.0888 2 
0.798248 -8.05506e-06 -1 0.619585 0.238232 0.00521742 4.10914 162479 4 3314.96 1.63141 6.71396 2 1 57.452 7.28171 7.8899 4 3 0.0299266 9.24636e-06 14.7921 2 
0.803466 -1.05711e-05 -1 0.620816 0.238507 0.00521742 4.13461 162469 4 5092.98 1.41332 7.74788 2 1 55.3058 4.43431 12.4722 4 3 0.0294053 8.34355e-06 15.218 2 
0.808683 -9.47896e-06 -1 0.622051 0.238725 0.00521742 4.16088 162427 4 5717.69 0.892311 8.94697 2 1 59.2701 8.17805 7.24747 4 3 0.0311402 7.8147e-06 15.8539 2 
0.8139 -9.93325e-06 -1 0.62329 0.239003 0.00521742 4.18645 162413 4 3566.17 1.13454 7.48766 2 1 58.7531 7.17548 8.18804 4 3 0.0304981 7.80762e-06 15.749 2 
0.819118 -9.79698e-06 -1 0.624535 0.239224 0.00521742 4.21206 162398 4 3365.15 0.964953 7.68466 2 1 61.0221 7.7924 7.83098 4 3 0.034255 2.37048e-05 11.3057 2 
0.824335 -1.01148e-05 -1 0.625785 0.239401 0.00521742 4.23794 162373 4 3482.53 1.11474 7.47619 2 1 59.3834 7.22306 8.22137 4 3 0.0339226 2.43726e-05 11.1651 2 
0.829553 -8.52369e-06 -1 0.627039 0.23961 0.00521742 4.2625 162399 3 5741.14 3.60824 11.6744 2 1 62.4773 4.59291 13.603 4 3 0.0340054 1.70021e-05 12.5994 2 
0.83477 -8.28315e-06 -1 0.628294 0.239858 0.00521742 4.28832 162376 4 3292.02 0.981287 7.61056 2 1 69.1066 3.05824 22.5969 4 3 0.0339811 1.27016e-05 13.8822 2 
0.839988 -8.28327e-06 -1 0.62955 0.239978 0.00521742 4.31604 162282 4 6172.36 1.10975 8.63588 2 1 145.904 3.37372 43.2473 4 3 0.0322607 1.01268e-05 14.7141 2 
0.845205 -7.16616e-06 -1 0.630793 0.240178 0.00521742 4.34181 162262 4 4354.55 1.0793 7.96985 2 1 58.7515 3.01483 19.4875 4 3 0.0369436 9.10822e-06 15.9478 2 
0.850422 -9.31678e-06 -1 0.632038 0.240307 0.00521742 4.36717 162258 4 3557.5 1.18544 7.40145 2 1 58.3152 4.31206 13.5238 4 3 0.0360383 7.02153e-06 17.2495 2 
0.85564 -1.01533e-05 -1 0.633286 0.240452 0.00521742 4.38995 162349 3 2321.54 3.01032 9.17039 2 1 67.6019 6.15652 10.9805 4 2 0.033432 7.25111e-05 21.4723 2 
0.860857 -7.95123e-06 -1 0.634539 0.240581 0.00521742 4.4136 162407 4 3035.3 1.4349 6.7818 2 1 73.9879 5.71568 12.9447 4 2 0.0342991 8.35704e-05 20.2589 2 
0.866075 -5.85471e-06 -1 0.635794 0.240705 0.00521742 4.43715 162468 4 497.038 1.66402 4.15727 2 1 73.1372 6.08349 12.0223 4 2 0.0349865 9.65448e-05 19.0364 2 
0.871292 -4.69054e-06 -1 0.637054 0.240852 0.00521742 4.46277 162453 4 3549 0.80662 8.14441 2 1 60.6803 5.64993 10.74 4 3 0.0346103 5.83266e-06 18.1042 2 
0.87651 -5.55992e-06 -1 0.638314 0.24092 0.00521742 4.48593 162528 4 4475.86 1.27906 7.69124 2 1 55.2158 6.00027 9.20221 4 2 0.033016 9.51621e-05 18.6265 2 
0.881727 -6.69973e-06 -1 0.639576 0.240984 0.00521742 4.5093 162594 4 5433.6 1.62554 7.60366 2 1 56.5219 4.84156 11.6743 4 2 0.030692 8.78118e-05 18.6955 2 
0.886944 -6.67484e-06 -1 0.640827 0.24106 0.00521742 4.53305 162645 4 3421.88 1.12646 7.42399 2 1 128.167 5.59791 22.8955 4 2 0.0307835 8.11172e-05 19.4806 2 
0.892162 -6.67712e-06 -1 0.642069 0.24118 0.00521742 4.55827 162644 4 6029.45 1.65515 7.76892 2 1 69.5208 6.08635 11.4224 4 2 0.0352458 7.66642e-05 21.4416 2 
0.897379 -6.18415e-06 -1 0.643316 0.241227 0.00521742 4.58169 162707 4 3406 1.27573 7.18822 2 1 71.9547 7.13856 10.0797 4 2 0.0376896 7.41157e-05 22.5505 2 
0.902597 -8.44297e-06 -1 0.64457 0.241285 0.00521742 4.605 162772 4 3221.31 0.87601 7.78719 2 1 72.0944 6.96004 10.3583 4 2 0.0393223 7.13477e-05 23.4763 2 
0.907814 -8.5091e-06 -1 0.645828 0.241322 0.00521742 4.6281 162845 3 1065.39 0.852164 10.7728 2 1 58.4266 4.85857 12.0255 4 2 0.0384082 6.60567e-05 24.1131 2 
0.913031 -9.00226e-06 -1 0.64709 0.24132 0.00521742 4.65221 162882 4 6340.52 1.01655 8.88687 2 1 62.404 3.13252 19.9213 4 2 0.0332486 6.40427e-05 22.7851 2 
0.918249 -9.69533e-06 -1 0.648356 0.241376 0.00521742 4.6757 162939 4 3276.12 0.863231 7.84889 2 1 84.5719 2.45652 34.4275 4 2 0.0297028 6.4401e-05 21.476 2 
0.923466 -9.42744e-06 -1 0.649625 0.241383 0.00521742 4.69723 163065 2 157.125 1.46892 10.3424 2 1 64.8411 2.02578 32.008 4 2 0.0333977 6.39029e-05 22.8611 2 
0.928684 -8.44273e-06 -1 0.650893 0.241403 0.00521742 4.72049 163129 4 3680.03 0.826948 8.16758 2 1 64.1087 2.03825 31.4528 4 2 0.0382455 7.43828e-05 22.6753 2 
0.933901 -7.7977e-06 -1 0.652139 0.241411 0.00521742 4.74536 163137 5 3125.3 1.07669 4.92674 2 1 69.2348 2.72588 25.3991 4 2 0.0421784 8.16647e-05 22.7263 2 
0.939119 -8.25549e-06 -1 0.653385 0.241398 0.00521742 4.76919 163181 4 3051.46 3.62801 5.3853 2 1 75.8125 4.4096 17.1926 4 2 0.0436753 7.19183e-05 24.6433 2 
0.944336 -9.06974e-06 -1 0.654636 0.241379 0.00521742 4.79462 163169 4 7268.89 1.86535 7.90091 2 1 63.4746 5.59754 11.3397 4 2 0.04209 7.33326e-05 23.9575 2 
0.949553 -6.72264e-06 -1 0.65589 0.241333 0.00521742 4.81942 163180 5 3486.7 1.13117 4.98629 2 1 53.751 4.70771 11.4176 4 2 0.0377643 8.54938e-05 21.0171 2 
0.954771 -7.0781e-06 -1 0.657148 0.241302 0.00521742 4.84301 163231 4 7286.99 1.32335 8.61427 2 1 62.1658 5.01823 12.388 4 2 0.0405164 9.00703e-05 21.2092 2 
0.959988 -7.93233e-06 -1 0.658409 0.241311 0.00521742 4.86633 163290 4 2962.69 2.15452 6.08954 2 1 56.2997 4.03816 13.9419 4 2 0.0457577 8.2727e-05 23.5184 2 
0.965206 -8.46912e-06 -1 0.659674 0.24126 0.00521742 4.89019 163331 4 3160.13 1.01089 7.47739 2 1 87.7909 5.16801 16.9874 4 2 0.0470747 7.17842e-05 25.6082 2 
0.970423 -8.75409e-06 -1 0.66094 0.241238 0.00521742 4.91604 163305 4 3467.28 1.09555 7.50049 2 1 81.3231 4.86141 16.7283 4 3 0.0430481 1.4575e-05 14.3477 2 
0.975641 -8.53899e-06 -1 0.662204 0.241121 0.00521742 4.94087 163314 3 4171.21 2.86538 11.3334 2 1 89.6887 6.55866 13.6748 4 3 0.0435313 2.81392e-05 11.5655 2 
0.980858 -9.68451e-06 -1 0.663443 0.241095 0.00521742 4.96689 163283 4 3167.57 3.6397 5.43144 2 1 82.6453 4.40993 18.7407 4 3 0.0408752 2.22203e-05 12.2528 2 
0.986075 -1.14681e-05 -1 0.664688 0.24101 0.00521742 4.99255 163264 4 3272.52 0.726072 8.19362 2 1 72.5168 4.82392 15.0327 4 3 0.0436845 1.61386e-05 13.9365 2 
0.991293 -1.18083e-05 -1 0.665936 0.24091 0.00521742 5.01801 163252 4 3239.96 1.08172 7.39787 2 1 59.4133 4.02225 14.7712 4 3 0.0401024 1.18475e-05 15.0146 2 
0.99651 -1.2038e-05 -1 0.66719 0.24082 0.00521742 5.04537 163179 4 6311.04 0.925941 9.08614 2 1 65.6589 3.07513 21.3516 4 3 0.041016 1.04768e-05 15.7607 2 
1.00173 -9.07841e-06 -1 0.668447 0.240682 0.00521742 5.07064 163173 4 3070.71 0.916989 7.60709 2 1 85.5962 3.00802 28.456 4 3 0.04055 8.8969e-06 16.58 2 
1.00695 -9.78819e-06 -1 0.669709 0.240608 0.00521742 5.09418 163223 4 3086.44 0.680687 8.20593 2 1 80.8865 2.36852 34.1506 4 2 0.0410118 8.68872e-05 21.7259 2 
1.01216 -1.09454e-05 -1 0.670974 0.240514 0.00521742 5.11732 163285 4 2353.7 0.699751 7.61556 2 1 88.3399 3.00262 29.421 4 2 0.0462335 6.20477e-05 27.297 2 
1.01738 -1.12823e-05 -1 0.672242 0.240397 0.00521742 5.14143 163317 4 3368.11 1.93874 6.45605 2 1 86.1916 3.65884 23.5571 4 2 0.0489076 7.78595e-05 25.063 2 
1.0226 -1.23315e-05 -1 0.6735 0.24033 0.00521742 5.16476 163372 4 4908.54 1.91532 7.11505 2 1 69.0946 3.91823 17.6342 4 2 0.0483668 8.76536e-05 23.4903 2 
1.02781 -7.70769e-06 -1 0.674737 0.240184 0.00521742 5.18819 163423 4 3055.61 0.891855 7.6507 2 1 70.4812 4.08814 17.2404 4 2 0.0450139 7.02396e-05 25.3152 2 
1.03303 -8.16522e-06 -1 0.675972 0.240056 0.00521742 5.21215 163458 4 7231.42 1.20836 8.79543 2 1 71.5482 4.7524 15.0552 4 2 0.0413352 5.98035e-05 26.2904 2 
1.03825 -9.7361e-06 -1 0.677212 0.239909 0.00521742 5.23586 163500 4 3746.94 1.83203 6.72491 2 1 119.709 5.13284 23.3221 4 2 0.0408866 6.61985e-05 24.8523 2 
1.04347 -9.20033e-06 -1 0.678455 0.239759 0.00521742 5.25956 163542 4 320.185 2.07726 3.52353 2 1 77.616 5.92057 13.1096 4 2 0.0445624 8.14101e-05 23.3962 2 
1.04868 -9.94664e-06 -1 0.679703 0.239628 0.00521742 5.28442 163548 4 3577.22 1.79371 6.68265 2 1 82.4388 6.30626 13.0725 4 2 0.0504122 9.20324e-05 23.4044 2 
1.0539 -9.83879e-06 -1 0.680956 0.239434 0.00521742 5.30812 163589 4 3119.65 1.84564 6.41195 2 1 92.3895 7.73719 11.941 4 2 0.0556887 9.03839e-05 24.8221 2 
1.05912 -8.60216e-06 -1 0.682215 0.239274 0.00521742 5.33179 163631 4 3796.17 1.35646 7.27335 2 1 80.7668 5.54033 14.578 4 2 0.0580874 7.81847e-05 27.2571 2 
1.06434 -8.99563e-06 -1 0.683477 0.239163 0.00521742 5.35517 163682 4 9047 1.51194 8.79514 2 1 66.0697 3.29407 20.0572 4 2 0.0582553 7.26948e-05 28.3085 2 
1.06955 -9.99669e-06 -1 0.68473 0.238985 0.00521742 5.37886 163722 4 5517.1 1.06929 8.47528 2 1 72.8507 2.47872 29.3905 4 2 0.047749 8.19308e-05 24.1412 2 
1.07477 -9.97153e-06 -1 0.685972 0.238832 0.00521742 5.40289 163752 4 2864.98 0.512414 8.64719 2 1 66.5766 3.12343 21.3152 4 2 0.0492231 7.80985e-05 25.1052 2 
1.07999 -9.85392e-06 -1 0.687202 0.238673 0.00521742 5.4266 163792 4 8746.55 1.63046 8.55818 2 1 79.2099 2.65002 29.8903 4 2 0.0519032 7.10375e-05 27.0305 2 
1.08521 -9.12474e-06 -1 0.688435 0.238494 0.00521742 5.45036 163829 4 4644.39 1.52101 7.4336 2 1 83.8742 3.77857 22.1973 4 2 0.0560423 6.55613e-05 29.2371 2 
1.09042 -8.41639e-06 -1 0.689672 0.238299 0.00521742 5.47437 163859 4 2917.86 2.15443 6.06643 2 1 76.9707 2.93364 26.2373 4 2 0.0615232 7.33324e-05 28.9649 2 
1.09564 -1.05778e-05 -1 0.690912 0.238045 0.00521742 5.49747 163915 4 3464.79 1.21478 7.30793 2 1 94.2094 2.75555 34.189 4 2 0.0562966 6.14876e-05 30.2585 2 
1.10086 -1.3122e-05 -1 0.692156 0.237882 0.00521742 5.52272 163908 4 2991.95 1.62407 6.55145 2 1 89.3702 2.85587 31.2935 4 2 0.0520251 5.7604e-05 30.0525 2 
1.10608 -1.45416e-05 -1 0.693403 0.23772 0.00521742 5.54655 163942 4 3330.11 1.10087 7.41618 2 1 66.2311 3.98315 16.6278 4 2 0.0531291 5.71094e-05 30.5009 2 
1.11129 -1.53099e-05 -1 0.694654 0.237581 0.00521742 5.57036 163976 4 3150.75 1.08502 7.34081 2 1 74.6424 4.43173 16.8427 4 2 0.0558314 5.71962e-05 31.2432 2 
1.11651 -1.52673e-05 -1 0.695895 0.237404 0.00521742 5.59503 163986 4 6890.44 1.01049 9.08718 2 1 72.4479 6.01299 12.0486 4 2 0.0575038 6.0728e-05 30.7719 2 
1.12173 -1.54656e-05 -1 0.69713 0.237298 0.00521742 5.61898 164016 2 224.539 1.62046 11.7713 2 1 87.901 7.05462 12.4601 4 3 0.0573696 6.76585e-06 20.3917 2 
1.12695 -1.75e-05 -1 0.698359 0.237101 0.00521742 5.64336 164033 2 147.599 2.10502 8.37362 2 1 110.264 8.71968 12.6454 4 3 0.0560532 2.59034e-05 12.9344 2 
1.13216 -1.89953e-05 -1 0.699581 0.236808 0.00521742 5.6696 163996 4 3080.67 0.936245 7.5738 2 1 117.231 7.63087 15.3627 4 3 0.0580495 2.31415e-05 13.5874 2 
1.13738 -1.88382e-05 -1 0.700805 0.236585 0.00521742 5.69594 163957 4 5406.33 0.973306 8.63303 2 1 104.075 4.81746 21.6036 4 3 0.0594598 1.64621e-05 15.3431 2 
1.1426 -2.03746e-05 -1 0.702034 0.236419 0.00521742 5.7192 164006 2 418.112 2.42654 13.1266 2 1 94.0416 3.89873 24.1211 4 3 0.0584794 1.19153e-05 16.9941 2 
1.14782 -2.25111e-05 -1 0.703266 0.236151 0.00521742 5.74502 163982 4 4171.33 1.0566 7.92668 2 1 80.8449 3.70061 21.8464 4 3 0.0592241 1.1027e-05 17.5124 2 
1.15303 -2.46949e-05 -1 0.704504 0.235966 0.00521742 5.77252 163910 4 3227.69 1.08944 7.37772 2 1 154.455 3.8572 40.0434 4 3 0.0531278 1.14306e-05 16.6885 2 
1.15825 -2.62623e-05 -1 0.705744 0.235737 0.00521742 5.79865 163878 4 7941.81 1.6979 8.26993 2 1 80.989 2.43396 33.2745 4 3 0.0484309 1.23566e-05 15.7667 2 
1.16347 -2.85763e-05 -1 0.706981 0.235579 0.00521742 5.8244 163857 4 3033.15 0.699718 8.11414 2 1 95.359 2.8115 33.9174 4 3 0.0536767 1.27057e-05 16.1657 2 
1.16869 -2.78543e-05 -1 0.708211 0.23534 0.00521742 5.84965 163850 4 3076.29 0.989372 7.46736 2 1 100.521 3.45566 29.089 4 3 0.0616772 1.22055e-05 17.1602 2 
1.1739 -2.73678e-05 -1 0.709438 0.235125 0.00521742 5.87514 163836 4 2966.87 1.03673 7.31405 2 1 114.551 4.15036 27.6004 4 3 0.0690456 1.22292e-05 17.8065 2 
1.17912 -2.68071e-05 -1 0.71066 0.234922 0.00521742 5.90118 163807 4 3090.1 0.410573 9.3142 2 1 102.995 4.07365 25.2832 4 3 0.0731861 1.21582e-05 18.1909 2 
1.18434 -2.66706e-05 -1 0.711876 0.234669 0.00521742 5.92767 163766 4 3173.31 0.987981 7.52819 2 1 98.908 4.59057 21.5459 4 3 0.0722392 1.17194e-05 18.3353 2 
1.18955 -2.76911e-05 -1 0.713085 0.234416 0.00521742 5.9551 163700 5 10885.7 1.02295 6.38852 2 1 71.9632 5.11356 14.073 4 3 0.0703177 1.02729e-05 18.987 2 
1.19477 -2.54987e-05 -1 0.714299 0.234183 0.00521742 5.98135 163666 4 2677.42 0.617311 8.11527 2 1 79.4419 5.58793 14.2167 4 3 0.0614524 9.01007e-06 18.9643 2 
1.19999 -2.66509e-05 -1 0.715515 0.233943 0.00521742 6.00544 163692 2 322.917 2.74584 10.8445 2 1 91.4036 6.48844 14.0871 4 3 0.0611243 8.24545e-06 19.4984 2 
1.20521 -2.79092e-05 -1 0.716739 0.233714 0.00521742 6.03223 163644 4 10409.5 1.36005 9.35339 2 1 93.2324 7.98266 11.6794 4 3 0.0645104 8.33665e-06 19.7794 2 
1.21042 -2.8934e-05 -1 0.717965 0.233454 0.00521742 6.058 163624 4 3337.11 1.00557 7.58997 2 1 98.544 6.4833 15.1997 4 3 0.0713594 9.15845e-06 19.8248 2 
1.21564 -2.96125e-05 -1 0.719186 0.233211 0.00521742 6.0828 163630 3 2869.04 3.29747 9.54668 2 1 90.4382 4.05983 22.2764 4 3 0.0793495 9.21691e-06 20.4952 2 
1.22086 -3.18062e-05 -1 0.720403 0.232985 0.00521742 6.10898 163599 4 3145.08 1.52573 6.73811 2 1 95.2281 2.38964 39.8504 4 3 0.0779634 8.2562e-06 21.1367 2 
1.22608 -3.09625e-05 -1 0.72162 0.232736 0.00521742 6.13455 163585 4 3083.69 1.12672 7.23292 2 1 85.4213 1.98542 43.0243 4 3 0.0695203 7.51043e-06 20.9966 2 
1.23129 -3.01334e-05 -1 0.722833 0.232479 0.00521742 6.15885 163605 2 195.937 1.81804 10.3814 2 1 77.7672 1.6505 47.1174 4 3 0.0727469 7.14953e-06 21.6693 2 
1.23651 -2.93077e-05 -1 0.724044 0.232199 0.00521742 6.18458 163586 4 7923.11 1.50782 8.51406 2 1 103.809 1.94874 53.2699 4 3 0.0767027 7.18924e-06 22.0145 2 
1.24173 -2.88341e-05 -1 0.725248 0.231938 0.00521742 6.21112 163547 5 4234.44 0.996692 5.31676 2 1 95.6883 2.07462 46.1233 4 3 0.0773712 7.39351e-06 21.8731 2 
1.24695 -2.8364e-05 -1 0.72645 0.231676 0.00521742 6.23419 163599 4 3040.63 2.67543 5.80621 2 1 135.802 3.74368 36.2749 4 2 0.0765518 9.86599e-05 27.8553 2 
1.25216 -2.91162e-05 -1 0.727654 0.231414 0.00521742 6.25777 163637 4 2861.18 3.26227 5.44197 2 1 129.727 4.13199 31.3958 4 2 0.0742613 8.89489e-05 28.8942 2 
1.25738 -3.10762e-05 -1 0.728862 0.23115 0.00521742 6.28311 163628 4 5521.9 1.59153 7.67482 2 1 129.654 3.35632 38.6298 4 2 0.0718956 8.15764e-05 29.6872 2 
1.2626 -2.99049e-05 -1 0.73007 0.230902 0.00521742 6.307 163658 4 2852.79 0.948547 7.40547 2 1 115.863 2.94955 39.2817 4 2 0.0716981 9.23643e-05 27.8613 2 
1.26782 -2.98807e-05 -1 0.731272 0.230636 0.00521742 6.3307 163693 4 3867.04 1.06871 7.75585 2 1 99.9792 3.89924 25.6407 4 2 0.0727492 9.44043e-05 27.7599 2 
1.27303 -2.98214e-05 -1 0.73247 0.230382 0.00521742 6.35435 163728 4 2283.78 0.860561 7.17742 2 1 98.7189 5.19681 18.9961 4 2 0.0675305 8.33453e-05 28.4649 2 
1.27825 -2.92188e-05 -1 0.733668 0.230126 0.00521742 6.38003 163711 4 9655.69 3.10518 7.46748 2 1 139.55 5.73023 24.3533 4 3 0.0628767 2.42457e-05 13.7389 2 
1.28347 -2.83488e-05 -1 0.734867 0.229885 0.00521742 6.40556 163698 4 3739.65 2.33432 6.32656 2 1 99.2069 5.96302 16.637 4 3 0.0623406 2.6367e-05 13.322 2 
1.28869 -2.82762e-05 -1 0.736067 0.229617 0.00521742 6.43137 163678 4 3008.72 1.07212 7.27838 2 1 113.874 3.89473 29.2379 4 3 0.0718385 1.86513e-05 15.6753 2 
1.2939 -2.79494e-05 -1 0.737265 0.229351 0.00521742 6.45745 163651 4 3017.86 1.56892 6.62254 2 1 121.453 1.87651 64.7229 4 3 0.0817599 1.34665e-05 18.243 2 
1.29912 -2.94432e-05 -1 0.738459 0.229081 0.00521742 6.48089 163691 2 570.339 2.80525 14.2587 2 1 127.337 2.55867 49.7667 4 3 0.0880874 1.12319e-05 19.868 2 
1.30434 -2.98132e-05 -1 0.739647 0.22883 0.00521742 6.50641 163679 4 2943.12 0.977814 7.40693 2 1 155.225 4.43477 35.0018 4 3 0.0903645 9.95112e-06 20.8629 2 
1.30956 -3.09904e-05 -1 0.740841 0.228575 0.00521742 6.53221 163659 4 6375.92 0.721095 9.697 2 1 122.801 3.81671 32.1745 4 2 0.0859685 9.63631e-05 29.8686 2 
1.31477 -3.20015e-05 -1 0.742036 0.228323 0.00521742 6.55629 163683 4 12602.9 0.846856 11.045 2 1 102.673 2.87585 35.7019 4 2 0.0877309 8.53001e-05 32.0702 2 
1.31999 -3.04033e-05 -1 0.743226 0.228086 0.00521742 6.57898 163741 4 3170.11 1.56465 6.7091 2 1 92.8178 3.28807 28.2286 4 2 0.0806432 8.5377e-05 30.7336 2 
1.32521 -2.89696e-05 -1 0.744412 0.227832 0.00521742 6.60243 163780 4 11329.8 1.40666 9.47346 2 1 76.6379 3.68033 20.8237 4 2 0.0771302 9.15515e-05 29.0255 2 
1.33043 -3.21815e-05 -1 0.745599 0.227587 0.00521742 6.62636 163806 4 3090.94 1.1083 7.26706 2 1 109.26 3.29775 33.1317 4 2 0.0851484 7.98792e-05 32.6491 2 
1.33564 -3.4798e-05 -1 0.746783 0.227297 0.00521742 6.64799 163889 2 199.194 3.0345 8.10205 2 1 117.354 3.9161 29.9671 4 2 0.0902716 8.2142e-05 33.1507 2 
1.34086 -3.51671e-05 -1 0.747968 0.227031 0.00521742 6.67104 163937 4 2791.25 0.987601 7.29129 2 1 114.203 4.54128 25.1478 4 2 0.0949239 8.63987e-05 33.1462 2 
1.34608 -3.48888e-05 -1 0.74915 0.226781 0.00521742 6.69487 163965 4 3154.61 0.937218 7.61687 2 1 102.228 4.51873 22.6231 4 2 0.0930014 8.15206e-05 33.7762 2 
1.35129 -3.41273e-05 -1 0.750331 0.226525 0.00521742 6.71669 164043 2 553.2 3.01736 13.5403 2 1 74.7027 5.12337 14.5808 4 2 0.0874942 7.1215e-05 35.0513 2 
1.35651 -3.37324e-05 -1 0.75151 0.226278 0.00521742 6.74018 164079 4 2920.6 1.52674 6.61343 2 1 147.287 6.69114 22.0123 4 2 0.0906059 6.42084e-05 37.5649 2 
1.36173 -3.28696e-05 -1 0.752686 0.22595 0.00521742 6.76484 164086 4 8237.64 1.80271 8.22185 2 1 96.2113 5.98113 16.0858 4 2 0.0934274 6.2815e-05 38.5661 2 
1.36695 -3.11899e-05 -1 0.753863 0.225659 0.00521742 6.78821 164125 4 3068.28 0.812366 7.83945 2 1 150.184 4.64161 32.3561 4 2 0.0916938 6.98243e-05 36.2382 2 
1.37216 -3.07311e-05 -1 0.755041 0.225413 0.00521742 6.8106 164186 2 170.227 1.32613 11.3298 2 1 160.126 5.09251 31.4435 4 2 0.0896464 8.62224e-05 32.2446 2 
1.37738 -3.03611e-05 -1 0.756213 0.225145 0.00521742 6.8348 164204 4 6030.85 0.611132 9.96692 2 1 146.669 4.39716 33.3554 4 2 0.0863884 9.77329e-05 29.7309 2 
1.3826 -3.03512e-05 -1 0.757385 0.224865 0.00521742 6.86132 164167 4 3127.03 0.994972 7.48738 2 1 144.195 4.07176 35.4135 4 3 0.0840739 5.23271e-06 25.2335 2 
1.38782 -2.98937e-05 -1 0.758555 0.224594 0.00521742 6.88421 164216 4 3991.18 0.663173 8.80783 2 1 134.636 3.76339 35.7753 4 2 0.0845554 9.02029e-05 30.6168 2 
1.39303 -2.87078e-05 -1 0.759727 0.224322 0.00521742 6.90758 164253 4 2955.14 1.78712 6.37685 2 1 213.567 5.85191 36.4953 4 2 0.0818594 7.5412e-05 32.9468 2 
1.39825 -2.96935e-05 -1 0.760896 0.224031 0.00521742 6.93101 164289 4 2832.09 1.12402 7.0849 2 1 103.888 3.06268 33.9207 4 2 0.074468 6.88085e-05 32.8976 2 
1.40347 -2.95705e-05 -1 0.762066 0.223774 0.00521742 6.95487 164314 4 10350.1 1.69696 8.83727 2 1 181.593 4.61307 39.365 4 2 0.0711616 6.74657e-05 32.4774 2 
1.40869 -2.86727e-05 -1 0.763234 0.223511 0.00521742 6.97817 164353 4 2969.19 1.06533 7.26588 2 1 112.891 2.99701 37.668 4 2 0.080601 6.51608e-05 35.1704 2 
1.4139 -2.81068e-05 -1 0.764402 0.223241 0.00521742 7.0025 164366 3 2463.14 3.36002 9.01673 2 1 133.586 4.14693 32.2133 4 2 0.091273 6.19372e-05 38.388 2 
1.41912 -2.81693e-05 -1 0.765564 0.222969 0.00521742 7.02569 164407 3 2839.24 3.16416 9.64527 2 1 214.742 4.99562 42.986 4 2 0.100874 7.87285e-05 35.7951 2 
1.42434 -2.73408e-05 -1 0.766722 0.22271 0.00521742 7.04982 164425 4 11316.1 2.49102 8.20976 2 1 141.345 5.79157 24.4053 4 2 0.105091 8.76783e-05 34.6207 2 
1.42956 -3.03846e-05 -1 0.767878 0.222393 0.00521742 7.07505 164418 4 7425.82 1.00636 9.26825 2 1 138.477 7.21214 19.2006 4 3 0.105737 1.22544e-05 20.5106 2 
1.43477 -3.1449e-05 -1 0.769032 0.222057 0.00521742 7.10158 164380 5 14176.8 1.37591 6.34743 2 1 114.846 8.24381 13.9312 4 3 0.106974 2.64855e-05 15.9254 2 
1.43999 -2.72286e-05 -1 0.770185 0.221805 0.00521742 7.12739 164360 4 3061.42 0.825276 7.80425 2 1 120.307 6.01459 20.0025 4 3 0.105627 2.07297e-05 17.2079 2 
1.44521 -2.70647e-05 -1 0.771339 0.22154 0.00521742 7.15215 164363 3 4714 3.64967 10.8904 2 1 111.101 4.55388 24.3969 4 3 0.0979866 1.50092e-05 18.6897 2 
1.45043 -3.23304e-05 -1 0.772493 0.221304 0.00521742 7.17859 164329 5 5650.66 1.71619 5.05251 2 1 94.3047 3.19045 29.5584 4 3 0.0977492 1.1326e-05 20.5122 2 
1.45564 -3.63651e-05 -1 0.773649 0.221001 0.00521742 7.20397 164318 4 3027.91 0.974521 7.466 2 1 244.298 5.82908 41.9102 4 3 0.105303 1.02615e-05 21.7308 2 
1.46086 -3.69354e-05 -1 0.774803 0.220723 0.00521742 7.2292 164311 4 617.861 2.79 3.85764 2 1 141.422 2.28974 61.7635 4 3 0.102005 7.95804e-06 23.403 2 
1.46608 -3.74791e-05 -1 0.775958 0.220442 0.00521742 7.25677 164252 4 4726.17 1.52639 7.45952 2 1 126.285 2.26258 55.8146 4 3 0.0988603 4.73427e-06 27.5374 2 
1.4713 -3.86865e-05 -1 0.777111 0.22017 0.00521742 7.28066 164275 4 3073.71 0.996036 7.45327 2 1 114.744 2.58511 44.3863 4 2 0.0925731 8.76336e-05 32.5018 2 
1.47651 -3.89615e-05 -1 0.778263 0.219908 0.00521742 7.30462 164297 4 2843.69 1.1855 6.99834 2 1 104.359 3.10988 33.5572 4 2 0.0863886 9.4131e-05 30.2944 2 
1.48173 -3.96428e-05 -1 0.77941 0.219564 0.00521742 7.33012 164284 4 9604.73 2.23456 8.09698 2 1 118.088 3.46566 34.0738 4 3 0.0841288 5.69649e-06 24.5346 2 
1.48695 -3.24024e-05 -1 0.780553 0.219321 0.00521742 7.35327 164324 4 2501.72 0.540842 8.24692 2 1 149.001 4.12148 36.1524 4 2 0.0836177 9.99223e-05 28.928 2 
1.49217 -3.17439e-05 -1 0.781689 0.219074 0.00521742 7.37668 164358 4 4132.7 1.39346 7.37963 2 1 184.185 5.44619 33.819 4 2 0.093432 8.56005e-05 33.0377 2 
1.49738 -3.38829e-05 -1 0.782825 0.218799 0.00521742 7.39995 164395 4 2854.12 0.826155 7.6666 2 1 170.479 4.46089 38.2163 4 2 0.0983329 7.21964e-05 36.9055 2 
1.5026 -3.45226e-05 -1 0.783958 0.21849 0.00521742 7.42376 164419 4 6031.72 1.71579 7.70006 2 1 161.297 5.04419 31.9767 4 2 0.100009 7.29126e-05 37.0354 2 
1.50782 -3.03857e-05 -1 0.785091 0.21824 0.00521742 7.44765 164442 4 2867.25 0.762817 7.83 2 1 157.023 5.92101 26.5197 4 2 0.100212 7.17604e-05 37.3695 2 
1.51303 -2.88432e-05 -1 0.786225 0.217973 0.00521742 7.47115 164473 4 3342.25 2.42311 6.0942 2 1 158.842 7.85533 20.2209 4 2 0.0918067 7.01843e-05 36.1674 2 
1.51825 -2.4857e-05 -1 0.787362 0.217711 0.00521742 7.49568 164481 3 657.883 0.929862 8.91066 2 1 158.943 5.94222 26.748 4 2 0.0840174 6.88108e-05 34.9427 2 
1.52347 -2.39489e-05 -1 0.788499 0.217538 0.00521742 7.51905 164514 4 12115.5 1.19439 10.0357 2 1 91.4995 4.59479 19.9138 4 2 0.0854204 6.4025e-05 36.5263 2 
1.52869 -2.58002e-05 -1 0.789638 0.21724 0.00521742 7.54278 164540 4 3908.82 1.09079 7.73706 2 1 140.002 4.85835 28.8168 4 2 0.096585 5.98614e-05 40.1681 2 
1.5339 -2.71716e-05 -1 0.790775 0.216979 0.00521742 7.56591 164578 4 2779.7 0.527489 8.52013 2 1 138.064 3.36627 41.014 4 2 0.108319 6.8111e-05 39.8789 2 
1.53912 -2.70021e-05 -1 0.791912 0.216752 0.00521742 7.58753 164649 2 423.042 2.26453 13.6679 2 1 149.053 3.46684 42.9939 4 2 0.120538 8.83398e-05 36.9388 2 
1.54434 -2.75788e-05 -1 0.793045 0.216489 0.00521742 7.61355 164624 4 15147.6 2.46507 8.85378 2 1 156.392 3.18522 49.0994 4 3 0.128531 4.55559e-06 30.443 2 
1.54956 -2.90027e-05 -1 0.794174 0.21622 0.00521742 7.64057 164578 5 2373.18 1.02523 4.70871 2 1 124.585 3.50123 35.5834 4 3 0.130456 4.97371e-06 29.7117 2 
1.55477 -2.99082e-05 -1 0.795296 0.215996 0.00521742 7.66599 164567 4 7790.34 3.30344 6.96863 2 1 123.871 3.8512 32.1643 4 3 0.128446 5.08835e-06 29.3347 2 
1.55999 -3.12977e-05 -1 0.796417 0.215681 0.00521742 7.69288 164524 5 2850.41 1.00084 4.90804 2 1 188.565 3.25636 57.9067 4 3 0.121767 6.3453e-06 26.7727 2 
1.56521 -3.23527e-05 -1 0.797536 0.215421 0.00521742 7.71917 164494 4 3455.93 1.46833 6.96523 2 1 175.363 7.71227 22.7382 4 3 0.117947 7.06449e-06 25.5585 2 
1.57043 -3.40433e-05 -1 0.798655 0.215247 0.00521742 7.74599 164454 3 5046.59 3.53014 11.2651 2 1 128.896 3.07474 41.9208 4 3 0.120955 7.41256e-06 25.3641 2 
1.57564 -3.56996e-05 -1 0.799772 0.214984 0.00521742 7.77167 164437 4 3535.77 2.38551 6.20477 2 1 125.113 3.5574 35.1698 4 3 0.122967 7.30202e-06 25.6319 2 
1.58086 -3.69652e-05 -1 0.800891 0.214707 0.00521742 7.79654 164438 3 1926.71 2.12246 9.68261 2 1 173.226 4.58654 37.7683 4 3 0.119749 7.42011e-06 25.2709 2 
1.58608 -3.816e-05 -1 0.802007 0.214433 0.00521742 7.82167 164434 4 2946.92 1.2949 6.9069 2 1 174.843 4.81832 36.287 4 3 0.113285 1.3907e-05 20.1208 2 
1.5913 -3.94272e-05 -1 0.803127 0.214203 0.00521742 7.84712 164422 4 2996.81 3.45113 5.42843 2 1 117.319 6.02244 19.4804 4 3 0.109198 2.69703e-05 15.9383 2 
1.59651 -4.20875e-05 -1 0.804246 0.213876 0.00521742 7.87077 164448 2 586.091 2.04939 16.911 2 1 97.6715 4.92539 19.8302 4 3 0.10283 2.1043e-05 16.9696 2 
1.60173 -4.52485e-05 -1 0.805367 0.213633 0.00521742 7.89611 164439 4 10698 0.929423 10.3579 2 1 347.626 7.92529 43.8629 4 3 0.0966783 1.53564e-05 18.4649 2 
1.60695 -4.59368e-05 -1 0.806484 0.213398 0.00521742 7.92204 164418 4 3025.12 0.724728 8.03789 2 1 164.252 5.44887 30.1443 4 3 0.104834 1.16616e-05 20.7929 2 
1.61217 -4.59835e-05 -1 0.807597 0.213161 0.00521742 7.94755 164406 4 3354.89 1.19297 7.28219 2 1 183.097 5.51954 33.1725 4 3 0.115574 1.0606e-05 22.1702 2 
1.61738 -4.72554e-05 -1 0.808707 0.21289 0.00521742 7.97284 164398 4 2377.45 0.547385 8.11811 2 1 192.006 6.1754 31.092 4 3 0.122465 8.19819e-06 24.6282 2 
1.6226 -4.77598e-05 -1 0.809814 0.212623 0.00521742 8.0003 164346 4 7415.44 0.704402 10.1293 2 1 178.985 5.6643 31.5988 4 3 0.123207 7.07109e-06 25.9248 2 
1.62782 -4.77582e-05 -1 0.810918 0.212303 0.00521742 8.02683 164313 5 12689.3 1.5743 6.04325 2 1 188.433 7.78817 24.1947 4 3 0.115319 6.9136e-06 25.5505 2 
1.63304 -4.3715e-05 -1 0.812022 0.212058 0.00521742 8.05247 164298 4 16118.8 2.09997 9.36008 2 1 133.83 3.89083 34.3964 4 3 0.120412 7.01462e-06 25.7962 2 
1.63825 -4.64614e-05 -1 0.813125 0.211873 0.00521742 8.07838 164278 4 4310.36 1.18348 7.76852 2 1 141.116 4.73217 29.8206 4 3 0.119697 7.03318e-06 25.7223 2 
1.64347 -4.89185e-05 -1 0.814228 0.211552 0.00521742 8.10438 164257 4 2906.11 1.23771 6.96103 2 1 123.548 3.03692 40.682 4 3 0.122741 6.90365e-06 26.0998 2 
1.64869 -5.02897e-05 -1 0.81533 0.211314 0.00521742 8.13032 164237 4 2678.39 1.12734 6.9816 2 1 150.975 4.45954 33.8543 4 3 0.1248 6.85476e-06 26.3072 2 
1.65391 -5.05309e-05 -1 0.816433 0.211038 0.00521742 8.15568 164228 4 2781.01 1.78731 6.28059 2 1 138.023 3.90588 35.3373 4 3 0.132781 7.31795e-06 26.2774 2 
1.65912 -5.10308e-05 -1 0.817532 0.210827 0.00521742 8.1814 164212 4 3045 1.0726 7.29941 2 1 149.054 4.76619 31.2732 4 3 0.129907 7.6503e-06 25.7031 2 
1.66434 -5.31832e-05 -1 0.818632 0.210607 0.00521742 8.20682 164203 4 2974.56 0.71041 8.04411 2 1 367.419 4.55581 80.6484 4 3 0.124119 8.00208e-06 24.939 2 
1.66956 -5.32891e-05 -1 0.819731 0.210302 0.00521742 8.23252 164188 4 2970.83 2.26085 6.02076 2 1 82.9244 6.18549 13.4063 4 3 0.109458 8.28394e-06 23.6412 2 
1.67477 -5.44472e-05 -1 0.820829 0.210098 0.00521742 8.26059 164126 4 9811.44 1.48889 9.00985 2 1 142.199 6.22721 22.8352 4 3 0.0981292 8.34492e-06 22.7401 2 
1.67999 -5.6714e-05 -1 0.821921 0.209839 0.00521742 8.28607 164115 4 2710.13 0.89288 7.42249 2 1 166.944 3.2959 50.652 4 3 0.102108 8.31148e-06 23.0742 2 
1.68521 -5.6975e-05 -1 0.823016 0.209609 0.00521742 8.31168 164103 4 2300 0.506624 8.20844 2 1 208.366 4.73395 44.0153 4 3 0.110226 8.19166e-06 23.7851 2 
1.69043 -5.77368e-05 -1 0.824107 0.209322 0.00521742 8.33712 164093 4 2698.39 0.471277 8.69875 2 1 189.376 5.89876 32.1043 4 3 0.114846 7.80622e-06 24.5033 2 
1.69564 -5.81879e-05 -1 0.825197 0.209107 0.00521742 8.36247 164085 4 5840.66 0.576257 10.0337 2 1 191.724 3.19143 60.0747 4 3 0.113719 7.2609e-06 25.0196 2 
1.70086 -5.88058e-05 -1 0.826285 0.208889 0.00521742 8.38834 164068 4 2761.99 1.24516 6.86277 2 1 188.499 3.09051 60.9927 4 3 0.110437 6.46273e-06 25.7573 2 
1.70608 -6.05508e-05 -1 0.827374 0.208626 0.00521742 8.41411 164052 4 3847.74 1.34795 7.30943 2 1 137.789 2.83553 48.5937 4 3 0.110092 6.02739e-06 26.3355 2 
1.7113 -6.17607e-05 -1 0.82846 0.208405 0.00521742 8.43984 164037 4 14014.4 1.85158 9.32734 2 1 142.489 3.42064 41.6557 4 3 0.108642 5.88175e-06 26.4341 2 
1.71651 -6.2209e-05 -1 0.829548 0.208144 0.00521742 8.46538 164026 4 2752.13 0.803262 7.65073 2 1 248.006 7.15776 34.6485 4 3 0.114757 7.14414e-06 25.2315 2 
1.72173 -6.33428e-05 -1 0.830634 0.207938 0.00521742 8.49127 164008 4 2811.49 1.3019 6.81694 2 1 335.557 11.6892 28.7065 4 3 0.128673 5.6534e-06 28.3395 2 
1.72695 -6.34656e-05 -1 0.83172 0.207734 0.00521742 8.51854 163964 4 15262.6 2.69681 8.67349 2 1 146.944 4.19957 34.9902 4 3 0.140604 6.4162e-06 27.9838 2 
1.73217 -6.65556e-05 -1 0.832804 0.207471 0.00521742 8.54429 163949 4 6197.27 2.25594 7.23966 2 1 142.501 4.52446 31.4957 4 3 0.154687 6.85213e-06 28.2625 2 
1.73738 -6.7161e-05 -1 0.833886 0.207257 0.00521742 8.56871 163960 3 2667.12 3.39893 9.22359 2 1 123.644 5.34976 23.112 4 3 0.153948 7.16382e-06 27.802 2 
1.7426 -6.87169e-05 -1 0.834961 0.206979 0.00521742 8.5944 163947 4 2920.25 0.973657 7.40037 2 1 165.846 6.68103 24.8234 4 3 0.148097 7.25074e-06 27.3352 2 
1.74782 -7.00391e-05 -1 0.836033 0.206697 0.00521742 8.62009 163933 4 7870.94 2.77282 7.29922 2 1 93.7392 7.59862 12.3364 4 3 0.150192 2.21956e-05 18.9144 2 
1.75304 -6.7132e-05 -1 0.837107 0.206491 0.00521742 8.64583 163919 4 2163.21 0.452491 8.31519 2 1 162.361 7.04823 23.0357 4 3 0.145677 2.31175e-05 18.4707 2 
1.75825 -6.75294e-05 -1 0.838188 0.206305 0.00521742 8.67182 163900 4 2724.58 0.622702 8.13307 2 1 181.111 5.13565 35.2654 4 3 0.140387 1.65906e-05 20.3777 2 
1.76347 -6.73992e-05 -1 0.839263 0.206067 0.00521742 8.69789 163880 4 5121.29 0.909484 8.66256 2 1 174.354 3.35042 52.0394 4 3 0.13341 1.21038e-05 22.2548 2 
1.76869 -6.48713e-05 -1 0.840338 0.205835 0.00521742 8.72293 163879 4 5564.28 1.33248 8.03872 2 1 203.268 3.39245 59.9177 4 3 0.125456 1.03895e-05 22.9421 2 
1.77391 -6.41926e-05 -1 0.841411 0.205605 0.00521742 8.74863 163866 4 3381.3 1.05825 7.51837 2 1 185.537 3.19781 58.02 4 3 0.119207 9.09983e-06 23.5734 2 
1.77912 -6.21492e-05 -1 0.842485 0.205343 0.00521742 8.77429 163853 4 2695.4 1.08747 7.05588 2 1 137.54 2.06724 66.5333 4 2 0.11371 9.88793e-05 33.9115 2 
1.78434 -6.10462e-05 -1 0.843556 0.20515 0.00521742 8.79898 163859 3 2034.49 2.58989 9.22695 2 1 329.102 3.35026 98.2318 4 3 0.106703 5.35935e-06 27.1033 2 
1.78956 -6.2159e-05 -1 0.844628 0.205006 0.00521742 8.82458 163848 4 11741.3 1.23175 9.88093 2 1 114.252 2.68526 42.5478 4 3 0.111931 5.38237e-06 27.4996 2 
1.79478 -6.52773e-05 -1 0.845698 0.204803 0.00521742 8.84766 163883 4 2854.42 1.25294 6.9087 2 1 198 4.25741 46.5071 4 2 0.125744 9.9932e-05 35.4724 2 
1.79999 -6.55714e-05 -1 0.846767 0.204603 0.00521742 8.8731 163875 4 2693.06 0.778012 7.67034 2 1 243.343 5.48622 44.3553 4 3 0.140583 5.92171e-06 28.7405 2 
1.80521 -6.43581e-05 -1 0.847833 0.204409 0.00521742 8.89869 163864 4 2214.24 0.596228 7.80644 2 1 209.905 5.48485 38.27 4 3 0.151175 7.26243e-06 27.5084 2 
1.81043 -6.3553e-05 -1 0.848896 0.204178 0.00521742 8.92508 163839 5 17243.9 1.32494 6.65101 2 1 195.953 5.08471 38.5377 4 3 0.152899 8.16851e-06 26.5514 2 
1.81565 -6.03676e-05 -1 0.84995 0.203999 0.00521742 8.9508 163825 4 7406.08 0.892349 9.54473 2 1 157.704 4.25367 37.0748 4 3 0.144783 8.27068e-06 25.9652 2 
1.82086 -6.06009e-05 -1 0.851009 0.203754 0.00521742 8.97627 163817 4 2832.98 0.58669 8.33602 2 1 142.619 4.48604 31.7918 4 3 0.145624 8.08211e-06 26.2162 2 
1.82608 -6.18323e-05 -1 0.852067 0.203563 0.00521742 9.00109 163820 4 2753.39 0.91497 7.40654 2 1 116.333 5.70566 20.389 4 3 0.1516 7.42495e-06 27.3318 2 
1.8313 -6.30247e-05 -1 0.853131 0.203362 0.00521742 9.02811 163784 4 4666.05 1.22226 7.86043 2 1 155.32 7.06662 21.9793 4 3 0.151866 6.77387e-06 28.1973 2 
1.83652 -6.29463e-05 -1 0.854196 0.203135 0.00521742 9.05383 163771 4 2663.69 0.792837 7.61333 2 1 139.081 4.98849 27.8803 4 3 0.149459 6.97037e-06 27.7815 2 
1.84173 -6.30049e-05 -1 0.855258 0.202943 0.00521742 9.07878 163772 3 3138.22 2.18623 11.2805 2 1 285.477 7.09622 40.2295 4 3 0.141907 7.07365e-06 27.1719 2 
1.84695 -6.42786e-05 -1 0.856318 0.202772 0.00521742 9.10337 163779 3 1858.27 1.82649 10.0577 2 1 186.855 2.14825 86.9802 4 3 0.129536 6.98076e-06 26.4746 2 
1.85217 -6.66632e-05 -1 0.857378 0.20257 0.00521742 9.12892 163770 4 2791.93 0.862256 7.5434 2 1 149.361 2.08067 71.785 4 3 0.122697 6.76262e-06 26.2769 2 
1.85738 -6.6645e-05 -1 0.858435 0.202324 0.00521742 9.15411 163766 4 13631.4 1.21399 10.2939 2 1 129.379 2.66608 48.5278 4 3 0.111754 6.47554e-06 25.8421 2 
1.8626 -6.59709e-05 -1 0.859493 0.202174 0.00521742 9.17871 163774 3 2886.47 3.42775 9.44321 2 1 192.603 3.42354 56.2586 4 3 0.114445 6.23645e-06 26.3767 2 
1.86782 -6.59965e-05 -1 0.860547 0.201959 0.00521742 9.20543 163743 5 2902.85 0.982977 4.94375 2 1 229.259 3.40724 67.2859 4 3 0.128826 5.88996e-06 27.966 2 
1.87304 -6.66056e-05 -1 0.861601 0.201812 0.00521742 9.2308 163737 4 2706.03 2.42059 5.78233 2 1 266.229 6.09792 43.659 4 3 0.139654 5.61258e-06 29.1942 2 
1.87825 -6.76826e-05 -1 0.862651 0.201656 0.00521742 9.25619 163730 4 2827.5 0.883747 7.52088 2 1 226.215 5.3881 41.9843 4 3 0.145029 5.32226e-06 30.0922 2 
1.88347 -6.79897e-05 -1 0.863695 0.201486 0.00521742 9.28379 163685 4 7120.05 3.05059 6.95064 2 1 228.877 4.6531 49.188 4 3 0.13885 5.34221e-06 29.6216 2 
1.88869 -6.79374e-05 -1 0.864736 0.20125 0.00521742 9.30946 163674 4 16651.7 1.3511 10.5364 2 1 204.128 4.83538 42.2154 4 3 0.148648 5.52866e-06 29.958 2 
1.89391 -6.72731e-05 -1 0.86578 0.201085 0.00521742 9.33498 163665 4 2699.06 1.63068 6.37839 2 1 230.856 6.38022 36.1831 4 3 0.136719 5.72575e-06 28.796 2 
1.89912 -6.80227e-05 -1 0.866824 0.200901 0.00521742 9.36101 163647 4 4385.75 0.913584 8.32384 2 1 226.285 9.15264 24.7235 4 3 0.134561 5.88402e-06 28.3845 2 
1.90434 -6.8609e-05 -1 0.867872 0.200729 0.00521742 9.38674 163635 4 2602.49 0.549344 8.29633 2 1 96.9602 5.04992 19.2004 4 3 0.148243 5.91351e-06 29.2668 2 
1.90956 -6.83472e-05 -1 0.868921 0.20054 0.00521742 9.41307 163612 4 4384.55 2.18785 6.69078 2 1 159.953 5.12237 31.2264 4 3 0.144529 2.28053e-05 18.5057 2 
1.91478 -6.88598e-05 -1 0.869976 0.200378 0.00521742 9.43745 163624 3 2243.33 1.33512 11.8884 2 1 197.228 5.71151 34.5316 4 3 0.133929 2.33806e-05 17.8926 2 
1.91999 -6.87158e-05 -1 0.871025 0.200183 0.00521742 9.46271 163620 4 2927.55 0.59782 8.36534 2 1 133.97 2.97091 45.0941 4 3 0.123167 1.70163e-05 19.3439 2 
1.92521 -6.85237e-05 -1 0.872073 0.200023 0.00521742 9.48727 163628 3 1978.89 2.9263 8.77743 2 1 143.365 2.226 64.4049 4 3 0.115132 1.25149e-05 20.9535 2 
1.93043 -6.92257e-05 -1 0.873118 0.199829 0.00521742 9.51285 163619 4 10390.8 1.32602 9.40859 2 1 472.354 12.3564 38.2276 4 3 0.105212 1.06959e-05 21.4264 2 
1.93565 -7.05375e-05 -1 0.874163 0.199703 0.00521742 9.5377 163622 2 500.163 3.06082 12.7831 2 1 206.002 3.77876 54.5159 4 3 0.116885 9.39348e-06 23.1727 2 
1.94086 -7.05249e-05 -1 0.875205 0.199543 0.00521742 9.56343 163610 4 14549.3 1.0747 10.7867 2 1 221.102 5.63804 39.2161 4 3 0.127618 6.60578e-06 26.8326 2 
1.94608 -7.22764e-05 -1 0.876246 0.199416 0.00521742 9.58888 163603 4 2748.27 0.695597 7.92821 2 1 232.023 4.83933 47.9453 4 3 0.132083 6.97959e-06 26.6485 2 
1.9513 -7.31247e-05 -1 0.877282 0.199275 0.00521742 9.61441 163595 4 2506.73 0.772706 7.54698 2 1 239.572 5.47408 43.7648 4 3 0.127199 7.30276e-06 25.9218 2 
1.95652 -7.25432e-05 -1 0.878312 0.198968 0.00521742 9.64091 163570 5 17096.5 2.42682 5.88266 2 1 233.506 4.82137 48.4315 4 3 0.134215 7.57032e-06 26.0753 2 
1.96173 -6.56946e-05 -1 0.879338 0.198782 0.00521742 9.66579 163572 3 2642.37 3.5217 9.08686 2 1 326.319 6.27028 52.0422 4 3 0.136969 8.13725e-06 25.628 2 
1.96695 -6.1524e-05 -1 0.880369 0.198682 0.00521742 9.69206 163552 4 4263.99 1.20129 7.71866 2 1 150.902 4.64603 32.4797 4 3 0.133871 8.31747e-06 25.2483 2 
1.97217 -6.16164e-05 -1 0.8814 0.198545 0.00521742 9.71718 163550 4 3762.02 0.629778 8.7914 2 1 127.856 3.13974 40.722 4 3 0.140012 7.61079e-06 26.3984 2 
1.97739 -6.35483e-05 -1 0.882435 0.198441 0.00521742 9.74243 163547 4 2794.17 0.836968 7.60127 2 1 141.901 3.2973 43.0355 4 3 0.147004 7.51066e-06 26.9495 2 
1.9826 -6.4197e-05 -1 0.88347 0.198247 0.00521742 9.76763 163544 4 2827.61 0.622564 8.20935 2 1 165.296 4.97986 33.1929 4 3 0.138651 8.65648e-06 25.2073 2 
1.98782 -6.40265e-05 -1 0.884507 0.198089 0.00521742 9.79515 163503 4 2710.99 0.746869 7.76195 2 1 157.966 4.28896 36.8308 4 3 0.127061 8.81809e-06 24.334 2 
1.99304 -6.43213e-05 -1 0.885546 0.197933 0.00521742 9.82172 163478 4 2720.73 0.808381 7.61671 2 2 570.419 1.01092 23.7541 3 3 0.125987 8.01482e-06 25.0502 2 
1.99826 -6.48901e-05 -1 0.88659 0.1977 0.00521742 9.8472 163471 4 10163.4 1.221 9.55169 2 1 170.171 7.42114 22.9306 3 3 0.124764 7.08036e-06 26.0222 2 
2.00347 -6.03782e-05 -1 0.887626 0.197505 0.00521742 9.87029 163503 2 458.267 2.40904 13.7923 2 1 198.368 5.66308 35.0283 3 3 0.121597 6.44887e-06 26.6162 2 
2.00869 -5.72206e-05 -1 0.888661 0.197393 0.00521742 9.89414 163523 2 384.843 2.90345 11.5129 2 1 234.399 8.75543 26.7718 3 3 0.119639 6.69226e-06 26.1477 2 
2.01391 -5.70735e-05 -1 0.889693 0.197326 0.00521742 9.91991 163511 4 2688.94 1.12851 6.98665 2 1 226.22 8.61609 26.2555 3 3 0.125663 6.88552e-06 26.3283 2 
2.01912 -5.86671e-05 -1 0.890723 0.197208 0.00521742 9.94505 163510 4 14473.1 1.00634 10.951 2 1 212.254 7.46572 28.4305 3 3 0.120966 6.87679e-06 26.0071 2 
2.02434 -6.10078e-05 -1 0.891749 0.197057 0.00521742 9.97106 163494 4 5518.25 1.35755 7.98475 2 2 285.828 4.04863 8.4023 2 3 0.123204 6.78304e-06 26.2865 2 
2.02956 -5.95952e-05 -1 0.892767 0.196885 0.00521742 9.99766 163469 4 14483.9 1.62344 9.71879 2 2 137.861 2.30934 7.72639 2 3 0.128434 6.52948e-06 26.994 2 
2.03478 -5.8898e-05 -1 0.893782 0.196745 0.00521742 10.0236 163455 4 1995.45 1.44668 6.0942 2 2 148.405 2.14328 8.32116 2 3 0.13299 6.27109e-06 27.6796 2 
2.03999 -5.93075e-05 -1 0.8948 0.196598 0.00521742 10.0509 163417 4 3715.24 0.782259 8.30155 2 2 131.623 2.43028 7.35931 2 3 0.139608 5.9567e-06 28.6177 2 
2.04521 -5.71309e-05 -1 0.895818 0.196442 0.00521742 10.077 163401 4 2702.1 1.60559 6.40496 2 2 140.655 3.71962 6.14935 2 3 0.144224 5.87409e-06 29.0647 2 
2.05043 -5.74261e-05 -1 0.896839 0.196318 0.00521742 10.1035 163378 4 2872.62 0.638129 8.1911 2 2 157.197 2.58919 7.79184 2 3 0.138236 6.06269e-06 28.3564 2 
2.05565 -5.64088e-05 -1 0.89786 0.196198 0.00521742 10.1284 163380 3 2657.85 3.26929 9.33309 2 2 574.425 11.0998 7.19382 2 3 0.125374 5.91315e-06 27.6777 2 
2.06086 -5.81876e-05 -1 0.898884 0.196061 0.00521742 10.1546 163363 4 2618.21 0.852801 7.4437 2 2 120.122 2.86566 6.47439 2 3 0.124933 6.24174e-06 27.1513 2 
2.06608 -5.80492e-05 -1 0.899908 0.195923 0.00521742 10.1809 163342 4 9884.93 1.20767 9.51166 2 2 150.818 2.77211 7.37601 2 3 0.128799 6.59651e-06 26.9277 2 
2.0713 -5.64347e-05 -1 0.900934 0.195788 0.00521742 10.2075 163318 4 2795.11 0.548881 8.44754 2 2 193.665 3.358 7.59424 2 3 0.139276 1.5941e-05 20.5962 2 
2.07652 -5.60536e-05 -1 0.901962 0.195662 0.00521742 10.233 163312 4 2787.3 0.629035 8.15882 2 2 226.33 3.97454 7.54618 2 3 0.139726 2.41362e-05 17.9557 2 
2.08173 -5.6013e-05 -1 0.902995 0.19555 0.00521742 10.2593 163292 4 2344.07 0.733472 7.51877 2 2 225.17 3.20384 8.38339 2 3 0.13724 1.81381e-05 19.6319 2 
2.08695 -5.63341e-05 -1 0.904025 0.195462 0.00521742 10.2836 163305 2 294.424 2.48126 10.8931 2 2 270.031 4.20562 8.01294 2 3 0.131322 1.34231e-05 21.3876 2 
2.09217 -5.76526e-05 -1 0.905051 0.195326 0.00521742 10.3114 163261 4 14333.9 2.10074 9.08861 2 2 188.959 2.64205 8.45693 2 3 0.125063 1.05022e-05 22.8358 2 
2.09739 -5.93869e-05 -1 0.906071 0.195213 0.00521742 10.3364 163264 4 13775.2 2.17317 8.9228 2 1 139.223 13.9289 9.9952 2 3 0.127503 9.57292e-06 23.7042 2 
2.1026 -5.96821e-05 -1 0.907087 0.195101 0.00521742 10.3625 163248 4 2589.57 0.744282 7.6802 2 2 148.232 2.06082 8.48108 2 3 0.132841 7.42775e-06 26.1512 2 
2.10782 -5.93878e-05 -1 0.908092 0.194924 0.00521742 10.3885 163232 4 3808.29 0.932329 7.99448 2 2 141.987 3.29466 6.56476 2 3 0.139786 6.7825e-06 27.4173 2 
2.11304 -5.95375e-05 -1 0.909098 0.194816 0.00521742 10.4132 163238 3 2004.34 2.68445 9.07205 2 1 145.822 11.8877 12.2666 2 3 0.147046 6.36936e-06 28.4742 2 
2.11826 -5.90326e-05 -1 0.910104 0.194716 0.00521742 10.4401 163211 4 2638.21 1.00418 7.15936 2 2 576.968 8.16322 8.40708 2 3 0.139135 5.96422e-06 28.5733 2 
2.12347 -5.83749e-05 -1 0.911113 0.194592 0.00521742 10.466 163199 4 2786.12 0.533888 8.49938 2 1 149.849 10.5418 14.2148 2 3 0.126836 6.3159e-06 27.1813 2 
2.12869 -5.83911e-05 -1 0.912122 0.194472 0.00521742 10.4908 163203 3 2738.58 1.89156 11.3127 2 1 116.769 10.5306 11.0886 2 3 0.122565 6.6273e-06 26.445 2 
2.13391 -5.76292e-05 -1 0.913134 0.194391 0.00521742 10.5153 163212 4 9639.79 0.760672 10.6101 2 1 135.883 11.4537 11.8637 2 3 0.128884 6.88976e-06 26.5459 2 
2.13913 -5.77813e-05 -1 0.914146 0.194356 0.00521742 10.5394 163227 3 2610.43 3.19291 9.35066 2 1 190.726 12.694 15.0248 2 3 0.132744 7.03122e-06 26.6274 2 
2.14434 -5.85593e-05 -1 0.915161 0.19418 0.00521742 10.5666 163194 4 2689.36 0.670425 7.95838 2 2 235.884 3.07643 8.7564 2 3 0.142514 6.98538e-06 27.3247 2 
2.14956 -5.77694e-05 -1 0.916175 0.194071 0.00521742 10.5928 163177 4 2541.66 0.783215 7.5476 2 2 247.579 5.57959 6.66125 2 3 0.141406 6.77966e-06 27.5266 2 
2.15478 -5.7577e-05 -1 0.917191 0.193967 0.00521742 10.6188 163164 4 2561.12 0.732985 7.68836 2 2 205.805 6.43191 5.65663 2 3 0.137396 6.36502e-06 27.8435 2 
2.16 -5.79214e-05 -1 0.91821 0.193847 0.00521742 10.6449 163149 4 14548.8 1.28904 10.3072 2 2 191.952 7.6897 4.99622 2 3 0.129714 6.14341e-06 27.6392 2 
2.16521 -5.87907e-05 -1 0.919233 0.193802 0.00521742 10.6707 163139 4 13398.5 1.58284 9.5919 2 2 132.731 4.96976 5.16796 2 3 0.127702 6.06133e-06 27.6192 2 
2.17043 -5.93872e-05 -1 0.920255 0.193686 0.00521742 10.696 163136 3 558.978 0.979638 8.29423 2 2 163.264 2.38364 8.27607 2 3 0.132481 5.97393e-06 28.0951 2 
2.17565 -5.92334e-05 -1 0.921278 0.193572 0.00521742 10.7217 163127 4 1981.5 0.51937 7.85921 2 2 125.018 2.35071 7.29267 2 3 0.138253 6.21075e-06 28.1305 2 
2.18086 -5.86215e-05 -1 0.922289 0.193467 0.00521742 10.7475 163116 4 3520.47 0.809438 8.1209 2 2 143.451 1.12169 11.3088 2 3 0.143218 6.24227e-06 28.4153 2 
2.18608 -5.79002e-05 -1 0.923292 0.193382 0.00521742 10.774 163095 4 2627.83 1.22796 6.80147 2 2 580.029 10.5967 7.39843 2 3 0.136918 5.88007e-06 28.5557 2 
2.1913 -5.86064e-05 -1 0.924286 0.193285 0.00521742 10.8 163082 4 2737.6 0.846842 7.54036 2 2 154.77 2.60319 7.71063 2 3 0.122686 6.22302e-06 27.0146 2 
2.19652 -5.87709e-05 -1 0.925284 0.193199 0.00521742 10.8275 163046 5 2610.58 0.931255 4.89253 2 1 102.784 12.539 8.19716 2 3 0.123252 6.50401e-06 26.6606 2 
2.20173 -5.92941e-05 -1 0.926282 0.193126 0.00521742 10.8531 163038 4 2651.37 3.20165 5.36443 2 2 135.066 3.03013 6.67641 2 3 0.129123 6.8104e-06 26.6651 2 
2.20695 -5.9982e-05 -1 0.927283 0.193025 0.00521742 10.8791 163026 4 8165.18 0.982378 9.54821 2 2 175.791 2.98566 7.67323 2 3 0.141299 7.03394e-06 27.184 2 
2.21217 -6.00763e-05 -1 0.928284 0.192964 0.00521742 10.9067 162988 5 2752.75 0.907664 4.97014 2 2 215.721 2.21377 9.87142 2 3 0.1443 7.28612e-06 27.0556 2 
2.21739 -6.04841e-05 -1 0.929288 0.192877 0.00521742 10.9322 162982 4 2583.96 1.2573 6.73305 2 2 244.248 4.27753 7.55647 2 3 0.141611 7.58386e-06 26.5299 2 
2.2226 -6.16495e-05 -1 0.930291 0.192794 0.00521742 10.9586 162964 4 2621.72 2.1355 5.91932 2 2 208.706 2.87798 8.51576 2 3 0.134855 7.66792e-06 26.0054 2 
2.22782 -6.24301e-05 -1 0.931297 0.192715 0.00521742 10.9843 162955 4 14202 2.07843 9.09187 2 2 190.808 3.31439 7.58745 2 3 0.127043 7.75246e-06 25.4002 2 
2.23304 -6.44307e-05 -1 0.932303 0.192635 0.00521742 11.0108 162935 5 13012.4 1.27105 6.33927 2 1 137.426 11.6225 11.8242 2 3 0.125367 7.58888e-06 25.4684 2 
2.23826 -6.25978e-05 -1 0.933311 0.192563 0.00521742 11.0367 162924 4 2547.94 3.23655 5.29696 2 2 151.996 3.89531 6.24662 2 3 0.130421 1.95343e-05 18.83 2 
2.24347 -6.32306e-05 -1 0.934321 0.192482 0.00521742 11.0621 162921 4 2751.02 0.641939 8.09096 2 1 131.141 13.7889 9.51062 2 3 0.135851 2.43998e-05 17.7239 2 
2.24869 -6.33551e-05 -1 0.935334 0.192423 0.00521742 11.0891 162892 3 2038.17 3.65131 8.23374 2 2 566.437 8.8493 8.00057 2 3 0.141624 1.7795e-05 19.9655 2 
2.25391 -6.34502e-05 -1 0.936347 0.192327 0.00521742 11.1126 162917 3 3375.46 2.44811 11.1301 2 1 149.141 10.8126 13.7932 2 3 0.132713 1.32992e-05 21.5292 2 
2.25913 -6.38357e-05 -1 0.937362 0.192291 0.00521742 11.1377 162918 4 2496.64 0.811817 7.44688 2 1 142.945 11.3747 12.5669 2 3 0.120713 1.07088e-05 22.4218 2 
2.26434 -6.45746e-05 -1 0.938375 0.192195 0.00521742 11.1627 162920 4 2222.87 1.50162 6.2028 2 1 107.161 13.5871 7.88698 2 3 0.124815 9.724e-06 23.4139 2 
2.26956 -6.53286e-05 -1 0.939377 0.192145 0.00521742 11.1879 162918 4 2646.17 0.678114 7.90367 2 1 122.923 13.2136 9.30279 2 3 0.131228 7.1875e-06 26.332 2 
2.27478 -6.48478e-05 -1 0.940365 0.192077 0.00521742 11.213 162920 4 8245.9 0.799992 10.076 2 1 171.644 14.6863 11.6873 2 3 0.14031 7.08386e-06 27.0566 2 
2.28 -6.63971e-05 -1 0.941356 0.192008 0.00521742 11.2385 162914 4 2454.23 0.743847 7.57893 2 2 250.2 6.44136 6.23239 2 3 0.141226 6.91624e-06 27.3326 2 
2.28521 -6.6728e-05 -1 0.942348 0.191961 0.00521742 11.2649 162896 4 2645.22 1.37049 6.62821 2 2 198.785 2.52482 8.87312 2 3 0.135883 6.71623e-06 27.2487 2 
2.29043 -6.75655e-05 -1 0.943343 0.1919 0.00521742 11.2906 162888 3 1644.95 1.23252 11.01 2 2 213.388 2.85688 8.64248 2 3 0.129252 6.33861e-06 27.32 2 
2.29565 -6.84849e-05 -1 0.944338 0.191862 0.00521742 11.3162 162882 4 13460.1 1.45139 9.81331 2 2 187.81 2.30202 9.03243 2 3 0.119315 6.24504e-06 26.7334 2 
2.30087 -7.05279e-05 -1 0.945335 0.191832 0.00521742 11.3437 162848 4 12841.3 2.30144 8.64275 2 2 168.2 2.74634 7.82593 2 3 0.122062 6.18108e-06 27.0295 2 
2.30608 -7.0776e-05 -1 0.946332 0.191746 0.00521742 11.3696 162838 4 2614.44 1.50296 6.45814 2 2 145.163 2.10017 8.31382 2 3 0.127019 6.05414e-06 27.5807 2 
2.3113 -7.05086e-05 -1 0.947331 0.191723 0.00521742 11.3955 162826 4 2758.35 0.660648 8.03841 2 2 120.216 1.53427 8.85176 2 3 0.130793 5.94514e-06 28.0204 2 
2.31652 -6.98056e-05 -1 0.94833 0.191649 0.00521742 11.4214 162816 4 2575.94 0.816111 7.49543 2 2 561.756 10.8003 7.212 2 3 0.132904 5.66185e-06 28.6325 2 
2.32174 -6.95182e-05 -1 0.949331 0.191583 0.00521742 11.4476 162801 4 2538.43 0.989498 7.11685 2 2 147.045 1.98979 8.59649 2 3 0.125323 5.66827e-06 28.0668 2 
2.32695 -6.88826e-05 -1 0.950335 0.19156 0.00521742 11.4728 162800 3 3259.47 1.96167 11.8442 2 2 147.221 3.05694 6.93971 2 3 0.121892 6.04407e-06 27.2196 2 
2.33217 -6.6626e-05 -1 0.951341 0.1915 0.00521742 11.496 162828 2 129.952 1.15764 10.5951 2 1 119.656 14.2219 8.41353 2 3 0.126843 6.36969e-06 27.105 2 
2.33739 -6.63445e-05 -1 0.952347 0.191453 0.00521742 11.5201 162842 2 125.75 2.27423 7.43596 2 2 129.818 2.21198 7.66086 2 3 0.128405 6.65941e-06 26.8153 2 
2.3426 -6.62459e-05 -1 0.953354 0.191415 0.00521742 11.5463 162828 4 8515.73 0.843672 10.0233 2 2 166.821 2.07209 8.97265 2 3 0.136016 6.85217e-06 27.0762 2 
2.34782 -6.64657e-05 -1 0.954361 0.191375 0.00521742 11.5712 162832 3 2282.79 2.87025 9.26506 2 2 253.658 4.2403 7.7344 2 3 0.133295 7.10701e-06 26.569 2 
2.35304 -6.80994e-05 -1 0.955367 0.191331 0.00521742 11.5981 162808 4 2653.78 1.32927 6.6844 2 2 192.707 3.00811 8.00391 2 3 0.127815 7.39241e-06 25.8582 2 
2.35826 -7.0823e-05 -1 0.956366 0.191294 0.00521742 11.6237 162801 4 13847.4 1.48589 9.82529 2 2 196.732 3.02203 8.06842 2 3 0.118904 7.63552e-06 24.972 2 
2.36347 -7.36855e-05 -1 0.957353 0.191265 0.00521742 11.6498 162788 4 1991.88 1.30246 6.25352 2 2 209.672 3.46162 7.7827 2 3 0.111968 7.88252e-06 24.2183 2 
2.36869 -7.42537e-05 -1 0.95834 0.191217 0.00521742 11.6762 162771 4 12788 3.36035 7.85425 2 2 228.583 4.24193 7.34074 2 3 0.120859 7.8383e-06 24.8897 2 
2.37391 -7.00818e-05 -1 0.959329 0.19117 0.00521742 11.7008 162778 3 4785.38 3.01004 11.6712 2 2 140.072 2.25034 7.88954 2 3 0.122454 7.81633e-06 25.0221 2 
2.37913 -7.05163e-05 -1 0.960319 0.191161 0.00521742 11.7264 162773 4 2720 1.43354 6.59994 2 1 115.844 11.3424 10.2133 2 3 0.125818 7.5247e-06 25.5712 2 
2.38434 -7.14883e-05 -1 0.961311 0.191146 0.00521742 11.7514 162775 3 1062.76 1.60295 8.71977 2 2 563.381 7.43015 8.70768 2 3 0.128333 7.28572e-06 26.0189 2 
2.38956 -7.14953e-05 -1 0.962303 0.191125 0.00521742 11.776 162782 3 2590.73 3.23425 9.28716 2 1 141.64 9.60671 14.7438 2 3 0.119428 6.85861e-06 25.9193 2 
2.39478 -7.17415e-05 -1 0.963297 0.191069 0.00521742 11.8013 162781 4 2777.15 0.887087 7.48012 2 1 139.497 11.4729 12.1589 2 3 0.123458 6.44256e-06 26.76 2 
2.4 -7.26093e-05 -1 0.964291 0.191045 0.00521742 11.8269 162775 4 3271.01 0.633949 8.47533 2 1 150.356 12.6645 11.8723 2 3 0.131394 7.90776e-06 25.5176 2 
2.40521 -7.22023e-05 -1 0.965287 0.191044 0.00521742 11.8537 162752 4 2541.93 0.853082 7.38828 2 1 132.203 14.5856 9.06395 2 3 0.131202 1.74274e-05 19.5991 2 
2.41043 -7.22045e-05 -1 0.966285 0.191009 0.00521742 11.8797 162740 4 8970.94 1.1362 9.42639 2 2 146.327 3.61241 6.3645 2 3 0.127435 2.33932e-05 17.5954 2 
2.41565 -7.27325e-05 -1 0.967287 0.190992 0.00521742 11.9046 162745 3 2711.72 1.71096 11.6592 2 2 266.168 5.63133 6.875 2 3 0.121753 1.73365e-05 19.1502 2 
2.42087 -7.33032e-05 -1 0.968288 0.190962 0.00521742 11.9309 162729 4 2134.16 1.04794 6.71773 2 2 174.393 2.58638 8.2114 2 3 0.113299 1.28635e-05 20.6517 2 
2.42608 -7.31953e-05 -1 0.969292 0.190948 0.00521742 11.9564 162724 4 13002.8 1.03035 10.5989 2 2 190.118 2.2241 9.24558 2 3 0.10448 1.03022e-05 21.6455 2 
2.4313 -7.37353e-05 -1 0.970295 0.190895 0.00521742 11.9811 162731 3 2164.6 1.52028 11.25 2 2 215.992 3.00695 8.47532 2 3 0.10595 9.39237e-06 22.4272 2 
2.43652 -7.37158e-05 -1 0.971298 0.190882 0.00521742 12.0071 162720 4 12884.2 1.603 9.4685 2 2 219.347 3.23072 8.23979 2 3 0.11464 7.14194e-06 25.2255 2 
2.44174 -7.50301e-05 -1 0.972299 0.190871 0.00521742 12.0321 162722 4 5051.59 0.819583 8.86051 2 1 130.307 12.7753 10.1999 2 3 0.116114 6.4265e-06 26.2403 2 
2.44695 -7.53654e-05 -1 0.973298 0.190871 0.00521742 12.0572 162723 4 4690.66 1.02923 8.21638 2 1 87.5225 14.6046 5.99279 2 3 0.120506 6.33213e-06 26.6985 2 
2.45217 -7.46707e-05 -1 0.974286 0.19087 0.00521742 12.0833 162710 4 2588.49 0.707054 7.77855 2 2 558.366 11.1936 7.06277 2 3 0.12208 6.19302e-06 27.0135 2 
2.45739 -7.43364e-05 -1 0.975272 0.190846 0.00521742 12.1103 162686 3 1341.02 0.783317 11.9628 2 2 144.487 1.63005 9.41487 2 3 0.127397 5.95676e-06 27.7577 2 
2.46261 -7.41085e-05 -1 0.976259 0.190865 0.00521742 12.1363 162675 4 2682.17 0.668606 7.95846 2 2 148.174 1.81486 9.03577 2 3 0.127265 5.65313e-06 28.2362 2 
2.46782 -7.31725e-05 -1 0.977248 0.190849 0.00521742 12.1604 162690 2 119.838 2.38609 7.08685 2 2 162.457 1.79028 9.52596 2 3 0.124491 5.66682e-06 28.0069 2 
2.47304 -7.23739e-05 -1 0.978237 0.190831 0.00521742 12.1862 162681 4 3360.97 0.737802 8.21544 2 2 153.584 1.81713 9.1935 2 3 0.119967 6.03119e-06 27.0948 2 
2.47826 -7.13824e-05 -1 0.979229 0.190796 0.00521742 12.212 162672 4 2789.75 0.598373 8.2632 2 1 126.384 13.7491 9.19213 2 3 0.114388 6.37715e-06 26.1769 2 
2.48348 -7.162e-05 -1 0.980219 0.190805 0.00521742 12.2386 162654 4 8215.42 1.2334 9.03403 2 2 261.136 5.11018 7.14851 2 3 0.106667 6.66956e-06 25.1948 2 
2.48869 -7.30361e-05 -1 0.981212 0.190823 0.00521742 12.2654 162633 4 13334.9 1.24188 10.1795 2 2 150.891 3.72766 6.36229 2 3 0.0989265 6.92686e-06 24.2619 2 
2.49391 -7.47426e-05 -1 0.982208 0.190827 0.00521742 12.2912 162625 3 2580.6 2.08127 10.7431 2 2 180.062 4.96103 6.02456 2 3 0.0939587 7.17592e-06 23.5696 2 
2.49913 -7.43018e-05 -1 0.983207 0.190804 0.00521742 12.3161 162628 4 2106.64 0.911296 6.93398 2 2 218.928 3.45002 7.96599 2 3 0.0999215 7.4598e-06 23.7489 2 
2.50434 -7.50072e-05 -1 0.984206 0.190727 0.00521742 12.3432 162603 5 13100.6 1.89201 5.86237 2 2 198.985 2.81788 8.40329 2 3 0.107177 8.33334e-06 23.4294 2 
2.50956 -7.04123e-05 -1 0.985207 0.190712 0.00521742 12.3693 162590 3 2118.56 1.13873 12.2991 2 1 115.419 14.0038 8.24199 2 3 0.109902 9.26351e-06 22.8074 2 
2.51478 -6.90344e-05 -1 0.986207 0.190768 0.00521742 12.3956 162576 4 3086.92 0.93959 7.57089 2 2 193.005 2.48086 8.8203 2 3 0.111619 8.22076e-06 23.8566 2 
2.52 -6.88848e-05 -1 0.987209 0.190806 0.00521742 12.4214 162569 4 5551.59 1.7915 7.46105 2 2 542.381 7.39198 8.56588 2 3 0.121964 8.10703e-06 24.6863 2 
2.52521 -7.05279e-05 -1 0.98821 0.19083 0.00521742 12.4452 162586 3 1675.12 1.01743 11.8081 2 1 121.574 9.99567 12.1626 2 3 0.121123 7.78393e-06 24.9656 2 
2.53043 -7.12172e-05 -1 0.98921 0.190843 0.00521742 12.4683 162613 2 225.69 1.4895 12.3093 2 1 145.179 11.5991 12.5165 2 3 0.116675 7.55136e-06 24.9068 2 
2.53565 -7.1953e-05 -1 0.990208 0.190812 0.00521742 12.4941 162606 5 2453.14 1.08855 4.68355 2 1 140.701 12.3663 11.3777 2 3 0.112591 7.30382e-06 24.8877 2 
2.54087 -7.20073e-05 -1 0.9912 0.190787 0.00521742 12.5198 162600 4 2372.53 1.27306 6.57039 2 2 156.171 2.56329 7.80552 2 3 0.106866 7.69887e-06 24.0328 2 
2.54608 -7.32915e-05 -1 0.992185 0.190772 0.00521742 12.5448 162602 4 3529.83 3.24091 5.74476 2 1 151.392 13.6833 11.064 2 3 0.0995529 7.71284e-06 23.4574 2 
2.5513 -7.43012e-05 -1 0.993172 0.190775 0.00521742 12.5691 162614 2 85.8546 1.56324 7.41085 2 2 262.219 6.51535 6.344 2 3 0.0921853 6.93643e-06 23.6869 2 
2.55652 -7.431e-05 -1 0.99416 0.1908 0.00521742 12.5945 162610 4 12700 1.7737 9.19879 2 1 134.074 13.1925 10.1628 2 3 0.0847689 6.35995e-06 23.7098 2 
2.56174 -7.58199e-05 -1 0.99515 0.190831 0.00521742 12.6214 162589 3 784.33 0.615086 10.844 2 2 177.294 2.95294 7.74853 2 3 0.0899959 6.35763e-06 24.1904 2 
2.56695 -7.56874e-05 -1 0.99614 0.190847 0.00521742 12.6475 162577 4 2762.67 0.607421 8.21221 2 2 204.957 2.43588 9.17284 2 3 0.0934149 6.36214e-06 24.4871 2 
2.57217 -7.51732e-05 -1 0.997132 0.190875 0.00521742 12.6715 162592 2 550.132 3.43051 12.6635 2 2 205.918 3.1878 8.03713 2 3 0.0995226 1.23819e-05 20.0314 2 
2.57739 -7.39367e-05 -1 0.998126 0.1909 0.00521742 12.6975 162582 4 12279.4 2.3933 8.46339 2 2 180.041 3.3987 7.27828 2 3 0.106624 2.41559e-05 16.4038 2 
2.58261 -7.6166e-05 -1 0.999124 0.190896 0.00521742 12.723 162578 4 2030.3 0.520665 7.90225 2 1 115.98 9.07272 12.7833 2 3 0.116586 1.95936e-05 18.1208 2 
2.58782 -7.73785e-05 -1 1.00012 0.190897 0.00521742 12.7496 162560 4 3147.74 1.38013 6.91067 2 2 470.728 9.76075 6.94454 2 3 0.118004 1.46665e-05 20.0381 2 
2.59304 -7.89656e-05 -1 1.00112 0.190876 0.00521742 12.7755 162551 4 5522.3 1.63904 7.61873 2 1 61.5697 9.66869 6.36794 2 3 0.112729 1.10878e-05 21.6636 2 
2.59826 -7.57393e-05 -1 1.00212 0.190882 0.00521742 12.8007 162552 4 2697.37 0.696909 7.88753 2 1 123.493 12.5383 9.84922 2 3 0.106497 1.01543e-05 21.8891 2 
2.60348 -7.49706e-05 -1 1.00312 0.190921 0.00521742 12.8262 162547 4 2655.91 0.814869 7.55582 2 1 124.61 14.5126 8.58629 2 3 0.0998509 8.20027e-06 23.006 2 
2.60869 -7.57569e-05 -1 1.00412 0.19095 0.00521742 12.8504 162560 2 121.75 2.0961 7.62127 2 2 152.284 2.11351 8.48836 2 3 0.0940481 5.91215e-06 25.1498 2 
2.61391 -7.66343e-05 -1 1.00513 0.190964 0.00521742 12.8766 162547 3 1479.85 1.0104 11.3564 2 2 152.412 2.20228 8.31903 2 3 0.0865147 5.72951e-06 24.7167 2 
2.61913 -7.76118e-05 -1 1.00613 0.190965 0.00521742 12.9022 162542 4 3763.63 1.086 7.67263 2 2 149.807 1.40931 10.3101 2 3 0.0793536 6.00987e-06 23.6356 2 
2.62435 -7.55243e-05 -1 1.00712 0.190978 0.00521742 12.9278 162537 4 12329.8 1.86042 9.0227 2 2 259.017 5.15852 7.08601 2 3 0.0823223 6.35761e-06 23.4823 2 
2.62956 -7.72932e-05 -1 1.00812 0.191023 0.00521742 12.9529 162538 4 7712.95 1.2192 8.91838 2 1 145.129 14.0908 10.2996 2 3 0.0917065 6.65444e-06 23.9752 2 
2.63478 -7.83827e-05 -1 1.0091 0.191057 0.00521742 12.9783 162536 3 1018.01 0.6653 11.5233 2 2 187.012 2.69871 8.32447 2 3 0.101308 6.91376e-06 24.4705 2 
2.64 -7.914e-05 -1 1.01009 0.191081 0.00521742 13.0046 162523 4 2509.89 0.755141 7.59288 2 2 190.195 2.77415 8.28008 2 3 0.106638 7.13117e-06 24.6368 2 
2.64522 -7.86024e-05 -1 1.01108 0.191076 0.00521742 13.0299 162520 4 13068.5 3.10432 8.05499 2 2 192.618 3.38006 7.54894 2 3 0.107976 8.74537e-06 23.1126 2 
2.65043 -7.46891e-05 -1 1.01207 0.191064 0.00521742 13.0554 162518 4 2527.03 0.787453 7.52656 2 2 152.029 3.21408 6.87758 2 3 0.106361 1.16096e-05 20.9245 2 
2.65565 -7.35289e-05 -1 1.01307 0.191104 0.00521742 13.0808 162515 4 2121.1 0.878783 7.00922 2 1 91.9098 14.3828 6.39026 2 3 0.107818 1.0519e-05 21.7223 2 
2.66087 -7.36921e-05 -1 1.01406 0.191148 0.00521742 13.1072 162500 4 2674.71 0.906142 7.3709 2 2 401.486 4.92946 9.02475 2 3 0.108951 8.58169e-06 23.3284 2 
2.66609 -7.43824e-05 -1 1.01506 0.191165 0.00521742 13.1336 162485 4 5326.26 0.94054 8.67484 2 1 92.0109 11.5468 7.96849 2 3 0.104296 7.93507e-06 23.5996 2 
2.6713 -7.57052e-05 -1 1.01606 0.191184 0.00521742 13.1594 162477 4 5765.25 1.27636 8.19806 2 2 87.1562 2.44096 5.97542 2 3 0.0971282 7.83311e-06 23.1457 2 
2.67652 -7.62502e-05 -1 1.01706 0.191212 0.00521742 13.1834 162493 3 212.954 1.15341 5.69421 2 1 128.001 12.729 10.0558 2 3 0.0899707 7.65189e-06 22.7393 2 
2.68174 -7.6566e-05 -1 1.01806 0.191222 0.00521742 13.208 162500 4 2660.81 0.733365 7.7611 2 1 143.827 14.2226 10.1126 2 3 0.0794077 7.25449e-06 22.2034 2 
2.68695 -7.53048e-05 -1 1.01906 0.191246 0.00521742 13.2335 162496 4 2669.95 0.96142 7.25934 2 1 150.91 14.3791 10.4951 2 3 0.072156 6.87702e-06 21.8923 2 
2.69217 -7.5728e-05 -1 1.02006 0.19126 0.00521742 13.26 162481 4 12139.7 1.25301 9.92118 2 2 209.606 4.23176 7.03787 2 3 0.0770122 6.34029e-06 22.9871 2 
2.69739 -7.66138e-05 -1 1.02107 0.19129 0.00521742 13.285 162484 4 3631.26 0.606818 8.79528 2 1 127.021 11.4008 11.1414 2 3 0.0831427 5.94492e-06 24.0931 2 
2.70261 -7.5753e-05 -1 1.02207 0.191337 0.00521742 13.3101 162484 4 7982.75 1.50732 8.53074 2 1 186.79 12.0974 15.4405 2 3 0.0850008 6.1266e-06 24.0289 2 
2.70782 -7.65119e-05 -1 1.02307 0.191359 0.00521742 13.3361 162475 4 2685.43 1.05249 7.10721 2 2 155.554 2.58027 7.7644 2 3 0.0868591 6.13835e-06 24.1873 2 
2.71304 -7.56879e-05 -1 1.02407 0.191389 0.00521742 13.3618 162469 4 2543.09 0.917055 7.25674 2 2 183.314 2.43916 8.66917 2 3 0.0896919 6.19499e-06 24.3727 2 
2.71826 -7.52371e-05 -1 1.02506 0.191414 0.00521742 13.3893 162441 4 12897.2 1.57837 9.50763 2 2 170.838 2.68975 7.96959 2 3 0.0934505 6.21975e-06 24.6757 2 
2.72348 -7.46406e-05 -1 1.02605 0.191447 0.00521742 13.4149 162437 4 2685.85 0.805503 7.59895 2 2 135.973 2.46953 7.42026 2 3 0.0994028 6.25565e-06 25.1406 2 
2.72869 -7.49005e-05 -1 1.02704 0.19147 0.00521742 13.4392 162448 3 2687.77 2.9276 9.71911 2 1 68.5625 7.47471 9.17259 2 3 0.103896 6.29767e-06 25.4569 2 
2.73391 -7.40325e-05 -1 1.02803 0.191496 0.00521742 13.4649 162441 4 2593.23 1.58122 6.36374 2 2 331.973 8.18171 6.36985 2 3 0.102682 6.36404e-06 25.269 2 
2.73913 -7.26882e-05 -1 1.02903 0.191516 0.00521742 13.4902 162441 4 3416.7 1.0637 7.52831 2 1 71.624 8.66193 8.26882 2 3 0.100607 6.35972e-06 25.1032 2 
2.74435 -7.32791e-05 -1 1.03002 0.19154 0.00521742 13.515 162446 4 5273.4 0.677938 9.39129 2 1 73.7452 14.3087 5.15388 2 3 0.0950886 2.23342e-05 16.2076 2 
2.74956 -7.34412e-05 -1 1.03102 0.191567 0.00521742 13.54 162448 4 5942.72 1.6656 7.72865 2 1 110.266 12.7989 8.61529 2 3 0.0890962 2.02666e-05 16.3817 2 
2.75478 -7.26026e-05 -1 1.03202 0.191589 0.00521742 13.5646 162455 3 326.3 1.61036 5.87351 2 2 152.317 3.2099 6.88856 2 3 0.0783896 1.50542e-05 17.3327 2 
2.76 -7.14919e-05 -1 1.03302 0.19163 0.00521742 13.5907 162445 4 12248.2 1.20268 10.0457 2 2 139.49 1.70851 9.0357 2 3 0.0713136 1.12429e-05 18.511 2 
2.76522 -7.31148e-05 -1 1.03403 0.191657 0.00521742 13.6168 162435 4 2632.7 0.761966 7.66684 2 2 141.95 1.79564 8.89114 2 3 0.0779868 1.00807e-05 19.7777 2 
2.77043 -7.37105e-05 -1 1.03503 0.1917 0.00521742 13.6471 162374 2 305.184 3.40223 9.47107 2 2 193.237 3.47258 7.45967 2 3 0.0808238 8.48751e-06 21.196 2 
2.77565 -7.35911e-05 -1 1.03604 0.191726 0.00521742 13.6795 162289 4 8612.41 1.02281 9.57927 2 1 106.409 11.595 9.17718 2 2 0.0824431 9.94874e-05 28.7868 2 
2.78087 -7.41044e-05 -1 1.03704 0.191761 0.00521742 13.7016 162326 2 329.544 3.38424 9.86792 2 2 155.963 2.65404 7.66579 2 2 0.0835439 9.99039e-05 28.9179 2 
2.78609 -7.40176e-05 -1 1.03805 0.191822 0.00521742 13.7277 162316 4 2504.24 0.948686 7.16784 2 2 173.011 1.48061 10.8098 2 3 0.0867165 7.11239e-06 23.0159 2 
2.7913 -7.33855e-05 -1 1.03905 0.191799 0.00521742 13.7553 162288 5 13047.2 1.53304 6.10932 2 2 159.509 1.65253 9.82467 2 3 0.0926377 7.9654e-06 22.6565 2 
2.79652 -6.92485e-05 -1 1.04005 0.191773 0.00521742 13.7814 162278 3 2499.7 2.25624 10.3475 2 2 160.052 2.44793 8.08595 2 3 0.0922853 9.75326e-06 21.1508 2 
2.80174 -6.7966e-05 -1 1.04105 0.191865 0.00521742 13.8065 162279 3 2759.64 2.19555 10.792 2 1 60.8061 10.6188 5.72626 2 3 0.0994826 1.05691e-05 21.114 2 
2.80696 -6.82359e-05 -1 1.04204 0.191917 0.00521742 13.833 162264 4 2598.85 1.10217 6.9684 2 1 67.002 11.1898 5.98779 2 3 0.0982951 8.87847e-06 22.2877 2 
2.81217 -6.98997e-05 -1 1.04303 0.191936 0.00521742 13.8603 162241 4 2645.63 0.995794 7.17943 2 2 300.446 3.71359 8.99469 2 3 0.0965188 7.34571e-06 23.5971 2 
2.81739 -7.01325e-05 -1 1.04403 0.19198 0.00521742 13.8869 162225 4 3649.44 1.09291 7.6017 2 1 83.1143 12.0813 6.87958 2 3 0.0932618 7.31053e-06 23.366 2 
2.82261 -6.99524e-05 -1 1.04502 0.192033 0.00521742 13.9154 162187 4 5333.04 0.964567 8.62304 2 1 83.6982 11.1318 7.51885 2 3 0.0886616 7.23958e-06 23.0502 2 
2.82783 -7.09276e-05 -1 1.04602 0.192036 0.00521742 13.9429 162161 4 6091.26 1.45664 8.04153 2 2 123.776 9.88387 3.5388 2 3 0.0801413 7.05089e-06 22.4839 2 
2.83304 -7.04153e-05 -1 1.04702 0.192073 0.00521742 13.9699 162141 4 12033.7 1.7716 9.07838 2 2 155.696 9.15629 4.12363 2 3 0.0720779 6.79031e-06 21.9771 2 
2.83826 -7.19154e-05 -1 1.04803 0.1921 0.00521742 13.9959 162133 3 340.193 0.469055 8.98464 2 1 131.21 13.6354 9.62275 2 3 0.0752916 6.38187e-06 22.7649 2 
2.84348 -7.18865e-05 -1 1.04903 0.192133 0.00521742 14.0225 162117 4 2429.02 0.614987 7.92759 2 1 135.174 12.903 10.4761 2 3 0.0777965 5.98394e-06 23.5139 2 
2.84869 -7.16585e-05 -1 1.05004 0.192176 0.00521742 14.05 162091 4 2734.09 0.718323 7.85459 2 2 154.046 2.46915 7.89861 2 3 0.0797536 5.64554e-06 24.174 2 
2.85391 -7.10523e-05 -1 1.05104 0.192207 0.00521742 14.0772 162069 4 8435.62 1.16877 9.21715 2 1 115.874 11.7226 9.88471 2 3 0.0805384 5.74128e-06 24.1175 2 
2.85913 -7.08465e-05 -1 1.05205 0.192237 0.00521742 14.1031 162061 3 1442.3 0.766988 12.343 2 1 168.954 11.5473 14.6315 2 3 0.081456 5.75043e-06 24.1959 2 
2.86435 -7.05529e-05 -1 1.05306 0.192265 0.00521742 14.1306 162036 4 2357.93 1.19676 6.6624 2 2 148.731 2.27712 8.08179 2 3 0.0873265 5.75858e-06 24.752 2 
2.86956 -7.13738e-05 -1 1.05407 0.192318 0.00521742 14.1581 162010 4 12283.8 3.56771 7.66012 2 2 147.137 2.67022 7.42314 2 3 0.0920663 5.74723e-06 25.2085 2 
2.87478 -7.42103e-05 -1 1.05507 0.192332 0.00521742 14.1867 161972 4 2591.63 3.10546 5.37479 2 1 120.032 14.1078 8.50825 2 3 0.0951592 5.73342e-06 25.5082 2 
2.88 -7.56353e-05 -1 1.05608 0.192323 0.00521742 14.2145 161944 5 2888.65 0.975953 4.94599 2 1 59.2411 7.53456 7.86258 2 3 0.0982462 5.78988e-06 25.697 2 
2.88522 -7.64843e-05 -1 1.05708 0.192355 0.00521742 14.2415 161925 4 2383.17 0.788363 7.41493 2 1 202.667 9.72869 20.8319 2 3 0.0954476 5.85006e-06 25.3631 2 
2.89043 -7.69483e-05 -1 1.05807 0.192402 0.00521742 14.2665 161928 4 3548.67 2.14256 6.37945 2 2 250.496 6.13657 6.38907 2 2 0.0942365 9.94575e-05 30.7816 2 
2.89565 -7.94836e-05 -1 1.05907 0.192446 0.00521742 14.2917 161929 4 2614.66 2.33844 5.78259 2 1 84.868 9.08704 9.33945 2 2 0.0915194 9.55988e-05 30.9407 2 
2.90087 -8.05332e-05 -1 1.06006 0.192452 0.00521742 14.3159 161942 4 5511.31 1.93387 7.30646 2 1 86.5071 8.71606 9.92502 2 2 0.0863972 9.17854e-05 30.6805 2 
2.90609 -7.77778e-05 -1 1.06106 0.1925 0.00521742 14.3409 161945 4 6112.7 2.00333 7.43225 2 1 127.388 10.2535 12.4239 2 2 0.0781908 8.83787e-05 29.7443 2 
2.9113 -7.68515e-05 -1 1.06206 0.192536 0.00521742 14.3719 161880 5 11537.9 1.28252 6.1775 2 2 144.539 4.93542 5.41165 2 3 0.0715054 2.23536e-05 14.7343 2 
2.91652 -7.85148e-05 -1 1.06307 0.192553 0.00521742 14.398 161871 3 384.276 0.439033 9.56567 2 1 124.504 12.23 10.1802 2 3 0.0749468 2.24653e-05 14.9422 2 
2.92174 -7.98207e-05 -1 1.06407 0.192588 0.00521742 14.4246 161856 4 2344.67 0.72359 7.54479 2 1 132.517 13.8064 9.59821 2 3 0.0770503 1.67364e-05 16.6356 2 
2.92696 -8.04887e-05 -1 1.06508 0.192632 0.00521742 14.4542 161809 4 2893.56 0.860965 7.61398 2 2 130.866 2.23428 7.65323 2 3 0.0784 1.24519e-05 18.4654 2 
2.93217 -8.02719e-05 -1 1.06609 0.192669 0.00521742 14.4812 161790 4 8649.69 0.86783 9.99175 2 1 107.141 11.3941 9.40321 2 3 0.0795195 1.08829e-05 19.4048 2 
2.93739 -8.09385e-05 -1 1.0671 0.192679 0.00521742 14.5078 161775 3 1532.8 1.04329 11.3682 2 2 168.221 2.6838 7.91708 2 3 0.0798276 9.26077e-06 20.5038 2 
2.94261 -8.17026e-05 -1 1.06811 0.192682 0.00521742 14.5308 161801 2 293.597 2.10209 11.8182 2 2 151.106 1.64184 9.59348 2 2 0.086439 9.70921e-05 29.8375 2 
2.94783 -8.19918e-05 -1 1.06912 0.192749 0.00521742 14.5582 161778 4 12296 3.29313 7.81697 2 2 145.432 2.06622 8.38959 2 3 0.0919319 8.85223e-06 21.8175 2 
2.95304 -7.80883e-05 -1 1.07013 0.1927 0.00521742 14.5848 161765 3 2405.19 3.19425 9.0976 2 2 117.594 2.41255 6.98158 2 3 0.0925054 8.48722e-06 22.1718 2 
2.95826 -8.10838e-05 -1 1.07114 0.19273 0.00521742 14.6114 161749 4 2557.67 1.57745 6.34559 2 1 68.5434 11.4713 5.9752 2 3 0.0973581 8.79612e-06 22.2857 2 
2.96348 -8.28226e-05 -1 1.07214 0.192754 0.00521742 14.6399 161715 4 2760.38 1.34508 6.73062 2 2 204.079 3.18726 8.00186 2 3 0.095039 7.4125e-06 23.4052 2 
2.9687 -8.32291e-05 -1 1.07314 0.192847 0.00521742 14.666 161706 4 3671.75 1.1512 7.51503 2 1 63.5348 8.06756 7.87534 2 3 0.0939688 6.93183e-06 23.844 2 
2.97391 -8.38057e-05 -1 1.07414 0.192898 0.00521742 14.6934 161683 4 2387.96 0.77116 7.45969 2 2 245.747 3.01562 9.02725 2 3 0.091439 6.8495e-06 23.7223 2 
2.97913 -8.35252e-05 -1 1.07514 0.192906 0.00521742 14.7223 161644 4 5817.8 1.54963 7.82767 2 1 88.6614 10.7203 8.27042 2 3 0.0873895 6.76199e-06 23.4672 2 
2.98435 -8.61158e-05 -1 1.07614 0.192922 0.00521742 14.7491 161628 4 6123.36 1.40735 8.1217 2 1 95.2901 11.6012 8.21383 2 3 0.0800351 6.5573e-06 23.0242 2 
2.98957 -8.69713e-05 -1 1.07714 0.192939 0.00521742 14.7773 161597 4 11297.4 1.86613 8.82082 2 2 142.248 1.44408 9.92494 2 3 0.0723108 6.31513e-06 22.5393 2 
2.99478 -8.78609e-05 -1 1.07814 0.192929 0.00521742 14.8042 161580 4 2577.03 1.39078 6.56093 2 1 127.783 11.6567 10.9622 2 3 0.0728566 5.93461e-06 23.0688 2 
3 -8.81516e-05 -1 1.07915 0.193013 0.00521742 14.8321 161552 4 2281.79 0.632349 7.7505 2 2 119.714 3.49564 5.85207 2 3 0.0746941 5.54691e-06 23.791 2 

# Multigrid, 585 steps, 14.7959 CPU, 14.86 real, 1.61e+05 points.step/s, 23 var
