0.91307 0
0.913121 0.015625

0.91312 0.015625
0.913272 0.03125

0.913271 0.03125
0.913528 0.046875

0.913526 0.046875
0.913895 0.0625

0.913892 0.0625
0.914383 0.078125

0.914379 0.078125
0.915003 0.09375

0.914999 0.09375
0.91577 0.109375

0.915764 0.109375
0.916705 0.125

0.916699 0.125
0.917834 0.140625

0.917826 0.140625
0.919186 0.15625

0.919177 0.15625
0.920796 0.171875

0.920776 0.171875
0.921875 0.180775

0.921875 0.180698
0.922715 0.1875

0.922692 0.1875
0.924996 0.203125

0.924972 0.203125
0.927734 0.21875

0.927717 0.21875
0.93102 0.234375

0.930996 0.234375
0.934918 0.25

0.934788 0.25
0.9375 0.258845

0.9375 0.258625
0.939646 0.265625

0.939608 0.265625
0.945467 0.28125

0.94521 0.28125
0.95265 0.296875

0.951774 0.296875
0.953125 0.299201

0.953125 0.298189
0.962718 0.3125

0.961947 0.3125
0.96875 0.320186

0.96875 0.319745
0.979198 0.328125

0.977752 0.328125
0.984375 0.332506

0.984375 0.33132
1 0.338367

1 0.338469
1.01562 0.34222

1.01562 0.34215
1.03125 0.342539

1.03125 0.342371
1.04688 0.339874

1.04688 0.339715
1.0625 0.334989

1.0625 0.334932
1.07812 0.328406

1.09375 0.320228
1.07859 0.328125

1.07812 0.328427
1.07871 0.328125

1.10938 0.310833
1.1067 0.3125

1.09375 0.320185
1.10607 0.3125

1.10938 0.310377
1.125 0.299247

1.14062 0.286958
1.12811 0.296875

1.125 0.29918
1.12804 0.296875

1.15625 0.273301
1.14722 0.28125

1.14062 0.286673
1.14699 0.28125

1.17188 0.25798
1.16423 0.265625

1.15625 0.272921
1.16394 0.265625

1.1875 0.240949
1.1795 0.25

1.17188 0.257716
1.1792 0.25

1.20312 0.222075
1.19324 0.234375

1.1875 0.240791
1.193 0.234375

1.21875 0.200962
1.21734 0.203125

1.21712 0.203125
1.20575 0.21875

1.20312 0.221966
1.20561 0.21875

1.23438 0.175844
1.22744 0.1875

1.21875 0.20053
1.22735 0.1875

1.25 0.145841
1.24506 0.15625

1.24501 0.15625
1.23667 0.171875

1.23438 0.175685
1.23663 0.171875

1.26562 0.106533
1.26474 0.109375

1.26469 0.109375
1.25897 0.125

1.25895 0.125
1.2524 0.140625

1.25 0.145673
1.2524 0.140625

1.28125 0.0324164
1.27956 0.046875

1.27956 0.046875
1.27697 0.0625

1.27697 0.0625
1.27363 0.078125

1.27362 0.078125
1.26953 0.09375

1.26562 0.106297
1.26954 0.09375

1.28284 0
1.28247 0.015625

1.28247 0.015625
1.28138 0.03125

1.28125 0.0323347
1.28138 0.03125

