t sb -1 xb vb dt perf.t perf.speed
0 0 -1 0.5 0 2.52982e-05 0 0 
2.52982e-05 1.41421e-16 -1 0.5 0.000419193 2.52982e-05 0.020183 811772 1 695.35 1831.2 0.379724 4 
0.000614221 -3.72129e-08 -1 0.5 0.00126029 0.000588923 0.053897 607974 5 1370.29 222.152 1.43891 5 2 1645.14 421.933 1.9746 4 3 0.0761784 4.77975e-05 11.6809 2 
0.00171532 -1.71257e-06 -1 0.5 0.00152431 0.0011011 0.141121 348297 7 437.474 57.1885 1.33732 7 2 694.167 252.296 1.65873 5 24 0.0961335 9.57507e-05 1.33374 2 
0.00328182 -3.17117e-06 -1 0.500002 0.00235532 0.0015665 0.178514 367120 1 144.214 33.9587 4.24675 7 2 290.655 87.5257 1.8223 5 8 0.0609895 6.13828e-05 2.36947 3 
0.00527167 -3.31755e-06 -1 0.500006 0.00307265 0.00198985 0.222996 367361 1 77.4917 21.2104 3.65348 7 3 186.68 100.457 1.22943 6 8 0.0873741 8.34014e-05 2.38521 3 
0.00764656 -1.47478e-06 -1 0.500014 0.00448087 0.00237488 0.291611 337107 3 35.858 16.8493 1.28628 9 4 219.631 50.6334 1.44316 7 11 0.114474 5.40654e-05 2.00606 3 
0.0103718 4.6617e-07 -1 0.500027 0.00671579 0.00272528 0.340669 336655 1 23.7458 8.24091 2.88146 9 1 58.4944 41.6096 1.40579 7 13 0.176024 8.88022e-05 1.79319 3 
0.0134132 1.78747e-06 -1 0.500048 0.00837043 0.00304133 0.402994 325246 2 38.5957 2.39175 4.01709 9 1 25.89 26.4456 0.97899 7 16 0.246238 8.01629e-05 1.65181 3 
0.0167427 2.04587e-06 -1 0.500076 0.0105465 0.00332953 0.474677 310645 2 60.261 1.61056 6.11687 9 1 49.8139 8.19183 6.08092 7 18 0.242253 8.71194e-05 1.55361 3 
0.020337 1.45819e-06 -1 0.500113 0.0127782 0.00359429 0.558999 293095 2 76.9807 2.01323 6.18364 9 1 33.2887 13.5197 2.46224 7 24 0.319627 9.50248e-05 1.40265 3 
0.0241718 6.51096e-07 -1 0.500162 0.0153225 0.00383483 0.626618 287614 3 1209.06 3.17363 7.24932 8 1 20.341 15.9126 1.27829 7 14 0.362482 5.11254e-05 1.88385 4 
0.0282206 2.4353e-07 -1 0.500223 0.0174743 0.00404875 0.715507 274781 2 73.0364 2.56872 5.33226 8 2 20.7866 8.9066 1.52769 8 19 0.42696 7.74224e-05 1.5737 4 
0.032466 3.10881e-07 -1 0.500298 0.0201789 0.0042454 0.795759 267659 3 1209.67 0.999296 10.6576 7 2 24.1825 4.33408 2.36212 9 14 0.585268 8.57766e-05 1.87869 5 
0.0368951 5.7635e-07 -1 0.500387 0.0227776 0.00442916 0.911017 251780 3 1133.29 1.94487 8.35252 6 2 33.4987 3.72804 2.9976 10 22 0.859183 8.49753e-05 1.52067 5 
0.041482 8.10267e-07 -1 0.500492 0.0256855 0.00458685 1.0852 226466 4 1220.19 0.892009 6.08155 5 2 32.3172 3.72464 2.94561 11 36 1.03571 9.8607e-05 1.29331 5 
0.0462232 9.51891e-07 -1 0.500614 0.0286092 0.00474121 1.30701 200568 4 1214.44 1.92191 5.01372 4 2 50.8717 3.95434 3.58675 11 49 1.03076 8.84147e-05 1.21058 5 
0.0510974 1.00743e-06 -1 0.500752 0.031299 0.00487422 1.40677 197992 3 1211.4 3.06054 7.34225 4 2 64.0917 4.00781 3.99896 11 17 0.963008 9.02323e-05 1.72567 6 
0.0560955 9.82711e-07 -1 0.500909 0.034411 0.00499814 1.53039 192704 4 1102.31 0.772098 6.14693 3 2 69.7984 3.90642 4.22701 11 21 1.2065 6.74428e-05 1.59406 6 
0.0611976 9.22688e-07 -1 0.501085 0.037378 0.00510209 1.66211 187289 4 209.279 0.892858 3.91278 3 2 72.1314 3.52736 4.52207 11 24 1.61326 6.91193e-05 1.52056 6 
0.0664083 8.94319e-07 -1 0.50128 0.0403361 0.00521064 1.79742 182305 4 1237.86 3.43605 4.35665 3 2 95.581 3.2005 5.46484 11 24 1.53105 7.48031e-05 1.51227 6 
0.0717036 9.77326e-07 -1 0.501494 0.0435019 0.00529529 1.93981 177370 6 1186.76 2.09536 2.87641 3 2 113.503 3.1366 6.01554 11 24 1.32263 8.33317e-05 1.49633 6 
0.0770865 1.04423e-06 -1 0.501728 0.0465873 0.0053829 2.08237 173095 5 1210.62 1.17124 4.00749 3 2 118.085 3.18482 6.08912 11 25 1.83936 9.2589e-05 1.48568 6 
0.0825498 1.13467e-06 -1 0.501983 0.0498216 0.00546339 2.21394 170209 4 1099.98 2.60493 4.53312 3 2 109.909 3.30874 5.76348 11 24 2.23041 9.54352e-05 1.52065 6 
0.0880753 1.29623e-06 -1 0.502259 0.0529313 0.00552547 2.34319 167812 5 1175.15 1.93778 3.60212 3 2 152.65 3.03473 7.09232 11 22 1.90567 9.81229e-05 1.56647 6 
0.0936644 1.42532e-06 -1 0.502555 0.0561275 0.00558911 2.46436 166209 5 1031.99 0.756046 4.23668 3 2 163.659 2.68572 7.8062 11 21 1.59331 9.38933e-05 1.59006 6 
0.0993078 1.58138e-06 -1 0.502872 0.0592292 0.00564337 2.5869 164670 4 1073.55 3.07269 4.3234 3 2 166.033 2.44139 8.24667 11 21 2.63933 6.68285e-05 1.65532 6 
0.105007 1.75913e-06 -1 0.503211 0.0625314 0.00569881 2.70197 163721 6 1197.03 1.41991 3.07355 3 2 151.105 1.80075 9.16035 11 18 2.66298 8.01314e-05 1.78319 6 
0.110751 1.9264e-06 -1 0.503571 0.0658036 0.00574403 2.79912 163892 4 1159.59 2.36503 4.70562 3 2 217.064 1.25255 13.1643 11 16 2.17971 5.79839e-05 1.93172 6 
0.116541 2.11957e-06 -1 0.503952 0.0689547 0.00579008 2.89402 164179 6 1145.54 0.433385 3.7184 4 2 220.788 1.66401 11.5189 11 13 2.24191 9.53582e-05 2.16896 6 
0.122366 2.25906e-06 -1 0.504354 0.072157 0.00582517 2.98141 164862 5 1221.69 0.969546 4.16945 4 2 195.693 1.88813 10.1806 11 12 3.22288 5.8629e-05 2.4832 6 
0.128227 2.27618e-06 -1 0.504777 0.0753664 0.00586076 3.06132 165910 5 1158 0.790047 4.29745 4 2 231.613 2.46019 9.7028 11 11 2.83762 5.43418e-05 2.68468 6 
0.134124 2.26532e-06 -1 0.505223 0.0786121 0.00589687 3.14152 166890 4 1184.89 1.55331 5.2554 4 2 263.654 3.19305 9.08688 11 11 2.12732 4.115e-05 2.68223 6 
0.140045 2.3185e-06 -1 0.505688 0.0817854 0.00592123 3.22144 167835 5 1184.2 0.941054 4.16833 4 2 277.249 3.7969 8.54515 11 11 3.20841 6.18976e-05 2.68288 6 
0.146003 2.44287e-06 -1 0.506176 0.0850115 0.00595824 3.29699 168959 4 1223.85 0.868181 6.12745 3 2 244.41 5.07303 6.94106 11 10 3.47749 5.41999e-05 3.02501 6 
0.151974 2.6449e-06 -1 0.506684 0.0881654 0.00597071 3.36706 170309 6 1206.33 0.50185 3.66001 3 2 343.577 6.54586 7.24484 11 9 3.04877 5.08908e-05 3.39494 6 
0.15797 2.88683e-06 -1 0.507213 0.0913908 0.00599584 3.43495 171713 5 1128.28 0.909712 4.15626 3 2 436.704 8.41652 7.20324 11 9 3.05254 5.92316e-05 3.33862 6 
0.163991 3.16391e-06 -1 0.507762 0.0945317 0.00602125 3.51475 172475 7 5004.48 0.604336 3.62849 2 3 2398.9 1.59597 11.455 10 9 3.67613 8.10657e-05 3.29151 6 
0.170025 3.37451e-06 -1 0.508333 0.0976975 0.00603406 3.5958 173144 6 2133.75 0.616284 3.8895 2 3 984.315 2.12193 7.74107 10 12 6.5301 6.21987e-05 2.62077 5 
0.176072 3.61887e-06 -1 0.508924 0.100804 0.00604696 3.67882 173690 6 1744.59 0.778793 3.61725 3 3 1379.2 2.22122 8.53122 10 11 5.54899 6.54032e-05 2.80579 5 
0.182145 3.92656e-06 -1 0.509537 0.10398 0.00607296 3.75295 174625 5 1555.95 1.38705 4.07362 2 3 1179.46 1.84352 8.61677 9 11 4.95437 7.65247e-05 2.73767 5 
0.188231 4.25611e-06 -1 0.51017 0.107079 0.00608608 3.82211 175752 5 1389.81 1.44667 3.94927 3 3 773.345 1.99222 7.29478 8 10 5.02652 6.19279e-05 3.09698 5 
0.19433 4.58255e-06 -1 0.510824 0.110158 0.00609928 3.91332 175843 5 1363.31 0.92753 4.29985 3 3 943.204 2.176 7.56802 7 17 5.42334 8.09289e-05 1.92261 4 
0.200429 4.79811e-06 -1 0.511497 0.113272 0.00609928 4.03456 174619 5 1376.2 0.880885 4.35264 3 3 805.732 1.77866 7.68009 6 27 4.20698 9.60528e-05 1.48561 4 
0.206542 4.86513e-06 -1 0.51219 0.116438 0.0061126 4.14145 174069 5 1250.96 1.25493 3.97855 3 3 800.133 2.13392 7.21099 5 21 5.34321 5.68831e-05 1.72505 5 
0.212668 4.89137e-06 -1 0.512903 0.119491 0.006126 4.22175 174639 5 1413.12 1.96247 3.72799 3 3 702.47 3.80879 5.6922 4 14 4.26241 9.11914e-05 2.15551 5 
0.218808 4.82403e-06 -1 0.513636 0.122468 0.0061395 4.32603 174216 5 1245.52 1.67163 3.75355 3 3 783.699 7.07917 4.80163 3 19 5.00216 9.84695e-05 1.76879 5 
0.224947 4.76934e-06 -1 0.514388 0.125442 0.0061395 4.43421 173661 5 1280.78 1.54688 3.83357 3 4 672.226 4.56324 3.48386 3 21 4.81762 9.25707e-05 1.67721 5 
0.2311 4.67473e-06 -1 0.515159 0.128485 0.00615311 4.55213 172761 5 1984.56 2.53731 3.79017 3 3 1023.02 8.07609 5.0222 3 23 3.37918 8.06231e-05 1.58844 5 
0.237253 4.52359e-06 -1 0.515948 0.131394 0.00615311 4.68786 171254 5 7193.76 1.5978 5.37881 3 4 3725.59 7.6474 4.69808 2 22 6.48952 7.15333e-05 1.68016 7 
0.24342 4.34831e-06 -1 0.516758 0.134312 0.00616685 4.86034 168548 6 3421.41 1.20788 3.76152 2 4 1853.52 5.34391 4.31553 2 29 6.89676 9.56236e-05 1.47069 7 
0.249587 4.54898e-06 -1 0.517586 0.137223 0.00616685 5.01992 166454 6 2646.23 1.95213 3.32675 2 4 1814.15 5.5744 4.24736 2 26 6.1849 8.95309e-05 1.53507 7 
0.255754 5.16275e-06 -1 0.518433 0.140107 0.00616685 5.16744 164872 6 2105.6 1.63745 3.29762 2 4 1509.91 4.89328 4.1912 2 22 5.96502 6.87021e-05 1.67681 7 
0.261935 5.88317e-06 -1 0.5193 0.142935 0.00618073 5.27524 164609 5 2267.26 2.23525 3.99241 2 4 1538.19 2.98211 4.76565 2 17 6.9873 5.34557e-05 1.99968 7 
0.268115 6.8496e-06 -1 0.520184 0.145692 0.00618073 5.3625 164986 5 1965.82 1.39563 4.26339 2 4 1616.96 3.14115 4.76324 2 13 6.16419 6.56716e-05 2.41268 7 
0.274296 7.84206e-06 -1 0.521086 0.148582 0.00618073 5.44077 165624 6 2200.76 1.39786 3.41076 2 4 1069.17 5.49887 3.73417 2 10 5.45751 9.6601e-05 2.98677 7 
0.280477 8.76334e-06 -1 0.522004 0.151384 0.00618073 5.52097 166185 7 1768.96 1.49211 2.74873 2 4 1269.79 2.41634 4.78789 2 11 6.15399 8.44816e-05 2.76717 7 
0.286672 9.60451e-06 -1 0.52294 0.154032 0.00619481 5.60604 166586 5 2145.84 1.69221 4.17473 2 4 992.113 2.86129 4.31519 2 12 4.79245 5.32774e-05 2.58723 7 
0.292866 1.04993e-05 -1 0.523894 0.156839 0.00619481 5.69339 166908 6 12694.8 2.05497 4.28354 2 4 6773.39 5.34482 5.96648 2 12 5.71902 6.96055e-05 2.56777 7 
0.299061 1.13886e-05 -1 0.524866 0.159524 0.00619481 5.84547 165368 7 4846.61 1.43874 3.19097 2 5 2474.08 4.45346 3.53951 2 27 9.50189 9.9813e-05 1.52895 6 
0.305256 1.21902e-05 -1 0.525855 0.162174 0.00619481 5.98728 164188 7 3730.2 1.39919 3.08609 2 4 2389.53 7.55802 4.21673 2 24 7.2583 5.57493e-05 1.63346 7 
0.311451 1.29791e-05 -1 0.52686 0.164737 0.00619481 6.08249 164312 7 2904.69 1.82351 2.86719 2 4 2081.96 7.74518 4.04912 2 14 6.57521 6.11998e-05 2.28754 7 
0.317646 1.37574e-05 -1 0.527882 0.167388 0.00619481 6.17829 164416 7 2976.26 1.82815 2.87613 2 4 1978.21 5.29653 4.39613 3 14 7.18202 6.18458e-05 2.30028 7 
0.32384 1.46192e-05 -1 0.528919 0.169917 0.00619481 6.27709 164438 6 2682.36 2.26027 3.25382 2 4 2119.51 3.18154 5.08042 3 14 7.53078 7.31705e-05 2.28053 7 
0.33005 1.55879e-05 -1 0.529973 0.172479 0.00620919 6.37834 164396 6 2196.71 2.21873 3.15703 2 4 1827.55 3.03486 4.95374 3 15 5.94859 5.77011e-05 2.15881 7 
0.336259 1.66647e-05 -1 0.531044 0.175018 0.00620919 6.48204 164294 6 2559.15 2.56969 3.16011 2 4 1471.9 3.70402 4.46479 3 15 6.68248 7.04406e-05 2.14688 7 
0.342468 1.78204e-05 -1 0.53213 0.177447 0.00620919 6.59891 163867 9 13473.6 2.30378 2.62156 2 4 7324.12 9.52953 5.26528 2 15 5.95167 6.35272e-05 2.14509 7 
0.348677 1.86484e-05 -1 0.533233 0.179867 0.00620919 6.74028 162861 9 6095.04 2.55186 2.37327 2 4 3153.34 10.0882 4.20474 2 22 10.6995 9.52207e-05 1.69658 7 
0.354886 1.92691e-05 -1 0.53435 0.182265 0.00620919 6.87052 162158 9 4682.01 2.11561 2.35324 2 5 2860.7 5.46227 3.498 2 19 8.29416 6.35768e-05 1.85881 7 
0.361096 1.97938e-05 -1 0.535482 0.184638 0.00620919 6.97559 162065 8 3644.84 2.11397 2.53847 2 4 2597.9 9.77488 4.03764 2 15 6.9812 7.92981e-05 2.13621 7 
0.367305 2.03703e-05 -1 0.536628 0.186992 0.00620919 7.07612 162077 6 2886.72 1.50811 3.52367 3 4 2002.82 10.2685 3.73709 2 15 7.0754 5.87638e-05 2.18127 7 
0.373514 2.10781e-05 -1 0.537789 0.189269 0.00620919 7.17494 162129 5 3419.69 2.41245 4.2688 3 4 2535.57 10.0663 3.98384 2 14 7.99821 8.33096e-05 2.26923 7 
0.379723 2.19356e-05 -1 0.538964 0.191529 0.00620919 7.27228 162212 5 2758.88 2.19787 4.16626 3 5 2288.4 5.7096 3.31578 2 14 7.09433 8.02173e-05 2.25596 7 
0.385932 2.29231e-05 -1 0.540154 0.193617 0.00620919 7.36784 162331 5 3223.14 1.70983 4.51924 3 5 1585.79 5.23673 3.135 2 14 5.78749 7.22115e-05 2.24015 7 
0.392141 2.38842e-05 -1 0.541355 0.195867 0.00620919 7.46474 162419 5 11963.1 1.5623 5.98158 3 6 6548.22 3.07165 3.5875 2 14 8.24792 4.87028e-05 2.36312 7 
0.398351 2.48093e-05 -1 0.542571 0.198045 0.00620919 7.55515 162644 5 5139.36 1.23896 5.2914 2 5 3028.86 5.42143 3.54351 2 13 8.34779 8.73737e-05 2.41597 7 
0.40456 2.55874e-05 -1 0.543801 0.2001 0.00620919 7.653 162705 6 3860.11 1.65893 3.64023 3 6 3077.59 3.90396 3.03937 2 13 9.71053 7.325e-05 2.47761 7 
0.410769 2.63375e-05 -1 0.545044 0.202095 0.00620919 7.74817 162821 6 4250.94 1.61454 3.71598 3 6 3454.35 5.06936 2.96644 2 13 9.08069 5.74914e-05 2.51123 7 
0.416978 2.69068e-05 -1 0.5463 0.204155 0.00620919 7.84472 162906 6 3965.65 1.13206 3.89709 3 6 3307.68 7.68135 2.74798 2 12 8.48303 8.83042e-05 2.60144 7 
0.423187 2.74933e-05 -1 0.547566 0.206199 0.00620919 7.93376 163143 5 3033.9 1.44661 4.61668 3 6 2537.12 5.52858 2.77729 2 12 7.077 6.30305e-05 2.63547 7 
0.429397 2.80969e-05 -1 0.548844 0.208102 0.00620919 8.02671 163295 7 3786.46 2.08236 2.92192 2 6 2015.77 5.86315 2.64678 2 12 6.27059 4.99103e-05 2.66027 7 
0.435606 2.87573e-05 -1 0.550136 0.20996 0.00620919 8.15151 162805 8 13077.2 1.76947 3.04498 2 6 7232.8 4.42344 3.43235 2 19 8.42987 5.39144e-05 1.87661 7 
0.441815 2.95242e-05 -1 0.55144 0.21181 0.00620919 8.28809 162099 8 5554.34 1.72124 2.74536 2 5 3222.51 9.03906 3.23902 2 21 8.47596 7.92032e-05 1.73579 7 
0.448024 3.02974e-05 -1 0.552755 0.213683 0.00620919 8.39316 162022 7 4415.83 2.49822 2.91012 2 4 2768.44 8.76812 4.21534 2 16 9.99445 7.0547e-05 2.09872 7 
0.454233 3.11605e-05 -1 0.55408 0.215378 0.00620919 8.47733 162345 8 4275.34 1.67605 2.66585 2 4 3471.06 7.66507 4.61303 2 11 9.05187 7.61289e-05 2.89322 7 
0.460443 3.19318e-05 -1 0.555417 0.217136 0.00620919 8.55312 162823 6 4443.54 2.50479 3.47931 2 4 3632.9 6.28636 4.90302 2 10 8.89268 3.74054e-05 3.44834 7 
0.466652 3.27973e-05 -1 0.556764 0.218769 0.00620919 8.62738 163320 6 3604.98 1.64195 3.60515 3 4 3017.73 6.28345 4.68134 3 9 7.80024 7.4813e-05 3.61052 7 
0.472861 3.36305e-05 -1 0.558121 0.220392 0.00620919 8.70085 163824 6 6130.83 1.67221 3.92679 3 5 3500.6 6.75004 3.49114 2 9 5.91017 5.04824e-05 3.65731 7 
0.47907 3.44481e-05 -1 0.559487 0.222003 0.00620919 8.77519 164303 6 11311.7 1.29135 4.54026 3 6 6236.32 3.15189 3.54318 2 9 9.93568 4.2682e-05 3.94755 7 
0.485279 3.51276e-05 -1 0.560865 0.223545 0.00620919 8.85268 164716 6 6861.57 1.65929 4.00636 3 5 4021.3 10.3042 3.29815 2 11 9.58687 7.61983e-05 2.90812 6 
0.491488 3.58404e-05 -1 0.562253 0.225023 0.00620919 8.92948 165134 7 5595.68 2.1032 3.08519 2 5 3900.45 7.2072 3.52103 2 11 8.11582 5.70984e-05 2.94055 6 
0.497698 3.66018e-05 -1 0.563649 0.226434 0.00620919 9.00768 165519 7 4319.81 2.22752 2.94892 2 4 3170.39 9.02736 4.329 2 11 7.59856 4.59658e-05 2.9812 6 
0.503907 3.74727e-05 -1 0.565052 0.227896 0.00620919 9.08797 165860 7 3471.06 2.19187 2.86479 2 5 2478.22 3.28625 3.7626 2 11 7.0287 4.06191e-05 2.99361 6 
0.510131 3.85349e-05 -1 0.56647 0.229232 0.00622467 9.16249 166299 7 4381.45 1.98513 3.00393 2 5 3160.45 3.8842 3.82023 2 10 8.17143 3.93071e-05 3.40238 6 
0.516356 3.95931e-05 -1 0.567895 0.230479 0.00622467 9.35028 164711 12 20429 1.83106 2.17418 4 6 11602.5 2.07129 4.21423 3 32 8.50622 7.97249e-05 1.43592 6 
0.522581 4.00532e-05 -1 0.569328 0.231719 0.00622467 9.63693 161512 6 9080.09 1.7516 4.16015 4 5 5079.07 2.5395 4.57306 3 56 10.3996 8.23446e-05 1.23338 6 
0.528806 4.03041e-05 -1 0.570769 0.23297 0.00622467 9.81176 160304 6 5152.47 2.1006 3.67236 3 5 3425.14 3.88641 3.88174 3 31 10.7656 7.77473e-05 1.46504 6 
0.53503 4.06661e-05 -1 0.57222 0.234068 0.00622467 9.91462 160293 5 4531.96 2.58067 4.45564 3 5 3802.91 6.42528 3.58463 3 17 9.70474 6.44106e-05 2.01646 6 
0.541255 4.11776e-05 -1 0.573676 0.235321 0.00622467 10.0039 160501 6 5283.48 1.30855 3.99045 2 5 4320.77 6.45119 3.67438 2 13 9.2535 5.52707e-05 2.5225 6 
0.54748 4.20449e-05 -1 0.575138 0.23642 0.00622467 10.0824 160876 6 4348.64 1.29259 3.87093 2 5 3611 3.89462 3.92132 2 11 8.58118 3.58605e-05 3.08314 6 
0.553704 4.30727e-05 -1 0.576607 0.237485 0.00622467 10.1544 161349 7 18447 1.42947 3.86589 2 5 10579.5 9.44466 4.07245 3 10 6.93919 7.52862e-05 3.1366 6 
0.559929 4.40581e-05 -1 0.578085 0.238516 0.00622467 10.2373 161643 8 11375.2 2.18283 2.91486 2 6 6276.5 5.47704 3.23491 2 12 12.5422 8.22371e-05 2.7036 5 
0.566154 4.50165e-05 -1 0.579566 0.239461 0.00622467 10.3137 162034 8 7904.63 1.5379 2.90984 2 5 5086.44 7.10815 3.72333 2 11 9.40463 5.74643e-05 2.97848 5 
0.572378 4.5825e-05 -1 0.581056 0.240394 0.00622467 10.3859 162484 8 6193.48 1.88849 2.75092 2 5 4809.06 6.09217 3.79715 2 11 10.1742 5.84032e-05 2.99544 5 
0.578603 4.66465e-05 -1 0.582551 0.241207 0.00622467 10.4525 163017 6 5675.16 1.21936 4.08609 3 5 4652.78 7.0206 3.66663 2 10 9.40343 4.94261e-05 3.37235 5 
0.584828 4.73301e-05 -1 0.584049 0.241977 0.00622467 10.5269 163422 8 4396.73 1.484 2.7162 2 5 3612.14 9.84208 3.25788 2 10 8.25697 4.59099e-05 3.35345 5 
0.591052 4.78411e-05 -1 0.585552 0.24279 0.00622467 10.6252 163451 10 8851.93 1.46902 2.38782 2 7 5116.9 10.1754 2.43177 2 14 6.73897 5.14921e-05 2.32001 5 
0.597277 4.83348e-05 -1 0.587064 0.243534 0.00622467 10.8462 161632 10 11075.2 2.02814 2.36442 2 7 6194.71 4.65942 2.7941 3 36 11.0077 7.41932e-05 1.39203 7 
0.603502 4.88929e-05 -1 0.588576 0.244234 0.00622467 11.0143 160652 8 8885.03 1.12884 3.06905 3 6 5431.55 6.17177 3.09565 3 25 9.12726 9.15112e-05 1.58473 7 
0.609726 4.94844e-05 -1 0.590095 0.244914 0.00622467 11.1389 160325 9 6782.99 1.69337 2.5136 2 6 4997.82 5.17397 3.14407 3 17 9.87061 9.18635e-05 1.97676 7 
0.615951 5.00698e-05 -1 0.591621 0.245544 0.00622467 11.2345 160420 8 5897.23 2.42974 2.64933 2 6 4711.28 3.51107 3.32111 3 12 9.27531 5.63317e-05 2.72091 7 
0.622176 5.06018e-05 -1 0.593144 0.246135 0.00622467 11.3185 160677 7 4540.82 1.68102 3.09188 2 5 3649.36 4.92567 3.7493 3 10 8.16659 6.07858e-05 3.25705 7 
0.6284 5.11579e-05 -1 0.594672 0.246697 0.00622467 11.396 161023 7 6820.23 1.19301 3.44141 2 4 3961.72 3.91963 5.63845 3 10 6.75491 3.6775e-05 3.36052 7 
0.634625 5.1762e-05 -1 0.59621 0.247302 0.00622467 11.4622 161521 6 11401.5 2.52228 4.06625 2 5 6649.74 5.31404 4.16367 2 8 10.3769 5.1922e-05 4.59822 7 
0.64085 5.27261e-05 -1 0.597744 0.247765 0.00622467 11.5301 161991 8 9327.68 2.18321 2.84338 2 5 5650.95 5.08389 4.06617 2 7 9.31143 6.79568e-05 5.41784 7 
0.647074 5.36613e-05 -1 0.599283 0.248233 0.00622467 11.5996 162433 8 7056.56 1.3776 2.9086 2 5 5139.19 7.95735 3.64775 2 9 9.90144 4.65653e-05 3.90805 6 
0.653299 5.44888e-05 -1 0.600829 0.24863 0.00622467 11.6656 162919 8 6154.84 1.84479 2.75682 2 6 4904.98 3.90203 3.28517 2 8 9.3998 8.48047e-05 4.27157 6 
0.659524 5.52812e-05 -1 0.602372 0.249075 0.00622467 11.7639 162951 7 4786.64 2.08582 3.0207 2 5 3847.8 7.622 3.47239 2 15 8.34953 6.10667e-05 2.19984 6 
0.665748 5.6257e-05 -1 0.603915 0.24938 0.00622467 11.9167 162236 7 8254.77 1.82703 3.32764 2 5 4802.72 6.33491 3.7666 2 27 6.93037 7.88623e-05 1.52443 6 
0.671973 5.72062e-05 -1 0.605468 0.24965 0.00622467 12.0795 161406 9 12069.2 1.97432 2.63448 3 5 6815.36 5.36734 4.17586 2 25 10.8448 6.18465e-05 1.6209 7 
0.678198 5.78538e-05 -1 0.60702 0.249957 0.00622467 12.2051 161087 7 9466.12 2.22465 3.29925 2 5 5817.75 9.0341 3.64564 2 18 8.99028 7.75691e-05 1.91134 7 
0.684422 5.85413e-05 -1 0.60857 0.250165 0.00622467 12.3231 160873 7 6950.8 2.35803 3.1307 2 5 5172.89 4.19753 4.15095 2 16 10.2936 4.988e-05 2.14865 7 
0.690647 5.91799e-05 -1 0.610126 0.250435 0.00622467 12.4252 160870 7 6374.08 1.63606 3.25796 2 5 5173.57 3.81184 4.23186 2 15 9.71463 9.57581e-05 2.1565 7 
0.696872 6.00438e-05 -1 0.611681 0.250596 0.00622467 12.53 160832 6 5132.81 1.72489 3.79256 2 5 4190.57 3.19956 4.20181 2 15 8.75531 7.36698e-05 2.17938 7 
0.703096 6.09139e-05 -1 0.613238 0.250796 0.00622467 12.6316 160836 7 16489.5 1.67945 3.71785 2 5 9579.25 8.58343 4.06944 2 15 7.27522 6.99435e-05 2.1601 7 
0.709321 6.17321e-05 -1 0.614794 0.250907 0.00622467 12.7342 160827 7 13469.2 2.0206 3.51776 2 6 7548.75 3.71299 3.55925 2 14 12.7161 5.64356e-05 2.41181 7 
0.715546 6.26034e-05 -1 0.616351 0.250993 0.00622467 12.8248 160968 6 8398.97 1.90125 4.05071 2 5 5335.02 4.24218 4.16782 2 13 9.64236 6.20497e-05 2.50808 7 
0.72177 6.35498e-05 -1 0.617913 0.251053 0.00622467 12.9171 161086 6 5790.05 1.05116 4.20245 3 5 4588.24 2.92359 4.35658 2 12 10.6321 5.40138e-05 2.7617 7 
0.727995 6.42206e-05 -1 0.619473 0.251163 0.00622467 13.0046 161263 6 6128.45 1.98784 3.815 3 4 5093.04 9.6522 4.79278 3 11 9.79423 6.00295e-05 2.97765 7 
0.73422 6.49459e-05 -1 0.62103 0.251184 0.00622467 13.0863 161507 6 5520.31 2.10031 3.7149 3 4 4553.77 6.51114 5.14255 3 10 9.15439 7.95648e-05 3.20694 7 
0.740444 6.55154e-05 -1 0.622589 0.251189 0.00622467 13.1739 161677 6 24741.6 1.54858 5.01859 3 4 14356.8 6.67873 6.80912 3 12 7.80799 4.54472e-05 2.73057 7 
0.746669 6.61198e-05 -1 0.624149 0.251163 0.00622467 13.3143 161203 7 13327 2.26593 3.4554 2 4 7482.5 9.7504 5.26327 2 22 12.6704 9.38922e-05 1.71076 7 
0.752894 6.68791e-05 -1 0.62571 0.251043 0.00622467 13.4277 161062 8 6583.88 2.53378 2.67202 2 5 3724.78 6.37264 3.57566 2 17 11.1135 5.29669e-05 2.05613 7 
0.759118 6.74221e-05 -1 0.627271 0.251006 0.00622467 13.5136 161251 8 5424.85 2.32408 2.63644 2 4 3358.34 6.98296 4.68297 2 11 9.76395 5.22769e-05 3.01447 7 
0.765343 6.81036e-05 -1 0.628826 0.250883 0.00622467 13.594 161502 7 4431.26 2.4753 2.91541 2 5 3635.96 7.59701 3.43554 2 10 8.71864 3.94911e-05 3.42291 7 
0.771568 6.8546e-05 -1 0.630386 0.250802 0.00622467 13.6657 161853 7 5690.58 2.29355 3.05457 2 5 4453.85 7.41773 3.59495 2 8 8.7636 7.94144e-05 4.26921 7 
0.777792 6.90502e-05 -1 0.631942 0.250684 0.00622467 13.743 162135 9 23533.7 2.54337 2.75866 3 6 13630.1 6.22351 3.60366 2 8 8.82138 2.12971e-05 5.03677 7 
0.784017 6.95032e-05 -1 0.633501 0.250542 0.00622467 13.8197 162420 8 8567.65 2.46581 2.77085 2 6 4844.27 5.88379 3.06146 2 10 10.2886 7.74325e-05 3.25344 6 
0.790242 6.99244e-05 -1 0.635058 0.250414 0.00622467 13.8949 162721 7 7629.25 2.23595 3.19681 2 5 4698.41 5.72132 3.82729 2 10 10.4729 5.5398e-05 3.37021 6 
0.796466 7.05651e-05 -1 0.636611 0.250232 0.00622467 13.9639 163090 8 6137.18 2.34096 2.67499 2 5 4215.91 8.29325 3.47723 2 9 8.12259 5.4887e-05 3.75379 6 
0.802691 7.11862e-05 -1 0.638165 0.250057 0.00622467 14.0375 163402 7 4929.9 1.31425 3.24037 3 6 3552.04 3.95914 3.1056 2 9 7.52708 5.49279e-05 3.72185 6 
0.808916 7.17609e-05 -1 0.639718 0.249896 0.00622467 14.1066 163764 6 4360.56 2.53587 3.46127 3 6 2994.51 6.87479 2.75324 2 8 7.22855 9.91782e-05 4.05349 6 
0.81514 7.26291e-05 -1 0.641268 0.249618 0.00622467 14.2454 163318 7 20497.1 2.26997 3.67363 3 6 11791.4 2.48603 4.09899 3 21 9.03599 7.62347e-05 1.74426 7 
0.821365 7.30563e-05 -1 0.642821 0.249388 0.00622467 14.3732 163006 7 10139.7 1.82037 3.42865 4 5 5846.29 8.13788 3.72627 3 18 10.33 5.70712e-05 1.95927 7 
0.82759 7.34453e-05 -1 0.644367 0.249137 0.00622467 14.4657 163096 5 8355.93 0.648407 6.63788 4 4 5668.42 5.52202 5.66032 3 13 9.16754 5.00728e-05 2.53992 7 
0.833814 7.38442e-05 -1 0.645914 0.248884 0.00622467 14.543 163355 5 6733.86 1.42466 5.43138 4 5 5155.48 3.6392 4.26828 3 9 9.44696 7.14489e-05 3.70709 7 
0.840039 7.43656e-05 -1 0.64746 0.248624 0.00622467 14.6124 163700 5 5607.94 0.715741 6.0091 4 5 4394.56 3.21417 4.23808 3 8 8.54862 6.85229e-05 4.33518 7 
0.846264 7.46127e-05 -1 0.649002 0.248413 0.00622467 14.682 164041 5 6833.58 1.34999 5.50635 4 5 4005.44 4.78602 3.8418 3 8 7.37805 3.50866e-05 4.62754 7 
0.852488 7.5005e-05 -1 0.650545 0.248109 0.00622467 14.7479 164419 5 13761.4 1.26619 6.41554 4 6 7866.82 8.46729 3.12375 2 7 10.2806 5.40557e-05 5.67764 7 
0.858713 7.54846e-05 -1 0.652086 0.247876 0.00622467 14.8086 164851 5 9565.89 2.18413 5.34921 3 6 5887.92 5.26984 3.22127 2 7 8.66723 6.16842e-05 5.43734 6 
0.864938 7.62209e-05 -1 0.653622 0.247501 0.00622467 14.8764 165202 6 6279.76 2.12666 3.78769 3 5 4787.89 8.22795 3.57249 2 8 10.6248 6.09952e-05 4.51989 6 
0.871162 7.69634e-05 -1 0.655159 0.247213 0.00622467 14.9474 165513 5 6037.13 1.29871 5.41332 3 5 5035.56 5.08597 3.97315 2 11 9.91786 5.87155e-05 2.98705 5 
0.877387 7.77038e-05 -1 0.656692 0.246891 0.00622467 15.0166 165841 6 6116.96 2.28606 3.72599 2 5 5023.33 4.71919 4.03111 2 10 9.25158 3.75426e-05 3.46074 5 
0.883612 7.83672e-05 -1 0.658225 0.246505 0.00622467 15.1673 165273 7 24880.5 2.27043 3.77666 2 5 14518 8.64052 4.41645 2 25 8.27042 9.41565e-05 1.57669 6 
0.889836 7.88208e-05 -1 0.659755 0.246166 0.00622467 15.3852 163998 7 13882.2 1.84008 3.58052 2 5 7828.85 4.25852 4.49664 2 36 12.5918 7.13631e-05 1.39875 7 
0.896061 7.95038e-05 -1 0.661283 0.245794 0.00622467 15.5245 163581 7 7245.44 2.17871 3.1851 2 4 4174.05 5.28216 5.30196 2 23 11.3051 7.04871e-05 1.68388 7 
0.902286 8.04429e-05 -1 0.662809 0.24543 0.00622467 15.6282 163545 8 6191.96 1.67381 2.79264 2 4 3990.57 4.77181 5.3776 2 15 9.17835 5.47178e-05 2.23002 7 
0.90851 8.12194e-05 -1 0.664331 0.24506 0.00622467 15.7233 163597 7 4867.15 1.98461 3.0495 2 4 3344.95 4.113 5.3402 2 14 8.74024 6.32052e-05 2.32915 7 
0.914735 8.19204e-05 -1 0.665851 0.24474 0.00622467 15.8204 163629 5 5013.32 1.80947 4.88107 2 4 3716.8 4.02343 5.51307 2 15 7.81441 6.01011e-05 2.19247 7 
0.92096 8.24136e-05 -1 0.667371 0.244313 0.00622467 15.9272 163560 7 20536.8 1.95881 3.75286 2 4 11937.9 5.37924 6.8636 2 16 8.82578 5.22001e-05 2.12205 7 
0.927184 8.31655e-05 -1 0.668887 0.243939 0.00622467 16.0397 163434 9 10147.4 2.0751 2.56994 2 5 5791.99 2.50363 4.70816 2 15 9.37151 7.00819e-05 2.19658 7 
0.933409 8.38604e-05 -1 0.670403 0.243522 0.00622467 16.1413 163421 7 8438.27 1.40217 3.46675 2 5 5486.9 5.04379 4.04869 2 15 9.0754 7.64678e-05 2.17918 7 
0.939634 8.46611e-05 -1 0.671914 0.24316 0.00622467 16.2376 163460 7 7120.13 2.07702 3.19894 2 5 5267.6 6.50033 3.81712 2 14 9.08959 6.31132e-05 2.33592 7 
0.945858 8.58052e-05 -1 0.673422 0.242763 0.00622467 16.3332 163507 7 5623.02 2.07436 3.09343 2 5 4312.22 6.37037 3.6822 2 13 9.10447 7.32462e-05 2.46537 7 
0.952083 8.69474e-05 -1 0.674928 0.242326 0.00622467 16.4197 163643 7 4980.02 2.07025 3.04109 2 5 3489.11 5.8031 3.59593 2 12 7.35335 6.84537e-05 2.62577 7 
0.958308 8.80207e-05 -1 0.676432 0.241994 0.00622467 16.5777 163072 9 14345.2 2.52871 2.6127 2 5 8424.6 7.54098 4.07028 2 24 9.59094 6.95552e-05 1.63737 7 
0.964532 8.89001e-05 -1 0.677934 0.241537 0.00622467 16.7076 162784 8 10528.4 2.3528 2.85988 2 5 6362.48 5.34421 4.12239 2 19 10.4972 6.16063e-05 1.88512 7 
0.970757 8.94341e-05 -1 0.679436 0.241185 0.00622467 16.7969 162895 6 6521.69 2.56529 3.69434 2 5 4846.95 4.60785 4.02155 2 13 10.5888 4.56127e-05 2.58673 7 
0.976982 9.01651e-05 -1 0.680932 0.240773 0.00622467 16.8774 163088 7 6177.94 0.891878 3.53711 2 5 5132.35 4.26502 4.13123 2 10 9.91123 6.80983e-05 3.28321 7 
0.983207 9.08492e-05 -1 0.682426 0.24039 0.00622467 16.9475 163381 6 6090.29 1.86535 3.85165 2 5 5027.22 3.74222 4.22318 2 9 9.31537 4.549e-05 3.89173 7 
0.989431 9.16646e-05 -1 0.683916 0.23996 0.00622467 17.0188 163659 7 23859.2 1.2249 4.10009 2 6 13947 3.63555 3.95657 2 8 8.35988 7.65526e-05 4.26364 7 
0.995656 9.24018e-05 -1 0.685406 0.239574 0.00622467 17.0988 163852 6 14393.1 1.67855 4.52415 2 6 8130.96 4.44702 3.49686 2 11 12.6222 7.51253e-05 2.9856 6 
1.00188 9.31827e-05 -1 0.686893 0.239131 0.00622467 17.1745 164083 7 7542.76 1.42276 3.40453 2 5 4357.3 4.23519 4.00377 2 11 11.1414 3.41435e-05 3.17131 6 
1.00811 9.37825e-05 -1 0.688379 0.238766 0.00622467 17.2473 164341 6 6354.01 1.69553 3.94116 3 4 4110.97 4.98995 5.3575 3 10 11.93 4.65533e-05 3.47431 6 
1.01433 9.45433e-05 -1 0.68986 0.23838 0.00622467 17.326 164540 5 5193.12 0.930485 5.61492 3 4 3576.91 4.55887 5.29252 3 11 9.92394 4.18561e-05 3.08056 6 
1.02055 9.52266e-05 -1 0.69134 0.237955 0.00622467 17.3987 164794 6 4169.03 0.602525 4.36526 3 4 3068.51 5.50143 4.85974 3 10 12.5089 4.23111e-05 3.52433 6 
1.02678 9.56811e-05 -1 0.692815 0.237599 0.00622467 17.528 164513 6 20767.1 2.07779 4.64119 2 4 12086.8 4.53298 7.18592 3 20 8.72331 9.82379e-05 1.76775 7 
1.033 9.63017e-05 -1 0.694289 0.237213 0.00622467 17.6531 164275 7 10431.8 2.37014 3.31522 2 4 5954.86 9.22852 5.04005 2 20 9.45118 9.83667e-05 1.77473 7 
1.03923 9.71069e-05 -1 0.695761 0.236755 0.00622467 17.7536 164268 7 8828 1.82204 3.36103 2 5 5764.2 4.40824 4.20044 2 14 8.79291 8.13841e-05 2.28845 7 
1.04545 9.7972e-05 -1 0.697231 0.236333 0.00622467 17.8303 164481 7 7121.85 2.12979 3.18761 2 5 5357.79 2.49016 4.64036 2 10 10.2951 5.07036e-05 3.39437 7 
1.05168 9.88333e-05 -1 0.698697 0.235952 0.00622467 17.9079 164683 7 6075.21 1.86625 3.1754 2 5 4744.06 2.13055 4.67231 2 9 12.4248 3.7718e-05 4.10282 7 
1.0579 9.96664e-05 -1 0.700162 0.235557 0.00622467 17.9733 164995 7 5227.82 2.03342 3.07013 2 4 3698.89 9.03813 4.49778 2 8 12.0375 6.09007e-05 4.59187 7 
1.06413 0.000100581 -1 0.701623 0.235121 0.00622467 18.0452 165245 8 13886.1 2.07072 3.00821 3 5 8008.52 3.79886 4.62147 2 8 13.0144 2.67306e-05 5.13957 7 
1.07035 0.00010106 -1 0.703084 0.234671 0.00622467 18.1194 165473 8 9827.53 2.34629 2.83634 2 5 5987.27 6.92854 3.8665 2 8 8.69017 9.2815e-05 4.18241 6 
1.07658 0.00010113 -1 0.704541 0.234265 0.00622467 18.1989 165651 10 5634.03 2.56529 2.15858 2 5 4167.59 8.25488 3.47244 3 9 10.6053 6.17969e-05 3.81608 6 
1.0828 0.000101378 -1 0.705996 0.233895 0.00622467 18.2818 165796 9 5168.52 2.06724 2.38535 2 6 4396.34 6.70523 2.94745 3 8 9.61752 7.41208e-05 4.35653 6 
1.08903 0.000101628 -1 0.707446 0.233524 0.00622467 18.3544 166033 7 6109.9 2.48814 3.05006 2 5 4998.03 7.99062 3.62446 3 11 10.5423 4.76365e-05 3.06132 5 
1.09525 0.000101934 -1 0.708896 0.233183 0.00622467 18.599 164730 10 25400.6 2.56235 2.50969 3 6 14872.5 9.47754 3.4089 2 53 12.8645 9.40899e-05 1.24998 5 
1.10148 0.000102352 -1 0.710344 0.232832 0.00622467 18.7521 164258 8 13269 2.55603 2.91346 4 7 7477.31 9.29662 2.60052 2 23 12.3332 9.34397e-05 1.66968 7 
1.1077 0.00010284 -1 0.71179 0.232448 0.00622467 18.8602 164186 7 7950.11 1.81354 3.31332 4 5 4687.95 8.62875 3.52377 2 15 14.4556 6.0235e-05 2.28391 7 
1.11392 0.000103129 -1 0.713234 0.23203 0.00622467 18.9459 164308 6 6856.23 1.99405 3.88501 3 6 4608.52 3.29365 3.34437 2 10 15.8964 4.61131e-05 3.57888 7 
1.12015 0.000103097 -1 0.714676 0.231652 0.00622467 19.0233 164501 6 5442.04 2.47181 3.60682 2 5 3859.2 5.73203 3.67822 3 9 11.1142 4.3634e-05 3.98724 7 
1.12637 0.000103472 -1 0.716111 0.231267 0.00622467 19.0962 164730 7 4318.93 2.485 2.90312 2 5 3205.45 5.44495 3.58079 3 8 7.30252 8.06077e-05 4.16521 7 
1.1326 0.000104159 -1 0.717548 0.230984 0.00622467 19.1813 164854 7 20724.9 1.81253 3.79965 2 6 12050.1 5.51672 3.60206 2 11 10.1217 3.98301e-05 3.10004 7 
1.13882 0.000105017 -1 0.718982 0.230624 0.00622467 19.2831 164833 6 11202.9 2.30935 4.1144 2 6 6476.75 4.26178 3.39074 2 14 12.6391 6.89836e-05 2.37644 7 
1.14505 0.000105766 -1 0.720415 0.230363 0.00622467 19.3903 164767 7 8559.34 2.37178 3.22252 2 5 5737.84 5.12593 4.07188 2 16 12.2983 7.1161e-05 2.12496 7 
1.15127 0.000106578 -1 0.721844 0.229878 0.00622467 19.5067 164624 6 7239.75 2.50488 3.77418 3 5 5636.61 4.65453 4.13646 2 17 9.74815 6.15461e-05 2.0224 7 
1.1575 0.000106463 -1 0.723273 0.229634 0.00622467 19.6229 164484 5 6171.9 1.21608 5.50924 3 5 4992.57 4.30134 4.10151 2 17 13.3442 6.76879e-05 2.0486 7 
1.16372 0.000106589 -1 0.724697 0.229256 0.00622467 19.7399 164338 6 7137.4 1.51485 4.09445 2 5 4210.18 3.16977 4.21361 2 17 17.8627 7.62608e-05 2.06948 7 
1.16995 0.000106871 -1 0.726121 0.228985 0.00622467 19.9408 163505 7 15011 1.65425 3.67622 2 5 8660.77 5.66698 4.33352 2 34 14.4142 7.21023e-05 1.43188 7 
1.17617 0.000107468 -1 0.727543 0.228662 0.00622467 20.1017 163011 7 8065.88 1.90356 3.29727 2 4 5024.14 8.91398 4.87245 2 26 9.08316 9.04589e-05 1.55731 7 
1.1824 0.000108279 -1 0.728963 0.228371 0.00622467 20.2119 162933 5 5990.67 1.70265 5.12 2 4 3551.28 3.70984 5.56234 2 17 11.6564 5.15586e-05 2.06517 7 
1.18862 0.000109245 -1 0.730379 0.228062 0.00622467 20.3127 162931 7 5001.58 1.70301 3.12905 2 4 3233.87 4.2678 5.24662 2 14 10.2531 4.96544e-05 2.39682 7 
1.19485 0.000110219 -1 0.731796 0.227787 0.00622467 20.4004 163033 6 5254.61 1.02139 4.15487 2 4 4200.47 6.81206 4.98316 2 13 8.37815 5.07938e-05 2.51961 7 
1.20107 0.000110967 -1 0.733208 0.227448 0.00622467 20.4868 163146 6 27031.1 1.69416 5.01747 2 4 15846.2 5.57069 7.30305 2 12 13.8169 5.39174e-05 2.82308 7 
1.20729 0.000111642 -1 0.734621 0.227186 0.00622467 20.5684 163295 7 9804.59 1.82007 3.41231 2 5 5439.32 3.26594 4.40867 2 11 13.5842 5.54907e-05 3.08953 7 
1.21352 0.000112401 -1 0.736031 0.226902 0.00622467 20.6431 163498 6 8628.92 2.24149 3.95886 2 5 5241.27 3.19387 4.39566 2 10 18.3997 5.8457e-05 3.54648 7 
1.21974 0.000113356 -1 0.737442 0.226642 0.00622467 20.7216 163669 6 7098.37 1.85169 3.95608 2 5 4994.99 4.57724 4.05122 2 10 17.9921 5.58025e-05 3.55503 7 
1.22597 0.000114277 -1 0.738847 0.22632 0.00622467 20.7963 163869 6 5922.97 1.35264 4.04476 2 5 4390.1 4.26832 4.00353 2 10 10.0731 3.32448e-05 3.533 7 
1.23219 0.000115 -1 0.740252 0.226066 0.00622467 20.8664 164104 6 4546.06 1.48387 3.81101 2 5 3484.88 2.15058 4.38456 2 9 9.58048 6.86314e-05 3.72951 7 
1.23842 0.000115782 -1 0.741654 0.225791 0.00622467 21.026 163637 9 20789.2 2.05279 2.78647 3 5 12087.3 4.78057 4.79258 2 24 8.82127 9.85878e-05 1.60813 7 
1.24464 0.000116264 -1 0.743057 0.225474 0.00622467 21.1603 163373 5 11336.5 2.02175 5.62018 3 5 6635.72 5.85387 4.08215 2 20 10.0679 6.707e-05 1.81477 7 
1.25087 0.00011641 -1 0.744456 0.225322 0.00622467 21.2648 163341 6 7902.35 1.29347 4.27563 2 5 5500.85 3.00953 4.49145 2 14 11.3872 4.59072e-05 2.42842 7 
1.25709 0.000116861 -1 0.745856 0.225044 0.00622467 21.3467 163482 6 6391.11 2.14857 3.79231 2 5 5188.63 3.19478 4.38654 2 10 14.3023 9.05061e-05 3.31034 7 
1.26332 0.000117573 -1 0.747253 0.224766 0.00622467 21.43 163611 6 6367.62 2.07892 3.81086 2 5 5266.77 3.77612 4.255 2 13 16.8513 4.84908e-05 2.66826 6 
1.26954 0.000118396 -1 0.748648 0.224529 0.00622467 21.5095 163768 7 11238.7 2.23885 3.37808 2 5 6625.8 6.31479 4.01954 2 11 20.2409 6.27075e-05 3.16818 6 
1.27577 0.000119218 -1 0.750041 0.224346 0.00622467 21.6062 163793 6 16206 1.82864 4.54909 2 6 9339.43 3.38098 3.74581 2 18 24.9469 6.81257e-05 2.03749 5 
1.28199 0.000120152 -1 0.751437 0.224112 0.00622467 21.705 163802 6 7303.09 1.73466 4.01836 2 5 4168.28 3.50115 4.12239 2 18 12.135 5.52332e-05 1.98047 5 
1.28822 0.000121041 -1 0.752828 0.223905 0.00622467 21.7909 163909 6 6510.17 1.19158 4.19674 3 5 4077.1 2.78123 4.29757 2 15 9.65252 7.26342e-05 2.19567 5 
1.29444 0.000121523 -1 0.754219 0.223804 0.00622467 21.8806 163985 5 5247.41 1.95383 4.85078 3 5 3517.65 1.56846 4.67903 3 15 8.95804 6.96129e-05 2.19096 5 
1.30066 0.00012207 -1 0.755605 0.223525 0.00622467 21.9789 163998 6 4228.17 1.322 3.83843 2 4 2971.6 4.18306 5.16266 3 18 11.2638 5.44115e-05 1.97394 5 
1.30689 0.000122719 -1 0.756994 0.223324 0.00622467 22.2166 162980 8 24684.5 2.45747 3.16404 2 4 14474.4 4.82098 7.4023 3 46 14.0472 9.92601e-05 1.29412 6 
1.31311 0.000123274 -1 0.758379 0.223113 0.00622467 22.3618 162655 8 10142.7 2.45026 2.83216 2 4 5791.2 8.29605 5.14013 2 23 17.4204 8.2582e-05 1.70406 7 
1.31934 0.00012382 -1 0.759766 0.222929 0.00622467 22.4658 162631 8 8831.61 1.78399 2.89622 3 4 5526.59 6.85221 5.32913 2 15 20.0236 7.40691e-05 2.30211 7 
1.32556 0.000124236 -1 0.761149 0.222798 0.00622467 22.5487 162760 6 7469.62 1.73333 4.034 3 5 5467.24 2.61469 4.61392 2 10 14.5116 7.04232e-05 3.39938 7 
1.33179 0.000124787 -1 0.762535 0.222669 0.00622467 22.6318 162886 5 6077.3 2.27021 4.84762 2 5 4711.86 2.47467 4.5283 2 13 22.8017 5.61462e-05 2.70044 6 
1.33801 0.000125457 -1 0.763915 0.222458 0.00622467 22.7445 162799 8 4932.65 2.49297 2.58253 2 4 3898.62 9.83666 4.46186 2 21 38.1658 7.20135e-05 1.8732 5 
1.34424 0.000126062 -1 0.765297 0.222302 0.00622467 22.8457 162795 9 17957 2.13692 2.72929 3 5 10395.3 6.20364 4.41406 2 18 17.2808 7.51999e-05 1.98542 5 
1.35046 0.000126457 -1 0.766676 0.222181 0.00622467 22.9335 162886 6 11238.5 1.48181 4.43254 3 6 6689.63 4.10746 3.43008 2 14 9.94938 5.52381e-05 2.37354 5 
1.35669 0.00012684 -1 0.768059 0.22207 0.00622467 23.0076 163074 5 6239.08 2.26471 4.87553 3 6 4565 7.01962 2.94344 2 12 12.5072 9.38847e-05 2.6733 5 
1.36291 0.000127375 -1 0.769435 0.221869 0.00622467 23.0975 163148 7 5309.04 1.30764 3.27721 4 7 4485.52 3.04729 2.83503 2 12 16.6288 4.78266e-05 2.89578 5 
1.36914 0.000127705 -1 0.770814 0.221848 0.00622467 23.1717 163333 5 6124.21 1.61808 5.19529 4 7 4907.68 5.34209 2.65039 2 11 18.9111 6.79227e-05 3.12588 5 
1.37536 0.000128285 -1 0.772188 0.221676 0.00622467 23.2576 163434 5 18914.1 0.717408 7.65956 4 6 11178.6 7.34864 3.39128 3 14 15.052 9.76145e-05 2.34735 5 
1.38159 0.000128895 -1 0.773567 0.221526 0.00622467 23.425 162966 7 15670.6 2.39775 3.50785 4 6 8971.81 4.80406 3.50923 3 25 20.6196 5.80133e-05 1.66736 7 
1.38781 0.000129318 -1 0.774942 0.221498 0.00622467 23.5404 162863 5 7856.4 1.07304 5.92819 4 6 4562.84 3.76632 3.26502 3 16 18.8613 5.31799e-05 2.22261 7 
1.39403 0.000129648 -1 0.776318 0.221314 0.00622467 23.638 162884 5 6776.82 1.35845 5.4903 4 4 4438.85 10.1125 4.57723 3 16 27.8852 9.47625e-05 2.19683 6 
1.40026 0.000129662 -1 0.777691 0.221316 0.00622467 23.8001 162463 5 5636.1 1.15909 5.46226 4 5 3930.54 3.46466 4.0828 3 29 48.2027 6.71105e-05 1.59199 6 
1.40648 0.00012938 -1 0.779067 0.221238 0.00622467 23.957 162082 6 4373.88 1.41561 3.8164 4 5 3181.06 0.667226 5.44076 4 25 41.4129 6.98824e-05 1.70181 7 
1.41271 0.000129131 -1 0.780439 0.221186 0.00622467 24.0884 161879 7 22649.5 2.23152 3.73552 3 5 13278.8 8.50918 4.35166 3 18 14.8597 7.42512e-05 1.97023 7 
1.41893 0.000128978 -1 0.781813 0.221127 0.00622467 24.2132 161721 6 10659.9 2.19474 4.11524 3 5 6114.06 9.69008 3.63078 3 19 13.8639 5.74988e-05 1.91988 7 
1.42516 0.000128951 -1 0.783184 0.221037 0.00622467 24.3486 161494 7 9043.32 1.75292 3.3913 2 6 5803.01 8.35118 2.97612 2 20 16.3036 5.68503e-05 1.87447 7 
1.43138 0.000128955 -1 0.784558 0.221044 0.00622467 24.4655 161393 6 7205.73 2.18546 3.85794 3 5 5455.52 9.22988 3.58367 2 18 12.8271 9.13594e-05 1.93181 7 
1.43761 0.000128898 -1 0.785929 0.220921 0.00622467 24.5925 161225 9 6996.91 1.79541 2.50594 2 5 5129.12 8.38462 3.60838 2 18 16.8505 5.83396e-05 2.0108 7 
1.44383 0.000128394 -1 0.7873 0.220932 0.00622467 24.7175 161073 8 5046.75 2.50541 2.58831 2 6 4073.93 6.92896 2.89439 2 17 22.0398 5.20171e-05 2.14291 7 
1.45006 0.000128068 -1 0.788669 0.220826 0.00622467 24.9238 160396 8 15629 2.15523 3.03777 2 5 9253.44 10.0471 3.91609 2 35 28.4251 7.9819e-05 1.44084 7 
1.45628 0.000127598 -1 0.790042 0.220777 0.00622467 25.0978 159937 6 10158.5 1.45822 4.3702 2 5 6119.64 5.67033 4.04225 2 28 29.8587 7.99575e-05 1.58128 7 
1.46251 0.00012776 -1 0.791413 0.220806 0.00622467 25.2191 159818 6 5902.59 2.41218 3.6709 2 5 3660.04 4.59089 3.80468 2 18 47.6266 5.97569e-05 2.12745 7 
1.46873 0.00012856 -1 0.792787 0.220772 0.00622467 25.3126 159875 6 4934.71 1.91445 3.70285 2 4 3551.24 6.42855 4.84804 2 13 44.8857 8.39394e-05 2.7582 7 
1.47496 0.000129384 -1 0.794154 0.220731 0.00622467 25.4004 159967 6 6265.59 0.83877 4.42133 2 4 6072.78 8.36434 5.19086 2 13 20.5982 3.49691e-05 2.7788 7 
1.48118 0.000129965 -1 0.795526 0.220717 0.00622467 25.4886 160057 6 21291.9 2.06187 4.66651 2 5 12605.8 5.05827 4.77874 2 12 13.5486 4.49024e-05 2.86177 7 
1.4874 0.000130774 -1 0.796894 0.220756 0.00622467 25.5723 160173 8 14838.5 2.46358 2.9681 2 5 8479.61 5.8887 4.28224 2 11 14.5578 7.63241e-05 3.02023 7 
1.49363 0.000131573 -1 0.798268 0.220672 0.00622467 25.6536 160305 7 8122.86 1.67679 3.36095 2 5 4779.82 5.52759 3.86701 2 11 19.1172 3.11683e-05 3.35858 7 
1.49985 0.000132262 -1 0.799637 0.220713 0.00622467 25.7339 160441 7 7120.98 2.1061 3.19265 2 5 4827.05 7.50165 3.64506 2 10 22.5941 5.90708e-05 3.61628 7 
1.50608 0.00013324 -1 0.801009 0.220761 0.00622467 25.8102 160601 7 8257.48 2.43056 3.19484 2 5 4156.77 7.71496 3.51791 2 10 28.9335 6.49694e-05 3.67172 7 
1.5123 0.000134289 -1 0.802377 0.220744 0.00622467 25.8962 160701 8 6576.12 1.86772 2.77544 2 5 3451.74 7.76539 3.38513 2 10 34.235 4.08383e-05 3.91147 7 
1.51853 0.000135267 -1 0.80375 0.220792 0.00622467 26.0332 160484 10 21000.5 2.38492 2.48014 2 5 12363.1 8.39536 4.30148 2 20 36.6194 6.63261e-05 1.93687 7 
1.52475 0.000135907 -1 0.805121 0.220803 0.00622467 26.1701 160271 8 11201.4 2.20037 2.90634 2 5 6496.12 6.65895 3.96141 2 21 30.5851 7.62091e-05 1.84856 7 
1.53098 0.000136262 -1 0.806495 0.220876 0.00622467 26.2764 160246 7 8681.59 2.32466 3.23832 2 5 5695.35 3.80728 4.315 2 15 15.5261 4.88761e-05 2.32701 7 
1.5372 0.000136895 -1 0.807864 0.220883 0.00622467 26.358 160371 7 7132.21 1.40191 3.38455 2 5 5524.65 4.25942 4.19364 2 11 15.5302 3.35216e-05 3.27399 7 
1.54343 0.000137537 -1 0.809239 0.220961 0.00622467 26.4338 160531 7 6255.36 1.28923 3.36171 2 5 5120.64 3.90838 4.20209 2 9 15.4405 6.18657e-05 3.97823 7 
1.54965 0.000138263 -1 0.810609 0.221003 0.00622467 26.5024 160734 7 5351.81 1.69161 3.16249 2 4 4376.59 9.8374 4.59266 2 8 17.9913 6.57051e-05 4.78281 7 
1.55588 0.000138617 -1 0.811984 0.221071 0.00622467 26.577 160899 9 14127.4 1.76026 2.71539 2 5 8405.49 10.092 3.83811 2 8 23.0316 3.29365e-05 5.3775 7 
1.5621 0.000138795 -1 0.813356 0.221139 0.00622467 26.6462 161097 7 9355.71 1.29692 3.55768 2 6 5709.97 7.76931 3.00406 2 8 28.2051 3.33786e-05 5.50627 7 
1.56833 0.00013914 -1 0.814731 0.221225 0.00622467 26.7203 161263 7 6041.8 2.25749 3.0878 2 6 4317.71 6.24236 2.97384 2 9 27.3735 3.48884e-05 4.51815 7 
1.57455 0.000139267 -1 0.816103 0.221285 0.00622467 26.7939 161431 7 5872.27 1.49324 3.26231 3 4 3596.1 10.2446 4.32847 3 9 26.2912 4.42413e-05 4.3808 7 
1.58077 0.000139441 -1 0.81748 0.221371 0.00622467 26.8688 161591 5 10342.5 2.19867 5.42616 3 4 3801.34 7.48777 4.74675 3 11 43.5257 9.79213e-05 3.26169 6 
1.587 0.000139766 -1 0.818854 0.221462 0.00622467 27.0364 161195 8 23108.6 2.06092 3.20785 2 4 13692.6 6.82307 6.69309 3 35 59.0844 7.45353e-05 1.47416 5 
1.59322 0.000139947 -1 0.820232 0.221569 0.00622467 27.2021 160816 8 13632.4 1.6685 3.0834 2 5 7764.13 4.15405 4.51153 2 28 74.5981 7.82346e-05 1.63511 7 
1.59945 0.000140165 -1 0.821607 0.221726 0.00622467 27.4038 160230 8 8445.45 1.86255 2.8646 2 5 5015.75 6.73315 3.75339 2 37 52.0967 9.44891e-05 1.42947 6 
1.60567 0.000140918 -1 0.822987 0.221813 0.00622467 27.5103 160205 8 8302.27 2.156 2.80668 2 5 7469.57 5.39273 4.2491 2 17 21.6826 8.04502e-05 2.08663 6 
1.6119 0.000141446 -1 0.824363 0.221926 0.00622467 27.6007 160274 7 7206.72 2.0949 3.20055 2 5 5448.77 3.23973 4.41731 2 14 22.7932 7.81503e-05 2.45668 6 
1.61812 0.000142104 -1 0.825744 0.222046 0.00622467 27.6882 160359 8 6919.78 2.17981 2.73974 2 5 7325.78 3.2659 4.67919 2 13 24.278 4.44208e-05 2.76284 6 
1.62435 0.000142764 -1 0.827121 0.222156 0.00622467 27.7705 160474 10 20442.1 2.38461 2.47349 2 5 12070.5 5.58322 4.64481 2 11 24.908 7.92735e-05 3.16043 6 
1.63057 0.000143265 -1 0.828503 0.222295 0.00622467 27.8476 160618 10 11194.9 2.23218 2.34439 2 5 6513 2.9648 4.65969 2 10 30.7216 4.35191e-05 3.84482 6 
1.6368 0.000144006 -1 0.829882 0.222419 0.00622467 27.9176 160802 6 8671.38 2.43775 3.90706 2 5 5763.32 4.15744 4.24981 2 10 38.7359 5.18783e-05 3.86645 6 
1.64302 0.00014483 -1 0.831266 0.222517 0.00622467 28.0091 160862 8 6715.37 2.19985 2.72637 2 5 5280.34 3.06783 4.43778 2 16 39.4308 5.843e-05 2.3138 5 
1.64925 0.000145541 -1 0.832646 0.222653 0.00622467 28.1493 160643 7 6453.36 2.05526 3.15907 3 5 6444.99 2.65507 4.75367 2 33 65.1215 9.93859e-05 1.50056 4 
1.65547 0.000146353 -1 0.834032 0.222826 0.00622467 28.2795 160482 8 10789.1 2.04864 2.9187 3 5 5134.32 5.37379 3.94494 2 29 87.3441 9.60062e-05 1.60502 4 
1.6617 0.000147295 -1 0.835414 0.222927 0.00622467 28.4477 160110 8 14169.7 2.04719 3.02013 3 6 8300.01 2.79176 3.79199 2 28 105.873 7.6423e-05 1.65707 7 
1.66792 0.000147673 -1 0.836802 0.223072 0.00622467 28.6668 159457 8 8774.78 2.29756 2.80379 3 6 5377.03 1.30274 4.0051 3 41 86.2237 7.88422e-05 1.40375 6 
1.67415 0.000148039 -1 0.838186 0.223214 0.00622467 28.8132 159216 7 8307.62 2.31018 3.22089 4 5 7174.2 7.73446 3.92165 2 26 49.6588 9.75902e-05 1.65762 6 
1.68037 0.000148379 -1 0.839575 0.223352 0.00622467 28.9115 159241 5 10911.2 0.925181 6.52123 4 6 9718.64 4.67342 3.57269 2 15 37.0446 5.0852e-05 2.45939 6 
1.68659 0.00014861 -1 0.840961 0.223532 0.00622467 29.0022 159308 5 10417.7 0.599772 7.04623 4 5 7747.38 4.56436 4.42543 3 13 42.0574 7.0059e-05 2.78286 6 
1.69282 0.00014911 -1 0.842353 0.223704 0.00622467 29.0831 159428 6 22575.3 1.63135 4.89983 3 5 13395.6 8.73182 4.33682 2 11 37.2033 3.75375e-05 3.50834 6 
1.69904 0.000149806 -1 0.843741 0.223903 0.00622467 29.1613 159563 5 13658.4 2.38761 5.6427 3 7 8389.92 3.129 3.08862 2 12 47.6339 6.32405e-05 3.08847 5 
1.70527 0.000150717 -1 0.845134 0.224012 0.00622467 29.2976 159380 9 8417.07 2.2096 2.49961 2 5 7706.18 6.53412 4.11463 2 30 60.2251 8.11403e-05 1.56922 4 
1.71149 0.000151537 -1 0.846524 0.224133 0.00622467 29.4198 159275 8 11678.7 2.24717 2.91387 2 5 7304.81 4.78439 4.33268 2 22 55.7717 9.07015e-05 1.83285 6 
1.71772 0.000151553 -1 0.847919 0.224314 0.00622467 29.6013 158852 7 5919.07 1.68723 3.20952 2 5 4494.47 4.27364 4.02139 2 34 67.4087 9.30873e-05 1.48713 6 
1.72394 0.000152127 -1 0.84931 0.22447 0.00622467 29.76 158555 7 9146.86 2.0121 3.33056 2 5 8064.54 4.46364 4.48103 2 28 62.5977 8.04364e-05 1.62329 7 
1.73017 0.000152638 -1 0.850708 0.224663 0.00622467 29.9223 158243 9 20478.9 2.3067 2.74601 2 5 12114.1 5.84399 4.60592 2 26 72.5997 9.94111e-05 1.68081 7 
1.73639 0.000153585 -1 0.852103 0.224799 0.00622467 30.1085 157808 9 19906.9 2.12162 2.76293 2 5 8080.28 4.51839 4.47186 2 30 65.25 9.42727e-05 1.56557 7 
1.74262 0.000153552 -1 0.853503 0.225003 0.00622467 30.2514 157604 6 8837.89 1.91116 4.08171 2 5 6395.88 9.40866 3.68531 2 23 74.9686 5.97251e-05 1.84146 7 
1.74884 0.000154209 -1 0.854899 0.22519 0.00622467 30.3959 157394 10 11072.1 1.97466 2.37068 2 4 6041.48 9.11663 5.07373 2 22 74.4315 9.57209e-05 1.85251 7 
1.75507 0.000154809 -1 0.856301 0.225359 0.00622467 30.5296 157241 6 8709.57 1.76047 4.12789 2 5 7308.38 6.57638 4.066 2 22 89.5557 8.1351e-05 1.88202 7 
1.76129 0.00015549 -1 0.857698 0.225561 0.00622467 30.6637 157088 6 9418.72 2.56926 3.92673 2 5 8995.37 6.31097 4.27351 2 21 89.6447 8.57895e-05 1.93474 7 
1.76752 0.00015652 -1 0.859103 0.225735 0.00622467 30.797 156940 7 14262.1 2.57098 3.42665 2 4 8514.93 8.39299 5.64373 2 21 108.95 7.57587e-05 1.96439 7 
1.77356 0.000157399 -1 0.860464 0.225903 0.00604159 30.9191 156850 7 9688.48 2.39681 3.27515 2 5 9016.69 9.99962 3.89953 2 19 121.262 6.70599e-05 2.13466 7 
1.77963 0.000158165 -1 0.861836 0.226092 0.0060715 31.0361 156786 7 12973.8 1.8684 3.53834 2 5 11955.7 8.0558 4.30818 2 18 131.912 9.0741e-05 2.19968 7 
1.7857 0.000158908 -1 0.863204 0.226239 0.0060715 31.1578 156700 7 8786.52 1.73549 3.3822 2 6 7104.2 6.42163 3.21597 2 18 140.019 4.51512e-05 2.29425 7 
1.7918 0.000159574 -1 0.864584 0.226351 0.00610201 31.2733 156645 7 18405.6 2.19322 3.6354 2 5 9274.76 10.1683 3.90851 2 17 170.246 6.17939e-05 2.39239 7 
1.7979 0.000160317 -1 0.86596 0.226553 0.00610201 31.3821 156624 8 12276.2 2.29449 2.92447 2 5 9403.57 7.15242 4.20502 2 16 213.113 8.16611e-05 2.51789 7 
1.80401 0.000161095 -1 0.867343 0.226673 0.00610201 31.5272 156423 9 15476.7 2.60986 2.6256 2 5 8960.62 7.33974 4.14316 2 23 183.473 6.85049e-05 1.90314 7 
1.81014 0.000161627 -1 0.86873 0.226822 0.0061333 31.6435 156366 7 12447.5 2.34652 3.40482 2 5 11971.2 4.81656 4.77617 2 18 153.018 5.30274e-05 2.28509 7 
1.81627 0.000162107 -1 0.870124 0.226963 0.0061333 31.7451 156381 7 22792.3 2.53021 3.67238 2 5 20276.4 9.0623 4.67682 2 15 176.632 3.91643e-05 2.77723 7 
1.82241 0.000162716 -1 0.871512 0.227114 0.0061333 31.849 156386 10 22843.4 2.26874 2.51361 2 6 17491.3 8.30216 3.58046 2 14 184.838 7.80723e-05 2.85303 7 
1.82854 0.000163253 -1 0.872905 0.227251 0.0061333 31.9501 156404 6 14410.9 2.27153 4.30258 2 6 13182.1 7.42743 3.47956 2 14 197.813 5.08904e-05 2.95588 7 
1.83467 0.000163985 -1 0.874293 0.227388 0.0061333 32.0418 156467 6 25570.8 2.07188 4.80725 2 6 15124.5 6.63231 3.62802 2 13 207.205 7.95179e-05 3.11554 7 
1.84065 0.000164669 -1 0.875653 0.22755 0.00597604 32.1439 156480 8 14821.3 2.11575 3.02467 2 6 10582.5 5.57301 3.51898 2 13 226.885 3.69135e-05 3.32814 7 
1.84622 0.000164839 -1 0.876918 0.227758 0.00557381 32.2489 156479 7 13072.4 0.986151 3.88075 2 6 13422.4 6.81906 3.54012 2 17 211.145 9.64558e-05 2.36024 6 
1.85156 0.000165038 -1 0.878137 0.227914 0.00534156 32.3488 156502 6 14144.8 3.20655 4.04973 2 5 15049.5 5.7975 4.81788 2 16 163.672 6.29697e-05 2.51726 6 
1.85688 0.000165252 -1 0.879346 0.228016 0.00531683 32.4482 156528 8 14530.6 2.12807 3.015 2 5 10298.4 8.92713 4.09648 2 15 109.638 7.2857e-05 2.58126 6 
1.86065 0.000165576 -1 0.880208 0.228199 0.00377267 32.524 156666 8 10200.8 4.96451 2.59474 2 6 18902 21.7436 3.08932 2 10 65.8992 2.39348e-05 4.4054 6 
1.86461 0.000165551 -1 0.881109 0.228331 0.00395607 32.6012 156798 6 11744.9 5.6412 3.57338 2 7 16401.6 23.039 2.55558 2 10 65.1879 5.4038e-05 4.05646 6 
1.86874 0.000165813 -1 0.882051 0.228351 0.00412869 32.6708 156965 5 11603.1 4.98527 4.71386 2 4 13532.6 18.5405 5.19775 2 11 84.1881 3.31944e-05 3.82119 6 
1.87301 0.000165946 -1 0.883023 0.228422 0.00426891 32.7893 156898 6 10844.7 3.06226 3.90418 2 5 12060.9 4.56168 4.83561 2 21 105.025 7.58668e-05 1.96083 6 
1.87741 0.000166109 -1 0.884029 0.228516 0.00440232 32.9051 156844 6 11091.9 3.77198 3.78506 2 4 9809.77 20.5085 4.67661 2 20 130.937 5.97177e-05 2.07514 6 
1.88192 0.00016645 -1 0.885057 0.228584 0.0045084 32.9992 156893 6 9268.87 4.16824 3.61281 2 4 12502.5 14.5641 5.41288 2 16 156.149 8.55288e-05 2.46229 6 
1.88652 0.000166856 -1 0.88611 0.228678 0.00460116 33.0828 156992 6 8465.1 2.47906 3.88053 2 4 8486.94 16.2869 4.7778 2 12 184.574 7.55542e-05 3.40664 6 
1.89122 0.000167172 -1 0.887182 0.228747 0.00469823 33.1613 157114 6 8116.21 4.34634 3.50917 2 5 11620.5 7.63457 4.33 2 12 213.872 4.10293e-05 3.62873 6 
1.89598 0.000167563 -1 0.888271 0.228804 0.00475873 33.2455 157209 9 20922.8 3.35038 2.64074 2 5 7619.6 8.72084 3.87503 2 12 243.283 3.67556e-05 3.70168 6 
1.9008 0.000167554 -1 0.889372 0.228901 0.00482107 33.3286 157309 9 23732.3 3.42501 2.67142 3 5 10367.2 10.7629 3.95136 2 11 272.214 8.40552e-05 3.90706 6 
1.90566 0.000167411 -1 0.890486 0.228931 0.00486373 33.4067 157431 6 34780.2 3.35437 4.66968 2 5 31825.6 9.1778 5.10514 2 11 299.605 7.33828e-05 3.99021 6 
1.90854 0.000167593 -1 0.891145 0.229137 0.00287984 33.4731 157609 8 26374.3 11.9432 2.61823 2 6 28205.7 46.1244 2.91341 2 9 106.786 3.68935e-05 5.22338 5 
1.91148 0.00016741 -1 0.89182 0.229255 0.00294194 33.5759 157614 6 12174 10.6224 3.23496 2 7 44817 43.4381 2.6947 2 21 112.664 8.9589e-05 1.95188 4 
1.91449 0.00016765 -1 0.892508 0.229256 0.00300696 33.6837 157596 7 11691.7 8.54718 2.80548 2 4 14736.2 34.778 4.53702 2 25 121.602 8.11404e-05 1.76615 4 
1.91756 0.00016784 -1 0.893213 0.229251 0.0030751 33.7983 157546 5 19071 5.84268 5.04373 2 4 19039.6 41.6805 4.62308 2 27 122.332 7.65746e-05 1.6973 4 
1.92072 0.000168062 -1 0.893936 0.229217 0.00315579 33.9106 157508 5 18787.8 4.2362 5.36266 2 4 17670.7 25.6524 5.12308 2 27 117.066 8.17106e-05 1.69046 4 
1.92398 0.000168313 -1 0.894683 0.229206 0.00326066 34.0303 157435 6 15145.2 5.02373 3.8008 2 4 15962.2 34.7351 4.63 2 28 111.164 6.46874e-05 1.66987 4 
1.92734 0.000168526 -1 0.895453 0.229238 0.00336256 34.1497 157364 5 11619.7 6.57369 4.46146 2 5 13957.9 6.95363 4.57638 2 28 105.232 7.86699e-05 1.655 4 
1.93083 0.00016875 -1 0.896251 0.229219 0.00348265 34.2745 157270 6 10373.6 5.18042 3.55026 2 5 12023.2 9.03835 4.21489 2 29 104.427 8.42844e-05 1.6222 4 
1.93443 0.00016901 -1 0.897075 0.229223 0.00359991 34.4059 157145 6 10519.8 6.16492 3.45685 2 5 13899.9 13.8968 3.98125 2 31 124.808 8.1666e-05 1.58303 4 
1.93815 0.000169238 -1 0.897928 0.229268 0.00372578 34.5154 157121 7 8038.67 2.5873 3.15432 2 5 9555.42 20.3835 3.42132 2 24 148.79 5.80538e-05 1.8494 5 
1.94199 0.000169459 -1 0.898805 0.229284 0.00383339 34.6515 156977 7 12403.4 3.16215 3.26111 2 6 9047.64 10.6882 3.07566 2 28 174.002 8.37038e-05 1.68126 5 
1.94593 0.000169716 -1 0.899711 0.229295 0.00394782 34.8773 156430 7 8403.29 2.95461 3.11474 2 6 12630.6 8.9225 3.35086 2 52 204.427 9.0079e-05 1.32504 5 
1.94999 0.000169986 -1 0.90064 0.229322 0.0040541 35.0646 156062 7 5286.53 3.37481 2.86034 2 6 6159.04 5.10499 3.26277 2 41 236.528 9.42072e-05 1.43249 5 
1.95414 0.000170279 -1 0.901594 0.229334 0.00415025 35.2178 155848 12 22549.2 4.07975 2.05057 2 5 9952.15 20.4241 3.4479 2 30 271.091 8.0386e-05 1.65043 5 
1.95837 0.000170564 -1 0.902564 0.229248 0.00423426 35.3332 155803 8 44392.7 4.68444 3.1411 3 6 40893.8 14.962 3.73919 3 21 250.181 9.95011e-05 2.01735 5 
1.96028 0.000170705 -1 0.903 0.229323 0.00190426 35.3887 156022 5 14196.4 27.4239 3.48987 3 6 65392.2 60.3863 3.20453 2 8 47.0833 6.3282e-05 5.41936 4 
1.96238 0.000170469 -1 0.903482 0.229493 0.00210045 35.451 156210 5 9611.03 13.9876 3.69322 3 7 67134.4 64.9114 2.69563 2 10 58.0733 8.50633e-05 3.83198 4 
1.96466 0.000170591 -1 0.904006 0.229448 0.00228551 35.5131 156398 5 15477.7 13.522 4.0901 2 4 19444.1 39.3201 4.71567 2 11 68.7082 7.72055e-05 3.47417 4 
1.96712 0.000170728 -1 0.904567 0.22931 0.00245341 35.5796 156566 5 18683.2 3.83987 5.46294 3 5 17555.7 16.061 4.05256 2 13 73.5349 5.32286e-05 2.96712 4 
1.96974 0.000170728 -1 0.905168 0.229148 0.00262154 35.6474 156728 4 18747.1 11.3517 6.37483 2 5 18551.4 18.9452 3.96438 2 14 77.3422 8.84361e-05 2.65713 4 
1.97252 0.000170579 -1 0.905805 0.229133 0.0027845 35.7277 156834 5 16492.3 5.4974 4.95935 3 5 16346.6 21.5885 3.76566 2 16 79.0778 5.90486e-05 2.41506 4 
1.97547 0.000170513 -1 0.906479 0.229006 0.00294407 35.8062 156948 4 12911.3 8.76187 6.19574 3 5 12602.3 13.0732 3.95197 3 17 86.1612 7.23135e-05 2.27728 4 
1.97856 0.000170497 -1 0.907187 0.229049 0.00309527 35.8949 157017 5 14163.1 7.14174 4.56532 3 5 17226 15.3225 4.07541 2 18 100.516 8.25911e-05 2.17807 4 
1.9818 0.000170534 -1 0.90793 0.228945 0.00324267 35.9837 157084 4 9321.03 7.83017 5.87385 3 5 14596.4 25.3301 3.56551 2 20 123.327 6.41324e-05 2.06157 4 
1.98517 0.000170551 -1 0.908701 0.228908 0.00337151 36.0799 157120 5 9899.43 7.5361 4.20429 2 5 10040.3 13.0569 3.77729 2 21 147.896 9.19977e-05 1.97484 4 
1.98867 0.000170494 -1 0.909502 0.228809 0.0034994 36.1835 157123 6 12568.3 2.97831 4.01993 2 5 15561.5 8.51083 4.49175 2 24 175.76 9.11609e-05 1.82759 4 
1.99227 0.000170516 -1 0.910325 0.228657 0.00359902 36.3083 157034 7 11395.4 4.09204 3.10537 2 5 11797 6.77092 4.44862 2 29 203.555 9.2669e-05 1.65455 4 
1.99598 0.000170377 -1 0.911173 0.22865 0.00370488 36.4601 156829 7 29124.7 6.54633 3.32032 2 5 10063.6 6.33574 4.36709 2 38 235.931 9.59051e-05 1.47293 4 
1.99978 0.000170804 -1 0.912041 0.228565 0.00380311 36.5604 156847 6 13231.1 3.34004 3.97778 2 5 14684.9 9.43564 4.34931 2 21 271.875 5.33431e-05 2.08639 5 
2.00366 0.000171096 -1 0.912928 0.228477 0.00387682 36.6399 156954 5 8220.02 5.53881 4.30815 2 4 10812.3 26.3702 4.49989 2 14 307.219 7.517e-05 2.96649 5 
2.00761 0.000171185 -1 0.91383 0.228275 0.00395374 36.7207 157055 7 54725.1 5.20937 3.75393 2 5 52882.5 13.5172 5.2298 2 14 287.251 7.0753e-05 2.96508 5 
2.00948 0.00017141 -1 0.914257 0.228213 0.00187243 36.7763 157263 5 30972.3 22.7533 4.23434 2 4 67098.4 108.775 4.98363 2 9 58.0274 4.89402e-05 4.73026 4 
2.0115 0.000171244 -1 0.914717 0.228376 0.00201734 36.8539 157377 5 13690.5 24.0495 3.55682 2 4 83620.4 91.2369 5.50219 2 17 68.9485 6.29864e-05 2.26596 4 
2.01366 0.000171328 -1 0.91521 0.228199 0.00216302 36.9342 157478 5 16022.6 16.1199 3.97625 2 4 22754.3 60.7772 4.39877 2 16 78.5227 5.3343e-05 2.42938 5 
2.01597 0.000171486 -1 0.915737 0.228115 0.00230992 37.0155 157575 4 20143.4 8.91294 6.8949 2 4 22743.1 37.8035 4.95255 2 15 82.4022 5.04548e-05 2.59539 5 
2.01843 0.000171603 -1 0.916296 0.227822 0.00245393 37.0991 157661 4 21970.5 12.7233 6.44629 2 4 23907.7 17.8273 6.0515 2 16 84.582 7.56795e-05 2.38791 5 
2.02103 0.000171695 -1 0.916889 0.227811 0.00260364 37.1845 157740 4 18105.2 8.30954 6.83214 2 4 20083.1 9.96703 6.69987 2 17 85.5746 9.26295e-05 2.24346 5 
2.02378 0.000171814 -1 0.917515 0.227585 0.00274991 37.2719 157809 4 17750.7 9.05102 6.65472 2 4 23032.6 9.25164 7.06368 2 17 88.4187 9.1747e-05 2.24904 5 
2.02668 0.000172019 -1 0.918174 0.227571 0.00289679 37.3546 157899 4 12984.8 9.69556 6.04945 2 3 19427.3 46.8161 7.45886 2 17 102.443 6.39225e-05 2.31734 5 
2.02972 0.000172311 -1 0.918865 0.227283 0.00304163 37.4374 157987 5 18951.7 9.45524 4.57504 2 4 10535 9.28106 5.80443 2 15 126.897 8.44386e-05 2.58104 5 
2.0329 0.000172363 -1 0.919587 0.227137 0.00318125 37.5163 158091 5 18313.4 4.59295 5.24971 2 4 21913.8 13.4116 6.35783 2 15 154.712 5.44302e-05 2.69306 5 
2.0362 0.000172468 -1 0.920337 0.226902 0.00330068 37.5877 158227 5 14256 3.63259 5.23306 2 4 17757.8 11.1663 6.31495 2 13 184.41 6.5643e-05 3.13362 5 
2.03962 0.000172692 -1 0.921111 0.226653 0.00341772 37.6606 158356 4 13650.6 8.53178 6.32453 2 4 14404.1 12.3385 5.84529 2 14 217.353 5.48952e-05 2.95978 5 
2.04314 0.000172962 -1 0.921908 0.226542 0.00351788 37.728 158507 5 17139.6 6.60785 4.81713 2 4 18804.7 16.2359 5.83374 2 12 254.869 7.15344e-05 3.51547 5 
2.04675 0.000173269 -1 0.922724 0.226332 0.0036108 37.795 158660 5 16151.6 3.72558 5.33832 2 4 16266.3 18.7558 5.42674 2 12 294.681 8.89303e-05 3.49429 5 
2.05043 0.000173542 -1 0.923558 0.226135 0.00368051 37.864 158803 5 9544.4 3.15868 4.96648 2 5 13579.2 6.52094 4.61012 2 12 333.899 5.87151e-05 3.65515 5 
2.05418 0.000173858 -1 0.924406 0.225922 0.00375324 37.9351 158938 5 17858.7 4.69234 5.20106 2 4 18785 19.6885 5.55776 2 13 375.89 4.00271e-05 3.43844 5 
2.058 0.000174218 -1 0.925269 0.225702 0.00381378 38.0104 159054 5 13830.6 3.8795 5.13349 2 4 18652.3 16.3132 5.81498 2 13 418.355 5.73955e-05 3.37208 5 
2.06186 0.000174638 -1 0.926139 0.225292 0.00386067 38.0958 159127 9 85647 6.02834 2.89328 2 6 83492.5 21.7088 3.95824 2 13 343.483 4.41957e-05 3.38876 5 
2.06288 0.000174814 -1 0.926369 0.225227 0.00102194 38.1408 159369 5 22786.3 20.6409 4.06059 2 5 239495 139.573 4.43505 2 7 31.057 7.0134e-05 6.40626 3 
2.0641 0.000174803 -1 0.926644 0.225465 0.00121704 38.1989 159556 4 22392.2 58.682 4.41975 2 5 163475 53.4218 4.97905 2 12 34.8906 4.13469e-05 3.11785 3 
2.06561 0.000174823 -1 0.926985 0.225192 0.00151686 38.2645 159710 4 18127 33.4742 4.82396 2 4 28875 81.3102 4.34105 2 17 48.3996 8.05092e-05 2.18746 3 
2.06743 0.000174944 -1 0.927394 0.224857 0.00182142 38.351 159777 5 17778.8 11.2532 4.3624 2 4 21940.4 86.6541 3.989 2 23 65.6043 4.92248e-05 1.84626 4 
2.06952 0.00017499 -1 0.927862 0.224541 0.00208162 38.4091 159962 5 22934.3 8.78464 4.82339 2 4 27218 58.24 4.64953 2 10 82.2844 6.12117e-05 4.10061 4 
2.07184 0.000175019 -1 0.928384 0.224256 0.00232621 38.4704 160133 5 21048.9 11.0314 4.53022 2 4 30298 56.712 4.80767 2 12 100.117 4.25621e-05 3.39592 4 
2.07436 0.000175073 -1 0.928949 0.223964 0.00252217 38.5344 160292 5 18237 10.3502 4.45862 2 4 21157.4 42.2124 4.73157 2 13 114.712 6.36961e-05 3.02825 4 
2.07706 0.000175173 -1 0.929552 0.223681 0.00269865 38.6091 160407 5 24858 3.4583 5.90637 2 4 27112.9 32.2861 5.3832 2 15 129.404 6.42461e-05 2.63192 4 
2.07994 0.000175263 -1 0.930195 0.223397 0.00287519 38.6861 160511 5 21940.4 5.22635 5.30407 2 4 31714.4 21.524 6.1956 2 17 144.712 8.14386e-05 2.33146 4 
2.08294 0.000175327 -1 0.930865 0.223115 0.00300674 38.792 160495 5 14009.7 6.02151 4.71351 2 4 16753.3 32.5765 4.7621 2 22 160.038 6.32931e-05 1.95452 5 
2.08606 0.000175322 -1 0.931561 0.222862 0.00311924 38.9089 160434 5 19495.6 9.87656 4.56106 2 4 19504.2 32.4665 4.95077 2 25 183.299 9.20771e-05 1.78632 5 
2.0893 0.000175312 -1 0.932282 0.222595 0.00324091 39.0302 160355 5 22920.1 3.22639 5.89251 2 4 29817.6 11.2841 7.16971 2 25 210.647 9.45921e-05 1.79435 5 
2.09263 0.000175319 -1 0.933023 0.222245 0.00332371 39.1443 160306 6 23354.7 7.16035 3.851 2 4 16372 18.1299 5.48184 2 23 239.65 7.51742e-05 1.91761 5 
2.09603 0.000175157 -1 0.933778 0.222025 0.0033984 39.2395 160335 5 11938.5 4.33031 4.87625 2 4 12388 17.5208 5.15658 2 18 272.29 9.25901e-05 2.28749 5 
2.09952 0.00017515 -1 0.934554 0.221763 0.00349024 39.3149 160444 5 23700.5 6.63344 5.13575 2 4 28900.2 16.1118 6.50787 2 14 310.642 9.72362e-05 2.91476 5 
2.10306 0.000175305 -1 0.935339 0.221499 0.00354521 39.3924 160544 6 15112.9 1.38854 4.70758 2 4 21594 17.8965 5.89374 2 13 343.56 9.34925e-05 3.19902 5 
2.10665 0.000175441 -1 0.936135 0.221272 0.00358775 39.4603 160683 5 10732.8 6.60771 4.38665 2 4 10390.9 15.8362 5.06116 2 12 377.126 5.94909e-05 3.68839 5 
2.11028 0.000175597 -1 0.936936 0.220925 0.0036315 39.5278 160824 5 23513.7 4.23236 5.60981 2 4 24429.3 10.9883 6.86665 2 12 419.323 8.1035e-05 3.62652 5 
2.11397 0.000175713 -1 0.937752 0.220638 0.00369178 39.5992 160947 5 21102.4 2.70009 6.00607 2 4 28020.6 22.0269 5.97215 2 12 467.065 3.18895e-05 3.95498 5 
2.11767 0.000175751 -1 0.938564 0.220076 0.00369178 39.6802 161031 10 90380.4 5.73948 2.62857 2 6 88291.9 16.9677 4.16278 2 12 351.532 3.79845e-05 3.80653 5 
2.11876 0.000175878 -1 0.938805 0.219784 0.00109471 39.7296 161244 5 22904.5 66.5164 3.21661 2 5 256643 264.892 3.95596 2 9 59.6107 2.8646e-05 5.03534 3 
2.12013 0.00017582 -1 0.939106 0.219924 0.00137265 39.7949 161391 5 19518.8 43.2904 3.39479 2 5 200193 144.239 4.25083 2 14 67.2575 9.62884e-05 2.61481 3 
2.12182 0.000175805 -1 0.939477 0.219606 0.00168557 39.8818 161450 5 24644.2 17.4329 4.26647 2 4 25396 123.567 3.78631 2 24 93.3799 8.81236e-05 1.78258 3 
2.12379 0.00017586 -1 0.939908 0.219187 0.00196902 39.9759 161480 5 21395.7 8.01128 4.84535 2 4 27871.5 88.8975 4.20792 2 24 122.522 3.87402e-05 1.86567 4 
2.12602 0.00017586 -1 0.940398 0.21878 0.00223524 40.0334 161657 5 31472.4 12.8083 4.76527 2 4 32696.5 48.1437 5.10494 2 11 153.381 6.62151e-05 3.78983 4 
2.12848 0.000175789 -1 0.940934 0.218338 0.00245499 40.1009 161794 5 33750.2 16.0707 4.61794 2 4 46069.7 51.7507 5.46229 2 13 180.223 5.0478e-05 3.19194 4 
2.13111 0.000175752 -1 0.94151 0.217972 0.002633 40.1773 161894 5 21402 13.2289 4.38315 2 4 26787.5 47.6061 4.87043 2 14 202.606 6.78198e-05 2.90082 4 
2.1339 0.000175733 -1 0.942116 0.217675 0.0027849 40.2479 162017 5 33242.6 2.53883 6.65905 2 4 34199 44.1701 5.27498 2 15 221.881 7.57307e-05 2.6985 4 
2.13683 0.000175765 -1 0.942756 0.2173 0.00293595 40.3256 162111 6 32403.2 2.88345 4.73274 2 5 44707.7 22.7908 4.55538 2 16 242.676 8.96831e-05 2.5236 4 
2.13991 0.000175795 -1 0.943424 0.216948 0.00308275 40.4125 162168 5 21797.7 4.56673 5.44203 2 5 26185 21.8011 4.12967 2 18 272.21 6.19963e-05 2.339 4 
2.14311 0.000175753 -1 0.944118 0.21663 0.00319735 40.5119 162174 12 28674.7 7.19208 1.99551 2 5 21877.3 18.4527 4.11895 2 19 297.353 8.29633e-05 2.21293 4 
2.14641 0.00017558 -1 0.944831 0.216308 0.00329573 40.613 162174 7 33987.1 6.68381 3.38431 3 5 41619.6 15.0307 4.88049 2 21 319.584 7.45491e-05 2.06927 4 
2.14977 0.000175505 -1 0.945558 0.215979 0.0033606 40.7133 162177 5 20337.7 4.24029 5.4473 2 5 16081.8 13.2273 4.13973 2 23 344.117 7.43861e-05 1.94891 4 
2.1532 0.000175341 -1 0.946298 0.215677 0.00342836 40.8317 162108 6 18173.4 7.67953 3.65048 2 5 20214.7 15.8151 4.18138 2 27 372.091 9.22143e-05 1.75655 4 
2.1567 0.000175195 -1 0.947054 0.215416 0.00349919 41.0712 161561 8 34706.6 4.87337 3.03091 3 5 41482.3 18.9552 4.65615 2 54 401.226 7.95259e-05 1.33084 5 
2.16025 0.000175164 -1 0.947819 0.215122 0.00355825 41.2487 161264 6 22939.5 7.59624 3.80187 4 5 28239.9 20.3324 4.25143 2 37 427.096 8.81567e-05 1.51594 5 
2.16384 0.000175064 -1 0.948592 0.214852 0.00358866 41.3953 161088 6 11795 4.86029 3.66583 4 5 12331.2 9.99121 4.15219 2 29 460.903 8.5838e-05 1.70634 5 
2.16745 0.000175008 -1 0.949365 0.214585 0.00360413 41.5043 161060 6 31934 6.43747 4.12974 3 5 33628.9 10.3353 5.04055 2 21 489.603 6.62358e-05 2.12365 5 
2.1711 0.000175114 -1 0.950148 0.214224 0.00365155 41.5895 161124 5 31877.8 5.34922 5.68905 2 5 40976.5 8.89634 5.40337 2 15 526.221 7.61029e-05 2.85749 5 
2.17477 0.000175083 -1 0.950933 0.213868 0.00366771 41.6662 161220 5 21227.7 7.26192 4.93367 2 5 26323.8 22.5726 4.10538 2 14 552.274 8.10487e-05 3.07681 5 
2.17845 0.000174899 -1 0.951721 0.213715 0.00368408 41.7419 161321 8 10368.3 5.0708 2.59316 3 5 10884.5 15.8834 3.69125 2 12 577.073 7.01967e-05 3.76915 5 
2.18213 0.000174907 -1 0.952507 0.213432 0.00368408 41.8201 161411 7 31379.8 4.02243 3.59768 3 5 32911.3 7.81619 5.30726 2 12 594.81 9.25193e-05 3.69271 5 
2.18587 0.00017492 -1 0.953303 0.213134 0.00373455 41.8949 161514 7 29583.2 5.30685 3.42904 3 5 38991.6 15.8368 4.76717 2 12 626.592 5.31547e-05 3.88407 5 
2.1896 0.000174896 -1 0.954097 0.212796 0.00373455 41.967 161626 6 24494.8 3.89193 4.29686 2 5 26508.2 14.2743 4.50573 2 12 617.615 5.94272e-05 3.84351 5 
2.19335 0.000174989 -1 0.954896 0.211421 0.00375184 42.0821 161574 16 99866.8 5.69424 1.84183 3 12 106290 26.9966 1.99342 3 12 448.569 7.81406e-05 3.65802 5 
2.19524 0.000175087 -1 0.955296 0.210709 0.0018891 42.1519 161695 8 23971.8 26.578 2.34098 3 8 107739 84.1394 2.4458 2 9 191.626 4.65719e-05 5.43157 4 
2.19742 0.000175268 -1 0.955754 0.209882 0.00217502 42.2303 161783 5 37168.9 14.802 4.78599 2 12 74402.2 60.3518 1.80957 2 11 222.367 7.04631e-05 3.89788 4 
2.19986 0.000175243 -1 0.956266 0.208973 0.00243946 42.3339 161774 11 39906.9 11.4068 2.09977 3 8 29543.5 60.7083 2.16721 2 19 299.184 6.13598e-05 2.24907 4 
2.20253 0.000175111 -1 0.956826 0.208287 0.00267606 42.457 161691 12 45250.7 11.6267 1.9915 3 11 60171.3 40.3251 1.94325 3 20 357.678 7.41178e-05 2.15863 4 
2.2054 0.000174978 -1 0.957424 0.207851 0.00286858 42.5886 161576 12 24334.7 10.7722 1.90324 3 10 24678.8 27.191 1.97601 4 22 396.154 6.86715e-05 2.02919 4 
2.20844 0.000174834 -1 0.958054 0.207672 0.00303281 42.7105 161498 11 45582.6 9.9458 2.15195 4 10 61863.7 33.0874 2.12411 3 20 448.219 6.50675e-05 2.19739 4 
2.21163 0.000174746 -1 0.958716 0.207683 0.00319179 42.8488 161359 11 41839.6 7.91879 2.17996 4 10 46740.6 28.9578 2.09311 3 24 490.101 5.30604e-05 1.95088 4 
2.21497 0.00017469 -1 0.959409 0.207842 0.00334056 42.976 161263 11 25224.2 8.36695 2.07155 3 10 32567.9 21.3596 2.08123 3 21 536.369 8.21387e-05 2.11115 4 
2.21847 0.000174636 -1 0.960136 0.20807 0.00350461 43.0964 161192 8 47347.7 5.63804 3.09401 2 8 47746.4 23.7976 2.58703 3 24 599.025 6.38052e-05 1.9522 4 
2.22209 0.000174721 -1 0.960888 0.208308 0.00361818 43.2311 161069 11 39702 6.33314 2.21411 2 9 46383.7 18.532 2.38564 3 26 641.975 8.80502e-05 1.83634 4 
2.22578 0.000174811 -1 0.961653 0.208514 0.00368677 43.3838 160880 10 25761.6 7.29035 2.26372 2 9 26900.9 21.6032 2.20758 3 28 676.795 7.85084e-05 1.76888 5 
2.2295 0.000175027 -1 0.962429 0.208649 0.00372222 43.573 160557 12 27661.2 6.12532 2.01633 2 6 29671.2 16.6193 3.483 3 38 720.828 7.96628e-05 1.52429 5 
2.23331 0.000175205 -1 0.963224 0.208672 0.00381436 43.7264 160369 12 47708.2 6.06743 2.1117 2 8 55924 27.1283 2.5958 2 29 781.62 9.63211e-05 1.73082 5 
2.23721 0.000175415 -1 0.964037 0.208607 0.00389181 43.8682 160224 12 30775.3 5.99257 2.03805 2 10 25685 23.0372 2.01709 3 23 836.646 7.91172e-05 2.02024 5 
2.24112 0.000175615 -1 0.964852 0.208463 0.00391176 43.9788 160193 13 17106 4.57569 1.88288 2 7 17165 18.0014 2.66452 3 16 865.823 7.81284e-05 2.75606 5 
2.24503 0.000175749 -1 0.965668 0.208256 0.00391176 44.0787 160202 13 37301.1 4.37682 2.00609 2 9 39801.2 25.4045 2.26464 2 14 884.896 5.63815e-05 3.26575 5 
2.24898 0.000175877 -1 0.96649 0.20795 0.00395273 44.1908 160167 14 45401.4 4.48185 1.93248 2 11 58600.5 22.6078 2.0433 3 13 917.186 3.83751e-05 3.69462 5 
2.25302 0.000176049 -1 0.96733 0.207591 0.00403773 44.2974 160151 14 27750.5 5.66943 1.83465 2 10 29662.3 21.6528 2.05906 3 13 985.722 6.27582e-05 3.57721 5 
2.25706 0.000176217 -1 0.968166 0.207225 0.00403773 44.4031 160139 12 16048.9 4.2946 1.98477 3 9 12747 18.9483 2.0616 3 13 1011.42 8.39587e-05 3.50495 5 
2.26099 0.000176286 -1 0.96898 0.206858 0.00393091 44.4996 160160 10 34314.4 5.64435 2.38994 3 8 36631.8 16.3622 2.62272 3 13 979.535 8.2146e-05 3.5022 5 
2.26494 0.000176376 -1 0.969795 0.206474 0.00395193 44.6078 160139 10 43471.9 5.7145 2.44412 3 8 59151.3 21.5594 2.69024 3 15 1003.73 4.49116e-05 3.08994 5 
2.26896 0.000176476 -1 0.970624 0.206063 0.00401672 44.7215 160098 10 28938.7 4.05801 2.42838 3 7 31520.6 23.5644 2.79653 3 16 1045.4 7.26032e-05 2.80153 5 
2.27302 0.00017655 -1 0.97146 0.205664 0.00406135 44.8346 160059 9 17477 3.55264 2.57166 3 6 17910 17.5303 3.17359 3 17 1071.61 7.76181e-05 2.63029 5 
2.27708 0.000176632 -1 0.972295 0.205293 0.00406135 44.936 160063 7 18752.1 4.00069 3.34516 3 6 21352.5 15.7967 3.32517 3 17 1087.06 6.68888e-05 2.65565 5 
2.28116 0.000176756 -1 0.973132 0.204933 0.00408429 45.0407 160054 9 43197.7 5.19227 2.72626 2 6 53556 19.5037 3.7421 3 17 1115.29 5.79654e-05 2.68215 5 
2.28523 0.000176919 -1 0.973964 0.204583 0.00406122 45.144 160051 9 31654.1 5.0126 2.64401 2 7 33202.8 19.545 2.89367 3 16 1110.48 9.60457e-05 2.76337 5 
2.28933 0.000177098 -1 0.974803 0.204238 0.0041079 45.2577 160011 8 25338.6 3.58919 3.0276 2 6 24233.5 15.6335 3.40194 2 17 1140.1 4.78888e-05 2.71596 5 
2.29347 0.000177322 -1 0.975647 0.203913 0.00413178 45.3533 160035 6 13365.4 5.07283 3.71639 2 6 16235.3 15.9922 3.17024 2 17 1150.05 5.32899e-05 2.70032 5 
2.2976 0.000177574 -1 0.976488 0.203595 0.00413178 45.4991 159882 7 35512 3.36635 3.75617 2 6 37297.4 17.3365 3.59296 2 25 1148.1 5.77092e-05 1.95862 6 
2.30163 0.00017778 -1 0.97731 0.203322 0.0040368 45.6398 159748 6 32900.9 5.73162 4.23144 2 6 48186.6 23.3106 3.56913 2 24 1104.91 8.97708e-05 1.97435 6 
2.30565 0.000177984 -1 0.978125 0.203043 0.0040136 45.7597 159688 7 23444.8 2.73319 3.64679 2 5 24379.2 20.1339 4.13636 2 20 1095.95 9.52509e-05 2.25448 6 
2.30971 0.000178209 -1 0.978949 0.202789 0.00406054 45.869 159664 7 26517 5.48667 3.35982 2 5 24670.9 10.8188 4.69463 2 17 1118.72 6.23516e-05 2.67115 6 
2.31318 0.00017844 -1 0.979651 0.202596 0.00346881 45.9825 159627 8 15234.4 3.97293 2.8052 2 6 19906.3 20.8218 3.13867 2 19 804.37 8.2387e-05 2.33278 5 
2.31668 0.000178528 -1 0.980361 0.202431 0.0035042 46.0788 159649 7 26194.3 5.53407 3.34983 2 5 30953.5 25.0433 4.1534 2 18 807.304 9.90341e-05 2.4208 5 
2.3202 0.000178675 -1 0.981072 0.202222 0.00352226 46.1737 159675 7 32848.4 5.61969 3.45235 3 6 45286.6 14.7609 3.81191 2 15 811.207 7.4411e-05 2.94555 5 
2.32373 0.000178806 -1 0.981784 0.202019 0.00352226 46.2581 159738 6 27423.4 7.85551 3.89485 2 6 26969.3 27.2888 3.15608 2 14 805.978 9.89539e-05 3.11627 5 
2.32701 0.000178962 -1 0.982446 0.201817 0.00328289 46.336 159823 5 21382.9 6.75858 5.01236 2 6 23766.6 25.5486 3.1244 2 13 689.562 5.94258e-05 3.49487 5 
2.33029 0.000179118 -1 0.983108 0.201669 0.00328289 46.4129 159911 7 21025 8.01141 3.07916 2 5 25909.9 34.1154 3.76793 2 13 676.101 5.73341e-05 3.4992 5 
2.33357 0.000179269 -1 0.983769 0.201487 0.00328289 46.4917 159993 6 17326.9 8.22377 3.58048 2 5 16393.5 14.0987 4.10297 2 13 660.381 5.55411e-05 3.50142 5 
2.33691 0.000179374 -1 0.984441 0.201243 0.00333213 46.5685 160081 7 31357.6 6.24262 3.3784 2 5 33501.1 33.8281 3.97334 2 13 661.826 7.43453e-05 3.42433 5 
2.34032 0.000179545 -1 0.985129 0.200936 0.00341801 46.6568 160129 9 46398.1 4.78374 2.77313 2 7 56578.7 25.3492 3.00874 2 14 683.909 4.75496e-05 3.24545 5 
2.34381 0.000179787 -1 0.985831 0.200572 0.00349035 46.7523 160152 10 42784.4 7.13648 2.3866 2 8 51700.3 30.8918 2.52904 2 14 696.783 7.57361e-05 3.1435 5 
2.34736 0.000179982 -1 0.986541 0.200157 0.00354695 46.8621 160127 12 36460.2 4.79117 2.10595 2 10 44022.2 22.2086 2.13656 2 15 695.336 4.59524e-05 3.01064 5 
2.35103 0.000180108 -1 0.987275 0.199699 0.00366651 46.9786 160078 13 29069.1 4.98295 1.94844 2 11 34142.1 18.8939 1.97737 2 16 710.647 4.43925e-05 2.82015 5 
2.35482 0.000180214 -1 0.988031 0.199224 0.00379516 47.0938 160035 11 20149.9 5.07942 2.12389 3 11 25553.2 19.747 1.91824 2 17 720.267 5.19945e-05 2.63082 5 
2.35876 0.00018027 -1 0.988814 0.198703 0.00393401 47.2242 159940 12 33457.1 4.62117 2.09722 3 12 34046.6 23.0102 1.8373 2 18 723.942 6.77663e-05 2.45744 5 
2.36276 0.000180334 -1 0.989608 0.198155 0.00400777 47.3686 159798 15 45714.7 5.22252 1.83152 2 13 50139.6 22.4084 1.80998 2 20 692.869 6.16223e-05 2.25188 5 
2.36682 0.000180386 -1 0.990411 0.19763 0.00405882 47.5087 159672 12 37051.9 6.00559 2.06945 3 13 47131.1 21.574 1.80665 2 21 644.039 6.8398e-05 2.14827 5 
2.37094 0.000180444 -1 0.991222 0.197172 0.00411153 47.6623 159501 10 29489.2 4.95431 2.38489 2 11 34500.6 19.3557 1.97491 3 24 587.326 6.02897e-05 1.95521 6 
2.37519 0.000180476 -1 0.99206 0.196798 0.00425044 47.7858 159432 8 22856.3 4.79039 2.8829 3 9 30725.5 18.0738 2.28528 3 18 547.884 8.43982e-05 2.39036 6 
2.37962 0.000180465 -1 0.992931 0.196507 0.00443131 47.9031 159383 15 12873.1 4.83908 1.69172 2 5 16290 16.889 3.95242 2 16 510.867 7.41472e-05 2.6754 6 
2.38415 0.000180428 -1 0.993823 0.196354 0.00452834 48.0166 159348 15 29550.3 3.70387 1.82023 3 9 31051.2 18.8473 2.27733 3 13 447.84 8.68897e-05 3.28337 6 
2.38874 0.00018039 -1 0.994724 0.196347 0.00459593 48.1361 159292 16 31432.6 3.58652 1.76368 3 5 33817.2 12.7311 4.8401 2 14 379.825 4.48755e-05 3.12483 6 
2.39341 0.000180353 -1 0.995639 0.196525 0.0046661 48.2612 159219 18 24861.1 4.56903 1.61264 3 7 27962.2 17.97 2.85761 3 14 317.099 6.95998e-05 2.9896 6 
2.39811 0.000180304 -1 0.99656 0.196828 0.00470227 48.4017 159095 17 19875 4.49833 1.63843 3 14 22423.6 15.5689 1.68114 3 14 259.893 9.27208e-05 2.88765 6 
2.40296 0.000180258 -1 0.997513 0.197211 0.00485396 48.5522 158939 16 17667.5 3.48296 1.70442 4 15 21642.8 14.8021 1.62555 3 15 234.094 8.96032e-05 2.67796 6 
2.4079 0.00018022 -1 0.998484 0.197588 0.00493419 48.6859 158839 11 14448 3.34049 2.14065 4 9 15189.3 15.1784 2.15461 4 16 224.916 6.49441e-05 2.56282 6 
2.41283 0.000180206 -1 0.999459 0.197858 0.00493419 48.8088 158775 10 27012.1 4.05119 2.41211 4 7 27303.2 16.1567 2.8915 4 16 237.821 8.6596e-05 2.52593 6 
2.41768 0.000180285 -1 1.00042 0.198113 0.00485263 48.9282 158723 9 28253.3 3.77669 2.69426 4 7 29909.5 15.6669 2.94232 4 16 243.514 8.37389e-05 2.53498 6 
2.42238 0.000180328 -1 1.00135 0.198238 0.00469609 49.0475 158671 12 23323.8 4.00439 2.05955 4 4 24617.6 12.7084 6.6342 3 16 246.027 4.97462e-05 2.62053 6 
2.42719 0.000180298 -1 1.0023 0.198256 0.00481349 49.1891 158547 11 18434.9 4.26588 2.14048 5 10 21804 14.4219 2.07946 4 17 276.948 5.32387e-05 2.48353 6 
2.43209 0.000180244 -1 1.00327 0.198198 0.00489578 49.3437 158382 14 13503.6 3.99398 1.78679 5 9 14660.5 15.4935 2.14125 5 18 304.962 4.40501e-05 2.39892 6 
2.43703 0.000180187 -1 1.00425 0.198086 0.00493835 49.5038 158201 14 9765.52 3.44801 1.76433 5 9 12183.9 13.9917 2.12157 5 18 328.308 5.77659e-05 2.37277 6 
2.44188 0.000180135 -1 1.00521 0.197937 0.0048532 49.7183 157848 13 23053.6 4.00227 1.94654 5 7 23981.9 13.8214 2.90243 5 31 335.899 8.64161e-05 1.63143 6 
2.44657 0.000180078 -1 1.00613 0.197759 0.00469007 49.8968 157612 15 27448.9 3.7392 1.81016 5 7 29717.1 17.2148 2.90031 5 24 330.902 6.87099e-05 1.89865 6 
2.4513 0.000180021 -1 1.00707 0.197531 0.00473016 50.0639 157413 15 25320.5 4.03527 1.79132 5 10 27366.9 14.9647 2.11941 5 18 352.297 8.5232e-05 2.33116 6 
2.45616 0.00017996 -1 1.00803 0.197271 0.00485574 50.2439 157175 14 19694.6 3.93627 1.83752 5 10 21972 14.6191 2.07824 5 18 385.536 5.35012e-05 2.40427 6 
2.4611 0.000179895 -1 1.009 0.197008 0.00494402 50.406 156995 14 14733.8 3.41867 1.81804 6 9 15533.6 15.8726 2.14927 5 18 414.306 9.95545e-05 2.33204 6 
2.46609 0.000179829 -1 1.00998 0.196766 0.0049898 50.5707 156807 13 11846 3.54192 1.86682 5 9 9631.18 13.7495 2.07088 5 19 434.868 8.21586e-05 2.25881 6 
2.47108 0.000179763 -1 1.01097 0.196574 0.0049898 50.7259 156651 12 8615.47 3.43245 1.92002 6 7 9904.96 15.0174 2.52785 6 19 446.306 9.80711e-05 2.24092 6 
2.47585 0.0001797 -1 1.0119 0.196402 0.00476504 50.8667 156539 11 18761.3 4.38729 2.13844 5 6 22647.9 14.8511 3.3927 5 18 417.348 7.35869e-05 2.3725 6 
2.4807 0.000179628 -1 1.01285 0.196184 0.00485328 51.036 156341 13 22328.6 4.01251 1.94138 6 10 20196.7 15.4106 2.04996 5 19 442.058 8.86499e-05 2.25173 6 
2.48565 0.000179547 -1 1.01382 0.195901 0.00494572 51.2126 156122 14 20875.2 3.24366 1.87087 6 7 23578.2 14.6148 2.8724 6 21 466.473 6.15926e-05 2.12611 6 
2.49074 0.000179473 -1 1.01482 0.195621 0.00509262 51.3886 155906 12 17663.1 3.53614 2.03335 6 7 12500.6 15.238 2.60787 6 23 500.174 5.52256e-05 2.00668 6 
2.49583 0.000179394 -1 1.01581 0.195368 0.00509262 51.5506 155734 13 14883.5 3.78444 1.89023 5 5 14582.9 14.9485 3.96141 6 23 507.658 7.98971e-05 1.97599 6 
2.50092 0.000179305 -1 1.0168 0.195176 0.00509262 51.7116 155566 12 12179.7 3.78143 1.96034 5 6 13698.1 14.0374 3.14941 6 23 514.143 9.76102e-05 1.95994 6 
2.50591 0.000179225 -1 1.01778 0.194998 0.00499077 51.8751 155391 11 18240.4 3.32776 2.18725 5 5 24515.7 12.878 4.52813 6 23 499.5 5.89579e-05 2.00086 6 
2.51096 0.000179163 -1 1.01876 0.194844 0.0050417 52.0245 155260 9 20758.6 3.64951 2.61347 4 6 11588.9 15.1269 3.02493 5 23 514.859 8.73286e-05 1.96957 6 
2.5161 0.000179233 -1 1.01976 0.19459 0.00514784 52.1947 155067 7 16437.1 2.5093 3.50899 4 6 22983.1 15.0211 3.39457 4 29 541.062 9.30533e-05 1.71104 6 
2.52131 0.000179501 -1 1.02077 0.19441 0.00520319 52.3507 154918 10 13029.4 3.35987 2.28486 5 4 13111.2 12.677 5.67095 4 25 555.456 5.88827e-05 1.90102 6 
2.52651 0.000179644 -1 1.02178 0.194233 0.00520319 52.501 154787 8 15439.9 3.61118 2.84364 6 4 14289.4 4.77633 7.39571 3 25 557.574 5.60209e-05 1.9051 6 
2.53171 0.000179741 -1 1.02279 0.194076 0.00520319 52.6548 154646 8 14591.8 3.63832 2.82099 5 5 15141.9 6.76564 4.67707 3 25 558.978 5.8979e-05 1.90138 6 
2.5368 0.000179799 -1 1.02378 0.193933 0.00509008 52.8116 154497 10 17354.8 3.20655 2.36232 6 5 19010.1 9.99133 4.52764 3 24 535.987 6.05715e-05 1.94739 6 
2.54195 0.000179875 -1 1.02478 0.193789 0.00514663 52.9716 154340 10 11341.2 3.45809 2.24689 6 5 13364.7 9.24846 4.28527 3 24 548.352 9.69679e-05 1.9114 6 
2.54715 0.000179948 -1 1.02578 0.193629 0.00520512 53.1367 154169 11 22031.7 3.42152 2.21951 6 5 18116 13.0561 4.2506 3 25 560.379 8.59917e-05 1.8731 6 
2.55242 0.000180032 -1 1.0268 0.193491 0.00526564 53.3046 153990 10 14110 3.60331 2.28709 6 5 18394.8 10.0146 4.49586 3 26 572.171 8.11635e-05 1.83396 6 
2.55769 0.000180106 -1 1.02782 0.193367 0.00526564 53.4793 153793 11 10697.9 3.24741 2.08832 6 5 9639.18 13.2425 3.73606 2 27 571.15 6.00263e-05 1.81326 6 
2.56302 0.000180191 -1 1.02885 0.193254 0.00532909 53.6542 153598 10 8423.92 3.06904 2.20725 6 6 14137.9 9.8204 3.36028 2 28 602.049 6.8825e-05 1.7698 6 
2.56828 0.000180262 -1 1.02986 0.193157 0.00526488 53.8193 153431 9 16359.4 3.14351 2.58779 5 5 13892.9 9.68821 4.27868 2 27 605.292 9.67261e-05 1.78533 6 
2.57354 0.000180271 -1 1.03088 0.193149 0.00526488 53.9825 153271 6 12337.3 3.17606 3.9648 4 5 14831 11.7936 4.16778 2 28 624.169 7.03302e-05 1.77071 6 
2.57888 0.00017986 -1 1.03191 0.193001 0.00533069 54.1472 153107 8 14354.6 3.11805 2.87004 3 5 14771.7 13.5943 4.04776 2 29 656.089 8.86291e-05 1.72534 6 
2.58427 0.000179406 -1 1.03295 0.192818 0.00539903 54.441 152581 11 16839.8 2.11513 2.26275 3 6 20188.3 10.4495 3.52912 2 57 684.705 8.68235e-05 1.32129 6 
2.58967 0.000179062 -1 1.03399 0.19267 0.00539903 54.6295 152355 10 12784.8 2.97539 2.30842 2 7 11039.1 11.5811 2.66439 2 31 692.452 6.56155e-05 1.68485 7 
2.59507 0.000179086 -1 1.03503 0.192571 0.00539903 54.7474 152326 10 9602.57 3.11756 2.23284 3 5 11516.9 13.6777 3.84649 2 17 699.562 6.10745e-05 2.60156 7 
2.60047 0.000179173 -1 1.03606 0.192409 0.00539903 54.8633 152303 9 16030.3 2.95415 2.59983 4 5 13101.1 13.506 3.95691 2 16 720.633 8.29875e-05 2.71437 7 
2.60587 0.000179367 -1 1.0371 0.192349 0.00539903 54.9835 152268 8 13418.7 2.82124 2.88177 3 7 16504.9 13.3042 2.7666 3 16 742.496 8.69244e-05 2.71158 7 
2.61134 0.000179565 -1 1.03815 0.192254 0.00547402 55.1145 152203 10 10972.2 2.54699 2.30901 6 5 12074.1 11.5762 4.01475 2 17 785.181 5.36542e-05 2.63932 7 
2.61682 0.000179696 -1 1.03921 0.192171 0.00547402 55.2532 152118 9 14851.5 3.02111 2.57145 7 5 18652.2 8.73652 4.63317 2 17 803.176 5.51419e-05 2.63859 7 
2.62214 0.00017982 -1 1.04023 0.192115 0.00532196 55.3864 152048 9 14139.3 3.23299 2.53826 8 5 13941.3 10.6016 4.2052 2 16 772.736 6.09346e-05 2.77938 7 
2.62746 0.000179944 -1 1.04125 0.19207 0.00532196 55.5269 151958 11 11202.8 3.21775 2.09884 8 5 11710.2 4.48552 4.82337 2 16 785.541 6.33891e-05 2.77538 7 
2.63278 0.000180063 -1 1.04227 0.19202 0.00532196 55.668 151867 11 14841.5 3.42777 2.14086 8 5 14145.4 5.7572 4.7652 2 16 798.729 6.26119e-05 2.78041 7 
2.63811 0.000180183 -1 1.04329 0.191958 0.00532196 55.8144 151762 10 13420.9 3.50947 2.28168 9 5 16661.6 12.972 4.18544 2 16 813.149 6.1708e-05 2.78605 7 
2.64343 0.000180303 -1 1.04431 0.191898 0.00532196 55.954 151677 9 11778 3.01801 2.50634 9 6 13379.5 13.0797 3.17425 2 16 827.405 5.97221e-05 2.79479 7 
2.64867 0.00018041 -1 1.04532 0.191767 0.0052437 56.0693 151657 3 6910.16 3.40051 12.6663 7 7 7454.48 10.9124 2.54055 2 16 815.37 3.85387e-05 2.86973 7 
2.65384 0.000180964 -1 1.04631 0.191767 0.00516659 56.1832 151641 6 18553.4 3.46898 4.18187 7 5 18650.4 7.92791 4.72396 2 15 810.071 7.24522e-05 2.95052 7 
2.65901 0.000181144 -1 1.0473 0.191697 0.00516659 56.3021 151612 6 14108.7 3.71688 3.94958 6 7 14853.2 12.1408 2.7611 3 16 826.945 5.26136e-05 2.81691 7 
2.66402 0.000181288 -1 1.04826 0.191661 0.00501463 56.405 151626 5 11752.1 3.853 4.9758 4 4 12337.8 13.1139 5.5383 2 15 792.7 3.46641e-05 3.09468 7 
2.66911 0.000181316 -1 1.04923 0.191582 0.00509061 56.5273 151587 11 14986.6 3.73248 2.12623 7 5 13291.4 12.407 4.03627 2 15 831.981 5.50536e-05 3.01038 7 
2.6742 0.000181429 -1 1.05021 0.191512 0.00509061 56.6545 151536 9 14324.8 3.31888 2.53454 8 6 18474 13.3349 3.33884 2 15 847.198 5.60604e-05 3.01038 7 
2.67914 0.000181522 -1 1.05115 0.191456 0.00493635 56.7731 151508 7 9453.89 3.84632 3.05047 8 6 9426.88 14.2743 2.951 2 14 809.79 7.85223e-05 3.16924 7 
2.68386 0.000181612 -1 1.05205 0.191438 0.00471857 56.8863 151495 7 8992.09 3.84735 3.02861 8 5 8234.07 9.49407 3.8693 2 13 751.815 8.08696e-05 3.43578 7 
2.68857 0.000181707 -1 1.05296 0.191395 0.00471857 57.0114 151450 9 9179.25 4.16832 2.35195 9 6 9564.08 15.1504 2.92889 2 13 762.789 8.22988e-05 3.43498 7 
2.69337 0.000181808 -1 1.05387 0.191329 0.00479116 57.1447 151383 9 15665.1 3.85769 2.51742 10 6 18537.8 9.54514 3.53221 2 14 796.146 3.59792e-05 3.34687 7 
2.69801 0.000181902 -1 1.05476 0.191283 0.00464597 57.2699 151338 9 15274.5 3.74641 2.51855 10 5 16227.6 14.5148 4.07088 2 13 755.489 5.6785e-05 3.53183 7 
2.70252 0.000181987 -1 1.05563 0.191228 0.00450729 57.3838 151324 8 13647.6 4.7138 2.70839 9 5 14223.7 9.90668 4.27974 2 12 717.053 9.94896e-05 3.72804 7 
2.70696 0.000182089 -1 1.05648 0.191204 0.00444001 57.507 151284 10 12829.8 4.01104 2.24128 10 5 15284.9 3.76835 5.26772 2 12 700.029 7.11959e-05 3.8258 7 
2.7114 0.000182177 -1 1.05732 0.191155 0.00444001 57.6288 151249 9 11539.6 4.19691 2.41068 10 5 13413.4 14.5229 3.91829 2 12 703.539 7.3355e-05 3.81787 7 
2.71584 0.000182268 -1 1.05817 0.191119 0.00444001 57.7498 151216 9 7967.08 4.4428 2.29888 10 5 8189.94 14.7047 3.54132 2 12 707.125 7.7125e-05 3.80357 7 
2.72028 0.000182361 -1 1.05901 0.191104 0.00444001 57.8727 151178 8 8788.52 4.14756 2.60475 10 5 7520.38 5.95034 4.17196 2 12 715.438 7.93038e-05 3.79845 7 
2.72479 0.000182449 -1 1.05988 0.191096 0.00451163 57.9861 151164 7 10177.9 4.52873 3.0117 9 5 7732.55 5.34334 4.28649 2 13 746.791 3.32192e-05 3.67726 7 
2.7293 0.000182547 -1 1.06074 0.191109 0.00451163 58.0921 151171 6 9163.29 4.434 3.56897 8 5 10026.5 17.9492 3.5434 2 13 753.972 3.37693e-05 3.67532 7 
2.73389 0.000182653 -1 1.06162 0.191118 0.00458809 58.212 151141 8 16981.9 4.41966 2.80592 8 7 19108.4 17.8269 2.70943 3 13 786.04 5.54102e-05 3.5493 7 
2.73848 0.000182749 -1 1.0625 0.19111 0.00458809 58.3319 151111 8 19931.1 4.67015 2.84299 10 6 21118.7 16.153 3.30676 3 13 790.585 5.64288e-05 3.5459 7 
2.74315 0.000182854 -1 1.06339 0.191101 0.00467003 58.4643 151049 9 19399.8 4.32689 2.54528 11 4 20610.1 12.3284 6.3943 3 13 821.768 9.73278e-05 3.41043 7 
2.74782 0.00018295 -1 1.06428 0.191072 0.00467003 58.6021 150974 9 16392.5 4.30562 2.49946 11 4 15693.6 4.75735 7.57861 3 14 821.74 2.83482e-05 3.41205 7 
2.75258 0.00018305 -1 1.06518 0.191049 0.00475814 58.7462 150882 10 13018.6 3.91264 2.25014 10 4 12386.9 15.145 5.34777 3 14 850.303 5.29872e-05 3.27093 7 
2.75743 0.000183142 -1 1.06611 0.191007 0.00485144 58.9054 150752 10 11815 3.75535 2.23758 10 8 11251.5 14.7293 2.29286 6 14 878.738 9.28017e-05 3.14998 7 
2.76228 0.000183231 -1 1.06704 0.191001 0.00485144 59.0522 150655 9 20411.1 3.75357 2.60044 9 6 12481.6 16.9653 3.00459 6 15 870.8 3.1459e-05 3.13433 7 
2.76723 0.000183319 -1 1.06799 0.19099 0.00495251 59.2106 150529 10 13390.4 3.55779 2.27804 9 6 11980 15.8603 3.0178 7 15 897.85 5.72028e-05 3.018 7 
2.77218 0.000183404 -1 1.06893 0.190991 0.00495251 59.3674 150407 10 11042.6 3.64734 2.229 8 7 13012.5 14.8928 2.63147 7 15 886.198 6.03076e-05 3.00477 7 
2.77714 0.000183493 -1 1.06987 0.190967 0.00495251 59.5428 150239 13 18771.4 3.34283 1.94274 9 8 19645.8 15.133 2.45001 8 15 873.267 5.92991e-05 3.0052 7 
2.78209 0.00018357 -1 1.07082 0.190914 0.00495251 59.715 150080 11 20262 3.92304 2.17546 8 8 22011.1 14.1444 2.50615 9 15 858.475 6.01972e-05 2.99877 7 
2.78716 0.000183661 -1 1.07178 0.190845 0.00506768 59.8957 149901 12 18310.1 3.50857 2.04078 8 8 18154.4 14.7011 2.43475 8 16 881.156 3.81554e-05 2.88548 7 
2.79235 0.000183744 -1 1.07278 0.190768 0.00519128 60.0399 149814 7 15065.3 3.10404 3.36185 7 7 15116.7 13.4439 2.72802 8 16 903.07 7.86355e-05 2.76221 7 
2.79767 0.000183826 -1 1.0738 0.19078 0.00532439 60.1892 149714 6 22252.6 2.61347 4.51884 6 6 12850 13.2928 3.14447 8 17 924.453 6.09055e-05 2.645 7 
2.803 0.000183787 -1 1.07481 0.190694 0.00532439 60.3561 149572 10 14547 2.99261 2.33707 6 8 12119 10.0368 2.42792 7 17 896.168 4.94187e-05 2.67282 7 
2.80832 0.000183744 -1 1.07582 0.190583 0.00532439 60.519 149440 14 11726.8 2.60427 1.82374 5 6 11883.4 13.142 3.10966 6 16 863.369 9.3809e-05 2.72425 7 
2.8138 0.000183709 -1 1.07686 0.190416 0.00547652 60.6773 149320 12 21622.5 2.61604 2.1205 4 7 20140.6 12.2208 2.88116 6 17 873.293 4.33605e-05 2.68937 7 
2.81927 0.000183667 -1 1.0779 0.190294 0.00547652 60.8061 149273 11 15504.6 2.73369 2.19405 4 4 14401.7 10.1517 6.13718 5 16 822.466 9.45695e-05 2.71463 7 
2.82475 0.000183582 -1 1.07894 0.190339 0.00547652 60.9367 149222 9 16718.8 2.57931 2.65169 4 4 13501.1 10.5773 5.97721 4 17 761.973 4.03884e-05 2.67905 7 
2.83023 0.000183386 -1 1.07999 0.190512 0.00547652 61.0629 149182 11 26294.8 2.5897 2.31333 3 4 16327.3 9.14265 6.5007 3 17 710.753 5.98727e-05 2.60703 7 
2.8357 0.000183188 -1 1.08103 0.190699 0.00547652 61.1897 149141 9 17315.5 2.75509 2.64261 3 5 13226.7 10.1679 4.19608 2 17 664.278 5.63725e-05 2.6059 7 
2.84118 0.000183129 -1 1.08207 0.190862 0.00547652 61.3134 149107 10 8992.32 2.38216 2.27872 3 5 6941.34 10.3883 3.67265 2 17 621.026 4.79313e-05 2.62049 7 
2.84666 0.000183092 -1 1.08311 0.191058 0.00547652 61.448 149047 11 8352.8 3.21418 2.04377 3 9 7499.9 10.1611 2.08295 3 17 626.181 4.33694e-05 2.63723 7 
2.85213 0.000182982 -1 1.08416 0.191224 0.00547652 61.5801 148994 8 9587.45 3.23462 2.71635 3 6 9889.67 12.9879 3.02186 3 17 665.219 3.769e-05 2.66857 7 
2.85761 0.000182983 -1 1.08521 0.191366 0.00547652 61.7014 148966 7 10981.7 3.19468 3.2002 2 7 8959.07 9.97621 2.6418 3 16 709.626 9.4755e-05 2.68938 7 
2.86331 0.000183235 -1 1.0863 0.191362 0.00569558 61.8313 148918 13 12504.6 2.57031 1.92142 3 4 12429.9 5.96397 6.75667 3 18 814.717 3.97696e-05 2.54796 7 
2.869 0.000183447 -1 1.08738 0.191342 0.00569558 61.9702 148849 12 20600.6 2.62437 2.1114 4 6 11972.7 10.1314 3.25152 3 17 858.678 9.5301e-05 2.56509 7 
2.87446 0.000183587 -1 1.08842 0.191257 0.00545826 62.1474 148688 13 12134.1 3.18039 1.88583 3 7 10654.8 12.6298 2.61831 4 23 832.914 9.37592e-05 2.00499 7 
2.87992 0.000183731 -1 1.08946 0.191059 0.00545826 62.3093 148565 14 10910.7 3.10353 1.79178 4 10 11580.4 8.61122 2.05526 4 19 873.658 8.91629e-05 2.33322 7 
2.88538 0.000183869 -1 1.09051 0.190783 0.00545826 62.4524 148487 13 12955.6 3.25234 1.8921 4 9 12255.6 12.0179 2.15913 4 16 909.322 8.22428e-05 2.75566 7 
2.89083 0.000183993 -1 1.09155 0.190441 0.00545826 62.5983 148402 13 14473.9 2.64321 1.93898 5 8 13396.4 11.7972 2.40936 4 16 939.612 9.16419e-05 2.7427 7 
2.89629 0.000184079 -1 1.0926 0.190051 0.00545826 62.7559 148291 14 13474.7 2.8189 1.83154 4 9 12284.3 11.6745 2.16666 5 17 964.032 3.72039e-05 2.72953 7 
2.90148 0.000184165 -1 1.09358 0.189679 0.00518535 62.9083 148192 12 6481.69 3.52963 1.87067 5 9 7452.82 10.9461 2.06436 5 15 889.181 8.38923e-05 2.94003 7 
2.90695 0.000184249 -1 1.09461 0.189243 0.00547343 63.0715 148068 13 17106.9 3.07807 1.94119 6 7 12563.4 11.9174 2.703 5 17 1004.88 5.55225e-05 2.67252 7 
2.91243 0.000184333 -1 1.09564 0.188828 0.00547343 63.241 147930 12 16385.6 2.78942 2.061 7 10 16827.6 10.6392 2.08887 6 17 1012.62 6.91973e-05 2.63932 7 
2.9179 0.000184409 -1 1.09668 0.18846 0.00547343 63.4127 147788 13 17854.5 3.1354 1.94483 6 8 16584.2 9.63283 2.53801 6 17 1014.58 8.85937e-05 2.60153 7 
2.92303 0.000184482 -1 1.09765 0.188202 0.00513134 63.5551 147715 9 12352.6 3.55701 2.47405 7 5 10870.6 14.2631 3.77057 6 16 889.645 4.5915e-05 2.854 7 
2.92816 0.000184566 -1 1.09862 0.188001 0.00513134 63.6642 147719 4 12240.4 2.90955 8.05365 5 3 12214 9.52857 10.8628 5 16 883.984 5.56869e-05 2.81866 7 
2.93329 0.000184738 -1 1.09958 0.187945 0.00513134 63.7877 147690 8 16582.5 3.46514 2.88397 4 4 17222 14.7311 5.84739 4 16 875.622 7.0112e-05 2.77672 7 
2.93842 0.000184714 -1 1.10053 0.187806 0.00513134 63.9108 147662 11 18617.8 3.6271 2.17423 4 4 18076.9 11.2915 6.32548 3 16 865.439 9.13011e-05 2.72928 7 
2.94356 0.000184648 -1 1.10149 0.187731 0.00513134 64.0509 147595 11 15346.1 3.43867 2.14676 6 8 14219.9 12.5592 2.40847 4 17 852.682 4.36236e-05 2.68464 7 
2.94869 0.000184566 -1 1.10246 0.187671 0.00513134 64.2176 147467 13 11751.9 3.36251 1.87315 6 8 12712.8 14.7126 2.32846 6 17 838.662 5.80379e-05 2.63736 7 
2.95382 0.000184481 -1 1.10342 0.187658 0.00513134 64.3931 147319 13 17313 3.49727 1.92399 7 8 16821.1 14.8716 2.40817 6 17 824.058 7.93988e-05 2.58651 7 
2.95895 0.000184387 -1 1.10439 0.187676 0.00513134 64.572 147165 13 19611 3.50344 1.94226 6 9 19537.1 12.2573 2.26897 6 18 808.82 4.35871e-05 2.53399 7 
2.96408 0.000184278 -1 1.10535 0.187729 0.00513134 64.7531 147006 14 15504.9 3.12763 1.83631 6 10 14477 13.0718 2.01574 6 18 793.285 6.51506e-05 2.47537 7 
2.96921 0.000184163 -1 1.10631 0.187803 0.00513134 64.9361 146844 14 12720.6 3.24586 1.80574 6 9 13814.9 12.4521 2.17944 6 18 777.576 9.64127e-05 2.41936 7 
2.97434 0.000184026 -1 1.10727 0.187897 0.00513134 65.1172 146687 14 18127.8 3.20629 1.85364 6 8 17793.4 14.1615 2.44002 6 19 761.978 6.06816e-05 2.36388 7 
2.97947 0.000183864 -1 1.10823 0.188012 0.00513134 65.3043 146518 12 20048.1 3.50966 2.05621 7 9 19648.9 12.203 2.27153 6 19 746.656 9.13975e-05 2.311 7 
2.98461 0.000183665 -1 1.1092 0.188135 0.00513134 65.4781 146379 11 13690.6 3.66013 2.11257 6 8 12762.4 14.7911 2.32804 5 20 731.667 5.80209e-05 2.26483 7 
2.98974 0.00018345 -1 1.11017 0.188251 0.00513134 65.6447 146257 11 14672 3.00297 2.1645 6 7 14250.6 13.5376 2.70244 5 20 716.894 8.49782e-05 2.21977 7 
2.99487 0.000183271 -1 1.11113 0.188386 0.00513134 65.8087 146142 10 19342.3 2.73235 2.42659 6 7 20545.6 13.7818 2.84017 5 21 701.969 5.66614e-05 2.17652 7 
3 0.000183104 -1 1.11209 0.188534 0.00513134 65.9656 146043 8 19834 3.48144 2.94752 5 6 18787.6 14.9247 3.28595 4 21 686.907 8.15252e-05 2.13693 7 

# Multigrid, 588 steps, 2108.62 CPU, 66.13 real, 1.46e+05 points.step/s, 24 var
