0.601562 0.293579
0.59895 0.296875

0.598974 0.296875
0.59855 0.304688

0.599303 0.304688
0.601562 0.307871

0.601562 0.295432
0.609375 0.289209

0.601562 0.306671
0.607782 0.3125

0.60835 0.3125
0.609375 0.313134

0.617188 0.288002
0.61367 0.289062

0.609375 0.289618
0.611218 0.289062

0.609375 0.312974
0.617188 0.316584

0.617188 0.288083
0.625 0.287136

0.617188 0.316094
0.625 0.318791

0.625 0.287183
0.632812 0.286804

0.625 0.318852
0.629622 0.320312

0.629013 0.320312
0.632812 0.321513

0.632812 0.286773
0.640625 0.28693

0.632812 0.321294
0.640625 0.323467

0.640625 0.287148
0.648438 0.287469

0.640625 0.32347
0.648438 0.325568

0.648438 0.287407
0.65625 0.287581

0.648438 0.325697
0.65625 0.327454

0.65625 0.287501
0.664062 0.287811

0.65625 0.327377
0.660774 0.328125

0.660609 0.328125
0.664062 0.328696

0.664062 0.287871
0.671875 0.288356

0.664062 0.328618
0.671875 0.329704

0.671875 0.288354
0.679688 0.288898

0.671875 0.329737
0.679688 0.330675

0.679688 0.288913
0.681752 0.289062

0.681639 0.289062
0.6875 0.289488

0.679688 0.330712
0.6875 0.331361

0.6875 0.289488
0.695312 0.290033

0.6875 0.331301
0.695312 0.331705

0.695312 0.29002
0.703125 0.290564

0.695312 0.3317
0.703125 0.331985

0.703125 0.290562
0.710938 0.291136

0.703125 0.331992
0.710938 0.332152

0.710938 0.291142
0.71875 0.291738

0.710938 0.332155
0.71875 0.33217

0.71875 0.291744
0.726562 0.29234

0.71875 0.332162
0.726562 0.332041

0.726562 0.292344
0.734375 0.292919

0.726562 0.332029
0.734375 0.331811

0.734375 0.292916
0.742188 0.293466

0.734375 0.331807
0.742188 0.331522

0.742188 0.293467
0.75 0.293996

0.742188 0.331524
0.75 0.331178

0.75 0.294012
0.757812 0.294487

0.75 0.33118
0.757812 0.330768

0.757812 0.294489
0.765625 0.294871

0.757812 0.330766
0.765625 0.330287

0.765625 0.294841
0.773438 0.295186

0.765625 0.330257
0.773438 0.329773

0.773438 0.29514
0.78125 0.295598

0.773438 0.329743
0.78125 0.329371

0.78125 0.295593
0.789062 0.296268

0.78125 0.329396
0.789062 0.329147

0.789062 0.29632
0.794522 0.296875

0.79443 0.296875
0.796875 0.297123

0.789062 0.329162
0.796875 0.328959

0.796875 0.297137
0.804688 0.297899

0.796875 0.328939
0.804688 0.328792

0.804688 0.297902
0.8125 0.298587

0.804688 0.328794
0.8125 0.328739

0.8125 0.298591
0.820312 0.299183

0.8125 0.328746
0.820312 0.328762

0.820312 0.299187
0.828125 0.299671

0.820312 0.328768
0.828125 0.328827

0.828125 0.299673
0.835938 0.300037

0.828125 0.328838
0.835938 0.328905

0.835938 0.300041
0.84375 0.300274

0.835938 0.328924
0.84375 0.328941

0.84375 0.300276
0.851562 0.300366

0.84375 0.328969
0.851562 0.328841

0.851562 0.300361
0.859375 0.300311

0.851562 0.328847
0.859375 0.328505

0.859375 0.300304
0.867188 0.300136

0.867188 0.327995
0.865113 0.328125

0.859375 0.32846
0.864706 0.328125

0.867188 0.300133
0.875 0.299866

0.867188 0.327989
0.875 0.327401

0.875 0.29986
0.882812 0.299513

0.875 0.327394
0.882812 0.326699

0.882812 0.299504
0.890625 0.299108

0.882812 0.326681
0.890625 0.325927

0.890625 0.2991
0.898438 0.298691

0.890625 0.32589
0.898438 0.325186

0.898438 0.298685
0.90625 0.298287

0.898438 0.32516
0.90625 0.32463

0.90625 0.298286
0.914062 0.297913

0.90625 0.324633
0.914062 0.324326

0.914062 0.29791
0.921875 0.29757

0.914062 0.324339
0.921875 0.324226

0.921875 0.297562
0.929688 0.297277

0.921875 0.324235
0.929688 0.32427

0.929688 0.297341
0.9375 0.296998

0.929688 0.324281
0.9375 0.324423

0.945312 0.296457
0.939322 0.296875

0.9375 0.297018
0.93955 0.296875

0.9375 0.324429
0.945312 0.324642

0.945312 0.296519
0.953125 0.295642

0.945312 0.324641
0.953125 0.324915

0.953125 0.295699
0.960938 0.294258

0.953125 0.324926
0.960938 0.325244

0.960938 0.294205
0.96875 0.292191

0.960938 0.325257
0.96875 0.325573

0.96875 0.292305
0.976562 0.289596

0.96875 0.325583
0.976562 0.325853

0.984375 0.285848
0.977883 0.289062

0.976562 0.289696
0.977859 0.289062

0.976562 0.32587
0.984375 0.32604

0.992188 0.28013
0.990726 0.28125

0.984375 0.286051
0.991108 0.28125

0.984375 0.326055
0.992188 0.326062

1 0.272352
0.999106 0.273438

0.992188 0.280453
0.999315 0.273438

0.992188 0.326025
1 0.325916

1.00781 0.260856
1.00501 0.265625

1 0.272354
1.00513 0.265625

1 0.325938
1.00781 0.325742

1.01562 0.243079
1.01309 0.25

1.01314 0.25
1.00953 0.257812

1.00781 0.260855
1.00959 0.257812

1.00781 0.325744
1.01562 0.325412

1.02344 0.203292
1.02256 0.210938

1.02258 0.210938
1.02144 0.21875

1.02145 0.21875
1.02 0.226562

1.02002 0.226562
1.01818 0.234375

1.01821 0.234375
1.01592 0.242188

1.01562 0.243063
1.01595 0.242188

1.01562 0.325416
1.02344 0.324939

1.02633 0
1.02633 0.0078125

1.02633 0.0078125
1.02632 0.015625

1.02632 0.015625
1.02631 0.0234375

1.02631 0.0234375
1.02629 0.03125

1.02629 0.03125
1.02627 0.0390625

1.02627 0.0390625
1.02625 0.046875

1.02625 0.046875
1.02623 0.0546875

1.02623 0.0546875
1.0262 0.0625

1.0262 0.0625
1.02617 0.0703125

1.02617 0.0703125
1.02615 0.078125

1.02615 0.078125
1.02612 0.0859375

1.02612 0.0859375
1.0261 0.09375

1.0261 0.09375
1.02607 0.101562

1.02607 0.101562
1.02605 0.109375

1.02605 0.109375
1.02602 0.117188

1.02602 0.117188
1.02598 0.125

1.02599 0.125
1.02594 0.132812

1.02594 0.132812
1.02589 0.140625

1.02589 0.140625
1.02581 0.148438

1.02581 0.148438
1.0257 0.15625

1.0257 0.15625
1.02555 0.164062

1.02555 0.164062
1.02534 0.171875

1.02534 0.171875
1.02505 0.179688

1.02506 0.179688
1.02466 0.1875

1.02467 0.1875
1.02414 0.195312

1.02414 0.195312
1.02345 0.203125

1.02344 0.203234
1.02345 0.203125

1.02344 0.324936
1.03125 0.324312

1.03125 0.324318
1.03906 0.32354

1.03906 0.323542
1.04688 0.322594

1.04688 0.322587
1.05469 0.321477

1.0625 0.320223
1.06195 0.320312

1.05469 0.321478
1.06192 0.320312

1.0625 0.320228
1.07031 0.318804

1.07031 0.318804
1.07812 0.317201

1.07812 0.317195
1.08594 0.315425

1.08594 0.315424
1.09375 0.313502

1.10156 0.311419
1.09752 0.3125

1.09375 0.313511
1.09753 0.3125

1.10156 0.311418
1.10938 0.309142

1.10938 0.309134
1.11719 0.306692

1.125 0.304099
1.12324 0.304688

1.11719 0.3067
1.12321 0.304688

1.125 0.304092
1.13281 0.301283

1.13281 0.301268
1.14062 0.298289

1.14844 0.295152
1.14419 0.296875

1.14062 0.298309
1.14415 0.296875

1.14844 0.29512
1.15625 0.291744

1.16406 0.288207
1.16219 0.289062

1.15625 0.291761
1.16215 0.289062

1.16406 0.288181
1.17188 0.284393

1.17969 0.28042
1.17807 0.28125

1.17188 0.284405
1.17802 0.28125

1.17969 0.280381
1.1875 0.276147

1.19531 0.271734
1.19234 0.273438

1.1875 0.276155
1.19224 0.273438

1.19531 0.271671
1.20312 0.266924

1.21094 0.261953
1.2052 0.265625

1.20312 0.266902
1.20514 0.265625

1.21875 0.256721
1.21712 0.257812

1.21094 0.261925
1.21699 0.257812

1.21875 0.256636
1.22656 0.25102

1.23438 0.245097
1.22793 0.25

1.22656 0.250979
1.22789 0.25

1.24219 0.238843
1.23801 0.242188

1.23438 0.245017
1.23799 0.242188

1.25 0.232175
1.24746 0.234375

1.24219 0.23875
1.24735 0.234375

1.25781 0.22506
1.2562 0.226562

1.25 0.232072
1.25608 0.226562

1.26562 0.217468
1.26434 0.21875

1.25781 0.224941
1.26425 0.21875

1.27344 0.209343
1.27195 0.210938

1.26562 0.217394
1.27186 0.210938

1.28125 0.20059
1.27905 0.203125

1.27344 0.209246
1.27899 0.203125

1.28906 0.191182
1.28576 0.195312

1.28125 0.200528
1.28567 0.195312

1.29688 0.181038
1.29201 0.1875

1.28906 0.191156
1.29192 0.1875

1.30469 0.170002
1.30345 0.171875

1.30339 0.171875
1.29787 0.179688

1.29688 0.180977
1.29782 0.179688

1.3125 0.157765
1.30859 0.164062

1.30469 0.169878
1.30855 0.164062

1.32031 0.144121
1.31797 0.148438

1.31794 0.148438
1.31341 0.15625

1.3125 0.157695
1.31338 0.15625

1.32812 0.128643
1.32616 0.132812

1.32614 0.132812
1.32218 0.140625

1.32031 0.144041
1.32217 0.140625

1.33594 0.110509
1.33324 0.117188

1.33322 0.117188
1.32981 0.125

1.32812 0.12857
1.32981 0.125

1.34375 0.0880416
1.34197 0.09375

1.34195 0.09375
1.33928 0.101562

1.33929 0.101562
1.33639 0.109375

1.33594 0.110461
1.33638 0.109375

1.35156 0.0563588
1.35034 0.0625

1.35034 0.0625
1.34857 0.0703125

1.34857 0.0703125
1.34659 0.078125

1.3466 0.078125
1.3444 0.0859375

1.34375 0.0880007
1.34439 0.0859375

1.35688 0
1.35677 0.0078125

1.35677 0.0078125
1.35647 0.015625

1.35647 0.015625
1.35596 0.0234375

1.35596 0.0234375
1.35526 0.03125

1.35525 0.03125
1.35434 0.0390625

1.35434 0.0390625
1.35322 0.046875

1.35322 0.046875
1.35189 0.0546875

1.35156 0.0562821
1.35188 0.0546875

