0 0.00985624
0.0338878 0.00984992
0.0677756 0.00983285
0.101663 0.00980498
0.135551 0.00976722
0.169439 0.00971977
0.203327 0.00966277
0.237215 0.00959636
0.271102 0.00952069
0.30499 0.0094359
0.338878 0.00934216
0.372766 0.00923962
0.406653 0.00912845
0.440541 0.00900882
0.474429 0.00888089
0.508317 0.00874484
0.542205 0.00860085
0.576092 0.00844911
0.60998 0.00828982
0.643868 0.00812144
0.677756 0.00794605
0.711644 0.00776376
0.745531 0.00757493
0.779419 0.00737965
0.813307 0.00717832
0.847195 0.00697103
0.881082 0.00675821
0.91497 0.00653996
0.948858 0.00631671
0.982746 0.00608856
1.01663 0.00585597
1.05052 0.00561904
1.08441 0.00537825
1.1183 0.00513369
1.15218 0.00488585
1.18607 0.00463481
1.21996 0.00438107
1.25385 0.0041247
1.28774 0.00386619
1.32162 0.00360559
1.35551 0.00334337
1.3894 0.00307955
1.42329 0.00281458
1.45717 0.0025485
1.49106 0.00228174
1.52495 0.00201433
1.55884 0.00174671
1.59273 0.00147893
1.62661 0.00121142
1.6605 0.000944251
1.69439 0.000677866
1.72828 0.000412334
1.76216 0.000148096
1.79605 0.000115264
1.82994 0.000376254
1.86383 0.000635046
1.89772 0.000891566
1.9316 0.00114545
1.96549 0.00139661
1.99938 0.00164471
2.03327 0.00188967
2.06716 0.00213117
2.10104 0.00236913
2.13493 0.00260326
2.16882 0.00283348
2.20271 0.00305952
2.23659 0.00328126
2.27048 0.00349847
2.30437 0.00371102
2.33826 0.00391869
2.37215 0.00412132
2.40603 0.00431873
2.43992 0.00451077
2.47381 0.00469727
2.5077 0.0048781
2.54158 0.00505313
2.57547 0.00522225
2.60936 0.00538533
2.64325 0.00554227
2.67714 0.00569299
2.71102 0.00583738
2.74491 0.00597536
2.7788 0.00610685
2.81269 0.00623176
2.84657 0.00635001
2.88046 0.00646154
2.91435 0.00656627
2.94824 0.00666415
2.98213 0.00675514
3.01601 0.00683918
3.0499 0.00691622
3.08379 0.00698625
3.11768 0.00704923
3.15156 0.00710516
3.18545 0.00715402
3.21934 0.00719586
3.25323 0.00723063
3.28712 0.00725838
3.321 0.00727911
3.35489 0.00729287
3.38878 0.00729967
3.42267 0.00729957
3.45655 0.00729261
3.49044 0.00727881
3.52433 0.00725829
3.55822 0.00723108
3.59211 0.00719725
3.62599 0.00715688
3.65988 0.00711005
3.69377 0.00705684
3.72766 0.00699736
3.76154 0.00693167
3.79543 0.00685992
3.82932 0.00678216
3.86321 0.00669855
3.8971 0.00660916
3.93098 0.00651417
3.96487 0.00641364
3.99876 0.00630775
4.03265 0.00619661
4.06653 0.0060804
4.10042 0.00595918
4.13431 0.00583318
4.1682 0.00570245
4.20209 0.00556724
4.23597 0.00542759
4.26986 0.00528377
4.30375 0.00513582
4.33764 0.00498402
4.37152 0.00482843
4.40541 0.00466934
4.4393 0.00450681
4.47319 0.00434114
4.50708 0.00417241
4.54096 0.00400092
4.57485 0.00382676
4.60874 0.00365022
4.64263 0.00347137
4.67651 0.00329054
4.7104 0.00310776
4.74429 0.00292336
4.77818 0.00273739
4.81207 0.00255016
4.84595 0.00236173
4.87984 0.0021724
4.91373 0.00198227
4.94762 0.00179163
4.9815 0.00160051
5.01539 0.00140925
5.04928 0.00121789
5.08317 0.00102674
5.11706 0.000835877
5.15094 0.000645594
5.18483 0.000455957
5.21872 0.000267262
5.25261 7.95781e-05
5.28649 0.000107089
5.32038 0.000291967
5.35427 0.000475212
5.38816 0.00065657
5.42205 0.000835974
5.45593 0.00101319
5.48982 0.00118816
5.52371 0.00136066
5.5576 0.00153065
5.59149 0.00169795
5.62537 0.00186248
5.65926 0.00202405
5.69315 0.0021826
5.72704 0.00233793
5.76092 0.00248996
5.79481 0.0026385
5.8287 0.00278345
5.86259 0.00292465
5.89648 0.00306201
5.93036 0.00319541
5.96425 0.00332476
5.99814 0.00344997
6.03203 0.00357096
6.06591 0.00368768
6.0998 0.00380005
6.13369 0.00390802
6.16758 0.00401153
6.20147 0.00411054
6.23535 0.004205
6.26924 0.00429482
6.30313 0.00438
6.33702 0.00446046
6.3709 0.00453616
6.40479 0.00460706
6.43868 0.00467311
6.47257 0.00473429
6.50646 0.00479054
6.54034 0.00484186
6.57423 0.00488821
6.60812 0.00492959
6.64201 0.00496596
6.67589 0.00499734
6.70978 0.00502372
6.74367 0.0050451
6.77756 0.00506149
6.81145 0.00507291
6.84533 0.00507941
6.87922 0.00508098
6.91311 0.00507764
6.947 0.00506943
6.98088 0.00505639
7.01477 0.00503857
7.04866 0.00501607
7.08255 0.0049889
7.11644 0.00495713
7.15032 0.0049208
7.18421 0.00488001
7.2181 0.00483479
7.25199 0.00478526
7.28587 0.00473145
7.31976 0.00467348
7.35365 0.00461139
7.38754 0.00454531
7.42143 0.00447529
7.45531 0.00440147
7.4892 0.0043239
7.52309 0.00424272
7.55698 0.00415799
7.59086 0.00406986
7.62475 0.0039784
7.65864 0.00388376
7.69253 0.003786
7.72642 0.00368531
7.7603 0.00358171
7.79419 0.00347541
7.82808 0.00336644
7.86197 0.00325499
7.89585 0.00314111
7.92974 0.003025
7.96363 0.00290672
7.99752 0.00278647
8.03141 0.00266432
8.06529 0.00254049
8.09918 0.00241503
8.13307 0.00228816
8.16696 0.00215993
8.20084 0.00203056
8.23473 0.00190009
8.26862 0.00176872
8.30251 0.0016365
8.3364 0.00150363
8.37028 0.00137021
8.40417 0.00123642
8.43806 0.00110228
8.47195 0.000967978
8.50583 0.000833578
8.53972 0.000699274
8.57361 0.000565143
8.6075 0.000431374
8.64139 0.000298046
8.67527 0.000165344
8.70916 3.3345e-05
8.74305 9.84049e-05
8.77694 0.000228409
8.81082 0.000357274
8.84471 0.000484846
8.8786 0.000611055
8.91249 0.000735768
8.94638 0.000859013
8.98026 0.000980597
9.01415 0.00110046
9.04804 0.00121847
9.08193 0.00133454
9.11582 0.00144854
9.1497 0.00156038
9.18359 0.00166992
9.21748 0.00177708
9.25137 0.00188175
9.28525 0.00198384
9.31914 0.00208328
9.35303 0.00218
9.38692 0.00227392
9.42081 0.002365
9.45469 0.00245317
9.48858 0.0025384
9.52247 0.00262062
9.55636 0.0026998
9.59024 0.00277588
9.62413 0.00284883
9.65802 0.0029186
9.69191 0.00298515
9.7258 0.00304845
9.75968 0.00310844
9.79357 0.00316511
9.82746 0.00321841
9.86135 0.00326831
9.89523 0.00331479
9.92912 0.00335783
9.96301 0.00339739
9.9969 0.00343347
10.0308 0.00346604
10.0647 0.00349511
10.0986 0.00352065
10.1324 0.00354268
10.1663 0.00356118
10.2002 0.00357616
10.2341 0.00358763
10.268 0.00359563
10.3019 0.00360014
10.3358 0.00360117
10.3697 0.00359875
10.4036 0.00359291
10.4374 0.00358367
10.4713 0.00357106
10.5052 0.00355512
10.5391 0.00353592
10.573 0.00351348
10.6069 0.00348782
10.6408 0.00345901
10.6747 0.00342708
10.7085 0.0033921
10.7424 0.0033541
10.7763 0.00331316
10.8102 0.00326932
10.8441 0.00322265
10.878 0.00317321
10.9119 0.00312107
10.9458 0.00306628
10.9796 0.00300895
11.0135 0.00294911
11.0474 0.00288688
11.0813 0.00282229
11.1152 0.00275546
11.1491 0.00268644
11.183 0.00261534
11.2169 0.0025422
11.2507 0.00246715
11.2846 0.00239022
11.3185 0.00231156
11.3524 0.00223119
11.3863 0.00214926
11.4202 0.0020658
11.4541 0.00198094
11.488 0.00189475
11.5218 0.00180735
11.5557 0.00171881
11.5896 0.00162925
11.6235 0.00153875
11.6574 0.00144743
11.6913 0.00135537
11.7252 0.00126269
11.7591 0.00116944
11.793 0.00107573
11.8268 0.000981606
11.8607 0.000887193
11.8946 0.000792542
11.9285 0.000697778
11.9624 0.000602964
11.9963 0.000508226
12.0302 0.000413629
12.0641 0.0003193
12.0979 0.000225302
12.1318 0.000131785
12.1657 3.87786e-05
12.1996 5.39339e-05
12.2335 0.00014565
12.2674 0.000236572
12.3013 0.000326593
12.3352 0.000415659
12.369 0.000503677
12.4029 0.000590588
12.4368 0.000676306
12.4707 0.000760775
12.5046 0.000843915
12.5385 0.000925673
12.5724 0.00100597
12.6063 0.00108475
12.6401 0.00116195
12.674 0.00123749
12.7079 0.00131133
12.7418 0.00138339
12.7757 0.00145361
12.8096 0.00152193
12.8435 0.0015883
12.8774 0.00165267
12.9112 0.00171499
12.9451 0.00177521
12.979 0.00183331
13.0129 0.00188923
13.0468 0.00194296
13.0807 0.00199446
13.1146 0.00204371
13.1485 0.00209067
13.1823 0.00213533
13.2162 0.00217765
13.2501 0.00221762
13.284 0.00225521
13.3179 0.00229039
13.3518 0.00232315
13.3857 0.00235348
13.4196 0.00238134
13.4535 0.00240674
13.4873 0.00242965
13.5212 0.00245008
13.5551 0.00246803
13.589 0.00248348
13.6229 0.00249643
13.6568 0.00250691
13.6907 0.00251492
13.7246 0.00252047
13.7584 0.00252355
13.7923 0.00252418
13.8262 0.00252237
13.8601 0.00251815
13.894 0.00251153
13.9279 0.00250254
13.9618 0.00249121
13.9957 0.00247755
14.0295 0.00246163
14.0634 0.00244346
14.0973 0.00242307
14.1312 0.00240049
14.1651 0.00237576
14.199 0.00234891
14.2329 0.00232
14.2668 0.00228904
14.3006 0.00225611
14.3345 0.00222122
14.3684 0.00218444
14.4023 0.0021458
14.4362 0.00210537
14.4701 0.00206318
14.504 0.0020193
14.5379 0.00197377
14.5717 0.00192666
14.6056 0.00187801
14.6395 0.00182789
14.6734 0.00177634
14.7073 0.00172345
14.7412 0.00166926
14.7751 0.00161384
14.809 0.00155723
14.8429 0.00149952
14.8767 0.00144075
14.9106 0.00138101
14.9445 0.00132032
14.9784 0.00125879
15.0123 0.00119644
15.0462 0.00113338
15.0801 0.00106964
15.114 0.00100532
15.1478 0.000940454
15.1817 0.000875147
15.2156 0.000809449
15.2495 0.000743442
15.2834 0.000677173
15.3173 0.000610727
15.3512 0.000544146
15.3851 0.000477504
15.4189 0.000410844
15.4528 0.000344242
15.4867 0.000277739
15.5206 0.000211412
15.5545 0.000145307
15.5884 7.95021e-05
15.6223 1.40464e-05
15.6562 5.15371e-05
15.69 0.00011597
15.7239 0.000179841
15.7578 0.000243081
15.7917 0.00030565
15.8256 0.000367505
15.8595 0.000428579
15.8934 0.000488802
15.9273 0.000548162
15.9611 0.000606584
15.995 0.00066406
16.0289 0.000720517
16.0628 0.000775913
16.0967 0.000830191
16.1306 0.000883304
16.1645 0.000935203
16.1984 0.000985838
16.2323 0.00103516
16.2661 0.00108314
16.3 0.00112973
16.3339 0.00117489
16.3678 0.0012186
16.4017 0.00126083
16.4356 0.00130155
16.4695 0.00134074
16.5034 0.00137838
16.5372 0.00141444
16.5711 0.00144892
16.605 0.00148179
16.6389 0.00151302
16.6728 0.00154261
16.7067 0.00157054
16.7406 0.00159678
16.7745 0.00162134
16.8083 0.00164418
16.8422 0.00166531
16.8761 0.0016847
16.91 0.00170236
16.9439 0.00171828
16.9778 0.00173245
17.0117 0.00174486
17.0456 0.00175555
17.0794 0.0017645
17.1133 0.00177169
17.1472 0.00177713
17.1811 0.00178082
17.215 0.00178278
17.2489 0.00178301
17.2828 0.00178153
17.3167 0.00177834
17.3505 0.00177347
17.3844 0.00176693
17.4183 0.00175873
17.4522 0.00174891
17.4861 0.00173748
17.52 0.00172446
17.5539 0.00170988
17.5878 0.00169378
17.6216 0.00167616
17.6555 0.00165706
17.6894 0.0016365
17.7233 0.0016145
17.7572 0.00159111
17.7911 0.00156635
17.825 0.00154026
17.8589 0.00151287
17.8928 0.00148421
17.9266 0.00145432
17.9605 0.00142325
17.9944 0.00139101
18.0283 0.00135767
18.0622 0.00132325
18.0961 0.00128779
18.13 0.00125135
18.1639 0.00121396
18.1977 0.00117566
18.2316 0.00113651
18.2655 0.00109653
18.2994 0.00105578
18.3333 0.0010143
18.3672 0.000972141
18.4011 0.000929333
18.435 0.000885932
18.4688 0.000841973
18.5027 0.000797508
18.5366 0.000752573
18.5705 0.000707223
18.6044 0.000661493
18.6383 0.000615443
18.6722 0.000569111
18.7061 0.000522554
18.7399 0.000475812
18.7738 0.000428946
18.8077 0.000381991
18.8416 0.00033504
18.8755 0.000288112
18.9094 0.000241245
18.9433 0.000194468
18.9772 0.000147828
19.011 0.000101357
19.0449 5.51018e-05
19.0788 9.09332e-06
19.1127 3.70968e-05
19.1466 8.24417e-05
19.1805 0.000127382
19.2144 0.000171871
19.2483 0.00021588
19.2822 0.000259364
19.316 0.000302307
19.3499 0.000344738
19.3838 0.000386546
19.4177 0.000427691
19.4516 0.000468137
19.4855 0.000507847
19.5194 0.000546791
19.5533 0.000584931
19.5871 0.000622236
19.621 0.000658671
19.6549 0.000694207
19.6888 0.000728815
19.7227 0.000762466
19.7566 0.00079515
19.7905 0.000826825
19.8244 0.000857472
19.8582 0.000887104
19.8921 0.00091567
19.926 0.000943153
19.9599 0.00096954
19.9938 0.000994815
20.0277 0.00101897
20.0616 0.00104198
20.0955 0.00106384
20.1293 0.00108454
20.1632 0.00110406
20.1971 0.0011224
20.231 0.00113955
20.2649 0.00115549
20.2988 0.00117022
20.3327 0.00118373
20.3666 0.00119602
20.4004 0.0012071
20.4343 0.00121695
20.4682 0.00122557
20.5021 0.00123294
20.536 0.00123908
20.5699 0.00124398
20.6038 0.00124765
20.6377 0.00125009
20.6716 0.00125131
20.7054 0.00125131
20.7393 0.0012501
20.7732 0.0012477
20.8071 0.00124411
20.841 0.00123934
20.8749 0.00123342
20.9088 0.00122634
20.9427 0.00121813
20.9765 0.0012088
21.0104 0.00119838
21.0443 0.00118686
21.0782 0.00117429
21.1121 0.00116066
21.146 0.00114605
21.1799 0.00113043
21.2138 0.00111383
21.2476 0.00109626
21.2815 0.00107777
21.3154 0.00105836
21.3493 0.00103807
21.3832 0.00101691
21.4171 0.00099492
21.451 0.000972122
21.4849 0.000948544
21.5187 0.000924213
21.5526 0.00089916
21.5865 0.000873413
21.6204 0.000847003
21.6543 0.000819958
21.6882 0.000792312
21.7221 0.000764092
21.756 0.000735334
21.7898 0.000706065
21.8237 0.00067632
21.8576 0.000646128
21.8915 0.000615523
21.9254 0.000584536
21.9593 0.0005532
21.9932 0.000521546
22.0271 0.000489607
22.061 0.000457412
22.0948 0.000424999
22.1287 0.000392392
22.1626 0.000359631
22.1965 0.000326745
22.2304 0.000293769
22.2643 0.000260732
22.2982 0.000227672
22.3321 0.000194617
22.3659 0.000161604
22.3998 0.000128661
22.4337 9.58226e-05
22.4676 6.31173e-05
22.5015 3.05799e-05
22.5354 2.81355e-06
22.5693 3.43997e-05
22.6032 6.62089e-05
22.637 9.77355e-05
22.6709 0.00012895
22.7048 0.00015983
22.7387 0.000190346
22.7726 0.000220476
22.8065 0.000250193
22.8404 0.000279488
22.8743 0.000308322
22.9081 0.000336673
22.942 0.000364512
22.9759 0.000391815
23.0098 0.000418556
23.0437 0.000444711
23.0776 0.000470254
23.1115 0.000495167
23.1454 0.000519428
23.1792 0.000543016
23.2131 0.000565911
23.247 0.000588099
23.2809 0.000609562
23.3148 0.000630288
23.3487 0.000650264
23.3826 0.000669478
23.4165 0.000687918
23.4503 0.000705574
23.4842 0.000722436
23.5181 0.000738493
23.552 0.000753737
23.5859 0.000768159
23.6198 0.000781755
23.6537 0.000794512
23.6876 0.000806452
23.7215 0.000817511
23.7553 0.000827736
23.7892 0.000837108
23.8231 0.000845617
23.857 0.000853256
23.8909 0.000860024
23.9248 0.000865921
23.9587 0.000870946
23.9926 0.0008751
24.0264 0.000878385
24.0603 0.000880803
24.0942 0.000882358
24.1281 0.000883053
24.162 0.000882895
24.1959 0.000881889
24.2298 0.000880041
24.2637 0.000877359
24.2975 0.000873852
24.3314 0.000869528
24.3653 0.000864397
24.3992 0.00085847
24.4331 0.000851758
24.467 0.000844274
24.5009 0.000836032
24.5348 0.000827042
24.5686 0.000817316
24.6025 0.00080687
24.6364 0.000795718
24.6703 0.000783875
24.7042 0.000771357
24.7381 0.000758181
24.772 0.000744364
24.8059 0.000729956
24.8397 0.000714943
24.8736 0.000699344
24.9075 0.000683179
24.9414 0.000666471
24.9753 0.000649237
