0.78827 0
0.788984 0.03125

0.788833 0.03125
0.791277 0.0625

0.791289 0.0625
0.795739 0.09375

0.795796 0.09375
0.802112 0.125

0.801591 0.125
0.810704 0.15625

0.810482 0.15625
0.8125 0.161114

0.8125 0.160509
0.823699 0.1875

0.822776 0.1875
0.841387 0.21875

0.841347 0.21875
0.84375 0.221966

0.84375 0.22303
0.868722 0.25

0.869876 0.25
0.875 0.254463

0.875 0.255238
0.90625 0.276628

0.90625 0.27759
0.919761 0.28125

0.916492 0.28125
0.9375 0.286941

0.96875 0.280098
0.952092 0.28125

0.9375 0.284251
0.96875 0.28209

0.96875 0.279223
1 0.276863

0.96875 0.281436
0.971213 0.28125

1 0.28073
1.03125 0.275559

1.03125 0.273958
1.0625 0.261459

1.0625 0.260304
1.08159 0.25

1.09375 0.245849
1.125 0.222102

1.15625 0.189132
1.12831 0.21875

1.125 0.221625
1.12814 0.21875

1.1875 0.138892
1.17935 0.15625

1.17901 0.15625
1.15715 0.1875

1.15625 0.188794
1.1573 0.1875

1.2176 0
1.21616 0.03125

1.21654 0.03125
1.21146 0.0625

1.21088 0.0625
1.20259 0.09375

1.2024 0.09375
1.19242 0.125

1.1875 0.139223
1.19417 0.125

rising_k_provider_stats evaluations=6832 clamp_hits=0
