0.914447 0
0.91446 0.0078125

0.91446 0.0078125
0.914497 0.015625

0.914497 0.015625
0.914559 0.0234375

0.914559 0.0234375
0.914647 0.03125

0.914647 0.03125
0.91476 0.0390625

0.91476 0.0390625
0.914901 0.046875

0.9149 0.046875
0.915069 0.0546875

0.915068 0.0546875
0.915265 0.0625

0.915265 0.0625
0.915492 0.0703125

0.915491 0.0703125
0.915749 0.078125

0.915749 0.078125
0.91604 0.0859375

0.91604 0.0859375
0.916366 0.09375

0.916366 0.09375
0.916729 0.101562

0.916728 0.101562
0.917131 0.109375

0.91713 0.109375
0.917575 0.117188

0.917574 0.117188
0.918063 0.125

0.918062 0.125
0.9186 0.132812

0.918599 0.132812
0.919189 0.140625

0.919188 0.140625
0.919833 0.148438

0.919832 0.148438
0.920538 0.15625

0.920537 0.15625
0.921308 0.164062

0.921306 0.164062
0.921875 0.169344

0.921875 0.169338
0.922148 0.171875

0.922146 0.171875
0.923067 0.179688

0.923065 0.179688
0.92407 0.1875

0.924068 0.1875
0.925167 0.195312

0.925165 0.195312
0.926365 0.203125

0.926363 0.203125
0.927674 0.210938

0.927671 0.210938
0.929101 0.21875

0.92909 0.21875
0.929688 0.221719

0.929688 0.221686
0.930669 0.226562

0.930666 0.226562
0.932398 0.234375

0.932394 0.234375
0.934297 0.242188

0.934293 0.242188
0.936382 0.25

0.936356 0.25
0.9375 0.253853

0.9375 0.253795
0.938693 0.257812

0.938685 0.257812
0.941269 0.265625

0.94126 0.265625
0.944124 0.273438

0.94406 0.273438
0.945312 0.276474

0.945312 0.276344
0.947336 0.28125

0.947318 0.28125
0.950954 0.289062

0.950862 0.289062
0.953125 0.293309

0.953125 0.293182
0.955094 0.296875

0.955049 0.296875
0.95988 0.304688

0.959701 0.304688
0.960938 0.306515

0.960938 0.306235
0.965537 0.3125

0.965438 0.3125
0.96875 0.316419

0.96875 0.316187
0.972595 0.320312

0.972401 0.320312
0.976562 0.324227

0.976562 0.324169
0.981685 0.328125

0.981173 0.328125
0.984375 0.33039

0.984375 0.330091
0.992188 0.334724

0.992188 0.334788
0.994795 0.335938

0.994638 0.335938
1 0.338302

1 0.338116
1.00781 0.340481

1.00781 0.340496
1.01562 0.34208

1.01562 0.342074
1.02344 0.342859

1.02344 0.342849
1.03125 0.342869

1.03125 0.342852
1.03906 0.342162

1.03906 0.342142
1.04688 0.340814

1.04688 0.340794
1.05469 0.338909

1.05469 0.3389
1.0625 0.336517

1.07031 0.333628
1.06412 0.335938

1.0625 0.33654
1.06412 0.335938

1.07031 0.333569
1.07812 0.330192

1.08594 0.326451
1.08251 0.328125

1.07812 0.330217
1.08241 0.328125

1.08594 0.326359
1.09375 0.322152

1.10156 0.317652
1.09703 0.320312

1.09375 0.322172
1.09692 0.320312

1.10156 0.317583
1.10938 0.312581

1.11719 0.307256
1.10948 0.3125

1.10938 0.312549
1.10945 0.3125

1.125 0.301666
1.12082 0.304688

1.11719 0.307223
1.12073 0.304688

1.13281 0.295706
1.1313 0.296875

1.125 0.301597
1.13113 0.296875

1.13281 0.295596
1.14062 0.28923

1.14844 0.282529
1.14082 0.289062

1.14062 0.289209
1.1408 0.289062

1.15625 0.275485
1.14987 0.28125

1.14844 0.282489
1.14984 0.28125

1.16406 0.268077
1.15841 0.273438

1.15625 0.275417
1.15837 0.273438

1.17188 0.260227
1.16653 0.265625

1.16406 0.268001
1.16648 0.265625

1.17969 0.251974
1.17424 0.257812

1.17188 0.260192
1.17418 0.257812

1.1875 0.243321
1.18154 0.25

1.17969 0.251964
1.18149 0.25

1.19531 0.234274
1.19523 0.234375

1.19514 0.234375
1.18851 0.242188

1.1875 0.243298
1.18847 0.242188

1.20312 0.224482
1.20152 0.226562

1.19531 0.234152
1.20146 0.226562

1.21094 0.214118
1.20752 0.21875

1.20312 0.224386
1.20748 0.21875

1.21874 0.203125
1.21326 0.210938

1.21094 0.214085
1.21321 0.210938

1.22656 0.191249
1.22398 0.195312

1.21875 0.203098
1.22395 0.195312

1.23438 0.178466
1.23368 0.179688

1.23363 0.179688
1.22892 0.1875

1.22656 0.191177
1.2289 0.1875

1.24219 0.164359
1.23811 0.171875

1.23438 0.17837
1.2381 0.171875

1.25 0.148739
1.24636 0.15625

1.24635 0.15625
1.24234 0.164062

1.24219 0.164346
1.24234 0.164062

1.25781 0.130981
1.25708 0.132812

1.25706 0.132812
1.2537 0.140625

1.2537 0.140625
1.25013 0.148438

1.25 0.148726
1.25014 0.148438

1.26562 0.110057
1.26313 0.117188

1.26313 0.117188
1.26019 0.125

1.25781 0.130917
1.26019 0.125

1.27344 0.0836016
1.27286 0.0859375

1.27285 0.0859375
1.27072 0.09375

1.27071 0.09375
1.26838 0.101562

1.26838 0.101562
1.26585 0.109375

1.26562 0.110047
1.26586 0.109375

1.28125 0.0423173
1.28067 0.046875

1.28066 0.046875
1.27947 0.0546875

1.27947 0.0546875
1.2781 0.0625

1.2781 0.0625
1.27653 0.0703125

1.27653 0.0703125
1.27478 0.078125

1.27344 0.0835613
1.27479 0.078125

1.28394 0
1.28384 0.0078125

1.28384 0.0078125
1.28357 0.015625

1.28357 0.015625
1.28312 0.0234375

1.28312 0.0234375
1.28248 0.03125

1.28248 0.03125
1.28167 0.0390625

1.28125 0.042297
1.28166 0.0390625

kappa_offset_provider_stats evaluations=216115 clamp_hits=0 denominator_guard_hits=0 min_abs_denominator=0.93832775473877694 max_abs_d_over_h=0.49994408307007782 grad_samples=216115 grad_min=0.99081569137442904 grad_mean=0.99972375292145244 grad_std=0.000776017889090453 grad_max=1.0003320600438339
