0 0.00943456
0.0338878 0.00942813
0.0677756 0.00941152
0.101663 0.00938325
0.135551 0.00934582
0.169439 0.00929937
0.203327 0.00924401
0.237215 0.00917987
0.271102 0.00910703
0.30499 0.00902568
0.338878 0.00893588
0.372766 0.00883784
0.406653 0.00873162
0.440541 0.00861744
0.474429 0.00849536
0.508317 0.00836564
0.542205 0.00822832
0.576092 0.00808368
0.60998 0.00793176
0.643868 0.00777284
0.677756 0.00760693
0.711644 0.00743434
0.745531 0.00725505
0.779419 0.00706941
0.813307 0.00687738
0.847195 0.00667936
0.881082 0.00647525
0.91497 0.00626551
0.948858 0.00605002
0.982746 0.00582924
1.01663 0.00560305
1.05052 0.00537195
1.08441 0.00513581
1.1183 0.00489516
1.15218 0.00464987
1.18607 0.00440052
1.21996 0.00414698
1.25385 0.00388986
1.28774 0.00362903
1.32162 0.00336516
1.35551 0.00309812
1.3894 0.00282863
1.42329 0.00255657
1.45717 0.00228269
1.49106 0.00200691
1.52495 0.00172999
1.55884 0.00145181
1.59273 0.00117317
1.62661 0.000893932
1.6605 0.000614861
1.69439 0.000335814
1.72828 0.000110873
1.76216 0.000266504
1.79605 0.000499623
1.82994 0.000776397
1.86383 0.00104952
1.89772 0.00131925
1.9316 0.00158581
1.96549 0.00184884
1.99938 0.00210851
2.03327 0.00236448
2.06716 0.00261726
2.10104 0.00286644
2.13493 0.00311191
2.16882 0.00335334
2.20271 0.00359081
2.23659 0.00382401
2.27048 0.00405301
2.30437 0.00427749
2.33826 0.00449751
2.37215 0.00471275
2.40603 0.00492325
2.43992 0.00512871
2.47381 0.00532915
2.5077 0.00552426
2.54158 0.00571406
2.57547 0.00589826
2.60936 0.00607683
2.64325 0.00624952
2.67714 0.0064163
2.71102 0.0065769
2.74491 0.00673135
2.7788 0.00687932
2.81269 0.00702084
2.84657 0.00715568
2.88046 0.00728428
2.91435 0.00740615
2.94824 0.00752101
2.98213 0.00762868
3.01601 0.00772913
3.0499 0.00782223
3.08379 0.00790796
3.11768 0.00798622
3.15156 0.00805701
3.18545 0.00812027
3.21934 0.008176
3.25323 0.0082242
3.28712 0.00826485
3.321 0.00829799
3.35489 0.00832363
3.38878 0.00834182
3.42267 0.00835258
3.45655 0.00835598
3.49044 0.00835207
3.52433 0.0083409
3.55822 0.00832268
3.59211 0.00829751
3.62599 0.00826525
3.65988 0.00822595
3.69377 0.00817971
3.72766 0.00812657
3.76154 0.00806669
3.79543 0.00800004
3.82932 0.00792682
3.86321 0.00784703
3.8971 0.00776082
3.93098 0.00766822
3.96487 0.00756941
3.99876 0.00746443
4.03265 0.00735345
4.06653 0.0072365
4.10042 0.00711379
4.13431 0.00698538
4.1682 0.00685162
4.20209 0.00671235
4.23597 0.00656784
4.26986 0.0064181
4.30375 0.00626341
4.33764 0.00610377
4.37152 0.00593952
4.40541 0.00577062
4.4393 0.00559746
4.47319 0.00542
4.50708 0.00523863
4.54096 0.00505333
4.57485 0.0048645
4.60874 0.00467212
4.64263 0.00447661
4.67651 0.00427794
4.7104 0.00407655
4.74429 0.00387241
4.77818 0.00366596
4.81207 0.00345717
4.84595 0.00324649
4.87984 0.00303388
4.91373 0.00281981
4.94762 0.00260423
4.9815 0.00238768
5.01539 0.00217006
5.04928 0.00195183
5.08317 0.00173291
5.11706 0.00151376
5.15094 0.00129432
5.18483 0.00107504
5.21872 0.000855844
5.25261 0.000637189
5.28649 0.000418998
5.32038 0.000201741
5.35427 2.4524e-05
5.38816 0.000233928
5.42205 0.000447144
5.45593 0.000658199
5.48982 0.000866771
5.52371 0.00107295
5.5576 0.00127641
5.59149 0.00147723
5.62537 0.0016751
5.65926 0.00187006
5.69315 0.00206184
5.72704 0.00225045
5.76092 0.00243564
5.79481 0.00261742
5.8287 0.00279554
5.86259 0.00297001
5.89648 0.00314059
5.93036 0.0033073
5.96425 0.00346992
5.99814 0.00362845
6.03203 0.00378271
6.06591 0.00393267
6.0998 0.00407819
6.13369 0.00421925
6.16758 0.00435571
6.20147 0.00448755
6.23535 0.00461465
6.26924 0.004737
6.30313 0.00485449
6.33702 0.00496714
6.3709 0.00507478
6.40479 0.00517746
6.43868 0.00527507
6.47257 0.00536759
6.50646 0.00545495
6.54034 0.00553711
6.57423 0.00561402
6.60812 0.00568564
6.64201 0.00575194
6.67589 0.00581287
6.70978 0.00586839
6.74367 0.00591847
6.77756 0.00596307
6.81145 0.00600217
6.84533 0.00603573
6.87922 0.00606373
6.91311 0.00608614
6.947 0.00610296
6.98088 0.00611417
7.01477 0.00611977
7.04866 0.00611975
7.08255 0.00611411
7.11644 0.00610288
7.15032 0.00608608
7.18421 0.00606371
7.2181 0.00603583
7.25199 0.00600247
7.28587 0.00596368
7.31976 0.0059195
7.35365 0.00587001
7.38754 0.00581526
7.42143 0.00575535
7.45531 0.00569032
7.4892 0.00562031
7.52309 0.00554535
7.55698 0.0054656
7.59086 0.00538111
7.62475 0.00529203
7.65864 0.00519842
7.69253 0.00510046
7.72642 0.00499824
7.7603 0.00489189
7.79419 0.0047815
7.82808 0.00466723
7.86197 0.00454918
7.89585 0.00442755
7.92974 0.00430237
7.96363 0.00417387
7.99752 0.00404208
8.03141 0.00390726
8.06529 0.00376941
8.09918 0.00362881
8.13307 0.00348545
8.16696 0.00333962
8.20084 0.00319131
8.23473 0.00304081
8.26862 0.00288811
8.30251 0.00273351
8.3364 0.00257698
8.37028 0.00241883
8.40417 0.00225905
8.43806 0.00209792
8.47195 0.00193544
8.50583 0.00177192
8.53972 0.00160737
8.57361 0.00144207
8.6075 0.00127598
8.64139 0.00110941
8.67527 0.000942336
8.70916 0.000775066
8.74305 0.000607562
8.77694 0.000440138
8.81082 0.000272747
8.84471 0.000105698
8.8786 6.46166e-05
8.91249 0.000230544
8.94638 0.00039531
8.98026 0.000558373
9.01415 0.000719609
9.04804 0.000879114
9.08193 0.00103673
9.11582 0.00119255
9.1497 0.00134638
9.18359 0.00149827
9.21748 0.00164803
9.25137 0.00179569
9.28525 0.00194108
9.31914 0.0020842
9.35303 0.00222487
9.38692 0.00236309
9.42081 0.00249868
9.45469 0.00263163
9.48858 0.00276177
9.52247 0.00288909
9.55636 0.00301341
9.59024 0.00313471
9.62413 0.00325284
9.65802 0.00336777
9.69191 0.00347935
9.7258 0.0035876
9.75968 0.0036923
9.79357 0.00379347
9.82746 0.00389099
9.86135 0.0039848
9.89523 0.00407478
9.92912 0.00416091
9.96301 0.00424307
9.9969 0.00432158
10.0308 0.00439601
10.0647 0.00446631
10.0986 0.0045324
10.1324 0.00459422
10.1663 0.00465171
10.2002 0.00470482
10.2341 0.0047535
10.268 0.00479771
10.3019 0.0048374
10.3358 0.00487255
10.3697 0.00490313
10.4036 0.00492912
10.4374 0.0049505
10.4713 0.00496727
10.5052 0.00497943
10.5391 0.00498698
10.573 0.00498995
10.6069 0.00498834
10.6408 0.00498218
10.6747 0.00497151
10.7085 0.00495637
10.7424 0.0049368
10.7763 0.00491284
10.8102 0.00488456
10.8441 0.00485201
10.878 0.00481525
10.9119 0.00477436
10.9458 0.0047294
10.9796 0.00468045
11.0135 0.00462758
11.0474 0.00457087
11.0813 0.00451042
11.1152 0.00444628
11.1491 0.00437857
11.183 0.00430735
11.2169 0.00423273
11.2507 0.00415476
11.2846 0.00407358
11.3185 0.00398924
11.3524 0.00390187
11.3863 0.00381151
11.4202 0.00371836
11.4541 0.00362237
11.488 0.00352377
11.5218 0.00342252
11.5557 0.00331885
11.5896 0.00321272
11.6235 0.00310437
11.6574 0.00299376
11.6913 0.00288113
11.7252 0.00276647
11.7591 0.00264997
11.793 0.00253164
11.8268 0.00241168
11.8607 0.0022901
11.8946 0.00216711
11.9285 0.00204271
11.9624 0.00191712
11.9963 0.00179035
12.0302 0.00166262
12.0641 0.00153393
12.0979 0.0014045
12.1318 0.00127435
12.1657 0.00114369
12.1996 0.00101255
12.2335 0.000881135
12.2674 0.000749467
12.3013 0.00061777
12.3352 0.000486055
12.369 0.00035455
12.4029 0.000223265
12.4368 9.2427e-05
12.4707 4.19917e-05
12.5046 0.000171488
12.5385 0.00029956
12.5724 0.000426279
12.6063 0.000551521
12.6401 0.000675295
12.674 0.000797465
12.7079 0.000918046
12.7418 0.0010369
12.7757 0.00115397
12.8096 0.00126918
12.8435 0.00138246
12.8774 0.00149374
12.9112 0.00160295
12.9451 0.00171002
12.979 0.00181487
13.0129 0.00191746
13.0468 0.00201769
13.0807 0.00211553
13.1146 0.0022109
13.1485 0.00230376
13.1823 0.00239404
13.2162 0.00248172
13.2501 0.00256676
13.284 0.00264907
13.3179 0.00272864
13.3518 0.0028054
13.3857 0.00287933
13.4196 0.00295039
13.4535 0.00301855
13.4873 0.00308375
13.5212 0.00314599
13.5551 0.00320521
13.589 0.0032614
13.6229 0.0033145
13.6568 0.00336449
13.6907 0.00341133
13.7246 0.003455
13.7584 0.00349546
13.7923 0.00353269
13.8262 0.00356663
13.8601 0.00359728
13.894 0.0036246
13.9279 0.00364856
13.9618 0.00366917
13.9957 0.00368638
14.0295 0.00370018
14.0634 0.00371054
14.0973 0.00371745
14.1312 0.0037209
14.1651 0.00372089
14.199 0.00371743
14.2329 0.00371051
14.2668 0.00370014
14.3006 0.00368635
14.3345 0.00366914
14.3684 0.00364855
14.4023 0.0036246
14.4362 0.00359733
14.4701 0.00356678
14.504 0.00353299
14.5379 0.00349601
14.5717 0.00345588
14.6056 0.00341268
14.6395 0.00336644
14.6734 0.00331725
14.7073 0.00326514
14.7412 0.00321022
14.7751 0.00315252
14.809 0.00309215
14.8429 0.00302914
14.8767 0.00296361
14.9106 0.0028956
14.9445 0.00282522
14.9784 0.00275252
15.0123 0.00267761
15.0462 0.00260053
15.0801 0.00252141
15.114 0.00244028
15.1478 0.00235728
15.1817 0.00227244
15.2156 0.00218589
15.2495 0.00209767
15.2834 0.00200791
15.3173 0.00191665
15.3512 0.00182403
15.3851 0.00173007
15.4189 0.00163492
15.4528 0.00153861
15.4867 0.00144129
15.5206 0.00134302
15.5545 0.00124389
15.5884 0.00114397
15.6223 0.00104336
15.6562 0.000942147
15.69 0.000840419
15.7239 0.000738267
15.7578 0.000635778
15.7917 0.000533041
15.8256 0.000430145
15.8595 0.000327178
15.8934 0.000224231
15.9273 0.000121389
15.9611 5.64518e-05
15.995 8.63797e-05
16.0289 0.00018821
16.0628 0.000289283
16.0967 0.000389119
16.1306 0.000487726
16.1645 0.000585155
16.1984 0.00068135
16.2323 0.000776367
16.2661 0.000870072
16.3 0.000962505
16.3339 0.0010536
16.3678 0.00114334
16.4017 0.00123167
16.4356 0.00131858
16.4695 0.00140398
16.5034 0.00148787
16.5372 0.00157018
16.5711 0.00165089
16.605 0.00173
16.6389 0.00180739
16.6728 0.00188306
16.7067 0.00195696
16.7406 0.00202901
16.7745 0.00209919
16.8083 0.00216744
16.8422 0.00223373
16.8761 0.00229799
16.91 0.00236019
16.9439 0.00242027
16.9778 0.00247819
17.0117 0.00253387
17.0456 0.0025873
17.0794 0.00263839
17.1133 0.00268711
17.1472 0.00273339
17.1811 0.00277719
17.215 0.00281845
17.2489 0.00285712
17.2828 0.00289316
17.3167 0.00292651
17.3505 0.00295713
17.3844 0.00298499
17.4183 0.00301003
17.4522 0.00303227
17.4861 0.00305163
17.52 0.00306811
17.5539 0.00308166
17.5878 0.00309229
17.6216 0.00309998
17.6555 0.00310473
17.6894 0.00310655
17.7233 0.00310544
17.7572 0.00310141
17.7911 0.00309449
17.825 0.0030847
17.8589 0.00307206
17.8928 0.00305662
17.9266 0.00303842
17.9605 0.00301748
17.9944 0.00299387
18.0283 0.00296762
18.0622 0.0029388
18.0961 0.00290745
18.13 0.00287363
18.1639 0.0028374
18.1977 0.00279883
18.2316 0.00275796
18.2655 0.00271487
18.2994 0.0026696
18.3333 0.00262224
18.3672 0.00257282
18.4011 0.00252143
18.435 0.00246812
18.4688 0.00241296
18.5027 0.00235599
18.5366 0.00229729
18.5705 0.00223691
18.6044 0.00217493
18.6383 0.00211138
18.6722 0.00204636
18.7061 0.00197988
18.7399 0.00191204
18.7738 0.00184288
18.8077 0.00177248
18.8416 0.00170087
18.8755 0.00162814
18.9094 0.00155433
18.9433 0.00147952
18.9772 0.00140375
19.011 0.00132712
19.0449 0.00124965
19.0788 0.00117145
19.1127 0.00109253
19.1466 0.00101302
19.1805 0.000932928
19.2144 0.000852371
19.2483 0.000771373
19.2822 0.000690049
19.316 0.000608422
19.3499 0.000526609
19.3838 0.000444653
19.4177 0.000362658
19.4516 0.000280647
19.4855 0.000198739
19.5194 0.000116961
19.5533 4.89885e-05
19.5871 4.9397e-05
19.621 0.000130251
19.6549 0.000210118
19.6888 0.000289062
19.7227 0.000367037
19.7566 0.000444037
19.7905 0.000520006
19.8244 0.000594936
19.8582 0.00066876
19.8921 0.000741459
19.926 0.000812968
19.9599 0.000883265
19.9938 0.000952288
20.0277 0.00102001
20.0616 0.00108638
20.0955 0.00115136
20.1293 0.0012149
20.1632 0.00127697
20.1971 0.00133754
20.231 0.00139656
20.2649 0.001454
20.2988 0.00150984
20.3327 0.00156404
20.3666 0.00161658
20.4004 0.00166742
20.4343 0.00171655
20.4682 0.00176395
20.5021 0.00180959
20.536 0.00185345
20.5699 0.00189552
20.6038 0.00193578
20.6377 0.0019742
20.6716 0.00201076
20.7054 0.00204546
20.7393 0.00207827
20.7732 0.00210916
20.8071 0.00213813
20.841 0.00216515
20.8749 0.00219019
20.9088 0.00221324
20.9427 0.00223428
20.9765 0.00225328
21.0104 0.00227023
21.0443 0.0022851
21.0782 0.00229788
21.1121 0.00230854
21.146 0.00231708
21.1799 0.00232347
21.2138 0.00232771
21.2476 0.00232978
21.2815 0.00232967
21.3154 0.00232739
21.3493 0.00232294
21.3832 0.00231631
21.4171 0.00230751
21.451 0.00229656
21.4849 0.00228346
21.5187 0.00226824
21.5526 0.00225091
21.5865 0.0022315
21.6204 0.00221003
21.6543 0.00218653
21.6882 0.00216105
21.7221 0.00213361
21.756 0.00210425
21.7898 0.00207301
21.8237 0.00203994
21.8576 0.00200508
21.8915 0.00196847
21.9254 0.00193017
21.9593 0.00189022
21.9932 0.00184868
22.0271 0.00180558
22.061 0.00176099
22.0948 0.00171495
22.1287 0.00166753
22.1626 0.00161876
22.1965 0.00156871
22.2304 0.00151742
22.2643 0.00146496
22.2982 0.00141136
22.3321 0.0013567
22.3659 0.00130101
22.3998 0.00124436
22.4337 0.00118679
22.4676 0.00112837
22.5015 0.00106914
22.5354 0.00100916
22.5693 0.000948477
22.6032 0.000887163
22.637 0.000825248
22.6709 0.000762813
22.7048 0.000699884
22.7387 0.000636547
22.7726 0.000572825
22.8065 0.000508806
22.8404 0.000444512
22.8743 0.000380032
22.9081 0.000315387
22.942 0.000250667
22.9759 0.000185893
23.0098 0.000121154
23.0437 6.25649e-05
23.0776 4.1122e-05
23.1115 7.95767e-05
23.1454 0.000143407
23.1792 0.000206451
23.2131 0.000268791
23.247 0.000330379
23.2809 0.000391242
23.3148 0.000451357
23.3487 0.000510724
23.3826 0.000569312
23.4165 0.000627118
23.4503 0.000684107
23.4842 0.000740272
23.5181 0.000795575
23.552 0.000850007
23.5859 0.000903528
23.6198 0.000956127
23.6537 0.00100776
23.6876 0.00105843
23.7215 0.00110807
23.7553 0.00115669
23.7892 0.00120423
23.8231 0.00125068
23.857 0.00129601
23.8909 0.00134018
23.9248 0.00138317
23.9587 0.00142495
23.9926 0.00146547
24.0264 0.00150471
24.0603 0.00154263
24.0942 0.0015792
24.1281 0.00161438
24.162 0.00164814
24.1959 0.00168043
24.2298 0.00171123
24.2637 0.00174048
24.2975 0.00176817
24.3314 0.00179424
24.3653 0.00181867
24.3992 0.00184141
24.4331 0.00186245
24.467 0.00188174
24.5009 0.00189926
24.5348 0.00191497
24.5686 0.00192887
24.6025 0.00194093
24.6364 0.00195112
24.6703 0.00195945
24.7042 0.0019659
24.7381 0.00197046
24.772 0.00197314
24.8059 0.00197394
24.8397 0.00197286
24.8736 0.00196992
24.9075 0.00196513
24.9414 0.0019585
24.9753 0.00195007
