0 0 0
0.000200452 7.42533e-06 1
0.000583132 4.62294e-05 1
0.00113147 0.00010968 2
0.00183038 0.000176559 2
0.00266622 0.000241614 2
0.00362658 0.000302969 2
0.00470018 0.00035616 2
0.00587671 0.000399718 2
0.00714681 0.000436613 3
0.00850196 0.000469 3
0.0099344 0.000496906 3
0.0114371 0.000519572 2
0.0130037 0.000537281 2
0.0146283 0.000552193 2
0.0163057 0.00056712 2
0.0180311 0.000579324 2
0.0198001 0.000589906 2
0.0216089 0.000607445 2
0.0234538 0.000603748 3
0.0253316 0.000570803 3
0.0272392 0.000505262 3
0.0291742 0.000423595 3
0.0311339 0.000337469 3
0.0331161 0.00025528 3
0.0351189 0.000180565 3
0.0371403 0.000116106 3
0.0391788 6.63211e-05 3
0.0412327 3.71686e-05 3
0.0433006 3.26779e-05 2
0.0453813 5.3411e-05 2
0.0474737 9.68551e-05 3
0.0495765 0.000159222 3
0.051689 0.0002358 3
0.0538101 0.000319747 3
0.055939 0.000402028 3
0.0580751 0.000473263 3
0.0602176 0.000525889 3
0.0623659 0.000555567 3
0.0645194 0.000556488 3
0.0666777 0.0005293 3
0.0688403 0.000477514 3
0.0710068 0.000403182 3
0.0731768 0.000320231 3
0.07535 0.000234913 3
0.0775261 0.000154744 3
0.0797049 8.71991e-05 3
0.0818861 3.99564e-05 3
0.0840694 1.88496e-05 3
0.0862548 2.64029e-05 2
0.088442 6.1321e-05 3
0.0906308 0.000119486 3
0.0928211 0.000194341 3
0.0950128 0.000277958 3
0.0972056 0.000361888 3
0.0993997 0.000437906 3
0.101595 0.000498547 3
0.103791 0.00053449 3
0.105987 0.00054295 3
0.108185 0.000522973 3
0.110383 0.000470937 3
0.112582 0.00040088 3
0.114782 0.000319131 3
0.116982 0.000234744 3
0.119183 0.000156196 3
0.121384 9.0245e-05 3
0.123586 4.32205e-05 3
0.125788 2.01571e-05 3
0.127991 2.40773e-05 2
0.130194 5.4543e-05 3
0.132397 0.000108401 3
0.134601 0.000179745 3
0.136805 0.000260743 3
0.139009 0.00034261 3
0.141213 0.000416577 3
0.143418 0.000474986 3
0.145623 0.000505976 3
0.147827 0.000514756 3
0.150032 0.00049668 3
0.152237 0.000447105 3
0.154442 0.000380211 3
0.156646 0.000302995 3
0.158851 0.000223728 3
0.161056 0.000149888 3
0.163261 8.74399e-05 3
0.165466 4.2495e-05 3
0.167672 2.01926e-05 3
0.169877 2.37898e-05 2
0.172082 5.29549e-05 3
0.174287 0.000104488 3
0.176492 0.000172452 3
0.178697 0.000249176 3
0.180902 0.000326329 3
0.183107 0.00039575 3
0.185312 0.000450421 3
0.187518 0.00048514 3
0.189723 0.000493378 3
0.191928 0.000475512 3
0.194133 0.000427245 3
0.196338 0.000362588 3
0.198544 0.000288911 3
0.200749 0.00021359 3
0.202954 0.000143241 3
0.20516 8.35264e-05 3
0.207365 4.05756e-05 3
0.20957 1.95546e-05 3
0.211776 2.35648e-05 2
0.213981 5.20774e-05 2
0.216187 0.000101847 3
0.218392 0.000167089 3
0.220598 0.000240397 3
0.222803 0.000313778 3
0.225008 0.000379497 3
0.227214 0.000430957 3
0.229419 0.000458681 3
0.231625 0.000466123 3
0.23383 0.000448791 3
0.236036 0.000402334 3
0.238241 0.000340684 3
0.240446 0.000270342 3
0.242652 0.000198693 3
0.244857 0.000132458 3
0.247063 7.69671e-05 3
0.249268 3.76196e-05 3
0.251473 1.88687e-05 3
0.253678 2.3465e-05 2
0.255883 5.10056e-05 2
0.258089 9.85108e-05 3
0.260294 0.000160534 3
0.262499 0.000230084 3
0.264704 0.000299606 3
0.266909 0.000361785 3
0.269115 0.000410294 3
0.27132 0.000439311 3
0.273525 0.000445402 3
0.27573 0.000427756 3
0.277936 0.000382437 3
0.280141 0.000322989 3
0.282346 0.000255455 3
0.284552 0.000186936 3
0.286757 0.000123914 3
0.288962 7.15401e-05 3
0.291168 3.48469e-05 3
0.293373 1.79145e-05 3
0.295578 2.32066e-05 2
0.297784 5.02322e-05 2
0.299989 9.61316e-05 3
0.302194 0.000155689 3
0.3044 0.000222213 3
0.306605 0.000288461 3
0.30881 0.000347448 3
0.311016 0.000393124 3
0.313221 0.000419434 3
0.315427 0.000423879 3
0.317632 0.000405807 3
0.319837 0.000361514 3
0.322043 0.000304068 3
0.324248 0.000239326 3
0.326454 0.000174101 3
0.328659 0.000114605 3
0.330864 6.56895e-05 3
0.33307 3.20417e-05 3
0.335275 1.73771e-05 3
0.33748 2.38666e-05 1
0.339685 5.09778e-05 2
0.34189 9.58695e-05 3
0.344095 0.000153471 3
0.346301 0.000217311 3
0.348506 0.000280427 3
0.350711 0.000336141 3
0.352916 0.000378744 3
0.355121 0.000402388 3
0.357327 0.000405001 3
0.359532 0.000386227 3
0.361737 0.000342585 3
0.363942 0.00028666 3
0.366148 0.000224369 3
0.368353 0.000162194 3
0.370558 0.000105932 3
0.372763 6.01506e-05 3
0.374969 2.92664e-05 3
0.377174 1.67521e-05 3
0.379379 2.44966e-05 2
0.381585 5.18299e-05 3
0.38379 9.585e-05 3
0.385995 0.000151567 3
0.388201 0.000212692 3
0.390406 0.000272536 3
0.392611 0.000324782 3
0.394817 0.000364086 3
0.397022 0.000384941 3
0.399227 0.000385576 3
0.401433 0.000365837 3
0.403638 0.00032266 3
0.405844 0.000268303 3
0.408049 0.000208531 3
0.410254 0.000149451 3
0.412459 9.65545e-05 3
0.414665 5.41556e-05 3
0.41687 2.64129e-05 3
0.419075 1.64584e-05 2
0.42128 2.58378e-05 2
0.423485 5.37483e-05 2
0.42569 9.72156e-05 3
0.427896 0.000151334 3
0.430101 0.000210015 3
0.432306 0.000266856 3
0.434511 0.000315867 3
0.436716 0.000352068 3
0.438921 0.000370031 3
0.441126 0.000368441 3
0.443331 0.000347437 3
0.445537 0.000304487 3
0.447742 0.000251364 3
0.449947 0.000193755 3
0.452152 0.000137459 3
0.454358 8.76357e-05 3
0.456563 4.83848e-05 3
0.458768 2.35875e-05 3
0.460973 1.61012e-05 2
0.463179 2.71137e-05 2
0.465384 5.56511e-05 3
0.467589 9.86472e-05 3
0.469794 0.000151241 3
0.472 0.000207507 3
0.474205 0.0002613 3
0.47641 0.000306971 3
0.478615 0.000339895 3
0.480821 0.000354854 3
0.483026 0.000351023 3
0.485231 0.000328706 3
0.487436 0.00028583 3
0.489642 0.000233913 3
0.491847 0.00017852 3
0.494052 0.000125096 3
0.496257 7.85081e-05 3
0.498463 4.26197e-05 3
0.500668 2.10644e-05 3
0.502873 1.63703e-05 2
0.505078 2.93532e-05 2
0.507283 5.88861e-05 2
0.509488 0.000101771 3
0.511693 0.000153178 3
0.513898 0.000207325 3
0.516103 0.000258326 3
0.518308 0.00030082 3
0.520513 0.000330612 3
0.522718 0.000342486 3
0.524923 0.000336093 3
0.527128 0.000311612 3
0.529333 0.000268647 3
0.531538 0.000217712 3
0.533744 0.000164376 3
0.535949 0.000113688 3
0.538154 7.0121e-05 3
0.540359 3.73296e-05 3
0.542564 1.87524e-05 3
0.544769 1.67101e-05 2
0.546974 3.16644e-05 2
0.54918 6.22666e-05 3
0.551385 0.000105137 3
0.55359 0.000155398 3
0.555795 0.000207376 3
0.558 0.000255423 3
0.560205 0.000294518 3
0.562411 0.000319793 3
0.564616 0.000328756 3
0.566821 0.000320128 3
0.569026 0.000294913 3
0.571231 0.000251897 3
0.573437 0.000201928 3
0.575642 0.000150242 3
0.577847 0.000101917 3
0.580052 6.13967e-05 3
0.582257 3.20776e-05 3
0.584462 1.69162e-05 2
0.586667 1.76883e-05 2
0.588872 3.45107e-05 2
0.591077 6.59016e-05 3
0.593282 0.00010847 3
0.595487 0.000157451 3
0.597692 0.000207393 3
0.599896 0.000252912 3
0.602101 0.000289275 3
0.604306 0.000311391 2
0.606511 0.000317343 3
0.608716 0.00030628 3
0.610921 0.000279412 3
0.613126 0.00023643 3
0.615331 0.000187435 3
0.617536 0.000137528 3
0.619741 9.16002e-05 3
0.621946 5.38865e-05 3
0.624152 2.75971e-05 3
0.626357 1.53825e-05 2
0.628562 1.86813e-05 2
0.630767 3.72872e-05 2
0.632972 6.95298e-05 3
0.635177 0.000111932 3
0.637382 0.000159771 3
0.639587 0.000207739 3
0.641792 0.000250668 3
0.643997 0.000284079 3
0.646202 0.000302798 2
0.648407 0.000305698 3
0.650613 0.00029231 3
0.652818 0.000263887 3
0.655023 0.000220878 3
0.657228 0.000172883 3
0.659433 0.000124949 3
0.661638 8.16611e-05 3
0.663843 4.69599e-05 3
0.666048 2.38226e-05 3
0.668253 1.46637e-05 2
0.670457 2.05852e-05 2
0.672662 4.11973e-05 2
0.674867 7.45476e-05 3
0.677072 0.000117012 3
0.679277 0.000163855 3
0.681482 0.000209877 3
0.683686 0.000250121 3
0.685891 0.000280492 3
0.688096 0.000295863 3
0.690301 0.000295668 3
0.692506 0.000279805 3
0.694711 0.0002453 3
0.696916 0.000202728 3
0.699121 0.000156434 3
0.701326 0.000111416 3
0.703531 7.1644e-05 3
0.705736 4.04939e-05 3
0.707941 2.06559e-05 3
0.710146 1.4458e-05 2
0.712351 2.28132e-05 2
0.714556 4.5162e-05 2
0.71676 7.92055e-05 3
0.718965 0.000121106 3
0.72117 0.000166102 3
0.723375 0.000209189 3
0.72558 0.000245759 3
0.727785 0.00027218 3
0.72999 0.000283762 2
0.732195 0.000280342 3
0.7344 0.000262145 3
0.736605 0.000226839 3
0.73881 0.000184765 3
0.741015 0.000140235 3
0.74322 9.78785e-05 3
0.745425 6.13141e-05 3
0.74763 3.37055e-05 3
0.749835 1.75522e-05 3
0.75204 1.48654e-05 2
0.754244 2.61011e-05 2
0.756449 5.04189e-05 2
0.758654 8.52397e-05 3
0.760859 0.00012662 3
0.763063 0.000169877 3
0.765268 0.000210231 3
0.767473 0.000243419 3
0.769678 0.000264911 3
0.771882 0.000272897 3
0.774087 0.000266354 3
0.776292 0.000245583 3
0.778497 0.000209639 3
0.780702 0.000168051 3
0.782906 0.000124998 3
0.785111 8.49914e-05 3
0.787316 5.15432e-05 3
0.789521 2.75427e-05 3
0.791726 1.51078e-05 3
0.793931 1.57578e-05 2
0.796136 2.95311e-05 2
0.798341 5.53311e-05 3
0.800545 9.04288e-05 3
0.80275 0.000130888 3
0.804955 0.000172172 3
0.80716 0.000209772 3
0.809365 0.000239779 3
0.81157 0.000257581 2
0.813775 0.000261983 3
0.81598 0.000252375 3
0.818185 0.000229487 3
0.82039 0.000193078 3
0.822594 0.000152171 3
0.824799 0.000110853 3
0.827004 7.33952e-05 3
0.829209 4.30762e-05 3
0.831414 2.25546e-05 3
0.833618 1.36713e-05 2
0.835823 1.75238e-05 2
0.838028 3.38449e-05 2
0.840232 6.12422e-05 3
0.842437 9.68044e-05 3
0.844642 0.00013657 3
0.846846 0.000176108 3
0.849051 0.000211115 3
0.851256 0.000237965 3
0.85346 0.000251885 3
0.855665 0.000252575 3
0.85787 0.000239848 3
0.860074 0.000214415 3
0.862279 0.000177506 3
0.864484 0.000137273 3
0.866689 9.78028e-05 3
0.868893 6.29964e-05 3
0.871098 3.57916e-05 3
0.873303 1.86093e-05 3
0.875508 1.31039e-05 2
0.877713 2.00196e-05 2
0.879917 3.88665e-05 2
0.882122 6.7852e-05 3
0.884327 0.000103837 3
0.886532 0.00014277 3
0.888737 0.000180302 3
0.890941 0.000212365 3
0.893146 0.000234437 3
0.895351 0.000244806 3
0.897556 0.000242134 3
0.899761 0.000226674 3
0.901966 0.000195864 3
0.90417 0.000159285 3
0.906375 0.000120498 2
0.90858 8.36344e-05 3
0.910785 5.22828e-05 3
0.912989 2.89334e-05 3
0.915194 1.56084e-05 2
0.917399 1.3645e-05 2
0.919603 2.34253e-05 2
0.921808 4.42754e-05 3
0.924012 7.41134e-05 3
0.926217 0.000109636 3
0.928421 0.000146843 3
0.930626 0.000181646 3
0.932831 0.000210386 3
0.935035 0.000228551 2
0.93724 0.000234969 3
0.939445 0.000228757 3
0.941649 0.000210683 3
0.943854 0.000179023 3
0.946058 0.00014273 3
0.948263 0.000105423 3
0.950468 7.09732e-05 3
0.952673 4.26824e-05 3
0.954877 2.28418e-05 3
0.957082 1.32052e-05 2
0.959287 1.47543e-05 2
0.961491 2.7432e-05 2
0.963696 5.02616e-05 2
0.965901 8.09109e-05 3
0.968106 0.000116002 3
0.97031 0.0001516 3
0.972515 0.000183799 3
0.97472 0.00020922 3
0.976925 0.000223288 2
0.979129 0.000225701 3
0.981334 0.000216075 3
0.983539 0.000195064 3
0.985744 0.000162634 3
0.987948 0.000126745 3
0.990153 9.11925e-05 3
0.992358 5.94885e-05 3
0.994562 3.45122e-05 3
0.996767 1.82612e-05 3
0.998971 1.22758e-05 2
