0 0 0
2.50564e-05 4.56363e-07 1
7.28915e-05 3.56706e-06 1
0.000141434 1.1613e-05 1
0.000228802 2.48872e-05 1
0.000333284 4.21629e-05 2
0.000453324 6.27242e-05 2
0.000587508 8.67285e-05 2
0.000734554 0.00011383 2
0.000893296 0.000131082 2
0.00106267 0.000146853 2
0.00124172 0.000161112 2
0.00142956 0.000171933 2
0.0016254 0.000178864 2
0.00182851 0.000181469 2
0.00203823 0.000180202 2
0.00225396 0.000176215 2
0.00247514 0.000171004 2
0.00270129 0.000165899 2
0.00293195 0.000161769 2
0.00316671 0.000158737 2
0.00340519 0.000157268 2
0.00364706 0.000157215 2
0.003892 0.000157813 2
0.00413975 0.000158168 2
0.00439004 0.000158202 2
0.00464265 0.000158383 2
0.00489736 0.000159405 2
0.00515398 0.000157511 2
0.00541234 0.00015951 2
0.00567228 0.000163222 2
0.00593366 0.000166825 2
0.00619634 0.000167957 2
0.00646021 0.000172168 2
0.00672515 0.000179231 2
0.00699106 0.000187588 2
0.00725787 0.00019605 2
0.00752548 0.000204456 2
0.00779383 0.000213133 2
0.00806284 0.000222308 2
0.00833246 0.000231891 2
0.00860263 0.00024171 2
0.00887331 0.000251787 2
0.00914445 0.000262223 2
0.00941601 0.000273096 2
0.00968795 0.000284374 2
0.00996024 0.000295984 2
0.0102329 0.00030783 2
0.0105058 0.000319821 2
0.0107789 0.000331855 2
0.0110524 0.000343809 2
0.011326 0.000355537 2
0.0115998 0.000366944 2
0.0118739 0.000378065 2
0.0121481 0.000388826 2
0.0124224 0.000399307 2
0.0126969 0.000409795 2
0.0129715 0.000420316 2
0.0132462 0.000431171 2
0.0135211 0.000442311 2
0.013796 0.000453577 2
0.014071 0.000464855 2
0.0143462 0.000475959 2
0.0146213 0.00048647 2
0.0148966 0.000496344 2
0.0151719 0.000505362 2
0.0154473 0.000513601 2
0.0157227 0.000521218 2
0.0159982 0.000528349 2
0.0162738 0.000534855 2
0.0165493 0.000540503 2
0.0168249 0.00054599 2
0.0171006 0.000551798 2
0.0173763 0.000557953 2
0.017652 0.000564182 2
0.0179277 0.000570183 2
0.0182035 0.000575784 2
0.0184792 0.000580825 3
0.0187551 0.000585195 3
0.0190309 0.000588766 3
0.0193067 0.000591313 2
0.0195826 0.000593221 3
0.0198585 0.000594421 3
0.0201344 0.000594919 3
0.0204103 0.000594767 3
0.0206862 0.00059404 3
0.0209621 0.000592823 3
0.021238 0.000591202 3
0.021514 0.000589238 3
0.0217899 0.000586868 3
0.0220659 0.000584046 3
0.0223419 0.000580727 3
0.0226179 0.000576922 3
0.0228938 0.000572617 3
0.0231698 0.000567827 3
0.0234458 0.000562535 3
0.0237218 0.000556757 3
0.0239978 0.000550514 3
0.0242738 0.000543833 3
0.0245499 0.000536757 3
0.0248259 0.000529217 2
0.0251019 0.000521218 2
0.0253779 0.00051261 3
0.0256539 0.000503926 2
0.02593 0.000494814 2
0.026206 0.000485203 3
0.0264821 0.000475183 3
0.0267581 0.000464801 2
0.0270341 0.000454101 3
0.0273102 0.000443085 3
0.0275862 0.000431768 3
0.0278622 0.000420203 3
0.0281383 0.000408498 3
0.0284143 0.000396709 3
0.0286903 0.000384933 3
0.0289664 0.00037325 3
0.0292424 0.000361616 3
0.0295184 0.000349941 3
0.0297944 0.000338185 3
0.0300705 0.000326285 3
0.0303465 0.000314273 3
0.0306226 0.000302168 3
0.0308986 0.000290073 3
0.0311746 0.0002781 3
0.0314507 0.000266334 3
0.0317267 0.000254824 3
0.0320027 0.000243612 3
0.0322788 0.000232699 3
0.0325548 0.000222066 3
0.0328309 0.000211621 3
0.0331069 0.000201277 3
0.0333829 0.000190921 3
0.033659 0.000180491 3
0.033935 0.000169945 3
0.034211 0.000159309 3
0.0344871 0.000148628 3
0.0347631 0.000137994 3
0.0350391 0.00012749 3
0.0353151 0.000117209 3
0.0355912 0.000107237 3
0.0358672 9.76337e-05 3
0.0361432 8.84543e-05 3
0.0364192 7.97273e-05 3
0.0366953 7.14442e-05 2
0.0369713 6.36202e-05 2
0.0372473 5.62586e-05 2
0.0375233 4.93747e-05 2
0.0377993 4.299e-05 2
0.0380754 3.71306e-05 2
0.0383514 3.18249e-05 2
0.0386274 2.70912e-05 2
0.0389035 2.2937e-05 2
0.0391795 1.93566e-05 2
0.0394555 1.63331e-05 2
0.0397315 1.38416e-05 2
0.0400076 1.18538e-05 2
0.0402836 1.03421e-05 2
0.0405596 9.28489e-06 2
0.0408357 8.66987e-06 2
0.0411117 8.50287e-06 2
0.0413877 8.81104e-06 2
0.0416637 9.61341e-06 1
0.0419397 1.09462e-05 2
0.0422158 1.28459e-05 2
0.0424918 1.53422e-05 2
0.0427678 1.8454e-05 2
0.0430438 2.2184e-05 2
0.0433198 2.65163e-05 3
0.0435958 3.14178e-05 3
0.0438718 3.68418e-05 3
0.0441478 4.26777e-05 3
0.0444238 4.89367e-05 3
0.0446998 5.55709e-05 3
0.0449758 6.25479e-05 3
0.0452518 6.9887e-05 3
0.0455278 7.75674e-05 3
0.0458038 8.56227e-05 3
0.0460798 9.40986e-05 3
0.0463558 0.000103033 3
0.0466318 0.000112419 3
0.0469078 0.000122283 3
0.0471838 0.000132609 2
0.0474598 0.00014335 2
0.0477358 0.000154437 2
0.0480118 0.000165786 2
0.0482877 0.000177313 2
0.0485637 0.000188937 2
0.0488397 0.000200598 2
0.0491156 0.000212253 2
0.0493916 0.000223887 2
0.0496675 0.000235501 2
0.0499435 0.0002471 2
0.0502194 0.000258702 2
0.0504954 0.000270326 3
0.0507713 0.000281974 3
0.0510472 0.00029365 3
0.0513232 0.000305342 3
0.0515991 0.000317043 3
0.051875 0.000328733 3
0.0521509 0.000340406 3
0.0524268 0.000352043 3
0.0527028 0.000363643 3
0.0529787 0.000375198 3
0.0532546 0.000386761 3
0.0535305 0.000398252 3
0.0538063 0.000409665 3
0.0540822 0.000420948 3
0.054358 0.000432059 3
0.0546339 0.000442889 3
0.0549097 0.000453359 3
0.0551855 0.000463332 3
0.0554614 0.000472755 3
0.0557372 0.000481666 3
0.056013 0.000490289 3
0.0562889 0.000498697 3
0.0565647 0.00050668 3
0.0568406 0.000513609 3
0.0571165 0.000519854 3
0.0573925 0.000526521 3
0.0576684 0.000533173 3
0.0579444 0.000539603 3
0.0582203 0.000545673 3
0.0584963 0.000551297 3
0.0587723 0.000556421 3
0.0590483 0.00056097 3
0.0593243 0.000564912 3
0.0596004 0.000568193 3
0.0598764 0.000570811 3
0.0601525 0.000572751 3
0.0604286 0.000573942 3
0.0607046 0.000574795 3
0.0609807 0.000575169 3
0.0612568 0.000575022 3
0.0615329 0.000574374 3
0.061809 0.000573295 3
0.0620852 0.000571816 3
0.0623613 0.000569901 3
0.0626374 0.000567523 3
0.0629136 0.000564627 3
0.0631897 0.000561202 3
0.0634658 0.000557212 3
0.063742 0.000552659 3
0.0640182 0.000547514 2
0.0642943 0.000541798 2
0.0645705 0.000535518 2
0.0648467 0.000528734 2
0.0651229 0.000521503 2
0.0653991 0.000513912 2
0.0656753 0.000505993 2
0.0659515 0.000497749 3
0.0662277 0.000488902 3
0.0665039 0.000480125 2
0.0667801 0.000471109 2
0.0670563 0.000461813 2
0.0673325 0.000452296 2
0.0676088 0.000442652 2
0.067885 0.000432858 2
0.0681612 0.000422903 2
0.0684374 0.000412699 2
0.0687137 0.000402232 2
0.0689899 0.000391462 2
0.0692661 0.000380536 2
0.0695424 0.000369403 2
0.0698186 0.000358127 2
0.0700948 0.000346726 2
0.070371 0.000335262 2
0.0706473 0.000323725 2
0.0709235 0.00031216 2
0.0711997 0.000300577 2
0.071476 0.000289057 2
0.0717522 0.000277573 2
0.0720284 0.00026618 2
0.0723047 0.000254872 2
0.0725809 0.000243678 2
0.0728571 0.000232566 2
0.0731333 0.00022149 2
0.0734095 0.00021041 2
0.0736858 0.000199309 2
0.073962 0.000188152 2
0.0742382 0.000176947 2
0.0745144 0.000165703 2
0.0747906 0.000154481 2
0.0750669 0.000143345 2
0.0753431 0.0001324 2
0.0756193 0.000121749 2
0.0758955 0.000111479 2
0.0761717 0.000101676 2
0.076448 9.24159e-05 2
0.0767242 8.37096e-05 2
0.0770004 7.55753e-05 2
0.0772766 6.79481e-05 2
0.0775528 6.08394e-05 2
0.0778291 5.41889e-05 2
0.0781053 4.79868e-05 2
0.0783815 4.21957e-05 2
0.0786577 3.67913e-05 2
0.0789339 3.1756e-05 2
0.0792102 2.70915e-05 2
0.0794864 2.28076e-05 2
0.0797626 1.89272e-05 2
0.0800388 1.54803e-05 2
0.0803151 1.25114e-05 2
0.0805913 1.00563e-05 2
0.0808675 8.15106e-06 2
0.0811437 6.83699e-06 2
0.0814199 6.15714e-06 1
0.0816962 6.12039e-06 1
0.0819724 6.73598e-06 2
0.0822486 7.96954e-06 2
0.0825248 9.82648e-06 2
0.082801 1.2272e-05 2
0.0830772 1.52568e-05 2
0.0833534 1.87247e-05 2
0.0836296 2.262e-05 2
0.0839058 2.68937e-05 2
0.0841821 3.15104e-05 2
0.0844583 3.64493e-05 2
0.0847345 4.1732e-05 2
0.0850107 4.73407e-05 2
0.0852868 5.32992e-05 2
0.085563 5.96266e-05 2
0.0858392 6.63919e-05 2
0.0861154 7.36073e-05 2
0.0863916 8.12478e-05 2
0.0866678 8.93371e-05 2
0.086944 9.78676e-05 2
0.0872202 0.000106817 2
0.0874963 0.000116149 2
0.0877725 0.000125818 2
0.0880487 0.000135777 2
0.0883249 0.000145979 2
0.088601 0.000156379 2
0.0888772 0.000166944 2
0.0891533 0.00017765 2
0.0894295 0.000188487 2
0.0897056 0.000199452 2
0.0899817 0.000210552 2
0.0902579 0.000221797 2
0.090534 0.000233203 2
0.0908101 0.000244767 2
0.0910862 0.000256515 2
0.0913623 0.000268419 2
0.0916384 0.000280468 2
0.0919145 0.000292624 2
0.0921906 0.000304852 2
0.0924666 0.000317097 2
0.0927427 0.000329312 2
0.0930188 0.000341437 2
0.0932948 0.000353428 2
0.0935709 0.00036523 2
0.0938469 0.000376825 2
0.094123 0.000388196 2
0.094399 0.000399333 2
0.094675 0.000410203 2
0.094951 0.000420778 2
0.0952271 0.000430986 2
0.0955031 0.000440793 2
0.0957791 0.000450144 2
0.096055 0.000459153 2
0.096331 0.000467965 2
0.096607 0.000476738 2
0.096883 0.000485288 2
0.0971589 0.000493255 2
0.0974348 0.000500424 2
0.0977108 0.000507425 2
0.0979867 0.000514584 2
0.0982626 0.000521661 2
0.0985385 0.000528351 2
0.0988144 0.000534473 2
0.0990903 0.000539936 2
0.0993662 0.000544725 2
0.0996421 0.000548821 2
0.0999179 0.000552263 2
0.100194 0.000555066 2
0.10047 0.000557294 2
0.100745 0.000558969 2
0.101021 0.00056014 2
0.101297 0.00056098 3
0.101573 0.000561592 2
0.101849 0.000561695 2
0.102125 0.000561238 2
0.102401 0.000560228 2
0.102676 0.000558714 2
0.102952 0.000556684 2
0.103228 0.000554154 2
0.103504 0.000551096 2
0.10378 0.000547531 2
0.104056 0.000543464 3
0.104332 0.000538942 3
0.104607 0.000533974 3
0.104883 0.000528593 3
0.105159 0.000522804 3
0.105435 0.000516644 3
0.105711 0.000510146 3
0.105987 0.000503353 3
0.106263 0.000496294 3
0.106539 0.000488915 2
0.106815 0.000480942 2
0.107091 0.000472951 2
0.107367 0.000464603 2
0.107642 0.00045585 2
0.107918 0.000446786 3
0.108194 0.000437452 2
0.10847 0.000427847 3
0.108746 0.000417942 3
0.109022 0.000407672 3
0.109298 0.000397038 3
0.109574 0.00038608 3
0.10985 0.000374928 3
0.110126 0.000363619 3
0.110402 0.000352304 3
0.110678 0.000341037 3
0.110954 0.000329906 3
0.11123 0.000318918 3
0.111506 0.000308045 3
0.111782 0.000297229 3
0.112058 0.000286481 3
0.112334 0.000275753 3
0.11261 0.000265033 3
0.112886 0.000254242 3
0.113162 0.00024338 3
0.113438 0.000232388 3
0.113714 0.000221258 3
0.11399 0.000209979 3
0.114266 0.000198575 2
0.114542 0.000187083 2
0.114818 0.000175576 2
0.115094 0.000164123 2
0.11537 0.000152821 2
0.115646 0.000141754 2
0.115922 0.000131016 2
0.116198 0.000120647 2
0.116474 0.000110739 2
0.11675 0.000101318 2
0.117026 9.24046e-05 2
0.117302 8.39634e-05 2
0.117578 7.60096e-05 2
0.117854 6.85077e-05 2
0.11813 6.14237e-05 2
0.118406 5.4718e-05 2
0.118682 4.83655e-05 2
0.118958 4.23521e-05 2
0.119234 3.66849e-05 2
0.11951 3.1391e-05 2
0.119786 2.65049e-05 2
0.120062 2.20737e-05 2
0.120338 1.81459e-05 2
0.120614 1.47645e-05 2
0.12089 1.19644e-05 2
0.121166 9.76907e-06 2
0.121442 8.18885e-06 2
0.121718 7.21869e-06 2
0.121994 6.85184e-06 2
0.12227 7.02664e-06 2
0.122546 7.72606e-06 2
0.122822 8.88853e-06 2
0.123098 1.0467e-05 2
0.123374 1.24195e-05 2
0.12365 1.47144e-05 2
0.123926 1.73369e-05 2
0.124202 2.02897e-05 2
0.124477 2.35916e-05 2
0.124753 2.72523e-05 2
0.125029 3.13825e-05 2
0.125305 3.59914e-05 2
0.125581 4.11156e-05 2
0.125857 4.67882e-05 2
0.126133 5.30523e-05 2
0.126409 5.99137e-05 2
0.126685 6.73555e-05 2
0.126961 7.53373e-05 2
0.127237 8.3802e-05 2
0.127513 9.26556e-05 2
0.127789 0.00010184 2
0.128065 0.000111279 2
0.128341 0.000120911 2
0.128617 0.000130683 2
0.128893 0.000140566 2
0.129169 0.000150541 2
0.129445 0.000160612 2
0.129721 0.000170793 2
0.129997 0.000181115 2
0.130273 0.000191609 2
0.130549 0.000202312 2
0.130825 0.000213242 3
0.131101 0.000224412 3
0.131376 0.000235809 3
0.131652 0.00024741 3
0.131928 0.000259171 3
0.132204 0.000271053 3
0.13248 0.000282975 3
0.132756 0.00029488 3
0.133032 0.000306701 3
0.133308 0.000318395 3
0.133583 0.000329917 3
0.133859 0.000341253 3
0.134135 0.000352384 3
0.134411 0.000363338 3
0.134687 0.000374125 3
0.134963 0.000384786 3
0.135238 0.000395315 3
0.135514 0.0004057 3
0.13579 0.000415893 3
0.136066 0.000425843 3
0.136341 0.000435488 3
0.136617 0.000444863 3
0.136893 0.000454006 3
0.137169 0.000463001 2
0.137444 0.000471775 2
0.13772 0.000480172 2
0.137996 0.000487999 2
0.138272 0.000494963 2
0.138548 0.000501273 2
0.138823 0.000507438 2
0.139099 0.000513239 3
0.139375 0.000518538 3
0.139651 0.000523274 3
0.139927 0.000527483 3
0.140203 0.000531201 3
0.140479 0.0005345 3
0.140755 0.000537416 3
0.14103 0.000540015 3
0.141306 0.000542274 3
0.141582 0.000544211 3
0.141858 0.000545826 3
0.142134 0.00054723 3
0.14241 0.000548109 3
0.142686 0.000548337 3
0.142962 0.000547883 3
0.143238 0.000546781 3
0.143514 0.000545028 3
0.14379 0.000542652 3
0.144066 0.000539658 3
0.144342 0.000536105 3
0.144618 0.000532049 2
0.144894 0.000527574 2
0.14517 0.000522727 2
0.145446 0.000517555 2
0.145723 0.000512056 2
0.145999 0.000506243 2
0.146275 0.000500097 2
0.146551 0.00049365 2
0.146827 0.000486895 2
0.147103 0.000479763 2
0.147379 0.000472175 2
0.147655 0.000464091 2
0.147931 0.000455955 2
0.148208 0.000447494 2
0.148484 0.000438651 2
0.14876 0.000429497 2
0.149036 0.000420083 2
0.149312 0.000410412 2
0.149588 0.000400444 2
0.149864 0.000390207 2
0.150141 0.000379722 2
0.150417 0.00036907 2
0.150693 0.000358309 2
0.150969 0.000347552 2
0.151245 0.000336857 2
0.151521 0.000326236 2
0.151798 0.000315643 2
0.152074 0.000305071 2
0.15235 0.000294467 2
0.152626 0.000283819 2
0.152902 0.000273076 2
0.153178 0.000262227 2
0.153455 0.000251209 2
0.153731 0.00024003 2
0.154007 0.000228674 2
0.154283 0.000217212 2
0.154559 0.000205691 2
0.154836 0.00019419 2
0.155112 0.000182785 2
0.155388 0.000171577 2
0.155664 0.000160626 2
0.15594 0.000150004 2
0.156216 0.000139748 2
0.156493 0.000129898 2
0.156769 0.000120455 2
0.157045 0.000111419 2
0.157321 0.000102764 2
0.157597 9.44689e-05 2
0.157874 8.64983e-05 2
0.15815 7.8834e-05 2
0.158426 7.14532e-05 2
0.158702 6.4357e-05 2
0.158978 5.75469e-05 2
0.159255 5.10514e-05 2
0.159531 4.48813e-05 2
0.159807 3.91142e-05 2
0.160083 3.37887e-05 2
0.160359 2.89541e-05 2
0.160635 2.46488e-05 2
0.160912 2.08968e-05 2
0.161188 1.77099e-05 2
0.161464 1.5088e-05 2
0.16174 1.30181e-05 2
0.162016 1.14772e-05 2
0.162293 1.04321e-05 2
0.162569 9.8663e-06 2
0.162845 9.72388e-06 2
0.163121 9.9755e-06 2
0.163397 1.05983e-05 2
0.163673 1.15814e-05 2
0.16395 1.29111e-05 2
0.164226 1.46333e-05 2
0.164502 1.67449e-05 2
0.164778 1.92695e-05 2
0.165054 2.2246e-05 2
0.16533 2.57153e-05 2
0.165607 2.97122e-05 2
0.165883 3.42619e-05 2
0.166159 3.93815e-05 2
0.166435 4.50657e-05 2
0.166711 5.12955e-05 2
0.166988 5.8033e-05 2
0.167264 6.52284e-05 2
0.16754 7.28225e-05 2
0.167816 8.07571e-05 2
0.168092 8.89725e-05 2
0.168368 9.7407e-05 2
0.168645 0.00010605 2
0.168921 0.00011489 2
0.169197 0.00012393 2
0.169473 0.000133187 2
0.169749 0.000142687 2
0.170025 0.00015246 2
0.170301 0.000162531 2
0.170577 0.000172916 2
0.170853 0.000183613 2
0.17113 0.000194605 2
0.171406 0.000205851 2
0.171682 0.000217294 2
0.171958 0.000228871 2
0.172234 0.000240512 2
0.17251 0.000252145 2
0.172786 0.000263718 2
0.173062 0.000275166 2
0.173338 0.000286459 2
0.173614 0.000297581 2
0.17389 0.000308541 2
0.174166 0.000319352 2
0.174442 0.000330051 2
0.174718 0.00034066 2
0.174994 0.000351259 2
0.17527 0.000361823 2
0.175546 0.000372378 2
0.175822 0.000382898 2
0.176098 0.00039335 2
0.176374 0.000403656 2
0.17665 0.000413745 2
0.176926 0.000423518 2
0.177202 0.000432937 2
0.177478 0.000442035 2
0.177754 0.000450829 2
0.17803 0.000459283 2
0.178306 0.000467378 2
0.178582 0.000474944 2
0.178857 0.000481786 2
0.179133 0.00048774 2
0.179409 0.000493123 2
0.179685 0.00049832 2
0.179961 0.000503391 2
0.180237 0.000508206 2
0.180512 0.000512648 2
0.180788 0.000516677 2
0.181064 0.00052033 2
0.18134 0.000523618 2
0.181616 0.000526569 2
0.181891 0.000529119 2
0.182167 0.000531261 2
0.182443 0.000532887 2
0.182719 0.00053417 2
0.182994 0.000534846 2
0.18327 0.000534832 2
0.183546 0.000534131 2
0.183822 0.000532778 2
0.184098 0.000530827 2
0.184373 0.000528351 2
0.184649 0.00052539 2
0.184925 0.000522022 2
0.185201 0.000518293 2
0.185477 0.000514283 2
0.185752 0.000510005 2
0.186028 0.000505471 2
0.186304 0.000500636 2
0.18658 0.000495464 2
0.186856 0.00048989 3
0.187132 0.000483877 3
0.187408 0.000477412 3
0.187684 0.000470456 2
0.187959 0.000462941 2
0.188235 0.000454827 2
0.188511 0.000446527 2
0.188787 0.000437855 2
0.189063 0.000428834 2
0.189339 0.000419567 2
0.189615 0.000410171 2
0.189891 0.000400657 2
0.190167 0.000390989 2
0.190443 0.000381148 2
0.190718 0.000371098 2
0.190994 0.000360889 2
0.19127 0.000350636 2
0.191546 0.00034037 2
0.191822 0.000330095 2
0.192098 0.000319861 3
0.192374 0.000309666 3
0.19265 0.000299516 3
0.192926 0.000289347 3
0.193202 0.00027912 3
0.193478 0.000268756 3
0.193754 0.000258226 3
0.19403 0.000247487 3
0.194306 0.000236574 3
0.194582 0.000225491 3
0.194858 0.000214333 3
0.195134 0.00020314 3
0.19541 0.000192028 2
0.195686 0.000181051 2
0.195962 0.000170287 2
0.196238 0.000159755 2
0.196514 0.000149483 2
0.196789 0.000139491 2
0.197065 0.000129795 2
0.197341 0.000120384 2
0.197617 0.000111269 2
0.197893 0.000102443 2
0.198169 9.39165e-05 2
0.198445 8.56928e-05 2
0.198721 7.77919e-05 2
0.198997 7.02295e-05 2
0.199273 6.30366e-05 2
0.199549 5.6239e-05 2
0.199825 4.98695e-05 2
0.200101 4.39519e-05 2
0.200377 3.84962e-05 2
0.200653 3.35249e-05 2
0.200929 2.90396e-05 2
0.201205 2.50275e-05 2
0.201481 2.14716e-05 2
0.201757 1.83486e-05 2
0.202033 1.56352e-05 2
0.202309 1.33029e-05 2
0.202585 1.1351e-05 2
0.202861 9.78458e-06 2
0.203137 8.61315e-06 2
0.203413 7.8344e-06 2
0.203689 7.47493e-06 2
0.203965 7.55848e-06 2
0.204241 8.10716e-06 2
0.204517 9.14135e-06 2
0.204793 1.06848e-05 2
0.205069 1.27128e-05 2
0.205345 1.52904e-05 2
0.205621 1.84255e-05 2
0.205897 2.21392e-05 2
0.206173 2.63945e-05 2
0.206448 3.11789e-05 2
0.206724 3.64712e-05 2
0.207 4.22481e-05 2
0.207276 4.84634e-05 2
0.207552 5.50747e-05 2
0.207828 6.20151e-05 2
0.208104 6.92664e-05 2
0.20838 7.67909e-05 2
0.208656 8.45589e-05 2
0.208932 9.25516e-05 2
0.209208 0.000100761 2
0.209484 0.000109191 2
0.20976 0.000117854 2
0.210036 0.000126768 2
0.210312 0.00013595 2
0.210588 0.000145414 2
0.210864 0.000155166 2
0.21114 0.000165199 2
0.211416 0.000175488 2
0.211691 0.000186 2
0.211967 0.000196693 2
0.212243 0.000207516 2
0.212519 0.000218416 2
0.212795 0.000229354 2
0.213071 0.00024028 2
0.213347 0.000251168 2
0.213623 0.000262004 2
0.213898 0.000272795 2
0.214174 0.000283552 2
0.21445 0.000294304 2
0.214726 0.000305066 2
0.215002 0.000315881 2
0.215278 0.000326725 2
0.215553 0.000337602 2
0.215829 0.000348482 2
0.216105 0.000359332 2
0.216381 0.000370069 2
0.216657 0.000380607 2
0.216932 0.000390834 2
0.217208 0.000400664 3
0.217484 0.000410016 3
0.21776 0.000418923 3
0.218035 0.000427491 2
0.218311 0.000435814 2
0.218587 0.000443876 2
0.218862 0.000451604 2
0.219138 0.000458743 2
0.219414 0.000465058 2
0.219689 0.000470903 2
0.219965 0.000476838 2
0.220241 0.000482671 3
0.220517 0.000488271 3
0.220792 0.000493526 3
0.221068 0.000498409 3
0.221344 0.000502894 3
0.22162 0.000506987 2
0.221896 0.000510663 2
0.222171 0.000513915 2
0.222447 0.000516692 2
0.222723 0.000518981 2
0.222999 0.000520728 2
0.223275 0.00052193 2
0.223551 0.000522612 2
0.223826 0.000522629 2
0.224102 0.000521929 2
0.224378 0.000520603 2
0.224654 0.000518717 2
0.22493 0.000516365 2
0.225206 0.000513591 2
0.225482 0.000510453 2
0.225758 0.000506974 2
0.226034 0.000503214 2
0.22631 0.000499173 2
0.226586 0.000494852 2
0.226862 0.000490199 2
0.227138 0.000485169 2
0.227414 0.000479697 2
0.22769 0.000473771 2
0.227966 0.000467374 2
0.228242 0.000460532 2
0.228518 0.000453161 2
0.228794 0.000445306 2
0.22907 0.000437041 2
0.229346 0.000428709 2
0.229622 0.000420173 2
0.229898 0.000411467 2
0.230174 0.000402685 2
0.23045 0.000393831 2
0.230726 0.00038486 2
0.231002 0.000375716 2
0.231278 0.000366318 2
0.231554 0.000356671 2
0.23183 0.000346774 2
0.232107 0.000336711 2
0.232383 0.000326511 2
0.232659 0.000316249 2
0.232935 0.000305949 2
0.233211 0.000295653 2
0.233487 0.000285355 2
0.233763 0.000275021 2
0.234039 0.000264593 2
0.234315 0.000254067 2
0.234591 0.000243428 2
0.234868 0.000232717 2
0.235144 0.000221955 2
0.23542 0.000211211 2
0.235696 0.000200514 2
0.235972 0.000189905 2
0.236248 0.000179454 2
0.236524 0.000169207 2
0.2368 0.000159178 2
0.237077 0.000149387 2
0.237353 0.000139838 2
0.237629 0.000130536 2
0.237905 0.000121466 2
0.238181 0.000112632 2
0.238457 0.000104028 2
0.238733 9.56712e-05 2
0.239009 8.75744e-05 2
0.239286 7.97684e-05 2
0.239562 7.22792e-05 2
0.239838 6.51443e-05 2
0.240114 5.83928e-05 2
0.24039 5.20298e-05 2
0.240666 4.6097e-05 2
0.240942 4.06075e-05 2
0.241219 3.5559e-05 2
0.241495 3.09458e-05 2
0.241771 2.67523e-05 2
0.242047 2.2964e-05 2
0.242323 1.95588e-05 2
0.242599 1.65347e-05 2
0.242875 1.38883e-05 2
0.243151 1.16282e-05 2
0.243428 9.77137e-06 2
0.243704 8.34302e-06 2
0.24398 7.37249e-06 2
0.244256 6.88905e-06 2
0.244532 6.91725e-06 2
0.244808 7.44875e-06 2
0.245084 8.53896e-06 2
0.245361 1.01559e-05 2
0.245637 1.22826e-05 2
0.245913 1.48999e-05 2
0.246189 1.79848e-05 2
0.246465 2.15136e-05 2
0.246741 2.5465e-05 2
0.247017 2.98225e-05 2
0.247293 3.45754e-05 2
0.24757 3.97169e-05 2
0.247846 4.52345e-05 2
0.248122 5.113e-05 2
0.248398 5.73997e-05 2
0.248674 6.40379e-05 2
0.24895 7.10381e-05 2
0.249226 7.83907e-05 2
0.249502 8.60858e-05 2
0.249778 9.41116e-05 2
0.250054 0.000102458 2
0.250331 0.000111112 2
0.250607 0.000120065 2
0.250883 0.000129302 2
0.251159 0.000138807 2
0.251435 0.000148566 2
0.251711 0.00015856 2
0.251987 0.000168763 2
0.252263 0.000179137 2
0.252539 0.000189645 2
0.252815 0.000200247 2
0.253091 0.000210907 2
0.253367 0.000221585 2
0.253643 0.000232251 2
0.253919 0.000242889 2
0.254195 0.00025349 2
0.254471 0.000264065 2
0.254747 0.000274619 2
0.255023 0.000285173 2
0.255299 0.00029573 2
0.255575 0.0003063 2
0.255851 0.000316864 2
0.256127 0.000327417 2
0.256403 0.000337918 2
0.256679 0.000348327 2
0.256955 0.000358572 2
0.257231 0.000368592 2
0.257507 0.000378311 2
0.257783 0.000387685 2
0.258058 0.00039667 2
0.258334 0.000405337 2
0.25861 0.000413685 2
0.258886 0.000421856 2
0.259162 0.000429842 2
0.259438 0.00043764 2
0.259713 0.000445152 2
0.259989 0.000452265 2
0.260265 0.000458637 2
0.260541 0.000464332 2
0.260817 0.00046984 2
0.261092 0.000475257 2
0.261368 0.000480465 2
0.261644 0.000485279 2
0.26192 0.000489595 2
0.262195 0.000493436 2
0.262471 0.000496786 2
0.262747 0.0004997 2
0.263022 0.000502191 2
0.263298 0.000504224 2
0.263574 0.000505828 2
0.26385 0.000507113 2
0.264125 0.000507794 2
0.264401 0.000507898 2
0.264677 0.00050745 2
0.264952 0.00050652 2
0.265228 0.000505124 2
0.265504 0.000503301 2
0.26578 0.000501054 2
0.266055 0.000498415 2
0.266331 0.000495386 2
0.266607 0.000491996 2
0.266883 0.000488249 2
0.267159 0.000484161 2
0.267434 0.000479697 2
0.26771 0.000474824 2
0.267986 0.000469497 2
0.268262 0.000463703 2
0.268538 0.000457457 2
0.268813 0.000450777 2
0.269089 0.000443611 2
0.269365 0.000436068 2
0.269641 0.000428239 2
0.269917 0.000420147 2
0.270193 0.000412002 2
0.270468 0.000403719 2
0.270744 0.000395278 2
0.27102 0.000386715 2
0.271296 0.00037799 2
0.271572 0.000369078 2
0.271848 0.000359921 2
0.272124 0.000350519 2
0.2724 0.000340865 2
0.272675 0.000331028 2
0.272951 0.000321047 2
0.273227 0.000311005 2
0.273503 0.00030094 2
0.273779 0.000290897 2
0.274055 0.000280842 2
0.274331 0.000270774 2
0.274607 0.000260658 2
0.274883 0.000250504 2
0.275159 0.000240287 2
0.275434 0.000230021 2
0.27571 0.000219691 2
0.275986 0.000209327 2
0.276262 0.000198949 2
0.276538 0.00018861 2
0.276814 0.000178332 2
0.27709 0.000168195 2
0.277366 0.000158225 2
0.277642 0.000148452 2
0.277918 0.000138903 2
0.278194 0.0001296 2
0.27847 0.000120545 2
0.278746 0.00011175 2
0.279022 0.000103213 2
0.279297 9.49478e-05 2
0.279573 8.69619e-05 2
0.279849 7.92789e-05 2
0.280125 7.19175e-05 2
0.280401 6.4882e-05 2
0.280677 5.82492e-05 2
0.280953 5.20131e-05 2
0.281229 4.61509e-05 2
0.281505 4.07034e-05 2
0.281781 3.56637e-05 2
0.282057 3.10244e-05 2
0.282333 2.6769e-05 2
0.282609 2.28869e-05 2
0.282885 1.9355e-05 2
0.283161 1.61874e-05 2
0.283437 1.33898e-05 2
0.283712 1.09818e-05 2
0.283988 8.99035e-06 2
0.284264 7.44901e-06 2
0.28454 6.38991e-06 2
0.284816 5.84141e-06 2
0.285092 5.82208e-06 2
0.285368 6.33949e-06 1
0.285644 7.38786e-06 2
0.28592 8.95356e-06 2
0.286196 1.10083e-05 2
0.286472 1.35276e-05 2
0.286748 1.64817e-05 2
0.287024 1.98431e-05 2
0.2873 2.35916e-05 2
0.287576 2.77165e-05 2
0.287852 3.2213e-05 2
0.288127 3.70848e-05 2
0.288403 4.23404e-05 2
0.288679 4.79874e-05 2
0.288955 5.40301e-05 2
0.289231 6.04649e-05 2
0.289507 6.72812e-05 2
0.289783 7.44584e-05 2
0.290059 8.19709e-05 2
0.290335 8.97872e-05 2
0.290611 9.78779e-05 2
0.290887 0.000106214 2
0.291163 0.000114777 2
0.291439 0.00012355 2
0.291714 0.000132531 2
0.29199 0.000141714 2
0.292266 0.000151102 2
0.292542 0.000160689 2
0.292818 0.000170469 2
0.293094 0.000180423 2
0.29337 0.00019053 2
0.293645 0.000200758 2
0.293921 0.000211078 2
0.294197 0.00022146 2
0.294473 0.000231885 2
0.294749 0.000242332 2
0.295025 0.000252794 2
0.2953 0.000263261 2
0.295576 0.000273737 2
0.295852 0.00028421 2
0.296128 0.000294676 2
0.296404 0.000305108 2
0.296679 0.000315495 2
0.296955 0.000325796 2
0.297231 0.000335981 2
0.297507 0.000346045 2
0.297782 0.000355893 2
0.298058 0.000365436 3
0.298334 0.000374633 3
0.298609 0.000383458 2
0.298885 0.000391937 2
0.299161 0.000400127 2
0.299436 0.000408116 2
0.299712 0.000415953 2
0.299988 0.000423681 2
0.300263 0.000431182 2
0.300539 0.000438237 2
0.300815 0.000444562 2
0.30109 0.000450305 2
0.301366 0.000456027 2
0.301642 0.000461602 2
0.301917 0.000466861 3
0.302193 0.000471674 3
0.302469 0.000476 3
0.302744 0.000479873 2
0.30302 0.000483308 2
0.303296 0.000486343 2
0.303572 0.000488973 2
0.303847 0.000491162 2
0.304123 0.000492983 2
0.304399 0.000494367 2
0.304675 0.000495364 2
0.304951 0.000495827 2
0.305226 0.000495691 2
0.305502 0.00049501 2
0.305778 0.000493807 2
0.306054 0.000492136 2
0.30633 0.000490008 2
0.306605 0.000487455 2
0.306881 0.000484489 2
0.307157 0.000481161 2
0.307433 0.000477496 2
0.307709 0.000473513 2
0.307985 0.000469191 2
0.308261 0.000464507 2
0.308537 0.000459423 2
0.308813 0.000453931 2
0.309089 0.000448028 2
0.309364 0.000441742 2
0.30964 0.000435009 2
0.309916 0.000427903 2
0.310192 0.000420505 2
0.310468 0.00041281 2
0.310744 0.000405035 2
0.31102 0.000397061 2
0.311296 0.00038887 2
0.311572 0.000380525 2
0.311848 0.000372019 2
0.312124 0.000363348 2
0.3124 0.000354423 2
0.312676 0.000345226 2
0.312952 0.00033573 2
0.313228 0.000326007 2
0.313504 0.000316111 2
0.31378 0.000306159 2
0.314056 0.0002962 2
0.314332 0.000286332 2
0.314608 0.000276544 2
0.314884 0.000266827 2
0.31516 0.00025712 2
0.315436 0.000247409 2
0.315712 0.000237652 2
0.315988 0.000227857 2
0.316265 0.000218005 2
0.316541 0.000208133 2
0.316817 0.000198225 2
0.317093 0.00018834 2
0.317369 0.000178506 2
0.317645 0.00016877 2
0.317921 0.000159183 2
0.318197 0.000149785 2
0.318473 0.000140568 2
0.318749 0.000131551 2
0.319025 0.00012274 2
0.319301 0.000114142 2
0.319577 0.00010575 2
0.319853 9.75749e-05 2
0.320129 8.96201e-05 2
0.320405 8.19101e-05 2
0.320681 7.44638e-05 2
0.320958 6.7319e-05 2
0.321234 6.05055e-05 2
0.32151 5.40617e-05 2
0.321786 4.80107e-05 2
0.322062 4.23757e-05 2
0.322338 3.71616e-05 2
0.322614 3.23713e-05 2
0.32289 2.79966e-05 2
0.323166 2.40084e-05 2
0.323442 2.04227e-05 2
0.323718 1.72286e-05 2
0.323994 1.44214e-05 2
0.32427 1.20047e-05 2
0.324547 9.98952e-06 2
0.324823 8.39614e-06 2
0.325099 7.24761e-06 2
0.325375 6.56743e-06 1
0.325651 6.3728e-06 1
0.325927 6.66691e-06 2
0.326203 7.45626e-06 2
0.326479 8.73564e-06 2
0.326755 1.04902e-05 2
0.327031 1.26989e-05 2
0.327307 1.53379e-05 2
0.327583 1.8385e-05 2
0.327859 2.18226e-05 2
0.328136 2.56408e-05 2
0.328412 2.98397e-05 2
0.328688 3.4427e-05 2
0.328964 3.94148e-05 2
0.32924 4.48201e-05 2
0.329516 5.06414e-05 2
0.329792 5.68738e-05 2
0.330068 6.35023e-05 2
0.330344 7.05016e-05 2
0.33062 7.78398e-05 2
0.330896 8.54804e-05 2
0.331172 9.33884e-05 2
0.331448 0.000101532 2
0.331724 0.000109887 2
0.332 0.000118439 2
0.332276 0.000127179 2
0.332552 0.000136111 2
0.332828 0.000145234 2
0.333104 0.000154554 2
0.33338 0.000164065 2
0.333656 0.000173753 2
0.333932 0.000183597 2
0.334208 0.000193565 2
0.334484 0.000203623 2
0.33476 0.000213731 2
0.335036 0.000223859 2
0.335312 0.00023398 2
0.335588 0.000244082 2
0.335864 0.000254156 2
0.33614 0.000264206 2
0.336416 0.000274234 2
0.336692 0.000284253 2
0.336968 0.000294271 2
0.337243 0.00030427 2
0.337519 0.000314231 2
0.337795 0.000324142 2
0.338071 0.000334012 2
0.338347 0.000343756 2
0.338623 0.000353285 2
0.338899 0.000362539 2
0.339174 0.000371464 2
0.33945 0.000380066 2
0.339726 0.000388325 2
0.340002 0.000396293 2
0.340278 0.00040403 2
0.340553 0.000411654 2
0.340829 0.000419116 2
0.341105 0.000426262 2
0.341381 0.000432669 2
0.341656 0.000438221 2
0.341932 0.0004436 2
0.342208 0.000448951 2
0.342483 0.00045419 2
0.342759 0.000459087 2
0.343035 0.000463525 2
0.34331 0.000467516 2
0.343586 0.000471071 2
0.343862 0.000474225 2
0.344138 0.000476974 2
0.344413 0.000479334 2
0.344689 0.000481262 2
0.344965 0.000482819 2
0.34524 0.000483998 2
0.345516 0.000484662 2
0.345792 0.00048475 2
0.346067 0.000484313 2
0.346343 0.000483349 2
0.346619 0.000481902 2
0.346894 0.000479976 2
0.34717 0.000477612 2
0.347446 0.000474812 2
0.347721 0.000471626 2
0.347997 0.000468084 2
0.348273 0.000464226 2
0.348549 0.000460044 2
0.348824 0.000455525 2
0.3491 0.000450629 2
0.349376 0.000445338 2
0.349651 0.000439648 2
0.349927 0.000433575 2
0.350203 0.000427134 2
0.350479 0.000420356 2
0.350755 0.000413203 2
0.35103 0.000405757 2
0.351306 0.000398034 2
0.351582 0.000390237 2
0.351858 0.000382254 2
0.352133 0.000374122 2
0.352409 0.000365846 2
0.352685 0.000357458 2
0.352961 0.000348897 2
0.353237 0.000340138 2
0.353512 0.000331125 2
0.353788 0.000321884 2
0.354064 0.000312447 2
0.35434 0.000302916 2
0.354616 0.000293307 2
0.354892 0.00028368 2
0.355167 0.000274054 2
0.355443 0.000264463 2
0.355719 0.000254881 2
0.355995 0.000245307 2
0.356271 0.000235707 2
0.356547 0.000226086 2
0.356823 0.00021642 2
0.357098 0.000206729 2
0.357374 0.000197015 2
0.35765 0.00018732 2
0.357926 0.000177672 2
0.358202 0.000168118 2
0.358478 0.000158679 2
0.358754 0.000149378 2
0.359029 0.000140245 2
0.359305 0.000131284 2
0.359581 0.000122493 2
0.359857 0.000113885 2
0.360133 0.000105463 2
0.360409 9.72511e-05 2
0.360685 8.92624e-05 2
0.360961 8.15281e-05 2
0.361236 7.4074e-05 2
0.361512 6.69395e-05 2
0.361788 6.01558e-05 2
0.362064 5.37595e-05 2
0.36234 4.77726e-05 2
0.362616 4.22139e-05 2
0.362892 3.7085e-05 2
0.363168 3.23806e-05 2
0.363444 2.80846e-05 2
0.36372 2.41569e-05 2
0.363995 2.06098e-05 2
0.364271 1.74287e-05 2
0.364547 1.46072e-05 2
0.364823 1.2151e-05 2
0.365099 1.00744e-05 2
0.365375 8.40069e-06 2
0.365651 7.15658e-06 2
0.365927 6.36965e-06 2
0.366203 6.06221e-06 2
0.366479 6.24961e-06 2
0.366755 6.934e-06 1
0.36703 8.11384e-06 2
0.367306 9.7758e-06 2
0.367582 1.18967e-05 2
0.367858 1.44465e-05 2
0.368134 1.73949e-05 2
0.36841 2.07155e-05 2
0.368686 2.43899e-05 2
0.368962 2.8416e-05 2
0.369238 3.27854e-05 2
0.369514 3.75025e-05 2
0.369789 4.25737e-05 2
0.370065 4.80039e-05 2
0.370341 5.37937e-05 2
0.370617 5.99376e-05 2
0.370893 6.64238e-05 2
0.371169 7.32362e-05 2
0.371445 8.03541e-05 2
0.371721 8.77575e-05 2
0.371996 9.54231e-05 2
0.372272 0.000103341 2
0.372548 0.000111503 2
0.372824 0.0001199 2
0.3731 0.000128531 2
0.373376 0.000137393 2
0.373651 0.000146476 2
0.373927 0.000155768 2
0.374203 0.000165243 2
0.374479 0.000174872 2
0.374755 0.000184622 2
0.37503 0.000194459 2
0.375306 0.000204349 2
0.375582 0.000214272 2
0.375858 0.000224208 2
0.376134 0.000234151 2
0.376409 0.000244096 2
0.376685 0.000254105 2
0.376961 0.000264127 2
0.377237 0.000274136 2
0.377512 0.000284116 2
0.377788 0.000294051 2
0.378064 0.000303923 2
0.378339 0.000313723 2
0.378615 0.000323405 2
0.378891 0.00033293 2
0.379166 0.000342228 2
0.379442 0.000351246 2
0.379718 0.000359923 2
0.379993 0.000368294 2
0.380269 0.000376364 2
0.380545 0.000384232 2
0.38082 0.000391945 2
0.381096 0.000399503 2
0.381371 0.00040672 2
0.381647 0.000413353 2
0.381923 0.000419336 2
0.382198 0.000425244 2
0.382474 0.000431163 2
0.38275 0.000436946 2
0.383025 0.000442396 2
0.383301 0.000447415 2
0.383576 0.000451958 2
0.383852 0.000456036 2
0.384128 0.000459645 2
0.384403 0.000462816 2
0.384679 0.000465541 2
0.384955 0.000467845 2
0.38523 0.000469699 2
0.385506 0.000471171 2
0.385782 0.000472282 2
0.386057 0.000472915 2
0.386333 0.000473057 2
0.386609 0.000472713 2
0.386885 0.000471881 2
0.38716 0.000470596 2
0.387436 0.000468862 2
0.387712 0.000466713 2
0.387988 0.000464157 2
0.388263 0.000461232 2
0.388539 0.000457949 2
0.388815 0.000454349 2
0.389091 0.00045044 2
0.389366 0.000446227 2
0.389642 0.000441674 2
0.389918 0.000436764 2
0.390194 0.00043147 2
0.39047 0.000425799 2
0.390746 0.000419764 2
0.391021 0.00041335 2
0.391297 0.00040655 2
0.391573 0.000399446 2
0.391849 0.00039204 2
0.392125 0.000384575 2
0.392401 0.000376911 2
0.392677 0.000369055 2
0.392953 0.000361051 2
0.393228 0.00035293 2
0.393504 0.000344636 2
0.39378 0.000336127 2
0.394056 0.00032734 2
0.394332 0.000318297 2
0.394608 0.000309012 2
0.394884 0.000299583 2
0.39516 0.000290065 2
0.395436 0.000280542 2
0.395712 0.000271046 2
0.395988 0.00026166 2
0.396264 0.000252345 2
0.39654 0.000243086 2
0.396816 0.000233831 2
0.397092 0.000224578 2
0.397368 0.000215298 2
0.397643 0.000206001 2
0.397919 0.000196667 2
0.398195 0.000187312 2
0.398471 0.000177936 2
0.398747 0.000168578 2
0.399023 0.000159256 2
0.399299 0.000149995 2
0.399575 0.000140851 2
0.399851 0.000131846 2
0.400127 0.000123 2
0.400403 0.000114339 2
0.400679 0.000105878 2
0.400955 9.76553e-05 2
0.401231 8.96896e-05 2
0.401507 8.20083e-05 2
0.401783 7.46316e-05 2
0.402059 6.75886e-05 2
0.402335 6.09005e-05 2
0.402611 5.45936e-05 2
0.402887 4.86816e-05 2
0.403163 4.3176e-05 2
0.403439 3.80369e-05 2
0.403715 3.33051e-05 2
0.403991 2.89651e-05 2
0.404267 2.50034e-05 2
0.404543 2.1404e-05 2
0.404819 1.81597e-05 2
0.405095 1.52668e-05 2
0.405371 1.27329e-05 2
0.405647 1.05716e-05 2
0.405923 8.80517e-06 2
0.406199 7.46006e-06 2
0.406475 6.56375e-06 2
0.406751 6.13836e-06 2
0.407027 6.19863e-06 2
0.407303 6.74643e-06 1
0.407579 7.77351e-06 2
0.407855 9.2596e-06 2
0.408131 1.11711e-05 2
0.408407 1.34841e-05 2
0.408683 1.61702e-05 2
0.408959 1.92051e-05 2
0.409235 2.25734e-05 2
0.409511 2.62702e-05 2
0.409787 3.03093e-05 2
0.410063 3.46962e-05 2
0.410339 3.94484e-05 2
0.410615 4.45828e-05 2
0.410891 5.01117e-05 2
0.411167 5.60395e-05 2
0.411443 6.236e-05 2
0.411719 6.90565e-05 2
0.411995 7.60961e-05 2
0.412271 8.34532e-05 2
0.412547 9.10908e-05 2
0.412823 9.89727e-05 2
0.413099 0.000107068 2
0.413375 0.00011535 2
0.413651 0.0001238 2
0.413927 0.000132408 2
0.414203 0.000141165 2
0.414479 0.000150068 2
0.414755 0.000159108 2
0.415031 0.000168278 2
0.415307 0.000177565 2
0.415582 0.00018696 2
0.415858 0.000196445 2
0.416134 0.000206008 2
0.41641 0.000215633 2
0.416686 0.00022531 2
0.416962 0.000235023 2
0.417238 0.000244767 2
0.417514 0.000254523 2
0.417789 0.000264285 2
0.418065 0.00027403 2
0.418341 0.000283748 2
0.418617 0.000293404 2
0.418893 0.000302992 2
0.419168 0.000312481 2
0.419444 0.00032181 2
0.41972 0.000330921 2
0.419996 0.000339776 2
0.420272 0.000348329 2
0.420547 0.000356644 2
0.420823 0.000364676 2
0.421099 0.000372436 2
0.421374 0.000379991 2
0.42165 0.000387429 2
0.421926 0.000394701 2
0.422201 0.000401715 2
0.422477 0.000408205 2
0.422753 0.000413995 2
0.423029 0.000419476 2
0.423304 0.000424918 2
0.42358 0.000430225 2
0.423855 0.000435207 2
0.424131 0.000439717 2
0.424407 0.000443738 2
0.424682 0.000447281 2
0.424958 0.00045039 2
0.425234 0.000453081 2
0.425509 0.000455393 2
0.425785 0.000457311 2
0.426061 0.000458892 2
0.426336 0.0004601 2
0.426612 0.000460952 2
0.426887 0.000461344 2
0.427163 0.000461287 2
0.427439 0.000460754 2
0.427714 0.00045979 2
0.42799 0.000458358 2
0.428266 0.000456483 2
0.428541 0.000454168 2
0.428817 0.000451436 2
0.429093 0.000448299 2
0.429368 0.000444809 2
0.429644 0.000440989 2
0.42992 0.000436861 2
0.430195 0.00043241 2
0.430471 0.000427628 2
0.430747 0.00042249 2
0.431022 0.000417003 2
0.431298 0.000411164 2
0.431574 0.000405021 2
0.431849 0.000398554 2
0.432125 0.000391778 2
0.432401 0.000384648 2
0.432677 0.000377489 2
0.432952 0.000370131 2
0.433228 0.000362577 2
0.433504 0.000354853 2
0.433779 0.000346996 2
0.434055 0.000338955 2
0.434331 0.000330711 2
0.434607 0.000322185 2
0.434882 0.00031339 2
0.435158 0.00030434 2
0.435434 0.000295134 2
0.43571 0.000285859 2
0.435986 0.000276636 2
0.436261 0.000267465 2
0.436537 0.000258367 2
0.436813 0.000249331 2
0.437089 0.00024036 2
0.437364 0.000231413 2
0.43764 0.000222474 2
0.437916 0.000213496 2
0.438192 0.000204468 2
0.438468 0.000195363 2
0.438743 0.000186193 2
0.439019 0.000176967 2
0.439295 0.000167733 2
0.439571 0.000158524 2
0.439847 0.000149395 2
0.440123 0.000140382 2
0.440398 0.000131527 2
0.440674 0.000122839 2
0.44095 0.000114366 2
0.441226 0.00010612 2
0.441502 9.81186e-05 2
0.441778 9.03703e-05 2
0.442053 8.29036e-05 2
0.442329 7.57281e-05 2
0.442605 6.88649e-05 2
0.442881 6.23252e-05 2
0.443157 5.61279e-05 2
0.443433 5.02823e-05 2
0.443709 4.48017e-05 2
0.443984 3.96886e-05 2
0.44426 3.49468e-05 2
0.444536 3.05713e-05 2
0.444812 2.6559e-05 2
0.445088 2.29032e-05 2
0.445364 1.96029e-05 2
0.44564 1.66607e-05 2
0.445915 1.40869e-05 2
0.446191 1.18969e-05 2
0.446467 1.01114e-05 2
0.446743 8.74947e-06 2
0.447019 7.82953e-06 2
0.447295 7.36092e-06 1
0.447571 7.34701e-06 2
0.447846 7.76929e-06 2
0.448122 8.61795e-06 2
0.448398 9.86979e-06 2
0.448674 1.14985e-05 2
0.44895 1.34805e-05 2
0.449226 1.57962e-05 2
0.449502 1.84329e-05 2
0.449777 2.13878e-05 2
0.450053 2.46689e-05 2
0.450329 2.83056e-05 2
0.450605 3.23097e-05 2
0.450881 3.67057e-05 2
0.451157 4.1515e-05 2
0.451433 4.67486e-05 2
0.451708 5.24053e-05 2
0.451984 5.84689e-05 2
0.45226 6.49111e-05 2
0.452536 7.16931e-05 2
0.452812 7.87679e-05 2
0.453088 8.60977e-05 2
0.453363 9.36445e-05 2
0.453639 0.000101378 2
0.453915 0.000109277 2
0.454191 0.000117332 2
0.454467 0.000125545 2
0.454742 0.000133918 2
0.455018 0.000142459 2
0.455294 0.000151177 2
0.45557 0.000160066 2
0.455845 0.00016912 2
0.456121 0.000178324 2
0.456397 0.000187657 2
0.456673 0.000197098 2
0.456948 0.000206668 2
0.457224 0.000216298 2
0.4575 0.000225927 2
0.457775 0.000235522 2
0.458051 0.000245062 2
0.458327 0.000254551 2
0.458602 0.000263986 2
0.458878 0.000273406 2
0.459154 0.000282751 2
0.459429 0.000292024 2
0.459705 0.000301195 2
0.459981 0.000310236 2
0.460256 0.000319103 2
0.460532 0.000327764 2
0.460808 0.000336173 2
0.461083 0.000344336 2
0.461359 0.00035225 2
0.461634 0.000359977 2
0.46191 0.000367551 2
0.462186 0.000375009 2
0.462461 0.000382257 2
0.462737 0.00038917 2
0.463012 0.000395555 2
0.463288 0.000401301 2
0.463564 0.00040681 2
0.463839 0.00041225 2
0.464115 0.000417461 2
0.464391 0.000422294 2
0.464666 0.000426662 2
0.464942 0.000430574 2
0.465217 0.000434051 2
0.465493 0.000437141 2
0.465769 0.000439862 2
0.466044 0.000442249 2
0.46632 0.000444297 2
0.466595 0.00044602 2
0.466871 0.000447547 2
0.467147 0.00044869 2
0.467422 0.000449354 2
0.467698 0.000449557 2
0.467974 0.000449276 2
0.468249 0.000448528 2
0.468525 0.000447295 2
0.468801 0.000445597 2
0.469076 0.000443441 2
0.469352 0.000440862 2
0.469628 0.000437873 2
0.469903 0.000434521 2
0.470179 0.000430849 2
0.470455 0.000426901 2
0.470731 0.000422687 2
0.471006 0.000418207 2
0.471282 0.000413432 2
0.471558 0.000408345 2
0.471833 0.000402925 2
0.472109 0.000397166 2
0.472385 0.000391062 2
0.472661 0.000384577 2
0.472937 0.000377791 2
0.473212 0.000370712 2
0.473488 0.000363515 2
0.473764 0.000356092 2
0.47404 0.000348435 2
0.474316 0.000340622 2
0.474591 0.000332683 2
0.474867 0.000324622 2
0.475143 0.000316388 2
0.475419 0.00030797 2
0.475695 0.000299321 2
0.475971 0.000290496 2
0.476246 0.000281539 2
0.476522 0.000272576 2
0.476798 0.000263664 2
0.477074 0.000254818 2
0.47735 0.000246027 2
0.477626 0.000237307 2
0.477902 0.000228621 2
0.478177 0.000219952 2
0.478453 0.000211244 2
0.478729 0.000202471 2
0.479005 0.000193594 2
0.479281 0.000184619 2
0.479557 0.000175552 2
0.479833 0.000166443 2
0.480109 0.000157337 2
0.480385 0.000148304 2
0.48066 0.000139393 2
0.480936 0.000130662 2
0.481212 0.000122138 2
0.481488 0.000113837 2
0.481764 0.000105786 2
0.48204 9.79909e-05 2
0.482316 9.04436e-05 2
0.482592 8.31514e-05 2
0.482868 7.61156e-05 2
0.483144 6.93496e-05 2
0.48342 6.28787e-05 2
0.483695 5.67021e-05 2
0.483971 5.08484e-05 2
0.484247 4.53345e-05 2
0.484523 4.01755e-05 2
0.484799 3.53876e-05 2
0.485075 3.09764e-05 2
0.485351 2.69455e-05 2
0.485627 2.32894e-05 2
0.485903 1.99921e-05 2
0.486179 1.7061e-05 2
0.486455 1.44912e-05 2
0.486731 1.22812e-05 2
0.487006 1.04354e-05 2
0.487282 8.9601e-06 2
0.487558 7.86544e-06 1
0.487834 7.16089e-06 1
0.48811 6.85706e-06 2
0.488386 6.95976e-06 2
0.488662 7.47065e-06 2
0.488938 8.38595e-06 2
0.489214 9.69861e-06 2
0.48949 1.14025e-05 2
0.489766 1.349e-05 2
0.490042 1.59546e-05 2
0.490318 1.88057e-05 2
0.490594 2.20315e-05 2
0.490869 2.56349e-05 2
0.491145 2.96215e-05 2
0.491421 3.39975e-05 2
0.491697 3.87662e-05 2
0.491973 4.39258e-05 2
0.492249 4.94653e-05 2
0.492525 5.53641e-05 2
0.492801 6.15843e-05 2
0.493077 6.80981e-05 2
0.493353 7.48671e-05 2
0.493629 8.18546e-05 2
0.493905 8.903e-05 2
0.49418 9.63735e-05 2
0.494456 0.000103875 2
0.494732 0.000111535 2
0.495008 0.000119359 2
0.495284 0.000127365 2
0.49556 0.000135559 2
0.495836 0.000143949 2
0.496111 0.000152535 2
0.496387 0.000161308 2
0.496663 0.00017025 2
0.496939 0.000179332 2
0.497215 0.000188522 2
0.497491 0.000197783 2
0.497766 0.000207082 2
0.498042 0.000216388 2
0.498318 0.000225681 2
0.498594 0.00023494 2
0.49887 0.000244165 2
0.499145 0.00025335 2
0.499421 0.000262519 2
0.499697 0.000271646 2
0.499973 0.000280788 2
0.500248 0.000289887 2
0.500524 0.000298856 2
0.5008 0.00030766 2
0.501075 0.000316265 2
0.501351 0.000324631 2
0.501627 0.000332749 2
0.501902 0.000340595 2
0.502178 0.000348229 2
0.502454 0.000355684 2
0.502729 0.000363013 2
0.503005 0.000370133 2
0.503281 0.000376939 2
0.503556 0.000383203 2
0.503832 0.000388784 2
0.504108 0.000394067 2
0.504383 0.000399319 2
0.504659 0.000404457 2
0.504934 0.000409322 2
0.50521 0.000413796 2
0.505486 0.000417868 2
0.505761 0.000421546 2
0.506037 0.000424867 2
0.506312 0.000427832 2
0.506588 0.000430474 2
0.506864 0.000432761 2
0.507139 0.000434716 2
0.507415 0.000436302 2
0.507691 0.000437531 2
0.507966 0.000438271 2
0.508242 0.000438519 2
0.508517 0.000438254 2
0.508793 0.000437511 2
0.509069 0.000436293 2
0.509344 0.000434625 2
0.50962 0.000432525 2
0.509895 0.000430037 2
0.510171 0.000427181 2
0.510447 0.000424004 2
0.510722 0.000420544 2
0.510998 0.000416842 2
0.511274 0.000412898 2
0.511549 0.000408705 2
0.511825 0.000404226 2
0.5121 0.000399437 2
0.512376 0.00039431 2
0.512652 0.000388833 2
0.512927 0.000383025 2
0.513203 0.000376864 2
0.513479 0.000370326 2
0.513754 0.000363493 2
0.51403 0.000356399 2
0.514306 0.000349199 2
0.514581 0.000341817 2
0.514857 0.000334278 2
0.515133 0.000326621 2
0.515408 0.00031888 2
0.515684 0.000311002 2
0.51596 0.000302974 2
0.516235 0.000294738 2
0.516511 0.000286322 2
0.516787 0.000277745 2
0.517062 0.00026909 2
0.517338 0.000260397 2
0.517614 0.000251756 2
0.517889 0.000243139 2
0.518165 0.000234552 2
0.518441 0.000225961 2
0.518717 0.000217353 2
0.518992 0.000208691 2
0.519268 0.000199972 2
0.519544 0.000191179 2
0.51982 0.000182332 2
0.520095 0.00017344 2
0.520371 0.000164552 2
0.520647 0.000155703 2
0.520923 0.000146955 2
0.521198 0.000138346 2
0.521474 0.000129925 2
0.52175 0.000121707 2
0.522026 0.000113715 2
0.522301 0.00010593 2
0.522577 9.83884e-05 2
0.522853 9.10721e-05 2
0.523129 8.3981e-05 2
0.523404 7.71121e-05 2
0.52368 7.04855e-05 2
0.523956 6.4109e-05 2
0.524232 5.80067e-05 2
0.524507 5.22005e-05 2
0.524783 4.67185e-05 2
0.525059 4.15811e-05 2
0.525335 3.68096e-05 2
0.525611 3.24135e-05 2
0.525886 2.8398e-05 2
0.526162 2.4757e-05 2
0.526438 2.14816e-05 2
0.526714 1.85575e-05 2
0.526989 1.59647e-05 2
0.527265 1.37052e-05 2
0.527541 1.17747e-05 2
0.527817 1.01755e-05 2
0.528093 8.9164e-06 1
0.528368 8.00875e-06 1
0.528644 7.46823e-06 2
0.52892 7.30847e-06 2
0.529196 7.54098e-06 2
0.529472 8.17238e-06 2
0.529747 9.20584e-06 2
0.530023 1.06394e-05 2
0.530299 1.24674e-05 2
0.530575 1.46846e-05 2
0.530851 1.72957e-05 2
0.531126 2.02836e-05 2
0.531402 2.36429e-05 2
0.531678 2.73702e-05 2
0.531954 3.14542e-05 2
0.532229 3.59009e-05 2
0.532505 4.07065e-05 2
0.532781 4.58613e-05 2
0.533057 5.13514e-05 2
0.533333 5.71576e-05 2
0.533608 6.32574e-05 2
0.533884 6.96272e-05 2
0.53416 7.62439e-05 2
0.534436 8.30883e-05 2
0.534711 9.01464e-05 2
0.534987 9.74102e-05 2
0.535263 0.000104876 2
0.535538 0.000112553 2
0.535814 0.000120432 2
0.53609 0.000128517 2
0.536366 0.0001368 2
0.536641 0.000145274 2
0.536917 0.000153919 2
0.537193 0.000162713 2
0.537468 0.000171661 2
0.537744 0.000180717 2
0.53802 0.000189815 2
0.538295 0.000198906 2
0.538571 0.000207899 2
0.538847 0.000216865 2
0.539122 0.000225803 2
0.539398 0.000234731 2
0.539673 0.000243649 2
0.539949 0.000252569 2
0.540225 0.000261491 2
0.5405 0.000270394 2
0.540776 0.000279231 2
0.541051 0.000287969 2
0.541327 0.000296555 2
0.541603 0.000304952 2
0.541878 0.000313119 2
0.542154 0.000321055 2
0.54243 0.000328734 2
0.542705 0.000336195 2
0.542981 0.000343453 2
0.543256 0.000350539 2
0.543532 0.000357408 2
0.543808 0.000364032 2
0.544083 0.0003703 2
0.544359 0.000376063 2
0.544634 0.000381329 2
0.54491 0.000386418 2
0.545186 0.000391441 2
0.545461 0.000396279 2
0.545737 0.000400797 2
0.546013 0.000404943 2
0.546288 0.000408699 2
0.546564 0.000412091 2
0.546839 0.000415118 2
0.547115 0.000417807 2
0.547391 0.000420119 2
0.547666 0.0004221 2
0.547942 0.000423715 2
0.548217 0.000424964 2
0.548493 0.000425752 2
0.548769 0.000426097 2
0.549044 0.000425968 2
0.54932 0.000425405 2
0.549595 0.000424413 2
0.549871 0.000423023 2
0.550147 0.000421242 2
0.550422 0.000419102 2
0.550698 0.000416612 2
0.550974 0.000413796 2
0.551249 0.000410664 2
0.551525 0.000407258 2
0.5518 0.000403583 2
0.552076 0.000399643 2
0.552352 0.000395408 2
0.552627 0.000390856 2
0.552903 0.000385951 2
0.553179 0.000380686 2
0.553455 0.000375055 2
0.55373 0.000369027 2
0.554006 0.000362647 2
0.554282 0.000356016 2
0.554557 0.000349156 2
0.554833 0.000342214 2
0.555109 0.000335104 2
0.555384 0.000327847 2
0.55566 0.000320478 2
0.555936 0.000313036 2
0.556212 0.000305486 2
0.556487 0.000297803 2
0.556763 0.000289924 2
0.557039 0.000281845 2
0.557315 0.000273552 2
0.55759 0.000265112 2
0.557866 0.000256567 2
0.558142 0.000248027 2
0.558418 0.000239505 2
0.558693 0.00023101 2
0.558969 0.000222523 2
0.559245 0.000214057 2
0.559521 0.000205581 2
0.559797 0.000197095 2
0.560072 0.00018857 2
0.560348 0.000180012 2
0.560624 0.000171418 2
0.5609 0.000162829 2
0.561176 0.00015427 2
0.561451 0.000145799 2
0.561727 0.000137452 2
0.562003 0.000129274 2
0.562279 0.000121282 2
0.562555 0.000113491 2
0.562831 0.000105899 2
0.563106 9.85107e-05 2
0.563382 9.13101e-05 2
0.563658 8.43161e-05 2
0.563934 7.75238e-05 2
0.56421 7.0958e-05 2
0.564486 6.46234e-05 2
0.564761 5.85547e-05 2
0.565037 5.27815e-05 2
0.565313 4.73337e-05 2
0.565589 4.22225e-05 2
0.565865 3.74664e-05 2
0.566141 3.30704e-05 2
0.566416 2.90363e-05 2
0.566692 2.53539e-05 2
0.566968 2.20118e-05 2
0.567244 1.89936e-05 2
0.56752 1.62877e-05 2
0.567796 1.38841e-05 2
0.568071 1.17838e-05 2
0.568347 9.99384e-06 2
0.568623 8.51979e-06 2
0.568899 7.40853e-06 2
0.569175 6.66234e-06 2
0.569451 6.31584e-06 1
0.569727 6.39772e-06 1
0.570002 6.89767e-06 2
0.570278 7.83578e-06 2
0.570554 9.19827e-06 2
0.57083 1.09745e-05 2
0.571106 1.31483e-05 2
0.571382 1.5701e-05 2
0.571657 1.86141e-05 2
0.571933 2.1871e-05 2
0.572209 2.54595e-05 2
0.572485 2.93645e-05 2
0.572761 3.35899e-05 2
0.573037 3.81353e-05 2
0.573313 4.30011e-05 2
0.573588 4.8184e-05 2
0.573864 5.36777e-05 2
0.57414 5.94699e-05 2
0.574416 6.55449e-05 2
0.574692 7.18839e-05 2
0.574968 7.84676e-05 2
0.575243 8.52778e-05 2
0.575519 9.22994e-05 2
0.575795 9.95276e-05 2
0.576071 0.000106945 2
0.576347 0.000114545 2
0.576622 0.000122323 2
0.576898 0.000130272 2
0.577174 0.000138384 2
0.57745 0.000146647 2
0.577725 0.000155046 2
0.578001 0.000163558 2
0.578277 0.000172162 2
0.578553 0.000180832 2
0.578828 0.000189549 2
0.579104 0.000198291 2
0.57938 0.000207048 2
0.579655 0.000215809 2
0.579931 0.000224573 2
0.580207 0.000233335 2
0.580482 0.000242144 2
0.580758 0.000250934 2
0.581034 0.000259696 2
0.581309 0.000268373 2
0.581585 0.000276935 2
0.581861 0.000285343 2
0.582136 0.000293569 2
0.582412 0.000301574 2
0.582688 0.000309349 2
0.582963 0.000316872 2
0.583239 0.000324173 2
0.583514 0.000331275 2
0.58379 0.000338227 2
0.584066 0.000345005 2
0.584341 0.000351572 2
0.584617 0.000357829 2
0.584893 0.0003636 2
0.585168 0.000368822 2
0.585444 0.000373851 2
0.585719 0.000378857 2
0.585995 0.000383756 2
0.586271 0.000388376 2
0.586546 0.000392627 2
0.586822 0.000396482 2
0.587098 0.00039996 2
0.587373 0.000403063 2
0.587649 0.000405807 2
0.587924 0.000408182 2
0.5882 0.000410209 2
0.588476 0.000411866 2
0.588751 0.000413143 2
0.589027 0.000414038 2
0.589302 0.00041451 2
0.589578 0.000414538 2
0.589854 0.000414163 2
0.590129 0.000413389 2
0.590405 0.000412242 2
0.590681 0.000410703 2
0.590956 0.000408808 2
0.591232 0.000406554 2
0.591507 0.000403956 2
0.591783 0.000401016 2
0.592059 0.000397763 2
0.592334 0.000394212 2
0.59261 0.000390376 2
0.592885 0.000386241 2
0.593161 0.000381802 2
0.593437 0.000377043 2
0.593712 0.000371962 2
0.593988 0.000366557 2
0.594263 0.000360844 2
0.594539 0.00035479 2
0.594815 0.000348484 2
0.59509 0.000341971 2
0.595366 0.000335283 2
0.595641 0.000328507 2
0.595917 0.000321574 2
0.596193 0.000314469 2
0.596468 0.00030724 2
0.596744 0.000299889 2
0.59702 0.000292421 2
0.597295 0.000284791 2
0.597571 0.000276984 2
0.597846 0.000268962 2
0.598122 0.00026077 2
0.598398 0.000252443 2
0.598673 0.000244064 2
0.598949 0.000235703 2
0.599225 0.000227393 2
0.5995 0.000219119 2
0.599776 0.000210893 2
0.600051 0.000202691 2
0.600327 0.000194516 2
0.600603 0.000186338 2
0.600878 0.000178157 2
0.601154 0.000169956 2
0.60143 0.000161754 2
0.601705 0.000153561 2
0.601981 0.000145423 2
0.602257 0.000137368 2
0.602532 0.000129443 2
0.602808 0.000121668 2
0.603084 0.000114071 2
0.603359 0.000106657 2
0.603635 9.94383e-05 2
0.603911 9.24136e-05 2
0.604186 8.55869e-05 2
0.604462 7.8949e-05 2
0.604738 7.25257e-05 2
0.605013 6.63219e-05 2
0.605289 6.03591e-05 2
0.605565 5.46539e-05 2
0.605841 4.92306e-05 2
0.606116 4.41048e-05 2
0.606392 3.92946e-05 2
0.606668 3.48114e-05 2
0.606943 3.06547e-05 2
0.607219 2.68284e-05 2
0.607495 2.33253e-05 2
0.60777 2.01385e-05 2
0.608046 1.72648e-05 2
0.608322 1.47016e-05 2
0.608598 1.24531e-05 2
0.608873 1.05278e-05 2
0.609149 8.93071e-06 2
0.609425 7.69107e-06 1
0.6097 6.82651e-06 1
0.609976 6.35407e-06 1
0.610252 6.28674e-06 2
0.610528 6.62922e-06 2
0.610803 7.37983e-06 2
0.611079 8.53461e-06 2
0.611355 1.00834e-05 2
0.61163 1.20122e-05 2
0.611906 1.4305e-05 2
0.612182 1.69473e-05 2
0.612458 1.99321e-05 2
0.612733 2.32392e-05 2
0.613009 2.68701e-05 2
0.613285 3.08255e-05 2
0.61356 3.51074e-05 2
0.613836 3.97174e-05 2
0.614112 4.46542e-05 2
0.614387 4.99131e-05 2
0.614663 5.54829e-05 2
0.614939 6.13471e-05 2
0.615214 6.74978e-05 2
0.61549 7.38984e-05 2
0.615766 8.05246e-05 2
0.616041 8.73544e-05 2
0.616317 9.43698e-05 2
0.616593 0.000101558 2
0.616868 0.00010891 2
0.617144 0.000116421 2
0.617419 0.000124087 2
0.617695 0.000131905 2
0.617971 0.000139869 2
0.618246 0.00014797 2
0.618522 0.000156192 2
0.618797 0.00016452 2
0.619073 0.00017293 2
0.619349 0.000181403 2
0.619624 0.000189915 2
0.6199 0.000198493 2
0.620176 0.000207069 2
0.620451 0.000215627 2
0.620727 0.000224148 2
0.621002 0.000232633 2
0.621278 0.000241085 2
0.621554 0.000249496 2
0.621829 0.000257848 2
0.622105 0.000266121 2
0.62238 0.000274281 2
0.622656 0.000282299 2
0.622932 0.000290146 2
0.623207 0.000297789 2
0.623483 0.000305192 2
0.623759 0.000312376 2
0.624034 0.000319356 2
0.62431 0.000326181 2
0.624585 0.000332853 2
0.624861 0.000339383 2
0.625137 0.000345665 2
0.625412 0.000351532 2
0.625688 0.000356804 2
0.625963 0.000361691 2
0.626239 0.000366584 2
0.626515 0.000371416 2
0.62679 0.000376036 2
0.627066 0.000380319 2
0.627341 0.000384218 2
0.627617 0.00038775 2
0.627893 0.000390917 2
0.628168 0.000393743 2
0.628444 0.00039622 2
0.62872 0.000398358 2
0.628995 0.000400172 2
0.629271 0.000401681 2
0.629546 0.000402791 2
0.629822 0.000403488 2
0.630098 0.000403764 2
0.630373 0.00040365 2
0.630649 0.000403134 2
0.630924 0.000402226 2
0.6312 0.000400916 2
0.631476 0.000399222 2
0.631751 0.00039714 2
0.632027 0.000394693 2
0.632302 0.000391884 2
0.632578 0.000388746 2
0.632854 0.000385305 2
0.633129 0.000381592 2
0.633405 0.000377614 2
0.633681 0.000373373 2
0.633956 0.000368852 2
0.634232 0.000364046 2
0.634507 0.000358945 2
0.634783 0.000353564 2
0.635059 0.000347903 2
0.635334 0.000341937 2
0.63561 0.000335725 2
0.635885 0.000329291 2
0.636161 0.000322774 2
0.636437 0.000316071 2
0.636712 0.00030917 2
0.636988 0.000302122 2
0.637264 0.00029495 2
0.637539 0.00028768 2
0.637815 0.000280282 2
0.638091 0.000272751 2
0.638366 0.00026503 2
0.638642 0.000257147 2
0.638918 0.000249118 2
0.639193 0.000241038 2
0.639469 0.000232934 2
0.639745 0.000224848 2
0.64002 0.000216782 2
0.640296 0.000208744 2
0.640572 0.000200721 2
0.640847 0.000192723 2
0.641123 0.000184721 2
0.641399 0.000176714 2
0.641674 0.000168683 2
0.64195 0.000160649 2
0.642226 0.00015262 2
0.642501 0.000144642 2
0.642777 0.000136744 2
0.643053 0.00012897 2
0.643329 0.000121342 2
0.643604 0.000113888 2
0.64388 0.000106607 2
0.644156 9.95085e-05 2
0.644431 9.2581e-05 2
0.644707 8.58272e-05 2
0.644983 7.92345e-05 2
0.645259 7.28332e-05 2
0.645534 6.66279e-05 2
0.64581 6.06424e-05 2
0.646086 5.48954e-05 2
0.646362 4.94155e-05 2
0.646637 4.42236e-05 2
0.646913 3.93427e-05 2
0.647189 3.47853e-05 2
0.647465 3.05628e-05 2
0.64774 2.6678e-05 2
0.648016 2.31352e-05 2
0.648292 1.99268e-05 2
0.648568 1.70475e-05 2
0.648843 1.44922e-05 2
0.649119 1.22604e-05 2
0.649395 1.03545e-05 2
0.649671 8.78245e-06 2
0.649946 7.55557e-06 2
0.650222 6.6881e-06 2
0.650498 6.19333e-06 2
0.650774 6.08252e-06 2
0.651049 6.35973e-06 1
0.651325 7.01867e-06 1
0.651601 8.06745e-06 2
0.651877 9.49226e-06 2
0.652152 1.12806e-05 2
0.652428 1.34183e-05 2
0.652704 1.58915e-05 2
0.65298 1.86834e-05 2
0.653255 2.17907e-05 2
0.653531 2.52096e-05 2
0.653807 2.89386e-05 2
0.654082 3.29787e-05 2
0.654358 3.7329e-05 2
0.654634 4.19874e-05 2
0.65491 4.69475e-05 2
0.655185 5.22096e-05 2
0.655461 5.77494e-05 2
0.655737 6.35482e-05 2
0.656013 6.95853e-05 2
0.656288 7.58418e-05 2
0.656564 8.23013e-05 2
0.65684 8.89527e-05 2
0.657115 9.57888e-05 2
0.657391 0.000102806 2
0.657667 0.000110004 2
0.657943 0.00011738 2
0.658218 0.000124933 2
0.658494 0.000132654 2
0.658769 0.000140531 2
0.659045 0.000148546 2
0.659321 0.000156677 2
0.659596 0.000164926 2
0.659872 0.000173244 2
0.660148 0.00018159 2
0.660423 0.000189944 2
0.660699 0.000198287 2
0.660975 0.00020662 2
0.66125 0.000214938 2
0.661526 0.000223242 2
0.661801 0.000231527 2
0.662077 0.000239782 2
0.662353 0.000247981 2
0.662628 0.000256108 2
0.662904 0.000264125 2
0.66318 0.000272001 2
0.663455 0.000279712 2
0.663731 0.00028723 2
0.664006 0.000294533 2
0.664282 0.000301645 2
0.664558 0.000308583 2
0.664833 0.000315386 2
0.665109 0.000322026 2
0.665384 0.000328471 2
0.66566 0.000334596 2
0.665936 0.000340212 2
0.666211 0.000345332 2
0.666487 0.000350347 2
0.666763 0.000355353 2
0.667038 0.000360254 2
0.667314 0.000364887 2
0.667589 0.000369175 2
0.667865 0.000373094 2
0.668141 0.000376662 2
0.668416 0.000379878 2
0.668692 0.000382759 2
0.668967 0.000385283 2
0.669243 0.000387489 2
0.669519 0.000389342 2
0.669794 0.000390852 2
0.67007 0.000392006 2
0.670346 0.000392772 2
0.670621 0.000393112 2
0.670897 0.000393062 2
0.671172 0.000392613 2
0.671448 0.000391789 2
0.671724 0.000390584 2
0.671999 0.000389007 2
0.672275 0.000387062 2
0.67255 0.000384775 2
0.672826 0.000382151 2
0.673102 0.000379223 2
0.673377 0.000376017 2
0.673653 0.000372561 2
0.673928 0.00036886 2
0.674204 0.000364909 2
0.67448 0.000360687 2
0.674755 0.000356179 2
0.675031 0.000351371 2
0.675307 0.00034627 2
0.675582 0.000340867 2
0.675858 0.000335153 2
0.676133 0.000329183 2
0.676409 0.000322987 2
0.676685 0.000316717 2
0.67696 0.000310269 2
0.677236 0.000303612 2
0.677511 0.000296789 2
0.677787 0.000289838 2
0.678063 0.000282787 2
0.678338 0.000275618 2
0.678614 0.000268325 2
0.678889 0.000260869 2
0.679165 0.000253278 2
0.679441 0.000245523 2
0.679716 0.000237665 2
0.679992 0.000229731 2
0.680267 0.000221786 2
0.680543 0.000213868 2
0.680819 0.000205995 2
0.681094 0.000198144 2
0.68137 0.000190322 2
0.681645 0.00018251 2
0.681921 0.000174715 2
0.682197 0.000166924 2
0.682472 0.000159148 2
0.682748 0.000151388 2
0.683023 0.000143674 2
0.683299 0.000136023 2
0.683575 0.000128476 2
0.68385 0.000121048 2
0.684126 0.000113766 2
0.684401 0.000106633 2
0.684677 9.96593e-05 2
0.684953 9.28388e-05 2
0.685228 8.61784e-05 2
0.685504 7.96799e-05 2
0.685779 7.33555e-05 2
0.686055 6.72057e-05 2
0.686331 6.127e-05 2
0.686606 5.55639e-05 2
0.686882 5.01136e-05 2
0.687158 4.49412e-05 2
0.687433 4.00722e-05 2
0.687709 3.55228e-05 2
0.687984 3.13065e-05 2
0.68826 2.74263e-05 2
0.688536 2.3882e-05 2
0.688811 2.06668e-05 2
0.689087 1.7775e-05 2
0.689362 1.51978e-05 2
0.689638 1.29312e-05 2
0.689914 1.09731e-05 2
0.690189 9.32695e-06 2
0.690465 8.00018e-06 2
0.690741 7.00497e-06 2
0.691016 6.35553e-06 2
0.691292 6.06636e-06 2
0.691567 6.1498e-06 2
0.691843 6.61139e-06 1
0.692119 7.45224e-06 1
0.692394 8.67063e-06 2
0.69267 1.0259e-05 2
0.692945 1.22052e-05 2
0.693221 1.44952e-05 2
0.693497 1.71148e-05 2
0.693772 2.00521e-05 2
0.694048 2.32981e-05 2
0.694323 2.68472e-05 2
0.694599 3.0696e-05 2
0.694875 3.48424e-05 2
0.69515 3.92841e-05 2
0.695426 4.40173e-05 2
0.695701 4.9035e-05 2
0.695977 5.43275e-05 2
0.696253 5.98821e-05 2
0.696528 6.56841e-05 2
0.696804 7.17179e-05 2
0.69708 7.79685e-05 2
0.697355 8.44226e-05 2
0.697631 9.10692e-05 2
0.697906 9.78991e-05 2
0.698182 0.000104905 2
0.698458 0.00011208 2
0.698733 0.000119414 2
0.699009 0.000126897 2
0.699284 0.000134514 2
0.69956 0.000142248 2
0.699836 0.000150078 2
0.700111 0.000157984 2
0.700387 0.000165945 2
0.700662 0.00017398 2
0.700938 0.000182042 2
0.701214 0.000190099 2
0.701489 0.000198138 2
0.701765 0.000206155 2
0.70204 0.000214158 2
0.702316 0.000222142 2
0.702592 0.000230119 2
0.702867 0.000238081 2
0.703143 0.000246 2
0.703418 0.000253839 2
0.703694 0.000261585 2
0.70397 0.000269183 2
0.704245 0.000276601 2
0.704521 0.00028381 2
0.704797 0.000290809 2
0.705072 0.000297605 2
0.705348 0.000304242 2
0.705623 0.000310723 2
0.705899 0.000317059 2
0.706175 0.000323167 2
0.70645 0.000328919 2
0.706726 0.000334143 2
0.707001 0.000338964 2
0.707277 0.00034378 2
0.707553 0.000348578 2
0.707828 0.000353218 2
0.708104 0.000357567 2
0.708379 0.000361562 2
0.708655 0.00036521 2
0.708931 0.000368506 2
0.709206 0.000371465 2
0.709482 0.000374063 2
0.709758 0.00037635 2
0.710033 0.000378288 2
0.710309 0.000379883 2
0.710584 0.000381124 2
0.71086 0.000381982 2
0.711136 0.000382438 2
0.711411 0.000382521 2
0.711687 0.000382228 2
0.711962 0.00038158 2
0.712238 0.000380566 2
0.712514 0.000379205 2
0.712789 0.000377491 2
0.713065 0.00037544 2
0.71334 0.000373055 2
0.713616 0.000370355 2
0.713892 0.000367348 2
0.714167 0.000364069 2
0.714443 0.00036053 2
0.714718 0.000356742 2
0.714994 0.000352694 2
0.71527 0.000348378 2
0.715545 0.000343778 2
0.715821 0.000338894 2
0.716097 0.00033373 2
0.716372 0.000328296 2
0.716648 0.000322575 2
0.716923 0.000316622 2
0.717199 0.000310461 2
0.717475 0.000304243 2
0.71775 0.000297849 2
0.718026 0.000291279 2
0.718301 0.000284567 2
0.718577 0.000277751 2
0.718853 0.000270827 2
0.719128 0.000263795 2
0.719404 0.000256611 2
0.71968 0.000249272 2
0.719955 0.00024175 2
0.720231 0.000234109 2
0.720506 0.000226385 2
0.720782 0.000218652 2
0.721058 0.000210917 2
0.721333 0.000203219 2
0.721609 0.000195554 2
0.721884 0.000187933 2
0.72216 0.000180347 2
0.722436 0.000172807 2
0.722711 0.000165293 2
0.722987 0.000157806 2
0.723263 0.000150332 2
0.723538 0.000142888 2
0.723814 0.00013548 2
0.724089 0.000128141 2
0.724365 0.000120886 2
0.724641 0.000113745 2
0.724916 0.000106727 2
0.725192 9.98475e-05 2
0.725467 9.3106e-05 2
0.725743 8.65129e-05 2
0.726019 8.00696e-05 2
0.726294 7.3793e-05 2
0.72657 6.76968e-05 2
0.726846 6.18087e-05 2
0.727121 5.61521e-05 2
0.727397 5.07518e-05 2
0.727672 4.56387e-05 2
0.727948 4.08331e-05 2
0.728224 3.63458e-05 2
0.728499 3.21862e-05 2
0.728775 2.83531e-05 2
0.729051 2.48435e-05 2
0.729326 2.16478e-05 2
0.729602 1.87582e-05 2
0.729878 1.61666e-05 2
0.730153 1.38697e-05 2
0.730429 1.18671e-05 2
0.730704 1.0164e-05 2
0.73098 8.76928e-06 2
0.731256 7.69588e-06 2
0.731531 6.95805e-06 2
0.731807 6.57003e-06 2
0.732083 6.54317e-06 1
0.732358 6.88504e-06 2
0.732634 7.59551e-06 2
0.73291 8.67016e-06 2
0.733185 1.00991e-05 2
0.733461 1.18678e-05 2
0.733736 1.39593e-05 2
0.734012 1.63574e-05 2
0.734288 1.90488e-05 2
0.734563 2.20244e-05 2
0.734839 2.52805e-05 2
0.735115 2.88176e-05 2
0.73539 3.26391e-05 2
0.735666 3.67496e-05 2
0.735942 4.11522e-05 2
0.736217 4.58471e-05 2
0.736493 5.08302e-05 2
0.736768 5.60925e-05 2
0.737044 6.16211e-05 2
0.73732 6.73998e-05 2
0.737595 7.3411e-05 2
0.737871 7.96373e-05 2
0.738146 8.60622e-05 2
0.738422 9.26713e-05 2
0.738698 9.94524e-05 2
0.738973 0.000106394 2
0.739249 0.000113505 2
0.739525 0.000120759 2
0.7398 0.000128134 2
0.740076 0.000135609 2
0.740351 0.000143172 2
0.740627 0.000150811 2
0.740903 0.000158517 2
0.741178 0.000166275 2
0.741454 0.000174077 2
0.74173 0.000181911 2
0.742005 0.000189771 2
0.742281 0.000197647 2
0.742556 0.000205544 2
0.742832 0.000213442 2
0.743108 0.000221325 2
0.743383 0.000229168 2
0.743659 0.000236948 2
0.743934 0.000244639 2
0.74421 0.00025221 2
0.744486 0.000259634 2
0.744761 0.000266882 2
0.745037 0.000273928 2
0.745313 0.000280781 2
0.745588 0.000287451 2
0.745864 0.000293981 2
0.746139 0.000300359 2
0.746415 0.000306571 2
0.746691 0.000312542 2
0.746966 0.000318131 2
0.747242 0.000323221 2
0.747517 0.000328034 2
0.747793 0.000332863 2
0.748069 0.000337656 2
0.748344 0.000342274 2
0.74862 0.000346596 2
0.748896 0.000350566 2
0.749171 0.000354184 2
0.749447 0.000357444 2
0.749722 0.00036036 2
0.749998 0.000362927 2
0.750274 0.000365166 2
0.750549 0.000367094 2
0.750825 0.000368713 2
0.7511 0.000370019 2
0.751376 0.00037098 2
0.751652 0.000371573 2
0.751927 0.00037182 2
0.752203 0.000371714 2
0.752478 0.000371272 2
0.752754 0.000370473 2
0.75303 0.000369332 2
0.753305 0.000367834 2
0.753581 0.000365995 2
0.753857 0.000363815 2
0.754132 0.000361314 2
0.754408 0.000358494 2
0.754683 0.000355377 2
0.754959 0.000351984 2
0.755235 0.000348338 2
0.75551 0.000344444 2
0.755786 0.000340305 2
0.756061 0.000335906 2
0.756337 0.000331244 2
0.756613 0.000326312 2
0.756888 0.000321123 2
0.757164 0.000315659 2
0.757439 0.00030996 2
0.757715 0.000304033 2
0.757991 0.000298056 2
0.758266 0.000291917 2
0.758542 0.000285599 2
0.758818 0.000279122 2
0.759093 0.000272532 2
0.759369 0.000265828 2
0.759644 0.00025902 2
0.75992 0.000252074 2
0.760196 0.000244985 2
0.760471 0.00023775 2
0.760747 0.000230387 2
0.761022 0.000222901 2
0.761298 0.000215379 2
0.761574 0.000207859 2
0.761849 0.000200376 2
0.762125 0.000192929 2
0.7624 0.000185526 2
0.762676 0.00017816 2
0.762952 0.000170845 2
0.763227 0.000163561 2
0.763503 0.000156303 2
0.763778 0.000149048 2
0.764054 0.000141798 2
0.76433 0.000134554 2
0.764605 0.000127341 2
0.764881 0.000120178 2
0.765156 0.000113099 2
0.765432 0.000106122 2
0.765708 9.92765e-05 2
0.765983 9.25753e-05 2
0.766259 8.6039e-05 2
0.766534 7.9676e-05 2
0.76681 7.3502e-05 2
0.767086 6.75246e-05 2
0.767361 6.17608e-05 2
0.767637 5.62236e-05 2
0.767912 5.09364e-05 2
0.768188 4.5904e-05 2
0.768464 4.1162e-05 2
0.768739 3.67128e-05 2
0.769015 3.25673e-05 2
0.76929 2.87264e-05 2
0.769566 2.51952e-05 2
0.769841 2.19624e-05 2
0.770117 1.90307e-05 2
0.770393 1.6388e-05 2
0.770668 1.40353e-05 2
0.770944 1.19724e-05 2
0.771219 1.02042e-05 2
0.771495 8.73857e-06 2
0.771771 7.58677e-06 2
0.772046 6.76191e-06 2
0.772322 6.27763e-06 2
0.772597 6.14447e-06 1
0.772873 6.36828e-06 1
0.773149 6.95062e-06 2
0.773424 7.88602e-06 2
0.7737 9.16598e-06 2
0.773975 1.07773e-05 2
0.774251 1.27038e-05 2
0.774527 1.49298e-05 2
0.774802 1.74425e-05 2
0.775078 2.02338e-05 2
0.775353 2.3301e-05 2
0.775629 2.66466e-05 2
0.775905 3.02763e-05 2
0.77618 3.41966e-05 2
0.776456 3.84126e-05 2
0.776731 4.2925e-05 2
0.777007 4.77288e-05 2
0.777283 5.28131e-05 2
0.777558 5.81612e-05 2
0.777834 6.37521e-05 2
0.778109 6.9563e-05 2
0.778385 7.55709e-05 2
0.778661 8.17555e-05 2
0.778936 8.80999e-05 2
0.779212 9.45924e-05 2
0.779487 0.000101224 2
0.779763 0.000107992 2
0.780039 0.000114912 2
0.780314 0.000121966 2
0.78059 0.000129131 2
0.780865 0.000136393 2
0.781141 0.000143744 2
0.781417 0.000151178 2
0.781692 0.000158683 2
0.781968 0.000166254 2
0.782243 0.000173874 2
0.782519 0.000181536 2
0.782795 0.000189223 2
0.78307 0.000196935 2
0.783346 0.000204643 2
0.783621 0.000212343 2
0.783897 0.000220008 2
0.784173 0.00022762 2
0.784448 0.000235149 2
0.784724 0.000242565 2
0.784999 0.000249835 2
0.785275 0.000256929 2
0.785551 0.000263822 2
0.785826 0.00027053 2
0.786102 0.000277063 2
0.786377 0.000283477 2
0.786653 0.000289763 2
0.786929 0.000295906 2
0.787204 0.000301808 2
0.78748 0.000307339 2
0.787756 0.000312393 2
0.788031 0.000317196 2
0.788307 0.000322041 2
0.788582 0.000326848 2
0.788858 0.000331472 2
0.789134 0.000335798 2
0.789409 0.000339775 2
0.789685 0.000343404 2
0.78996 0.000346682 2
0.790236 0.000349625 2
0.790512 0.00035223 2
0.790787 0.000354546 2
0.791063 0.000356531 2
0.791338 0.000358242 2
0.791614 0.000359649 2
0.79189 0.000360723 2
0.792165 0.000361444 2
0.792441 0.000361824 2
0.792717 0.000361855 2
0.792992 0.000361548 2
0.793268 0.000360878 2
0.793543 0.000359859 2
0.793819 0.00035848 2
0.794095 0.000356758 2
0.79437 0.00035469 2
0.794646 0.000352306 2
0.794921 0.000349614 2
0.795197 0.000346643 2
0.795473 0.000343415 2
0.795748 0.00033996 2
0.796024 0.000336282 2
0.796299 0.000332381 2
0.796575 0.00032824 2
0.796851 0.000323846 2
0.797126 0.000319189 2
0.797402 0.000314278 2
0.797677 0.000309114 2
0.797953 0.00030368 2
0.798229 0.000298016 2
0.798504 0.000292159 2
0.79878 0.000286232 2
0.799056 0.000280147 2
0.799331 0.000273875 2
0.799607 0.000267447 2
0.799882 0.000260898 2
0.800158 0.000254248 2
0.800434 0.000247484 2
0.800709 0.000240609 2
0.800985 0.000233598 2
0.80126 0.00022647 2
0.801536 0.000219232 2
0.801812 0.000211927 2
0.802087 0.00020459 2
0.802363 0.000197296 2
0.802639 0.000190042 2
0.802914 0.000182831 2
0.80319 0.000175643 2
0.803465 0.000168484 2
0.803741 0.00016134 2
0.804017 0.000154217 2
0.804292 0.000147097 2
0.804568 0.000139988 2
0.804843 0.000132884 2
0.805119 0.000125809 2
0.805395 0.00011878 2
0.80567 0.000111836 2
0.805946 0.000105002 2
0.806222 9.83129e-05 2
0.806497 9.1784e-05 2
0.806773 8.54358e-05 2
0.807048 7.92721e-05 2
0.807324 7.33036e-05 2
0.8076 6.75306e-05 2
0.807875 6.19634e-05 2
0.808151 5.66072e-05 2
0.808426 5.1479e-05 2
0.808702 4.65861e-05 2
0.808978 4.19468e-05 2
0.809253 3.75683e-05 2
0.809529 3.34747e-05 2
0.809804 2.96705e-05 2
0.81008 2.61617e-05 2
0.810356 2.2948e-05 2
0.810631 2.00286e-05 2
0.810907 1.73987e-05 2
0.811183 1.50552e-05 2
0.811458 1.29955e-05 2
0.811734 1.12207e-05 2
0.812009 9.73425e-06 2
0.812285 8.54289e-06 2
0.812561 7.65448e-06 2
0.812836 7.07777e-06 1
0.813112 6.81991e-06 1
0.813387 6.88725e-06 1
0.813663 7.28315e-06 2
0.813939 8.00544e-06 2
0.814214 9.04897e-06 2
0.81449 1.04047e-05 2
0.814765 1.20639e-05 2
0.815041 1.40194e-05 2
0.815317 1.62649e-05 2
0.815592 1.8797e-05 2
0.815868 2.16151e-05 2
0.816144 2.47218e-05 2
0.816419 2.81211e-05 2
0.816695 3.18171e-05 2
0.81697 3.58204e-05 2
0.817246 4.01332e-05 2
0.817522 4.47203e-05 2
0.817797 4.95719e-05 2
0.818073 5.46757e-05 2
0.818348 6.0018e-05 2
0.818624 6.55813e-05 2
0.8189 7.13459e-05 2
0.819175 7.72937e-05 2
0.819451 8.34097e-05 2
0.819727 8.96836e-05 2
0.820002 9.6107e-05 2
0.820278 0.000102675 2
0.820553 0.000109382 2
0.820829 0.000116225 2
0.821105 0.000123197 2
0.82138 0.00013029 2
0.821656 0.000137493 2
0.821931 0.000144792 2
0.822207 0.000152171 2
0.822483 0.000159614 2
0.822758 0.0001671 2
0.823034 0.000174616 2
0.82331 0.000182143 2
0.823585 0.000189676 2
0.823861 0.000197195 2
0.824136 0.000204683 2
0.824412 0.000212117 2
0.824688 0.000219478 2
0.824963 0.000226738 2
0.825239 0.000233885 2
0.825514 0.000240894 2
0.82579 0.000247755 2
0.826066 0.000254453 2
0.826341 0.000261008 2
0.826617 0.000267419 2
0.826893 0.000273716 2
0.827168 0.000279874 2
0.827444 0.000285879 2
0.827719 0.000291667 2
0.827995 0.000297154 2
0.828271 0.000302252 2
0.828546 0.000307004 2
0.828822 0.000311641 2
0.829097 0.000316244 2
0.829373 0.00032071 2
0.829649 0.000324931 2
0.829924 0.000328832 2
0.8302 0.000332407 2
0.830476 0.000335652 2
0.830751 0.000338586 2
0.831027 0.000341205 2
0.831302 0.000343528 2
0.831578 0.00034559 2
0.831854 0.000347371 2
0.832129 0.000348858 2
0.832405 0.000350021 2
0.83268 0.000350838 2
0.832956 0.000351321 2
0.833232 0.000351461 2
0.833507 0.000351269 2
0.833783 0.000350724 2
0.834058 0.000349839 2
0.834334 0.000348597 2
0.83461 0.000347019 2
0.834885 0.000345111 2
0.835161 0.000342898 2
0.835437 0.00034039 2
0.835712 0.000337607 2
0.835988 0.000334557 2
0.836263 0.000331274 2
0.836539 0.000327772 2
0.836815 0.000324059 2
0.83709 0.000320124 2
0.837366 0.000315956 2
0.837641 0.000311534 2
0.837917 0.000306855 2
0.838193 0.000301918 2
0.838468 0.000296697 2
0.838744 0.000291241 2
0.839019 0.000285587 2
0.839295 0.00027978 2
0.839571 0.000273888 2
0.839846 0.000267837 2
0.840122 0.000261631 2
0.840397 0.000255294 2
0.840673 0.000248871 2
0.840949 0.000242355 2
0.841224 0.000235752 2
0.8415 0.000229032 2
0.841776 0.000222203 2
0.842051 0.000215256 2
0.842327 0.000208229 2
0.842602 0.000201147 2
0.842878 0.00019407 2
0.843154 0.000186984 2
0.843429 0.000179916 2
0.843705 0.000172863 2
0.84398 0.000165829 2
0.844256 0.000158805 2
0.844531 0.000151806 2
0.844807 0.000144822 2
0.845083 0.000137863 2
0.845358 0.000130927 2
0.845634 0.000124034 2
0.845909 0.000117198 2
0.846185 0.000110451 2
0.846461 0.000103814 2
0.846736 9.73167e-05 2
0.847012 9.09717e-05 2
0.847287 8.47966e-05 2
0.847563 7.87923e-05 2
0.847839 7.29672e-05 2
0.848114 6.73205e-05 2
0.84839 6.18614e-05 2
0.848665 5.65941e-05 2
0.848941 5.15331e-05 2
0.849217 4.66889e-05 2
0.849492 4.20794e-05 2
0.849768 3.77219e-05 2
0.850043 3.36309e-05 2
0.850319 2.98096e-05 2
0.850595 2.62765e-05 2
0.85087 2.30319e-05 2
0.851146 2.00772e-05 2
0.851421 1.74099e-05 2
0.851697 1.50285e-05 2
0.851973 1.29297e-05 2
0.852248 1.11122e-05 2
0.852524 9.57556e-06 2
0.852799 8.32274e-06 2
0.853075 7.35823e-06 2
0.853351 6.68896e-06 2
0.853626 6.32358e-06 1
0.853902 6.2676e-06 1
0.854177 6.52708e-06 2
0.854453 7.1053e-06 2
0.854729 8.00131e-06 2
0.855004 9.21457e-06 2
0.85528 1.07414e-05 2
0.855555 1.25759e-05 2
0.855831 1.4711e-05 2
0.856106 1.714e-05 2
0.856382 1.98578e-05 2
0.856658 2.28606e-05 2
0.856933 2.61464e-05 2
0.857209 2.97132e-05 2
0.857484 3.35586e-05 2
0.85776 3.76777e-05 2
0.858036 4.20627e-05 2
0.858311 4.67026e-05 2
0.858587 5.15832e-05 2
0.858862 5.66879e-05 2
0.859138 6.20095e-05 2
0.859414 6.75244e-05 2
0.859689 7.32098e-05 2
0.859965 7.90503e-05 2
0.86024 8.50394e-05 2
0.860516 9.11749e-05 2
0.860792 9.74575e-05 2
0.861067 0.000103887 2
0.861343 0.000110462 2
0.861618 0.000117177 2
0.861894 0.000124023 2
0.86217 0.000130986 2
0.862445 0.000138048 2
0.862721 0.000145188 2
0.862996 0.000152389 2
0.863272 0.000159629 2
0.863548 0.000166898 2
0.863823 0.00017418 2
0.864099 0.000181464 2
0.864374 0.000188744 2
0.86465 0.000196016 2
0.864926 0.000203246 2
0.865201 0.000210418 2
0.865477 0.000217502 2
0.865752 0.000224486 2
0.866028 0.000231347 2
0.866304 0.000238075 2
0.866579 0.000244657 2
0.866855 0.000251111 2
0.867131 0.000257432 2
0.867406 0.000263644 2
0.867682 0.00026972 2
0.867957 0.000275635 2
0.868233 0.000281327 2
0.868509 0.000286712 2
0.868784 0.000291692 2
0.86906 0.000296347 2
0.869335 0.000300944 2
0.869611 0.000305516 2
0.869887 0.000309948 2
0.870162 0.000314137 2
0.870438 0.000318026 2
0.870713 0.000321612 2
0.870989 0.00032489 2
0.871265 0.000327874 2
0.87154 0.000330576 2
0.871816 0.000332989 2
0.872091 0.000335112 2
0.872367 0.000336941 2
0.872643 0.000338475 2
0.872918 0.000339712 2
0.873194 0.000340614 2
0.87347 0.000341181 2
0.873745 0.000341408 2
0.874021 0.00034131 2
0.874296 0.000340875 2
0.874572 0.000340118 2
0.874848 0.000339032 2
0.875123 0.00033763 2
0.875399 0.0003359 2
0.875674 0.000333876 2
0.87595 0.000331563 2
0.876226 0.000328975 2
0.876501 0.00032612 2
0.876777 0.00032302 2
0.877052 0.000319688 2
0.877328 0.000316133 2
0.877604 0.000312348 2
0.877879 0.00030833 2
0.878155 0.000304065 2
0.878431 0.000299553 2
0.878706 0.000294794 2
0.878982 0.000289776 2
0.879257 0.000284504 2
0.879533 0.000279044 2
0.879809 0.000273419 2
0.880084 0.000267739 2
0.88036 0.000261912 2
0.880635 0.000255943 2
0.880911 0.000249831 2
0.881187 0.000243608 2
0.881462 0.000237281 2
0.881738 0.000230872 2
0.882013 0.000224369 2
0.882289 0.00021778 2
0.882565 0.000211086 2
0.88284 0.00020431 2
0.883116 0.000197465 2
0.883392 0.000190575 2
0.883667 0.000183681 2
0.883943 0.000176813 2
0.884218 0.000169961 2
0.884494 0.000163124 2
0.88477 0.000156295 2
0.885045 0.000149496 2
0.885321 0.000142727 2
0.885596 0.000136003 2
0.885872 0.000129315 2
0.886148 0.000122677 2
0.886423 0.000116091 2
0.886699 0.000109583 2
0.886974 0.000103167 2
0.88725 9.68736e-05 2
0.887526 9.07133e-05 2
0.887801 8.47065e-05 2
0.888077 7.88568e-05 2
0.888353 7.31761e-05 2
0.888628 6.76652e-05 2
0.888904 6.23341e-05 2
0.889179 5.71862e-05 2
0.889455 5.22341e-05 2
0.889731 4.74858e-05 2
0.890006 4.29573e-05 2
0.890282 3.86596e-05 2
0.890557 3.4608e-05 2
0.890833 3.08123e-05 2
0.891109 2.72824e-05 2
0.891384 2.40225e-05 2
0.89166 2.10337e-05 2
0.891935 1.83182e-05 2
0.892211 1.58737e-05 2
0.892487 1.36973e-05 2
0.892762 1.17891e-05 2
0.893038 1.01502e-05 2
0.893314 8.78502e-06 2
0.893589 7.6995e-06 1
0.893865 6.90235e-06 1
0.89414 6.4012e-06 1
0.894416 6.20555e-06 1
0.894692 6.32323e-06 2
0.894967 6.76007e-06 2
0.895243 7.51384e-06 2
0.895518 8.58453e-06 2
0.895794 9.9692e-06 2
0.89607 1.16619e-05 2
0.896345 1.36544e-05 2
0.896621 1.59385e-05 2
0.896896 1.85067e-05 2
0.897172 2.1353e-05 2
0.897448 2.44727e-05 2
0.897723 2.78623e-05 2
0.897999 3.15184e-05 2
0.898274 3.54369e-05 2
0.89855 3.96119e-05 2
0.898826 4.40355e-05 2
0.899101 4.86975e-05 2
0.899377 5.35855e-05 2
0.899653 5.86862e-05 2
0.899928 6.39854e-05 2
0.900204 6.947e-05 2
0.900479 7.51272e-05 2
0.900755 8.09469e-05 2
0.901031 8.69197e-05 2
0.901306 9.30383e-05 2
0.901582 9.92954e-05 2
0.901857 0.000105684 2
0.902133 0.000112197 2
0.902409 0.000118823 2
0.902684 0.000125552 2
0.90296 0.000132371 2
0.903236 0.000139263 2
0.903511 0.000146216 2
0.903787 0.000153214 2
0.904062 0.000160244 2
0.904338 0.000167288 2
0.904614 0.000174347 2
0.904889 0.000181407 2
0.905165 0.000188448 2
0.90544 0.000195448 2
0.905716 0.00020239 2
0.905992 0.000209259 2
0.906267 0.000216043 2
0.906543 0.000222715 2
0.906819 0.000229266 2
0.907094 0.000235682 2
0.90737 0.000241967 2
0.907645 0.000248114 2
0.907921 0.000254141 2
0.908197 0.000260033 2
0.908472 0.000265789 2
0.908748 0.000271357 2
0.909023 0.000276686 2
0.909299 0.000281683 2
0.909575 0.000286291 2
0.90985 0.000290659 2
0.910126 0.000295007 2
0.910401 0.000299294 2
0.910677 0.000303425 2
0.910953 0.0003073 2
0.911228 0.000310892 2
0.911504 0.00031419 2
0.91178 0.000317205 2
0.912055 0.000319927 2
0.912331 0.000322369 2
0.912606 0.000324535 2
0.912882 0.000326436 2
0.913158 0.000328041 2
0.913433 0.000329329 2
0.913709 0.000330283 2
0.913984 0.000330919 2
0.91426 0.000331236 2
0.914536 0.000331245 2
0.914811 0.000330938 2
0.915087 0.00033032 2
0.915362 0.000329387 2
0.915638 0.000328148 2
0.915914 0.000326584 2
0.916189 0.000324723 2
0.916465 0.00032257 2
0.916741 0.000320142 2
0.917016 0.000317439 2
0.917292 0.000314479 2
0.917567 0.000311278 2
0.917843 0.000307857 2
0.918119 0.00030422 2
0.918394 0.000300368 2
0.91867 0.000296289 2
0.918945 0.000291979 2
0.919221 0.000287433 2
0.919497 0.000282666 2
0.919772 0.000277649 2
0.920048 0.000272435 2
0.920323 0.000267052 2
0.920599 0.00026154 2
0.920875 0.000255952 2
0.92115 0.000250234 2
0.921426 0.000244365 2
0.921701 0.00023837 2
0.921977 0.000232272 2
0.922253 0.000226098 2
0.922528 0.00021984 2
0.922804 0.000213501 2
0.92308 0.000207058 2
0.923355 0.000200523 2
0.923631 0.000193892 2
0.923906 0.000187215 2
0.924182 0.000180512 2
0.924458 0.0001738 2
0.924733 0.000167088 2
0.925009 0.000160403 2
0.925284 0.000153746 2
0.92556 0.000147124 2
0.925835 0.000140533 2
0.926111 0.000133986 2
0.926387 0.000127478 2
0.926662 0.000121021 2
0.926938 0.000114613 2
0.927213 0.000108276 2
0.927489 0.000102021 2
0.927765 9.58748e-05 2
0.92804 8.98508e-05 2
0.928316 8.39702e-05 2
0.928591 7.82391e-05 2
0.928867 7.26694e-05 2
0.929143 6.72616e-05 2
0.929418 6.20246e-05 2
0.929694 5.69611e-05 2
0.929969 5.20836e-05 2
0.930245 4.74003e-05 2
0.930521 4.29267e-05 2
0.930796 3.86732e-05 2
0.931072 3.46539e-05 2
0.931347 3.08774e-05 2
0.931623 2.73535e-05 2
0.931899 2.40868e-05 2
0.932174 2.10824e-05 2
0.93245 1.83417e-05 2
0.932725 1.58691e-05 2
0.933001 1.36638e-05 2
0.933277 1.17237e-05 2
0.933552 1.00558e-05 2
0.933828 8.66344e-06 2
0.934103 7.55136e-06 2
0.934379 6.72602e-06 2
0.934655 6.19453e-06 2
0.93493 5.96373e-06 1
0.935206 6.03816e-06 1
0.935481 6.41995e-06 1
0.935757 7.10519e-06 2
0.936032 8.09365e-06 2
0.936308 9.38113e-06 2
0.936584 1.09608e-05 2
0.936859 1.28243e-05 2
0.937135 1.49637e-05 2
0.93741 1.73719e-05 2
0.937686 2.00437e-05 2
0.937962 2.29813e-05 2
0.938237 2.61769e-05 2
0.938513 2.96261e-05 2
0.938788 3.33246e-05 2
0.939064 3.7268e-05 2
0.93934 4.14504e-05 2
0.939615 4.58643e-05 2
0.939891 5.05001e-05 2
0.940166 5.53465e-05 2
0.940442 6.0391e-05 2
0.940718 6.5621e-05 2
0.940993 7.10246e-05 2
0.941269 7.65912e-05 2
0.941544 8.23112e-05 2
0.94182 8.81773e-05 2
0.942096 9.41824e-05 2
0.942371 0.000100321 2
0.942647 0.000106585 2
0.942922 0.000112967 2
0.943198 0.000119458 2
0.943474 0.000126046 2
0.943749 0.000132719 2
0.944025 0.000139464 2
0.9443 0.000146265 2
0.944576 0.000153111 2
0.944852 0.000159982 2
0.945127 0.000166872 2
0.945403 0.000173764 2
0.945678 0.000180637 2
0.945954 0.000187467 2
0.94623 0.000194235 2
0.946505 0.000200924 2
0.946781 0.000207522 2
0.947056 0.00021401 2
0.947332 0.000220386 2
0.947608 0.000226644 2
0.947883 0.000232797 2
0.948159 0.000238836 2
0.948434 0.000244774 2
0.94871 0.000250582 2
0.948986 0.000256241 2
0.949261 0.000261695 2
0.949537 0.000266871 2
0.949812 0.00027168 2
0.950088 0.000276195 2
0.950364 0.000280658 2
0.950639 0.000285108 2
0.950915 0.00028944 2
0.951191 0.000293561 2
0.951466 0.000297413 2
0.951742 0.000300992 2
0.952017 0.000304289 2
0.952293 0.000307311 2
0.952569 0.000310048 2
0.952844 0.00031251 2
0.95312 0.000314689 2
0.953395 0.000316582 2
0.953671 0.000318187 2
0.953947 0.000319505 2
0.954222 0.000320508 2
0.954498 0.000321202 2
0.954773 0.000321584 2
0.955049 0.000321669 2
0.955325 0.000321448 2
0.9556 0.000320927 2
0.955876 0.0003201 2
0.956151 0.000318971 2
0.956427 0.000317537 2
0.956703 0.000315809 2
0.956978 0.000313793 2
0.957254 0.000311506 2
0.95753 0.00030895 2
0.957805 0.000306142 2
0.958081 0.000303094 2
0.958356 0.000299833 2
0.958632 0.000296362 2
0.958908 0.000292687 2
0.959183 0.000288801 2
0.959459 0.000284699 2
0.959734 0.000280378 2
0.96001 0.00027584 2
0.960286 0.000271057 2
0.960561 0.000266062 2
0.960837 0.000260898 2
0.961112 0.000255592 2
0.961388 0.000250217 2
0.961664 0.000244716 2
0.961939 0.00023907 2
0.962215 0.000233296 2
0.962491 0.000227409 2
0.962766 0.000221437 2
0.963042 0.000215381 2
0.963317 0.000209255 2
0.963593 0.000203039 2
0.963869 0.000196741 2
0.964144 0.000190352 2
0.96442 0.000183903 2
0.964695 0.000177412 2
0.964971 0.000170898 2
0.965247 0.000164387 2
0.965522 0.000157907 2
0.965798 0.000151441 2
0.966073 0.000144991 2
0.966349 0.000138554 2
0.966625 0.000132156 2
0.9669 0.000125804 2
0.967176 0.000119516 2
0.967452 0.000113291 2
0.967727 0.000107145 2
0.968003 0.000101081 2
0.968278 9.51206e-05 2
0.968554 8.92716e-05 2
0.96883 8.3553e-05 2
0.969105 7.79697e-05 2
0.969381 7.25343e-05 2
0.969656 6.72497e-05 2
0.969932 6.2127e-05 2
0.970208 5.71705e-05 2
0.970483 5.23918e-05 2
0.970759 4.77969e-05 2
0.971034 4.33978e-05 2
0.97131 3.92018e-05 2
0.971586 3.52208e-05 2
0.971861 3.14633e-05 2
0.972137 2.79407e-05 2
0.972412 2.46611e-05 2
0.972688 2.16333e-05 2
0.972964 1.88627e-05 2
0.973239 1.63543e-05 2
0.973515 1.41107e-05 2
0.97379 1.21344e-05 2
0.974066 1.04276e-05 2
0.974342 8.99295e-06 2
0.974617 7.83332e-06 2
0.974893 6.952e-06 2
0.975169 6.34997e-06 2
0.975444 6.03433e-06 2
0.97572 6.00723e-06 1
0.975995 6.26974e-06 1
0.976271 6.82054e-06 1
0.976547 7.65983e-06 1
0.976822 8.788e-06 2
0.977098 1.02038e-05 2
0.977373 1.19037e-05 2
0.977649 1.38833e-05 2
0.977925 1.61375e-05 2
0.9782 1.8661e-05 2
0.978476 2.14491e-05 2
0.978751 2.44968e-05 2
0.979027 2.77993e-05 2
0.979303 3.13507e-05 2
0.979578 3.51446e-05 2
0.979854 3.91727e-05 2
0.980129 4.34257e-05 2
0.980405 4.78928e-05 2
0.980681 5.2563e-05 2
0.980956 5.74245e-05 2
0.981232 6.24666e-05 2
0.981507 6.76787e-05 2
0.981783 7.30517e-05 2
0.982059 7.85768e-05 2
0.982334 8.42469e-05 2
0.98261 9.00542e-05 2
0.982886 9.59923e-05 2
0.983161 0.000102053 2
0.983437 0.000108227 2
0.983712 0.000114505 2
0.983988 0.000120876 2
0.984264 0.000127325 2
0.984539 0.000133841 2
0.984815 0.000140407 2
0.98509 0.000147011 2
0.985366 0.000153636 2
0.985642 0.000160273 2
0.985917 0.000166905 2
0.986193 0.000173525 2
0.986468 0.000180106 2
0.986744 0.000186639 2
0.98702 0.000193106 2
0.987295 0.000199495 2
0.987571 0.000205791 2
0.987847 0.00021199 2
0.988122 0.000218083 2
0.988398 0.00022407 2
0.988673 0.000229947 2
0.988949 0.000235727 2
0.989225 0.0002414 2
0.9895 0.000246952 2
0.989776 0.00025234 2
0.990051 0.000257516 2
0.990327 0.00026239 2
0.990603 0.000266888 2
0.990878 0.00027112 2
0.991154 0.000275319 2
0.991429 0.000279481 2
0.991705 0.000283516 2
0.991981 0.000287325 2
0.992256 0.000290876 2
0.992532 0.000294157 2
0.992808 0.000297176 2
0.993083 0.000299926 2
0.993359 0.000302412 2
0.993634 0.000304636 2
0.99391 0.000306587 2
0.994186 0.00030826 2
0.994461 0.000309651 2
0.994737 0.000310734 2
0.995012 0.000311514 2
0.995288 0.000311987 2
0.995564 0.000312165 2
0.995839 0.000312041 2
0.996115 0.000311625 2
0.99639 0.000310908 2
0.996666 0.000309899 2
0.996942 0.000308593 2
0.997217 0.000307004 2
0.997493 0.00030513 2
0.997769 0.000302995 2
0.998044 0.000300599 2
0.99832 0.000297956 2
0.998595 0.00029508 2
0.998871 0.000291996 2
0.999147 0.000288708 2
0.999422 0.00028522 2
0.999698 0.000281525 2
0.999973 0.000277619 2
