0 0.00985624
0.0338878 0.00984991
0.0677756 0.00983284
0.101663 0.00980496
0.135551 0.0097672
0.169439 0.00971975
0.203327 0.00966276
0.237215 0.00959636
0.271102 0.0095207
0.30499 0.00943594
0.338878 0.00934222
0.372766 0.00923972
0.406653 0.00912859
0.440541 0.009009
0.474429 0.00888112
0.508317 0.00874511
0.542205 0.00860117
0.576092 0.00844948
0.60998 0.00829023
0.643868 0.00812189
0.677756 0.00794654
0.711644 0.00776431
0.745531 0.00757552
0.779419 0.00738029
0.813307 0.007179
0.847195 0.00697176
0.881082 0.00675897
0.91497 0.00654074
0.948858 0.00631751
0.982746 0.00608938
1.01663 0.0058568
1.05052 0.00561987
1.08441 0.00537907
1.1183 0.00513449
1.15218 0.00488663
1.18607 0.00463558
1.21996 0.00438183
1.25385 0.00412546
1.28774 0.00386695
1.32162 0.00360636
1.35551 0.00334416
1.3894 0.00308037
1.42329 0.00281544
1.45717 0.0025494
1.49106 0.00228268
1.52495 0.00201533
1.55884 0.00174777
1.59273 0.00148005
1.62661 0.00121262
1.6605 0.000945532
1.69439 0.000679226
1.72828 0.000413775
1.76216 0.000149619
1.79605 0.000113633
1.82994 0.000374549
1.86383 0.000633271
1.89772 0.000889725
1.9316 0.00114354
1.96549 0.00139464
1.99938 0.00164269
2.03327 0.0018876
2.06716 0.00212906
2.10104 0.00236697
2.13493 0.00260107
2.16882 0.00283126
2.20271 0.00305726
2.23659 0.00327898
2.27048 0.00349617
2.30437 0.0037087
2.33826 0.00391633
2.37215 0.00411894
2.40603 0.00431632
2.43992 0.00450833
2.47381 0.0046948
2.5077 0.00487561
2.54158 0.0050506
2.57547 0.00521968
2.60936 0.00538272
2.64325 0.00553962
2.67714 0.0056903
2.71102 0.00583464
2.74491 0.00597258
2.7788 0.00610402
2.81269 0.00622888
2.84657 0.00634708
2.88046 0.00645856
2.91435 0.00656324
2.94824 0.00666107
2.98213 0.00675201
3.01601 0.00683601
3.0499 0.006913
3.08379 0.00698299
3.11768 0.00704592
3.15156 0.00710181
3.18545 0.00715064
3.21934 0.00719244
3.25323 0.00722719
3.28712 0.00725491
3.321 0.00727562
3.35489 0.00728935
3.38878 0.00729614
3.42267 0.00729603
3.45655 0.00728906
3.49044 0.00727526
3.52433 0.00725473
3.55822 0.00722753
3.59211 0.00719372
3.62599 0.00715337
3.65988 0.00710658
3.69377 0.00705341
3.72766 0.00699397
3.76154 0.00692834
3.79543 0.00685665
3.82932 0.00677896
3.86321 0.00669543
3.8971 0.00660613
3.93098 0.00651123
3.96487 0.00641079
3.99876 0.00630502
4.03265 0.00619398
4.06653 0.00607787
4.10042 0.00595675
4.13431 0.00583086
4.1682 0.00570024
4.20209 0.00556513
4.23597 0.00542559
4.26986 0.00528187
4.30375 0.00513402
4.33764 0.00498232
4.37152 0.00482682
4.40541 0.00466781
4.4393 0.00450537
4.47319 0.00433979
4.50708 0.00417114
4.54096 0.00399975
4.57485 0.00382568
4.60874 0.00364924
4.64263 0.0034705
4.67651 0.00328978
4.7104 0.00310712
4.74429 0.00292285
4.77818 0.00273701
4.81207 0.00254992
4.84595 0.00236162
4.87984 0.00217243
4.91373 0.00198241
4.94762 0.00179185
4.9815 0.00160083
5.01539 0.00140967
5.04928 0.00121847
5.08317 0.0010275
5.11706 0.000836801
5.15094 0.000646681
5.18483 0.000457205
5.21872 0.00026866
5.25261 8.11185e-05
5.28649 0.000105506
5.32038 0.000290272
5.35427 0.000473403
5.38816 0.000654644
5.42205 0.000833929
5.45593 0.00101103
5.48982 0.00118587
5.52371 0.00135826
5.5576 0.00152813
5.59149 0.0016953
5.62537 0.0018597
5.65926 0.00202117
5.69315 0.00217962
5.72704 0.00233485
5.76092 0.00248677
5.79481 0.0026352
5.8287 0.00278005
5.86259 0.00292115
5.89648 0.0030584
5.93036 0.00319169
5.96425 0.00332094
5.99814 0.00344604
6.03203 0.00356693
6.06591 0.00368353
6.0998 0.00379579
6.13369 0.00390365
6.16758 0.00400705
6.20147 0.00410594
6.23535 0.00420029
6.26924 0.00429002
6.30313 0.00437509
6.33702 0.00445544
6.3709 0.00453103
6.40479 0.00460183
6.43868 0.00466778
6.47257 0.00472886
6.50646 0.00478502
6.54034 0.00483626
6.57423 0.00488253
6.60812 0.00492383
6.64201 0.00496014
6.67589 0.00499146
6.70978 0.00501778
6.74367 0.00503911
6.77756 0.00505547
6.81145 0.00506685
6.84533 0.00507332
6.87922 0.00507487
6.91311 0.00507151
6.947 0.00506329
6.98088 0.00505025
7.01477 0.00503244
7.04866 0.00500994
7.08255 0.00498279
7.11644 0.00495104
7.15032 0.00491475
7.18421 0.004874
7.2181 0.00482884
7.25199 0.00477935
7.28587 0.00472561
7.31976 0.00466771
7.35365 0.00460569
7.38754 0.0045397
7.42143 0.00446977
7.45531 0.00439604
7.4892 0.00431856
7.52309 0.00423749
7.55698 0.00415286
7.59086 0.00406485
7.62475 0.00397351
7.65864 0.00387899
7.69253 0.00378136
7.72642 0.00368078
7.7603 0.00357734
7.79419 0.00347115
7.82808 0.00336233
7.86197 0.00325103
7.89585 0.00313732
7.92974 0.00302138
7.96363 0.00290327
7.99752 0.00278319
8.03141 0.0026612
8.06529 0.00253751
8.09918 0.00241217
8.13307 0.00228538
8.16696 0.00215721
8.20084 0.00202803
8.23473 0.00189779
8.26862 0.00176662
8.30251 0.00163458
8.3364 0.00150186
8.37028 0.00136852
8.40417 0.00123475
8.43806 0.00110064
8.47195 0.000966433
8.50583 0.000832227
8.53972 0.000698106
8.57361 0.000564139
8.6075 0.000430687
8.64139 0.000297678
8.67527 0.000165267
8.70916 3.35241e-05
8.74305 9.85448e-05
8.77694 0.000228347
8.81082 0.000357005
8.84471 0.000484509
8.8786 0.000610662
8.91249 0.00073531
8.94638 0.000858402
8.98026 0.000979813
9.01415 0.00109949
9.04804 0.0012173
9.08193 0.00133316
9.11582 0.00144695
9.1497 0.00155858
9.18359 0.00166792
9.21748 0.00177488
9.25137 0.00187935
9.28525 0.00198126
9.31914 0.00208053
9.35303 0.00217707
9.38692 0.00227087
9.42081 0.00236183
9.45469 0.00244988
9.48858 0.00253497
9.52247 0.00261707
9.55636 0.00269611
9.59024 0.00277206
9.62413 0.00284486
9.65802 0.00291448
9.69191 0.00298087
9.7258 0.003044
9.75968 0.00310382
9.79357 0.00316031
9.82746 0.00321342
9.86135 0.00326315
9.89523 0.00330945
9.92912 0.00335232
9.96301 0.00339172
9.9969 0.00342764
10.0308 0.00346008
10.0647 0.00348902
10.0986 0.00351445
10.1324 0.00353639
10.1663 0.00355481
10.2002 0.00356973
10.2341 0.00358115
10.268 0.00358912
10.3019 0.00359361
10.3358 0.00359464
10.3697 0.00359222
10.4036 0.00358638
10.4374 0.00357716
10.4713 0.00356458
10.5052 0.00354868
10.5391 0.00352952
10.573 0.00350712
10.6069 0.00348151
10.6408 0.00345276
10.6747 0.00342089
10.7085 0.00338598
10.7424 0.00334805
10.7763 0.00330718
10.8102 0.00326341
10.8441 0.00321682
10.878 0.00316745
10.9119 0.00311539
10.9458 0.00306069
10.9796 0.00300343
11.0135 0.00294367
11.0474 0.00288151
11.0813 0.002817
11.1152 0.00275025
11.1491 0.00268131
11.183 0.00261029
11.2169 0.00253724
11.2507 0.00246228
11.2846 0.00238546
11.3185 0.00230689
11.3524 0.00222662
11.3863 0.00214478
11.4202 0.00206141
11.4541 0.00197664
11.488 0.00189054
11.5218 0.00180324
11.5557 0.0017148
11.5896 0.00162539
11.6235 0.00153508
11.6574 0.00144396
11.6913 0.0013521
11.7252 0.0012596
11.7591 0.00116651
11.793 0.00107296
11.8268 0.000978996
11.8607 0.00088473
11.8946 0.000790223
11.9285 0.000695603
11.9624 0.000600988
11.9963 0.000506521
12.0302 0.000412182
12.0641 0.000318083
12.0979 0.000224287
12.1318 0.000130913
12.1657 3.80369e-05
12.1996 5.49294e-05
12.2335 0.000146503
12.2674 0.000237264
12.3013 0.000327108
12.3352 0.000415977
12.369 0.000503777
12.4029 0.000590456
12.4368 0.000675923
12.4707 0.000760133
12.5046 0.000843006
12.5385 0.000924564
12.5724 0.0010048
12.6063 0.00108354
12.6401 0.00116068
12.674 0.00123619
12.7079 0.00130996
12.7418 0.00138193
12.7757 0.00145203
12.8096 0.00152022
12.8435 0.00158643
12.8774 0.00165061
12.9112 0.00171272
12.9451 0.00177273
12.979 0.00183061
13.0129 0.00188632
13.0468 0.00193985
13.0807 0.00199115
13.1146 0.00204021
13.1485 0.002087
13.1823 0.00213149
13.2162 0.00217365
13.2501 0.00221347
13.284 0.0022509
13.3179 0.00228595
13.3518 0.00231857
13.3857 0.00234876
13.4196 0.00237649
13.4535 0.00240176
13.4873 0.00242456
13.5212 0.00244487
13.5551 0.0024627
13.589 0.00247805
13.6229 0.00249091
13.6568 0.00250129
13.6907 0.00250923
13.7246 0.0025147
13.7584 0.00251772
13.7923 0.00251829
13.8262 0.00251644
13.8601 0.00251218
13.894 0.00250554
13.9279 0.00249653
13.9618 0.00248518
13.9957 0.00247153
14.0295 0.00245562
14.0634 0.00243746
14.0973 0.00241709
14.1312 0.00239454
14.1651 0.00236984
14.199 0.00234303
14.2329 0.00231416
14.2668 0.00228325
14.3006 0.00225036
14.3345 0.00221553
14.3684 0.00217881
14.4023 0.00214023
14.4362 0.00209986
14.4701 0.00205774
14.504 0.00201392
14.5379 0.00196846
14.5717 0.00192142
14.6056 0.00187285
14.6395 0.00182281
14.6734 0.00177134
14.7073 0.00171854
14.7412 0.00166443
14.7751 0.0016091
14.809 0.0015526
14.8429 0.001495
14.8767 0.00143634
14.9106 0.00137671
14.9445 0.00131615
14.9784 0.00125474
15.0123 0.00119253
15.0462 0.00112961
15.0801 0.00106601
15.114 0.00100183
15.1478 0.000937103
15.1817 0.000871922
15.2156 0.000806333
15.2495 0.000740417
15.2834 0.000674221
15.3173 0.000607827
15.3512 0.000541288
15.3851 0.00047469
15.4189 0.000408086
15.4528 0.000341559
15.4867 0.000275162
15.5206 0.000208977
15.5545 0.000143053
15.5884 7.74685e-05
15.6223 1.22654e-05
15.6562 5.27554e-05
15.69 0.000117111
15.7239 0.000180927
15.7578 0.000244101
15.7917 0.00030659
15.8256 0.000368335
15.8595 0.000429297
15.8934 0.000489423
15.9273 0.000548679
15.9611 0.000607008
15.995 0.000664366
16.0289 0.000720739
16.0628 0.000776029
16.0967 0.000830174
16.1306 0.000883126
16.1645 0.000934831
16.1984 0.000985255
16.2323 0.00103435
16.2661 0.0010821
16.3 0.00112845
16.3339 0.00117339
16.3678 0.00121689
16.4017 0.00125892
16.4356 0.00129946
16.4695 0.00133848
16.5034 0.00137596
16.5372 0.00141187
16.5711 0.0014462
16.605 0.00147892
16.6389 0.00151002
16.6728 0.00153946
16.7067 0.00156724
16.7406 0.00159335
16.7745 0.00161776
16.8083 0.00164047
16.8422 0.00166146
16.8761 0.00168073
16.91 0.00169826
16.9439 0.00171406
16.9778 0.00172812
17.0117 0.00174044
17.0456 0.00175104
17.0794 0.0017599
17.1133 0.00176701
17.1472 0.00177238
17.1811 0.00177602
17.215 0.00177792
17.2489 0.0017781
17.2828 0.00177657
17.3167 0.00177335
17.3505 0.00176845
17.3844 0.00176189
17.4183 0.00175368
17.4522 0.00174384
17.4861 0.00173239
17.52 0.00171936
17.5539 0.00170476
17.5878 0.00168866
17.6216 0.00167105
17.6555 0.00165195
17.6894 0.0016314
17.7233 0.00160943
17.7572 0.00158606
17.7911 0.00156132
17.825 0.00153526
17.8589 0.00150789
17.8928 0.00147927
17.9266 0.00144941
17.9605 0.00141837
17.9944 0.00138618
18.0283 0.00135288
18.0622 0.0013185
18.0961 0.0012831
18.13 0.00124671
18.1639 0.00120938
18.1977 0.00117115
18.2316 0.00113206
18.2655 0.00109215
18.2994 0.00105148
18.3333 0.00101008
18.3672 0.000968002
18.4011 0.000925276
18.435 0.000881962
18.4688 0.00083809
18.5027 0.000793715
18.5366 0.000748873
18.5705 0.000703619
18.6044 0.000657992
18.6383 0.00061205
18.6722 0.000565836
18.7061 0.000519406
18.7399 0.000472801
18.7738 0.00042608
18.8077 0.000379283
18.8416 0.000332463
18.8755 0.000285656
18.9094 0.00023892
18.9433 0.000192279
18.9772 0.000145776
19.011 9.94426e-05
19.0449 5.33228e-05
19.0788 7.45014e-06
19.1127 3.87073e-05
19.1466 8.38544e-05
19.1805 0.000128643
19.2144 0.000172996
19.2483 0.000216868
19.2822 0.000260245
19.316 0.000303106
19.3499 0.000345387
19.3838 0.000387056
19.4177 0.000428073
19.4516 0.000468404
19.4855 0.000508008
19.5194 0.000546845
19.5533 0.000584874
19.5871 0.000622063
19.621 0.000658375
19.6549 0.000693782
19.6888 0.000728255
19.7227 0.000761771
19.7566 0.000794305
19.7905 0.000825839
19.8244 0.000856351
19.8582 0.000885824
19.8921 0.000914241
19.926 0.000941582
19.9599 0.000967832
19.9938 0.000992975
20.0277 0.001017
20.0616 0.00103988
20.0955 0.00106161
20.1293 0.00108217
20.1632 0.00110156
20.1971 0.00111976
20.231 0.00113677
20.2649 0.00115258
20.2988 0.00116717
20.3327 0.00118055
20.3666 0.00119272
20.4004 0.00120368
20.4343 0.00121343
20.4682 0.00122194
20.5021 0.00122922
20.536 0.00123528
20.5699 0.00124011
20.6038 0.00124371
20.6377 0.00124609
20.6716 0.00124726
20.7054 0.00124722
20.7393 0.00124598
20.7732 0.00124355
20.8071 0.00123994
20.841 0.00123516
20.8749 0.00122922
20.9088 0.00122213
20.9427 0.00121391
20.9765 0.00120458
21.0104 0.00119415
21.0443 0.00118263
21.0782 0.00117005
21.1121 0.00115643
21.146 0.00114181
21.1799 0.00112618
21.2138 0.00110958
21.2476 0.00109202
21.2815 0.00107353
21.3154 0.00105413
21.3493 0.00103384
21.3832 0.00101269
21.4171 0.000990712
21.451 0.000967927
21.4849 0.000944368
21.5187 0.00092006
21.5526 0.000895035
21.5865 0.000869318
21.6204 0.000842945
21.6543 0.000815941
21.6882 0.000788342
21.7221 0.000760173
21.756 0.000731472
21.7898 0.000702263
21.8237 0.000672583
21.8576 0.000642461
21.8915 0.000611931
21.9254 0.00058102
21.9593 0.000549763
21.9932 0.000518188
22.0271 0.00048633
22.061 0.000454216
22.0948 0.000421883
22.1287 0.000389361
22.1626 0.000356686
22.1965 0.000323887
22.2304 0.000291001
22.2643 0.000258058
22.2982 0.000225097
22.3321 0.000192144
22.3659 0.000159238
22.3998 0.000126404
22.4337 9.36765e-05
22.4676 6.10862e-05
22.5015 2.86663e-05
22.5354 3.83035e-06
22.5693 3.57894e-05
22.6032 6.74959e-05
22.637 9.89255e-05
22.6709 0.000130049
22.7048 0.00016084
22.7387 0.000191274
22.7726 0.000221337
22.8065 0.000250986
22.8404 0.000280191
22.8743 0.000308926
22.9081 0.000337163
22.942 0.000364875
22.9759 0.00039204
23.0098 0.000418633
23.0437 0.000444636
23.0776 0.000470026
23.1115 0.000494784
23.1454 0.000518893
23.1792 0.000542358
23.2131 0.000565148
23.247 0.000587234
23.2809 0.000608599
23.3148 0.000629231
23.3487 0.000649118
23.3826 0.000668246
23.4165 0.000686604
23.4503 0.000704181
23.4842 0.000720968
23.5181 0.000736953
23.552 0.000752125
23.5859 0.000766474
23.6198 0.000779992
23.6537 0.00079267
23.6876 0.000804536
23.7215 0.000815553
23.7553 0.000825709
23.7892 0.000835
23.8231 0.000843423
23.857 0.000850975
23.8909 0.000857656
23.9248 0.000863466
23.9587 0.000868404
23.9926 0.000872474
24.0264 0.000875676
24.0603 0.000878015
24.0942 0.000879494
24.1281 0.000880116
24.162 0.000879888
24.1959 0.000878815
24.2298 0.000876905
24.2637 0.000874165
24.2975 0.000870606
24.3314 0.000866238
24.3653 0.000861068
24.3992 0.000855107
24.4331 0.000848365
24.467 0.000840855
24.5009 0.000832587
24.5348 0.000823577
24.5686 0.000813837
24.6025 0.000803381
24.6364 0.000792224
24.6703 0.000780381
24.7042 0.000767868
24.7381 0.000754703
24.772 0.0007409
24.8059 0.000726511
24.8397 0.00071152
24.8736 0.000695949
24.9075 0.000679815
24.9414 0.000663141
24.9753 0.000645944
