0.914876 0
0.914879 0.00390625

0.914879 0.00390625
0.914888 0.0078125

0.914888 0.0078125
0.914903 0.0117188

0.914903 0.0117188
0.914925 0.015625

0.914925 0.015625
0.914953 0.0195312

0.914953 0.0195312
0.914987 0.0234375

0.914987 0.0234375
0.915028 0.0273438

0.915028 0.0273438
0.915075 0.03125

0.915074 0.03125
0.915128 0.0351562

0.915128 0.0351562
0.915188 0.0390625

0.915188 0.0390625
0.915254 0.0429688

0.915254 0.0429688
0.915328 0.046875

0.915328 0.046875
0.915408 0.0507812

0.915408 0.0507812
0.915495 0.0546875

0.915495 0.0546875
0.91559 0.0585938

0.91559 0.0585938
0.915692 0.0625

0.915692 0.0625
0.915801 0.0664062

0.915801 0.0664062
0.915918 0.0703125

0.915918 0.0703125
0.916043 0.0742188

0.916043 0.0742188
0.916175 0.078125

0.916175 0.078125
0.916316 0.0820312

0.916316 0.0820312
0.916466 0.0859375

0.916466 0.0859375
0.916624 0.0898438

0.916624 0.0898438
0.916791 0.09375

0.916791 0.09375
0.916968 0.0976562

0.916968 0.0976562
0.917154 0.101562

0.917154 0.101562
0.91735 0.105469

0.917349 0.105469
0.917556 0.109375

0.917556 0.109375
0.917772 0.113281

0.917772 0.113281
0.917969 0.116658

0.917969 0.116657
0.918 0.117188

0.918 0.117188
0.918238 0.121094

0.918238 0.121094
0.918489 0.125

0.918489 0.125
0.918751 0.128906

0.918751 0.128906
0.919026 0.132812

0.919026 0.132812
0.919314 0.136719

0.919314 0.136719
0.919615 0.140625

0.919615 0.140625
0.919931 0.144531

0.919931 0.144531
0.920261 0.148438

0.920261 0.148438
0.920606 0.152344

0.920606 0.152344
0.920967 0.15625

0.920967 0.15625
0.921344 0.160156

0.921344 0.160156
0.921739 0.164062

0.921738 0.164062
0.921875 0.165358

0.921875 0.165356
0.922151 0.167969

0.922151 0.167969
0.922582 0.171875

0.922581 0.171875
0.923032 0.175781

0.923032 0.175781
0.923503 0.179688

0.923503 0.179688
0.923995 0.183594

0.923995 0.183594
0.92451 0.1875

0.924509 0.1875
0.925047 0.191406

0.925046 0.191406
0.925607 0.195312

0.925606 0.195312
0.925781 0.196477

0.925781 0.196472
0.926194 0.199219

0.926194 0.199219
0.926809 0.203125

0.926808 0.203125
0.927452 0.207031

0.927451 0.207031
0.928124 0.210938

0.928124 0.210938
0.928826 0.214844

0.928825 0.214844
0.929561 0.21875

0.929558 0.21875
0.929688 0.219406

0.929688 0.219396
0.930331 0.222656

0.930331 0.222656
0.93114 0.226562

0.93114 0.226562
0.931986 0.230469

0.931986 0.230469
0.932872 0.234375

0.932869 0.234375
0.933594 0.237416

0.933594 0.237411
0.933801 0.238281

0.9338 0.238281
0.93478 0.242188

0.93478 0.242188
0.935807 0.246094

0.935806 0.246094
0.936884 0.25

0.936879 0.25
0.9375 0.252136

0.9375 0.252123
0.938019 0.253906

0.938018 0.253906
0.939217 0.257812

0.939216 0.257812
0.940475 0.261719

0.940469 0.261719
0.941406 0.264469

0.941406 0.264457
0.941804 0.265625

0.941804 0.265625
0.943213 0.269531

0.943211 0.269531
0.944697 0.273438

0.944684 0.273438
0.945312 0.274991

0.945312 0.274961
0.946276 0.277344

0.946275 0.277344
0.94795 0.28125

0.947938 0.28125
0.949219 0.284055

0.949219 0.284035
0.949731 0.285156

0.94973 0.285156
0.951632 0.289062

0.951617 0.289062
0.953125 0.291958

0.953125 0.291935
0.953663 0.292969

0.953658 0.292969
0.955842 0.296875

0.955816 0.296875
0.957031 0.298895

0.957031 0.298851
0.958192 0.300781

0.958177 0.300781
0.960721 0.304688

0.960673 0.304688
0.960938 0.305079

0.960938 0.305001
0.963478 0.308594

0.963462 0.308594
0.964844 0.31043

0.964844 0.310359
0.966499 0.3125

0.966485 0.3125
0.96875 0.315187

0.96875 0.31516
0.969838 0.316406

0.969824 0.316406
0.972656 0.319433

0.972656 0.319402
0.973565 0.320312

0.973527 0.320312
0.976562 0.323165

0.976562 0.323138
0.977802 0.324219

0.977744 0.324219
0.980469 0.326504

0.980469 0.326479
0.982672 0.328125

0.982545 0.328125
0.984375 0.329453

0.984375 0.329402
0.988281 0.331965

0.988281 0.331978
0.988373 0.332031

0.988377 0.332031
0.992188 0.334218

0.992188 0.334192
0.995706 0.335938

0.995601 0.335938
0.996094 0.336182

0.996094 0.336145
1 0.337799

1 0.337773
1.00391 0.339174

1.00391 0.339185
1.00612 0.339844

1.00606 0.339844
1.00781 0.340366

1.00781 0.340347
1.01172 0.341259

1.01172 0.34125
1.01562 0.341947

1.01562 0.341946
1.01953 0.342447

1.01953 0.342445
1.02344 0.342755

1.02344 0.342754
1.02734 0.342878

1.02734 0.342876
1.03125 0.342821

1.03125 0.342819
1.03516 0.342592

1.03516 0.342589
1.03906 0.342197

1.03906 0.342194
1.04297 0.341647

1.04297 0.341645
1.04688 0.340951

1.04688 0.34095
1.05078 0.340118

1.05469 0.339143
1.05189 0.339844

1.05078 0.340123
1.0519 0.339844

1.05469 0.339138
1.05859 0.338021

1.05859 0.338019
1.0625 0.336779

1.06641 0.335423
1.06493 0.335938

1.0625 0.336781
1.06492 0.335938

1.06641 0.335417
1.07031 0.333929

1.07031 0.333923
1.07422 0.332327

1.07812 0.330625
1.07492 0.332031

1.07422 0.332337
1.07491 0.332031

1.07812 0.33061
1.08203 0.328788

1.08594 0.326876
1.08341 0.328125

1.08203 0.328796
1.08339 0.328125

1.08594 0.326858
1.08984 0.324828

1.09375 0.322716
1.09099 0.324219

1.08984 0.324837
1.09098 0.324219

1.09375 0.322698
1.09766 0.320467

1.10156 0.318158
1.09793 0.320312

1.09766 0.320475
1.09794 0.320312

1.10547 0.315752
1.10441 0.316406

1.10156 0.318151
1.10438 0.316406

1.10547 0.315725
1.10938 0.313217

1.11328 0.310636
1.11047 0.3125

1.10938 0.313214
1.11047 0.3125

1.11719 0.307966
1.11626 0.308594

1.11328 0.310624
1.11622 0.308594

1.11719 0.307931
1.12109 0.305151

1.125 0.302297
1.12173 0.304688

1.12109 0.305145
1.12173 0.304688

1.12891 0.299366
1.12702 0.300781

1.125 0.302281
1.127 0.300781

1.13281 0.296339
1.13212 0.296875

1.12891 0.299343
1.13208 0.296875

1.13281 0.296307
1.13672 0.293181

1.14062 0.289973
1.13698 0.292969

1.13672 0.293179
1.13698 0.292969

1.14453 0.286681
1.14171 0.289062

1.14062 0.289958
1.1417 0.289062

1.14844 0.283312
1.14629 0.285156

1.14453 0.28665
1.14628 0.285156

1.15234 0.279834
1.15075 0.28125

1.14844 0.28326
1.15074 0.28125

1.15625 0.276268
1.15508 0.277344

1.15234 0.27979
1.15506 0.277344

1.16016 0.272609
1.15928 0.273438

1.15625 0.276231
1.15926 0.273438

1.16406 0.268856
1.16337 0.269531

1.16016 0.272575
1.16334 0.269531

1.16797 0.265003
1.16734 0.265625

1.16406 0.268822
1.16732 0.265625

1.17188 0.261049
1.17122 0.261719

1.16797 0.26498
1.17119 0.261719

1.17578 0.256989
1.175 0.257812

1.17188 0.261031
1.17497 0.257812

1.17969 0.252819
1.17868 0.253906

1.17578 0.256976
1.17866 0.253906

1.18359 0.248536
1.18228 0.25

1.17969 0.252816
1.18225 0.25

1.1875 0.244135
1.18579 0.246094

1.18359 0.248545
1.18576 0.246094

1.19141 0.239622
1.18922 0.242188

1.1875 0.244145
1.18919 0.242188

1.19531 0.23499
1.19256 0.238281

1.19141 0.239627
1.19254 0.238281

1.19922 0.230233
1.19903 0.230469

1.19902 0.230469
1.19583 0.234375

1.19531 0.234987
1.19582 0.234375

1.20312 0.225291
1.20214 0.226562

1.19922 0.230212
1.20213 0.226562

1.20703 0.220219
1.20518 0.222656

1.20312 0.225279
1.20517 0.222656

1.21094 0.214988
1.20815 0.21875

1.20703 0.220223
1.20812 0.21875

1.21484 0.209573
1.21389 0.210938

1.21387 0.210938
1.21104 0.214844

1.21094 0.214985
1.21104 0.214844

1.21875 0.203975
1.21664 0.207031

1.21484 0.209558
1.21663 0.207031

1.22266 0.198177
1.22198 0.199219

1.22196 0.199219
1.21933 0.203125

1.21875 0.203978
1.21932 0.203125

1.22656 0.192148
1.22453 0.195312

1.22266 0.19816
1.22453 0.195312

1.23047 0.185883
1.22948 0.1875

1.22948 0.1875
1.22703 0.191406

1.22656 0.192146
1.22703 0.191406

1.23438 0.179359
1.23419 0.179688

1.23418 0.179688
1.23186 0.183594

1.23047 0.185864
1.23185 0.183594

1.23828 0.172506
1.23644 0.175781

1.23438 0.179338
1.23643 0.175781

1.24219 0.165329
1.24078 0.167969

1.24077 0.167969
1.23863 0.171875

1.23828 0.172498
1.23863 0.171875

1.24609 0.15777
1.24489 0.160156

1.24489 0.160156
1.24286 0.164062

1.24219 0.165318
1.24286 0.164062

1.25 0.14977
1.24877 0.152344

1.24877 0.152344
1.24686 0.15625

1.24609 0.157758
1.24685 0.15625

1.25391 0.141258
1.25244 0.144531

1.25244 0.144531
1.25063 0.148438

1.25 0.14976
1.25063 0.148438

1.25781 0.132132
1.25754 0.132812

1.25753 0.132812
1.25589 0.136719

1.25588 0.136719
1.25419 0.140625

1.25391 0.141251
1.25419 0.140625

1.26172 0.122232
1.26066 0.125

1.26066 0.125
1.25912 0.128906

1.25781 0.132116
1.25912 0.128906

1.26562 0.111385
1.26498 0.113281

1.26498 0.113281
1.26359 0.117188

1.26359 0.117188
1.26215 0.121094

1.26172 0.122225
1.26215 0.121094

1.26953 0.0992662
1.26883 0.101562

1.26883 0.101562
1.2676 0.105469

1.26759 0.105469
1.26631 0.109375

1.26562 0.111375
1.26631 0.109375

1.27344 0.0853504
1.27329 0.0859375

1.27329 0.0859375
1.27225 0.0898438

1.27225 0.0898438
1.27116 0.09375

1.27115 0.09375
1.27002 0.0976562

1.26953 0.0992585
1.27002 0.0976562

1.27734 0.0684945
1.27697 0.0703125

1.27697 0.0703125
1.27612 0.0742188

1.27612 0.0742188
1.27522 0.078125

1.27522 0.078125
1.27428 0.0820312

1.27344 0.0853393
1.27428 0.0820312

1.28125 0.0456281
1.28108 0.046875

1.28108 0.046875
1.28051 0.0507812

1.28051 0.0507812
1.2799 0.0546875

1.2799 0.0546875
1.27923 0.0585938

1.27923 0.0585938
1.27853 0.0625

1.27852 0.0625
1.27777 0.0664062

1.27734 0.0684881
1.27777 0.0664062

1.28435 0
1.28433 0.00390625

1.28433 0.00390625
1.28426 0.0078125

1.28426 0.0078125
1.28414 0.0117188

1.28414 0.0117188
1.28399 0.015625

1.28399 0.015625
1.28378 0.0195312

1.28378 0.0195312
1.28353 0.0234375

1.28353 0.0234375
1.28324 0.0273438

1.28324 0.0273438
1.2829 0.03125

1.2829 0.03125
1.28251 0.0351562

1.28251 0.0351562
1.28208 0.0390625

1.28208 0.0390625
1.28161 0.0429688

1.28125 0.0456232
1.28161 0.0429688

rising_k_provider_stats evaluations=1218555 clamp_hits=0
