t sb -1 xb vb dt perf.t perf.speed
0 0 -1 0.5 0 0.000572433 0 0 
0.000572433 0 -1 0.5 -9.1559e-05 0.000572433 0.001513 169200 1 15.68 42.6174 0.367925 4 
0.0138442 -2.78691e-05 -1 0.499997 0.0075492 0.0132718 0.004347 117782 18 30.5838 0.555552 1.24942 6 13 35.2583 1.80726 1.25675 6 1 0.037741 3.21181e-05 1175.07 4 
0.0387289 -5.21752e-05 -1 0.500177 0.0209991 0.0248846 0.007057 108828 6 5.73861 0.152992 1.8296 7 13 25.1889 0.517854 1.34825 7 2 0.143658 2.93782e-05 69.9282 3 
0.0739821 -3.39576e-05 -1 0.500887 0.0389738 0.0352532 0.008651 118368 7 6.05244 0.0662312 1.906 7 3 8.13376 0.274979 3.09265 7 3 0.356644 6.73869e-05 17.4269 2 
0.118998 -1.96055e-05 -1 0.502571 0.0608676 0.0450157 0.009623 133015 3 16.9667 0.0350433 7.8523 6 3 6.45113 0.0862455 4.2134 6 4 0.785565 4.36738e-05 11.5808 2 
0.17235 -7.40504e-06 -1 0.50573 0.0853915 0.0533519 0.051389 29889.7 8 38.7855 0.0338497 2.41207 6 100 14.2734 0.176117 1.04493 100 4 1.56409 9.55843e-05 11.3102 2 
0.231259 7.58325e-06 -1 0.510732 0.110679 0.0589094 0.138113 12974.9 12 54.4701 0.0282072 1.87852 5 100 21.9293 0.291519 1.04415 100 5 2.81273 6.51811e-05 8.45281 2 
0.292787 2.25143e-05 -1 0.517611 0.135158 0.0615276 0.207809 9855.2 14 74.6199 0.025847 1.76675 5 100 34.9594 0.365531 1.04666 100 7 4.54739 9.54136e-05 4.65916 2 
0.355745 3.8206e-05 -1 0.526291 0.158047 0.0629585 0.268872 8569.13 15 139.839 0.0238787 1.7831 5 100 76.9105 0.443475 1.05291 100 19 7.03076 9.17525e-05 1.80748 2 
0.418704 5.42478e-05 -1 0.536489 0.17871 0.0629585 0.342388 7476.9 17 88.1046 0.0204004 1.63623 5 100 43.6394 0.587231 1.04402 100 13 7.52202 4.64437e-05 2.51608 3 
0.481662 6.681e-05 -1 0.547984 0.196914 0.0629585 0.409867 6870.52 16 96.4381 0.0207324 1.69522 5 100 35.7411 1.52629 1.03204 100 9 6.10478 7.38252e-05 3.51872 3 
0.540228 7.85006e-05 -1 0.559149 0.211265 0.058566 0.482469 6367.25 17 104.805 0.0263329 1.62839 5 100 49.8298 3.46483 1.02702 100 7 3.37691 2.71295e-05 5.34402 3 
0.589423 8.93236e-05 -1 0.569249 0.222066 0.0491954 0.555603 5989.89 16 138.584 0.038377 1.6686 4 100 91.1702 5.23715 1.02898 100 8 4.09937 4.31823e-05 4.18964 2 
0.638619 0.000102397 -1 0.580229 0.230412 0.0491954 0.661633 5416.9 17 158.325 0.0374636 1.63414 4 100 83.5496 1.86039 1.03878 100 9 6.12894 4.3012e-05 3.73804 2 
0.688861 0.000116599 -1 0.592092 0.236751 0.0502422 0.724036 5303.6 17 172.655 0.0394366 1.63754 4 100 109.9 0.194958 1.06539 100 9 2.6925 6.52403e-05 3.25723 2 
0.739103 0.000128823 -1 0.60365 0.240612 0.0502422 0.806012 5081.81 20 144.163 0.0380085 1.5099 4 100 90.8301 0.371481 1.05653 100 10 6.0081 9.9107e-05 3.0079 2 
0.789345 0.000137931 -1 0.61555 0.24309 0.0502422 0.885507 4914.7 19 69.7296 0.0346904 1.49229 4 100 68.1791 3.04365 1.03158 100 8 4.67311 4.30745e-05 4.26013 2 
0.840756 0.000147575 -1 0.628083 0.244903 0.0514106 0.968059 4760.04 16 82.0197 0.0363816 1.62019 5 100 44.6163 3.20294 1.02669 100 12 3.83955 8.75006e-05 2.437 2 
0.892166 0.000159758 -1 0.640397 0.245078 0.0514106 1.07066 4542.99 16 183.595 0.0345843 1.70927 4 100 109.321 3.70176 1.03443 100 12 2.43235 4.82197e-05 2.46547 2 
0.943577 0.000171854 -1 0.65241 0.243321 0.0514106 1.14996 4452.34 16 178.442 0.0372013 1.69847 4 100 96.3844 4.24088 1.03173 100 9 3.35681 4.03125e-05 3.52144 2 
0.996306 0.000187431 -1 0.665248 0.240665 0.0527288 1.25179 4294.66 17 242.202 0.0357888 1.68004 4 100 136.273 3.37945 1.03766 100 23 4.10295 9.58683e-05 1.58989 2 
1.04903 0.000202867 -1 0.677695 0.237764 0.0527288 1.34285 4194.08 16 65.1051 0.0277485 1.62423 5 100 58.605 4.61674 1.02574 100 10 5.66846 3.09876e-05 3.35914 3 
1.10323 0.000213567 -1 0.690373 0.234167 0.0541935 1.43292 4109.09 15 124.761 0.0311681 1.73843 4 100 93.0289 4.87608 1.02992 100 7 9.09879 9.76718e-05 5.12729 3 
1.15742 0.000225959 -1 0.702711 0.230869 0.0541935 1.51316 4060.37 17 203.645 0.0327199 1.67178 4 100 136.868 9.75862 1.02676 100 7 9.42176 1.41924e-05 6.78774 3 
1.21162 0.000234252 -1 0.714738 0.227249 0.0541935 1.59841 4003.97 17 183.922 0.0318239 1.66451 4 100 127.496 7.73363 1.02842 100 11 3.90978 4.41993e-05 2.81646 2 
1.2675 0.000244956 -1 0.727333 0.223442 0.055887 1.69616 3924.16 20 289.016 0.0279463 1.58756 4 100 171.833 4.55268 1.03698 100 10 4.41333 6.07581e-05 3.06278 2 
1.32 0.000251185 -1 0.738626 0.21972 0.0524999 1.78153 3879.82 23 141.455 0.0314607 1.44152 3 100 109.762 6.75531 1.02827 100 12 6.48961 3.74927e-05 2.73226 2 
1.3742 0.000257516 -1 0.750224 0.21689 0.0541935 1.85845 3856.99 21 73.3637 0.0296513 1.45075 3 100 125.169 3.22468 1.03727 100 6 2.49814 2.63201e-05 6.75391 2 
1.42839 0.000263775 -1 0.761776 0.214574 0.0541935 1.93919 3828.4 21 163.975 0.0280309 1.51143 3 100 85.168 2.57488 1.03561 100 4 1.0587 4.57126e-05 12.3363 2 
1.48452 0.000270061 -1 0.7734 0.212186 0.056129 2.02194 3798.34 22 168.745 0.0308734 1.47874 3 100 112.782 7.26582 1.0278 100 8 3.46546 2.78159e-05 4.33444 2 
1.54065 0.000275351 -1 0.78515 0.209271 0.056129 2.10027 3778.56 23 176.817 0.0289248 1.4609 3 100 66.2596 0.636629 1.04755 100 12 2.57122 9.3485e-05 2.34396 2 
1.59902 0.000280546 -1 0.797445 0.206918 0.0583741 2.19268 3736.06 22 80.9837 0.0253279 1.44314 3 100 46.8299 0.210375 1.05554 100 10 3.23281 5.61191e-05 2.99259 3 
1.6574 0.000286385 -1 0.80932 0.204969 0.0583741 2.28544 3696.44 22 70.2698 0.0271805 1.42927 3 100 53.7128 4.00945 1.02629 100 6 0.683617 4.92094e-05 4.90299 3 
1.71842 0.000291515 -1 0.821332 0.20356 0.0610275 2.3632 3683.14 22 89.6634 0.0265559 1.44672 3 100 53.1474 4.38693 1.02526 100 9 1.36856 7.12325e-05 2.99195 2 
1.77945 0.000296475 -1 0.833525 0.201429 0.0610275 2.45105 3655.58 20 112.539 0.0247136 1.52377 3 100 54.5549 0.829567 1.04275 100 7 2.36298 3.37241e-05 4.92286 2 
1.84048 0.000301669 -1 0.845606 0.199504 0.0610275 2.543 3624.06 20 64.8448 0.0239712 1.4846 3 100 34.0637 1.13679 1.03458 100 6 2.12033 2.1238e-05 6.81106 2 
1.9049 0.000307035 -1 0.858187 0.197385 0.0644179 2.63464 3595.17 22 34.1258 0.0233622 1.39266 3 100 47.5522 4.49618 1.02387 100 5 0.689979 5.38554e-05 6.63012 2 
1.96931 0.000311627 -1 0.870606 0.196184 0.0644179 2.72672 3567.66 22 57.362 0.0187691 1.44018 3 100 36.7784 2.21131 1.02851 100 6 1.02218 5.28256e-05 5.1814 2 
2.03373 0.000315341 -1 0.883141 0.195142 0.0644179 2.79603 3570.78 17 89.3435 0.0206633 1.63634 3 100 34.7598 1.10993 1.03504 100 5 1.39573 3.30476e-05 8.41652 2 
2.09815 0.000320283 -1 0.895592 0.193483 0.0644179 2.88293 3551.94 14 50.084 0.0218632 1.7378 3 100 28.9327 0.966249 1.03458 100 8 0.850186 9.83336e-05 3.10529 2 
2.16257 0.000328235 -1 0.90793 0.191094 0.0644179 2.96359 3541.65 20 26.9454 0.0226256 1.42493 3 100 41.3661 3.79123 1.02419 100 9 0.619602 8.41873e-05 2.68938 3 
2.22699 0.000332694 -1 0.920066 0.189269 0.0644179 3.04713 3528.57 20 36.9092 0.0198327 1.45709 3 100 20.4255 1.87159 1.02419 100 6 0.929544 7.13711e-05 4.85055 3 
2.2914 0.000336546 -1 0.932184 0.187807 0.0644179 3.13383 3512.63 19 52.9629 0.0238695 1.50007 3 100 33.771 1.22885 1.03369 100 5 1.94434 4.87604e-05 8.32034 3 
2.35582 0.00034118 -1 0.944347 0.186857 0.0644179 3.22303 3494.84 17 94.7216 0.0206479 1.64205 2 100 18.993 0.680439 1.03385 100 3 0.633095 7.75167e-06 43.3868 2 
2.42024 0.000350199 -1 0.956413 0.185077 0.0644179 3.29884 3492.14 25 41.3175 0.0233792 1.34863 2 100 25.3447 1.5703 1.0282 100 5 1.04931 2.52579e-05 8.38883 2 
2.48466 0.000355671 -1 0.968414 0.183473 0.0644179 3.3671 3497.37 31 25.1545 0.0205905 1.25771 2 100 32.7862 2.84212 1.02476 100 6 0.843692 7.83337e-05 4.69937 2 
2.54907 0.000359544 -1 0.980369 0.18239 0.0644179 3.45865 3478.82 30 36.814 0.0219025 1.28091 2 100 24.4144 0.897577 1.03358 100 7 1.16658 3.41119e-05 4.4434 2 
2.61349 0.000363678 -1 0.992081 0.181986 0.0644179 3.54054 3470.66 30 53.7198 0.0239216 1.29334 2 100 28.3544 1.15349 1.03254 100 6 2.40733 8.24443e-05 5.54918 2 
2.67791 0.000368212 -1 1.00407 0.181436 0.0644179 3.61448 3470.48 20 67.2032 0.0230508 1.49017 2 100 22.3317 0.822097 1.03357 100 6 0.772628 2.6288e-05 5.55523 2 
2.74233 0.000376276 -1 1.01574 0.180489 0.0644179 3.69022 3468.62 31 49.8235 0.0220757 1.28286 2 100 30.1047 1.60686 1.02974 100 9 1.79362 7.47835e-05 3.06661 3 
2.80675 0.000380831 -1 1.02738 0.179835 0.0644179 3.77004 3463.09 26 27.401 0.0191975 1.32229 3 100 36.3657 2.45136 1.02734 100 7 0.828954 3.5686e-05 4.20454 3 
2.87116 0.00038447 -1 1.03887 0.179829 0.0644179 3.84895 3458.61 22 37.9434 0.0188484 1.41311 3 100 19.5889 0.502445 1.03731 100 6 1.23066 1.58824e-05 6.52936 3 
2.93558 0.000387981 -1 1.05035 0.180385 0.0644179 3.93479 3448.21 24 111.609 0.0229974 1.42424 3 100 42.2731 1.07294 1.03742 100 7 2.55007 9.83804e-05 4.27091 2 
3 0.000392238 -1 1.06237 0.181073 0.0644179 4.01523 3442.89 20 114.856 0.0234461 1.52934 3 100 12.5932 1.37883 1.02237 100 4 2.08975 9.12767e-05 12.3008 2 

# Multigrid, 54 steps, 3.32437 CPU, 4.1 real, 3.37e+03 points.step/s, 24 var
