0.874922 0.25
0.875 0.255493

0.912716 0
0.914677 0.0625

0.914258 0.0625
0.920978 0.125

0.92166 0.125
0.931944 0.1875

0.9375 0.22413
0.932502 0.25

0.886558 0.25
0.916954 0.3125

0.9375 0.171564
0.940122 0.1875

0.9375 0.222582
0.943628 0.1875

0.9375 0.294498
0.962123 0.3125

0.976895 0.3125
1 0.318031

1 0.316864
1.0625 0.314469

1.125 0.292361
1.07415 0.3125

1.0625 0.319087
1.0792 0.3125

1.1875 0.245235
1.18272 0.25

1.125 0.290836
1.17503 0.25

1.25 0.145346
1.22836 0.1875

1.1875 0.236361
1.22758 0.1875

1.28087 0
1.27538 0.0625

1.27571 0.0625
1.25859 0.125

1.25 0.142005
1.2587 0.125

kappa_offset_provider_stats evaluations=1316 clamp_hits=0 denominator_guard_hits=0 min_abs_denominator=0.69931970140608635 max_abs_d_over_h=0.49914876976822953 grad_samples=1316 grad_min=0.80556923161819094 grad_mean=0.98104806330992811 grad_std=0.029583011841243494 grad_max=1.0059258978991228
