0 0.00943456
0.0338878 0.00942798
0.0677756 0.00941106
0.101663 0.00938235
0.135551 0.0093444
0.169439 0.00929737
0.203327 0.00924139
0.237215 0.00917662
0.271102 0.00910314
0.30499 0.00902114
0.338878 0.00893072
0.372766 0.00883208
0.406653 0.00872529
0.440541 0.00861061
0.474429 0.00848809
0.508317 0.00835801
0.542205 0.00822042
0.576092 0.00807563
0.60998 0.00792368
0.643868 0.00776492
0.677756 0.00759936
0.711644 0.00742739
0.745531 0.00724902
0.779419 0.00706467
0.813307 0.00687433
0.847195 0.00667844
0.881082 0.006477
0.91497 0.00627047
0.948858 0.00605883
0.982746 0.00584259
1.01663 0.0056217
1.05052 0.0053967
1.08441 0.00516751
1.1183 0.0049347
1.15218 0.00469819
1.18607 0.00445855
1.21996 0.00421568
1.25385 0.00397017
1.28774 0.00372192
1.32162 0.00347151
1.35551 0.00321885
1.3894 0.00296451
1.42329 0.00270841
1.45717 0.00245113
1.49106 0.00219259
1.52495 0.00193336
1.55884 0.00167336
1.59273 0.00141319
1.62661 0.00115278
1.6605 0.000892692
1.69439 0.000632887
1.72828 0.000373936
1.76216 0.000115795
1.79605 0.000144969
1.82994 0.000399814
1.86383 0.000652791
1.89772 0.00090339
1.9316 0.00115163
1.96549 0.00139705
1.99938 0.00163964
2.03327 0.00187897
2.06716 0.00211503
2.10104 0.00234742
2.13493 0.00257613
2.16882 0.00280079
2.20271 0.00302138
2.23659 0.00323758
2.27048 0.00344936
2.30437 0.00365643
2.33826 0.00385877
2.37215 0.00405614
2.40603 0.0042485
2.43992 0.00443564
2.47381 0.00461754
2.5077 0.00479403
2.54158 0.00496507
2.57547 0.00513053
2.60936 0.00529036
2.64325 0.00544447
2.67714 0.00559281
2.71102 0.00573529
2.74491 0.00587187
2.7788 0.00600249
2.81269 0.00612709
2.84657 0.00624561
2.88046 0.00635801
2.91435 0.00646426
2.94824 0.00656425
2.98213 0.0066585
3.01601 0.00674644
3.0499 0.00682798
3.08379 0.00690304
3.11768 0.0069716
3.15156 0.00703356
3.18545 0.00708891
3.21934 0.00713758
3.25323 0.00717954
3.28712 0.00721475
3.321 0.00724318
3.35489 0.0072648
3.38878 0.00727961
3.42267 0.00728759
3.45655 0.00728875
3.49044 0.00728309
3.52433 0.00727064
3.55822 0.00725143
3.59211 0.00722548
3.62599 0.00719287
3.65988 0.00715361
3.69377 0.00710782
3.72766 0.00705553
3.76154 0.00699686
3.79543 0.00693186
3.82932 0.00686076
3.86321 0.00678356
3.8971 0.0067004
3.93098 0.00661131
3.96487 0.00651651
3.99876 0.00641603
4.03265 0.00631017
4.06653 0.00619886
4.10042 0.00608245
4.13431 0.00596089
4.1682 0.00583455
4.20209 0.00570341
4.23597 0.00556777
4.26986 0.00542765
4.30375 0.00528338
4.33764 0.00513496
4.37152 0.00498274
4.40541 0.0048267
4.4393 0.00466722
4.47319 0.00450427
4.50708 0.00433822
4.54096 0.00416905
4.57485 0.00399713
4.60874 0.00382242
4.64263 0.00364535
4.67651 0.00346585
4.7104 0.00328428
4.74429 0.0031006
4.77818 0.0029152
4.81207 0.00272803
4.84595 0.00253948
4.87984 0.00234949
4.91373 0.00215847
4.94762 0.00196636
4.9815 0.00177358
5.01539 0.00158007
5.04928 0.00138625
5.08317 0.00119209
5.11706 0.000997995
5.15094 0.000803946
5.18483 0.000610356
5.21872 0.000417213
5.25261 0.000225082
5.28649 3.3832e-05
5.32038 0.00015619
5.35427 0.000344491
5.38816 0.000531156
5.42205 0.000715858
5.45593 0.000898621
5.48982 0.00107915
5.52371 0.00125745
5.5576 0.00143327
5.59149 0.00160662
5.62537 0.00177725
5.65926 0.00194517
5.69315 0.00211015
5.72704 0.0022722
5.76092 0.0024311
5.79481 0.00258685
5.8287 0.00273926
5.86259 0.0028883
5.89648 0.00303379
5.93036 0.00317571
5.96425 0.00331388
5.99814 0.00344827
6.03203 0.00357873
6.06591 0.0037052
6.0998 0.00382755
6.13369 0.00394573
6.16758 0.00405963
6.20147 0.00416915
6.23535 0.00427422
6.26924 0.00437488
6.30313 0.00447102
6.33702 0.00456242
6.3709 0.00464902
6.40479 0.00473075
6.43868 0.00480758
6.47257 0.00487946
6.50646 0.00494642
6.54034 0.00500834
6.57423 0.0050652
6.60812 0.00511696
6.64201 0.00516361
6.67589 0.00520517
6.70978 0.00524177
6.74367 0.00527325
6.77756 0.00529961
6.81145 0.00532085
6.84533 0.005337
6.87922 0.00534804
6.91311 0.00535401
6.947 0.00535493
6.98088 0.00535081
7.01477 0.0053417
7.04866 0.00532762
7.08255 0.00530862
7.11644 0.00528474
7.15032 0.00525604
7.18421 0.00522254
7.2181 0.00518433
7.25199 0.00514144
7.28587 0.00509397
7.31976 0.00504195
7.35365 0.0049855
7.38754 0.00492464
7.42143 0.0048595
7.45531 0.00479011
7.4892 0.00471663
7.52309 0.00463908
7.55698 0.00455762
7.59086 0.00447228
7.62475 0.00438325
7.65864 0.00429058
7.69253 0.00419456
7.72642 0.00409509
7.7603 0.00399237
7.79419 0.00388647
7.82808 0.00377754
7.86197 0.00366565
7.89585 0.00355098
7.92974 0.0034336
7.96363 0.00331368
7.99752 0.00319131
8.03141 0.00306671
8.06529 0.00293989
8.09918 0.0028111
8.13307 0.00268035
8.16696 0.0025479
8.20084 0.00241377
8.23473 0.0022782
8.26862 0.0021412
8.30251 0.00200303
8.3364 0.0018637
8.37028 0.00172345
8.40417 0.0015823
8.43806 0.00144049
8.47195 0.00129803
8.50583 0.00115518
8.53972 0.00101193
8.57361 0.00086855
8.6075 0.000725044
8.64139 0.000581662
8.67527 0.000438424
8.70916 0.000295575
8.74305 0.000153141
8.77694 4.59872e-05
8.81082 0.000133236
8.84471 0.000274111
8.8786 0.000413913
8.91249 0.000552616
8.94638 0.000689892
8.98026 0.000825748
9.01415 0.000959876
9.04804 0.00109228
9.08193 0.00122268
9.11582 0.00135107
9.1497 0.00147719
9.18359 0.00160104
9.21748 0.00172238
9.25137 0.00184124
9.28525 0.00195737
9.31914 0.00207082
9.35303 0.00218137
9.38692 0.00228907
9.42081 0.00239374
9.45469 0.00249542
9.48858 0.00259399
9.52247 0.00268943
9.55636 0.00278167
9.59024 0.00287069
9.62413 0.00295644
9.65802 0.00303891
9.69191 0.00311806
9.7258 0.00319387
9.75968 0.00326641
9.79357 0.00333577
9.82746 0.00340174
9.86135 0.00346428
9.89523 0.00352337
9.92912 0.00357899
9.96301 0.00363111
9.9969 0.00367971
10.0308 0.00372477
10.0647 0.00376625
10.0986 0.00380414
10.1324 0.00383844
10.1663 0.00386911
10.2002 0.00389611
10.2341 0.00391944
10.268 0.00393906
10.3019 0.00395498
10.3358 0.00396717
10.3697 0.00397563
10.4036 0.00398036
10.4374 0.00398135
10.4713 0.00397862
10.5052 0.00397216
10.5391 0.00396201
10.573 0.00394817
10.6069 0.00393067
10.6408 0.00390955
10.6747 0.00388483
10.7085 0.00385662
10.7424 0.00382506
10.7763 0.00379002
10.8102 0.00375155
10.8441 0.0037097
10.878 0.00366455
10.9119 0.00361618
10.9458 0.00356463
10.9796 0.00350996
11.0135 0.00345225
11.0474 0.00339156
11.0813 0.00332799
11.1152 0.00326159
11.1491 0.00319249
11.183 0.00312072
11.2169 0.00304642
11.2507 0.00296964
11.2846 0.00289051
11.3185 0.00280907
11.3524 0.00272548
11.3863 0.00263977
11.4202 0.0025521
11.4541 0.0024625
11.488 0.00237113
11.5218 0.00227802
11.5557 0.00218335
11.5896 0.00208715
11.6235 0.0019896
11.6574 0.00189072
11.6913 0.0017907
11.7252 0.00168956
11.7591 0.00158748
11.793 0.00148447
11.8268 0.00138073
11.8607 0.00127631
11.8946 0.00117138
11.9285 0.00106594
11.9624 0.000960139
11.9963 0.000854014
12.0302 0.000747726
12.0641 0.000641304
12.0979 0.000534912
12.1318 0.000428606
12.1657 0.000322624
12.1996 0.000216907
12.2335 0.000111608
12.2674 3.57128e-05
12.3013 0.00010547
12.3352 0.000209617
12.369 0.000312935
12.4029 0.000415258
12.4368 0.000516541
12.4707 0.000616636
12.5046 0.000715493
12.5385 0.000812972
12.5724 0.000909022
12.6063 0.00100351
12.6401 0.00109639
12.674 0.00118754
12.7079 0.00127691
12.7418 0.0013644
12.7757 0.00144996
12.8096 0.00153351
12.8435 0.001615
12.8774 0.00169435
12.9112 0.00177155
12.9451 0.00184651
12.979 0.00191923
13.0129 0.00198964
13.0468 0.00205774
13.0807 0.00212347
13.1146 0.00218684
13.1485 0.00224779
13.1823 0.00230633
13.2162 0.00236242
13.2501 0.00241605
13.284 0.00246721
13.3179 0.00251588
13.3518 0.00256203
13.3857 0.00260567
13.4196 0.00264687
13.4535 0.00268579
13.4873 0.00272208
13.5212 0.00275572
13.5551 0.00278669
13.589 0.00281495
13.6229 0.0028405
13.6568 0.0028633
13.6907 0.00288334
13.7246 0.00290061
13.7584 0.00291508
13.7923 0.00292675
13.8262 0.00293561
13.8601 0.00294165
13.894 0.00294488
13.9279 0.00294543
13.9618 0.00294331
13.9957 0.00293839
14.0295 0.00293068
14.0634 0.0029202
14.0973 0.00290696
14.1312 0.002891
14.1651 0.00287233
14.199 0.00285099
14.2329 0.00282701
14.2668 0.00280043
14.3006 0.0027713
14.3345 0.00273965
14.3684 0.00270555
14.4023 0.00266903
14.4362 0.00263015
14.4701 0.00258898
14.504 0.00254556
14.5379 0.00249996
14.5717 0.00245223
14.6056 0.00240245
14.6395 0.00235067
14.6734 0.00229696
14.7073 0.00224138
14.7412 0.00218402
14.7751 0.00212491
14.809 0.00206415
14.8429 0.00200178
14.8767 0.00193791
14.9106 0.00187256
14.9445 0.00180585
14.9784 0.00173781
15.0123 0.00166856
15.0462 0.00159814
15.0801 0.00152674
15.114 0.0014543
15.1478 0.00138093
15.1817 0.00130665
15.2156 0.00123158
15.2495 0.00115574
15.2834 0.00107926
15.3173 0.00100215
15.3512 0.000924519
15.3851 0.000846405
15.4189 0.000767915
15.4528 0.000689081
15.4867 0.000610013
15.5206 0.000530744
15.5545 0.00045144
15.5884 0.000372216
15.6223 0.000293046
15.6562 0.000213965
15.69 0.000135081
15.7239 5.64318e-05
15.7578 2.6094e-05
15.7917 9.8699e-05
15.8256 0.000174902
15.8595 0.000250486
15.8934 0.00032542
15.9273 0.000399612
15.9611 0.000473029
15.995 0.000545585
16.0289 0.000617244
16.0628 0.000687922
16.0967 0.000757581
16.1306 0.000826142
16.1645 0.000893564
16.1984 0.00095977
16.2323 0.00102472
16.2661 0.00108843
16.3 0.00115087
16.3339 0.00121189
16.3678 0.00127144
16.4017 0.00132946
16.4356 0.00138591
16.4695 0.00144073
16.5034 0.00149387
16.5372 0.00154529
16.5711 0.00159496
16.605 0.00164282
16.6389 0.00168885
16.6728 0.001733
16.7067 0.00177526
16.7406 0.0018156
16.7745 0.00185399
16.8083 0.00189041
16.8422 0.00192484
16.8761 0.00195727
16.91 0.00198769
16.9439 0.00201608
16.9778 0.00204243
17.0117 0.00206673
17.0456 0.00208898
17.0794 0.00210917
17.1133 0.0021273
17.1472 0.00214335
17.1811 0.00215733
17.215 0.00216924
17.2489 0.00217907
17.2828 0.00218684
17.3167 0.00219273
17.3505 0.00219653
17.3844 0.00219826
17.4183 0.0021979
17.4522 0.00219548
17.4861 0.00219099
17.52 0.00218446
17.5539 0.00217588
17.5878 0.00216528
17.6216 0.00215267
17.6555 0.00213807
17.6894 0.00212151
17.7233 0.002103
17.7572 0.00208258
17.7911 0.00206026
17.825 0.00203609
17.8589 0.00201009
17.8928 0.00198229
17.9266 0.00195274
17.9605 0.00192147
17.9944 0.00188853
18.0283 0.00185394
18.0622 0.00181777
18.0961 0.00178005
18.13 0.00174084
18.1639 0.00170017
18.1977 0.0016581
18.2316 0.00161468
18.2655 0.00156997
18.2994 0.00152401
18.3333 0.00147686
18.3672 0.00142857
18.4011 0.00137921
18.435 0.00132881
18.4688 0.00127746
18.5027 0.00122519
18.5366 0.00117211
18.5705 0.00111825
18.6044 0.00106366
18.6383 0.00100839
18.6722 0.000952498
18.7061 0.000896038
18.7399 0.000839086
18.7738 0.000781678
18.8077 0.000723891
18.8416 0.000665767
18.8755 0.000607387
18.9094 0.000548788
18.9433 0.000490048
18.9772 0.000431205
19.011 0.000372397
19.0449 0.000313597
19.0788 0.000254879
19.1127 0.00019628
19.1466 0.000137876
19.1805 7.97022e-05
19.2144 2.37107e-05
19.2483 3.17095e-05
19.2822 8.74276e-05
19.316 0.000144772
19.3499 0.000201711
19.3838 0.000258176
19.4177 0.000314127
19.4516 0.000369493
19.4855 0.000424233
19.5194 0.000478273
19.5533 0.000531569
19.5871 0.000584049
19.621 0.000635665
19.6549 0.00068635
19.6888 0.000736057
19.7227 0.000784721
19.7566 0.000832299
19.7905 0.000878734
19.8244 0.000924012
19.8582 0.000968228
19.8921 0.00101118
19.926 0.00105282
19.9599 0.00109312
19.9938 0.00113204
20.0277 0.00116956
20.0616 0.00120566
20.0955 0.00124032
20.1293 0.00127352
20.1632 0.00130524
20.1971 0.00133549
20.231 0.00136426
20.2649 0.00139153
20.2988 0.00141731
20.3327 0.0014416
20.3666 0.00146439
20.4004 0.00148569
20.4343 0.00150551
20.4682 0.00152383
20.5021 0.00154067
20.536 0.00155609
20.5699 0.00157029
20.6038 0.001583
20.6377 0.00159421
20.6716 0.00160392
20.7054 0.00161212
20.7393 0.00161881
20.7732 0.00162398
20.8071 0.00162763
20.841 0.00162976
20.8749 0.00163037
20.9088 0.00162945
20.9427 0.001627
20.9765 0.00162304
21.0104 0.00161755
21.0443 0.00161056
21.0782 0.00160205
21.1121 0.00159206
21.146 0.00158058
21.1799 0.00156764
21.2138 0.00155325
21.2476 0.00153744
21.2815 0.00152021
21.3154 0.0015016
21.3493 0.00148164
21.3832 0.00146035
21.4171 0.00143776
21.451 0.0014139
21.4849 0.00138882
21.5187 0.00136254
21.5526 0.0013351
21.5865 0.00130654
21.6204 0.0012769
21.6543 0.00124622
21.6882 0.00121452
21.7221 0.00118188
21.756 0.0011483
21.7898 0.00111385
21.8237 0.00107855
21.8576 0.00104246
21.8915 0.00100574
21.9254 0.000968325
21.9593 0.00093023
21.9932 0.000891505
22.0271 0.000852181
22.061 0.000812308
22.0948 0.000771916
22.1287 0.000731056
22.1626 0.000689757
22.1965 0.00064807
22.2304 0.000606022
22.2643 0.000563666
22.2982 0.000521026
22.3321 0.000478156
22.3659 0.000435086
22.3998 0.000391869
22.4337 0.000348533
22.4676 0.000305129
22.5015 0.000261687
22.5354 0.000218258
22.5693 0.000174868
22.6032 0.000131569
22.637 8.8386e-05
22.6709 4.53687e-05
22.7048 9.8201e-06
22.7387 4.68472e-05
22.7726 8.96779e-05
22.8065 0.00013217
22.8404 0.000174277
22.8743 0.000215967
22.9081 0.000257193
22.942 0.000298015
22.9759 0.000338306
23.0098 0.000378025
23.0437 0.000417126
23.0776 0.000455577
23.1115 0.000493334
23.1454 0.00053043
23.1792 0.000566784
23.2131 0.000602353
23.247 0.000637097
23.2809 0.000670988
23.3148 0.000703993
23.3487 0.000736085
23.3826 0.000767235
23.4165 0.000797423
23.4503 0.000826623
23.4842 0.00085482
23.5181 0.000881994
23.552 0.000908133
23.5859 0.000933222
23.6198 0.000957253
23.6537 0.000980216
23.6876 0.00100211
23.7215 0.00102292
23.7553 0.00104264
23.7892 0.00106128
23.8231 0.00107883
23.857 0.00109529
23.8909 0.00111066
23.9248 0.00112501
23.9587 0.0011383
23.9926 0.00115049
24.0264 0.00116156
24.0603 0.00117152
24.0942 0.00118037
24.1281 0.00118811
24.162 0.00119472
24.1959 0.00120021
24.2298 0.00120458
24.2637 0.00120782
24.2975 0.00120994
24.3314 0.00121093
24.3653 0.0012108
24.3992 0.00120954
24.4331 0.00120717
24.467 0.00120368
24.5009 0.00119907
24.5348 0.00119336
24.5686 0.00118656
24.6025 0.00117866
24.6364 0.00116969
24.6703 0.0011597
24.7042 0.00114869
24.7381 0.00113664
24.772 0.00112357
24.8059 0.0011095
24.8397 0.00109444
24.8736 0.00107841
24.9075 0.00106145
24.9414 0.00104356
24.9753 0.00102477
