t sb -1 xb vb dt perf.t perf.speed
0 0 -1 0.5 0 2.52982e-05 0 0 
2.52982e-05 1.41421e-16 -1 0.5 0.000449322 2.52982e-05 0.02128 769925 1 688.33 1848.34 0.372404 4 
0.000614221 -3.23326e-08 -1 0.5 0.00111825 0.000588923 0.057114 573730 5 1384.97 208.64 1.46019 5 2 1661.2 417.471 1.99479 4 3 0.0819412 5.29226e-05 11.5688 2 
0.00171532 -1.72572e-06 -1 0.5 0.00164459 0.0011011 0.144993 338996 6 425.649 77.1625 1.32925 6 2 849.743 246.359 1.8572 5 25 0.114327 9.36371e-05 1.32883 2 
0.00328182 -3.56411e-06 -1 0.500002 0.00227211 0.0015665 0.185826 352674 2 166.155 19.1164 2.94818 6 2 334.785 60.6115 2.3502 5 8 0.0561838 5.03629e-05 2.40402 3 
0.00527167 -4.42347e-06 -1 0.500006 0.00345147 0.00198985 0.228103 359136 1 70.062 10.6332 6.58897 6 3 222.918 82.4359 1.39319 6 8 0.0793963 7.89675e-05 2.37298 3 
0.00764656 -3.46894e-06 -1 0.500014 0.0045596 0.00237488 0.292408 336188 4 40.4247 15.3269 1.27438 7 3 136.146 56.3787 1.34162 7 11 0.128893 6.32921e-05 1.99897 3 
0.0103718 -2.01834e-06 -1 0.500027 0.00621154 0.00272528 0.346472 331017 2 23.958 12.6021 1.37881 7 1 108.486 52.7244 2.05761 7 13 0.156747 7.97743e-05 1.79198 3 
0.0134132 -8.0791e-07 -1 0.500047 0.0082753 0.00304133 0.411276 318696 2 43.4005 5.1245 2.91019 7 1 43.9732 40.4952 1.08589 7 16 0.215948 7.16315e-05 1.64988 3 
0.0167427 -3.27398e-07 -1 0.500075 0.0104548 0.00332953 0.479318 307637 2 63.3644 1.58689 6.31901 7 1 24.4356 25.2129 0.969173 7 18 0.272637 9.70415e-05 1.5545 3 
0.020337 -6.06818e-07 -1 0.500113 0.012708 0.00359429 0.563488 290760 2 79.2602 1.50636 7.25376 7 1 18.2491 19.5631 0.932834 7 24 0.314103 8.81113e-05 1.40605 3 
0.0241718 -1.32613e-06 -1 0.500162 0.0154356 0.00383483 0.630706 285750 3 1143.79 5.15254 6.05493 7 1 20.3885 20.945 0.973432 7 14 0.36003 6.57904e-05 1.84932 4 
0.0282206 -1.92425e-06 -1 0.500223 0.017459 0.00404875 0.716595 274364 2 71.5571 2.20024 5.70284 7 2 15.7608 6.32423 1.57865 8 19 0.436025 7.47069e-05 1.57841 4 
0.032466 -2.15087e-06 -1 0.500297 0.0201994 0.0042454 0.80066 266021 3 1153.55 1.39779 9.37989 6 2 29.7116 2.99787 3.14816 9 14 0.582538 8.28511e-05 1.88273 5 
0.0368951 -2.04635e-06 -1 0.500387 0.022671 0.00442916 0.912159 251465 3 1110.38 3.38554 6.89627 5 2 33.2164 1.9684 4.10789 10 22 0.858361 8.07433e-05 1.52414 5 
0.041482 -1.79824e-06 -1 0.500492 0.0256773 0.00458685 1.08801 225881 4 1182.76 1.4571 5.33767 5 2 31.3774 2.31674 3.68019 11 36 1.0341 9.80652e-05 1.29345 5 
0.0462232 -1.55291e-06 -1 0.500613 0.0285838 0.00474121 1.31027 200069 4 1181.59 1.71132 5.12607 4 2 50.1889 3.22049 3.94769 11 49 1.03324 8.73787e-05 1.21093 5 
0.0510974 -1.39114e-06 -1 0.500752 0.0312808 0.00487422 1.41742 196503 3 1163.66 3.29206 7.07053 4 2 64.7076 3.86795 4.09013 11 17 0.963788 9.77168e-05 1.71768 6 
0.0560955 -1.35041e-06 -1 0.500909 0.0344369 0.00499814 1.5386 191675 4 1102.08 1.01789 5.73624 3 2 70.1703 3.87367 4.25613 11 21 1.20157 6.66758e-05 1.59462 6 
0.0611976 -1.37548e-06 -1 0.501084 0.0373782 0.00510209 1.67878 185429 4 209.718 0.811912 4.00896 3 2 72.7951 3.66906 4.45424 11 24 1.61271 6.92147e-05 1.52045 6 
0.0664083 -1.41994e-06 -1 0.501279 0.0403485 0.00521064 1.8203 180014 4 1199.71 2.81425 4.5439 3 2 95.3553 3.39277 5.30146 11 24 1.53343 7.48976e-05 1.51228 6 
0.0717036 -1.37351e-06 -1 0.501494 0.0435085 0.00529529 1.95793 175729 6 1156.13 2.05915 2.87223 3 2 113.688 3.36577 5.81185 11 24 1.32658 8.33651e-05 1.49649 6 
0.0770865 -1.31922e-06 -1 0.501728 0.0465843 0.0053829 2.10227 171457 5 1184.18 1.39618 3.85208 3 2 118.282 3.16616 6.11215 11 25 1.83406 9.23227e-05 1.48568 6 
0.0825498 -1.2116e-06 -1 0.501983 0.0498235 0.00546339 2.23941 168273 4 1118.58 2.76964 4.48291 3 2 109.873 3.08435 5.96848 11 24 2.23025 9.55948e-05 1.52054 6 
0.0880753 -1.01557e-06 -1 0.502259 0.0529195 0.00552547 2.3688 165998 5 1142.73 2.41527 3.42764 3 2 152.507 3.05601 7.06426 11 22 1.90891 9.8233e-05 1.56651 6 
0.0936644 -8.5236e-07 -1 0.502555 0.0561435 0.00558911 2.49164 164390 4 1031.04 3.13755 4.25766 3 2 164.127 2.75838 7.71371 11 21 1.59483 9.35749e-05 1.59039 6 
0.0993078 -6.51702e-07 -1 0.502872 0.0593137 0.00564337 2.61804 162711 5 1074.95 0.907394 4.1183 3 2 166.702 2.47747 8.20288 11 21 2.62747 6.63893e-05 1.65549 6 
0.105007 -4.63542e-07 -1 0.503211 0.0625981 0.00569881 2.72889 162106 5 1128.89 3.01954 3.26996 3 2 149.642 1.81477 9.08063 11 18 2.67029 8.0682e-05 1.78278 6 
0.110751 -3.23273e-07 -1 0.50357 0.0658907 0.00574403 2.8313 162029 4 1245.76 2.26425 4.84314 3 2 217.375 1.28313 13.0158 11 16 2.17461 5.89634e-05 1.92941 6 
0.116541 -2.39439e-07 -1 0.503951 0.068902 0.00579008 2.92018 162708 5 1152.64 2.97408 3.29358 4 2 221.95 1.52879 12.0491 11 13 2.23556 9.63559e-05 2.16675 6 
0.122366 -1.6371e-07 -1 0.504354 0.0721545 0.00582517 3.01191 163192 5 1201.44 1.10196 4.05049 4 2 198.228 1.8731 10.2873 11 12 3.2086 5.83997e-05 2.48309 6 
0.128227 -1.4912e-07 -1 0.504777 0.0753664 0.00586076 3.09406 164155 5 1154.48 0.697048 4.40377 4 2 228.783 2.26224 10.0564 11 11 2.83897 5.44607e-05 2.68426 6 
0.134124 -1.90538e-07 -1 0.505222 0.0786236 0.00589687 3.17221 165276 4 1180.57 1.45083 5.34095 4 2 264.224 2.91616 9.51877 11 11 2.12936 4.10305e-05 2.68318 6 
0.140045 -1.46482e-07 -1 0.505688 0.0817963 0.00592123 3.26358 165669 5 1186.65 0.899097 4.20827 4 2 277.345 3.81173 8.53001 11 11 3.20078 6.17322e-05 2.68295 6 
0.146003 -3.54866e-08 -1 0.506176 0.0850231 0.00595824 3.34183 166692 4 1230.16 1.05667 5.84125 3 2 244.064 5.19673 6.8531 11 10 3.47496 5.43086e-05 3.02418 6 
0.151974 1.41761e-07 -1 0.506684 0.0881385 0.00597071 3.42765 167298 7 1207.27 2.639 2.39912 2 2 344.46 6.8273 7.10305 11 9 3.04984 5.09185e-05 3.39486 6 
0.15797 3.1184e-07 -1 0.507213 0.0914208 0.00599584 3.49679 168676 6 1134.85 1.91959 2.89704 2 2 428.342 8.05527 7.29214 11 9 3.04996 5.89213e-05 3.34026 6 
0.163991 6.18464e-07 -1 0.507762 0.0945271 0.00602125 3.5738 169625 7 5003.98 1.73541 3.12085 3 3 2401.69 1.69973 11.2214 10 9 3.679 8.1307e-05 3.29071 6 
0.170025 9.33995e-07 -1 0.508333 0.0977018 0.00603406 3.65909 170150 5 2134 0.659498 5.03496 3 3 986.349 2.35567 7.48121 10 12 6.52362 6.2331e-05 2.62009 5 
0.176072 1.23708e-06 -1 0.508924 0.100816 0.00604696 3.73598 171033 5 1744.45 0.797098 4.65618 3 3 1378.48 2.08515 8.71139 10 11 5.54076 6.54719e-05 2.80515 5 
0.182145 1.50784e-06 -1 0.509537 0.103931 0.00607296 3.8172 171686 5 1555.39 1.41258 4.05849 3 3 1178.14 1.6042 9.02221 9 11 4.95117 7.64288e-05 2.73782 5 
0.188231 1.77502e-06 -1 0.51017 0.107061 0.00608608 3.88856 172749 5 1390.67 1.33448 4.01405 3 3 772.706 1.87715 7.43884 8 10 5.02174 6.19963e-05 3.09634 5 
0.19433 2.00283e-06 -1 0.510824 0.110178 0.00609928 3.97756 173002 5 1363.48 0.835101 4.39118 3 3 944.329 1.94277 7.86262 7 17 5.41661 7.32282e-05 1.93381 4 
0.200429 2.15302e-06 -1 0.511497 0.11329 0.00609928 4.1034 171690 5 1377.92 0.976552 4.26487 3 3 804.538 1.72459 7.75568 6 27 4.21363 8.53367e-05 1.49222 4 
0.206542 2.21089e-06 -1 0.51219 0.116444 0.0061126 4.21131 171181 5 1251.5 1.13194 4.06182 3 3 802.655 2.13739 7.21465 5 21 5.3368 8.64025e-05 1.69095 5 
0.212668 2.26489e-06 -1 0.512903 0.119512 0.006126 4.29298 171741 5 1413.41 2.05271 3.69477 3 3 700.895 3.81444 5.68514 4 14 4.26506 8.53387e-05 2.16584 5 
0.218808 2.23814e-06 -1 0.513637 0.122482 0.0061395 4.39252 171579 5 1246.59 1.73669 3.72564 3 3 785.322 8.60038 4.50308 3 19 4.99415 9.09449e-05 1.77606 5 
0.224947 2.18602e-06 -1 0.514388 0.125461 0.0061395 4.50789 170822 5 1280.61 1.51875 3.84757 3 4 675.438 4.35785 3.5284 3 21 4.81886 9.04438e-05 1.67909 5 
0.2311 2.11455e-06 -1 0.515159 0.128422 0.00615311 4.62903 169891 6 1986 1.25385 3.4142 3 3 1023.98 7.6781 5.10911 3 23 3.38045 7.88913e-05 1.58997 5 
0.237253 1.95962e-06 -1 0.515948 0.131409 0.00615311 4.76971 168315 5 7194.36 1.63092 5.35688 3 4 3727.16 8.05703 4.63768 2 22 6.49023 7.15131e-05 1.68019 7 
0.24342 1.72763e-06 -1 0.516758 0.13432 0.00616685 4.94837 165549 6 3420.07 1.10366 3.81827 2 4 1854.28 5.16076 4.35377 2 29 6.90117 9.55716e-05 1.47075 7 
0.249587 1.87684e-06 -1 0.517587 0.13723 0.00616685 5.10742 163602 6 2644.6 1.69045 3.40716 2 4 1812.94 5.4199 4.27659 2 26 6.18567 8.94228e-05 1.53515 7 
0.255754 2.46584e-06 -1 0.518434 0.140131 0.00616685 5.24305 162495 6 2105.43 1.51806 3.33945 2 4 1509.38 5.09286 4.14915 2 22 5.96838 6.85998e-05 1.67697 7 
0.261935 3.20401e-06 -1 0.519301 0.142957 0.00618073 5.35277 162225 5 2266.83 2.26812 3.98062 2 4 1539.84 3.14583 4.70365 2 17 6.98786 5.34043e-05 1.9998 7 
0.268115 4.20238e-06 -1 0.520185 0.145702 0.00618073 5.44773 162405 5 1966.44 1.37151 4.27855 2 4 1618.04 3.50935 4.63383 2 13 6.15857 6.55971e-05 2.41272 7 
0.274296 5.23962e-06 -1 0.521087 0.148601 0.00618073 5.52323 163151 6 2201.61 1.76911 3.27968 2 4 1066.62 4.95881 3.82964 2 10 5.46065 9.56898e-05 2.98977 7 
0.280477 6.21031e-06 -1 0.522004 0.151388 0.00618073 5.60526 163686 7 1769.11 1.5521 2.73332 2 4 1271.35 2.6361 4.68625 2 11 6.14681 8.42947e-05 2.76743 7 
0.286672 7.07413e-06 -1 0.522941 0.154058 0.00619481 5.68867 164166 5 2146.77 1.8122 4.11828 2 4 990.218 2.83617 4.32264 2 12 4.78943 5.27467e-05 2.58925 7 
0.292866 7.95622e-06 -1 0.523895 0.156861 0.00619481 5.77329 164598 6 12701.7 2.43795 4.16363 2 4 6780.15 6.76546 5.62646 2 12 5.71213 6.90835e-05 2.56913 7 
0.299061 8.84138e-06 -1 0.524867 0.15955 0.00619481 5.92667 163103 6 4852.4 2.41477 3.55233 2 5 2477.71 4.57231 3.52195 2 27 9.49488 9.84972e-05 1.52966 6 
0.305256 9.72162e-06 -1 0.525856 0.162187 0.00619481 6.06709 162028 7 3728.44 1.5484 3.04153 2 4 2391.07 7.32183 4.25102 2 24 7.25678 5.51869e-05 1.63413 7 
0.311451 1.05852e-05 -1 0.526862 0.164757 0.00619481 6.16377 162145 7 2904.52 1.97095 2.83549 2 4 2083.47 7.63759 4.06404 2 14 6.57014 6.08708e-05 2.28829 7 
0.317646 1.14323e-05 -1 0.527884 0.167414 0.00619481 6.27168 161968 7 2977.13 1.67801 2.91168 2 4 1979.3 5.09043 4.44058 3 14 7.18168 6.1548e-05 2.30107 7 
0.32384 1.23382e-05 -1 0.52892 0.169942 0.00619481 6.37715 161858 6 2682.2 2.13989 3.2836 2 4 2121.46 3.41907 4.99093 3 14 7.52687 7.27753e-05 2.28133 7 
0.33005 1.33329e-05 -1 0.529975 0.172491 0.00620919 6.48719 161638 6 2196.17 2.50479 3.09373 2 4 1827.14 2.28171 5.31959 3 15 5.94264 5.74869e-05 2.15921 7 
0.336259 1.44119e-05 -1 0.531046 0.175008 0.00620919 6.59127 161571 7 2559.63 1.9983 2.77927 2 4 1472.97 2.98163 4.71449 3 15 6.67997 7.01247e-05 2.14747 7 
0.342468 1.54526e-05 -1 0.532132 0.177454 0.00620919 6.70135 161362 9 13496.7 2.20775 2.63449 2 4 7340.18 9.80374 5.23093 2 15 5.94014 6.29925e-05 2.14602 7 
0.348677 1.62718e-05 -1 0.533235 0.17989 0.00620919 6.84498 160370 9 6108.27 2.31884 2.39923 2 4 3161.19 9.02614 4.32601 2 22 10.6977 9.48506e-05 1.69687 7 
0.354886 1.68884e-05 -1 0.534353 0.182281 0.00620919 6.97457 159739 9 4681.06 1.99885 2.36808 2 5 2865.34 4.36829 3.65909 2 19 8.29096 6.32708e-05 1.85925 7 
0.361096 1.74073e-05 -1 0.535484 0.184663 0.00620919 7.08263 159615 8 3644.53 2.13446 2.53539 2 4 2600.36 10.1017 4.00553 2 15 6.98869 7.88954e-05 2.13709 7 
0.367305 1.80025e-05 -1 0.53663 0.186994 0.00620919 7.18837 159547 6 2884.63 1.62489 3.47972 3 5 2002.38 4.78561 3.34443 2 15 7.07088 5.85443e-05 2.18172 7 
0.373514 1.87221e-05 -1 0.537792 0.189256 0.00620919 7.29195 159527 6 3419.21 1.75073 3.5355 3 5 2536.46 3.16097 3.80962 2 14 7.99203 8.2832e-05 2.27004 7 
0.379723 1.95023e-05 -1 0.538967 0.191571 0.00620919 7.38905 159648 5 2758.82 2.56117 4.0407 3 5 2287.92 6.27012 3.25412 2 14 7.08803 7.99679e-05 2.25632 7 
0.385932 2.04363e-05 -1 0.540156 0.193608 0.00620919 7.48878 159710 5 3225.2 1.83343 4.45716 3 5 1594.03 5.20251 3.14237 2 14 5.80843 7.19041e-05 2.24141 7 
0.392141 2.13212e-05 -1 0.541358 0.19589 0.00620919 7.58739 159794 5 11979.8 1.59721 5.95687 3 6 6560.03 3.01091 3.60054 2 14 8.25787 4.84197e-05 2.3643 7 
0.398351 2.21876e-05 -1 0.542574 0.198069 0.00620919 7.67927 160015 5 5111.59 1.18563 5.33239 2 5 3018.17 5.86676 3.48553 2 13 8.35996 8.71025e-05 2.41682 7 
0.40456 2.2938e-05 -1 0.543804 0.200131 0.00620919 7.7816 160016 6 3865.08 1.69981 3.62627 3 6 3067.1 3.76378 3.05622 2 13 9.70345 7.30804e-05 2.47792 7 
0.410769 2.3735e-05 -1 0.545047 0.202118 0.00620919 7.87819 160134 6 4245.52 1.6104 3.71677 3 6 3448.9 5.13234 2.95956 2 13 9.07389 5.72585e-05 2.51187 7 
0.416978 2.43879e-05 -1 0.546303 0.204172 0.00620919 7.96726 160400 5 3966.6 2.44717 4.38481 3 6 3308.48 7.78083 2.74221 2 12 8.48179 8.80444e-05 2.60205 7 
0.423187 2.51844e-05 -1 0.54757 0.206207 0.00620919 8.06004 160587 5 3035.04 1.59125 4.52987 3 6 2537.9 5.41103 2.7874 2 12 7.07532 6.28574e-05 2.63602 7 
0.429397 2.58806e-05 -1 0.548848 0.208127 0.00620919 8.15469 160732 7 3787.53 2.20336 2.89855 2 6 2014.4 5.59158 2.66748 2 12 6.2561 4.98442e-05 2.66006 7 
0.435606 2.6598e-05 -1 0.55014 0.209996 0.00620919 8.28084 160262 8 13107.2 1.86443 3.02601 2 6 7250.29 4.74793 3.39345 2 19 8.4383 5.53573e-05 1.8741 7 
0.441815 2.73205e-05 -1 0.551444 0.211839 0.00620919 8.42157 159529 8 5502.92 1.87838 2.71238 2 5 3199.57 8.61694 3.26549 2 21 8.49422 7.84683e-05 1.73674 7 
0.448024 2.80516e-05 -1 0.552759 0.213711 0.00620919 8.53502 159328 7 4420.88 2.37677 2.9314 2 4 2750.44 8.47272 4.24468 2 16 9.97864 6.96836e-05 2.10013 7 
0.454233 2.88807e-05 -1 0.554084 0.21545 0.00620919 8.61721 159710 7 4262.17 2.48753 2.89721 2 4 3458.05 8.00315 4.55924 2 11 9.03519 7.51204e-05 2.89624 7 
0.460443 2.97393e-05 -1 0.555421 0.21714 0.00620919 8.69309 160201 6 4444.21 2.38038 3.50907 2 4 3630.6 6.70272 4.82427 2 10 8.88747 3.7332e-05 3.44881 7 
0.466652 3.06564e-05 -1 0.556769 0.21882 0.00620919 8.77043 160656 6 3606.02 1.74545 3.56878 3 4 3018.33 6.89145 4.57471 3 9 7.79981 7.45108e-05 3.61213 7 
0.472861 3.15174e-05 -1 0.558126 0.220426 0.00620919 8.84553 161145 6 6221.07 1.7575 3.90387 3 5 3552.17 6.97776 3.47821 2 9 5.91401 5.04699e-05 3.65768 7 
0.47907 3.23421e-05 -1 0.559492 0.222038 0.00620919 8.92172 161605 6 11198.8 1.50609 4.41794 3 6 6173.24 3.82948 3.42422 2 9 9.9692 4.23818e-05 3.95213 7 
0.485279 3.30252e-05 -1 0.56087 0.223541 0.00620919 9.00355 161956 6 6868.15 1.7866 3.95794 3 5 4029.56 10.1176 3.31158 2 11 9.57571 7.58019e-05 2.90919 6 
0.491488 3.37356e-05 -1 0.562258 0.225043 0.00620919 9.08352 162334 7 5594.76 2.17283 3.07079 2 5 3904.78 6.97004 3.54546 2 11 8.1299 5.67305e-05 2.94274 6 
0.497698 3.4509e-05 -1 0.563654 0.226479 0.00620919 9.1629 162715 7 4322.93 2.38243 2.92104 2 4 3174.4 7.5163 4.5333 2 11 7.60694 4.63817e-05 2.97905 6 
0.503907 3.54183e-05 -1 0.565058 0.227886 0.00620919 9.24606 163024 7 3451.59 2.08131 2.88373 2 5 2480.92 3.86465 3.64335 2 11 7.01137 4.02774e-05 2.99524 6 
0.510131 3.64729e-05 -1 0.566475 0.229264 0.00622467 9.32529 163396 7 4383.38 1.93151 3.01589 2 5 3158.47 4.2639 3.74916 2 10 8.15572 3.89749e-05 3.40461 6 
0.516356 3.74838e-05 -1 0.567901 0.230504 0.00622467 9.52519 161687 11 20342.8 1.86453 2.3285 4 6 11557.7 2.0495 4.21895 3 32 8.51191 8.24396e-05 1.43445 6 
0.522581 3.79738e-05 -1 0.569334 0.231742 0.00622467 9.81418 158595 6 9012.43 2.05807 4.0448 4 5 5048.38 2.41549 4.61349 3 56 10.3531 8.16116e-05 1.23348 6 
0.528806 3.82949e-05 -1 0.570775 0.232993 0.00622467 9.99118 157425 6 5163.63 2.29277 3.62048 3 5 3394.23 4.75649 3.72127 3 31 10.7624 7.51799e-05 1.46662 6 
0.53503 3.87131e-05 -1 0.572226 0.234111 0.00622467 10.1014 157329 5 4504.24 2.37207 4.52584 3 5 3781.24 5.76021 3.65965 3 17 9.68076 6.25228e-05 2.0197 6 
0.541255 3.94005e-05 -1 0.573682 0.235336 0.00622467 10.1883 157596 6 5278.15 1.34118 3.97343 2 5 4313 6.70266 3.64507 2 13 9.23946 5.5252e-05 2.52227 6 
0.54748 4.03523e-05 -1 0.575144 0.236432 0.00622467 10.2683 157963 6 4351.6 1.40966 3.81583 2 5 3612.26 4.46116 3.81651 2 11 8.57918 3.54223e-05 3.08653 6 
0.553704 4.14172e-05 -1 0.576614 0.237498 0.00622467 10.3416 158428 7 18629.7 1.50029 3.84469 2 5 10688.9 8.87695 4.13175 3 10 6.93813 7.42561e-05 3.14088 6 
0.559929 4.25168e-05 -1 0.578092 0.238572 0.00622467 10.427 158702 8 11391.7 2.20296 2.91204 2 6 6285.28 5.46418 3.23693 2 12 12.5395 8.16324e-05 2.70521 5 
0.566154 4.35552e-05 -1 0.579573 0.239511 0.00622467 10.5013 159140 7 7872.52 2.53839 3.15351 2 5 5082.23 6.95571 3.73889 2 11 9.43865 5.73643e-05 2.97993 5 
0.572378 4.45177e-05 -1 0.581063 0.240418 0.00622467 10.5763 159560 8 6177.01 1.927 2.74307 2 5 4805.3 4.65526 4.00641 2 11 10.1808 5.83028e-05 2.99608 5 
0.578603 4.53601e-05 -1 0.582559 0.241219 0.00622467 10.6484 160017 6 5673.99 1.15939 4.12044 3 5 4655.26 6.73118 3.69803 2 10 9.4067 4.91121e-05 3.37462 5 
0.584828 4.5982e-05 -1 0.584056 0.241996 0.00622467 10.7215 160456 8 4400.2 1.5535 2.70097 2 5 3617.11 10.1465 3.23899 2 10 8.25993 4.65182e-05 3.34916 5 
0.591052 4.65841e-05 -1 0.585559 0.242787 0.00622467 10.8185 160531 9 9133.57 2.29722 2.51153 2 8 5280.64 5.62064 2.35295 2 14 6.73899 5.36917e-05 2.31309 5 
0.597277 4.71981e-05 -1 0.587072 0.243552 0.00622467 11.0404 158789 10 11124.8 2.13565 2.3533 2 7 6217.57 4.88794 2.77651 3 36 11.0923 7.27306e-05 1.39309 7 
0.603502 4.77371e-05 -1 0.588583 0.244251 0.00622467 11.2085 157869 8 8865.21 1.22753 3.03621 3 8 5431.61 5.57233 2.3638 2 25 9.10717 8.98791e-05 1.58573 7 
0.609726 4.80989e-05 -1 0.590103 0.244935 0.00622467 11.3303 157618 9 6769.85 1.68455 2.51452 2 7 4997.74 9.21203 2.45828 2 17 9.88624 8.98349e-05 1.97954 7 
0.615951 4.85205e-05 -1 0.591628 0.245577 0.00622467 11.4314 157657 9 5898.44 1.35606 2.53672 2 6 4714.73 4.55353 3.18067 3 12 9.28376 5.52573e-05 2.72549 7 
0.622176 4.90093e-05 -1 0.593152 0.246143 0.00622467 11.5188 157883 7 4545.37 1.75191 3.07413 2 5 3655.85 4.90091 3.75442 3 10 8.17177 5.98691e-05 3.26221 7 
0.6284 4.96157e-05 -1 0.59468 0.246712 0.00622467 11.6062 158106 7 7003.24 1.21951 3.44363 2 4 4065.75 5.66642 5.17557 3 10 6.754 3.61591e-05 3.36616 7 
0.634625 5.03805e-05 -1 0.596218 0.247284 0.00622467 11.6787 158528 8 11225.7 1.72142 2.99772 3 5 6548.68 5.20678 4.1679 2 8 10.4386 5.16436e-05 4.60472 7 
0.64085 5.11731e-05 -1 0.597752 0.247821 0.00622467 11.7427 159059 6 9304.69 2.10003 4.05272 2 5 5649.31 5.16522 4.05304 2 7 9.28551 6.71016e-05 5.42549 7 
0.647074 5.20918e-05 -1 0.599291 0.248275 0.00622467 11.8162 159456 7 7040.5 1.60819 3.31269 2 5 5138.73 6.923 3.7507 2 9 9.92251 4.68126e-05 3.90667 6 
0.653299 5.28373e-05 -1 0.600838 0.248658 0.00622467 11.8852 159909 8 6155.67 1.4234 2.8477 2 6 4910.84 4.50775 3.20774 2 8 9.40748 8.37137e-05 4.27892 6 
0.659524 5.35943e-05 -1 0.60238 0.249118 0.00622467 11.982 159985 7 4792.63 2.50882 2.94259 2 5 3854.7 7.3361 3.5003 2 15 8.35546 7.56302e-05 2.16879 6 
0.665748 5.4592e-05 -1 0.603923 0.249407 0.00622467 12.1374 159285 7 8537.84 2.25273 3.24514 2 5 4966.9 5.98641 3.83516 2 27 6.93139 8.74243e-05 1.51863 6 
0.671973 5.55473e-05 -1 0.605477 0.249656 0.00622467 12.2974 158545 9 12141 2.19523 2.60534 3 5 6849.82 6.93773 3.97093 2 25 10.934 6.07564e-05 1.62259 7 
0.678198 5.62276e-05 -1 0.607029 0.249989 0.00622467 12.4209 158289 7 9423.64 2.21948 3.29823 2 5 5804 9.45626 3.61078 2 18 8.96109 7.62183e-05 1.91286 7 
0.684422 5.69559e-05 -1 0.608579 0.250165 0.00622467 12.5343 158162 8 6919.57 2.09955 2.75261 2 5 5162.68 4.04842 4.17944 2 16 10.3102 4.9871e-05 2.14889 7 
0.690647 5.75679e-05 -1 0.610135 0.250481 0.00622467 12.642 158112 7 6368.74 1.89929 3.18888 2 5 5174.56 3.62618 4.27449 2 15 9.71865 9.4692e-05 2.15817 7 
0.696872 5.84257e-05 -1 0.61169 0.250612 0.00622467 12.744 158132 6 5139.06 1.54123 3.86518 2 5 4198.38 3.64013 4.09631 2 15 8.75953 7.38695e-05 2.17905 7 
0.703096 5.93199e-05 -1 0.613247 0.25084 0.00622467 12.8549 158042 6 16993 2.53601 4.34197 2 5 9872.89 9.06745 4.04941 2 15 7.27951 6.87071e-05 2.16275 7 
0.709321 6.02956e-05 -1 0.614803 0.250945 0.00622467 12.9555 158079 7 13516.4 2.33994 3.44651 2 6 7569.35 4.34426 3.46889 2 14 12.7732 5.53017e-05 2.41608 7 
0.715546 6.13158e-05 -1 0.61636 0.251024 0.00622467 13.0519 158168 6 8298.39 2.21441 3.94115 2 5 5287.12 4.36676 4.1363 2 13 9.71285 6.08526e-05 2.51325 7 
0.72177 6.23428e-05 -1 0.617923 0.251065 0.00622467 13.1414 158337 6 5726.26 1.12269 4.14892 3 5 4553.85 3.08098 4.30465 2 12 10.6258 5.28038e-05 2.76678 7 
0.727995 6.30258e-05 -1 0.619483 0.25119 0.00622467 13.2316 158496 6 6103.62 1.94758 3.82545 3 4 5073.8 9.78308 4.77215 3 11 9.7778 5.91003e-05 2.98142 7 
0.73422 6.37248e-05 -1 0.62104 0.251205 0.00622467 13.3128 158760 6 5524.83 2.05972 3.72751 3 4 4556 6.69579 5.10735 3 10 9.15026 7.78031e-05 3.21398 7 
0.740444 6.42919e-05 -1 0.622599 0.251207 0.00622467 13.4068 158868 6 24955.5 1.6208 4.98777 3 4 14481 6.41538 6.89277 3 12 7.81251 6.12985e-05 2.66345 7 
0.746669 6.49244e-05 -1 0.624159 0.25117 0.00622467 13.5498 158401 7 13250.2 2.43827 3.41658 2 5 7435.25 1.83302 5.26776 2 22 12.624 9.38459e-05 1.71051 7 
0.752894 6.56852e-05 -1 0.62572 0.251064 0.00622467 13.673 158172 9 6606.85 2.33799 2.41803 2 5 3740.15 5.41854 3.69659 2 17 11.1404 5.10111e-05 2.06097 7 
0.759118 6.6257e-05 -1 0.627281 0.251022 0.00622467 13.7593 158371 9 5432.2 2.46441 2.3522 2 4 3373.51 7.29758 4.63688 2 11 9.72076 5.04221e-05 3.02316 7 
0.765343 6.68882e-05 -1 0.628837 0.250892 0.00622467 13.8433 158593 7 4385.71 2.55838 2.89741 2 5 3580.38 7.35698 3.44704 2 10 8.67812 3.86778e-05 3.42844 7 
0.771568 6.72615e-05 -1 0.630396 0.250816 0.00622467 13.913 158977 7 5683.59 2.49415 3.01767 2 5 4440.83 7.16691 3.61765 2 8 8.72961 7.97458e-05 4.26492 7 
0.777792 6.78211e-05 -1 0.631952 0.250696 0.00622467 13.9906 159266 10 23329.4 2.54972 2.48967 3 6 13510.6 5.38716 3.68598 2 8 8.82724 2.11221e-05 5.04239 7 
0.784017 6.82707e-05 -1 0.633511 0.250537 0.00622467 14.0758 159466 7 8608.41 2.51672 3.19794 2 6 4864.06 5.18223 3.12906 2 10 10.1848 7.83508e-05 3.24632 6 
0.790242 6.8616e-05 -1 0.635068 0.250426 0.00622467 14.1488 159801 6 7647.81 2.54974 3.79758 2 5 4725.3 5.80777 3.82018 2 10 10.4177 5.41868e-05 3.37589 6 
0.796466 6.9271e-05 -1 0.636621 0.250244 0.00622467 14.22 160153 8 6142.98 2.56381 2.64507 2 5 4230.4 7.7932 3.52317 2 9 8.15148 5.42816e-05 3.7599 6 
0.802691 6.9936e-05 -1 0.638175 0.250066 0.00622467 14.2929 160483 7 4937.19 1.53118 3.17108 3 6 3564.24 3.54364 3.16533 2 9 7.54173 5.5137e-05 3.72109 6 
0.808916 7.05617e-05 -1 0.639728 0.249903 0.00622467 14.3599 160874 6 4310.14 2.45541 3.47318 3 6 2946.16 6.54366 2.76847 2 8 7.18638 9.69009e-05 4.06231 6 
0.81514 7.14339e-05 -1 0.641279 0.249627 0.00622467 14.511 160329 7 20452 2.38482 3.64668 3 6 11764.9 2.70572 4.04003 3 21 9.05639 8.30454e-05 1.73735 7 
0.821365 7.18792e-05 -1 0.642831 0.249397 0.00622467 14.6374 160063 7 10172.1 1.80428 3.43457 4 5 5867.81 8.05294 3.73684 3 18 10.3398 5.53843e-05 1.96264 7 
0.82759 7.22631e-05 -1 0.644378 0.249139 0.00622467 14.7364 160100 5 8344.33 0.792729 6.37461 4 4 5677.04 5.35839 5.70521 3 13 9.21477 4.84849e-05 2.54723 7 
0.833814 7.26443e-05 -1 0.645925 0.248892 0.00622467 14.813 160378 5 6731.64 1.34979 5.48998 4 5 5166.41 3.48351 4.30759 3 9 9.4706 7.10373e-05 3.7105 7 
0.840039 7.31267e-05 -1 0.64747 0.248637 0.00622467 14.8842 160711 5 5616.18 0.982818 5.64149 4 5 4408.77 3.34953 4.20597 3 8 8.56456 6.73675e-05 4.34542 7 
0.846264 7.32883e-05 -1 0.649013 0.24843 0.00622467 14.9653 160936 5 7102.62 1.58987 5.37046 4 5 4164.19 4.47487 3.92419 3 8 7.3854 3.43082e-05 4.64111 7 
0.852488 7.3614e-05 -1 0.650557 0.248115 0.00622467 15.0341 161289 6 13873 1.34873 4.66345 3 6 7924.94 8.29029 3.13861 2 7 10.3699 5.42107e-05 5.68234 7 
0.858713 7.4085e-05 -1 0.652097 0.247831 0.00622467 15.1033 161635 7 9465.88 2.14045 3.31748 2 6 5842.15 5.85552 3.16107 2 7 8.6131 6.1289e-05 5.43747 6 
0.864938 7.47946e-05 -1 0.653633 0.247517 0.00622467 15.1687 162018 6 6173.09 2.35718 3.71266 3 5 4727.61 7.79095 3.60255 2 8 10.6261 5.97406e-05 4.53172 6 
0.871162 7.55911e-05 -1 0.655171 0.247233 0.00622467 15.2404 162331 5 5990.9 1.61054 5.17731 3 5 5000.94 5.63251 3.8875 2 11 9.8914 5.67602e-05 2.99553 5 
0.877387 7.64074e-05 -1 0.656703 0.246895 0.00622467 15.3134 162627 6 6115.3 2.1996 3.74984 2 5 5020.15 4.81383 4.01463 2 10 9.24468 3.6561e-05 3.46966 5 
0.883612 7.70528e-05 -1 0.658236 0.246521 0.00622467 15.4666 162075 7 25192 2.04892 3.83927 2 5 14700.1 8.34974 4.45789 2 27 8.2751 8.55288e-05 1.52987 6 
0.889836 7.75756e-05 -1 0.659766 0.246159 0.00622467 15.6784 160930 7 13711.7 1.74929 3.60013 2 5 7724.92 4.1481 4.50826 2 36 12.548 7.15082e-05 1.39853 7 
0.896061 7.83146e-05 -1 0.661295 0.245806 0.00622467 15.8269 160456 7 7275.47 2.3288 3.1568 2 4 4197.7 6.31497 5.07762 2 23 11.3145 6.68352e-05 1.68784 7 
0.902286 7.92534e-05 -1 0.66282 0.245438 0.00622467 15.9341 160405 7 6207.84 2.37076 3.07817 2 4 4015.94 4.99744 5.32427 2 15 9.11671 5.23916e-05 2.23548 7 
0.90851 8.02332e-05 -1 0.664343 0.245074 0.00622467 16.0315 160452 7 4877.19 2.21465 3.00298 2 4 3360.02 3.93298 5.40636 2 14 8.77151 6.62185e-05 2.32201 7 
0.914735 8.11226e-05 -1 0.665863 0.244746 0.00622467 16.1349 160439 5 4956.72 1.88294 4.83138 2 4 3662.12 3.79181 5.5747 2 15 7.76965 5.99328e-05 2.19204 7 
0.92096 8.17804e-05 -1 0.667383 0.244324 0.00622467 16.2422 160388 7 20272.1 2.2611 3.6699 2 4 11791.5 5.51616 6.7996 2 16 8.83473 5.23288e-05 2.12186 7 
0.927184 8.2653e-05 -1 0.668899 0.24395 0.00622467 16.3542 160292 9 10209.9 2.147 2.56198 2 5 5827.98 2.1098 4.87815 2 15 9.44725 6.99191e-05 2.1981 7 
0.933409 8.34094e-05 -1 0.670415 0.243525 0.00622467 16.4572 160284 7 8435.88 1.45822 3.44725 2 5 5505.25 5.24934 4.01915 2 15 8.99331 7.58315e-05 2.17907 7 
0.939634 8.41782e-05 -1 0.671926 0.243164 0.00622467 16.5618 160261 7 7124.85 1.96882 3.22379 2 5 5289.63 5.9521 3.88822 2 14 9.12123 6.1048e-05 2.34206 7 
0.945858 8.53007e-05 -1 0.673434 0.242771 0.00622467 16.6558 160340 7 5633.29 2.15474 3.07748 2 5 4329.53 6.14071 3.71231 2 13 9.14521 7.16988e-05 2.47027 7 
0.952083 8.64815e-05 -1 0.67494 0.242351 0.00622467 16.7495 160421 7 5148.04 2.07994 3.05351 2 5 3504.32 6.29066 3.54145 2 12 7.36502 6.61271e-05 2.6337 7 
0.958308 8.76321e-05 -1 0.676444 0.241972 0.00622467 16.9035 159929 10 14040.8 1.83375 2.44571 3 5 8249.81 7.12594 4.0994 2 24 9.65061 6.74365e-05 1.63991 7 
0.964532 8.83693e-05 -1 0.677946 0.241544 0.00622467 17.0304 159700 8 10435.4 2.0726 2.90235 2 5 6325.72 5.33339 4.11928 2 19 10.5703 6.01639e-05 1.88816 7 
0.970757 8.88143e-05 -1 0.679448 0.241167 0.00622467 17.1281 159745 7 6399.51 1.95784 3.17726 2 5 4778.96 4.64976 4.00295 2 13 10.61 4.34241e-05 2.59693 7 
0.976982 8.94615e-05 -1 0.680944 0.240773 0.00622467 17.2084 159951 7 6109.61 0.769236 3.60692 2 5 5085.36 4.50762 4.07826 2 10 9.89001 6.82159e-05 3.28194 7 
0.983207 9.00502e-05 -1 0.682438 0.240427 0.00622467 17.28 160237 6 6084.36 1.98875 3.81012 2 5 5020.43 4.1582 4.13397 2 9 9.30321 4.3927e-05 3.90631 7 
0.989431 9.09687e-05 -1 0.683928 0.239928 0.00622467 17.3484 160550 6 24316.2 2.53963 4.60809 2 6 14219.5 3.96024 3.91316 2 8 8.37112 7.48686e-05 4.27622 7 
0.995656 9.18078e-05 -1 0.685418 0.239557 0.00622467 17.426 160775 6 14219.2 1.58928 4.5563 2 6 8025.59 4.893 3.43413 2 11 12.603 7.48701e-05 2.98611 6 
1.00188 9.26715e-05 -1 0.686905 0.239138 0.00622467 17.5076 160961 7 7585.59 1.49307 3.38388 2 5 4388.28 4.09581 4.03637 2 10 11.1694 9.82799e-05 3.203 6 
1.00811 9.33652e-05 -1 0.688391 0.238784 0.00622467 17.581 161222 6 6369.49 1.68866 3.94542 3 4 4139.29 5.17817 5.31725 3 10 11.9908 4.62179e-05 3.47859 6 
1.01433 9.41727e-05 -1 0.689872 0.238354 0.00622467 17.6637 161394 6 5207.08 0.529627 4.62847 3 4 3598.41 4.37261 5.35602 3 11 9.95392 4.23109e-05 3.07838 6 
1.02055 9.46834e-05 -1 0.691352 0.237991 0.00622467 17.7362 161658 5 4081.14 1.7502 4.71562 3 4 2989.8 5.09807 4.92106 3 10 12.2704 4.08964e-05 3.52953 6 
1.02678 9.51851e-05 -1 0.692827 0.23761 0.00622467 17.8724 161343 5 20468.8 1.62452 6.60805 3 4 11912 4.56633 7.14669 3 21 8.73292 6.25722e-05 1.75788 7 
1.033 9.58487e-05 -1 0.694301 0.237208 0.00622467 18.0036 161077 6 10492.1 2.56255 3.99974 2 4 5988.94 9.76631 4.97628 2 20 9.53499 9.40876e-05 1.77946 7 
1.03923 9.66063e-05 -1 0.695773 0.23677 0.00622467 18.1031 161097 7 8823.13 1.77243 3.37404 2 5 5781.68 4.67036 4.15471 2 14 8.70265 7.79275e-05 2.29387 7 
1.04545 9.74325e-05 -1 0.697244 0.236351 0.00622467 18.1797 161319 7 7114.16 1.84579 3.25295 2 4 5369.61 9.61344 4.86145 2 10 10.3401 5.09491e-05 3.39421 7 
1.05168 9.82795e-05 -1 0.698709 0.235957 0.00622467 18.2553 161549 7 6087.62 1.88809 3.17105 2 4 4766.88 8.59654 4.85263 2 9 12.4951 3.70206e-05 4.11391 7 
1.0579 9.91098e-05 -1 0.700175 0.235574 0.00622467 18.3219 161856 7 5433.98 1.98989 3.0967 2 4 3715.84 10.2928 4.35894 2 8 12.1077 5.93294e-05 4.61024 7 
1.06413 9.99938e-05 -1 0.701636 0.235132 0.00622467 18.3952 162102 9 14045.2 1.96561 2.68056 3 5 8083.85 3.8147 4.62628 2 8 13.0724 2.60324e-05 5.15947 7 
1.07035 0.000100456 -1 0.703096 0.234668 0.00622467 18.4671 162357 8 9669.22 2.25131 2.84524 2 5 5910.39 8.13539 3.73463 2 8 8.61125 9.26608e-05 4.17851 6 
1.07658 0.000100528 -1 0.704553 0.234285 0.00622467 18.548 162533 11 5660.75 2.22573 2.03977 2 5 4066.06 8.12492 3.46634 3 9 10.6039 6.09456e-05 3.82191 6 
1.0828 0.000100623 -1 0.706008 0.233889 0.00622467 18.623 162758 9 5071.17 2.43281 2.33764 2 5 4321.21 9.95764 3.36891 3 8 9.56168 7.21168e-05 4.3683 6 
1.08903 0.000100862 -1 0.707458 0.233516 0.00622467 18.6998 162966 8 6080.88 2.10612 2.70745 2 5 4964.28 10.0708 3.45588 3 11 10.6105 4.70057e-05 3.06683 5 
1.09525 0.00010136 -1 0.708909 0.233208 0.00622467 18.8395 162627 12 25776.1 1.77874 2.22208 4 6 15088.1 10.1627 3.37757 2 21 12.9124 7.14758e-05 1.77961 6 
1.10148 0.000101757 -1 0.710356 0.232825 0.00622467 18.9937 162169 8 12947.1 2.29975 2.94315 3 8 7285.39 6.35234 2.41235 2 23 12.2745 5.92823e-05 1.70268 7 
1.1077 0.00010206 -1 0.711803 0.232451 0.00622467 19.1082 162055 9 7990.28 2.20092 2.48628 2 5 4721.43 8.55414 3.53492 2 15 14.6212 5.7271e-05 2.29335 7 
1.11392 0.000102336 -1 0.713246 0.232098 0.00622467 19.1888 162228 7 6877.66 0.817336 3.63681 2 6 4640.53 5.46034 3.07769 2 10 15.9447 4.4222e-05 3.59499 7 
1.12015 0.000102671 -1 0.714688 0.231684 0.00622467 19.2693 162400 7 5457.39 1.9044 3.1181 3 5 3880.99 7.62989 3.47764 3 9 10.9637 4.24023e-05 3.99389 7 
1.12637 0.000102981 -1 0.716124 0.231294 0.00622467 19.3428 162631 8 4328.7 2.49303 2.5407 2 5 3233.8 4.85789 3.66989 3 8 7.34214 7.82384e-05 4.1836 7 
1.1326 0.000103388 -1 0.71756 0.231081 0.00622467 19.4339 162711 7 20822.5 2.33481 3.66713 2 6 12099.6 4.38012 3.74582 2 11 10.1853 4.88224e-05 3.04493 7 
1.13882 0.000104095 -1 0.718994 0.230681 0.00622467 19.5367 162693 6 11250.9 2.22584 4.14269 2 6 6503.99 3.90846 3.44241 2 14 12.7374 7.78469e-05 2.35731 7 
1.14505 0.000105059 -1 0.720427 0.230351 0.00622467 19.6498 162591 7 8507.89 1.74583 3.36381 2 5 5725.13 5.91124 3.95568 2 16 12.405 7.28338e-05 2.12302 7 
1.15127 0.000105905 -1 0.721856 0.229898 0.00622467 19.7648 162474 6 7205.32 1.84361 3.96884 3 5 5627.09 4.24589 4.21175 2 17 9.76926 6.10734e-05 2.02357 7 
1.1575 0.000105824 -1 0.723286 0.229657 0.00622467 19.8813 162346 5 6175.64 1.15864 5.56349 3 5 5005.85 4.16273 4.13066 2 17 13.5663 7.0452e-05 2.04577 7 
1.16372 0.000105996 -1 0.724709 0.229252 0.00622467 20.0031 162177 6 7552.74 1.64101 4.07849 2 5 4454.96 3.16333 4.26324 2 17 17.9193 7.48596e-05 2.07213 7 
1.16995 0.000106259 -1 0.726134 0.228988 0.00622467 20.2058 161361 7 15142.5 1.78397 3.64132 2 5 8729.89 5.85376 4.31236 2 34 14.6632 7.10142e-05 1.43324 7 
1.17617 0.000106847 -1 0.727556 0.228666 0.00622467 20.3622 160926 7 7803.51 1.7714 3.31564 2 4 4881.63 8.28223 4.92725 2 26 9.13488 8.50299e-05 1.56137 7 
1.1824 0.000107606 -1 0.728976 0.228426 0.00622467 20.4698 160880 5 6018.81 2.09341 4.91735 2 4 3584.52 3.79845 5.54251 2 16 11.7403 9.52897e-05 2.08049 7 
1.18862 0.00010867 -1 0.730392 0.228072 0.00622467 20.5698 160894 7 5016.66 1.80912 3.10348 2 4 3255.71 4.09944 5.3086 2 14 10.2469 4.78438e-05 2.40309 7 
1.19485 0.000109767 -1 0.731809 0.227862 0.00622467 20.6622 160968 5 5184.52 2.36685 4.65701 2 4 4132.04 5.71185 5.18617 2 13 8.31418 4.82428e-05 2.52813 7 
1.20107 0.000110791 -1 0.73322 0.227464 0.00622467 20.7479 161093 6 26921 1.97633 4.88696 2 4 15776.7 5.83997 7.20943 2 12 13.9047 5.15348e-05 2.83523 7 
1.20729 0.00011166 -1 0.734633 0.227135 0.00622467 20.8356 161201 7 9394.97 2.56398 3.22954 2 5 5277.97 4.51211 4.10788 2 11 13.6725 5.2251e-05 3.1083 7 
1.21352 0.000112509 -1 0.736044 0.226855 0.00622467 20.9129 161389 6 8660.89 1.92677 4.06246 2 5 5280.76 4.27698 4.15252 2 10 18.6558 5.55724e-05 3.5694 7 
1.21974 0.000113427 -1 0.737455 0.226666 0.00622467 20.9892 161583 6 7109.95 1.79649 3.97716 2 5 5024.6 4.47089 4.07513 2 10 17.8235 5.71113e-05 3.54346 7 
1.22597 0.000114299 -1 0.73886 0.226351 0.00622467 21.07 161740 6 5941.22 1.28737 4.08033 2 5 4421.82 4.37535 3.98949 2 10 10.1292 3.20434e-05 3.548 7 
1.23219 0.00011509 -1 0.740265 0.226096 0.00622467 21.1419 161966 6 4558.92 1.50053 3.80571 2 5 3506.41 3.70574 3.93729 2 9 9.63023 6.77008e-05 3.73732 7 
1.23842 0.000115851 -1 0.741667 0.225805 0.00622467 21.3014 161522 8 20561.4 1.98463 3.1763 3 5 11947.8 5.03988 4.73123 2 25 8.93776 6.64357e-05 1.60381 7 
1.24464 0.000116379 -1 0.74307 0.225517 0.00622467 21.4324 161299 5 11334.9 2.24983 5.50115 3 5 6642.72 4.52233 4.29929 2 20 10.0362 6.45715e-05 1.81793 7 
1.25087 0.000116725 -1 0.744469 0.225337 0.00622467 21.5284 161341 6 7769.47 1.42393 4.19582 2 5 5437.34 3.47101 4.35498 2 13 11.4003 9.77014e-05 2.45341 7 
1.25709 0.000117343 -1 0.745869 0.225034 0.00622467 21.6088 161499 6 6309.63 2.06619 3.80895 2 5 5141.93 3.20626 4.37548 2 10 14.4065 9.12569e-05 3.31001 7 
1.26332 0.000118147 -1 0.747265 0.224769 0.00622467 21.6933 161625 6 6352.17 2.15767 3.78579 2 5 5258.57 3.52053 4.31372 2 13 16.9381 4.90533e-05 2.66695 6 
1.26954 0.000118979 -1 0.748661 0.224547 0.00622467 21.7717 161795 6 12380.6 2.34309 4.17342 2 5 7299.33 6.45959 4.07958 2 11 20.5195 6.10215e-05 3.17999 6 
1.27577 0.000119959 -1 0.750054 0.224377 0.00622467 21.8704 161814 6 16241 2.05947 4.46145 2 6 9341.07 3.74814 3.68211 2 18 25.1723 6.9251e-05 2.03665 5 
1.28199 0.000120968 -1 0.75145 0.224113 0.00622467 21.9636 161874 6 7354.63 1.65591 4.05435 2 5 4198.56 3.47826 4.13378 2 17 11.7566 9.74707e-05 1.99024 5 
1.28822 0.000121893 -1 0.752841 0.223904 0.00622467 22.0558 161940 6 6537.76 1.22834 4.17848 3 5 4117.57 2.80469 4.29884 2 15 9.57364 6.91994e-05 2.20157 5 
1.29444 0.000122369 -1 0.754232 0.223801 0.00622467 22.1405 162060 5 5265.61 2.21037 4.73584 3 4 3544.32 9.74394 4.36716 3 15 8.92532 7.10149e-05 2.18752 5 
1.30066 0.000122904 -1 0.755618 0.223557 0.00622467 22.2383 162084 6 4240.07 1.87567 3.62273 2 4 2992.17 4.14438 5.1836 3 17 11.0999 9.36543e-05 1.98819 5 
1.30689 0.000123557 -1 0.757007 0.223339 0.00622467 22.4804 161067 8 24340.5 2.4442 3.16063 2 4 14272.5 5.44244 7.15611 3 47 14.1185 9.70636e-05 1.28779 6 
1.31311 0.000124126 -1 0.758392 0.223126 0.00622467 22.6345 160695 8 10240.6 1.60681 2.98913 3 4 5845.6 7.68205 5.25216 2 24 17.4996 7.02968e-05 1.67817 7 
1.31934 0.000124615 -1 0.759779 0.222964 0.00622467 22.7345 160709 5 8838.04 2.18809 5.2633 2 4 5555.33 9.18228 4.95952 2 15 20.104 7.00925e-05 2.31122 7 
1.32556 0.000125201 -1 0.761162 0.222784 0.00622467 22.8209 160818 9 7466.94 2.3609 2.44848 2 5 5488.99 1.74352 5.00741 2 10 14.5707 7.0264e-05 3.40153 7 
1.33179 0.000125699 -1 0.762548 0.222618 0.00622467 22.9097 160910 8 6091.47 1.79623 2.76245 3 5 4738.44 2.42168 4.55307 2 13 23.3137 5.45572e-05 2.71104 6 
1.33801 0.00012618 -1 0.763928 0.222504 0.00622467 23.0222 160835 5 4944.68 2.27982 4.6478 3 5 3919.07 3.20433 4.14466 2 21 38.4743 6.68048e-05 1.88063 5 
1.34424 0.000126821 -1 0.76531 0.222308 0.00622467 23.1241 160835 7 17478 2.19057 3.60927 4 5 10174.6 3.55778 4.91211 2 18 16.5656 6.86438e-05 1.99083 5 
1.35046 0.000127267 -1 0.76669 0.222173 0.00622467 23.2126 160928 6 11122.3 1.59008 4.37317 3 5 6641.4 7.00954 3.93835 2 14 9.99196 5.73084e-05 2.36803 5 
1.35669 0.000127659 -1 0.768072 0.222111 0.00622467 23.288 161110 5 6033.48 2.01734 4.9563 3 6 4448.04 3.75562 3.25273 2 12 12.5703 8.99981e-05 2.68386 5 
1.36291 0.000128267 -1 0.769449 0.22187 0.00622467 23.3675 161263 6 5166.27 1.86147 3.74875 4 6 4384.49 6.84809 2.93579 2 12 16.7592 4.69936e-05 2.90191 5 
1.36914 0.000128511 -1 0.770827 0.221873 0.00622467 23.4471 161414 5 6214.24 1.96618 5.01133 4 7 4862.05 2.28235 2.98876 2 11 18.9239 6.53478e-05 3.13708 5 
1.37536 0.000128854 -1 0.772201 0.221721 0.00622467 23.5447 161442 5 19637.6 1.28993 6.86285 4 7 11604.5 8.10247 2.82396 2 16 15.3557 5.84775e-05 2.18125 5 
1.38159 0.000129248 -1 0.77358 0.221535 0.00622467 23.7063 161032 7 15510.1 1.91123 3.61802 4 6 8864.8 6.88974 3.29795 3 25 20.854 5.84479e-05 1.66762 7 
1.38781 0.00012958 -1 0.774955 0.221503 0.00622467 23.8235 160927 5 7918.35 0.934072 6.10451 4 6 4602.25 1.93063 3.65493 3 16 19.0289 4.99044e-05 2.2327 7 
1.39403 0.000129968 -1 0.776332 0.221319 0.00622467 23.9342 160868 5 6801.15 1.58711 5.32593 4 5 4478.93 7.45646 3.59524 3 18 28.6094 6.22838e-05 2.0633 6 
1.40026 0.000130134 -1 0.777705 0.221298 0.00622467 24.1009 160435 5 5660.31 1.10085 5.52361 4 5 3966.21 2.57471 4.3404 3 30 48.6455 6.18587e-05 1.57225 6 
1.40648 0.000130077 -1 0.779081 0.221272 0.00622467 24.2545 160094 5 4389.45 2.00799 4.65511 4 5 3204.53 0.605178 5.55618 4 25 39.3398 7.27045e-05 1.69563 7 
1.41271 0.000129933 -1 0.780452 0.221217 0.00622467 24.3794 159946 7 22284 2.38583 3.69142 3 5 13075.5 8.92991 4.29658 3 18 14.9944 7.6646e-05 1.96775 7 
1.41893 0.000129766 -1 0.781827 0.221149 0.00622467 24.5117 159752 6 10746.4 2.5542 4.01792 3 5 6164.46 9.06567 3.68552 3 19 14.0841 6.09557e-05 1.91558 7 
1.42516 0.000129666 -1 0.783197 0.221101 0.00622467 24.6439 159559 7 9018.77 2.35284 3.2504 2 6 5816.41 7.3972 3.03807 2 19 16.4795 9.96485e-05 1.88216 7 
1.43138 0.000129606 -1 0.784572 0.220989 0.00622467 24.765 159441 7 7168.06 1.2838 3.42982 3 5 5451.4 8.57398 3.63635 2 18 12.7738 8.64817e-05 1.93726 7 
1.43761 0.000129331 -1 0.785942 0.220923 0.00622467 24.8983 159245 8 6965.18 1.8087 2.8067 3 5 5149.19 8.25379 3.62257 2 18 16.8361 5.59167e-05 2.01545 7 
1.44383 0.000128709 -1 0.787314 0.220926 0.00622467 25.0145 159160 7 5063.74 2.45181 2.97556 3 5 4094.43 10.1749 3.31843 2 16 22.487 9.83746e-05 2.16242 7 
1.45006 0.000127968 -1 0.788683 0.220812 0.00622467 25.2259 158476 9 15219.3 2.48243 2.63533 2 5 9007.46 8.43901 4.03331 2 35 28.6909 7.66611e-05 1.44289 7 
1.45628 0.00012707 -1 0.790056 0.2208 0.00622467 25.391 158091 6 9935.99 1.46779 4.34935 2 5 6003.39 4.50144 4.21705 2 28 30.2719 7.59388e-05 1.58497 7 
1.46251 0.000127068 -1 0.791427 0.220781 0.00622467 25.5152 157963 7 5942 1.55036 3.25034 2 5 3520.97 4.918 3.7237 2 18 48.6741 5.55471e-05 2.13868 7 
1.46873 0.000127749 -1 0.792801 0.220765 0.00622467 25.6088 158026 6 4953.59 1.38326 3.91143 2 4 3430.72 7.60203 4.60908 2 13 45.591 7.93487e-05 2.77349 7 
1.47496 0.000128638 -1 0.794169 0.22074 0.00622467 25.693 158146 6 6482.64 0.987074 4.32747 2 4 6255.7 9.44712 5.07276 2 12 20.2321 9.75622e-05 2.77372 7 
1.48118 0.000129488 -1 0.79554 0.220749 0.00622467 25.7791 158253 7 21990.1 1.79821 3.8363 2 4 13017.4 9.63331 6.063 2 12 13.5272 4.24497e-05 2.87482 7 
1.4874 0.000130337 -1 0.796909 0.220736 0.00622467 25.8699 158331 9 14501.2 1.60254 2.75183 2 5 8275.65 6.13644 4.22646 2 11 14.883 7.32495e-05 3.03763 7 
1.49363 0.000130925 -1 0.798283 0.220689 0.00622467 25.9461 158497 6 8180.48 2.42757 3.87199 2 5 4822.61 4.55384 4.02699 2 10 18.6769 9.8783e-05 3.37025 7 
1.49985 0.000131601 -1 0.799651 0.220706 0.00622467 26.0285 158625 7 7156.55 2.14037 3.18757 2 5 4875.8 6.38338 3.77224 2 10 22.6359 5.9e-05 3.61738 7 
1.50608 0.000132528 -1 0.801024 0.220743 0.00622467 26.1091 158763 8 8178.49 1.76016 2.87336 2 5 4186.2 7.20254 3.57163 2 10 28.9805 6.51805e-05 3.67112 7 
1.5123 0.000133448 -1 0.802392 0.220763 0.00622467 26.189 158904 8 7124.31 2.14809 2.75478 2 5 3477.69 6.53289 3.50943 2 10 34.1986 3.83196e-05 3.93603 7 
1.51853 0.000134404 -1 0.803764 0.220796 0.00622467 26.3283 158686 10 20615 2.4912 2.46478 2 6 12137.9 4.33257 3.75462 2 20 36.8485 8.09545e-05 1.91827 7 
1.52475 0.000135025 -1 0.805135 0.220815 0.00622467 26.4686 158463 9 11285.3 1.83152 2.63681 2 5 6544.36 7.13038 3.91337 2 21 28.7684 7.22082e-05 1.84792 7 
1.53098 0.000135386 -1 0.80651 0.220868 0.00622467 26.5694 158479 7 8612.28 2.42544 3.21506 2 5 5682.15 3.78251 4.31864 2 14 15.4815 9.93437e-05 2.34912 7 
1.5372 0.000135926 -1 0.807879 0.220906 0.00622467 26.6565 158575 7 7063.75 1.56503 3.32716 2 5 5499.05 4.2976 4.18227 2 11 15.4647 3.41877e-05 3.26688 7 
1.54343 0.00013664 -1 0.809253 0.220977 0.00622467 26.7299 158753 7 6244.42 1.3953 3.32312 2 5 5125.88 3.71743 4.24527 2 9 15.3954 6.18267e-05 3.97722 7 
1.54965 0.000137447 -1 0.810624 0.221014 0.00622467 26.7973 158965 7 5369.29 1.75332 3.14781 2 4 4399.42 9.69882 4.61497 2 8 18.0514 6.41421e-05 4.79922 7 
1.55588 0.000137822 -1 0.811999 0.221079 0.00622467 26.8718 159134 9 13955.3 1.64253 2.73263 2 6 8147.26 4.28998 3.51906 2 8 23.1975 3.22371e-05 5.39679 7 
1.5621 0.000138032 -1 0.813371 0.221146 0.00622467 26.943 159322 7 9049.41 1.64905 3.42135 2 6 5545.1 7.7956 2.98774 2 8 28.4793 3.37701e-05 5.5049 7 
1.56833 0.000138356 -1 0.814747 0.221226 0.00622467 27.022 159462 7 6085.26 2.21491 3.09938 2 6 4326.12 6.14661 2.98248 2 9 27.7556 3.74856e-05 4.48916 7 
1.57455 0.000138503 -1 0.816119 0.221299 0.00622467 27.1025 159593 7 6790.36 1.41347 3.35694 3 5 3654.34 3.37076 4.04591 3 9 26.9536 4.2762e-05 4.40956 7 
1.58077 0.000138686 -1 0.817496 0.221406 0.00622467 27.1788 159748 5 9707.95 2.18472 5.36471 3 4 3685.48 7.38867 4.72587 3 11 43.982 9.47096e-05 3.2747 6 
1.587 0.000138953 -1 0.818869 0.221455 0.00622467 27.3769 159191 6 23795.6 2.17076 4.71318 3 5 14098.1 3.73349 5.19289 2 43 59.5445 9.40661e-05 1.36432 5 
1.59322 0.000139096 -1 0.820248 0.221637 0.00622467 27.5427 158827 6 13193.1 2.10843 4.2927 2 5 7495.34 6.13271 4.14408 2 28 75.0903 7.53132e-05 1.63772 7 
1.59945 0.000139689 -1 0.821623 0.221715 0.00622467 27.7404 158286 8 8511.42 2.08909 2.82654 2 5 5065.65 7.25345 3.70526 2 37 47.9637 8.12244e-05 1.43212 6 
1.60567 0.000140284 -1 0.823003 0.221824 0.00622467 27.8458 158275 8 8184.71 2.14434 2.80358 2 5 7464.23 3.42142 4.65324 2 17 21.6527 7.04051e-05 2.1029 6 
1.6119 0.000140767 -1 0.824379 0.221947 0.00622467 27.936 158351 7 7100.32 2.31703 3.14811 2 5 5353.67 3.86979 4.24808 2 14 23.0437 7.46463e-05 2.46667 6 
1.61812 0.000141443 -1 0.82576 0.222063 0.00622467 28.0267 158423 8 6857.49 2.44552 2.69758 2 5 7263.14 3.38321 4.6383 2 13 24.4011 4.19707e-05 2.77601 6 
1.62435 0.000142132 -1 0.827137 0.222172 0.00622467 28.1096 158538 10 20137.1 2.28072 2.4808 2 5 11865.2 5.22393 4.69089 2 11 24.8174 7.47088e-05 3.17646 6 
1.63057 0.000142649 -1 0.82852 0.22231 0.00622467 28.186 158690 10 11265.8 2.14168 2.35559 2 4 6556.38 10.1917 5.03622 2 10 31.1281 4.25766e-05 3.85832 6 
1.6368 0.0001434 -1 0.829898 0.22242 0.00622467 28.2588 158861 7 8568.64 1.95117 3.31416 2 5 5730.6 3.85727 4.30908 2 10 39.1836 5.24465e-05 3.86668 6 
1.64302 0.000144053 -1 0.831282 0.222548 0.00622467 28.3523 158915 7 7010.89 2.52869 3.10341 2 5 5337.33 3.11365 4.43416 2 16 39.6441 5.40959e-05 2.32575 5 
1.64925 0.000144894 -1 0.832663 0.222678 0.00622467 28.4917 158712 7 6377.19 2.24735 3.11372 3 5 6471.06 2.47722 4.82394 2 33 66.3003 8.67121e-05 1.5076 4 
1.65547 0.00014582 -1 0.834049 0.222834 0.00622467 28.6239 158552 8 9036.91 1.88184 2.88523 3 5 5222.31 5.67844 3.91495 2 29 88.3187 9.06084e-05 1.60884 4 
1.6617 0.000146775 -1 0.835431 0.222947 0.00622467 28.7935 158187 8 14419.5 2.15606 3.00719 3 6 8446.74 2.66379 3.83293 2 28 106.306 7.37048e-05 1.65946 7 
1.66792 0.000147144 -1 0.836819 0.223072 0.00622467 29.0142 157548 8 9723.43 2.23998 2.84903 3 6 5191.37 2.06399 3.68776 2 40 85.2806 9.16676e-05 1.40999 6 
1.67415 0.000147255 -1 0.838203 0.223248 0.00622467 29.1618 157313 7 8655.59 2.25102 3.25185 4 6 7483.21 2.98283 3.68618 2 27 47.7167 7.37874e-05 1.64139 6 
1.68037 0.000147742 -1 0.839593 0.22338 0.00622467 29.2627 157330 5 11086.7 1.11518 6.30218 4 6 9874.54 4.83814 3.56156 2 15 37.633 4.73703e-05 2.47365 6 
1.68659 0.000147958 -1 0.840979 0.223556 0.00622467 29.3488 157427 5 10336.7 0.965058 6.39685 3 5 7668.21 4.6038 4.40875 3 13 41.1789 6.65064e-05 2.78948 6 
1.69282 0.000148585 -1 0.84237 0.223723 0.00622467 29.4339 157528 8 23308.1 1.86687 3.25124 2 5 13828.4 7.10938 4.54766 3 11 37.738 3.77856e-05 3.51079 6 
1.69904 0.000149394 -1 0.843759 0.223883 0.00622467 29.5154 157648 7 13157.2 2.48947 3.40303 2 6 8593.26 4.96087 3.46551 2 12 48.6007 6.00317e-05 3.1071 5 
1.70527 0.000150428 -1 0.845152 0.224012 0.00622467 29.6465 157504 6 13500.5 1.63352 4.49646 2 5 7671.1 6.39064 4.12917 2 30 60.2615 7.04447e-05 1.57667 4 
1.71149 0.00015114 -1 0.846542 0.224165 0.00622467 29.776 157369 6 7331.79 1.38651 4.17396 3 5 7169.01 4.64863 4.34137 2 24 56.9935 7.69024e-05 1.75622 6 
1.71772 0.000151761 -1 0.847937 0.224374 0.00622467 29.9743 156875 6 5941.8 1.35013 4.04815 3 5 4949.62 4.07759 4.13841 2 37 68.3794 7.73926e-05 1.4478 6 
1.72394 0.000152416 -1 0.849328 0.224481 0.00622467 30.1441 156534 7 10532.7 1.9138 3.42277 2 5 8121.81 5.02655 4.38204 2 29 61.5847 4.65249e-05 1.62591 7 
1.73017 0.000152457 -1 0.850726 0.224659 0.00622467 30.3106 156215 7 20025.4 1.56358 3.86171 2 5 11847.9 7.34929 4.38005 2 27 73.3865 8.86528e-05 1.65647 7 
1.73639 0.000152593 -1 0.852122 0.224865 0.00622467 30.4899 155834 6 11444.6 2.43724 4.09214 2 5 7609.81 5.47254 4.25243 2 30 65.6716 8.81734e-05 1.5694 7 
1.74262 0.000153519 -1 0.853522 0.225043 0.00622467 30.6441 155584 8 8927.75 1.91953 2.87371 2 5 6854.68 5.44099 4.16929 2 23 74.0971 5.64283e-05 1.84507 7 
1.74884 0.000154309 -1 0.854918 0.225222 0.00622467 30.7819 155420 8 11703.3 2.17173 2.9271 2 4 6319.76 10.2068 4.9883 2 22 74.8041 9.38708e-05 1.85458 7 
1.75507 0.000154998 -1 0.85632 0.225375 0.00622467 30.916 155276 5 9070.64 2.41124 5.18895 2 5 7594.82 5.55274 4.2384 2 22 90.9478 7.62264e-05 1.88892 7 
1.76129 0.00015567 -1 0.857718 0.225582 0.00622467 31.0546 155111 8 9415.89 1.91811 2.89317 2 5 9095.65 6.92164 4.2046 2 21 91.2484 8.30341e-05 1.93939 7 
1.76752 0.000156491 -1 0.859122 0.225766 0.00622467 31.1857 154984 7 13890.9 2.16916 3.49766 2 4 8222.78 9.63813 5.40451 2 21 110.774 7.48985e-05 1.96702 7 
1.77359 0.000157274 -1 0.86049 0.225951 0.00607135 31.3106 154889 6 9944.27 2.70782 3.92788 2 5 9157.43 8.66673 4.02516 2 19 124.219 7.37481e-05 2.1267 7 
1.77966 0.000158158 -1 0.861863 0.226108 0.00607135 31.4307 154818 6 12836.3 1.41903 4.56465 2 5 12060.9 9.60219 4.16679 2 18 131.332 8.35969e-05 2.20919 7 
1.78576 0.000158656 -1 0.863238 0.226249 0.00610171 31.5553 154726 8 8424.18 1.76118 2.8838 2 6 6927.41 6.56184 3.19098 2 18 142.331 4.51406e-05 2.29636 7 
1.79186 0.000159432 -1 0.864618 0.226369 0.00610171 31.6715 154676 7 17204.4 1.64236 3.75241 2 5 9776.8 7.85815 4.15887 2 17 173.988 5.5722e-05 2.41007 7 
1.79796 0.000160155 -1 0.865994 0.22655 0.00610171 31.7861 154634 8 14274.7 2.67878 2.923 2 5 9345.73 5.73277 4.38985 2 16 216.683 7.41667e-05 2.53572 7 
1.8041 0.0001609 -1 0.867384 0.226691 0.00613284 31.9331 154435 9 15569.7 2.60282 2.62814 2 5 8976.93 7.94449 4.07955 2 23 180.645 8.09648e-05 1.88809 7 
1.81023 0.000161336 -1 0.868771 0.226863 0.00613284 32.0447 154408 7 13098.4 2.44371 3.40987 2 4 12604.5 9.87264 5.97755 2 17 155.486 8.63866e-05 2.33322 7 
1.81636 0.000162027 -1 0.870165 0.227009 0.00613284 32.1491 154417 10 22254.4 2.0123 2.5373 2 5 19743.4 8.58674 4.70239 2 14 178.663 9.78456e-05 2.80059 7 
1.82249 0.000162593 -1 0.871553 0.227161 0.00613284 32.2491 154446 7 16873.2 2.21954 3.58442 2 6 17238.8 8.66494 3.54642 2 14 187.448 7.5025e-05 2.86402 7 
1.82863 0.000163182 -1 0.872946 0.227304 0.00613284 32.3554 154445 8 14368.1 1.68892 3.09902 3 7 13095.2 6.9555 2.93648 2 14 200.265 4.67854e-05 2.97631 7 
1.83476 0.000163714 -1 0.874334 0.22742 0.00613284 32.4491 154503 5 25927.8 1.4225 7.11448 3 6 15330 6.92578 3.61004 2 13 211.594 7.44903e-05 3.13629 7 
1.84074 0.000164082 -1 0.875694 0.227598 0.00597559 32.5517 154520 9 17036.7 1.54725 2.81249 3 6 10650.6 6.29635 3.45182 2 13 231.346 3.50834e-05 3.34619 7 
1.84626 0.000164145 -1 0.876948 0.22781 0.00552031 32.6565 154526 5 13352.3 2.47804 5.57557 3 6 13670.5 6.62339 3.56821 2 17 210.861 7.24836e-05 2.40005 6 
1.85152 0.000164216 -1 0.87815 0.227956 0.00526824 32.7608 154534 5 15679.5 2.15391 5.92135 3 5 16104.9 6.97416 4.70645 2 16 139.714 4.38014e-05 2.54967 6 
1.85587 0.000164299 -1 0.879141 0.228114 0.00435029 32.8425 154648 5 13424.1 4.0108 5.0691 3 5 13355.6 20.1502 3.66671 2 11 67.4755 8.8352e-05 3.42619 6 
1.86024 0.000164365 -1 0.880138 0.228243 0.00436689 32.9283 154743 5 14605.1 3.73137 5.2303 3 6 17269.3 17.6848 3.14977 2 11 70.8211 8.12794e-05 3.4675 6 
1.86475 0.000164762 -1 0.881164 0.228253 0.00450498 33.0094 154859 5 13683.9 3.56748 5.20918 2 5 18109.2 9.11342 4.56713 2 12 82.8131 5.02636e-05 3.29663 6 
1.86936 0.000164985 -1 0.882216 0.228324 0.00461485 33.0895 154979 6 17784.1 3.97424 4.05941 2 5 14075.8 4.70662 4.95624 2 12 106.533 6.84074e-05 3.28119 6 
1.87407 0.000165058 -1 0.883289 0.228413 0.004711 33.2398 154772 6 13093.2 3.97273 3.85768 2 5 11768.1 5.72741 4.59779 2 27 131.342 7.58733e-05 1.70235 6 
1.87888 0.000165411 -1 0.884389 0.22852 0.00481166 33.3803 154611 6 10287.5 3.96277 3.70725 2 5 10071.3 8.92372 4.07857 2 23 162.286 7.84117e-05 1.88193 6 
1.88376 0.000165873 -1 0.885501 0.228586 0.00487442 33.4867 154609 7 9406.23 3.30357 3.11523 2 4 10042.3 15.5773 5.0389 2 17 190.139 6.13024e-05 2.40912 6 
1.8887 0.000166201 -1 0.886631 0.228694 0.00493912 33.578 154677 10 19207.4 2.62751 2.4344 2 5 9907.81 6.82678 4.28896 2 12 222.054 8.06137e-05 3.44089 6 
1.89368 0.000166182 -1 0.887768 0.228749 0.00498342 33.6629 154773 6 8862.97 2.94682 3.79931 2 5 8310.85 8.79826 3.93595 2 12 251.487 9.6211e-05 3.4259 6 
1.89869 0.000166375 -1 0.888914 0.228857 0.00500597 33.757 154827 9 23022.5 3.15651 2.68668 3 5 9216.87 8.22763 4.07251 2 12 280.93 6.13203e-05 3.5899 6 
1.90372 0.000166306 -1 0.890062 0.228943 0.00502883 33.8458 154905 5 13581.4 3.89896 5.10974 2 5 12532.5 8.34668 4.31822 2 12 309.722 4.36234e-05 3.72338 6 
1.90852 0.000166566 -1 0.891164 0.228963 0.00480827 33.9528 154899 6 43316 3.69372 4.76648 2 5 35207.2 7.52215 5.42073 2 20 305.723 5.91458e-05 2.16606 5 
1.91052 0.000166736 -1 0.891622 0.229228 0.00199904 34.0277 155040 8 10640 22.4841 2.15965 2 6 66149.2 94.2485 2.98109 2 10 64.5564 4.09288e-05 4.16669 4 
1.91274 0.000166539 -1 0.89213 0.229398 0.00221438 34.1172 155114 7 8407.9 19.1033 2.38591 2 8 55351.6 54.8479 2.37409 2 17 64.8372 5.26056e-05 2.28182 4 
1.91516 0.000166767 -1 0.892685 0.2294 0.00242152 34.1956 155237 7 15871.4 12.4386 2.77774 2 5 18095.5 15.634 4.09921 2 15 77.1542 6.57937e-05 2.5387 4 
1.91776 0.000166923 -1 0.893282 0.229371 0.00260154 34.2823 155322 5 17485.5 5.50544 5.01623 2 4 17257.2 46.9734 4.37804 2 18 83.9051 6.01902e-05 2.19456 4 
1.92054 0.000167046 -1 0.893919 0.229308 0.00278211 34.3739 155385 5 16415 3.3371 5.47488 2 4 17297.1 30.6109 4.87556 2 20 87.35 6.56507e-05 2.02396 4 
1.92349 0.000167204 -1 0.894595 0.229291 0.00294934 34.4736 155411 5 12955.1 9.36888 4.24767 2 4 14457 37.7832 4.42278 2 22 87.7731 6.25225e-05 1.90293 4 
1.9266 0.000167398 -1 0.895308 0.229291 0.0031113 34.5766 155422 5 10671 6.13796 4.44668 2 5 12925.2 7.22344 4.47238 2 23 84.9108 9.1426e-05 1.8175 4 
1.92988 0.000167585 -1 0.896058 0.229287 0.00327255 34.6896 155388 6 9994.95 5.48939 3.49443 2 5 11559.2 8.72169 4.21178 2 25 96.2211 8.89279e-05 1.74329 4 
1.93329 0.000167805 -1 0.89684 0.229274 0.00341893 34.809 155325 6 10833.3 5.60165 3.52972 2 5 13004.6 11.0293 4.11443 2 27 116.211 9.76327e-05 1.6789 4 
1.93686 0.000168015 -1 0.897658 0.229281 0.00356758 34.9417 155204 6 7859.09 7.33607 3.19878 2 5 10985.1 18.0687 3.60392 2 31 139.68 7.85629e-05 1.59078 4 
1.94057 0.000168267 -1 0.898506 0.229301 0.00370431 35.0542 155174 7 17464.6 2.18875 3.6093 2 6 9274.49 11.7151 3.04152 2 20 164.797 7.81791e-05 2.07106 5 
1.9444 0.000168493 -1 0.899386 0.2293 0.00383853 35.274 154671 7 9440.21 1.62768 3.4485 2 6 11913.4 10.6701 3.22091 2 47 193.999 8.32153e-05 1.36609 5 
1.94836 0.000168697 -1 0.900292 0.229325 0.00395354 35.4641 154304 7 5913.04 2.51334 3.03146 2 6 8479.78 5.56433 3.39231 2 41 225.063 9.47961e-05 1.43054 5 
1.95242 0.00016895 -1 0.901225 0.229337 0.00406039 35.6381 154010 12 19074.4 5.83689 1.96271 2 5 7224.45 22.9535 3.1593 2 33 258.947 9.12894e-05 1.5687 5 
1.95658 0.000169315 -1 0.902177 0.229256 0.00415707 35.762 153935 8 46663 4.56442 3.17102 3 6 44700.3 18.5424 3.66177 2 24 241.168 8.46929e-05 1.85753 5 
1.95872 0.000169483 -1 0.90267 0.229298 0.00214696 35.8288 154105 5 23975.4 20.6235 4.10281 3 6 52162.4 64.6642 3.05105 2 10 59.0029 3.96018e-05 4.14301 4 
1.96102 0.000169266 -1 0.903197 0.229457 0.00229862 35.8981 154264 5 9408.54 17.4105 3.52 2 7 69744.2 50.0135 2.81322 2 12 70.1806 7.6872e-05 3.13837 4 
1.96347 0.000169425 -1 0.903757 0.229395 0.00244466 35.9665 154427 5 15188.6 6.35171 4.73942 3 4 17740.4 31.5192 4.87076 2 13 80.4412 4.98913e-05 3.00259 4 
1.96605 0.000169582 -1 0.904349 0.229312 0.00258487 36.0438 154550 6 19412.7 2.63425 4.41135 2 5 17961.3 6.88652 4.82245 3 14 82.7978 6.26504e-05 2.73666 4 
1.96878 0.000169595 -1 0.904974 0.22921 0.0027281 36.1153 154697 5 19693.8 6.11596 5.03005 3 3 19568.5 32.6512 8.43114 3 15 84.4137 9.67254e-05 2.48919 4 
1.97165 0.000169512 -1 0.905631 0.229135 0.00287248 36.1936 154816 5 16929.5 6.83365 4.77308 3 3 18268.8 29.6091 8.51324 3 17 85.1461 6.35197e-05 2.29312 4 
1.97467 0.000169393 -1 0.906322 0.229139 0.00301568 36.2792 154902 4 12597.9 4.22811 7.38819 3 3 12652 34.1399 7.18288 3 18 92.4602 6.95611e-05 2.18877 4 
1.97783 0.000169348 -1 0.907045 0.229082 0.00316461 36.3699 154966 6 14534.5 7.32774 3.54464 2 5 16928.2 14.6232 4.09934 2 19 103.033 8.1458e-05 2.09489 4 
1.98113 0.000169406 -1 0.907801 0.228993 0.00329732 36.4674 155001 6 9873.31 3.40254 3.77668 2 5 15886.4 29.7033 3.51273 2 20 125.752 9.32547e-05 2.02531 4 
1.98455 0.000169477 -1 0.908583 0.228909 0.00341903 36.5749 154993 6 11270.7 4.28812 3.7149 2 5 11108.4 17.1144 3.65139 2 22 150.654 7.67053e-05 1.9322 4 
1.98809 0.000169523 -1 0.909393 0.228805 0.00353816 36.6883 154961 5 12810.4 7.86729 4.38882 2 5 15249.9 9.13233 4.411 2 25 178.603 6.96853e-05 1.80447 4 
1.99174 0.000169418 -1 0.910228 0.228752 0.00365312 36.8178 154861 6 23303.2 4.47426 4.16341 2 5 12564.6 6.92498 4.48483 2 30 209.069 8.12497e-05 1.63562 4 
1.99549 0.000169621 -1 0.911087 0.228674 0.00374818 36.9733 154652 6 10017.3 2.00794 4.13364 2 5 10413.6 8.69881 4.12694 2 39 240.557 8.83915e-05 1.46216 4 
1.99932 0.000169854 -1 0.911962 0.228582 0.00383402 37.0846 154630 6 13479 1.60289 4.50947 2 5 14677.9 6.18679 4.73194 2 21 275.8 6.63328e-05 2.06626 5 
2.00323 0.000170013 -1 0.912856 0.228518 0.0039089 37.1648 154737 6 8159.99 5.10786 3.41907 2 5 11271.4 5.51545 4.59282 2 14 312.33 8.79514e-05 2.93686 5 
2.0072 0.000169941 -1 0.913762 0.228305 0.00397119 37.2509 154820 8 52623.3 4.7142 3.20606 2 4 51139.1 25.1906 6.71241 2 14 294.262 7.64572e-05 2.95379 5 
2.009 0.000170109 -1 0.914172 0.228251 0.00179855 37.3023 155046 5 28067.6 25.858 4.0469 2 5 81114.7 67.9821 4.12421 2 8 55.1257 8.4079e-05 5.33437 4 
2.01096 0.000169908 -1 0.914619 0.228448 0.0019585 37.3599 155245 5 13196.4 25.3442 3.49394 2 4 85681.9 102.677 5.37469 2 10 66.6467 7.93005e-05 3.91246 4 
2.01308 0.000169994 -1 0.915102 0.22829 0.00211786 37.552 154887 5 17311.2 18.5832 3.92501 2 4 23814.3 68.6904 4.31505 2 50 76.5158 9.44859e-05 1.31271 4 
2.01535 0.000170188 -1 0.915619 0.228185 0.00226879 37.643 154948 4 20628.3 11.9962 6.43954 2 4 21618.5 37.6591 4.89484 2 18 80.6238 6.82132e-05 2.17453 5 
2.01776 0.00017031 -1 0.916171 0.227905 0.0024193 37.7249 155046 4 21671.5 9.61584 6.8901 2 4 23688.3 14.6499 6.34125 2 16 83.3856 6.80201e-05 2.40175 5 
2.02034 0.00017043 -1 0.916758 0.227886 0.00257805 37.8147 155111 4 17837.4 6.31534 7.2901 2 4 19832.5 9.86053 6.69683 2 17 85.4669 7.75128e-05 2.26692 5 
2.02307 0.000170603 -1 0.91738 0.227785 0.00272885 37.9086 155159 4 17911.2 7.12357 7.0812 2 4 22111.2 8.74447 7.0912 2 18 88.8935 6.13318e-05 2.19932 5 
2.02595 0.000170913 -1 0.918035 0.227485 0.00288179 38.0043 155199 5 22174.7 11.6023 4.53172 2 3 20979.8 43.9499 7.81534 2 17 101.184 8.00314e-05 2.28524 5 
2.02899 0.000170892 -1 0.918726 0.227302 0.00303441 38.0878 155289 4 9959.12 9.81257 5.64429 2 4 11131.5 18.4529 4.9559 2 16 126.165 6.33643e-05 2.47567 5 
2.03215 0.000170997 -1 0.919444 0.227191 0.00316291 38.168 155392 5 18486.4 6.33019 4.93273 2 4 20952.2 11.3562 6.55389 2 15 152.874 6.38544e-05 2.66242 5 
2.03544 0.000171224 -1 0.920191 0.22697 0.003292 38.2449 155508 5 15235.8 4.79974 5.01568 2 4 19344.4 12.7475 6.24141 2 13 183.401 8.68327e-05 3.06561 5 
2.03884 0.000171515 -1 0.920961 0.226757 0.00339633 38.3178 155640 5 14188.1 4.11184 5.10008 2 4 14841.5 16.2777 5.49505 2 13 214.479 8.92628e-05 3.09617 5 
2.04235 0.00017177 -1 0.921756 0.226573 0.00350789 38.3918 155766 6 17046.5 2.6388 4.31557 2 4 18064 21.3243 5.39492 2 12 252.092 9.60574e-05 3.42704 5 
2.04595 0.000172005 -1 0.92257 0.226382 0.0036002 38.4685 155882 5 13127.9 4.69053 4.89097 2 4 17837.1 24.6172 5.18826 2 12 291.653 6.7839e-05 3.57094 5 
2.04962 0.000172227 -1 0.923401 0.226198 0.00366943 38.5433 156004 5 9340.94 4.44123 4.61931 2 4 10284.3 28.5617 4.3561 2 12 330.637 5.28077e-05 3.68458 5 
2.05336 0.000172498 -1 0.924247 0.225966 0.00374167 38.6203 156118 5 15740.5 5.14865 4.97812 2 4 16686.7 21.0134 5.30846 2 13 372.419 3.5295e-05 3.46941 5 
2.05718 0.000172782 -1 0.925111 0.225737 0.0038171 38.693 156248 5 15126.7 4.89657 4.98851 2 4 20070.9 17.1194 5.85153 2 13 417.854 6.07747e-05 3.35696 5 
2.06104 0.000173178 -1 0.925982 0.225334 0.00386404 38.7773 156331 9 81825.7 6.05453 2.87726 2 6 79641.2 21.5731 3.93131 2 13 346.489 4.7397e-05 3.37284 5 
2.06209 0.000173369 -1 0.926218 0.225273 0.00105029 38.8294 156543 5 22960.2 20.0902 4.08882 2 5 220492 130.654 4.42032 2 7 31.8483 9.8707e-05 6.12298 3 
2.06334 0.000173371 -1 0.9265 0.225372 0.00124888 38.8876 156730 5 21339.3 18.0507 4.11659 2 5 153082 63.4181 4.74834 2 12 35.2071 6.52575e-05 3.00377 3 
2.06488 0.000173428 -1 0.926848 0.225252 0.00154565 38.9577 156868 4 17414.4 35.5276 4.70529 2 4 26638.5 74.3408 4.35082 2 18 48.7155 8.92297e-05 2.0832 3 
2.06673 0.00017355 -1 0.927262 0.224927 0.00184441 39.0493 156920 5 18505.8 9.89453 4.51214 2 4 22184.1 73.2342 4.17188 2 23 65.7825 7.22058e-05 1.81598 4 
2.06883 0.000173599 -1 0.927734 0.224607 0.00209724 39.1054 157114 5 22615.1 9.4162 4.74356 2 4 25649.9 56.8646 4.60852 2 10 82.2327 6.93426e-05 4.04953 4 
2.07116 0.00017364 -1 0.928257 0.224317 0.00233377 39.1693 157276 5 22122.1 10.4877 4.62199 2 4 32030.9 59.0573 4.82585 2 12 99.5218 4.51058e-05 3.37785 4 
2.07369 0.000173717 -1 0.928825 0.224039 0.0025309 39.2392 157413 5 17883.7 9.6522 4.50366 2 4 20837.5 39.1094 4.80442 2 13 114.607 6.69703e-05 3.01639 4 
2.0764 0.000173828 -1 0.92943 0.223744 0.00270851 39.3113 157541 5 23483 3.96261 5.68269 2 4 25142 27.9341 5.4773 2 15 129.711 6.66155e-05 2.62599 4 
2.07928 0.000173933 -1 0.930073 0.223465 0.00287726 39.3899 157643 5 22767.3 5.56831 5.27616 2 4 32503.6 19.7983 6.3654 2 17 144.52 7.7833e-05 2.3375 4 
2.08229 0.000174008 -1 0.930744 0.22319 0.0030089 39.5314 157493 5 15232.5 5.29185 4.9185 2 4 18677.3 27.5926 5.10071 2 34 159.525 7.79433e-05 1.53327 4 
2.08541 0.000174024 -1 0.931441 0.222869 0.00312148 39.6903 157275 6 19367.3 6.17236 3.82622 2 4 15448.5 33.9853 4.61741 2 34 183.036 8.34713e-05 1.53638 5 
2.08865 0.000173887 -1 0.932163 0.22265 0.00324324 39.8204 157173 5 23918.5 6.55514 5.15739 2 4 30394.2 14.3391 6.78527 2 27 208.96 7.23421e-05 1.73494 5 
2.09198 0.000173809 -1 0.932904 0.222395 0.00332609 39.9399 157113 5 14602.1 5.89991 4.77215 2 4 17518.7 16.2761 5.72781 2 24 238.047 6.63129e-05 1.87555 5 
2.09538 0.000173899 -1 0.93366 0.222123 0.00340084 40.0407 157126 5 9306.35 4.47614 4.60866 2 4 10787.7 17.1035 5.01143 2 19 271.006 8.56102e-05 2.19851 5 
2.09886 0.000174059 -1 0.934433 0.221826 0.00347932 40.1212 157219 5 24208.4 5.40361 5.37349 2 4 28941.5 13.7912 6.7683 2 15 307.295 7.8194e-05 2.75185 5 
2.1024 0.00017419 -1 0.93522 0.221568 0.00354781 40.1999 157320 6 16334.8 2.89906 4.21835 2 4 22955.4 16.4364 6.11321 2 13 343.018 7.95026e-05 3.23877 5 
2.10598 0.000174251 -1 0.936013 0.221309 0.00357608 40.2688 157457 5 8890.16 6.55578 4.23114 2 4 8658.46 18.2917 4.66441 2 12 372.604 7.25375e-05 3.6243 5 
2.1096 0.000174325 -1 0.936813 0.220996 0.00361951 40.3377 157594 5 20733.5 6.66995 4.99471 2 4 21818.2 12.5422 6.4582 2 12 414.381 6.21899e-05 3.70374 5 
2.11329 0.000174406 -1 0.937629 0.220707 0.00369461 40.4106 157715 5 22357.7 2.87929 5.9983 2 4 28991.5 17.7999 6.35277 2 12 465.925 3.34416e-05 3.93854 5 
2.11699 0.000174478 -1 0.938442 0.220182 0.00369461 40.4927 157800 10 86466 6.47811 2.58547 2 6 84297.6 20.7091 3.99585 2 12 354.696 3.57534e-05 3.82864 5 
2.11814 0.000174619 -1 0.938695 0.219892 0.00115125 40.5394 158023 5 21270.3 58.8811 3.24758 2 5 228949 239.212 3.94631 2 7 60.705 7.56368e-05 6.97427 3 
2.11956 0.000174557 -1 0.939008 0.219967 0.00142235 40.6116 158145 5 19297.2 40.4148 3.43393 2 5 177154 129.42 4.23906 2 15 70.1872 7.90099e-05 2.49214 3 
2.12129 0.000174547 -1 0.939388 0.219675 0.00172974 40.6933 158230 5 26081.9 16.0434 4.38741 2 4 32489.9 127.94 3.99195 2 21 97.1262 3.04339e-05 2.04039 4 
2.1233 0.000174605 -1 0.939828 0.219247 0.00200618 40.7491 158416 5 21465.8 8.20457 4.82546 2 4 27798.4 84.6129 4.25741 2 10 126.523 5.1923e-05 4.35192 4 
2.12556 0.000174602 -1 0.940325 0.218848 0.00226538 40.812 158573 5 30676.2 8.1213 5.1932 2 4 31219.6 45.2429 5.1253 2 11 157.372 8.29382e-05 3.72171 4 
2.12804 0.000174542 -1 0.940866 0.218382 0.00247716 40.8775 158720 5 34664.1 11.686 4.94815 2 4 47116.2 47.997 5.59743 2 13 183.802 5.93853e-05 3.15706 4 
2.13069 0.000174495 -1 0.941445 0.218013 0.00265033 40.9463 158853 5 22734.4 10.2564 4.66807 2 4 28591.6 46.7127 4.97395 2 14 206.092 7.64607e-05 2.87959 4 
2.1335 0.000174448 -1 0.942056 0.217666 0.00280422 41.0298 158929 9 32434.2 12.2717 2.40012 2 4 33172.6 42.8979 5.27334 2 15 226.354 8.58868e-05 2.67952 4 
2.13645 0.000174236 -1 0.9427 0.217326 0.00295735 41.1124 159008 6 32909.3 11.3468 3.77637 2 5 45128.9 9.67263 5.41729 2 17 247.5 5.24333e-05 2.46937 4 
2.13955 0.00017411 -1 0.943372 0.216966 0.00309515 41.2004 159066 5 22340.1 7.68136 4.92867 2 5 26982.4 19.1367 4.26425 2 18 276.251 6.63111e-05 2.33218 4 
2.14276 0.000173988 -1 0.944069 0.216605 0.00321064 41.2874 159128 5 26099.3 8.09883 5.03085 2 5 21069.8 14.7627 4.27463 2 19 302.211 8.85357e-05 2.20725 4 
2.14607 0.000173771 -1 0.944785 0.216304 0.00330981 41.385 159149 7 34356.9 8.7893 3.2595 3 5 41774.1 17.5481 4.73517 2 21 325.147 7.95367e-05 2.06459 4 
2.14944 0.000173693 -1 0.945515 0.21599 0.00337522 41.4915 159135 5 20506 3.2433 5.75677 3 5 16432.3 20.1376 3.82242 2 23 349.243 7.98438e-05 1.94417 4 
2.15287 0.000173589 -1 0.946255 0.2157 0.00342966 41.61 159076 6 17355.3 7.56962 3.63128 4 5 19359.6 18.3935 4.02204 2 25 374.808 8.87983e-05 1.84084 4 
2.15637 0.000173481 -1 0.947011 0.215399 0.00350052 41.8543 158539 7 34894.6 6.75648 3.39183 4 5 41726.7 19.0055 4.65915 2 55 404.23 8.04285e-05 1.32385 5 
2.15993 0.000173387 -1 0.947776 0.215116 0.0035596 42.0376 158237 7 23167.6 5.4291 3.3006 4 5 28760.4 19.159 4.31802 2 38 430.197 9.11128e-05 1.49842 5 
2.16352 0.000173302 -1 0.948549 0.214853 0.00359003 42.1831 158080 6 18767.2 7.36718 3.69558 3 5 12360.2 14.2902 3.86721 2 30 461.834 7.50514e-05 1.68385 5 
2.16713 0.000173437 -1 0.949323 0.214562 0.0036055 42.2929 158057 5 31289.3 2.48389 6.60774 2 5 33045.9 8.80328 5.18674 2 21 490.888 8.21216e-05 2.10229 5 
2.17078 0.000173375 -1 0.950106 0.214158 0.00365294 42.3752 158136 5 32056.7 6.93021 5.40797 2 5 41212.4 10.5635 5.2269 2 15 527.756 9.47912e-05 2.81651 5 
2.17445 0.000173263 -1 0.950891 0.213995 0.00366911 42.4643 158190 8 21652.7 5.92294 2.78851 3 5 26838.3 18.8357 4.27322 2 14 554.285 8.33892e-05 3.07136 5 
2.17814 0.000173247 -1 0.95168 0.21373 0.00368549 42.5421 158286 7 10761 3.9176 3.09929 3 5 10882.8 12.3299 3.8829 2 12 579.53 7.54536e-05 3.74786 5 
2.18182 0.000173214 -1 0.952466 0.213439 0.00368549 42.6286 158349 7 30753.3 5.04775 3.47284 3 5 32276.6 6.99601 5.40515 2 13 597.71 4.28403e-05 3.54477 5 
2.18556 0.000173202 -1 0.953263 0.213143 0.00373597 42.7054 158448 7 29730 6.09456 3.36429 3 5 39214.7 11.1132 5.12298 2 12 630.186 5.72905e-05 3.86173 5 
2.18929 0.000173172 -1 0.954057 0.212808 0.00373597 42.7838 158541 7 24299.8 3.54769 3.53143 3 6 26503.2 4.14909 4.30749 2 12 604.866 6.04748e-05 3.83125 5 
2.19305 0.00017322 -1 0.954856 0.21139 0.00375327 42.8998 158494 13 98178.8 4.86401 2.14366 4 13 104560 21.8421 1.91903 3 12 449.494 7.8169e-05 3.65854 5 
2.19487 0.000173307 -1 0.955241 0.210711 0.00182156 42.9721 158609 7 21925 20.2149 2.714 4 8 114465 79.2649 2.48284 2 9 182.813 2.39717e-05 5.81703 4 
2.19698 0.000173443 -1 0.955687 0.209902 0.00211321 43.0826 158582 6 36507.7 18.5512 3.53999 2 12 77551.7 58.8647 1.81961 2 22 208.736 6.06408e-05 1.98211 4 
2.19936 0.000173329 -1 0.956187 0.209076 0.00238284 43.1862 158581 11 37348 12.1227 2.07564 3 9 29699.9 59.9889 1.99255 2 18 282.672 7.99675e-05 2.31099 4 
2.20199 0.000173182 -1 0.956737 0.208447 0.00262503 43.3109 158503 14 45231.4 11.839 1.80246 2 11 59234 43.6387 1.9266 3 20 342.893 4.81658e-05 2.201 4 
2.20482 0.000172948 -1 0.957327 0.208069 0.00282982 43.4444 158393 13 25583.2 7.39124 1.87176 3 9 29237.7 49.2434 2.03319 4 22 382.788 4.97996e-05 2.05583 4 
2.20781 0.000172827 -1 0.957949 0.207904 0.0029894 43.5689 158316 13 43644.2 6.2539 1.97549 3 10 47797 33.7452 2.06595 3 19 434.031 9.08469e-05 2.24666 4 
2.21097 0.000172738 -1 0.958604 0.207922 0.00315614 43.7048 158199 11 43530.8 7.94836 2.18708 4 10 56541.1 37.2226 2.08044 3 23 479.86 7.51482e-05 1.97641 4 
2.21425 0.00017268 -1 0.959287 0.208082 0.00328764 43.8277 158129 11 26131.2 8.56613 2.07377 3 9 29392.8 37.004 2.10001 3 20 519.459 9.85389e-05 2.16819 4 
2.2177 0.000172623 -1 0.960003 0.208286 0.00344626 43.9478 158070 10 43300.9 6.81429 2.40053 2 8 43261.8 22.9897 2.56638 3 23 580.439 6.60853e-05 2.004 4 
2.22127 0.00017272 -1 0.960746 0.208504 0.00357215 44.0771 157978 9 41413 5.70638 2.68519 3 8 48448.9 27.9199 2.54051 3 25 628.327 8.9478e-05 1.87871 4 
2.22491 0.000172816 -1 0.961502 0.208636 0.00363892 44.1931 157934 5 27764 6.68052 5.29339 2 9 28460.2 21.9512 2.2175 3 21 659.111 8.01294e-05 2.13449 5 
2.2286 0.00017319 -1 0.962272 0.20879 0.0036909 44.3794 157640 11 19061.3 4.99409 2.11645 2 6 18493.6 26.3043 2.98194 3 37 708.347 9.98327e-05 1.53166 5 
2.23236 0.000173449 -1 0.963056 0.208789 0.00376292 44.5453 157421 13 49658.7 4.85503 2.03445 2 8 55823.6 26.828 2.59883 2 30 761.281 7.62334e-05 1.71125 5 
2.23622 0.0001736 -1 0.963862 0.208696 0.00385747 44.6991 157246 13 33989.3 4.69354 1.98112 2 11 30670.3 17.821 1.96862 3 24 823.511 9.60091e-05 1.94487 5 
2.2401 0.000173754 -1 0.96467 0.208543 0.00387705 44.814 157208 12 20840.6 5.55155 1.98552 2 7 19933.7 21.1979 2.65923 3 17 852.576 9.07436e-05 2.57141 5 
2.244 0.000173919 -1 0.965484 0.208318 0.00389693 44.9153 157218 12 26942.7 5.04652 2.04466 2 9 29729.2 21.8314 2.22963 2 13 880.736 8.59729e-05 3.46153 5 
2.24791 0.000174121 -1 0.966299 0.208009 0.00391712 45.0238 157203 14 48561.9 4.04894 1.95593 2 10 58168.4 20.1169 2.21877 3 13 904.11 4.65355e-05 3.63621 5 
2.25193 0.000174276 -1 0.967136 0.207645 0.00402186 45.1347 157180 15 31663.2 3.73003 1.82778 2 13 33683.3 14.2248 1.81789 2 13 975.966 5.58218e-05 3.60683 5 
2.25596 0.000174406 -1 0.967969 0.207274 0.00402186 45.2425 157168 12 18287 4.23609 2.00878 3 11 15763.7 19.3452 1.83926 2 13 1002.31 7.17897e-05 3.54496 5 
2.25989 0.000174486 -1 0.968784 0.206909 0.00393674 45.3413 157186 10 23051.8 5.82427 2.28953 3 9 25694.4 16.7521 2.2593 3 13 981.961 7.45377e-05 3.52915 5 
2.26385 0.000174593 -1 0.969601 0.206521 0.00395779 45.4467 157182 12 46102.2 4.66509 2.15231 2 8 56977.9 21.3932 2.68027 3 14 1007.77 8.38753e-05 3.20402 5 
2.26787 0.000174745 -1 0.970432 0.206113 0.00402267 45.5575 157160 11 32990.6 3.44971 2.30077 3 8 35162.4 22.8295 2.50293 3 16 1050 6.00832e-05 2.83565 5 
2.27194 0.000174825 -1 0.971268 0.205715 0.00406737 45.6718 157125 9 20271 4.29641 2.55974 3 6 22832.1 15.4253 3.37587 4 17 1077.5 7.5375e-05 2.63569 5 
2.27601 0.000174933 -1 0.972105 0.205343 0.00406737 45.7761 157125 8 14663.5 3.21335 2.86688 3 5 18972.6 8.70185 4.65268 4 17 1086.29 7.18955e-05 2.64429 5 
2.2801 0.000175034 -1 0.972943 0.204976 0.00409035 45.8838 157113 9 43444.9 3.62621 2.839 2 6 47665.7 19.1369 3.68176 3 17 1116.78 6.20947e-05 2.67153 5 
2.28419 0.000175212 -1 0.973782 0.204633 0.00409035 45.9932 157096 10 34480 3.84958 2.48437 2 8 40136.9 15.4762 2.67138 3 17 1126.61 5.05039e-05 2.70559 5 
2.2883 0.000175366 -1 0.974622 0.204285 0.00411386 46.0966 157099 8 27321.3 5.42343 2.90254 2 6 26224.5 22.8373 3.23601 2 17 1144.54 4.93863e-05 2.71167 5 
2.29244 0.000175549 -1 0.975467 0.203966 0.00413777 46.1892 157139 6 15197.1 5.35359 3.76287 2 5 18915.4 22.3379 3.85083 2 17 1155.67 5.42279e-05 2.69833 5 
2.2966 0.000175817 -1 0.976315 0.203652 0.00416211 46.3151 157065 6 30302.7 5.40187 4.21524 2 6 31672.1 16.4326 3.52773 2 22 1162.02 9.82878e-05 2.09646 6 
2.30069 0.000176132 -1 0.977148 0.203358 0.00408952 46.4598 156929 7 34760.9 4.33454 3.6119 2 6 50339.4 19.7088 3.69722 2 25 1132.96 8.14836e-05 1.93075 6 
2.30469 0.000176399 -1 0.977959 0.20309 0.00399604 46.5815 156871 6 25105.9 5.71065 4.04745 2 5 22306.7 21.8431 3.99783 2 21 1085.92 6.03569e-05 2.21554 6 
2.30873 0.000176663 -1 0.97878 0.202839 0.00404251 46.6908 156854 8 28265.6 5.87164 2.88611 2 5 24264.2 15.3034 4.36552 2 17 1109.4 9.63334e-05 2.60238 6 
2.31239 0.000176854 -1 0.979521 0.202639 0.00365751 46.7759 156919 8 15211.9 4.71397 2.74536 2 6 23005.2 14.57 3.41241 2 12 897.76 6.23721e-05 3.94925 6 
2.31599 0.000176978 -1 0.98025 0.202448 0.00360006 46.8527 157011 7 22668.2 4.38476 3.39231 2 5 24741.9 19.1831 4.18893 2 10 856.756 6.29451e-05 5.1688 6 
2.31961 0.000177149 -1 0.980981 0.202251 0.00361911 46.9213 157131 7 33823.7 5.4375 3.48317 3 5 46257.9 22.7415 4.58853 2 9 858.746 5.4051e-05 6.31129 6 
2.32315 0.000177304 -1 0.981697 0.202039 0.00354371 47.0098 157184 6 27914.6 6.86644 3.995 2 6 27992.4 23.0024 3.26747 2 14 819.284 6.20026e-05 3.22585 5 
2.32645 0.000177493 -1 0.982362 0.201853 0.0033017 47.0864 157276 5 21874.2 3.98042 5.59759 2 6 24586.6 14.3843 3.45781 2 13 701.386 6.60927e-05 3.47093 5 
2.32975 0.000177672 -1 0.983028 0.201701 0.0033017 47.163 157368 6 21886 3.62996 4.26623 2 5 25665.9 24.3483 4.02325 2 13 688.526 6.34368e-05 3.47695 5 
2.33306 0.000177739 -1 0.983693 0.201508 0.0033017 47.2439 157445 6 17136.8 4.90874 3.89487 2 5 17514.7 20.937 3.84147 2 13 672.991 6.14133e-05 3.47952 5 
2.33639 0.000177828 -1 0.984366 0.20128 0.00333472 47.3223 157531 7 27422.6 4.74958 3.44628 2 5 28949.9 26.8478 4.04155 2 13 668.402 7.44445e-05 3.42659 5 
2.33981 0.000178089 -1 0.985054 0.20098 0.00342066 47.4171 157561 9 46212.3 4.88958 2.76516 2 7 52170.5 20.1219 3.07383 2 14 688.694 4.76474e-05 3.24659 5 
2.3433 0.000178351 -1 0.985757 0.200619 0.00349306 47.5105 157597 10 43475.3 5.61971 2.44823 2 8 55807.1 29.7184 2.56571 2 14 702.686 7.57828e-05 3.14526 5 
2.34687 0.000178559 -1 0.986472 0.20021 0.003569 47.6216 157573 12 37511.4 4.74585 2.11262 2 10 45154.6 22.9848 2.13465 2 15 710.31 5.11708e-05 2.99338 5 
2.35054 0.000178689 -1 0.987207 0.199757 0.00366925 47.7342 157544 13 30005.9 5.25654 1.94519 2 11 35650.7 16.6712 2.00787 2 16 719.285 4.39127e-05 2.82419 5 
2.35432 0.000178794 -1 0.987959 0.199299 0.00377591 47.8538 157493 11 21774.1 5.16181 2.13579 3 11 27885.2 21.0651 1.92221 2 17 721.429 4.47361e-05 2.65444 5 
2.35823 0.000178851 -1 0.988738 0.198798 0.00391322 47.9783 157426 12 31169 4.70133 2.08189 3 12 31266 22.2433 1.82946 2 18 726.346 5.75429e-05 2.48032 5 
2.36222 0.000178917 -1 0.989528 0.19827 0.00398614 48.1158 157316 16 46282.9 4.26877 1.78729 2 13 50307.1 21.1586 1.81846 2 19 696.991 8.63256e-05 2.30957 5 
2.36628 0.000178965 -1 0.990332 0.197744 0.0040623 48.2586 157191 15 38111.1 4.72177 1.82164 2 13 48363.1 23.4738 1.79853 2 21 659.022 6.75586e-05 2.15189 5 
2.3704 0.00017904 -1 0.991144 0.19727 0.00411506 48.4205 157003 11 30482.4 5.60619 2.18565 3 11 35680.2 19.409 1.98046 3 24 604.103 7.57738e-05 1.93895 6 
2.37462 0.000179086 -1 0.991978 0.196886 0.00422553 48.555 156906 10 22930 4.56165 2.34492 3 10 28765.1 16.6204 2.10777 3 18 558.366 9.67421e-05 2.37481 6 
2.37899 0.000179078 -1 0.992838 0.19658 0.00437328 48.6828 156830 15 16516.2 4.78535 1.72134 2 5 19511.3 14.8637 4.2037 2 16 514.992 8.00688e-05 2.66392 6 
2.38349 0.000179032 -1 0.993724 0.196389 0.00450004 48.8094 156759 19 28692.4 3.77025 1.6006 2 10 29880.7 15.7385 2.12737 3 13 460.035 7.52021e-05 3.32693 6 
2.3881 0.000178989 -1 0.994627 0.196347 0.00460079 48.923 156730 14 32244.1 4.1976 1.89466 3 6 34431.4 17.9289 3.5256 2 14 397.927 4.46472e-05 3.13638 6 
2.39273 0.000178942 -1 0.995537 0.196492 0.00463564 49.0432 156680 18 25366.2 3.95553 1.62743 3 5 28730.4 17.5387 4.39409 2 14 327.763 5.94034e-05 3.03077 6 
2.3974 0.000178898 -1 0.996451 0.196777 0.0046713 49.1827 156569 19 20346.6 3.96791 1.56769 3 13 23611 16.6648 1.74747 3 14 268.162 7.85908e-05 2.9285 6 
2.40222 0.000178854 -1 0.997398 0.197156 0.00482078 49.3335 156422 18 19007.7 3.81608 1.60475 3 16 25547.7 11.2689 1.62075 4 15 240.281 7.3755e-05 2.71766 6 
2.40712 0.000178814 -1 0.998361 0.197548 0.00489981 49.4698 156323 14 14099.7 3.37112 1.81415 4 9 15771.5 16.651 2.14148 4 16 223.179 5.31026e-05 2.59401 6 
2.41206 0.000178793 -1 0.999337 0.197839 0.00494064 49.5841 156293 6 26402.9 3.87736 4.35364 3 8 26461 15.2462 2.54057 4 16 239.561 8.51607e-05 2.52973 6 
2.41692 0.000179014 -1 1.0003 0.198069 0.00485898 49.7056 156240 9 28600.9 3.09751 2.75801 4 7 30168.3 13.6507 3.00449 4 16 245.114 8.24642e-05 2.53845 6 
2.42162 0.000179226 -1 1.00123 0.198261 0.00470224 49.8366 156158 11 23636.3 3.78018 2.21359 5 6 25082 17.931 3.3442 3 16 246.323 4.92657e-05 2.62232 6 
2.42644 0.000179204 -1 1.00218 0.198278 0.00481979 49.9718 156064 11 19256.5 4.14222 2.15474 4 9 23671.4 15.7676 2.25393 3 17 277.524 5.21461e-05 2.48686 6 
2.43139 0.000179161 -1 1.00316 0.198225 0.00494444 50.1214 155925 12 13513.9 4.03087 1.9669 5 9 15245 13.6241 2.18151 5 18 310.591 5.50404e-05 2.37183 6 
2.43633 0.000179102 -1 1.00414 0.198114 0.00494444 50.2842 155746 15 10762.9 3.49585 1.70828 5 8 10739.9 16.217 2.25231 5 18 328.905 5.86564e-05 2.371 6 
2.44123 0.000179048 -1 1.00511 0.197971 0.00490145 50.4789 155470 13 22810.6 4.03612 1.9437 5 8 23686.5 15.4202 2.50208 4 28 342.336 7.46432e-05 1.72946 6 
2.44593 0.000178991 -1 1.00604 0.197797 0.00469551 50.6641 155225 14 27553.1 4.49146 1.86447 5 8 30063.7 15.1281 2.58394 4 25 331.633 7.13598e-05 1.84794 6 
2.45063 0.000178924 -1 1.00697 0.19758 0.00469551 50.8343 155027 15 25395.9 4.52297 1.7781 5 10 27246.6 15.9537 2.10497 5 19 347.675 6.36216e-05 2.26261 6 
2.45544 0.000178855 -1 1.00792 0.197318 0.00481907 50.9947 154861 15 20064.9 3.66071 1.77524 5 10 14740.3 14.8192 1.9942 5 17 380.567 9.74271e-05 2.44202 6 
2.4604 0.000178792 -1 1.00889 0.197055 0.0049505 51.1742 154638 14 15045.4 3.4073 1.8212 5 10 18502.6 13.4878 2.05935 5 19 416.61 5.46596e-05 2.30258 6 
2.46539 0.000178734 -1 1.00988 0.196821 0.00499634 51.3346 154474 13 11974.6 3.8856 1.85511 5 8 11231.4 15.8107 2.27214 5 19 437.567 8.31256e-05 2.25815 6 
2.47039 0.000178663 -1 1.01086 0.196617 0.00499634 51.4947 154312 13 7890.5 3.5859 1.80766 5 8 10125.4 13.6192 2.28511 5 19 449.423 9.93281e-05 2.24024 6 
2.47516 0.000178602 -1 1.0118 0.196445 0.00477128 51.6419 154189 12 20200.3 3.98039 2.03604 5 5 17220.6 17.2904 3.97786 5 18 420.418 7.34002e-05 2.3738 6 
2.47997 0.000178537 -1 1.01274 0.19623 0.00481505 51.8117 154000 14 22323.3 3.79574 1.85886 5 10 21113.3 14.343 2.07392 5 19 437.588 6.8851e-05 2.28066 6 
2.48493 0.000178464 -1 1.01371 0.195955 0.00495263 51.9819 153811 14 21289.9 3.72061 1.85523 5 8 18432.2 14.8989 2.4353 5 21 470.62 6.13047e-05 2.12748 6 
2.48998 0.000178387 -1 1.0147 0.195678 0.00504974 52.1474 153637 13 17751.3 3.66366 1.92082 5 7 17941.6 15.6495 2.73559 5 22 495.197 7.83482e-05 2.03763 6 
2.49508 0.000178309 -1 1.01569 0.195422 0.00510023 52.3183 153448 13 15040.2 3.18973 1.9168 6 7 14439.6 14.9763 2.66875 5 23 512.09 8.10961e-05 1.97546 6 
2.50018 0.000178234 -1 1.01669 0.195225 0.00510023 52.4927 153251 11 12250.3 3.25386 2.11382 6 7 13616.7 13.2509 2.69315 5 23 518.728 9.98064e-05 1.9588 6 
2.50513 0.000178162 -1 1.01766 0.19506 0.00494874 52.6567 153085 10 17898.7 4.06388 2.31413 5 5 23916.5 15.617 4.33531 4 22 494.249 8.65148e-05 2.02829 6 
2.51012 0.000178079 -1 1.01863 0.194894 0.00499873 52.8071 152959 8 16383.1 3.80894 2.84576 4 6 11068.3 15.2855 2.99663 5 23 509.649 6.58446e-05 1.99302 6 
2.51523 0.000178078 -1 1.01962 0.19466 0.00510287 52.9792 152771 7 16470.3 2.28226 3.55788 4 7 18840.1 12.2707 2.85216 5 28 535.571 9.63183e-05 1.74139 6 
2.52044 0.000178249 -1 1.02064 0.194462 0.00521261 53.1433 152608 10 13665.1 2.86784 2.33241 5 4 17986.3 14.5995 5.92449 4 25 561.611 6.23336e-05 1.89753 6 
2.52565 0.000178381 -1 1.02165 0.194276 0.00521261 53.2945 152482 7 16117.7 3.35589 3.35682 5 4 13864.1 4.76827 7.34315 3 25 563.765 5.90356e-05 1.90195 6 
2.53087 0.000178652 -1 1.02266 0.194116 0.00521261 53.452 152339 8 14783.3 3.47673 2.84168 5 5 15162.6 7.9284 4.53229 3 25 565.167 6.18097e-05 1.89865 6 
2.53596 0.000178714 -1 1.02365 0.193958 0.00509929 53.6093 152198 9 17763.8 3.09893 2.61572 6 5 23155.7 7.75709 4.95441 3 24 541.774 6.28565e-05 1.94526 6 
2.54106 0.000178787 -1 1.02464 0.193813 0.00509929 53.7632 152067 9 11291.5 3.82757 2.42961 6 5 12514 4.42255 4.90168 3 24 542.225 6.97283e-05 1.93694 6 
2.54628 0.000178847 -1 1.02565 0.193658 0.00521518 53.9351 151886 11 19404.1 3.5052 2.18922 7 5 17575.1 10.484 4.41442 3 25 566.637 8.94053e-05 1.87102 6 
2.55155 0.000178932 -1 1.02667 0.193509 0.00527582 54.1111 151695 10 14565.4 3.5747 2.29619 7 5 19515.6 9.46332 4.60116 3 26 578.506 8.39743e-05 1.83234 6 
2.55683 0.000179018 -1 1.02769 0.193388 0.00527582 54.2971 151477 11 11107.3 3.02456 2.10905 7 5 8908.76 7.49859 4.12067 3 27 576.606 6.17503e-05 1.812 6 
2.56217 0.000179096 -1 1.02872 0.193279 0.00533939 54.4732 151288 8 8347.49 3.48934 2.64455 6 5 11894.5 5.2289 4.69232 3 28 601.216 7.10727e-05 1.76768 6 
2.56745 0.000179146 -1 1.02974 0.193181 0.00527506 54.6455 151111 9 17523.1 3.41773 2.5835 6 5 15248 6.33988 4.74489 3 27 604.347 9.85317e-05 1.78401 6 
2.57272 0.000179176 -1 1.03075 0.193202 0.00527506 54.8071 150964 5 10422.5 3.18194 5.04727 5 5 13588.1 6.32631 4.63876 3 28 623.543 7.17755e-05 1.76937 6 
2.57806 0.000178725 -1 1.03178 0.193027 0.005341 54.9749 150802 7 13665.9 2.47026 3.42531 4 4 13937.3 12.3973 5.79045 3 29 656.21 8.93027e-05 1.7249 6 
2.58347 0.000178282 -1 1.03283 0.192845 0.00540947 55.2033 150474 8 20376.5 2.85406 3.03185 3 5 20491.4 11.3946 4.47687 2 42 685.493 8.36185e-05 1.46087 6 
2.58881 0.000177898 -1 1.03386 0.192703 0.00534012 55.3831 150282 10 12973.8 3.26697 2.2903 2 6 11256.3 11.558 3.14837 2 30 675.313 9.51935e-05 1.69186 7 
2.59422 0.000177838 -1 1.0349 0.192564 0.00541038 55.5129 150225 8 9891.73 3.22993 2.72747 2 8 10431.8 9.73222 2.39204 3 18 699.828 5.65153e-05 2.47768 7 
2.59963 0.00017809 -1 1.03594 0.192465 0.00541038 55.6335 150194 8 17413.3 2.97984 2.9569 2 7 14303 13.4468 2.70646 2 16 719.878 8.62733e-05 2.70761 7 
2.60504 0.000178413 -1 1.03698 0.19236 0.00541038 55.7581 150153 11 11960.3 3.08196 2.11965 5 7 15036.6 10.6366 2.8187 3 16 742.481 9.09852e-05 2.70385 7 
2.61045 0.000178575 -1 1.03801 0.192295 0.00541038 55.8765 150128 6 12099.6 2.96875 3.99668 4 5 13787.4 11.4107 4.1346 3 16 763.495 8.85156e-05 2.71323 7 
2.61586 0.000178804 -1 1.03905 0.192218 0.00541038 56.0031 150081 11 14235.4 3.28165 2.14122 6 4 15356.4 13.4492 5.81297 2 16 781.703 9.11561e-05 2.71224 7 
2.6212 0.000178953 -1 1.04008 0.192162 0.00533524 56.1355 150019 10 14930.4 3.0752 2.33679 7 5 18601.7 7.4093 4.7858 2 16 774.169 6.45563e-05 2.76969 7 
2.62653 0.000179077 -1 1.04111 0.192103 0.00533524 56.278 149930 11 11480.9 3.47403 2.08892 8 5 10332.9 2.55475 5.26471 2 16 786.997 6.73272e-05 2.76526 7 
2.63179 0.000179207 -1 1.04211 0.192072 0.0052601 56.4249 149830 11 14561 3.17625 2.15201 8 5 14013.7 5.77889 4.75272 2 16 777.382 4.56085e-05 2.83122 7 
2.63713 0.000179323 -1 1.04314 0.192006 0.00533633 56.5694 149737 11 13975 3.35318 2.13344 8 5 13959.5 8.06553 4.44271 2 16 815.009 6.62242e-05 2.77418 7 
2.64247 0.000179444 -1 1.04416 0.191943 0.00533633 56.7177 149634 11 13103.4 2.96091 2.14512 8 6 15946.5 11.3483 3.34674 2 16 829.429 6.47018e-05 2.78126 7 
2.64765 0.000179544 -1 1.04515 0.191884 0.00518165 56.845 149587 7 5717.42 3.54403 2.87239 8 7 6418.28 14.8695 2.37928 3 15 794.197 7.98795e-05 2.92752 7 
2.65283 0.000179686 -1 1.04615 0.19182 0.00518165 56.96 149573 6 14289.8 3.21826 4.05416 8 5 17941.7 7.65105 4.72094 2 15 813.082 7.84438e-05 2.93566 7 
2.65793 0.000179835 -1 1.04713 0.191749 0.00510545 57.0781 149551 5 13990.7 3.58818 5.22628 7 7 15006.2 14.1741 2.70465 3 15 805.621 9.48218e-05 2.897 7 
2.66304 0.000179981 -1 1.04811 0.191691 0.00510545 57.1842 149560 5 12292.1 3.66451 5.07133 6 4 12909.5 13.0823 5.60475 2 15 820.781 5.64436e-05 3.00267 7 
2.66815 0.000180055 -1 1.04908 0.19162 0.00510545 57.3118 149513 9 14659.3 3.48897 2.52698 8 5 13469.3 11.8903 4.0816 2 15 835.255 5.94437e-05 2.99581 7 
2.67325 0.000180159 -1 1.05006 0.191542 0.00510545 57.4413 149461 8 14532.7 3.35999 2.84774 8 6 18533.7 13.5317 3.33249 2 15 850.807 6.02975e-05 2.99665 7 
2.67828 0.00018026 -1 1.05102 0.191471 0.00502691 57.5649 149424 7 10774.8 3.94165 3.09715 9 6 11118.1 13.9249 3.04583 2 15 838.699 4.10541e-05 3.0715 7 
2.68294 0.000180347 -1 1.05191 0.191463 0.00466264 57.6741 149426 5 8086.64 4.24575 4.52859 7 5 8024.75 14.0255 3.56043 2 13 732.654 5.90512e-05 3.51291 7 
2.6876 0.000180438 -1 1.05281 0.191441 0.00466264 57.7947 149397 10 8462.96 4.00381 2.15033 8 5 8243.4 15.0953 3.52739 2 13 743.826 5.99813e-05 3.51278 7 
2.69234 0.000180529 -1 1.05371 0.191378 0.00473328 57.9254 149343 10 15173.5 3.82707 2.28993 9 5 18721.8 16.9815 4.05951 2 13 776.042 8.81059e-05 3.42154 7 
2.69707 0.00018062 -1 1.05462 0.191307 0.00473328 58.0571 149287 10 15596.3 3.88549 2.29275 9 5 16157.5 14.7355 4.0551 2 13 783.458 9.00561e-05 3.41828 7 
2.70152 0.000180705 -1 1.05547 0.191271 0.00445486 58.1699 149279 8 13756.6 4.34087 2.73916 9 5 14300.7 13.6038 4.02105 2 12 699.325 7.33473e-05 3.816 7 
2.70598 0.000180797 -1 1.05632 0.191219 0.00445486 58.2928 149245 9 12525 4.92601 2.38982 10 5 13628.1 9.10959 4.31506 2 12 704.022 7.5723e-05 3.808 7 
2.71037 0.000180897 -1 1.05716 0.19119 0.00438836 58.4212 149197 9 12342.7 4.39821 2.41616 10 5 14830.6 6.50182 4.69488 2 12 686.163 5.36118e-05 3.91078 7 
2.71482 0.00018099 -1 1.05801 0.191138 0.00445588 58.542 149169 9 8413.61 4.92662 2.28644 10 5 8598.36 14.3546 3.59323 2 12 710.214 8.22657e-05 3.78455 7 
2.71928 0.00018109 -1 1.05886 0.191115 0.00445588 58.6654 149135 8 8704.2 4.61021 2.56744 10 5 7945.99 7.715 4.00463 2 12 718.21 8.46798e-05 3.77896 7 
2.72381 0.000181184 -1 1.05973 0.191103 0.00452775 58.7808 149121 7 9421.17 4.69405 2.96343 9 5 8143.21 6.75655 4.13251 2 13 749.563 3.56748e-05 3.65818 7 
2.72834 0.000181285 -1 1.06059 0.191119 0.00452775 58.8935 149114 6 13033.1 4.05117 3.84218 9 5 8604.94 9.6371 3.89189 2 13 756.724 3.63517e-05 3.65557 7 
2.73294 0.000181385 -1 1.06148 0.191124 0.00460449 59.0204 149071 8 16118.9 4.09434 2.81445 9 7 18414.5 18.1925 2.68735 3 13 788.989 5.96873e-05 3.53007 7 
2.73754 0.000181471 -1 1.06235 0.191121 0.00460449 59.1452 149033 8 19827.9 4.13807 2.88443 10 6 20894.7 15.2827 3.3315 3 13 793.603 6.07073e-05 3.52706 7 
2.74223 0.000181566 -1 1.06325 0.19111 0.00468671 59.2824 148965 9 19499.2 4.02363 2.56737 10 4 20885.3 16.9871 5.92148 2 14 825.111 2.99838e-05 3.3994 7 
2.74692 0.000181655 -1 1.06414 0.191088 0.00468671 59.4241 148885 10 16688.3 3.72637 2.318 10 4 16100.5 17.4236 5.51347 2 14 825.344 3.07552e-05 3.3933 7 
2.7516 0.00018174 -1 1.06503 0.191054 0.00468671 59.5583 148825 9 12886.7 4.51475 2.42073 10 5 12258.2 14.5154 3.84875 2 14 822.748 3.41761e-05 3.36708 7 
2.75638 0.000181841 -1 1.06595 0.191024 0.00477684 59.7054 148732 10 11270 4.11378 2.20683 10 5 10800.3 11.9608 3.90063 2 14 849.918 5.95267e-05 3.24375 7 
2.76125 0.000181932 -1 1.06688 0.19101 0.00487238 59.8519 148642 9 18090.2 3.88087 2.5563 10 7 12091.2 14.3873 2.61688 2 15 876.844 3.47205e-05 3.11522 7 
2.76623 0.000182025 -1 1.06783 0.19099 0.00497389 60.0075 148530 10 14038.3 3.90909 2.26738 9 7 12643.9 14.5086 2.63049 2 15 904.146 6.3084e-05 2.99977 7 
2.7712 0.000182119 -1 1.06878 0.191002 0.00497389 60.1506 148449 10 11282.1 3.48592 2.24392 9 7 10772.2 15.9221 2.53705 3 15 892.471 6.67186e-05 2.986 7 
2.77618 0.000182206 -1 1.06973 0.190969 0.00497389 60.3167 148311 12 18084.7 3.75544 2.02716 8 10 18529.7 14.2238 2.04873 6 15 879.591 6.57672e-05 2.98597 7 
2.78115 0.000182294 -1 1.07067 0.190931 0.00497389 60.4907 148156 12 20279 3.65189 2.05137 9 9 22238.2 13.699 2.27359 8 15 864.588 6.66184e-05 2.97999 7 
2.78624 0.000182378 -1 1.07164 0.19086 0.00508956 60.6795 147965 12 18937.2 3.27064 2.05853 9 8 18911.7 14.3951 2.45366 8 16 887.569 4.26609e-05 2.86672 7 
2.79145 0.000182457 -1 1.07264 0.190781 0.00521369 60.8389 147846 8 15334.6 3.18608 2.88604 7 8 15323.2 12.3123 2.43712 7 16 909.676 8.75706e-05 2.74494 7 
2.79667 0.000182537 -1 1.07364 0.190744 0.00521369 60.9699 147798 5 15880.7 3.14334 5.50421 5 7 12848.2 11.3744 2.7298 7 16 884.614 8.81092e-05 2.7391 7 
2.80202 0.000182506 -1 1.07466 0.190713 0.00535089 61.1264 147687 11 15333.2 3.16104 2.16308 5 7 12297.9 12.6843 2.67086 7 17 903.635 5.42797e-05 2.65941 7 
2.80737 0.000182453 -1 1.07568 0.190561 0.00535089 61.2806 147583 11 15113.2 3.40432 2.14573 5 8 13754.8 12.2312 2.40643 7 16 870.77 9.10806e-05 2.73074 7 
2.81272 0.000182409 -1 1.07669 0.190345 0.00535089 61.4304 147490 11 20641.2 2.64102 2.25895 5 7 19134.4 12.1571 2.86228 7 16 830.314 5.28591e-05 2.81681 7 
2.81823 0.000182374 -1 1.07774 0.190145 0.00550827 61.5672 147428 11 14713.1 2.76991 2.18101 5 4 13878 9.8769 6.12247 6 16 826.597 9.01118e-05 2.72369 7 
2.82374 0.000182309 -1 1.07879 0.190112 0.00550827 61.7072 147359 9 16582.3 2.74092 2.63145 5 4 13872.8 6.49065 6.79938 5 17 761.917 3.69459e-05 2.69312 7 
2.82924 0.000182157 -1 1.07984 0.190259 0.00550827 61.8401 147307 10 19255.6 2.61487 2.43619 4 3 12572.3 12.4428 10.0346 4 17 707.122 4.30655e-05 2.65726 7 
2.83475 0.000181958 -1 1.08088 0.190536 0.00550827 61.9702 147262 11 18651 3.0972 2.20603 3 5 13647.2 12.1997 4.07135 3 17 655.986 6.30394e-05 2.58691 7 
2.84026 0.000181772 -1 1.08193 0.190797 0.00550827 62.0954 147229 8 8474.45 3.05575 2.69386 3 5 6727.86 11.9016 3.55185 3 17 610.357 5.18762e-05 2.60566 7 
2.84577 0.000181677 -1 1.08297 0.191072 0.00550827 62.2373 147157 12 8432.22 2.92756 1.94217 3 8 8460.07 11.3466 2.28593 3 17 615.198 4.7026e-05 2.62197 7 
2.85128 0.000181565 -1 1.08402 0.191331 0.00550827 62.3682 147111 10 9624.98 2.97989 2.24347 3 7 9203.92 11.9339 2.58497 3 17 655.322 4.10754e-05 2.65276 7 
2.85678 0.000181506 -1 1.08508 0.191524 0.00550827 62.4909 147084 6 11039.1 1.68751 4.32462 3 6 8428.63 11.3403 3.00969 3 17 698.637 3.81877e-05 2.67421 7 
2.86229 0.000181793 -1 1.08614 0.191622 0.00550827 62.6148 147055 11 12055.8 2.74669 2.14351 3 4 11852.9 5.99128 6.66925 3 16 745.943 9.31454e-05 2.70067 7 
2.86803 0.000181997 -1 1.08724 0.191639 0.00573779 62.7564 146984 13 11562.6 2.41221 1.91923 4 5 11075.7 9.44084 4.11029 2 18 856.927 4.28756e-05 2.54446 7 
2.87353 0.00018214 -1 1.08828 0.19155 0.00549871 62.9389 146818 12 12725 3.16083 1.99712 4 9 10702.9 13.0932 2.10672 4 24 832.962 6.38701e-05 1.97912 7 
2.87903 0.000182286 -1 1.08933 0.191359 0.00549871 63.1046 146692 13 10709.3 2.48967 1.90331 4 8 11249.9 12.3104 2.34482 4 20 876.957 9.8992e-05 2.2252 7 
2.88453 0.000182398 -1 1.09038 0.191051 0.00549871 63.2554 146602 14 12905.1 2.45508 1.84401 4 9 12359.1 12.4136 2.15338 4 16 915.757 9.68786e-05 2.7288 7 
2.89003 0.000182496 -1 1.09144 0.190674 0.00549871 63.4119 146498 13 14519.5 2.54802 1.94493 5 8 13512.2 12.3527 2.39812 5 17 948.786 3.97368e-05 2.71643 7 
2.89552 0.000182582 -1 1.09249 0.190234 0.00549871 63.5712 146389 13 13835 2.76497 1.92558 6 9 12609.9 11.7783 2.17083 5 17 975.49 4.38066e-05 2.70531 7 
2.90075 0.000182666 -1 1.09348 0.189834 0.00522378 63.7203 146303 11 7364.58 3.52601 2.00358 6 9 8388.05 12.688 2.05761 5 15 901.097 9.7644e-05 2.91301 7 
2.90597 0.000182752 -1 1.09447 0.189447 0.00522378 63.8749 146206 13 19767.5 2.45318 1.99746 6 7 11137.5 11.3105 2.6768 6 16 916.439 3.84947e-05 2.89097 7 
2.9112 0.000182815 -1 1.09545 0.189054 0.00522378 64.0299 146108 12 15293.7 3.43082 2.01415 5 8 16237.6 12.2785 2.45568 5 16 926.197 4.70133e-05 2.85697 7 
2.91675 0.000182896 -1 1.0965 0.188632 0.00555026 64.2041 145967 15 18199.9 2.72038 1.79899 6 7 17341.1 10.811 2.87003 5 18 1049.33 4.75286e-05 2.55857 7 
2.92195 0.000182956 -1 1.09749 0.188326 0.00520337 64.3547 145879 11 14046.8 3.44366 2.12928 6 8 12096.7 12.0814 2.37175 6 16 921.027 6.47379e-05 2.79943 7 
2.92715 0.000183039 -1 1.09847 0.188084 0.00520337 64.4754 145861 8 10915.7 3.463 2.73731 5 3 12171.1 7.40487 11.8015 5 16 915.672 7.8632e-05 2.76461 7 
2.93236 0.000183143 -1 1.09945 0.187987 0.00520337 64.5866 145863 6 16432.6 3.60603 4.07174 5 3 15659.9 12.8438 10.6831 4 16 907.036 9.9284e-05 2.72299 7 
2.93756 0.000183128 -1 1.10042 0.187805 0.00520337 64.7148 145827 9 18992.7 3.32257 2.61491 4 3 19013 12.3109 11.559 3 17 896.51 4.7661e-05 2.67858 7 
2.94276 0.000183063 -1 1.10139 0.187712 0.00520337 64.8607 145752 12 16667.4 3.61933 2.01962 6 9 15497.3 12.8731 2.19931 4 17 882.804 6.33297e-05 2.63179 7 
2.94797 0.000182969 -1 1.10237 0.18763 0.00520337 65.0371 145608 13 10702.7 3.504 1.85384 6 8 11758.8 14.7038 2.30604 5 17 867.456 8.45055e-05 2.58484 7 
2.95317 0.000182875 -1 1.10335 0.187589 0.00520337 65.2097 145474 14 17342.7 3.364 1.84146 6 9 16704.1 13.0649 2.21407 6 18 851.64 4.55069e-05 2.53519 7 
2.95837 0.000182766 -1 1.10433 0.187603 0.00520337 65.3902 145323 14 20045.5 3.53808 1.85391 6 9 20501.4 12.0393 2.28571 6 18 834.952 6.54283e-05 2.48183 7 
2.96358 0.000182645 -1 1.1053 0.187656 0.00520337 65.5725 145169 14 16456.3 3.58625 1.8262 5 11 15363.6 12.6618 1.90706 5 18 818.014 9.70643e-05 2.42528 7 
2.96878 0.000182486 -1 1.10627 0.187722 0.00520337 65.7502 145026 14 12413.6 3.25609 1.80219 5 9 13570.5 14.7436 2.13468 5 19 800.848 6.14091e-05 2.36859 7 
2.97398 0.000182328 -1 1.10724 0.187812 0.00520337 65.9261 144888 14 18360.4 3.55287 1.84177 5 9 18071.6 13.7105 2.22157 5 19 783.694 9.39295e-05 2.31356 7 
2.97919 0.000182115 -1 1.10822 0.187928 0.00520337 66.103 144748 13 20445.6 3.30581 1.95722 6 9 20274.6 13.1235 2.26111 5 20 766.916 6.22097e-05 2.26227 7 
2.98439 0.000181904 -1 1.1092 0.188052 0.00520337 66.2765 144616 12 13854.9 2.87545 2.02725 7 8 12925.6 12.7876 2.37456 5 20 750.522 9.27247e-05 2.21518 7 
2.98959 0.00018171 -1 1.11018 0.188194 0.00520337 66.4612 144461 10 14993.5 3.22723 2.32652 6 7 14597 11.971 2.75979 5 21 734.311 6.22303e-05 2.17148 7 
2.9948 0.000181518 -1 1.11116 0.188355 0.00520337 66.6226 144356 9 19749.3 3.60698 2.60243 5 8 21079.2 12.0866 2.54211 5 21 718.156 9.4152e-05 2.12683 7 
3 0.000181301 -1 1.11213 0.1885 0.00520337 66.7782 144266 8 19870.3 2.93395 3.01193 5 5 18816.6 14.5877 4.189 4 22 701.996 6.35377e-05 2.09002 7 

# Multigrid, 588 steps, 2131.95 CPU, 66.94 real, 1.44e+05 points.step/s, 24 var
