0.601562 0.294135
0.599329 0.296875

0.599292 0.296875
0.598495 0.304688

0.599267 0.304688
0.601562 0.308057

0.601562 0.295814
0.609375 0.289613

0.601562 0.30682
0.607507 0.3125

0.607996 0.3125
0.609375 0.313363

0.617188 0.288259
0.614603 0.289062

0.609375 0.29026
0.613227 0.289062

0.609375 0.313162
0.617188 0.316775

0.617188 0.288396
0.625 0.287316

0.617188 0.31629
0.625 0.318988

0.625 0.287283
0.632812 0.286848

0.625 0.319059
0.629032 0.320312

0.628464 0.320312
0.632812 0.321664

0.632812 0.286898
0.640625 0.287076

0.632812 0.321424
0.640625 0.323565

0.640625 0.287278
0.648438 0.287565

0.640625 0.323608
0.648438 0.325686

0.648438 0.287474
0.65625 0.287648

0.648438 0.325793
0.65625 0.327509

0.65625 0.287613
0.664062 0.287925

0.65625 0.327435
0.660508 0.328125

0.660364 0.328125
0.664062 0.328724

0.664062 0.287955
0.671875 0.288413

0.664062 0.328638
0.671875 0.329728

0.671875 0.288416
0.679688 0.288951

0.671875 0.329785
0.679688 0.330732

0.679688 0.288965
0.681043 0.289062

0.680911 0.289062
0.6875 0.289538

0.679688 0.33076
0.6875 0.331394

0.6875 0.289541
0.695312 0.29008

0.6875 0.331331
0.695312 0.331724

0.695312 0.290065
0.703125 0.2906

0.695312 0.331724
0.703125 0.332004

0.703125 0.290598
0.710938 0.291163

0.703125 0.332011
0.710938 0.332165

0.710938 0.291169
0.71875 0.291757

0.710938 0.332167
0.71875 0.332174

0.71875 0.291763
0.726562 0.29235

0.71875 0.332166
0.726562 0.332041

0.726562 0.292353
0.734375 0.292921

0.726562 0.33203
0.734375 0.331812

0.734375 0.29292
0.742188 0.293466

0.734375 0.331809
0.742188 0.331525

0.742188 0.293467
0.75 0.29399

0.742188 0.331526
0.75 0.331182

0.75 0.294005
0.757812 0.294471

0.75 0.331183
0.757812 0.330771

0.757812 0.294472
0.765625 0.294848

0.757812 0.33077
0.765625 0.330288

0.765625 0.294819
0.773438 0.295159

0.765625 0.330258
0.773438 0.32977

0.773438 0.295109
0.78125 0.295571

0.773438 0.32974
0.78125 0.329369

0.78125 0.295571
0.789062 0.296255

0.78125 0.329395
0.789062 0.329149

0.789062 0.296308
0.794626 0.296875

0.794566 0.296875
0.796875 0.29711

0.789062 0.329165
0.796875 0.328963

0.796875 0.297124
0.804688 0.297886

0.796875 0.328942
0.804688 0.328794

0.804688 0.297889
0.8125 0.298575

0.804688 0.328797
0.8125 0.32874

0.8125 0.29858
0.820312 0.299176

0.8125 0.328748
0.820312 0.328763

0.820312 0.29918
0.828125 0.299669

0.820312 0.32877
0.828125 0.328827

0.828125 0.299672
0.835938 0.30004

0.828125 0.328838
0.835938 0.328902

0.835938 0.300044
0.84375 0.300279

0.835938 0.328922
0.84375 0.328932

0.84375 0.300281
0.851562 0.30037

0.84375 0.328961
0.851562 0.328822

0.851562 0.300365
0.859375 0.300314

0.851562 0.328825
0.859375 0.328474

0.859375 0.300308
0.867188 0.30014

0.867188 0.327959
0.864582 0.328125

0.859375 0.328428
0.864121 0.328125

0.867188 0.300137
0.875 0.299871

0.867188 0.327951
0.875 0.327353

0.875 0.299864
0.882812 0.299516

0.875 0.327346
0.882812 0.326643

0.882812 0.299507
0.890625 0.29911

0.882812 0.326624
0.890625 0.325866

0.890625 0.299102
0.898438 0.29869

0.890625 0.325827
0.898438 0.325129

0.898438 0.298685
0.90625 0.298285

0.898438 0.325106
0.90625 0.324593

0.90625 0.298283
0.914062 0.297907

0.90625 0.324597
0.914062 0.324305

0.914062 0.297902
0.921875 0.297564

0.914062 0.324317
0.921875 0.324212

0.921875 0.297561
0.929688 0.297279

0.921875 0.324221
0.929688 0.32426

0.929688 0.297343
0.9375 0.296997

0.929688 0.324271
0.9375 0.324415

0.945312 0.296452
0.93925 0.296875

0.9375 0.297014
0.939497 0.296875

0.9375 0.324421
0.945312 0.324636

0.945312 0.296515
0.953125 0.295642

0.945312 0.324633
0.953125 0.324911

0.953125 0.2957
0.960938 0.294265

0.953125 0.324922
0.960938 0.325244

0.960938 0.294213
0.96875 0.292204

0.960938 0.325257
0.96875 0.325577

0.96875 0.292314
0.976562 0.289617

0.96875 0.325587
0.976562 0.325859

0.984375 0.285896
0.97794 0.289062

0.976562 0.289722
0.97792 0.289062

0.976562 0.325876
0.984375 0.326049

0.992188 0.280188
0.990804 0.28125

0.984375 0.286109
0.991195 0.28125

0.984375 0.326066
0.992188 0.326072

1 0.272374
0.999132 0.273438

0.992188 0.280521
0.999348 0.273438

0.992188 0.32603
1 0.325919

1.00781 0.260788
1.00498 0.265625

1 0.27238
1.00511 0.265625

1 0.325943
1.00781 0.325748

1.01562 0.242954
1.01305 0.25

1.0131 0.25
1.0095 0.257812

1.00781 0.260783
1.00954 0.257812

1.00781 0.325749
1.01562 0.325418

1.02344 0.202912
1.02342 0.203125

1.02342 0.203125
1.02253 0.210938

1.02254 0.210938
1.0214 0.21875

1.02141 0.21875
1.01995 0.226562

1.01997 0.226562
1.01814 0.234375

1.01816 0.234375
1.01587 0.242188

1.01562 0.242936
1.0159 0.242188

1.01562 0.325422
1.02344 0.324946

1.02635 0
1.02635 0.0078125

1.02635 0.0078125
1.02634 0.015625

1.02634 0.015625
1.02633 0.0234375

1.02633 0.0234375
1.02631 0.03125

1.02631 0.03125
1.02629 0.0390625

1.02629 0.0390625
1.02627 0.046875

1.02627 0.046875
1.02624 0.0546875

1.02624 0.0546875
1.02622 0.0625

1.02622 0.0625
1.02619 0.0703125

1.02619 0.0703125
1.02616 0.078125

1.02616 0.078125
1.02613 0.0859375

1.02613 0.0859375
1.0261 0.09375

1.02611 0.09375
1.02608 0.101562

1.02608 0.101562
1.02605 0.109375

1.02605 0.109375
1.02602 0.117188

1.02602 0.117188
1.02599 0.125

1.02599 0.125
1.02594 0.132812

1.02594 0.132812
1.02588 0.140625

1.02589 0.140625
1.0258 0.148438

1.02581 0.148438
1.02569 0.15625

1.02569 0.15625
1.02553 0.164062

1.02554 0.164062
1.02532 0.171875

1.02533 0.171875
1.02503 0.179688

1.02504 0.179688
1.02463 0.1875

1.02464 0.1875
1.0241 0.195312

1.02344 0.202838
1.02411 0.195312

1.02344 0.324942
1.03125 0.324319

1.03125 0.324325
1.03906 0.323548

1.03906 0.32355
1.04688 0.322602

1.04688 0.322595
1.05469 0.321486

1.0625 0.32023
1.06199 0.320312

1.05469 0.321486
1.06197 0.320312

1.0625 0.320235
1.07031 0.318813

1.07031 0.318813
1.07812 0.31721

1.07812 0.317204
1.08594 0.315434

1.08594 0.315433
1.09375 0.313511

1.10156 0.31143
1.09756 0.3125

1.09375 0.313521
1.09756 0.3125

1.10156 0.31143
1.10938 0.309154

1.10938 0.309145
1.11719 0.306703

1.125 0.304109
1.12327 0.304688

1.11719 0.306711
1.12324 0.304688

1.125 0.304103
1.13281 0.301295

1.13281 0.30128
1.14062 0.298302

1.14844 0.295165
1.14423 0.296875

1.14062 0.298322
1.14419 0.296875

1.14844 0.295132
1.15625 0.291756

1.16406 0.288217
1.16221 0.289062

1.15625 0.291772
1.16217 0.289062

1.16406 0.288191
1.17188 0.284405

1.17969 0.280432
1.17809 0.28125

1.17188 0.284418
1.17805 0.28125

1.17969 0.280393
1.1875 0.27616

1.19531 0.271747
1.19237 0.273438

1.1875 0.276167
1.19226 0.273438

1.19531 0.271684
1.20312 0.266936

1.21094 0.261965
1.20522 0.265625

1.20312 0.266913
1.20516 0.265625

1.21875 0.256736
1.21714 0.257812

1.21094 0.261939
1.21701 0.257812

1.21875 0.256651
1.22656 0.251035

1.23438 0.245112
1.22795 0.25

1.22656 0.250993
1.22791 0.25

1.24219 0.238859
1.23803 0.242188

1.23438 0.245032
1.23801 0.242188

1.25 0.23219
1.24747 0.234375

1.24219 0.238765
1.24737 0.234375

1.25781 0.225077
1.25622 0.226562

1.25 0.232087
1.2561 0.226562

1.26562 0.217487
1.26436 0.21875

1.25781 0.224959
1.26426 0.21875

1.27344 0.209361
1.27197 0.210938

1.26562 0.21741
1.27188 0.210938

1.28125 0.200609
1.27907 0.203125

1.27344 0.209263
1.279 0.203125

1.28906 0.191202
1.28578 0.195312

1.28125 0.200545
1.28569 0.195312

1.29688 0.181061
1.29203 0.1875

1.28906 0.191176
1.29194 0.1875

1.30469 0.170025
1.30347 0.171875

1.3034 0.171875
1.29788 0.179688

1.29688 0.180999
1.29783 0.179688

1.3125 0.157788
1.30861 0.164062

1.30469 0.169899
1.30856 0.164062

1.32031 0.144148
1.31798 0.148438

1.31795 0.148438
1.31342 0.15625

1.3125 0.157718
1.3134 0.15625

1.32812 0.128671
1.32617 0.132812

1.32615 0.132812
1.32219 0.140625

1.32031 0.144069
1.32218 0.140625

1.33594 0.110551
1.33325 0.117188

1.33324 0.117188
1.32982 0.125

1.32812 0.128599
1.32982 0.125

1.34375 0.0881036
1.34199 0.09375

1.34197 0.09375
1.3393 0.101562

1.33931 0.101562
1.3364 0.109375

1.33594 0.110503
1.33639 0.109375

1.35156 0.0564655
1.35036 0.0625

1.35036 0.0625
1.34859 0.0703125

1.3486 0.0703125
1.34661 0.078125

1.34662 0.078125
1.34441 0.0859375

1.34375 0.0880623
1.34441 0.0859375

1.3569 0
1.3568 0.0078125

1.3568 0.0078125
1.35649 0.015625

1.35649 0.015625
1.35599 0.0234375

1.35599 0.0234375
1.35528 0.03125

1.35528 0.03125
1.35436 0.0390625

1.35436 0.0390625
1.35324 0.046875

1.35325 0.046875
1.35191 0.0546875

1.35156 0.0563877
1.3519 0.0546875

kappa_offset_provider_stats evaluations=102994 clamp_hits=0 denominator_guard_hits=0 min_abs_denominator=0.74952156552924909 max_abs_d_over_h=0.50009544886546908 grad_samples=102994 grad_min=0.81821506552789836 grad_mean=0.9989643741647527 grad_std=0.0082953782738585894 grad_max=1.0080509065555847
