t sb -1 xb vb dt perf.t perf.speed
0 0 -1 0.5 0 0.000202385 0 0 
0.000202385 0 -1 0.5 0.000279541 0.000202385 0.003766 271907 1 31.36 172.287 0.182022 4 
0.00491164 -3.20289e-06 -1 0.5 0.00281207 0.00470926 0.014442 141809 11 124.633 4.25891 1.35926 6 5 121.447 17.9883 1.46514 6 2 0.0302974 6.69901e-06 67.2508 3 
0.0137207 -2.43019e-05 -1 0.500023 0.00821053 0.00880908 0.022243 138111 5 23.7352 1.25169 1.80127 6 6 108.993 4.67083 1.69044 7 3 0.0518301 6.96191e-05 9.06326 2 
0.0262156 -4.27217e-05 -1 0.500123 0.0158757 0.0124949 0.028809 142178 2 12.6854 0.498426 5.0449 6 5 14.4466 2.03723 1.4796 8 6 0.121114 3.09626e-05 3.96941 2 
0.0421182 -4.49787e-05 -1 0.50037 0.0252816 0.0159026 0.034749 147342 2 13.0697 0.266694 7.00045 6 3 5.01698 1.21186 1.6057 9 7 0.22383 5.54392e-05 3.27459 2 
0.061079 -2.75637e-05 -1 0.500843 0.0360292 0.0189608 0.042294 145269 6 28.1792 0.219107 2.2467 6 2 4.48129 0.814843 2.34512 10 8 0.41964 8.04977e-05 2.91499 2 
0.0828488 -1.61001e-05 -1 0.50162 0.0481689 0.0217698 0.048619 147432 2 55.8312 0.192967 17.0097 6 2 12.4729 0.149764 9.12597 10 10 0.71798 5.42907e-05 2.58308 2 
0.107158 -1.32825e-05 -1 0.502785 0.0613771 0.0243096 0.055972 146359 3 69.2136 0.129276 8.12004 5 2 18.9668 0.241172 8.86818 10 12 1.01305 9.01883e-05 2.1754 2 
0.133698 -1.50081e-05 -1 0.504411 0.0753972 0.0265398 0.068404 134729 4 99.4146 0.0396527 7.0761 4 2 29.0835 0.365469 8.92068 10 28 1.23297 7.71747e-05 1.41294 2 
0.162361 -1.27769e-05 -1 0.506576 0.090041 0.028663 0.085488 119783 11 157.401 0.0967548 1.95857 5 3 48.7518 0.296873 5.47612 9 27 3.65583 7.89051e-05 1.48871 3 
0.192873 -7.72962e-06 -1 0.509339 0.105104 0.0305122 0.098248 114649 8 79.0379 0.1058 2.28649 6 3 24.9958 0.404517 3.95346 9 14 5.51411 3.98579e-05 2.32923 4 
0.225139 -1.55874e-06 -1 0.512755 0.120426 0.0322658 0.443639 27698.2 10 150.787 0.0771708 2.13349 6 100 44.2594 0.438992 1.04721 100 11 5.04965 5.02019e-05 2.84955 4 
0.258979 3.64098e-06 -1 0.516864 0.135794 0.0338398 1.05899 12570.5 9 208.265 0.0778048 2.40351 6 100 72.2522 0.444036 1.05224 100 12 4.28713 6.33985e-05 2.52643 4 
0.293676 9.74377e-06 -1 0.521613 0.150802 0.0346965 1.67339 8567.05 9 149.275 0.0730099 2.33262 6 100 78.0485 0.394035 1.05431 100 10 7.99488 5.23613e-05 3.29898 4 
0.329285 1.62335e-05 -1 0.527003 0.165319 0.0356095 1.68824 9098.25 10 238.166 0.0703179 2.25414 6 1 79.4164 0.269529 294.648 100 7 4.07859 8.36256e-05 4.67454 4 
0.364895 2.33341e-05 -1 0.532825 0.178828 0.0356095 1.70961 9583.44 12 479.51 0.0649573 2.10062 6 2 211.177 0.239831 29.6737 99 7 4.04477 2.47747e-05 5.55518 4 
0.400504 2.93006e-05 -1 0.539202 0.191257 0.0356095 2.32498 7487.36 13 1040.74 0.0674273 2.09987 6 100 447.808 0.465629 1.0711 100 8 7.98983 3.13206e-05 4.74066 3 
0.433831 3.29194e-05 -1 0.545617 0.202004 0.0333269 2.94316 6262.65 11 364.596 0.07366 2.16706 7 100 110.903 0.470822 1.05614 100 7 9.69788 5.93669e-05 5.55563 3 
0.465512 3.66242e-05 -1 0.552055 0.211216 0.0316811 3.55843 5467.58 10 317.604 0.0903511 2.26253 6 100 175.779 0.599971 1.05845 100 12 5.53674 6.33455e-05 2.58104 3 
0.495685 4.12599e-05 -1 0.55837 0.219009 0.0301725 4.17541 4904.91 9 278.506 0.103122 2.40589 6 100 174.559 0.668134 1.05723 100 16 5.52648 9.62151e-05 1.98358 3 
0.525147 4.77246e-05 -1 0.564805 0.225778 0.0294625 4.79164 4487.82 7 427.935 0.0914364 3.34443 7 100 185.275 0.92751 1.0544 100 16 6.21339 6.53274e-05 2.0471 3 
0.553924 5.54075e-05 -1 0.5713 0.231643 0.0287774 5.40813 4165.58 4 1158.35 0.0712867 11.2904 6 100 525.944 0.56901 1.07068 100 19 5.39329 6.22557e-05 1.81919 3 
0.58204 7.04221e-05 -1 0.577766 0.236275 0.0281158 5.42523 4341.2 6 451.767 0.116144 3.9657 4 1 183.713 0.438411 419.042 100 16 9.13893 8.50505e-05 2.06277 4 
0.609833 9.29762e-05 -1 0.584311 0.24012 0.0277926 6.04139 4067.94 8 540.205 0.119912 2.86228 4 100 251.179 1.12517 1.05557 100 14 6.35359 4.60769e-05 2.32868 4 
0.637626 0.000113575 -1 0.591039 0.243251 0.0277926 6.65569 3846.34 7 266.96 0.12352 2.99493 4 100 183.681 1.00806 1.05343 100 12 5.63856 8.20901e-05 2.52972 4 
0.665095 0.000133385 -1 0.597599 0.245583 0.0274695 7.26876 3662.8 7 407.999 0.119159 3.1984 4 100 162.4 0.933346 1.05294 100 9 4.09466 3.20939e-05 3.69242 4 
0.692564 0.000152424 -1 0.604261 0.2473 0.0274695 7.88166 3507.89 9 593.877 0.119638 2.57423 3 100 258.664 0.629726 1.06203 100 8 5.14439 3.25089e-05 4.46598 4 
0.720034 0.000169969 -1 0.611112 0.248472 0.0274695 8.49574 3374.87 16 1347.78 0.128943 1.78321 6 100 592.368 0.577139 1.0718 100 7 7.31015 8.60616e-05 5.06011 4 
0.747503 0.000175829 -1 0.617806 0.248869 0.0274695 9.1101 3259.68 8 455.776 0.120854 2.79938 7 100 202.832 0.775647 1.05724 100 7 8.18254 9.40942e-05 5.07712 4 
0.774973 0.000181588 -1 0.624574 0.248938 0.0274695 9.72331 3159.42 8 318.483 0.110442 2.70704 7 100 210.974 0.890182 1.0562 100 8 5.14617 2.55748e-05 4.60213 4 
0.802442 0.000187435 -1 0.631418 0.248707 0.0274695 10.3341 3071.78 6 367.673 0.123411 3.79331 6 100 166.752 0.85345 1.05417 100 7 6.77191 5.98068e-05 5.27223 4 
0.829912 0.000197927 -1 0.63815 0.248135 0.0274695 10.3468 3166.97 6 480.276 0.127061 3.94681 5 1 181.922 0.487909 372.861 100 7 4.09492 2.76295e-05 5.47893 4 
0.857733 0.000214077 -1 0.64498 0.246998 0.0278216 10.3613 3261.37 13 1577.9 0.109682 2.08854 5 1 722.853 0.330997 2183.86 100 7 4.26781 3.76141e-05 5.27378 4 
0.885555 0.000222463 -1 0.651731 0.245665 0.0278216 10.976 3172.02 10 511.252 0.122629 2.30146 5 100 223.583 0.628044 1.06051 100 12 8.93049 4.26031e-05 2.77621 4 
0.913748 0.000228334 -1 0.65862 0.24414 0.0281926 11.5891 3092.56 10 410.439 0.103316 2.29038 5 100 222.837 0.652976 1.06006 100 12 8.59259 4.64917e-05 2.74723 4 
0.94194 0.000233709 -1 0.665431 0.242595 0.0281926 12.2005 3021.51 11 399.897 0.106317 2.11364 5 100 228.193 0.687278 1.05977 100 8 6.00521 8.09751e-05 4.0623 4 
0.970524 0.000239791 -1 0.672278 0.240889 0.0285842 12.8126 2957.08 11 486.521 0.12074 2.12691 5 100 307.347 0.642379 1.06365 100 7 5.94688 2.84258e-05 5.75549 4 
0.999109 0.000246544 -1 0.67907 0.239066 0.0285842 12.8344 3031.85 14 1814.39 0.109406 2.00173 5 2 853.634 0.385739 47.0424 99 10 5.41302 7.08922e-05 3.07811 3 
1.02811 0.000250665 -1 0.685894 0.237009 0.0289984 13.4462 2970.05 12 535.552 0.101703 2.04231 5 100 235.279 0.515304 1.06315 100 16 9.67643 5.7317e-05 2.12185 3 
1.05754 0.000253796 -1 0.692798 0.234934 0.0294312 14.0645 2912.3 11 367.718 0.0969538 2.11524 5 100 286.296 0.572086 1.06413 100 25 10.8423 9.76163e-05 1.59156 2 
1.08697 0.000257528 -1 0.699604 0.232992 0.0294312 14.6829 2859.37 11 472.403 0.101363 2.15523 5 100 322.071 0.713442 1.06303 100 36 8.37598 9.47989e-05 1.37213 2 
1.1164 0.00026321 -1 0.706348 0.231122 0.0294312 14.6994 2925.84 9 416.148 0.0981353 2.52957 5 1 275.271 0.257534 1068.87 100 20 9.49346 7.06651e-05 1.80472 2 
1.14583 0.000272121 -1 0.713066 0.229277 0.0294312 14.7264 2990.01 9 1861.6 0.101429 2.97678 4 1 880.979 0.116664 7551.44 100 44 11.8744 8.88758e-05 1.30766 3 
1.17574 0.000282834 -1 0.719845 0.227318 0.0299059 14.743 3056.09 8 686.435 0.104125 3.00179 4 1 245.892 0.31663 776.591 100 15 15.8276 5.36784e-05 2.31548 4 
1.20564 0.000296201 -1 0.726622 0.225491 0.0299059 15.3537 3001.23 7 329.252 0.105067 3.15819 4 100 304.28 0.491102 1.0664 100 11 16.6771 8.41207e-05 3.03086 4 
1.23325 0.000312167 -1 0.732707 0.22402 0.0276055 15.9648 2950.5 6 537.165 0.130984 4.00081 4 100 284.343 0.682441 1.06218 100 15 16.1927 9.97993e-05 2.22508 3 
1.26129 0.000331348 -1 0.738875 0.222481 0.0280437 15.9797 3011.82 9 559.141 0.0973716 2.61623 4 1 257.158 0.326164 788.43 100 13 19.2467 4.82428e-05 2.69675 3 
1.28934 0.000342809 -1 0.745043 0.220916 0.0280437 16 3072 13 1603.34 0.0994456 2.10693 5 1 744.371 0.131368 5666.28 100 29 17.6111 7.2887e-05 1.53329 2 
1.31738 0.000346331 -1 0.751175 0.219479 0.0280437 16.0189 3132.31 10 660.813 0.0984738 2.41366 5 1 553.764 0.394082 1405.2 100 26 17.3094 7.93045e-05 1.60452 2 
1.34496 0.000350008 -1 0.757156 0.218269 0.0275839 16.036 3192.81 9 374.641 0.127428 2.42869 5 1 503.417 0.194689 2585.76 100 22 20.7678 9.00626e-05 1.75293 2 
1.37043 0.000355302 -1 0.76271 0.217452 0.0254621 16.0503 3253.76 9 469.176 0.152419 2.44112 4 1 264.191 0.178773 1477.8 100 14 19.4857 7.63429e-05 2.43338 2 
1.39589 0.00036259 -1 0.768148 0.216642 0.0254621 16.0639 3314.76 9 539.389 0.130742 2.52186 4 1 552.775 0.194422 2843.17 100 12 25.2796 4.66054e-05 3.00512 2 
1.42135 0.000370716 -1 0.7736 0.215847 0.0254621 16.0793 3375.27 10 1496.31 0.148966 2.51301 4 1 704.925 0.280686 2511.44 100 14 33.2727 4.052e-05 2.6452 3 
1.44423 0.000376017 -1 0.778509 0.215294 0.022879 16.0978 3435 10 402.318 0.189123 2.1517 4 1 338.016 0.47091 717.793 100 21 32.2739 8.07844e-05 1.84816 3 
1.46711 0.000379729 -1 0.783453 0.214628 0.022879 16.1172 3494.4 9 694.33 0.167794 2.5227 5 1 649.527 0.491418 1321.74 100 25 35.4189 7.92448e-05 1.68272 3 
1.48999 0.000384769 -1 0.788295 0.213981 0.022879 16.1388 3553.17 6 456.738 0.158831 3.77099 5 2 656.152 0.505872 36.0149 99 17 37.4088 5.889e-05 2.19457 3 
1.51219 0.000391067 -1 0.792991 0.213563 0.0222061 16.1525 3613.55 6 430.621 0.168163 3.6988 5 1 368.451 0.64602 570.34 99 12 37.3062 6.56876e-05 3.01665 3 
1.53474 0.000397238 -1 0.797713 0.213143 0.0225425 16.1675 3673.54 7 666.723 0.171196 3.25778 4 1 789.571 0.361966 2181.34 99 17 31.7566 2.89683e-05 2.26615 3 
1.55628 0.000403113 -1 0.802278 0.212885 0.021548 16.1829 3733.32 10 1094.61 0.18166 2.38781 4 1 844.768 0.32222 2621.71 99 17 27.8831 6.88088e-05 2.1373 2 
1.57783 0.000406884 -1 0.806855 0.212488 0.021548 16.1981 3793.05 11 877.358 0.200631 2.14279 4 1 717.798 0.810976 885.104 99 15 32.1935 5.77115e-05 2.41602 2 
1.59971 0.000409453 -1 0.811497 0.212111 0.0218795 16.2249 3849.88 10 712.666 0.189362 2.27803 4 2 928.242 0.572168 40.2781 98 35 34.5257 9.11648e-05 1.44338 2 
1.61838 0.000411941 -1 0.81542 0.212254 0.0186705 16.2442 3908.35 7 457.205 0.253787 2.91804 4 2 529.789 0.645099 28.6575 97 11 22.0391 6.42009e-05 3.18597 3 
1.63705 0.000414937 -1 0.81937 0.212132 0.0186705 16.2571 3968.23 6 962.776 0.264612 3.92181 3 1 767.573 1.08489 707.515 97 11 22.8978 8.61864e-05 3.1126 3 
1.65598 0.000419384 -1 0.823336 0.211909 0.0189298 16.2704 4027.94 7 1084.54 0.273524 3.26615 3 1 982.84 0.613488 1602.05 97 12 27.4353 4.2139e-05 3.05119 3 
1.67491 0.000426572 -1 0.827328 0.211666 0.0189298 16.2836 4087.56 7 826.039 0.262168 3.16064 3 1 956.966 0.82635 1158.06 97 12 18.6357 7.52342e-05 2.8151 3 
1.69235 0.000435825 -1 0.830996 0.211619 0.0174354 16.2962 4147.22 5 936.627 0.259511 5.14615 2 1 623.528 0.158817 3926.09 97 12 20.989 5.40607e-05 2.92253 3 
1.70978 0.000448676 -1 0.834706 0.211464 0.0174354 16.3119 4206.01 7 715.756 0.28701 3.0568 2 1 745.162 0.360462 2067.24 97 19 30.7759 7.38244e-05 1.97601 3 
1.72676 0.000460455 -1 0.838273 0.211289 0.0169765 16.3275 4264.71 7 836.498 0.326066 3.06918 2 1 898.906 1.27863 703.022 97 19 37.3377 9.47614e-05 1.97016 3 
1.74374 0.000472084 -1 0.841854 0.211088 0.0169765 16.3442 4323.01 7 809.067 0.280175 3.12151 2 1 1249.55 1.26962 984.188 97 22 46.7392 6.26642e-05 1.84901 3 
1.76095 0.000483431 -1 0.845451 0.210843 0.0172091 16.3603 4381.33 6 599.703 0.300691 3.54788 2 1 785.753 1.19916 655.253 97 21 54.3733 7.39586e-05 1.90262 3 
1.77769 0.000497247 -1 0.848966 0.210663 0.016744 16.3743 4440.13 6 974.693 0.272347 3.91103 2 1 932.995 0.636215 1466.48 97 15 55.8422 5.57493e-05 2.51217 3 
1.79421 0.000508363 -1 0.852402 0.210438 0.0165177 16.3874 4499.07 6 875.989 0.274646 3.83667 2 1 1178.23 0.588074 2003.54 97 13 56.1623 7.79945e-05 2.82207 3 
1.80967 0.000517571 -1 0.855636 0.210342 0.0154589 16.4003 4557.96 5 963.236 0.40253 4.74009 2 1 1455.32 0.554147 2626.23 97 13 55.3676 7.74771e-05 2.82042 3 
1.82436 0.000525607 -1 0.858691 0.21016 0.0146955 16.4135 4616.69 6 663.229 0.33803 3.53822 2 1 805.063 1.2239 657.786 97 13 55.5716 5.43305e-05 2.8993 3 
1.83906 0.000533856 -1 0.861788 0.209699 0.0146955 16.4267 4675.31 6 1196.13 0.380751 3.82698 2 1 1203.29 0.308781 3896.9 97 13 59.6261 3.89692e-05 2.99052 3 
1.85413 0.000542103 -1 0.864938 0.209194 0.0150772 16.4404 4733.7 8 1274.06 0.411803 2.73094 2 1 1747.69 1.12787 1549.55 97 13 64.7126 4.66745e-05 2.96794 3 
1.86962 0.000545115 -1 0.868183 0.208655 0.0154847 16.4599 4790.32 8 576.666 0.337901 2.53523 2 2 913.12 1.45018 25.0931 96 13 71.6669 6.38176e-05 2.92021 3 
1.8851 0.000549416 -1 0.871394 0.208269 0.0154847 16.4798 4846.67 10 1034.05 0.301168 2.25722 3 2 1245.15 1.34345 30.4439 95 13 75.5932 5.21231e-05 2.97823 3 
1.89997 0.000552822 -1 0.874489 0.208033 0.0148653 16.4928 4904.92 6 1297.76 0.387178 3.86854 3 1 1589.09 0.916618 1733.64 95 12 73.618 6.50305e-05 3.19513 3 
1.91444 0.000557392 -1 0.877472 0.207642 0.0144741 16.5112 4961.49 6 1869.84 0.465262 3.98735 2 2 1615.58 0.479847 58.0246 94 12 74.6966 4.2288e-05 3.31582 3 
1.92911 0.000566062 -1 0.880508 0.206994 0.0146697 16.5297 5017.87 7 1485.56 0.405996 3.22889 2 2 1395.67 0.0807238 131.489 93 12 83.2343 6.89448e-05 3.2123 3 
1.9442 0.000576149 -1 0.883601 0.20617 0.0150829 16.5482 5074.16 7 1246.16 0.384038 3.17395 2 2 1177.59 0.146872 89.5419 92 12 93.7022 9.89638e-05 3.14791 3 
1.95972 0.00058547 -1 0.886791 0.204857 0.0155265 16.5614 5131.93 9 2466.85 0.33849 2.68644 3 1 1917.58 1.39084 1378.72 92 12 104.368 4.95672e-05 3.36471 3 
1.97548 0.000595585 -1 0.890002 0.202776 0.0157618 16.5799 5187.96 9 2024.06 0.377695 2.59623 2 2 1727.17 0.141877 110.335 91 11 88.9614 7.75847e-05 3.55514 3 
1.99125 0.000603346 -1 0.893233 0.20008 0.0157618 16.5982 5243.94 9 3159.97 0.354704 2.74706 3 2 2447.47 0.0978324 158.168 90 11 85.6463 4.93319e-05 3.69177 3 
2.00726 0.000606403 -1 0.896447 0.197239 0.016012 16.6127 5301 11 3077.44 0.305195 2.31188 3 1 2791.27 0.958376 2912.5 90 14 64.3744 6.03414e-05 2.69512 3 
2.02353 0.000604852 -1 0.899665 0.19518 0.0162745 16.6267 5358.12 9 3169.83 0.327751 2.77225 3 1 2962.41 1.2944 2288.64 90 14 60.902 6.80146e-05 2.66161 3 
2.04037 0.000598622 -1 0.902929 0.193835 0.0168357 16.6466 5413.22 9 2379.13 0.305578 2.70624 3 2 2432.45 1.15134 45.9642 89 15 47.4993 9.46409e-05 2.39906 3 
2.05782 0.000596976 -1 0.906301 0.193254 0.0174479 16.6591 5470.66 4 878.153 0.275332 7.51499 2 1 859.819 1.29291 665.028 89 13 29.8873 5.34042e-05 2.76788 3 
2.07559 0.000605772 -1 0.909694 0.193142 0.0177771 16.672 5527.83 11 1204.13 0.315392 2.11651 3 1 1340.02 0.237176 5649.87 89 10 35.1322 6.982e-05 3.71683 3 
2.09337 0.00061052 -1 0.913101 0.193221 0.0177771 16.6838 5585.29 8 1536.97 0.3137 2.89247 3 1 1656.56 0.247602 6690.41 89 9 33.7827 7.23628e-05 4.2649 3 
2.1115 0.00061876 -1 0.916555 0.193232 0.0181326 16.695 5642.87 8 1315.2 0.260464 2.90339 3 1 1659.65 0.263309 6303.06 89 7 22.2096 8.52735e-05 5.93848 3 
2.13001 0.000626123 -1 0.920135 0.193032 0.0185104 16.7097 5699.2 10 780.959 0.237103 2.24786 3 1 904.188 0.683856 1322.19 89 17 10.6823 6.62401e-05 2.02454 2 
2.14935 0.000629313 -1 0.923882 0.192598 0.0193331 16.7239 5755.6 10 668.385 0.251235 2.20036 3 1 581.821 0.922367 630.791 89 16 13.9095 6.33801e-05 2.15692 2 
2.16913 0.000632314 -1 0.927731 0.192215 0.0197827 16.7445 5809.65 10 434.787 0.232313 2.12432 3 2 368.009 0.881076 20.4373 88 20 16.3234 7.16982e-05 1.85296 2 
2.18891 0.000635568 -1 0.931494 0.191813 0.0197827 16.7578 5866.16 10 1116.87 0.184589 2.3888 4 1 1027.84 0.553819 1855.9 88 13 15.2613 8.27791e-05 2.54127 2 
2.20869 0.000638791 -1 0.935251 0.191365 0.0197827 16.7697 5923.05 7 1131.19 0.1908 3.45934 4 1 1140.24 0.353133 3228.92 88 10 13.4684 9.61642e-05 3.27062 2 
2.22898 0.000643286 -1 0.939058 0.190562 0.0202899 16.7867 5978.07 7 1032.98 0.171329 3.46767 4 2 1068.67 0.0916986 107.954 87 10 13.4077 5.53856e-05 3.45458 2 
2.24927 0.000649595 -1 0.942865 0.189896 0.0202899 16.8034 6033.07 8 341.555 0.188339 2.55455 3 2 801.247 0.111092 84.9261 86 10 10.1185 6.68398e-05 3.29616 2 
2.27013 0.000658524 -1 0.946777 0.189463 0.0208535 16.8198 6088.05 10 1077.01 0.200637 2.36037 3 1 776.586 0.776844 999.667 86 25 16.6262 8.35155e-05 1.62915 2 
2.2904 0.000666008 -1 0.950641 0.18912 0.0202743 16.8394 6141.79 7 653.083 0.172119 3.24568 3 1 559.929 0.694138 806.654 86 30 21.1111 8.19792e-05 1.51482 3 
2.31068 0.000673233 -1 0.954516 0.188764 0.0202743 16.8564 6196.32 7 890.591 0.226145 3.26297 3 1 937.106 0.717635 1305.82 86 23 20.3147 7.7251e-05 1.72047 3 
2.33095 0.000681696 -1 0.958402 0.188471 0.0202743 16.8736 6250.72 7 761.202 0.227319 3.18825 3 1 784.982 0.893448 878.598 86 23 18.1406 9.81724e-05 1.69428 3 
2.35186 0.000690832 -1 0.962291 0.188138 0.0209078 16.8942 6303.69 8 644.835 0.192157 2.75882 3 2 600.506 0.67463 29.835 85 18 17.052 5.36858e-05 2.02145 3 
2.37211 0.000697673 -1 0.966037 0.187839 0.0202545 16.9072 6359.42 7 488.092 0.15906 3.14872 3 1 364.046 0.280895 1296.02 85 13 14.2194 8.52187e-05 2.52185 3 
2.39304 0.000706474 -1 0.969886 0.187547 0.0209296 16.9193 6415.38 8 435.8 0.158453 2.69106 3 1 590.792 0.143694 4111.47 85 11 12.4952 6.59628e-05 3.01834 3 
2.41397 0.000718575 -1 0.973773 0.187378 0.0209296 16.9312 6471.38 10 1007.25 0.17096 2.38245 3 1 780.7 0.594178 1313.92 85 8 16.5364 4.48845e-05 4.96356 3 
2.4349 0.000725051 -1 0.977712 0.187097 0.0209296 16.943 6527.29 10 986.048 0.223148 2.31489 3 1 965.619 0.15056 6413.5 85 8 23.6263 4.90738e-05 5.13237 3 
2.45664 0.000730328 -1 0.981853 0.186802 0.0217346 16.9552 6582.98 9 712.741 0.189513 2.49606 3 1 735.942 0.21447 3431.45 85 9 25.1772 3.15742e-05 4.52628 3 
2.47837 0.000734637 -1 0.986016 0.186541 0.0217346 16.9671 6638.71 10 515.697 0.202151 2.19115 3 1 527.498 0.232375 2270.03 85 8 22.5608 5.22195e-05 5.06338 3 
2.50105 0.000741022 -1 0.990168 0.186129 0.0226796 16.98 6693.98 10 734.176 0.188946 2.28532 4 1 715.92 0.315027 2272.57 85 13 21.4426 6.53944e-05 2.65636 2 
2.52024 0.000748098 -1 0.993658 0.186086 0.0191904 16.9964 6747.8 6 555.065 0.268756 3.5686 3 2 607.559 0.182408 57.7128 84 11 9.59686 6.33653e-05 2.95757 2 
2.54023 0.00075777 -1 0.997311 0.186086 0.01999 17.0128 6801.46 7 282.038 0.187746 2.84328 3 2 858.02 0.079317 104.008 83 11 11.622 3.78509e-05 3.15382 2 
2.56113 0.000766851 -1 1.00116 0.18605 0.0208986 17.0279 6855.58 9 1061.62 0.205939 2.58506 3 1 776.971 0.781472 994.241 83 22 12.0035 8.34355e-05 1.71574 2 
2.58203 0.000775757 -1 1.00509 0.186025 0.0208986 17.0458 6908.44 12 1008.57 0.182035 2.05099 3 1 976.099 0.283489 3443.17 83 22 19.035 6.56918e-05 1.77123 3 
2.60403 0.000778922 -1 1.00925 0.185866 0.0219986 17.0622 6961.83 11 778.852 0.183578 2.1369 3 1 696.704 0.264178 2637.25 83 19 26.4172 6.75086e-05 1.96944 3 
2.62602 0.000783467 -1 1.01343 0.185679 0.0219986 17.0784 7015.17 11 781.094 0.175704 2.146 3 1 724.954 0.733022 988.993 83 19 25.006 5.93255e-05 1.97716 3 
2.64302 0.000787371 -1 1.01652 0.185759 0.0169989 17.0906 7070.07 8 691.863 0.278004 2.65764 3 1 608.899 0.334768 1818.87 83 11 13.0123 3.96622e-05 3.17287 3 
2.66087 0.000790654 -1 1.01976 0.185741 0.0178488 17.1024 7125.1 7 478.713 0.262126 2.92374 4 1 639.538 0.873959 731.772 83 10 8.96305 8.0825e-05 3.19515 3 
2.67971 0.000796213 -1 1.02319 0.185814 0.0188404 17.1192 7177.89 5 188.78 0.254454 3.75033 4 1 373.352 0.221507 1685.5 83 30 11.4028 9.4655e-05 1.47694 2 
2.69973 0.000804138 -1 1.02686 0.185993 0.020018 17.1335 7231.7 8 868.449 0.220187 2.8151 3 1 463.057 0.375788 1232.23 83 19 8.58981 6.64889e-05 1.85786 2 
2.72118 0.000808335 -1 1.03087 0.186062 0.0214478 17.148 7285.28 10 737.04 0.190263 2.28462 4 1 775.324 0.826792 937.75 83 18 11.7639 6.13352e-05 1.96558 2 
2.74263 0.000811659 -1 1.03494 0.186133 0.0214478 17.1674 7336.69 9 911.994 0.179601 2.58073 3 2 812.417 0.374233 46.5928 82 19 17.9636 9.5888e-05 1.89455 2 
2.76407 0.000815935 -1 1.03901 0.186095 0.0214478 17.183 7389.61 11 999.383 0.183131 2.18637 3 1 878.132 0.703973 1247.39 82 22 23.9145 7.51534e-05 1.77878 2 
2.78093 0.000820571 -1 1.04213 0.186217 0.0168519 17.1953 7443.92 7 593.192 0.279589 2.98703 3 1 647.809 0.552366 1172.79 82 14 14.7714 9.07056e-05 2.35652 2 
2.79778 0.00082628 -1 1.04519 0.186211 0.0168519 17.2066 7498.5 7 570.395 0.272992 2.9805 3 1 481.367 0.515137 934.444 82 12 10.3715 9.29167e-05 2.63418 2 
2.81616 0.000836977 -1 1.04855 0.186293 0.0183839 17.2229 7550.89 6 292.765 0.231509 3.28846 3 2 535.497 0.0537594 99.8047 81 12 10.8789 4.69908e-05 2.79929 2 
2.83659 0.000849953 -1 1.05229 0.186457 0.0204265 17.2344 7605.28 9 530.571 0.187825 2.41793 3 1 268.301 0.615264 436.075 81 11 14.3322 6.99704e-05 3.03987 2 
2.85701 0.000862976 -1 1.0561 0.186705 0.0204265 17.2475 7658.85 7 897.911 0.235665 3.2476 2 1 405.687 0.459615 882.667 81 15 10.4043 5.3851e-05 2.25113 3 
2.87744 0.000877382 -1 1.05997 0.186989 0.0204265 17.2693 7708.47 10 562.409 0.202301 2.21007 3 1 617.444 0.287169 2150.11 81 35 10.5712 7.78683e-05 1.40168 3 
2.89787 0.000885532 -1 1.06387 0.187177 0.0204265 17.2923 7757.46 7 901.271 0.218042 3.28561 4 1 724.807 0.264183 2743.58 81 39 14.3515 8.28187e-05 1.36247 3 
2.91829 0.000893024 -1 1.06771 0.187192 0.0204265 17.3134 7807.12 9 799.398 0.178003 2.54575 3 1 694.778 0.45876 1514.47 81 33 21.0366 9.52558e-05 1.45192 3 
2.93464 0.000897779 -1 1.0707 0.187351 0.0163412 17.3267 7860.25 7 559.723 0.279722 2.96215 2 1 501.664 0.273731 1832.69 81 15 12.8943 6.5446e-05 2.25407 3 
2.95098 0.000905605 -1 1.0737 0.187451 0.0163412 17.3389 7913.76 8 473.236 0.285609 2.52588 2 1 475.71 0.284736 1670.7 81 12 9.0991 6.19359e-05 2.69518 3 
2.96732 0.000914715 -1 1.07671 0.187657 0.0163412 17.3505 7967.5 7 235.935 0.329163 2.55806 2 1 329.603 0.7322 450.154 81 11 9.40646 4.32461e-05 3.05651 3 
2.98366 0.000923591 -1 1.07974 0.187931 0.0163412 17.3663 8019.2 6 532.252 0.366848 3.36464 2 1 241.447 0.246578 979.189 81 28 10.29 8.15625e-05 1.52116 2 
3 0.000933564 -1 1.08281 0.188205 0.0163412 17.3794 8072.1 7 599.107 0.344198 2.90373 2 1 245.134 0.0433939 5649.04 81 18 11.0646 8.4682e-05 1.92411 2 

# Multigrid, 137 steps, 139.194 CPU, 17.4 real, 8.06e+03 points.step/s, 24 var
