0.914875 0
0.914878 0.00390625

0.914878 0.00390625
0.914887 0.0078125

0.914887 0.0078125
0.914903 0.0117188

0.914903 0.0117188
0.914925 0.015625

0.914925 0.015625
0.914952 0.0195312

0.914952 0.0195312
0.914987 0.0234375

0.914987 0.0234375
0.915027 0.0273438

0.915027 0.0273438
0.915074 0.03125

0.915074 0.03125
0.915127 0.0351562

0.915127 0.0351562
0.915187 0.0390625

0.915187 0.0390625
0.915254 0.0429688

0.915254 0.0429688
0.915327 0.046875

0.915327 0.046875
0.915408 0.0507812

0.915408 0.0507812
0.915495 0.0546875

0.915495 0.0546875
0.915589 0.0585938

0.915589 0.0585938
0.915691 0.0625

0.915691 0.0625
0.9158 0.0664062

0.9158 0.0664062
0.915917 0.0703125

0.915917 0.0703125
0.916042 0.0742188

0.916042 0.0742188
0.916175 0.078125

0.916175 0.078125
0.916316 0.0820312

0.916316 0.0820312
0.916465 0.0859375

0.916465 0.0859375
0.916623 0.0898438

0.916623 0.0898438
0.916791 0.09375

0.916791 0.09375
0.916967 0.0976562

0.916967 0.0976562
0.917153 0.101562

0.917153 0.101562
0.917349 0.105469

0.917349 0.105469
0.917555 0.109375

0.917555 0.109375
0.917772 0.113281

0.917771 0.113281
0.917969 0.11667

0.917969 0.116668
0.917999 0.117188

0.917999 0.117188
0.918238 0.121094

0.918238 0.121094
0.918488 0.125

0.918488 0.125
0.91875 0.128906

0.91875 0.128906
0.919025 0.132812

0.919025 0.132812
0.919313 0.136719

0.919313 0.136719
0.919615 0.140625

0.919615 0.140625
0.91993 0.144531

0.91993 0.144531
0.92026 0.148438

0.92026 0.148438
0.920605 0.152344

0.920605 0.152344
0.920966 0.15625

0.920966 0.15625
0.921344 0.160156

0.921343 0.160156
0.921738 0.164062

0.921737 0.164062
0.921875 0.165366

0.921875 0.165364
0.92215 0.167969

0.92215 0.167969
0.922581 0.171875

0.922581 0.171875
0.923031 0.175781

0.923031 0.175781
0.923502 0.179688

0.923502 0.179688
0.923994 0.183594

0.923994 0.183594
0.924509 0.1875

0.924508 0.1875
0.925046 0.191406

0.925045 0.191406
0.925606 0.195312

0.925605 0.195312
0.925781 0.196484

0.925781 0.196478
0.926193 0.199219

0.926193 0.199219
0.926808 0.203125

0.926807 0.203125
0.927451 0.207031

0.92745 0.207031
0.928123 0.210938

0.928122 0.210938
0.928825 0.214844

0.928824 0.214844
0.929559 0.21875

0.929557 0.21875
0.929688 0.219412

0.929688 0.219402
0.93033 0.222656

0.93033 0.222656
0.931139 0.226562

0.931138 0.226562
0.931985 0.230469

0.931985 0.230469
0.932871 0.234375

0.932868 0.234375
0.933594 0.237422

0.933594 0.237417
0.9338 0.238281

0.933799 0.238281
0.934778 0.242188

0.934778 0.242188
0.935806 0.246094

0.935805 0.246094
0.936882 0.25

0.936877 0.25
0.9375 0.252141

0.9375 0.252129
0.938017 0.253906

0.938017 0.253906
0.939215 0.257812

0.939214 0.257812
0.940473 0.261719

0.940467 0.261719
0.941406 0.264475

0.941406 0.264462
0.941803 0.265625

0.941802 0.265625
0.943211 0.269531

0.943209 0.269531
0.944695 0.273438

0.944682 0.273438
0.945312 0.274996

0.945312 0.274965
0.946274 0.277344

0.946273 0.277344
0.947948 0.28125

0.947936 0.28125
0.949219 0.28406

0.949219 0.284039
0.949729 0.285156

0.949728 0.285156
0.95163 0.289062

0.951614 0.289062
0.953125 0.291963

0.953125 0.29194
0.953661 0.292969

0.953656 0.292969
0.955839 0.296875

0.955814 0.296875
0.957031 0.298899

0.957031 0.298855
0.95819 0.300781

0.958175 0.300781
0.960719 0.304688

0.96067 0.304688
0.960938 0.305083

0.960938 0.305005
0.963475 0.308594

0.963459 0.308594
0.964844 0.310434

0.964844 0.310363
0.966496 0.3125

0.966481 0.3125
0.96875 0.315191

0.96875 0.315164
0.969835 0.316406

0.969821 0.316406
0.972656 0.319437

0.972656 0.319406
0.973561 0.320312

0.973524 0.320312
0.976562 0.323168

0.976562 0.323141
0.977798 0.324219

0.97774 0.324219
0.980469 0.326508

0.980469 0.326482
0.982667 0.328125

0.98254 0.328125
0.984375 0.329456

0.984375 0.329406
0.988281 0.331968

0.988281 0.331982
0.988368 0.332031

0.988372 0.332031
0.992188 0.334221

0.992188 0.334196
0.9957 0.335938

0.995595 0.335938
0.996094 0.336185

0.996094 0.336148
1 0.337801

1 0.337776
1.00391 0.339177

1.00391 0.339188
1.00611 0.339844

1.00605 0.339844
1.00781 0.340368

1.00781 0.340349
1.01172 0.341261

1.01172 0.341253
1.01562 0.341949

1.01562 0.341948
1.01953 0.342449

1.01953 0.342447
1.02344 0.342757

1.02344 0.342756
1.02734 0.34288

1.02734 0.342878
1.03125 0.342823

1.03125 0.342821
1.03516 0.342593

1.03516 0.342591
1.03906 0.342198

1.03906 0.342196
1.04297 0.341648

1.04297 0.341646
1.04688 0.340953

1.04688 0.340952
1.05078 0.340119

1.05469 0.339144
1.05189 0.339844

1.05078 0.340125
1.0519 0.339844

1.05469 0.339139
1.05859 0.338022

1.05859 0.33802
1.0625 0.33678

1.06641 0.335424
1.06493 0.335938

1.0625 0.336782
1.06492 0.335938

1.06641 0.335418
1.07031 0.33393

1.07031 0.333923
1.07422 0.332328

1.07812 0.330626
1.07492 0.332031

1.07422 0.332337
1.07492 0.332031

1.07812 0.330611
1.08203 0.328789

1.08594 0.326877
1.08341 0.328125

1.08203 0.328797
1.08339 0.328125

1.08594 0.326859
1.08984 0.324829

1.09375 0.322716
1.09099 0.324219

1.08984 0.324837
1.09098 0.324219

1.09375 0.322698
1.09766 0.320468

1.10156 0.318158
1.09793 0.320312

1.09766 0.320476
1.09794 0.320312

1.10547 0.315753
1.10441 0.316406

1.10156 0.318152
1.10438 0.316406

1.10547 0.315725
1.10938 0.313217

1.11328 0.310637
1.11047 0.3125

1.10938 0.313215
1.11047 0.3125

1.11719 0.307967
1.11626 0.308594

1.11328 0.310625
1.11623 0.308594

1.11719 0.307931
1.12109 0.305152

1.125 0.302298
1.12173 0.304688

1.12109 0.305145
1.12173 0.304688

1.12891 0.299367
1.12702 0.300781

1.125 0.302282
1.127 0.300781

1.13281 0.29634
1.13213 0.296875

1.12891 0.299343
1.13208 0.296875

1.13281 0.296308
1.13672 0.293182

1.14062 0.289973
1.13698 0.292969

1.13672 0.29318
1.13698 0.292969

1.14453 0.286682
1.14171 0.289062

1.14062 0.289959
1.1417 0.289062

1.14844 0.283313
1.14629 0.285156

1.14453 0.286651
1.14628 0.285156

1.15234 0.279835
1.15075 0.28125

1.14844 0.283261
1.15074 0.28125

1.15625 0.276269
1.15508 0.277344

1.15234 0.279791
1.15506 0.277344

1.16016 0.272611
1.15928 0.273438

1.15625 0.276232
1.15926 0.273438

1.16406 0.268857
1.16337 0.269531

1.16016 0.272576
1.16334 0.269531

1.16797 0.265005
1.16735 0.265625

1.16406 0.268823
1.16732 0.265625

1.17188 0.26105
1.17122 0.261719

1.16797 0.264981
1.17119 0.261719

1.17578 0.25699
1.175 0.257812

1.17188 0.261032
1.17497 0.257812

1.17969 0.252821
1.17868 0.253906

1.17578 0.256977
1.17866 0.253906

1.18359 0.248538
1.18228 0.25

1.17969 0.252817
1.18225 0.25

1.1875 0.244136
1.18579 0.246094

1.18359 0.248547
1.18576 0.246094

1.19141 0.239624
1.18922 0.242188

1.1875 0.244147
1.18919 0.242188

1.19531 0.234993
1.19256 0.238281

1.19141 0.239629
1.19255 0.238281

1.19922 0.230236
1.19903 0.230469

1.19902 0.230469
1.19583 0.234375

1.19531 0.234989
1.19582 0.234375

1.20312 0.225294
1.20215 0.226562

1.19922 0.230215
1.20213 0.226562

1.20703 0.220222
1.20518 0.222656

1.20312 0.225281
1.20517 0.222656

1.21094 0.214991
1.20815 0.21875

1.20703 0.220226
1.20813 0.21875

1.21484 0.209576
1.21389 0.210938

1.21387 0.210938
1.21104 0.214844

1.21094 0.214989
1.21104 0.214844

1.21875 0.203978
1.21664 0.207031

1.21484 0.209562
1.21663 0.207031

1.22266 0.198181
1.22198 0.199219

1.22197 0.199219
1.21934 0.203125

1.21875 0.203982
1.21932 0.203125

1.22656 0.192152
1.22454 0.195312

1.22266 0.198164
1.22453 0.195312

1.23047 0.185887
1.22949 0.1875

1.22948 0.1875
1.22704 0.191406

1.22656 0.19215
1.22703 0.191406

1.23438 0.179364
1.23419 0.179688

1.23418 0.179688
1.23186 0.183594

1.23047 0.185869
1.23186 0.183594

1.23828 0.172511
1.23644 0.175781

1.23438 0.179342
1.23643 0.175781

1.24219 0.165334
1.24078 0.167969

1.24078 0.167969
1.23864 0.171875

1.23828 0.172503
1.23863 0.171875

1.24609 0.157776
1.24489 0.160156

1.24489 0.160156
1.24286 0.164062

1.24219 0.165323
1.24286 0.164062

1.25 0.149777
1.24878 0.152344

1.24877 0.152344
1.24686 0.15625

1.24609 0.157764
1.24686 0.15625

1.25391 0.141265
1.25244 0.144531

1.25244 0.144531
1.25063 0.148438

1.25 0.149767
1.25063 0.148438

1.25781 0.132139
1.25754 0.132812

1.25753 0.132812
1.25589 0.136719

1.25589 0.136719
1.25419 0.140625

1.25391 0.141258
1.25419 0.140625

1.26172 0.12224
1.26067 0.125

1.26067 0.125
1.25912 0.128906

1.25781 0.132123
1.25912 0.128906

1.26562 0.111394
1.26498 0.113281

1.26498 0.113281
1.26359 0.117188

1.26359 0.117188
1.26215 0.121094

1.26172 0.122233
1.26215 0.121094

1.26953 0.0992771
1.26884 0.101562

1.26884 0.101562
1.2676 0.105469

1.2676 0.105469
1.26631 0.109375

1.26562 0.111384
1.26631 0.109375

1.27344 0.0853638
1.27329 0.0859375

1.27329 0.0859375
1.27225 0.0898438

1.27225 0.0898438
1.27116 0.09375

1.27116 0.09375
1.27002 0.0976562

1.26953 0.0992694
1.27002 0.0976562

1.27734 0.0685113
1.27697 0.0703125

1.27697 0.0703125
1.27612 0.0742188

1.27612 0.0742188
1.27523 0.078125

1.27522 0.078125
1.27428 0.0820312

1.27344 0.0853526
1.27428 0.0820312

1.28125 0.0456544
1.28109 0.046875

1.28109 0.046875
1.28052 0.0507812

1.28052 0.0507812
1.2799 0.0546875

1.2799 0.0546875
1.27924 0.0585938

1.27924 0.0585938
1.27853 0.0625

1.27853 0.0625
1.27777 0.0664062

1.27734 0.0685049
1.27777 0.0664062

1.28435 0
1.28433 0.00390625

1.28433 0.00390625
1.28426 0.0078125

1.28426 0.0078125
1.28415 0.0117188

1.28415 0.0117188
1.28399 0.015625

1.28399 0.015625
1.28379 0.0195312

1.28379 0.0195312
1.28354 0.0234375

1.28354 0.0234375
1.28324 0.0273438

1.28324 0.0273438
1.2829 0.03125

1.2829 0.03125
1.28252 0.0351562

1.28252 0.0351562
1.28209 0.0390625

1.28209 0.0390625
1.28161 0.0429688

1.28125 0.0456494
1.28161 0.0429688

