0 0.00999097
0.0338878 0.00998507
0.0677756 0.00996816
0.101663 0.00994063
0.135551 0.00990277
0.169439 0.00985464
0.203327 0.00979647
0.237215 0.00972848
0.271102 0.00965088
0.30499 0.00956389
0.338878 0.00946775
0.372766 0.00936268
0.406653 0.0092489
0.440541 0.00912659
0.474429 0.00899596
0.508317 0.00885719
0.542205 0.00871046
0.576092 0.00855597
0.60998 0.00839395
0.643868 0.00822466
0.677756 0.00804832
0.711644 0.00786517
0.745531 0.00767539
0.779419 0.00747974
0.813307 0.00727798
0.847195 0.00707036
0.881082 0.00685713
0.91497 0.00663856
0.948858 0.00641489
0.982746 0.00618636
1.01663 0.00595321
1.05052 0.0057157
1.08441 0.0054741
1.1183 0.00522867
1.15218 0.00497967
1.18607 0.00472738
1.21996 0.00447206
1.25385 0.00421399
1.28774 0.00395343
1.32162 0.00369059
1.35551 0.00342578
1.3894 0.00315932
1.42329 0.00289148
1.45717 0.00262252
1.49106 0.00235272
1.52495 0.00208234
1.55884 0.00181166
1.59273 0.00154096
1.62661 0.00127051
1.6605 0.00100057
1.69439 0.000731405
1.72828 0.000463285
1.76216 0.000196476
1.79605 6.86303e-05
1.82994 0.000332029
1.86383 0.000593324
1.89772 0.000852279
1.9316 0.00110866
1.96549 0.00136222
1.99938 0.00161274
2.03327 0.00186
2.06716 0.00210381
2.10104 0.00234395
2.13493 0.00258022
2.16882 0.00281242
2.20271 0.00304037
2.23659 0.00326387
2.27048 0.00348276
2.30437 0.00369685
2.33826 0.003906
2.37215 0.00410997
2.40603 0.00430867
2.43992 0.00450194
2.47381 0.00468967
2.5077 0.0048717
2.54158 0.0050479
2.57547 0.00521815
2.60936 0.00538232
2.64325 0.0055403
2.67714 0.00569197
2.71102 0.00583722
2.74491 0.00597597
2.7788 0.00610811
2.81269 0.00623357
2.84657 0.00635227
2.88046 0.00646414
2.91435 0.00656911
2.94824 0.00666712
2.98213 0.00675814
3.01601 0.00684213
3.0499 0.00691903
3.08379 0.00698885
3.11768 0.00705154
3.15156 0.00710711
3.18545 0.00715555
3.21934 0.00719686
3.25323 0.00723105
3.28712 0.00725814
3.321 0.00727816
3.35489 0.00729113
3.38878 0.00729709
3.42267 0.0072961
3.45655 0.00728819
3.49044 0.00727344
3.52433 0.0072519
3.55822 0.00722365
3.59211 0.00718876
3.62599 0.00714732
3.65988 0.00709941
3.69377 0.00704513
3.72766 0.00698458
3.76154 0.00691785
3.79543 0.00684505
3.82932 0.0067663
3.86321 0.00668172
3.8971 0.00659142
3.93098 0.00649554
3.96487 0.00639419
3.99876 0.00628751
4.03265 0.00617564
4.06653 0.00605872
4.10042 0.00593689
4.13431 0.00581031
4.1682 0.00567911
4.20209 0.00554346
4.23597 0.00540353
4.26986 0.00525945
4.30375 0.00511141
4.33764 0.00495957
4.37152 0.0048041
4.40541 0.00464517
4.4393 0.00448296
4.47319 0.00431763
4.50708 0.00414937
4.54096 0.00397835
4.57485 0.00380473
4.60874 0.00362868
4.64263 0.00345044
4.67651 0.0032702
4.7104 0.00308814
4.74429 0.00290443
4.77818 0.00271928
4.81207 0.00253287
4.84595 0.0023454
4.87984 0.00215704
4.91373 0.00196798
4.94762 0.00177843
4.9815 0.00158855
5.01539 0.00139854
5.04928 0.00120859
5.08317 0.00101887
5.11706 0.000829574
5.15094 0.000640868
5.18483 0.000452939
5.21872 0.000265964
5.25261 8.01148e-05
5.28649 0.000104317
5.32038 0.00028738
5.35427 0.000468796
5.38816 0.00064841
5.42205 0.000826056
5.45593 0.00100158
5.48982 0.00117483
5.52371 0.00134567
5.5576 0.00151396
5.59149 0.00167956
5.62537 0.00184232
5.65926 0.00200212
5.69315 0.00215882
5.72704 0.00231231
5.76092 0.00246246
5.79481 0.00260916
5.8287 0.0027523
5.86259 0.00289176
5.89648 0.00302745
5.93036 0.00315925
5.96425 0.00328708
5.99814 0.00341084
6.03203 0.00353044
6.06591 0.00364579
6.0998 0.00375682
6.13369 0.00386343
6.16758 0.00396555
6.20147 0.0040631
6.23535 0.00415605
6.26924 0.00424432
6.30313 0.00432787
6.33702 0.00440665
6.3709 0.00448063
6.40479 0.00454975
6.43868 0.00461399
6.47257 0.00467332
6.50646 0.00472772
6.54034 0.00477717
6.57423 0.00482166
6.60812 0.00486119
6.64201 0.00489574
6.67589 0.00492533
6.70978 0.00494996
6.74367 0.00496965
6.77756 0.00498441
6.81145 0.00499426
6.84533 0.00499924
6.87922 0.00499937
6.91311 0.00499469
6.947 0.00498524
6.98088 0.00497106
7.01477 0.00495221
7.04866 0.00492874
7.08255 0.0049007
7.11644 0.00486815
7.15032 0.00483116
7.18421 0.0047898
7.2181 0.00474413
7.25199 0.00469423
7.28587 0.00464018
7.31976 0.00458206
7.35365 0.00451996
7.38754 0.00445396
7.42143 0.00438415
7.45531 0.00431062
7.4892 0.00423348
7.52309 0.00415281
7.55698 0.00406873
7.59086 0.00398132
7.62475 0.0038907
7.65864 0.00379695
7.69253 0.00370022
7.72642 0.00360061
7.7603 0.00349823
7.79419 0.00339322
7.82808 0.00328568
7.86197 0.00317573
7.89585 0.00306351
7.92974 0.00294912
7.96363 0.0028327
7.99752 0.00271437
8.03141 0.00259426
8.06529 0.00247249
8.09918 0.0023492
8.13307 0.00222451
8.16696 0.00209856
8.20084 0.00197147
8.23473 0.00184338
8.26862 0.00171442
8.30251 0.00158472
8.3364 0.0014544
8.37028 0.0013236
8.40417 0.00119245
8.43806 0.00106108
8.47195 0.000929622
8.50583 0.000798187
8.53972 0.000666909
8.57361 0.000535923
8.6075 0.000405352
8.64139 0.000275311
8.67527 0.000145917
8.70916 1.72945e-05
8.74305 0.000110239
8.77694 0.000236936
8.81082 0.000362506
8.84471 0.00048683
8.8786 0.000609794
8.91249 0.000731293
8.94638 0.000851232
8.98026 0.000969509
9.01415 0.00108602
9.04804 0.00120066
9.08193 0.00131334
9.11582 0.00142397
9.1497 0.00153246
9.18359 0.00163872
9.21748 0.00174266
9.25137 0.00184421
9.28525 0.00194328
9.31914 0.0020398
9.35303 0.0021337
9.38692 0.0022249
9.42081 0.00231335
9.45469 0.00239896
9.48858 0.00248168
9.52247 0.00256146
9.55636 0.00263822
9.59024 0.00271193
9.62413 0.00278253
9.65802 0.00284997
9.69191 0.00291421
9.7258 0.00297521
9.75968 0.00303294
9.79357 0.00308735
9.82746 0.00313843
9.86135 0.00318614
9.89523 0.00323046
9.92912 0.00327138
9.96301 0.00330888
9.9969 0.00334294
10.0308 0.00337357
10.0647 0.00340074
10.0986 0.00342448
10.1324 0.00344476
10.1663 0.00346161
10.2002 0.00347503
10.2341 0.00348502
10.268 0.00349162
10.3019 0.00349483
10.3358 0.00349467
10.3697 0.00349118
10.4036 0.00348438
10.4374 0.00347429
10.4713 0.00346096
10.5052 0.00344443
10.5391 0.00342472
10.573 0.00340188
10.6069 0.00337595
10.6408 0.00334699
10.6747 0.00331505
10.7085 0.00328016
10.7424 0.0032424
10.7763 0.00320181
10.8102 0.00315845
10.8441 0.00311239
10.878 0.00306369
10.9119 0.00301241
10.9458 0.00295862
10.9796 0.00290238
11.0135 0.00284378
11.0474 0.00278288
11.0813 0.00271975
11.1152 0.00265448
11.1491 0.00258713
11.183 0.00251779
11.2169 0.00244654
11.2507 0.00237346
11.2846 0.00229863
11.3185 0.00222213
11.3524 0.00214406
11.3863 0.00206449
11.4202 0.00198352
11.4541 0.00190123
11.488 0.00181771
11.5218 0.00173304
11.5557 0.00164732
11.5896 0.00156064
11.6235 0.00147309
11.6574 0.00138476
11.6913 0.00129573
11.7252 0.0012061
11.7591 0.00111597
11.793 0.00102541
11.8268 0.000934526
11.8607 0.000843402
11.8946 0.000752129
11.9285 0.000660795
11.9624 0.000569488
11.9963 0.000478293
12.0302 0.000387301
12.0641 0.000296598
12.0979 0.00020627
12.1318 0.000116398
12.1657 2.70644e-05
12.1996 6.14833e-05
12.2335 0.000149482
12.2674 0.000236689
12.3013 0.000323032
12.3352 0.000408442
12.369 0.000492839
12.4029 0.000576149
12.4368 0.000658298
12.4707 0.000739218
12.5046 0.000818843
12.5385 0.000897107
12.5724 0.000973945
12.6063 0.00104929
12.6401 0.00112309
12.674 0.00119528
12.7079 0.0012658
12.7418 0.0013346
12.7757 0.00140163
12.8096 0.00146683
12.8435 0.00153016
12.8774 0.00159157
12.9112 0.00165101
12.9451 0.00170844
12.979 0.00176382
13.0129 0.00181711
13.0468 0.00186828
13.0807 0.00191728
13.1146 0.0019641
13.1485 0.00200869
13.1823 0.00205102
13.2162 0.00209109
13.2501 0.00212886
13.284 0.00216431
13.3179 0.00219742
13.3518 0.00222818
13.3857 0.00225658
13.4196 0.00228261
13.4535 0.00230625
13.4873 0.0023275
13.5212 0.00234636
13.5551 0.00236284
13.589 0.00237692
13.6229 0.00238861
13.6568 0.00239792
13.6907 0.00240487
13.7246 0.00240944
13.7584 0.00241167
13.7923 0.00241157
13.8262 0.00240915
13.8601 0.00240443
13.894 0.00239744
13.9279 0.00238819
13.9618 0.00237671
13.9957 0.00236304
14.0295 0.00234719
14.0634 0.0023292
14.0973 0.00230911
14.1312 0.00228694
14.1651 0.00226273
14.199 0.00223653
14.2329 0.00220836
14.2668 0.00217828
14.3006 0.00214632
14.3345 0.00211252
14.3684 0.00207694
14.4023 0.00203962
14.4362 0.00200061
14.4701 0.00195995
14.504 0.0019177
14.5379 0.00187391
14.5717 0.00182863
14.6056 0.00178191
14.6395 0.00173382
14.6734 0.0016844
14.7073 0.00163371
14.7412 0.00158181
14.7751 0.00152876
14.809 0.00147462
14.8429 0.00141945
14.8767 0.0013633
14.9106 0.00130624
14.9445 0.00124834
14.9784 0.00118964
15.0123 0.00113021
15.0462 0.00107012
15.0801 0.00100943
15.114 0.000948192
15.1478 0.000886483
15.1817 0.00082436
15.2156 0.000761887
15.2495 0.000699124
15.2834 0.000636136
15.3173 0.000572984
15.3512 0.00050973
15.3851 0.000446434
15.4189 0.000383161
15.4528 0.000319974
15.4867 0.000256929
15.5206 0.00019408
15.5545 0.000131488
15.5884 6.92168e-05
15.6223 7.32723e-06
15.6562 5.395e-05
15.69 0.00011492
15.7239 0.000175343
15.7578 0.000235162
15.7917 0.000294326
15.8256 0.000352785
15.8595 0.00041049
15.8934 0.000467391
15.9273 0.000523438
15.9611 0.000578584
15.995 0.000632784
16.0289 0.000685994
16.0628 0.00073817
16.0967 0.000789269
16.1306 0.00083925
16.1645 0.000888072
16.1984 0.000935699
16.2323 0.000982094
16.2661 0.00102722
16.3 0.00107104
16.3339 0.00111353
16.3678 0.00115466
16.4017 0.00119439
16.4356 0.00123269
16.4695 0.00126954
16.5034 0.00130492
16.5372 0.0013388
16.5711 0.00137115
16.605 0.00140196
16.6389 0.00143121
16.6728 0.00145888
16.7067 0.00148496
16.7406 0.00150943
16.7745 0.00153228
16.8083 0.0015535
16.8422 0.00157308
16.8761 0.00159102
16.91 0.0016073
16.9439 0.00162193
16.9778 0.0016349
17.0117 0.00164621
17.0456 0.00165586
17.0794 0.00166386
17.1133 0.0016702
17.1472 0.00167491
17.1811 0.00167797
17.215 0.00167941
17.2489 0.00167923
17.2828 0.00167744
17.3167 0.00167406
17.3505 0.0016691
17.3844 0.00166258
17.4183 0.00165452
17.4522 0.00164493
17.4861 0.00163383
17.52 0.00162125
17.5539 0.00160721
17.5878 0.00159173
17.6216 0.00157484
17.6555 0.00155657
17.6894 0.00153694
17.7233 0.00151597
17.7572 0.00149371
17.7911 0.00147018
17.825 0.00144541
17.8589 0.00141943
17.8928 0.00139228
17.9266 0.001364
17.9605 0.00133461
17.9944 0.00130415
18.0283 0.00127266
18.0622 0.00124018
18.0961 0.00120675
18.13 0.0011724
18.1639 0.00113717
18.1977 0.00110111
18.2316 0.00106425
18.2655 0.00102664
18.2994 0.00098831
18.3333 0.000949312
18.3672 0.000909684
18.4011 0.000869468
18.435 0.000828706
18.4688 0.000787442
18.5027 0.000745721
18.5366 0.000703585
18.5705 0.000661077
18.6044 0.000618242
18.6383 0.000575123
18.6722 0.000531763
18.7061 0.000488206
18.7399 0.000444494
18.7738 0.000400672
18.8077 0.000356781
18.8416 0.000312864
18.8755 0.000268966
18.9094 0.000225126
18.9433 0.000181386
18.9772 0.000137787
19.011 9.43719e-05
19.0449 5.11796e-05
19.0788 8.2484e-06
19.1127 3.4177e-05
19.1466 7.64606e-05
19.1805 0.000118369
19.2144 0.000159862
19.2483 0.0002009
19.2822 0.000241444
19.316 0.000281459
19.3499 0.000320913
19.3838 0.000359775
19.4177 0.000398012
19.4516 0.000435591
19.4855 0.000472482
19.5194 0.000508652
19.5533 0.000544074
19.5871 0.000578719
19.621 0.00061256
19.6549 0.000645569
19.6888 0.000677722
19.7227 0.000708994
19.7566 0.000739361
19.7905 0.000768801
19.8244 0.000797291
19.8582 0.000824811
19.8921 0.000851342
19.926 0.000876865
19.9599 0.000901364
19.9938 0.00092482
20.0277 0.00094722
20.0616 0.00096855
20.0955 0.000988796
20.1293 0.00100795
20.1632 0.00102599
20.1971 0.00104292
20.231 0.00105873
20.2649 0.0010734
20.2988 0.00108694
20.3327 0.00109933
20.3666 0.00111058
20.4004 0.00112069
20.4343 0.00112964
20.4682 0.00113744
20.5021 0.00114409
20.536 0.0011496
20.5699 0.00115396
20.6038 0.00115718
20.6377 0.00115927
20.6716 0.00116023
20.7054 0.00116006
20.7393 0.00115878
20.7732 0.0011564
20.8071 0.00115292
20.841 0.00114837
20.8749 0.00114274
20.9088 0.00113605
20.9427 0.00112832
20.9765 0.00111956
21.0104 0.00110979
21.0443 0.00109902
21.0782 0.00108728
21.1121 0.00107457
21.146 0.00106093
21.1799 0.00104636
21.2138 0.00103089
21.2476 0.00101455
21.2815 0.000997341
21.3154 0.000979301
21.3493 0.000960449
21.3832 0.00094081
21.4171 0.000920408
21.451 0.000899267
21.4849 0.000877413
21.5187 0.000854872
21.5526 0.00083167
21.5865 0.000807836
21.6204 0.000783395
21.6543 0.000758376
21.6882 0.000732807
21.7221 0.000706716
21.756 0.000680133
21.7898 0.000653087
21.8237 0.000625605
21.8576 0.000597716
21.8915 0.000569451
21.9254 0.00054084
21.9593 0.000511914
21.9932 0.000482701
22.0271 0.000453234
22.061 0.00042354
22.0948 0.000393653
22.1287 0.0003636
22.1626 0.000333411
22.1965 0.000303116
22.2304 0.000272747
22.2643 0.000242332
22.2982 0.000211902
22.3321 0.000181485
22.3659 0.000151111
22.3998 0.000120807
22.4337 9.06023e-05
22.4676 6.05265e-05
22.5015 3.0608e-05
22.5354 8.72622e-07
22.5693 2.84648e-05
22.6032 5.7751e-05
22.637 8.6773e-05
22.6709 0.000115505
22.7048 0.000143921
22.7387 0.000171995
22.7726 0.000199702
22.8065 0.000227019
22.8404 0.000253924
22.8743 0.000280397
22.9081 0.000306414
22.942 0.000331954
22.9759 0.000356994
23.0098 0.000381513
23.0437 0.000405492
23.0776 0.00042891
23.1115 0.00045175
23.1454 0.000473995
23.1792 0.000495627
23.2131 0.00051663
23.247 0.000536989
23.2809 0.000556689
23.3148 0.000575716
23.3487 0.000594056
23.3826 0.000611696
23.4165 0.000628625
23.4503 0.000644832
23.4842 0.000660305
23.5181 0.000675035
23.552 0.000689014
23.5859 0.000702233
23.6198 0.000714684
23.6537 0.000726362
23.6876 0.000737261
23.7215 0.000747376
23.7553 0.000756702
23.7892 0.000765237
23.8231 0.000772977
23.857 0.000779922
23.8909 0.00078607
23.9248 0.00079142
23.9587 0.000795975
23.9926 0.000799734
24.0264 0.0008027
24.0603 0.000804875
24.0942 0.000806264
24.1281 0.000806871
24.162 0.0008067
24.1959 0.000805758
24.2298 0.00080405
24.2637 0.000801585
24.2975 0.000798369
24.3314 0.000794412
24.3653 0.000789723
24.3992 0.00078431
24.4331 0.000778186
24.467 0.00077136
24.5009 0.000763845
24.5348 0.000755652
24.5686 0.000746794
24.6025 0.000737285
24.6364 0.000727137
24.6703 0.000716367
24.7042 0.000704987
24.7381 0.000693014
24.772 0.000680463
24.8059 0.000667351
24.8397 0.000653693
24.8736 0.000639508
24.9075 0.000624811
24.9414 0.000609622
24.9753 0.000593957
