t sb -1 xb vb dt perf.t perf.speed
0 0 -1 0.5 0 7.15541e-05 0 0 
7.15541e-05 0 -1 0.5 0.000817058 7.15541e-05 0.011537 355032 1 145.251 639.808 0.227023 4 
0.00173726 -3.49189e-07 -1 0.5 0.00181296 0.0016657 0.031846 257238 7 470.866 35.7849 1.44506 6 2 529.878 105.359 2.2426 4 2 0.0608316 2.17855e-05 52.8422 3 
0.00485072 -8.48732e-06 -1 0.500002 0.00338671 0.00311346 0.053109 231373 7 96.9131 9.18042 1.40029 7 3 347.012 28.1346 2.31048 4 3 0.0523426 7.70197e-05 8.79193 2 
0.00928141 -1.43812e-05 -1 0.500015 0.00575427 0.00443069 0.070102 233717 2 36.4384 1.2576 5.38281 7 4 73.1072 19.3578 1.39404 6 5 0.0515633 7.89981e-05 3.65548 2 
0.0149031 -1.27655e-05 -1 0.500047 0.00914226 0.00562165 0.095547 214345 4 20.7455 2.88731 1.63722 7 4 43.9835 10.8601 1.41861 8 8 0.113881 6.77475e-05 2.53043 2 
0.0216111 -7.45665e-06 -1 0.50011 0.0132866 0.00670808 0.118928 206646 3 22.2374 1.96993 2.24325 7 2 15.694 3.49954 2.11769 9 11 0.18274 9.03225e-05 1.99779 2 
0.0293072 -2.62701e-06 -1 0.500214 0.0180087 0.0076961 0.145481 197084 2 42.6071 0.962274 6.65414 7 2 11.4272 0.552067 4.54962 9 15 0.254338 9.59096e-05 1.69136 2 
0.0378931 -4.89549e-07 -1 0.500369 0.0232445 0.00858582 0.178207 183876 2 69.5391 0.233105 17.2719 7 2 17.6464 2.04788 2.93546 9 22 0.331172 8.57946e-05 1.45555 2 
0.0472966 -1.44743e-06 -1 0.500587 0.0288053 0.00940351 0.201035 183371 2 279.884 0.740316 19.4438 6 2 22.8585 2.50485 3.02088 9 10 0.417978 8.19707e-05 2.34828 3 
0.0574433 -4.42166e-06 -1 0.500879 0.0347992 0.0101467 0.23215 176438 2 82.9966 0.436278 13.7927 6 2 24.7723 2.13119 3.40935 9 14 0.606267 6.7091e-05 1.91678 3 
0.0682615 -7.69937e-06 -1 0.501255 0.0412059 0.0108182 0.263412 171048 3 279.208 0.466892 8.42501 5 2 32.341 1.57103 4.53715 9 13 1.13719 4.44658e-05 2.18304 4 
0.0797136 -9.39627e-06 -1 0.501726 0.04773 0.0114521 0.317275 154919 4 264.98 0.245094 5.73416 4 2 34.8772 1.14336 5.52305 9 27 2.16125 7.17209e-05 1.46518 4 
0.0917313 -9.06172e-06 -1 0.5023 0.054505 0.0120176 0.388453 137077 5 107.208 0.667195 2.76182 4 2 28.476 1.01947 5.28509 9 38 2.5298 9.41218e-05 1.30787 4 
0.104213 -7.52962e-06 -1 0.502982 0.0614763 0.0124818 0.477993 119968 7 280.41 0.634516 2.3873 4 2 55.0882 1.18466 6.81919 9 49 2.30763 9.35552e-05 1.22923 4 
0.117199 -5.88678e-06 -1 0.503782 0.0686371 0.0129856 0.519619 118240 5 182.161 0.445568 3.32896 5 2 65.2069 1.39138 6.8458 9 16 2.2947 7.39837e-05 1.90864 5 
0.130607 -4.47448e-06 -1 0.504705 0.0759617 0.0134084 0.560551 116914 4 270.645 0.437134 4.98823 4 2 61.6761 1.4899 6.43398 9 16 3.57619 6.99387e-05 1.96922 5 
0.144336 -2.94337e-06 -1 0.505751 0.0832534 0.0137292 0.603131 115451 7 264.293 0.406561 2.52262 5 2 93.2971 0.922986 10.0539 9 15 3.08221 5.16874e-05 2.08145 5 
0.158473 -1.49754e-06 -1 0.506932 0.0906904 0.0141369 0.642805 114697 6 299.357 0.497466 2.90561 4 2 112.278 1.37334 9.04187 9 14 3.15717 6.02066e-05 2.17329 5 
0.172897 9.98507e-08 -1 0.508246 0.0981784 0.014424 0.677278 114907 5 295.592 0.358946 3.82942 4 2 103.654 1.89682 7.39232 9 12 4.42434 8.97964e-05 2.46065 5 
0.187622 2.07711e-06 -1 0.509696 0.105699 0.0147245 0.709746 115422 4 338.904 0.32114 5.69961 4 3 134.681 0.171858 9.21961 8 10 3.62636 7.96157e-05 2.92312 5 
0.202581 4.61611e-06 -1 0.511282 0.113119 0.0149595 0.744087 115599 8 422.267 0.442619 2.35746 5 3 151.031 0.313152 7.84218 7 9 4.256 5.33351e-05 3.50482 5 
0.217785 6.67251e-06 -1 0.513005 0.12057 0.0152034 0.772177 116699 4 322.484 0.34426 5.5323 4 3 135.191 0.263871 8.00176 7 8 4.79831 3.33772e-05 4.4127 5 
0.233156 9.08634e-06 -1 0.514858 0.127984 0.0153714 0.797306 118158 5 506.062 0.376446 4.22377 4 3 203.353 0.819079 6.28504 7 6 3.59472 6.93738e-05 6.10583 5 
0.248788 1.21381e-05 -1 0.516853 0.135321 0.0156319 0.833025 118008 11 2932.88 0.340238 2.27915 6 4 1192.24 1.03081 5.83172 6 7 4.82543 2.38076e-05 5.72951 5 
0.264599 1.3684e-05 -1 0.518995 0.142634 0.0158116 0.864497 118450 4 1139.59 0.326193 7.6881 5 4 462.029 0.811633 4.88458 5 10 10.0081 4.67184e-05 3.41261 4 
0.280503 1.47339e-05 -1 0.521269 0.149695 0.0159035 0.897122 118708 8 918.253 0.371825 2.65508 5 5 673.981 0.744162 3.90298 4 8 7.91292 8.9232e-05 4.1541 4 
0.296595 1.6386e-05 -1 0.523686 0.156779 0.0160917 0.928465 119113 4 709.824 0.347095 6.72474 4 5 466.709 0.889221 3.49951 4 11 6.21076 8.06259e-05 2.78127 4 
0.312783 1.98102e-05 -1 0.52623 0.16368 0.0161881 0.974956 117634 5 924.675 0.369097 4.78376 3 4 502.018 1.49541 4.28045 4 22 7.43339 9.7505e-05 1.66693 4 
0.329168 2.52695e-05 -1 0.528912 0.170369 0.0163855 1.02915 115420 5 584.298 0.366162 4.37112 3 5 461.094 0.949833 3.44531 3 27 6.31614 8.58454e-05 1.51443 4 
0.345655 3.24992e-05 -1 0.53171 0.1768 0.0164866 1.09791 111922 11 1197.88 0.290894 2.13112 4 5 555.352 0.881858 3.62939 3 33 6.0738 8.84123e-05 1.40144 4 
0.362244 3.75729e-05 -1 0.534645 0.18317 0.0165897 1.20237 105605 8 3238.41 0.32883 3.15624 2 5 1462.45 0.537081 4.86416 3 50 10.6747 9.29079e-05 1.26243 5 
0.378939 4.22545e-05 -1 0.53771 0.189248 0.0166947 1.26307 103773 11 1472.2 0.275668 2.18208 3 5 790.2 0.627913 4.16838 3 20 9.94578 6.97235e-05 1.81014 6 
0.395634 4.79234e-05 -1 0.540877 0.195087 0.0166947 1.31236 102996 12 1007.8 0.280163 1.97847 3 6 624.394 0.64339 3.14652 2 15 8.48929 4.61319e-05 2.24384 6 
0.412436 5.41405e-05 -1 0.544147 0.200667 0.0168024 1.34863 103263 8 1610.1 0.330711 2.89018 3 6 1040.35 1.04877 3.15803 2 10 8.55248 8.92331e-05 3.14888 6 
0.429348 6.0943e-05 -1 0.54754 0.206021 0.0169122 1.38504 103506 9 914.034 0.276454 2.46058 3 5 705.264 1.016 3.70076 2 10 7.92355 4.10689e-05 3.37707 6 
0.44626 6.75473e-05 -1 0.551021 0.211059 0.0169122 1.427 103333 15 6998.79 0.338167 1.93966 6 5 3345.51 0.994144 5.07461 2 10 7.73444 4.96962e-05 3.3053 6 
0.463061 7.05644e-05 -1 0.554563 0.215746 0.0168009 1.46495 103452 7 1676.77 0.325305 3.39087 6 5 829.641 1.07271 3.78165 2 10 14.275 9.18141e-05 3.30496 6 
0.479535 7.33287e-05 -1 0.558114 0.220082 0.0164736 1.50145 103665 6 1706.95 0.3457 4.12655 5 5 1276.9 1.42788 3.89308 2 10 10.6359 4.58804e-05 3.43965 6 
0.495692 7.76601e-05 -1 0.561676 0.224039 0.0161568 1.53737 103908 7 1727.84 0.354827 3.36344 3 6 1273.82 0.730982 3.46897 2 10 9.25375 3.01813e-05 3.53719 6 
0.511542 8.36564e-05 -1 0.565211 0.227645 0.0158501 1.57094 104295 8 1039.93 0.396854 2.67483 3 6 853.412 1.0828 3.03926 2 9 7.35849 8.39363e-05 3.54164 6 
0.527095 9.0312e-05 -1 0.568741 0.230894 0.0155529 1.60982 104320 14 6534.7 0.332113 2.02633 4 6 3152.51 0.92072 3.88229 2 9 6.43165 3.87608e-05 3.80183 6 
0.542454 9.39805e-05 -1 0.572289 0.233853 0.0153597 1.65745 103793 10 2396.7 0.36028 2.41156 4 6 1092.31 0.514414 3.58513 2 14 12.9825 5.40991e-05 2.42269 6 
0.557624 9.63355e-05 -1 0.575827 0.236495 0.01517 1.69761 103750 10 1975.17 0.375513 2.35558 4 4 1453.87 1.11909 6.00365 2 11 10.1965 4.309e-05 3.08001 6 
0.572608 9.85754e-05 -1 0.579363 0.238887 0.0149839 1.73349 103966 8 1757.96 0.431564 2.82648 4 8 1337.4 1.33251 2.37246 2 8 8.71365 3.70114e-05 4.69335 6 
0.5875 0.000101451 -1 0.582921 0.241031 0.014892 1.76734 104292 7 1022.52 0.440311 3.02583 5 9 848.994 1.27421 2.0594 2 7 6.86131 6.62389e-05 5.2056 6 
0.602211 0.000104919 -1 0.586435 0.242902 0.0147104 1.80386 104451 10 5420.72 0.371564 2.60857 5 7 2635.83 0.864434 3.14587 3 7 4.50832 3.67955e-05 5.33198 6 
0.616831 0.000107065 -1 0.589987 0.244541 0.0146207 1.83982 104636 9 3414.06 0.462385 2.69034 5 6 1583.75 1.35379 3.24606 3 9 12.5032 3.16227e-05 4.18689 5 
0.631452 0.000108928 -1 0.593555 0.245982 0.0146207 1.8806 104545 9 2428.77 0.417974 2.61968 5 5 1717.89 0.681545 4.78961 3 14 9.87389 6.4399e-05 2.34639 4 
0.645983 0.000111014 -1 0.597109 0.247209 0.014531 1.92345 104346 7 1690.71 0.471807 3.21927 3 5 1297.2 0.64875 4.57284 2 18 8.60751 8.14966e-05 1.9015 4 
0.660514 0.00011473 -1 0.600703 0.248303 0.014531 1.96243 104361 7 1083.7 0.455692 3.03612 3 5 890.841 1.02122 3.87379 2 16 6.50607 5.80717e-05 2.06816 4 
0.674955 0.000119787 -1 0.604256 0.249115 0.0144413 1.9997 104464 11 3630.5 0.411891 2.28377 3 6 1774.84 1.02828 3.46344 2 13 5.08176 6.24243e-05 2.3864 4 
0.689396 0.000124364 -1 0.607832 0.249771 0.0144413 2.06433 103177 8 4212.1 0.371745 3.21205 3 6 1970.45 0.982432 3.55122 2 27 11.9552 6.78739e-05 1.5642 5 
0.703928 0.000128602 -1 0.611477 0.250256 0.0145321 2.11725 102533 8 2518.26 0.378161 3.00558 3 5 1673.18 1.45798 4.09221 2 21 9.38698 7.65706e-05 1.74706 5 
0.718461 0.00013269 -1 0.615078 0.250594 0.0145321 2.15611 102585 8 1839.22 0.368781 2.8989 3 5 1351.48 1.56487 3.86604 2 13 8.4083 7.47592e-05 2.44648 5 
0.732993 0.0001368 -1 0.618708 0.250789 0.0145321 2.18668 103024 7 1108.53 0.388655 3.116 3 5 885.352 1.76437 3.46821 2 9 6.60984 6.52083e-05 3.59923 5 
0.747525 0.000141262 -1 0.622328 0.250842 0.0145321 2.21558 103529 9 3263.32 0.435031 2.69508 4 5 1593.33 0.803957 4.56473 2 7 5.32541 7.91617e-05 4.89431 5 
0.762057 0.00014474 -1 0.625966 0.250787 0.0145321 2.25477 103546 12 4345.34 0.387562 2.17507 5 5 2049.01 1.62332 4.17088 2 10 11.8559 4.86958e-05 3.45656 4 
0.776589 0.000146228 -1 0.629586 0.250591 0.0145321 2.28577 103934 8 2792.66 0.422425 3.00285 4 5 1794.85 1.46445 4.14639 2 9 9.14671 3.57894e-05 3.98873 4 
0.791217 0.000148022 -1 0.633231 0.250286 0.0146277 2.31736 104284 9 1911.98 0.427604 2.54451 5 5 1389.06 1.76292 3.79575 2 9 8.78098 3.61215e-05 3.96661 4 
0.805844 0.0001506 -1 0.636879 0.249924 0.0146277 2.3448 104811 6 1237.42 0.421365 3.78422 4 5 977.241 1.76805 3.53591 2 8 6.7781 7.22473e-05 4.18346 4 
0.82057 0.000154734 -1 0.640534 0.24942 0.0147259 2.37719 105106 9 4303.99 0.387753 2.81501 5 6 2114.4 0.955338 3.60998 2 9 10.1793 2.95344e-05 4.1235 4 
0.835296 0.000157734 -1 0.644189 0.248866 0.0147259 2.44232 103980 11 4641.93 0.413477 2.33456 5 6 2223.46 0.343742 4.31651 2 25 12.591 6.46793e-05 1.62769 5 
0.850123 0.000159224 -1 0.64785 0.248209 0.0148267 2.49423 103458 9 2608 0.404577 2.65006 5 6 1773.57 0.732477 3.66445 2 18 10.3082 6.50091e-05 1.94491 5 
0.86495 0.000160665 -1 0.651516 0.247537 0.0148267 2.52718 103730 4 2307.22 0.405535 8.68491 4 6 1737.17 0.718248 3.66377 2 11 9.11925 7.775e-05 2.88963 5 
0.87988 0.000163376 -1 0.655188 0.246751 0.0149304 2.56321 103870 10 1410.53 0.44476 2.23937 5 7 1075.46 0.998616 2.71126 3 8 8.96683 3.01824e-05 4.83182 5 
0.89481 0.000165458 -1 0.658849 0.245969 0.0149304 2.60519 103768 9 7454.35 0.411086 2.97279 5 5 3702.34 1.41791 4.82354 3 12 11.0341 8.32122e-05 2.67226 4 
0.909848 0.000166927 -1 0.662523 0.245094 0.0150371 2.64733 103664 8 2604.22 0.436614 2.96447 6 5 1229.02 0.821932 4.31464 3 17 13.3296 6.68948e-05 2.04989 3 
0.924994 0.000168425 -1 0.666207 0.244175 0.015146 2.69267 103439 7 1674.21 0.39449 3.29802 6 5 1134.65 0.691516 4.39553 3 18 10.1084 8.06689e-05 1.91965 4 
0.94014 0.000170315 -1 0.669886 0.24325 0.015146 2.74447 102979 6 2182.33 0.391264 4.21123 4 5 1598.09 0.947684 4.41965 2 22 8.3591 9.96491e-05 1.67419 5 
0.955398 0.000174191 -1 0.673567 0.242275 0.0152582 2.79488 102588 11 1851.73 0.325866 2.19443 4 5 1349.82 0.917429 4.30071 2 16 11.4453 7.73862e-05 2.10437 5 
0.970771 0.000177578 -1 0.677273 0.241265 0.0153729 2.8764 101104 7 7780.51 0.40628 4.09016 3 5 3833.18 0.944056 5.26881 2 38 18.4988 9.3051e-05 1.37858 5 
0.986261 0.000181561 -1 0.680983 0.240227 0.0154903 2.98626 98756.2 9 3229.85 0.401436 2.71614 3 6 1608.6 1.61126 3.16141 2 50 11.5575 9.68049e-05 1.2634 5 
1.00187 0.000186117 -1 0.684714 0.239152 0.0156104 3.05155 97985.7 14 2116.16 0.293481 1.88612 3 9 1281.06 1.25066 2.16019 2 24 9.17211 9.09197e-05 1.61619 5 
1.0176 0.000190504 -1 0.688438 0.238075 0.0157333 3.1063 97577.2 9 1560.9 0.25932 2.62996 3 9 1067.26 1.50018 2.07445 2 19 9.77604 5.93353e-05 1.88179 5 
1.03346 0.000193821 -1 0.692191 0.237035 0.0158592 3.15848 97261.9 9 4558.08 0.292064 2.92363 3 9 2254.76 1.53457 2.24854 2 18 13.0919 5.77575e-05 1.98391 5 
1.04932 0.000196536 -1 0.695918 0.235995 0.0158592 3.21054 96960.7 14 4857.75 0.376892 1.96602 3 6 2357.88 1.39425 3.45168 2 15 16.4402 7.62032e-05 2.26775 5 
1.06531 0.000198645 -1 0.69968 0.234938 0.0159892 3.25697 96836.1 11 1757.14 0.32625 2.18376 4 5 1236.92 1.54491 3.80792 2 14 21.7175 8.11853e-05 2.44156 5 
1.08143 0.000201327 -1 0.703436 0.233881 0.0161224 3.29741 96890.5 8 2233.17 0.286563 3.06523 4 6 1681.45 1.50793 3.22021 2 13 9.32082 3.64142e-05 2.60624 5 
1.09769 0.000204807 -1 0.707206 0.232822 0.016259 3.33392 97058 8 2149.63 0.304217 3.02794 4 6 1582.93 1.28144 3.27562 2 11 9.17137 9.07751e-05 2.8507 5 
1.11409 0.000208383 -1 0.710986 0.23179 0.0163992 3.41896 95841.9 11 6759.81 0.289118 2.49557 5 6 3390.74 0.883734 3.95666 2 34 13.5719 7.37144e-05 1.42842 5 
1.13049 0.000210279 -1 0.714765 0.230787 0.0163992 3.49424 94949.3 9 3536.43 0.321228 2.81244 5 6 1843.15 1.01077 3.4953 2 31 18.654 8.71211e-05 1.48579 5 
1.14704 0.000212294 -1 0.718559 0.229819 0.0165443 3.54169 94834 10 2910.52 0.295041 2.50847 5 5 1931.85 0.406646 5.4369 2 16 18.7506 5.96831e-05 2.20583 5 
1.16373 0.000214293 -1 0.722369 0.228884 0.0166934 3.58725 94771.1 7 1894.17 0.323548 3.45312 5 5 1418.3 0.770579 4.4977 2 16 18.642 6.56528e-05 2.19193 4 
1.18042 0.000216641 -1 0.726154 0.22797 0.0166934 3.63233 94722.6 11 10019.1 0.285107 2.58974 5 7 5048.3 0.37842 3.88428 2 14 10.4865 7.29437e-05 2.33562 4 
1.19727 0.000217706 -1 0.729973 0.227057 0.0168479 3.67509 94735.1 11 3639.51 0.283551 2.36315 5 6 1794.42 0.491115 3.92455 2 14 14.2889 4.91335e-05 2.45617 4 
1.21412 0.000219026 -1 0.733761 0.226158 0.0168479 3.71533 94811.4 8 2780.22 0.335015 3.08942 4 5 1668.99 0.759554 4.65993 2 15 16.5977 4.63714e-05 2.3456 4 
1.23097 0.000221897 -1 0.737553 0.225328 0.0168479 3.75031 95019.4 8 1758.58 0.350604 2.90097 4 5 1253.5 1.01238 4.15486 2 12 19.9451 4.54635e-05 2.95244 4 
1.24798 0.000225618 -1 0.741337 0.224535 0.0170099 3.83812 93912.6 9 9003.08 0.214095 3.26403 5 6 4475.78 0.650375 4.36132 2 46 29.8146 8.60662e-05 1.31955 4 
1.26499 0.000228526 -1 0.745146 0.223787 0.0170099 3.9422 92472.2 7 3337.89 0.299371 3.786 4 6 1624.23 0.993873 3.43204 2 50 19.725 8.54549e-05 1.28016 5 
1.282 0.000232867 -1 0.748921 0.22305 0.0170099 4.00038 92151.2 9 2586.05 0.328212 2.70983 4 6 1449.67 1.01051 3.35831 2 20 19.3625 8.72606e-05 1.85058 5 
1.29918 0.000236193 -1 0.752735 0.222409 0.01718 4.03797 92307.7 9 1755.88 0.238894 2.68898 5 5 1203.58 1.15237 4.01584 2 11 19.9426 6.28367e-05 3.16332 5 
1.31636 0.000238851 -1 0.756516 0.221768 0.01718 4.07638 92442.9 10 6702.66 0.293954 2.7277 5 6 3350.48 1.22107 3.74163 2 10 19.4074 3.09749e-05 3.79923 5 
1.33354 0.000240613 -1 0.760305 0.221177 0.01718 4.11713 92522.7 12 3132.92 0.311761 2.15531 4 6 1517.55 1.20689 3.28533 2 12 19.4567 7.62598e-05 2.82205 4 
1.35072 0.000241847 -1 0.76407 0.220606 0.01718 4.18068 92096 10 2454.43 0.281786 2.47744 5 5 1316.66 0.923087 4.27411 3 31 33.1839 8.47412e-05 1.515 3 
1.36673 0.000243214 -1 0.767594 0.220238 0.0160125 4.24792 91602.4 8 1557.99 0.337821 2.87068 5 5 992.715 0.592577 4.41383 3 36 43.2848 7.24257e-05 1.44696 3 
1.38274 0.000245313 -1 0.771079 0.219855 0.0160125 4.29083 91641 7 1947.96 0.378324 3.39036 4 5 1148.35 0.338455 5.08294 3 20 43.3919 7.63438e-05 1.93969 3 
1.39829 0.000247601 -1 0.774488 0.219607 0.0155506 4.37228 90870.6 13 5754.94 0.400859 2.0882 4 6 2834.62 0.527337 4.18538 2 31 17.2891 9.74763e-05 1.47679 5 
1.414 0.000248655 -1 0.777919 0.219317 0.015703 4.43115 90587.8 13 2541.39 0.332022 1.98958 4 6 1741.99 1.07314 3.42819 2 21 18.8795 7.71792e-05 1.80549 5 
1.42954 0.000249507 -1 0.781319 0.219145 0.0155491 4.46726 90772.5 6 2347.02 0.31232 4.42574 3 6 1727.78 0.89414 3.52924 3 12 17.9926 9.70164e-05 2.74803 5 
1.44509 0.000251154 -1 0.78469 0.218887 0.0155491 4.52283 90562.8 10 2016.78 0.408816 2.34052 4 6 1522.23 1.35051 3.226 3 24 21.6487 7.96958e-05 1.68429 4 
1.46034 0.000252642 -1 0.788016 0.218781 0.0152442 4.5797 90332.5 7 8662.92 0.193462 4.61783 3 7 4375.85 1.53439 3.11594 3 20 21.9806 6.01768e-05 1.89728 5 
1.47514 0.000253713 -1 0.791228 0.218629 0.0148044 4.62625 90309 5 2832.1 0.221717 6.62616 3 6 1498.33 1.21565 3.27441 3 18 39.4821 9.41391e-05 2.0529 5 
1.48995 0.00025644 -1 0.794457 0.218519 0.0148044 4.67738 90197.4 7 1862.26 0.256495 3.56095 2 6 1133.8 1.49301 3.0205 3 20 53.0651 5.54392e-05 1.9909 5 
1.50475 0.000258574 -1 0.797665 0.218454 0.0148044 4.73013 90057.7 9 1472.93 0.357227 2.5217 2 5 1240.31 1.7173 3.73024 2 21 66.3928 7.07967e-05 1.9248 5 
1.51913 0.000261406 -1 0.800804 0.218528 0.0143774 4.7855 89871.6 6 1947.45 0.319381 4.27425 2 5 1483.94 1.90032 3.78894 2 22 63.8386 6.58655e-05 1.87116 5 
1.53365 0.000264398 -1 0.803944 0.218452 0.0145183 4.85826 89368.5 10 7213.02 0.24846 2.79438 3 5 3553.37 0.91889 5.21766 2 32 34.6908 9.91455e-05 1.49021 5 
1.54775 0.00026706 -1 0.807021 0.218495 0.0140996 4.93817 88751.9 8 3228.17 0.494405 2.99819 2 5 2807.27 1.28865 4.65189 2 37 34.502 9.81367e-05 1.41219 5 
1.56185 0.00027101 -1 0.81008 0.218473 0.0140996 4.99625 88539.9 9 2264.33 0.293571 2.70342 3 5 2338.79 1.19098 4.55635 2 22 35.1571 7.78472e-05 1.80732 5 
1.57567 0.000274831 -1 0.813104 0.218545 0.0138284 5.04075 88571 7 1672.64 0.463171 3.22283 2 6 1458.69 1.32672 3.21265 2 17 36.0943 5.10923e-05 2.20833 5 
1.58911 0.000279101 -1 0.816018 0.218626 0.013437 5.08125 88671.2 9 1838.05 0.474473 2.50428 2 4 1656.6 1.7551 5.5428 2 15 40.3096 6.0336e-05 2.44524 5 
1.6016 0.000282915 -1 0.818736 0.218777 0.0124857 5.11853 88825.5 8 7110.25 0.547445 3.26733 3 5 3509.04 1.7324 4.58467 2 13 30.9487 4.56219e-05 2.80915 5 
1.6142 0.000285965 -1 0.821471 0.218854 0.0125982 5.15369 89014.3 6 2100.86 0.591777 3.90577 3 5 2301.71 1.60113 4.2808 2 12 32.6995 5.45435e-05 3.03028 5 
1.62646 0.000288877 -1 0.824155 0.21893 0.0122638 5.19165 89152.5 8 1641.73 0.633477 2.67114 2 5 1459.86 1.82893 3.8056 2 11 32.2498 7.33826e-05 3.25832 5 
1.63872 0.000291489 -1 0.826827 0.219072 0.0122638 5.22506 89366.2 8 1857.91 0.639342 2.70964 2 5 1988.83 1.74696 4.08567 2 11 38.2921 7.80288e-05 3.29117 5 
1.65026 0.000295325 -1 0.829356 0.219246 0.0115362 5.26225 89513 11 2910.47 0.594926 2.16476 2 5 2400.74 1.7839 4.22469 2 10 42.3803 8.96345e-05 3.69376 5 
1.66151 0.000298371 -1 0.831801 0.219398 0.0112478 5.29403 89749.4 8 1939.41 0.497221 2.81119 2 5 2214.28 2.16652 3.99847 2 10 34.1508 3.52936e-05 3.96799 5 
1.6723 0.000301222 -1 0.834162 0.21957 0.0107943 5.33288 89863.7 12 5982.34 0.681025 2.13129 3 5 2888.21 1.66478 4.44482 2 12 40.4286 6.97189e-05 3.02189 5 
1.68301 0.000302455 -1 0.8365 0.219733 0.0107072 5.37804 89870.6 7 2441.66 0.689726 3.21367 3 5 2934.41 2.35284 4.16089 2 15 33.6762 5.03677e-05 2.44537 5 
1.6938 0.000303782 -1 0.838876 0.219867 0.010795 5.41496 90014.3 8 3057.78 0.778219 2.81377 3 5 2228.17 0.977316 4.69443 2 12 44.8841 9.19609e-05 2.9788 5 
1.7046 0.000305078 -1 0.84124 0.219987 0.010795 5.44546 90262.3 6 1915.77 0.743085 3.70298 4 4 2305.94 3.10589 5.21994 2 10 57.7084 4.08861e-05 4.12066 5 
1.71539 0.000306512 -1 0.843621 0.220124 0.010795 5.48242 90401 7 3104.39 0.855688 3.22495 3 5 2593.19 3.14156 3.83123 2 15 70.5627 7.14724e-05 2.50974 4 
1.7252 0.000308527 -1 0.845769 0.220329 0.00980616 5.5168 90580 7 1432.12 0.985608 2.82979 2 6 2086.09 2.75713 3.01865 2 13 67.3013 5.40406e-05 2.94354 4 
1.73501 0.000310605 -1 0.847923 0.220516 0.00980616 5.54956 90783.3 8 2571.51 1.00511 2.66684 2 4 3258.59 3.64293 5.46884 2 13 77.2821 4.92541e-05 2.99631 4 
1.74481 0.000312916 -1 0.85007 0.220629 0.00980616 5.58781 90895.1 8 3631.21 0.97011 2.79675 2 6 1719.86 2.65602 2.94133 2 13 82.5442 8.91889e-05 2.87708 4 
1.7547 0.000314872 -1 0.852249 0.220666 0.00988337 5.6246 91028.7 10 4184.61 0.790919 2.35696 2 7 3491.03 3.06672 2.73282 2 13 85.4754 5.35198e-05 3.0004 4 
1.76458 0.000316498 -1 0.85442 0.220704 0.00988337 5.66317 91131.9 7 4083.43 0.930923 3.31361 3 7 3604.48 3.46213 2.69818 2 17 91.9666 8.93286e-05 2.2578 4 
1.77438 0.000318043 -1 0.856587 0.220785 0.00980493 5.70751 91141.6 7 5103.92 0.633271 3.61447 3 7 5452.64 3.58137 2.84873 2 21 96.4273 8.97346e-05 1.93732 4 
1.78427 0.000319714 -1 0.85876 0.220845 0.009884 5.75029 91175.9 6 3021.16 0.677915 4.05664 3 6 3485.17 2.94026 3.25317 2 21 97.9655 4.79907e-05 1.99743 4 
1.79415 0.000321378 -1 0.860946 0.220883 0.009884 5.79037 91252.3 7 6324.83 0.883484 3.5538 2 6 5027.21 2.82614 3.48088 2 15 103.81 9.26177e-05 2.53106 4 
1.80302 0.000323092 -1 0.862894 0.220997 0.00886653 5.83069 91323.7 7 5229.57 0.889361 3.45529 2 5 3070.69 2.19393 4.25797 2 20 69.468 4.479e-05 2.03953 4 
1.80945 0.00032367 -1 0.864314 0.221304 0.00643539 5.86585 91474.5 9 5249.36 1.88874 2.41357 2 5 5165.52 2.66514 4.54443 2 16 29.5108 7.07173e-05 2.24532 3 
1.81596 0.000323617 -1 0.865748 0.221394 0.00650572 5.9049 91563.3 9 4215.34 1.80203 2.36778 2 8 3102.18 8.45625 2.092 2 15 34.2942 7.63131e-05 2.38145 4 
1.82269 0.000324195 -1 0.867237 0.221471 0.0067275 5.94307 91664.4 5 2750.45 1.79235 4.33707 2 5 3988.39 4.31663 3.9186 2 18 39.7421 5.87426e-05 2.10817 4 
1.82969 0.000324407 -1 0.868784 0.221548 0.00700782 5.9854 91700.5 6 3480.4 1.63545 3.58646 2 6 3344.39 6.14462 2.8574 2 17 45.4952 6.21139e-05 2.21303 4 
1.83692 0.000325666 -1 0.870387 0.221634 0.00722411 6.02422 91789.5 8 2280.3 1.59974 2.47881 2 5 4292.58 3.42749 4.16436 2 17 54.33 7.38024e-05 2.21369 4 
1.84433 0.000327062 -1 0.872023 0.221709 0.00740816 6.05446 92007.5 6 2365.89 1.78727 3.3136 2 5 2294.59 6.57943 3.2248 2 12 64.3178 4.73897e-05 3.2438 4 
1.85193 0.000328569 -1 0.873711 0.221781 0.00760311 6.08581 92206.6 8 2702.03 1.44856 2.56357 2 6 3898.02 4.70134 3.06505 2 11 75.8297 4.60163e-05 3.67431 4 
1.85969 0.000329821 -1 0.875425 0.221829 0.00775723 6.11317 92463.9 7 1558.8 1.47719 2.70338 2 6 2016.84 5.58902 2.66823 2 9 88.0011 4.98799e-05 4.94382 4 
1.86761 0.000331148 -1 0.877184 0.221872 0.00791884 6.14308 92680.5 10 1693.05 1.09428 2.08427 2 6 1728.69 5.02511 2.64705 2 9 101.478 2.63936e-05 5.39079 4 
1.87569 0.000332196 -1 0.87897 0.221875 0.00808853 6.17472 92869 9 3254.26 1.51502 2.34545 2 6 3817.68 4.51603 3.07497 2 8 117.873 9.7699e-05 5.75692 4 
1.88384 0.000333318 -1 0.880781 0.22185 0.00814714 6.20067 93140.9 7 4165.73 1.49115 3.10678 2 6 3016.89 5.41626 2.86842 2 8 133.953 8.0578e-05 5.99228 4 
1.89211 0.000334757 -1 0.882609 0.221806 0.00826784 6.22587 93421.8 7 2569.91 1.09699 3.02962 3 5 2472.32 4.96976 3.46221 2 8 152.954 8.41631e-05 6.05941 4 
1.90044 0.000335958 -1 0.884459 0.221758 0.00833 6.25661 93617.4 7 2758.42 1.12332 3.05006 2 6 2768.01 5.47513 2.82247 2 9 170.86 2.51591e-05 5.74255 4 
1.90883 0.000337139 -1 0.886313 0.221672 0.00839359 6.2832 93873.2 7 2599.1 1.2429 2.98086 2 5 2827.74 5.50783 3.48411 2 9 189.28 4.74179e-05 5.41331 4 
1.91723 0.000338567 -1 0.888174 0.221543 0.00839359 6.31133 94103.7 8 4753.9 1.24484 2.80377 2 6 4124.2 5.47115 3.01678 2 9 185.356 7.49714e-05 5.1327 4 
1.92449 0.000340127 -1 0.889777 0.220949 0.00726694 6.35342 94125 12 18403 1.53014 2.18783 2 9 16224.3 6.77662 2.3739 2 17 81.6665 9.84449e-05 2.2293 3 
1.92776 0.000340716 -1 0.890498 0.221171 0.00326902 6.37793 94405.5 7 4205.53 7.6592 2.4625 2 5 24623.6 9.78336 4.7882 2 6 28.389 7.18282e-05 8.56661 3 
1.93136 0.000339743 -1 0.891292 0.220884 0.00359811 6.39904 94734.2 6 2795.23 5.7613 2.80317 2 5 15613.4 17.9671 3.87083 2 7 29.7447 3.6618e-05 6.98626 3 
1.93542 0.000340535 -1 0.892187 0.220625 0.00406327 6.4201 95061.5 5 2814.13 3.18185 3.88448 2 4 4888.87 3.78114 5.99648 3 8 35.0516 3.05764e-05 5.72025 3 
1.93997 0.000341227 -1 0.893186 0.220262 0.00454947 6.43948 95411.4 4 3923.19 4.29109 5.4988 2 3 3703.76 17.7472 5.93159 3 8 40.6931 9.60757e-05 5.05084 3 
1.94497 0.000340946 -1 0.894285 0.220193 0.00500013 6.46167 95717.7 5 4056.84 2.06157 4.55825 2 4 5232.4 3.71803 6.12487 2 9 48.1449 7.12207e-05 4.44397 3 
1.95036 0.000339892 -1 0.895465 0.219988 0.00538279 6.48509 96003.6 5 3087.02 3.05203 3.99016 2 4 3881.43 6.4961 4.94407 2 10 57.3201 4.50854e-05 4.07781 3 
1.95603 0.000339571 -1 0.896715 0.219875 0.00567375 6.53592 95883.7 9 1626.59 3.06235 2.00818 2 4 2066.97 2.97437 5.13434 3 29 64.7854 7.75924e-05 1.60028 3 
1.962 0.000339959 -1 0.898026 0.21974 0.00596554 6.61346 95378.8 6 4916.37 2.61027 3.5142 2 4 4894.72 9.48849 4.76577 2 52 72.7871 9.59743e-05 1.2974 3 
1.96821 0.000340572 -1 0.899397 0.219616 0.00621559 6.64267 95576.1 5 4343.4 2.28181 4.52804 2 4 6006.58 6.58444 5.49575 2 13 87.162 6.41615e-05 2.96328 4 
1.97458 0.000341254 -1 0.900796 0.21947 0.00636907 6.7144 95165 7 2969.72 2.15088 2.80922 3 4 3190.12 8.09856 4.45502 2 47 100.662 8.28698e-05 1.34728 3 
1.98107 0.000341804 -1 0.902224 0.219339 0.00649 6.77702 94890 5 1684.17 1.71916 3.96473 3 4 1718.32 6.29746 4.06429 2 37 114.451 8.24338e-05 1.46559 3 
1.98769 0.00034231 -1 0.90367 0.219192 0.00661643 6.82125 94875.3 5 4096.99 0.88177 5.4128 2 5 3983.18 2.37458 4.41498 2 26 129.828 7.21912e-05 1.74009 3 
1.99444 0.000342762 -1 0.90515 0.219011 0.00674875 6.86018 94934 5 4324.04 1.28423 5.07516 2 5 4737.74 3.12086 4.32772 2 22 146.82 7.43942e-05 1.93262 3 
2.00128 0.000343271 -1 0.906641 0.21881 0.00684057 6.89037 95112.5 5 3021.62 1.28011 4.72714 2 5 3132.76 2.56793 4.14256 2 15 163.95 8.62862e-05 2.62171 3 
2.00816 0.00034431 -1 0.908145 0.218587 0.00688775 6.91935 95306.1 5 3674.43 1.46006 4.7881 2 5 3673.63 1.71015 4.63887 2 14 179.427 5.87511e-05 2.90539 3 
2.0151 0.000344735 -1 0.909652 0.218392 0.00693592 6.94841 95497 5 1286.87 1.66384 3.78168 2 5 2254.77 2.05896 4.05407 2 14 195.782 4.68595e-05 2.97116 3 
2.02208 0.000345608 -1 0.911173 0.218066 0.00698511 6.98254 95616.8 6 3914.27 1.33512 3.78316 2 5 4106.28 2.44136 4.41736 3 14 212.826 4.78464e-05 2.98449 3 
2.02912 0.00034643 -1 0.912702 0.217763 0.00703536 7.01223 95796 5 3480.44 1.37766 4.7918 2 5 3407.76 3.9655 3.86219 2 14 230.697 6.67911e-05 2.93105 3 
2.03621 0.000347269 -1 0.914249 0.216657 0.00708671 7.04623 95915.1 9 19335.3 1.37404 2.8902 3 5 18526 7.28927 4.79755 2 15 142.405 6.49307e-05 2.64691 3 
2.04036 0.000348471 -1 0.915149 0.215829 0.00415428 7.07255 96137.3 5 10792.9 3.83919 4.8953 3 5 10327.7 10.4927 3.96847 3 11 94.2138 5.17808e-05 3.70754 3 
2.04472 0.000350518 -1 0.916093 0.214712 0.00436199 7.09859 96361.7 5 6437.23 3.50304 4.49625 2 4 9451.47 10.0225 5.54154 2 12 112.246 3.3103e-05 3.501 3 
2.04943 0.000352639 -1 0.917103 0.213595 0.0047058 7.12423 96589.8 5 6619.37 0.9945 5.81624 2 5 10349.7 15.3688 3.67839 2 12 126.945 9.76677e-05 3.23213 3 
2.05443 0.000352483 -1 0.918175 0.212658 0.00500301 7.15189 96789 5 4953.38 3.20662 4.34281 2 5 5271.49 3.77035 4.25707 3 13 139.309 5.64771e-05 3.10242 3 
2.05974 0.000349743 -1 0.919305 0.211865 0.00531218 7.18432 96922.2 7 9972.82 2.57509 3.25518 2 4 11189.6 5.42001 6.74068 2 13 153.275 3.93698e-05 3.21327 3 
2.06541 0.00034751 -1 0.92051 0.211217 0.00566419 7.20932 97154.2 6 7454.78 3.0479 3.67062 2 5 9130.74 8.90508 4.00105 2 10 170.521 8.4469e-05 4.27079 3 
2.07136 0.000345232 -1 0.921766 0.210717 0.00595281 7.23534 97371 6 5184.43 2.13627 3.66585 2 5 6511.75 7.26169 3.89522 2 11 186.719 4.38554e-05 4.00545 3 
2.07751 0.000343455 -1 0.923061 0.210314 0.00614993 7.26345 97558 5 3650.3 2.13265 4.43284 2 5 4154.7 6.75276 3.61253 2 11 203.659 5.72141e-05 3.94078 3 
2.08387 0.000342211 -1 0.924392 0.209908 0.00636199 7.28887 97779.8 5 10096 1.87172 5.57676 2 5 11952.9 8.40531 4.27153 2 11 223.377 8.5678e-05 3.83079 3 
2.09042 0.00034188 -1 0.92576 0.209564 0.00654376 7.3154 97985 5 6994.7 1.15758 5.70484 2 5 9087.05 4.86937 4.51014 2 12 241.967 6.00277e-05 3.55182 3 
2.09711 0.000342443 -1 0.927154 0.209217 0.00668811 7.35618 97998.6 5 5294.1 1.5655 5.07958 2 5 4783.18 2.90434 4.3988 2 20 258.587 8.01776e-05 2.11557 4 
2.10389 0.000343816 -1 0.928574 0.208872 0.00678868 7.40669 97883.4 6 2864.33 1.25933 3.62644 2 5 3482.13 3.5457 3.96669 2 23 273.198 9.09327e-05 1.91268 4 
2.11084 0.000345647 -1 0.93002 0.208512 0.00694656 7.45522 97795.7 6 8751.53 1.53499 4.22665 2 4 9461.56 4.68284 6.70445 2 25 292.835 8.02257e-05 1.83017 4 
2.1179 0.000347248 -1 0.931493 0.208149 0.00705682 7.50174 97735.2 6 6550.02 0.653634 4.64321 2 5 8176.79 3.29226 4.77549 2 23 308.587 8.85577e-05 1.92505 4 
2.12507 0.000347901 -1 0.932982 0.207773 0.00717157 7.5428 97746.2 5 4408.38 1.52778 4.92089 2 5 5070.49 4.82939 4.02005 2 20 324.91 7.55723e-05 2.1462 4 
2.1323 0.000348855 -1 0.934485 0.20743 0.00723084 7.5842 97752.7 6 5374.05 1.0208 4.17087 2 5 4556.12 1.79698 4.79524 2 17 340.764 8.5865e-05 2.4443 4 
2.13953 0.000350019 -1 0.935981 0.207007 0.00723084 7.61755 97862.4 6 4516.65 1.40853 3.84009 2 4 4445.76 7.62447 4.91399 2 15 355.173 6.92591e-05 2.80111 4 
2.14695 0.000351723 -1 0.937518 0.206578 0.00741784 7.68129 97583.6 6 5958.4 1.5744 3.94762 2 6 8391.34 2.74442 3.80975 2 40 388.272 8.23519e-05 1.46837 3 
2.1545 0.000353728 -1 0.939072 0.206108 0.00754913 7.73206 97472.6 6 4497.86 1.14294 3.97342 2 6 4249.98 2.30155 3.50263 2 30 415.978 8.21009e-05 1.67298 3 
2.16205 0.000355548 -1 0.940628 0.205683 0.00754913 7.77742 97430.8 5 2853.93 1.40774 4.58548 2 6 3490.66 2.64056 3.31285 2 23 428.648 8.85707e-05 1.95274 3 
2.1694 0.000357256 -1 0.942135 0.205278 0.00735047 7.81401 97498.7 5 3242.05 1.1071 4.93544 2 5 3604.16 4.92019 3.7408 2 20 416.979 8.35618e-05 2.16225 3 
2.17675 0.000358865 -1 0.943643 0.204763 0.00735047 7.85317 97534.1 5 5465.04 1.29945 5.30599 2 5 5979.67 3.08259 4.54519 2 22 426.601 7.33876e-05 2.02989 3 
2.18416 0.000360919 -1 0.945156 0.204292 0.00741669 7.8979 97500.3 6 4802.85 1.70909 3.75655 2 6 7236.08 2.15646 3.86925 2 25 442.852 6.16299e-05 1.88044 3 
2.19158 0.000363137 -1 0.94667 0.203783 0.00741669 7.94207 97473.8 6 3561.3 1.2933 3.74385 2 5 4617.11 4.60568 3.98304 2 25 454.862 9.46856e-05 1.85039 3 
2.19886 0.000365104 -1 0.948148 0.203322 0.00728306 7.98838 97421.5 6 3043.92 0.78374 3.9647 2 5 3675.88 4.08585 3.89777 3 23 453.017 7.89642e-05 1.96723 3 
2.20615 0.000366575 -1 0.949627 0.201186 0.00728306 8.03319 97388 9 24385.2 1.74918 2.8872 3 6 23502.4 4.6437 4.14357 3 22 349.581 6.35092e-05 2.02486 3 
2.21336 0.000365299 -1 0.951072 0.196358 0.00721685 8.07643 97373.7 8 20191.9 1.52842 3.27429 3 6 19140.5 3.41981 4.21365 3 20 319.334 7.5967e-05 2.14378 3 
2.22086 0.000364307 -1 0.952541 0.190142 0.00749177 8.11931 97364 9 20363.4 1.51347 2.87584 3 5 20984.3 5.91898 5.12778 3 21 324.3 6.01009e-05 2.09206 3 
2.22842 0.000362736 -1 0.953971 0.184906 0.00756451 8.15833 97400.3 6 12506.6 0.798337 5.00217 3 5 8932.2 2.3805 5.1863 2 20 239.882 8.35565e-05 2.1033 3 
2.23598 0.00036155 -1 0.955368 0.182293 0.00756451 8.20181 97383.4 6 13632.4 0.553401 5.39414 3 6 13362 1.9169 4.37064 2 20 215.609 6.79571e-05 2.11384 3 
2.24362 0.000361157 -1 0.95676 0.182427 0.00764016 8.25063 97303.6 6 9493.03 0.567493 5.05717 3 7 11384.6 5.49807 2.97666 3 21 190.631 7.81233e-05 2.01448 4 
2.25126 0.000361123 -1 0.958161 0.184329 0.00764016 8.29765 97245.8 5 6986.75 1.39981 5.49087 3 4 9917.26 4.67445 6.7868 3 23 150.303 8.59345e-05 1.86821 4 
2.25906 0.000361867 -1 0.959595 0.186888 0.00779932 8.34363 97200.9 5 7350.34 1.03074 5.89701 3 5 7644.77 2.93964 4.81963 3 22 143.536 6.00002e-05 1.9496 4 
2.26748 0.000363838 -1 0.961166 0.189416 0.00841973 8.39215 97127 5 5729.12 1.14469 5.49389 3 5 5261.65 4.38488 4.12889 3 21 155.789 5.33216e-05 2.03183 4 
2.2759 0.000366701 -1 0.962753 0.191406 0.00841973 8.43009 97175.7 6 4276.06 1.33656 3.83862 2 4 3856.77 4.15976 5.51809 2 18 148.783 9.6842e-05 2.20645 4 
2.28413 0.000370261 -1 0.964324 0.192855 0.00822837 8.46866 97216.8 8 2972.06 1.03879 2.70437 3 6 3047.98 2.60795 3.24553 2 17 133.907 7.99464e-05 2.32337 4 
2.29191 0.000372366 -1 0.965815 0.193572 0.00778117 8.51432 97176.5 7 6883.09 1.56142 3.31596 2 6 7737.68 4.84689 3.41868 2 25 124.975 8.25607e-05 1.76686 3 
2.29978 0.00037456 -1 0.967332 0.193732 0.00786763 8.56881 97036.6 10 7132.48 1.15306 2.39408 2 8 8318.64 3.79205 2.61606 2 26 130.746 8.03316e-05 1.73343 3 
2.30792 0.000376144 -1 0.9689 0.193426 0.00814208 8.62149 96918.7 10 6009.39 1.46649 2.2975 2 9 5465.86 3.60715 2.25626 2 27 137.885 7.28874e-05 1.70796 3 
2.31626 0.000377703 -1 0.970514 0.192933 0.00833828 8.67701 96770.7 11 5235.55 1.09571 2.16012 2 10 5046.55 4.15752 2.0343 2 28 137.787 7.67368e-05 1.67249 3 
2.32481 0.000378693 -1 0.972165 0.192446 0.00854674 8.73513 96595.7 11 4629.67 0.85442 2.18496 2 10 3791.82 3.32309 2.02176 2 30 136.031 6.52e-05 1.62423 3 
2.33346 0.000379275 -1 0.97384 0.192091 0.00865631 8.79483 96405.7 9 3588.53 0.774622 2.55455 2 6 3304.14 3.42979 3.14267 2 32 120.745 8.42578e-05 1.55734 3 
2.34223 0.000379847 -1 0.975524 0.191743 0.00877021 8.83997 96376.8 10 8390.09 0.674124 2.56745 2 8 9402.18 4.36535 2.61006 2 20 103.497 3.79965e-05 2.09778 4 
2.351 0.000380521 -1 0.977202 0.191427 0.00877021 8.87203 96490.2 8 5411.35 1.03363 2.91654 2 7 6581.54 3.8882 2.89218 2 11 110.408 9.20327e-05 3.56978 4 
2.36028 0.000381179 -1 0.978965 0.191011 0.00927136 8.90646 96577.1 7 4702.37 0.694514 3.52561 2 7 4991.05 2.88206 2.90162 2 13 130.36 4.38073e-05 3.14752 4 
2.36968 0.000382583 -1 0.980754 0.19068 0.00940771 8.94001 96672.9 7 3120.08 1.02856 3.14354 2 6 4169.49 2.03651 3.56341 2 13 140.673 4.23691e-05 3.17415 4 
2.37938 0.000383658 -1 0.982588 0.19035 0.00969717 8.97764 96723.9 6 4599.67 0.863109 4.17936 2 7 4514.83 2.36005 2.94318 2 13 156.263 4.50899e-05 3.18464 4 
2.38923 0.000385377 -1 0.984463 0.19005 0.0098511 9.05919 96305.3 8 4340.37 0.684532 2.98722 3 6 4566.59 3.62939 3.28569 2 44 168.143 8.01635e-05 1.39211 4 
2.39863 0.000387422 -1 0.986247 0.189828 0.00939643 9.12606 96048.4 7 6378.19 0.939073 3.52719 2 6 8106.82 3.23968 3.68461 2 35 159.657 7.89217e-05 1.51416 4 
2.40817 0.000389244 -1 0.988066 0.189595 0.00954558 9.18418 95886.6 8 4466.16 0.937384 2.88239 2 6 4738.66 2.71668 3.46952 2 26 172.408 7.3723e-05 1.75776 4 
2.41838 0.000391183 -1 0.990005 0.189452 0.0102039 9.22786 95876.7 9 3373.89 0.477261 2.67737 3 5 4126.28 2.93518 4.26172 2 19 204.798 9.84352e-05 2.15048 4 
2.42876 0.000392437 -1 0.991971 0.189265 0.0103861 9.26629 95921 6 2598.78 0.602346 4.03479 3 6 3196.98 2.08127 3.39679 2 14 220.013 6.28272e-05 2.93393 4 
2.43934 0.000394726 -1 0.993959 0.189149 0.0105784 9.30648 95947 11 2941.99 0.650257 2.14943 2 6 3378 3.13144 3.20248 2 15 236.759 9.42699e-05 2.67093 4 
2.44992 0.000396533 -1 0.995948 0.189032 0.0105784 9.35066 95931.6 12 4642.23 0.5978 2.10951 3 8 5746.32 3.10773 2.56076 2 16 245.728 5.81425e-05 2.59491 4 
2.46011 0.000397845 -1 0.997861 0.188818 0.0101867 9.39656 95899 12 4358.49 0.895123 2.02903 2 7 3872.96 3.6429 2.70627 2 15 236.687 4.87306e-05 2.79099 4 
2.47091 0.000399586 -1 0.999897 0.188581 0.0107979 9.43895 95902.2 12 3753.71 0.783923 2.0262 2 6 3667.47 2.95599 3.27801 2 16 276.106 4.74045e-05 2.64745 4 
2.48193 0.000401247 -1 1.00198 0.188367 0.0110228 9.4822 95896.8 11 2955.86 0.639997 2.15346 2 8 3086.47 2.25198 2.46668 2 16 297.045 6.11611e-05 2.61756 4 
2.49272 0.000402755 -1 1.00402 0.188248 0.0107932 9.52376 95908.3 11 2489.24 0.69424 2.10446 2 8 3265.83 2.93148 2.40361 2 15 294.468 9.52074e-05 2.70826 4 
2.50375 0.000403967 -1 1.0061 0.188138 0.0110278 9.5692 95881 10 2095.14 0.726185 2.21828 2 7 2963.3 3.17366 2.65654 2 16 317.731 6.49193e-05 2.61882 4 
2.51454 0.000405405 -1 1.00812 0.1881 0.0107881 9.61064 95893.7 11 1869.56 0.672825 2.05625 2 8 2306.37 2.97568 2.29704 2 15 313.965 7.73372e-05 2.75782 4 
2.52557 0.000406805 -1 1.01017 0.187932 0.0110332 9.66133 95814.6 14 6247.65 0.671359 1.9208 3 7 4009.37 2.74349 2.83211 3 19 338.837 6.34824e-05 2.2598 4 
2.53687 0.000407934 -1 1.01228 0.18773 0.0112959 9.70934 95762.6 9 3491.08 0.729325 2.56385 3 5 3364.25 2.09057 4.37849 3 18 365.443 6.4236e-05 2.3729 5 
2.54816 0.000409044 -1 1.01439 0.187499 0.0112959 9.78323 95458.1 8 3007.58 0.628266 2.88409 4 6 3090.69 3.07988 3.16412 3 34 374.97 8.65109e-05 1.56749 4 
2.55975 0.000410117 -1 1.01658 0.18736 0.0115856 9.82843 95435.8 5 2471.9 0.372697 5.81213 3 5 3024.97 2.71841 4.06707 2 21 404.226 7.69479e-05 2.08939 4 
2.57075 0.000409976 -1 1.01867 0.187223 0.0110063 9.86987 95450.1 8 1770.84 0.616361 2.70578 3 5 2430.9 2.90721 3.84112 3 17 372.676 4.66054e-05 2.54714 4 
2.58176 0.000409212 -1 1.02071 0.187017 0.0110063 9.9095 95481.7 7 2041.86 0.80133 3.06621 3 5 2356.78 1.03387 4.6943 3 16 380.245 8.97115e-05 2.59538 4 
2.59338 0.000408056 -1 1.02284 0.186456 0.0116178 9.95272 95478.6 8 3726.37 0.577515 2.99375 3 6 3654.28 2.84827 3.29638 3 17 429.39 7.69907e-05 2.49372 4 
2.605 0.000407472 -1 1.02499 0.185762 0.0116178 10.0035 95403.7 10 3224.06 0.697173 2.32545 3 8 3251.69 2.68081 2.4293 2 17 431.156 8.36818e-05 2.48213 4 
2.61661 0.000406422 -1 1.02715 0.184799 0.0116178 10.0505 95364.4 10 3258.69 0.672433 2.33636 3 7 3085.45 2.23559 2.80906 2 18 428.723 8.34447e-05 2.35951 4 
2.62859 0.000405092 -1 1.02939 0.183658 0.0119808 10.1011 95292.5 10 3649.5 0.59338 2.39271 3 8 3141.08 2.39529 2.4531 2 20 446.479 9.79779e-05 2.15245 4 
2.64058 0.000403922 -1 1.03161 0.182525 0.0119808 10.1538 95201.8 10 3764.99 0.4372 2.47462 3 7 3104.07 2.49036 2.76846 2 22 419.181 8.00855e-05 2.02024 4 
2.65256 0.000402795 -1 1.03376 0.181695 0.0119808 10.2068 95108.4 9 2989.82 0.607949 2.57157 2 7 2708.7 1.87472 2.82751 2 21 380.13 8.3019e-05 2.07577 4 
2.66454 0.000400625 -1 1.0359 0.181168 0.0119808 10.2564 95048 7 3454.31 0.46632 3.57118 2 7 3797.21 2.15516 2.90879 2 21 356.519 5.5082e-05 2.11026 4 
2.6761 0.000400001 -1 1.03799 0.181195 0.0115677 10.3085 94964.7 6 3207.21 0.681985 4.09316 2 5 2438.55 2.41235 3.98968 2 23 307.665 9.49822e-05 1.91894 5 
2.68767 0.000400332 -1 1.04009 0.181512 0.0115677 10.3683 94811.8 8 2150.94 0.625186 2.76743 2 5 2652.63 2.1746 4.14247 2 24 284.972 7.1449e-05 1.88379 5 
2.69844 0.000402202 -1 1.04208 0.182167 0.0107699 10.4124 94803.9 7 2119.75 0.700115 3.14269 2 5 2876.72 2.06243 4.25504 2 18 228.957 5.22184e-05 2.33882 5 
2.70921 0.000404466 -1 1.04404 0.182784 0.0107699 10.4773 94607.6 7 2490.22 0.810481 3.1493 2 5 2467.9 2.36034 4.01671 2 34 216.564 9.49444e-05 1.53817 4 
2.7204 0.000407921 -1 1.04605 0.183352 0.0111841 10.5212 94602.6 8 2426.73 0.705036 2.76759 3 4 2582.36 3.13246 5.35837 2 20 223.868 6.9672e-05 2.11518 4 
2.73158 0.000411175 -1 1.04808 0.183736 0.0111841 10.5689 94562.6 7 3181.76 0.65774 3.36026 2 5 3480.71 2.98664 4.10485 2 20 217.182 8.88325e-05 2.08647 4 
2.74276 0.000415618 -1 1.05012 0.184102 0.0111841 10.6133 94553.4 8 6177.55 0.779712 3.07157 2 5 2909.48 2.0505 4.26964 2 20 214.058 6.73133e-05 2.11408 4 
2.75395 0.000418978 -1 1.05219 0.184394 0.0111841 10.6594 94528.5 10 2330.19 0.513522 2.32104 3 5 2085.26 2.21985 3.93158 2 20 213.565 5.41854e-05 2.13689 4 
2.76379 0.000420346 -1 1.05403 0.184807 0.00984205 10.698 94570.1 6 1541.18 0.952577 3.4263 3 6 2799.01 3.53082 3.0422 2 16 166.714 5.70706e-05 2.5357 4 
2.77363 0.000420805 -1 1.05586 0.185085 0.00984205 10.7364 94613.7 5 1854.09 0.845443 4.65811 3 7 2093.28 3.02181 2.54562 2 16 171.365 6.96754e-05 2.50858 4 
2.78347 0.000422565 -1 1.05765 0.185374 0.00984205 10.7783 94625.8 5 1551.45 0.779589 4.56851 2 5 1594.23 4.02295 3.30827 2 17 175.786 4.39037e-05 2.44558 4 
2.79379 0.00042527 -1 1.05954 0.185571 0.0103107 10.8213 94627.8 8 1963.06 0.792424 2.65612 3 5 1570.61 1.81644 3.86695 2 19 198.513 8.28226e-05 2.16656 4 
2.8041 0.000428504 -1 1.06144 0.185776 0.0103107 10.8661 94614.9 6 1723.79 0.809075 3.58715 2 5 2011.1 2.12362 3.93796 2 21 204.302 6.60417e-05 2.03737 4 
2.81441 0.00043161 -1 1.06336 0.185934 0.0103107 10.9276 94457.7 12 5797.44 0.640461 2.13663 3 5 2660.14 2.16038 4.15026 2 29 211.415 9.39837e-05 1.65591 4 
2.82472 0.000432795 -1 1.0653 0.186063 0.0103107 10.9813 94368.2 9 2149.99 0.859959 2.38534 2 6 2201.11 2.25419 3.14974 2 20 219.243 6.52844e-05 2.11985 5 
2.83503 0.000433927 -1 1.06723 0.186176 0.0103107 11.0198 94410.7 12 1897.74 0.813489 1.90835 2 5 2119.64 1.83686 4.09673 2 12 227.764 4.68886e-05 3.60746 5 
2.84473 0.000434755 -1 1.06902 0.186413 0.0097042 11.0521 94505 10 1529.41 0.856075 2.11447 2 4 1608.4 4.1045 4.44922 2 10 210.37 4.22774e-05 4.67399 5 
2.85444 0.000435364 -1 1.07081 0.186589 0.0097042 11.081 94628.5 6 1633.34 0.751569 3.59902 2 4 1542.79 2.46176 5.0034 2 10 220.339 4.16199e-05 4.70304 5 
2.86414 0.00043753 -1 1.07261 0.186859 0.0097042 11.1125 94728.4 9 1534.08 0.820278 2.30963 2 4 1519.46 3.49793 4.5653 2 10 230.163 4.57446e-05 4.67918 5 
2.87385 0.000439717 -1 1.07442 0.187133 0.0097042 11.1449 94820.7 9 1859.91 0.728542 2.39089 3 4 1603.45 2.85172 4.86953 2 10 240.546 5.59949e-05 4.6058 5 
2.88355 0.000441465 -1 1.07624 0.187464 0.0097042 11.178 94906.4 8 4559.06 0.792003 2.95133 3 5 2061.51 4.00201 3.48643 2 10 251.479 6.74859e-05 4.54076 5 
2.89414 0.000443268 -1 1.07824 0.187709 0.0105864 11.2177 94935.5 10 2596.5 0.729578 2.26533 3 6 2766.19 1.12906 3.67164 2 12 312.043 4.01933e-05 3.75121 5 
2.90472 0.000444821 -1 1.08023 0.188093 0.0105864 11.2593 94948.8 8 1828.49 0.83121 2.61696 3 7 2850.17 3.3179 2.62509 3 12 327.569 4.49823e-05 3.73126 5 
2.91425 0.000446566 -1 1.082 0.188654 0.00952776 11.2927 95030.6 7 1584.84 0.899818 2.90864 3 6 1990.47 4.20945 2.79118 3 10 281.08 6.84395e-05 4.58514 5 
2.92378 0.000448212 -1 1.08378 0.189279 0.00952776 11.3239 95130.2 6 1489.24 0.994837 3.38222 3 4 1707.71 2.77527 4.98055 3 10 300.095 5.8605e-05 4.6874 5 
2.93331 0.000449516 -1 1.08558 0.189948 0.00952776 11.3572 95212.6 8 2711.57 0.841275 2.74496 3 4 2055.84 3.56682 4.89979 3 10 313.223 4.8634e-05 4.79613 5 
2.94283 0.000449665 -1 1.08739 0.190666 0.00952776 11.3919 95282 10 8214.17 1.03272 2.45504 4 5 5476.56 1.69067 5.03605 2 10 324.047 4.36154e-05 4.86516 5 
2.95236 0.000449357 -1 1.08922 0.190469 0.00952776 11.4322 95303.9 13 6000.3 0.982044 1.95539 4 5 5073.14 4.37351 4.101 2 10 296.971 4.23379e-05 4.83725 5 
2.96189 0.000448678 -1 1.09105 0.188434 0.00952776 11.4815 95251.6 14 9638.65 1.02729 1.92193 4 9 7699.85 4.27543 2.29997 2 11 240.094 3.45334e-05 4.18806 5 
2.97142 0.000447954 -1 1.09283 0.185188 0.00952776 11.5284 95219.7 16 4159.86 0.970473 1.68658 3 8 3745.05 4.08965 2.34542 3 11 241.749 8.29843e-05 3.86963 5 
2.98094 0.000446984 -1 1.09457 0.18203 0.00952776 11.5752 95187.9 16 3652.89 0.943759 1.67585 3 10 3121.43 3.36951 1.98006 3 10 223.172 5.86278e-05 4.55044 5 
2.99047 0.000445819 -1 1.0963 0.179854 0.00952776 11.6173 95196.1 11 3322.68 0.846058 2.12195 5 8 3051.29 3.64054 2.31961 4 10 222.862 5.30081e-05 4.59589 5 
3 0.000444676 -1 1.09801 0.178948 0.00952776 11.6501 95279.2 6 3716.43 0.644379 4.23478 4 4 3341.71 3.74117 5.46689 3 10 225.78 5.05619e-05 4.62366 5 

# Multigrid, 271 steps, 186.393 CPU, 11.69 real, 9.5e+04 points.step/s, 24 var
