t sb -1 xb vb dt perf.t perf.speed
0 0 -1 0.5 0 0.00134247 0 0 
0.00134247 0 -1 0.5 -0.000321786 0.00134247 0.004502 227454 1 349.821 50.8936 6.87357 4 
0.00390324 2.56959e-06 -1 0.499998 -0.00018131 0.00256077 0.007954 257481 2 67.9793 9.01083 2.74667 4 1 79.8141 20.4943 3.89446 4 1 0.000424144 6.51115e-09 65141.1 4 
0.00757493 -3.26385e-05 -1 0.499998 0.00210027 0.00367169 0.01202 255574 3 20.1915 6.09843 1.49045 4 1 85.2828 18.8348 4.52795 4 1 0.000663703 3.55585e-08 18665.1 4 
0.0122506 -7.20539e-05 -1 0.500007 0.00523573 0.00467566 0.014872 275417 1 5.17727 2.97846 1.73824 4 1 19.1291 1.50658 12.6971 4 1 0.0016626 2.11555e-07 7858.94 4 
0.0178456 -9.94764e-05 -1 0.500036 0.00901305 0.00559504 0.017434 293679 1 2.61316 0.426839 6.12214 4 1 7.62015 4.10081 1.85821 4 1 0.00275532 6.42549e-07 4288.11 4 
0.0242727 -0.000102932 -1 0.500093 0.0131141 0.00642706 0.019974 307600 1 2.45889 1.28044 1.92034 4 1 14.4216 6.83376 2.11035 4 1 0.00403942 1.45729e-06 2771.87 4 
0.0314604 -7.80078e-05 -1 0.500186 0.0170536 0.00718775 0.022972 312032 2 3.341 1.78854 1.36675 4 1 15.1736 7.23166 2.09822 4 1 0.00537021 2.71742e-06 1976.22 4 
0.0393345 -3.89865e-05 -1 0.500318 0.0207502 0.00787411 0.025924 316001 2 3.31381 1.40686 1.53475 4 1 14.6559 5.55934 2.63627 4 1 0.00652467 4.3303e-06 1506.75 4 
0.0478178 -3.28807e-06 -1 0.500492 0.0245496 0.00848328 0.027851 330904 1 3.18984 0.645204 4.94392 4 1 6.29063 3.45104 1.82282 4 1 0.00754355 6.24629e-06 1207.68 4 
0.0568736 2.12503e-05 -1 0.500711 0.0284987 0.00905577 0.029783 343820 1 3.17186 0.27625 11.4818 4 1 10.3116 1.75681 5.86952 4 1 0.00864727 8.68811e-06 995.3 4 
0.0664603 2.95545e-05 -1 0.50098 0.0326755 0.00958673 0.031707 355253 1 3.31781 0.513924 6.45584 4 1 10.5718 0.463214 22.8227 4 1 0.00975086 1.15666e-05 843.021 4 
0.0765067 2.09298e-05 -1 0.501304 0.0371268 0.0100464 0.03364 365279 1 3.25362 0.881343 3.69166 4 1 8.49925 0.410483 20.7055 4 1 0.010829 1.46844e-05 737.447 4 
0.0869852 -1.53919e-06 -1 0.50169 0.0419609 0.0104785 0.035915 370653 2 3.15425 0.576144 2.33982 4 1 9.61268 0.650404 14.7795 4 1 0.0122128 1.81871e-05 671.51 4 
0.0978546 -2.50682e-05 -1 0.502142 0.0471798 0.0108695 0.038391 373421 3 861.217 0.319765 13.9132 2 1 2.6557 0.225209 11.7922 4 1 0.0136736 2.19765e-05 622.191 4 
0.10906 -3.73805e-05 -1 0.502668 0.0524799 0.0112052 0.040492 379334 2 10.6763 0.22201 6.93462 2 1 16.7775 0.679516 24.6903 4 1 0.0150759 2.57317e-05 585.889 4 
0.120578 -3.93472e-05 -1 0.50327 0.0577623 0.0115177 0.043129 379884 4 868.351 0.361354 7.00149 2 1 4.13531 0.894027 4.62549 4 1 0.0161946 2.92242e-05 554.15 4 
0.132378 -2.83083e-05 -1 0.503949 0.0631167 0.0118009 0.0452 385133 2 12.163 0.282456 6.56212 2 1 7.01905 1.00553 6.98047 4 1 0.0171164 3.24411e-05 527.615 4 
0.144478 -1.50476e-05 -1 0.504712 0.0684357 0.0120997 0.047256 390046 2 11.5899 0.273764 6.50655 2 1 4.07336 0.955477 4.26317 4 1 0.0180095 3.69199e-05 487.799 4 
0.156786 -4.78011e-07 -1 0.505553 0.0737265 0.0123083 0.049318 394501 2 10.3003 0.271135 6.16355 2 1 4.55278 0.82999 5.48534 4 1 0.0187926 4.047e-05 464.36 4 
0.169312 1.38588e-05 -1 0.506477 0.0789262 0.0125252 0.051851 394978 4 842.855 0.210029 7.95918 2 1 4.99425 0.656128 7.6117 4 1 0.0192728 4.43949e-05 434.122 4 
0.182062 2.02861e-05 -1 0.507486 0.0841595 0.0127508 0.05392 398813 2 8.24184 0.141582 7.6297 2 1 5.20815 0.40305 12.9218 4 1 0.0195821 4.83106e-05 405.337 4 
0.194989 2.23833e-05 -1 0.508577 0.0894594 0.0129263 0.056214 400754 3 925.912 0.498359 12.2935 2 1 5.09025 0.399627 12.7375 4 1 0.0198582 5.16787e-05 384.264 4 
0.208096 1.22872e-05 -1 0.509756 0.0947206 0.0131075 0.058749 400892 4 792.084 0.458786 6.446 2 1 7.59118 0.403838 18.7976 4 1 0.0202407 5.53299e-05 365.819 4 
0.221328 7.86411e-06 -1 0.511016 0.100044 0.0132318 0.06083 404011 2 17.5873 0.223807 8.86466 2 1 5.92787 0.398847 14.8625 4 1 0.0204737 5.81709e-05 351.959 4 
0.234687 7.82229e-06 -1 0.512359 0.105393 0.013359 0.063374 403951 4 987.571 0.150844 8.99519 2 1 6.20189 0.498906 12.431 4 1 0.0232063 6.12978e-05 378.584 4 
0.248176 9.54491e-06 -1 0.513789 0.110708 0.0134893 0.065924 403859 4 587.322 0.284581 6.74012 2 1 6.9895 0.350588 19.9365 4 1 0.0248653 6.47169e-05 384.216 4 
0.261799 1.31133e-05 -1 0.515307 0.115966 0.0136229 0.068003 406570 2 14.5352 0.455845 5.6468 2 1 7.4722 0.355702 21.0069 4 1 0.025682 6.81581e-05 376.8 4 
0.27549 2.31556e-05 -1 0.516904 0.121161 0.013691 0.070307 407811 3 12.7425 0.204607 3.9638 2 1 6.82368 0.387843 17.5939 4 1 0.0267199 7.05652e-05 378.655 4 
0.28932 3.17405e-05 -1 0.518591 0.126222 0.01383 0.073087 406310 5 635.059 0.258942 4.76346 2 1 8.11198 0.266902 30.3931 4 1 0.0258409 7.49621e-05 344.719 4 
0.303221 3.06532e-05 -1 0.520356 0.131222 0.0139009 0.075627 406204 4 835.044 0.233172 7.73585 2 1 9.71268 0.417966 23.238 4 1 0.029506 7.89385e-05 373.785 4 
0.317194 2.64764e-05 -1 0.5222 0.136198 0.0139729 0.078401 404893 5 812.802 0.239893 5.08152 2 1 17.9366 0.441988 40.5817 4 1 0.0336222 8.3866e-05 400.903 4 
0.33124 1.98541e-05 -1 0.524118 0.141137 0.0140461 0.080709 406002 3 18.7601 0.132624 5.21039 2 1 11.4751 0.502913 22.8172 4 1 0.0326811 8.55112e-05 382.185 4 
0.345361 1.58605e-05 -1 0.526112 0.146065 0.0141204 0.083252 405900 4 1048.19 0.334268 7.48318 2 1 14.1456 0.673226 21.0117 4 1 0.0368515 9.08913e-05 405.446 4 
0.359481 1.52034e-05 -1 0.52816 0.150927 0.0141204 0.085803 405767 4 825.974 0.10707 9.37184 2 1 14.8889 0.723694 20.5735 4 1 0.0316568 9.34604e-05 338.719 4 
0.373677 1.8284e-05 -1 0.530275 0.155672 0.0141963 0.088338 405714 4 954.487 0.324464 7.36463 2 1 15.0981 1.02858 14.6786 4 1 0.0332157 9.50023e-05 349.631 4 
0.387951 2.34823e-05 -1 0.532471 0.160184 0.0142735 0.091508 402850 5 909.784 0.204484 5.36606 2 1 16.9 1.40561 12.0233 4 2 0.0347924 1.09169e-06 178.522 3 
0.402224 2.19935e-05 -1 0.534737 0.164579 0.0142735 0.09405 402850 3 32.784 0.097136 6.96242 2 1 17.1879 1.48118 11.6042 4 2 0.0395248 3.33319e-05 34.4354 2 
0.416577 2.33432e-05 -1 0.537096 0.168997 0.0143524 0.097052 400940 4 936.754 0.227446 8.011 2 1 17.6123 1.41756 12.4243 4 3 0.0371863 6.4595e-06 17.9223 2 
0.430929 2.05262e-05 -1 0.53953 0.173224 0.0143524 0.100049 399164 4 647.482 0.246146 7.16158 2 1 18.2339 1.38406 13.1742 4 3 0.0372388 7.42979e-06 17.1135 2 
0.445362 2.28161e-05 -1 0.542044 0.177359 0.014433 0.103282 396584 5 928.213 0.128694 5.91042 2 1 26.4719 1.11013 23.8458 4 3 0.042538 6.20862e-06 18.993 2 
0.459795 2.64405e-05 -1 0.544623 0.181316 0.014433 0.10598 396150 4 845.011 0.150344 8.65853 2 1 16.7218 1.28948 12.9678 4 2 0.0390812 6.67572e-05 24.1955 2 
0.474228 3.00622e-05 -1 0.547257 0.185207 0.014433 0.108427 396654 3 31.6972 0.211831 5.30897 2 1 17.6255 1.25659 14.0264 4 2 0.0424544 4.84985e-05 29.5868 2 
0.488744 3.55873e-05 -1 0.549963 0.189034 0.0145159 0.111344 395459 5 883.26 0.256968 5.09615 2 1 18.4969 1.11111 16.6472 4 2 0.045071 5.91103e-05 27.6132 2 
0.50326 3.57704e-05 -1 0.552712 0.192596 0.0145159 0.114035 395107 4 615.646 0.403323 6.25057 2 1 21.3596 0.890325 23.9908 4 2 0.0489518 5.22428e-05 30.6105 2 
0.517776 4.31131e-05 -1 0.555484 0.196093 0.0145159 0.116726 394771 4 903.707 0.260798 7.67239 2 1 26.6189 1.48339 17.9447 4 2 0.0375428 3.82204e-05 31.3412 2 
0.532292 5.43493e-05 -1 0.55831 0.19951 0.0145159 0.119765 393304 4 962.532 0.303994 7.50132 2 2 26.3597 0.139889 13.7271 4 2 0.0399488 3.76764e-05 32.5625 2 
0.546808 6.08705e-05 -1 0.561192 0.202717 0.0145159 0.122772 392011 4 907.935 0.293679 7.45668 2 2 25.3373 0.192667 11.4677 3 2 0.0392805 3.55457e-05 33.2426 2 
0.56141 6.94462e-05 -1 0.56414 0.205628 0.0146023 0.125713 390986 4 811.999 0.396925 6.7253 2 2 23.4902 0.242093 9.85036 3 2 0.0382327 3.66422e-05 32.3018 2 
0.576012 9.14791e-05 -1 0.567138 0.208437 0.0146023 0.128591 390198 4 1001.1 0.428996 6.95035 2 2 22.2779 0.3427 8.06269 2 2 0.0477557 3.66355e-05 36.1045 2 
0.590615 7.68593e-05 -1 0.570177 0.211201 0.0146023 0.131175 390318 3 22.3096 0.228742 4.60309 2 2 22.9568 0.794673 5.37479 2 2 0.0484359 3.59656e-05 36.6978 2 
0.605217 7.40593e-05 -1 0.573276 0.213908 0.0146023 0.133764 390419 3 1022.53 0.466535 12.9896 2 2 20.9086 0.904113 4.80895 2 2 0.0510673 3.50543e-05 38.1681 2 
0.619819 6.30017e-05 -1 0.576399 0.216439 0.0146023 0.136645 389681 4 671.127 0.180656 7.80707 2 2 30.2649 0.635254 6.90233 2 2 0.049248 3.55162e-05 37.2375 2 
0.634422 6.66494e-05 -1 0.579528 0.218788 0.0146023 0.139497 389055 4 1030.11 0.22056 8.26684 2 2 40.217 0.709765 7.52745 2 2 0.041535 3.88835e-05 32.6832 2 
0.649024 7.70911e-05 -1 0.582706 0.220919 0.0146023 0.142569 387854 5 939.589 0.301378 4.99764 2 2 32.0312 0.730368 6.62241 2 2 0.0390218 4.36269e-05 29.9072 2 
0.663626 9.05489e-05 -1 0.585936 0.222913 0.0146023 0.145647 386688 5 511.365 0.256973 4.56845 2 2 29.4711 0.806548 6.04482 2 2 0.0456102 6.10708e-05 27.3284 2 
0.678321 9.96138e-05 -1 0.589222 0.224745 0.0146942 0.148702 385630 5 606.289 0.204841 4.94599 2 2 25.4689 0.66734 6.17776 2 2 0.0433042 7.17393e-05 24.5689 2 
0.693015 0.000103926 -1 0.592549 0.226586 0.0146942 0.15152 385216 4 927.631 0.290002 7.52044 2 2 21.3151 0.703513 5.50438 2 2 0.0473003 6.03259e-05 28.0014 2 
0.707709 0.000103447 -1 0.595889 0.228187 0.0146942 0.154343 384805 4 866.371 0.159651 8.58287 2 2 28.0236 0.784312 5.97747 2 2 0.0473759 4.49736e-05 32.4563 2 
0.722403 0.000105389 -1 0.599211 0.229694 0.0146942 0.156683 385594 2 30.9734 0.44829 8.31219 2 2 24.1427 0.684912 5.93711 2 2 0.0404628 4.28528e-05 30.7283 2 
0.737097 0.000119486 -1 0.60252 0.231029 0.0146942 0.159505 385192 4 952.259 0.404159 6.96708 2 2 24.3357 0.789591 5.55163 2 2 0.0445345 4.11257e-05 32.9073 2 
0.751791 0.000114912 -1 0.605873 0.232327 0.0146942 0.162079 385392 3 484.688 0.216603 13.0797 2 2 27.335 1.07336 5.04646 2 2 0.0440343 4.35437e-05 31.8004 2 
0.766486 0.000114228 -1 0.609273 0.233407 0.0146942 0.165449 383732 5 971.531 0.106959 6.18939 2 2 26.7246 1.03185 5.08918 2 3 0.0497023 6.68511e-06 19.5174 2 
0.78118 0.000114259 -1 0.612729 0.234388 0.0146942 0.168811 382155 5 886.568 0.111823 6.02332 2 2 23.108 0.696193 5.76124 2 3 0.0479801 8.18172e-06 18.0332 2 
0.795874 0.000114128 -1 0.616208 0.235267 0.0146942 0.171915 381212 4 780.03 0.218309 7.73143 2 2 25.3915 0.557725 6.74736 2 3 0.0447009 5.01311e-06 20.7365 2 
0.810568 0.000120905 -1 0.619667 0.236049 0.0146942 0.174735 380920 4 835.616 0.270138 7.45771 2 2 21.5723 0.474302 6.74405 2 2 0.0487982 6.71091e-05 26.9657 2 
0.825262 0.000134666 -1 0.623072 0.236675 0.0146942 0.177548 380652 4 1309.4 0.421345 7.46635 2 2 20.8573 0.424317 7.01107 2 2 0.0483072 6.907e-05 26.4461 2 
0.839956 0.000133798 -1 0.626525 0.237296 0.0146942 0.18037 380374 4 915.975 0.360661 7.09898 2 2 26.8869 0.708863 6.1587 2 2 0.0422021 5.16484e-05 28.585 2 
0.854651 0.00013374 -1 0.630007 0.237831 0.0146942 0.18318 380129 4 261.301 0.264379 5.60698 2 2 24.1258 0.96193 5.00806 2 2 0.0445972 3.53255e-05 35.5312 2 
0.869345 0.000142653 -1 0.633524 0.23837 0.0146942 0.186005 379861 4 869.938 0.272872 7.51419 2 2 24.6376 0.736104 5.78535 2 2 0.0471963 3.45938e-05 36.9364 2 
0.884039 0.000157688 -1 0.637052 0.238735 0.0146942 0.189078 379103 5 1218.93 0.134007 6.19113 2 2 27.1572 0.922544 5.42561 2 2 0.0452224 3.39674e-05 36.4876 2 
0.898733 0.000157294 -1 0.640553 0.23909 0.0146942 0.1919 378864 4 1114.63 0.249016 8.17949 2 2 20.5567 0.687449 5.46836 2 2 0.0433669 3.77149e-05 33.9096 2 
0.913427 0.000163629 -1 0.643946 0.239306 0.0146942 0.194735 378607 4 833.585 0.222892 7.82013 2 2 19.1975 1.17284 4.04579 2 2 0.0520023 5.43655e-05 30.9278 2 
0.928121 0.000163349 -1 0.647405 0.2394 0.0146942 0.197545 378405 4 761.635 0.11039 9.1139 2 2 27.2935 1.44361 4.34816 2 2 0.0513929 7.73627e-05 25.7742 2 
0.942816 0.000168615 -1 0.65091 0.239469 0.0146942 0.200352 378214 4 362.982 0.187315 6.63481 2 2 26.805 1.46889 4.27182 2 2 0.0588008 9.01638e-05 25.5373 2 
0.95751 0.000172863 -1 0.654462 0.239538 0.0146942 0.203399 377583 5 835.475 0.221709 5.19075 2 2 29.7885 0.51159 7.63068 2 2 0.057777 7.33831e-05 28.0595 2 
0.972204 0.000180015 -1 0.658037 0.239557 0.0146942 0.206205 377411 4 855.615 0.240634 7.72201 2 2 27.7555 0.638139 6.59504 2 2 0.0515644 5.59759e-05 30.3511 2 
0.986898 0.000190624 -1 0.661633 0.239488 0.0146942 0.209599 376185 6 1371.79 0.363693 3.94541 2 2 22.8881 0.523656 6.61122 2 2 0.0465713 5.46391e-05 29.1949 2 
1.00159 0.000204685 -1 0.665047 0.239422 0.0146942 0.212691 375531 5 1606.76 0.209756 5.98201 2 2 22.3539 0.895846 4.99528 2 2 0.0533306 8.22945e-05 25.4568 2 
1.01629 0.000207035 -1 0.668484 0.239195 0.0146942 0.215748 374956 5 781.143 0.194373 5.25798 2 2 40.7251 1.31977 5.55497 2 2 0.0634228 8.13217e-05 27.9267 2 
1.03098 0.000202137 -1 0.67195 0.238876 0.0146942 0.218817 374377 5 909.416 0.462112 4.5583 2 2 25.2541 1.26054 4.47598 2 2 0.0719289 8.19211e-05 29.6315 2 
1.04567 0.00021193 -1 0.675451 0.238506 0.0146942 0.221879 373825 5 723.876 0.414215 4.45131 2 2 24.3025 1.09363 4.714 2 2 0.0804297 8.33063e-05 31.072 2 
1.06037 0.000217658 -1 0.678969 0.238294 0.0146942 0.225176 372899 6 1796.4 0.326547 4.20155 2 2 26.3558 1.49699 4.19593 2 2 0.0719091 7.69289e-05 30.5737 2 
1.07506 0.0002089 -1 0.682535 0.23794 0.0146942 0.228296 372289 4 72.2873 0.380668 3.71218 2 2 21.8441 1.49003 3.82886 2 3 0.0677916 6.62264e-06 21.7128 2 
1.08976 0.000204766 -1 0.686038 0.23757 0.0146942 0.231425 371680 4 731.407 0.191818 7.8581 2 2 34.2034 1.08223 5.6218 2 3 0.0652723 8.55574e-06 19.686 2 
1.10445 0.000201027 -1 0.68943 0.237002 0.0146942 0.234551 371092 4 787.758 0.237397 7.58979 2 2 22.9877 1.07926 4.61514 2 3 0.0751473 4.95714e-06 24.7492 2 
1.11915 0.000199089 -1 0.692838 0.236432 0.0146942 0.237125 371382 3 23.863 0.184748 5.05493 2 2 36.3455 0.673947 7.34366 2 2 0.0724008 7.90959e-05 30.2548 2 
1.13384 0.000200788 -1 0.696289 0.235902 0.0146942 0.239936 371299 4 1235.92 0.167363 9.27006 2 2 24.1271 0.631098 6.18307 2 2 0.0683588 9.43349e-05 26.9191 2 
1.14853 0.000203551 -1 0.699764 0.235338 0.0146942 0.242751 371212 4 691.351 0.249062 7.25851 2 2 32.1486 0.64243 7.07405 2 2 0.0676647 9.12009e-05 27.2384 2 
1.16323 0.000197966 -1 0.703275 0.234676 0.0146942 0.245563 371131 4 715.583 0.391872 6.53701 2 2 35.3464 0.671002 7.2579 2 2 0.0809918 8.36739e-05 31.1118 2 
1.17792 0.000202616 -1 0.706784 0.233996 0.0146942 0.248376 371050 4 789.719 0.399308 6.6687 2 2 42.2033 0.772589 7.39093 2 2 0.0893829 8.05079e-05 33.3202 2 
1.19262 0.000197603 -1 0.710206 0.233288 0.0146942 0.251181 370983 4 1526.08 0.383832 7.9407 2 2 44.9376 0.664092 8.22604 2 2 0.077461 7.74076e-05 31.6337 2 
1.20731 0.000186468 -1 0.713529 0.232642 0.0146942 0.253994 370906 4 932.227 0.25824 7.7513 2 2 92.0227 1.24841 8.58556 2 2 0.0817409 8.70294e-05 30.6469 2 
1.222 0.000183038 -1 0.716837 0.23208 0.0146942 0.257056 370472 4 1883.8 0.2774 9.07783 2 3 121.468 0.276764 7.59949 2 2 0.0642206 6.59756e-05 31.1993 2 
1.2367 0.000173497 -1 0.720198 0.231384 0.0146942 0.259871 370399 4 124.436 0.117377 5.70612 2 2 35.3643 0.69359 7.14054 2 2 0.0796741 6.09283e-05 36.1617 2 
1.25139 0.000176692 -1 0.723608 0.230732 0.0146942 0.262926 369990 5 1142.48 0.193038 5.68122 2 2 47.576 0.645695 8.58382 2 2 0.091794 6.03338e-05 39.0056 2 
1.26609 0.000185429 -1 0.727046 0.230056 0.0146942 0.265752 369909 4 866.051 0.328388 7.1662 2 2 32.1907 0.677973 6.89062 2 2 0.105179 6.05107e-05 41.6916 2 
1.28078 0.000185665 -1 0.730505 0.229355 0.0146942 0.26832 370185 3 48.484 0.15556 6.78006 2 2 36.1617 0.568555 7.97514 2 2 0.116322 7.59533e-05 39.1344 2 
1.29548 0.000189637 -1 0.733884 0.228702 0.0146942 0.271198 370032 3 37.3825 0.151017 6.27886 2 2 39.0258 0.589181 8.13864 2 3 0.114169 2.14752e-06 37.6013 2 
1.31017 0.000197529 -1 0.737225 0.228008 0.0146942 0.274301 369579 4 2464.4 0.319384 9.37237 2 2 35.4671 0.749602 6.87856 2 3 0.0983521 3.33528e-06 30.8947 2 
1.32486 0.000207653 -1 0.7405 0.227393 0.0146942 0.277429 369103 4 768.107 0.32789 6.95702 2 2 45.5092 0.866126 7.24869 2 3 0.0864579 4.18256e-06 27.4444 2 
1.33956 0.000213085 -1 0.743768 0.226773 0.0146942 0.280539 368662 4 749.224 0.169692 8.1515 2 2 43.257 0.871099 7.04684 2 3 0.0989106 3.98577e-06 29.1682 2 
1.35425 0.000209182 -1 0.747054 0.226106 0.0146942 0.283656 368221 4 724.86 0.172888 8.04678 2 2 32.0743 1.08995 5.42469 2 3 0.113632 2.83012e-06 34.2425 2 
1.36895 0.000210643 -1 0.750371 0.225578 0.0146942 0.286481 368164 4 1606.25 0.325031 8.38441 2 2 58.6611 1.16976 7.08153 2 2 0.128012 9.56059e-05 36.5917 2 
1.38364 0.000192486 -1 0.753723 0.224905 0.0146942 0.289624 367704 4 720.544 0.173559 8.027 2 2 36.5445 1.53401 4.88087 2 3 0.127878 8.5094e-06 24.6774 2 
1.39834 0.000182656 -1 0.757058 0.224182 0.0146942 0.292503 367586 3 40.7017 0.135737 6.69327 2 2 35.0227 1.00345 5.90783 2 3 0.120754 8.64907e-06 24.0793 2 
1.41303 0.000189228 -1 0.760345 0.223499 0.0146942 0.295318 367550 4 802.245 0.308281 7.14233 2 2 47.3816 0.69765 8.24112 2 2 0.120163 8.79713e-05 36.9585 2 
1.42772 0.000196332 -1 0.763624 0.22283 0.0146942 0.298067 367595 3 668.333 0.377873 12.0934 2 2 82.2319 1.08069 8.72307 2 2 0.123774 7.95722e-05 39.4397 2 
1.44242 0.000197327 -1 0.76686 0.222082 0.0146942 0.300919 367514 4 686.746 0.245364 7.27355 2 2 54.2965 0.713214 8.72521 2 2 0.0989028 7.64344e-05 35.9716 2 
1.45711 0.000189218 -1 0.770064 0.221454 0.0146942 0.303742 367470 4 543.913 0.303104 6.50855 2 2 43.2854 0.688321 7.93004 2 2 0.094067 5.63708e-05 40.85 2 
1.47181 0.00018614 -1 0.773278 0.22043 0.0146942 0.30704 366858 6 2474.11 0.459739 4.18618 2 2 50.0101 0.619757 8.98293 2 2 0.106043 5.7878e-05 42.8039 2 
1.4865 0.000206442 -1 0.776521 0.219662 0.0146942 0.309619 367109 3 190.529 0.347598 8.18392 2 2 53.5815 0.86976 7.84888 2 2 0.1137 6.10799e-05 43.1452 2 
1.50119 0.000210818 -1 0.779778 0.218869 0.0146942 0.312911 366520 6 1097.2 0.253616 4.03662 2 2 56.0188 0.531858 10.2629 2 2 0.12861 6.44294e-05 44.6782 2 
1.51589 0.000216702 -1 0.783004 0.218187 0.0146942 0.315734 366486 4 778.089 0.107362 9.22667 2 2 40.2424 0.776046 7.20109 2 2 0.143681 6.2128e-05 48.0901 2 
1.53058 0.000218951 -1 0.786182 0.217527 0.0146942 0.318786 366189 5 2986.78 0.147004 7.27068 2 2 46.2138 1.67918 5.24611 2 2 0.157865 6.41684e-05 49.6001 2 
1.54528 0.000212482 -1 0.789376 0.216768 0.0146942 0.321604 366165 3 147.375 0.132404 10.3635 2 3 124.866 0.498667 6.30296 2 2 0.159935 8.54367e-05 43.2662 2 
1.55997 0.000213161 -1 0.792543 0.215979 0.0146942 0.324649 365884 4 718.436 0.254107 7.29194 2 3 32.0129 0.524919 3.9362 2 2 0.139446 9.9629e-05 37.4119 2 
1.57467 0.000219524 -1 0.795683 0.215116 0.0146942 0.327463 365867 4 138.834 0.138965 5.62209 2 2 30.2648 0.938485 5.67878 2 2 0.15598 9.43249e-05 40.665 2 
1.58936 0.000225684 -1 0.798803 0.214277 0.0146942 0.330026 366129 3 114.462 0.151885 9.10016 2 2 49.5194 0.735724 8.20408 2 2 0.167774 7.48221e-05 47.3529 2 
1.60405 0.00023023 -1 0.801946 0.213483 0.0146942 0.332594 366381 3 51.4119 0.155271 6.91817 2 2 46.0013 0.561919 9.04791 2 2 0.172383 6.30673e-05 52.2811 2 
1.61875 0.00023177 -1 0.805098 0.212753 0.0146942 0.335637 366110 5 1910.13 0.324739 5.67421 2 2 45.2368 0.736442 7.83749 2 2 0.169376 6.3958e-05 51.4611 2 
1.63344 0.000218386 -1 0.808277 0.212032 0.0146942 0.338682 365842 5 796.501 0.316816 4.78714 2 2 55.8376 1.06137 7.2532 2 2 0.168999 6.91938e-05 49.4206 2 
1.64814 0.000201359 -1 0.811399 0.211294 0.0146942 0.341497 365825 4 588.283 0.219344 7.1964 2 2 56.6948 0.87515 8.04879 2 2 0.16005 8.43126e-05 43.5694 2 
1.66283 0.000193641 -1 0.814497 0.210601 0.0146942 0.344788 365303 5 681.566 0.195846 5.10879 2 3 146.816 0.246698 8.41142 2 2 0.159551 9.62698e-05 40.7103 2 
1.67752 0.000189774 -1 0.81756 0.210041 0.0146942 0.347908 364970 4 1640.26 0.372473 8.14618 2 2 67.7106 0.710842 9.75982 2 3 0.162733 3.29562e-06 36.6871 2 
1.69222 0.000174265 -1 0.820612 0.209496 0.0146942 0.350778 364903 3 109.461 0.336669 6.87625 2 2 62.4628 0.63918 9.88551 2 3 0.151389 8.83223e-06 25.7834 2 
1.70691 0.00016761 -1 0.823622 0.208771 0.0146942 0.353889 364589 4 3737.92 0.424299 9.68812 2 2 35.7547 0.608154 7.6676 2 3 0.157649 1.13698e-05 24.024 2 
1.72161 0.000165039 -1 0.826646 0.208068 0.0146942 0.357005 364275 4 749.135 0.146737 8.45289 2 2 36.9149 0.550502 8.18882 2 3 0.16566 7.42671e-06 28.1497 2 
1.7363 0.000164946 -1 0.829685 0.207272 0.0146942 0.359818 364273 4 1287.46 0.162944 9.42809 2 2 72.5699 0.583365 11.1534 2 2 0.184364 8.77199e-05 45.8446 2 
1.751 0.000167449 -1 0.832757 0.206598 0.0146942 0.362629 364273 4 1675.94 0.192657 9.65757 2 2 44.6531 0.711811 7.92033 2 2 0.198626 9.64151e-05 45.3884 2 
1.76569 0.000177798 -1 0.835839 0.206027 0.0146942 0.36551 364203 3 564.999 0.455712 10.7428 2 2 35.9568 0.636785 7.5144 2 3 0.214369 2.45831e-06 44.3447 2 
1.78038 0.000179749 -1 0.838933 0.205429 0.0146942 0.368607 363921 4 653.407 0.409964 6.31843 2 2 155.112 0.769844 14.1945 2 3 0.238076 2.65117e-06 44.7808 2 
1.79508 0.000166175 -1 0.841961 0.204855 0.0146942 0.371713 363635 4 726.246 0.380401 6.61014 2 2 48.3527 0.855433 7.51826 2 3 0.222109 2.9326e-06 42.3094 2 
1.80977 0.000163188 -1 0.844971 0.204432 0.0146942 0.374615 363552 3 86.5436 0.211861 7.41984 2 2 47.1354 0.527549 9.45241 2 3 0.190063 3.16041e-06 39.1788 2 
1.82447 0.000163112 -1 0.847944 0.203957 0.0146942 0.377735 363260 4 1112.87 0.392523 7.29701 2 2 60.2594 0.882984 8.26106 2 3 0.180154 3.21024e-06 38.2856 2 
1.83916 0.000172206 -1 0.850866 0.203632 0.0146942 0.380861 362967 4 701.06 0.248408 7.28865 2 2 41.5405 0.53519 8.81013 2 3 0.164566 3.11276e-06 37.5316 2 
1.85385 0.00017356 -1 0.853761 0.202978 0.0146942 0.38397 362695 4 3672.61 0.35744 10.068 2 2 94.0708 0.631692 12.2032 2 3 0.165948 2.93741e-06 38.371 2 
1.86855 0.000182524 -1 0.856705 0.202266 0.0146942 0.387568 361970 6 3182.83 0.343881 4.58213 2 2 39.7122 0.947731 6.47321 2 3 0.191401 3.0661e-06 39.6691 2 
1.88324 0.000205351 -1 0.859665 0.201613 0.0146942 0.390682 361706 4 750.552 0.303172 7.05379 2 2 82.4373 0.67913 11.0176 2 3 0.20053 3.02384e-06 40.4769 2 
1.89794 0.000210653 -1 0.862658 0.201124 0.0146942 0.393786 361455 4 1061.8 0.288063 7.79182 2 2 142.995 1.25855 10.6592 2 3 0.205808 3.09724e-06 40.5039 2 
1.91263 0.000205046 -1 0.865664 0.200767 0.0146942 0.39689 361208 4 535.59 0.232623 6.927 2 2 54.7093 1.54042 5.95951 2 3 0.216745 3.48992e-06 39.6014 2 
1.92733 0.000199875 -1 0.8687 0.200396 0.0146942 0.399991 360968 4 965.924 0.304621 7.50405 2 2 61.1599 1.10266 7.44755 2 3 0.215967 3.81202e-06 38.407 2 
1.94202 0.00019159 -1 0.871693 0.199962 0.0146942 0.403109 360716 4 656.576 0.306486 6.80328 2 2 36.0567 0.828807 6.59578 2 3 0.207589 4.1082e-06 36.9701 2 
1.95671 0.000185962 -1 0.874649 0.199603 0.0146942 0.40622 360475 4 715.605 0.112345 8.93367 2 2 33.0848 0.969053 5.84306 2 3 0.192657 4.38947e-06 35.2743 2 
1.97141 0.000183504 -1 0.877558 0.199294 0.0146942 0.409342 360227 4 591.935 0.121247 8.35893 2 2 96.7193 1.63765 7.68504 2 3 0.179532 4.57572e-06 33.9803 2 
1.9861 0.000183299 -1 0.880384 0.198873 0.0146942 0.412691 359785 5 678.254 0.180381 5.18848 2 2 29.7806 0.834874 5.9725 2 3 0.148738 4.89736e-06 31.1999 2 
2.0008 0.000173326 -1 0.883208 0.198215 0.0146942 0.416783 358709 8 3041.51 0.332103 3.12771 2 2 38.6194 1.16513 5.75725 2 3 0.154182 4.72281e-06 31.9604 2 
2.01549 0.000186928 -1 0.886055 0.197898 0.0146942 0.420389 358068 5 258.148 0.141406 4.49035 2 3 145.896 0.451981 6.85975 2 3 0.167783 5.98484e-06 30.3784 2 
2.03018 0.000181915 -1 0.888937 0.197624 0.0146942 0.423747 357647 5 3441.77 0.246026 6.74777 2 2 68.937 1.23197 7.48044 2 3 0.180561 8.04983e-06 28.202 2 
2.04488 0.000174143 -1 0.891858 0.197141 0.0146942 0.427132 357210 5 917.938 0.293465 5.00094 2 2 67.856 1.17283 7.60634 2 3 0.193237 5.37762e-06 32.9989 2 
2.05957 0.000181975 -1 0.894794 0.196792 0.0146942 0.430066 357154 4 544.11 0.142066 7.86681 2 2 43.0552 1.06606 6.3551 2 2 0.194853 8.87879e-05 46.8465 2 
2.07427 0.000186021 -1 0.897757 0.196448 0.0146942 0.432654 357385 3 182.431 0.197907 9.73223 2 2 45.7474 0.742856 7.84749 2 2 0.200206 7.6422e-05 51.1834 2 
2.08896 0.0001875 -1 0.900728 0.19616 0.0146942 0.435227 357625 3 109.38 0.168262 8.66264 2 2 124.631 1.37115 9.53392 2 2 0.184896 8.47611e-05 46.7053 2 
2.10366 0.000187062 -1 0.903702 0.195882 0.0146942 0.438346 357416 4 640.599 0.280146 6.91513 2 2 39.9207 1.01245 6.27931 2 3 0.169168 4.15389e-06 34.405 2 
2.11835 0.000185883 -1 0.906585 0.195658 0.0146942 0.441484 357195 4 693.043 0.178147 7.8976 2 2 42.2417 0.801957 7.25764 2 3 0.151813 4.95893e-06 31.2829 2 
2.13304 0.000190475 -1 0.909357 0.19545 0.0146942 0.444619 356980 4 3024.99 0.285925 10.1419 2 2 43.0896 0.607068 8.42496 2 3 0.13107 4.97018e-06 29.7653 2 
2.14774 0.00018494 -1 0.912127 0.19521 0.0146942 0.447753 356768 4 653.04 0.184572 7.71247 2 2 135.862 1.46718 9.62293 2 3 0.150875 4.63806e-06 31.9222 2 
2.16243 0.000184485 -1 0.914919 0.194752 0.0146942 0.451143 356357 5 3706.37 0.0922835 8.3323 2 2 69.0041 0.592357 10.7931 2 3 0.166105 4.66415e-06 32.9006 2 
2.17713 0.000188869 -1 0.917718 0.194384 0.0146942 0.454429 356034 4 1020.78 0.225414 8.20329 2 2 66.9313 0.819821 9.03556 2 3 0.169765 5.14054e-06 32.0834 2 
2.19182 0.00018407 -1 0.920566 0.194068 0.0146942 0.457345 356003 3 480.608 0.315966 11.5005 2 2 37.7437 1.2535 5.48731 2 3 0.178139 5.71424e-06 31.4727 2 
2.20651 0.000174714 -1 0.923433 0.193842 0.0146942 0.460497 355790 4 722.391 0.360623 6.69005 2 2 30.7566 0.912058 5.80708 2 3 0.179464 5.6788e-06 31.616 2 
2.22121 0.0001693 -1 0.926329 0.193625 0.0146942 0.463903 355385 3 137.07 0.148396 9.73883 2 3 144.797 0.225267 8.6302 2 3 0.161766 5.11198e-06 31.63 2 
2.2359 0.000165476 -1 0.929234 0.193424 0.0146942 0.467037 355192 3 82.4269 0.197369 7.47475 2 2 34.8357 0.387336 9.48349 2 3 0.150493 4.54494e-06 32.1116 2 
2.2506 0.000166246 -1 0.932159 0.193225 0.0146942 0.470147 355021 3 41.182 0.159888 6.36254 2 2 44.3739 0.445869 9.97608 2 3 0.136094 4.61025e-06 30.9057 2 
2.26529 0.000169897 -1 0.935065 0.193022 0.0146942 0.473789 354453 5 3076.42 0.213269 6.78928 2 2 35.5759 0.747515 6.89872 2 3 0.119078 4.44374e-06 29.9246 2 
2.27999 0.00017002 -1 0.937948 0.192833 0.0146942 0.477161 354094 4 729.335 0.383893 6.60206 2 2 131.782 1.6374 8.97121 2 3 0.139225 3.99556e-06 32.6622 2 
2.29468 0.000168834 -1 0.940688 0.192561 0.0146942 0.480516 353753 4 599.48 0.194236 7.45351 2 2 75.757 0.858339 9.39468 2 3 0.151397 4.18454e-06 33.0743 2 
2.30937 0.000164861 -1 0.94343 0.192368 0.0146942 0.484042 353292 5 3227.48 0.293083 6.43242 2 2 48.5974 0.978975 7.04564 2 3 0.169448 4.50015e-06 33.5174 2 
2.32407 0.000158028 -1 0.946178 0.192204 0.0146942 0.486884 353333 4 1074.41 0.20135 8.54683 2 2 42.1652 1.13998 6.08176 2 2 0.170264 9.17479e-05 43.0788 2 
2.33876 0.000154143 -1 0.948949 0.192098 0.0146942 0.489992 353181 3 495.011 0.35777 11.143 2 2 38.3435 1.0094 6.1633 2 3 0.166483 4.78203e-06 32.6527 2 
2.35346 0.000152111 -1 0.951744 0.191994 0.0146942 0.493174 352979 4 574.306 0.119006 8.33477 2 2 126.335 1.11695 10.6352 2 3 0.146081 6.76827e-06 27.8423 2 
2.36815 0.000149694 -1 0.954577 0.191887 0.0146942 0.496293 352824 4 687.967 0.157568 8.12877 2 2 30.9466 0.602567 7.16644 2 3 0.13721 7.00568e-06 26.9553 2 
2.38284 0.000152331 -1 0.957427 0.191802 0.0146942 0.499234 352796 3 97.4664 0.183978 8.09152 2 2 42.3969 0.573257 8.59988 2 3 0.128977 4.0428e-06 31.7158 2 
2.39754 0.000154628 -1 0.960295 0.191699 0.0146942 0.502107 352817 3 43.1037 0.216239 5.84153 2 2 39.4529 0.515124 8.75151 2 3 0.114825 4.0037e-06 30.6096 2 
2.41223 0.000158601 -1 0.963155 0.191629 0.0146942 0.505208 352679 4 2441.71 0.289913 9.57981 2 2 136.041 1.54764 9.37564 2 3 0.129449 4.34587e-06 30.9985 2 
2.42693 0.000157134 -1 0.966013 0.191549 0.0146942 0.508302 352546 4 493.568 0.140516 7.69848 2 2 50.3356 0.484654 10.1911 2 3 0.149398 4.53062e-06 32.0673 2 
2.44162 0.000159518 -1 0.968861 0.191278 0.0146942 0.511638 352249 5 3150.89 0.439809 5.90247 2 2 75.2334 1.01116 8.62573 2 3 0.157008 4.53996e-06 32.5804 2 
2.45632 0.00017807 -1 0.971696 0.191216 0.0146942 0.514982 351950 5 1061.46 0.129828 6.06048 2 2 34.5109 0.458933 8.67168 2 3 0.164078 4.86361e-06 32.312 2 
2.47101 0.000181517 -1 0.974458 0.191314 0.0146942 0.518091 351815 4 1152.3 0.229952 8.41361 2 2 36.3009 0.497399 8.54291 2 3 0.161273 5.08387e-06 31.656 2 
2.4857 0.000179243 -1 0.977195 0.191343 0.0146942 0.521203 351679 4 684.336 0.17206 7.94141 2 2 116.922 1.66724 8.37431 2 3 0.157049 4.61201e-06 32.4127 2 
2.5004 0.000177735 -1 0.979937 0.191371 0.0146942 0.52407 351709 3 588.089 0.339744 12.0069 2 2 23.0641 0.472481 6.98677 2 3 0.128051 4.15978e-06 31.3404 2 
2.51509 0.000158138 -1 0.982709 0.191328 0.0146942 0.526935 351740 3 324.06 0.289214 10.3865 2 2 36.7337 0.416763 9.38833 2 3 0.123451 4.10574e-06 31.0957 2 
2.52979 0.000149879 -1 0.985512 0.191276 0.0146942 0.530045 351608 4 659.483 0.249923 7.1672 2 2 42.1312 0.698563 7.76604 2 3 0.114095 3.98206e-06 30.5999 2 
2.54448 0.000150175 -1 0.988341 0.191293 0.0146942 0.532918 351634 3 146.504 0.124946 10.5449 2 2 38.1523 0.368802 10.171 2 3 0.123042 3.9116e-06 31.567 2 
2.55917 0.000150911 -1 0.991171 0.191213 0.0146942 0.536253 351357 4 2195.7 0.252317 9.65843 2 3 130.543 0.307154 7.51851 2 3 0.136401 3.92549e-06 32.6318 2 
2.57387 0.000171067 -1 0.99401 0.191337 0.0146942 0.53965 351042 5 3120.87 0.108087 7.80011 2 2 44.9939 0.499116 9.49458 2 3 0.154859 3.35179e-06 35.8829 2 
2.58856 0.000167472 -1 0.996849 0.191378 0.0146942 0.54227 351235 3 207.763 0.144365 11.2902 2 2 57.7379 0.605028 9.76884 2 2 0.152076 9.44887e-05 40.1181 2 
2.60326 0.00016435 -1 0.999697 0.191388 0.0146942 0.545077 351304 4 646.438 0.208358 7.46327 2 2 81.5731 1.12955 8.49807 2 2 0.157445 8.30818e-05 43.5323 2 
2.61795 0.000167987 -1 1.00253 0.191331 0.0146942 0.547888 351371 4 1177.75 0.339676 7.67356 2 2 31.1822 0.54904 7.53618 2 2 0.146313 8.49138e-05 41.51 2 
2.63265 0.000178062 -1 1.00536 0.191352 0.0146942 0.550702 351435 4 576.165 0.170604 7.62324 2 2 98.3315 0.749532 11.4538 2 2 0.138964 9.30374e-05 38.6476 2 
2.64734 0.000178949 -1 1.00814 0.191431 0.0146942 0.553518 351497 4 637.834 0.200456 7.51056 2 2 24.4185 0.858714 5.33255 2 2 0.115912 9.47661e-05 34.9734 2 
2.66203 0.000178256 -1 1.01089 0.191557 0.0146942 0.556091 351712 3 56.3424 0.105381 8.11629 2 2 38.2069 0.972192 6.26895 2 2 0.115269 9.02395e-05 35.7403 2 
2.67673 0.000179161 -1 1.01364 0.191671 0.0146942 0.558972 351731 3 342.305 0.430138 9.26691 2 2 38.3366 1.12855 5.82835 2 3 0.108528 6.02233e-06 26.2176 2 
2.69142 0.000189695 -1 1.01643 0.191763 0.0146942 0.562089 351603 4 641.506 0.109097 8.75683 2 2 34.8125 1.20132 5.38316 2 3 0.123177 8.09671e-06 24.7784 2 
2.70612 0.000194575 -1 1.01924 0.191823 0.0146942 0.56521 351473 4 3115.34 0.41244 9.32258 2 2 39.2253 0.619401 7.95787 2 3 0.134948 6.43336e-06 27.5789 2 
2.72081 0.000215329 -1 1.02207 0.191882 0.0146942 0.568329 351346 4 176.135 0.265486 5.07518 2 2 107.206 1.44932 8.60056 2 3 0.142029 5.18955e-06 30.1358 2 
2.7355 0.000223011 -1 1.02491 0.191908 0.0146942 0.571446 351221 4 161.719 0.290803 4.85613 2 2 32.7308 0.503492 8.06273 2 3 0.150387 5.36121e-06 30.3843 2 
2.7502 0.000227825 -1 1.02776 0.191984 0.0146942 0.574385 351207 3 138.931 0.13522 10.0907 2 2 47.6583 0.464377 10.1306 2 3 0.151941 5.21415e-06 30.7725 2 
2.76489 0.000229237 -1 1.03061 0.192168 0.0146942 0.577215 351259 4 1005.94 0.256151 7.91624 2 2 55.7667 0.357762 12.4851 2 2 0.153231 9.43241e-05 40.3053 2 
2.77959 0.00023001 -1 1.03346 0.192271 0.0146942 0.580022 351325 4 1294.61 0.259128 8.4073 2 2 23.3254 0.383416 7.79973 2 2 0.135244 9.56595e-05 37.6006 2 
2.79428 0.000231905 -1 1.03631 0.192332 0.0146942 0.582818 351396 4 581.695 0.137588 8.0636 2 2 88.8287 1.36182 8.07638 2 2 0.109908 9.72401e-05 33.6196 2 
2.80898 0.000236233 -1 1.03914 0.192487 0.0146942 0.585835 351334 4 689.634 0.2574 7.19453 2 2 36.7116 0.38816 9.72515 2 2 0.106798 9.98412e-05 32.7059 2 
2.82367 0.000232478 -1 1.04191 0.192569 0.0146942 0.588734 351344 3 53.0092 0.10353 8.00009 2 2 38.065 0.477719 8.92641 2 3 0.103065 3.87761e-06 29.8434 2 
2.83836 0.000233015 -1 1.04468 0.192683 0.0146942 0.591615 351364 3 356.724 0.229485 11.584 2 2 35.6716 1.18552 5.48539 2 3 0.116568 4.17592e-06 30.3348 2 
2.85306 0.000234109 -1 1.04746 0.192723 0.0146942 0.594996 351088 4 2919.9 0.415325 9.15683 2 3 31.1958 0.375853 4.36207 2 3 0.125557 3.72649e-06 32.2983 2 
2.86775 0.000240572 -1 1.05028 0.192826 0.0146942 0.598346 350834 4 655.218 0.157566 8.03028 2 3 108.324 0.386135 6.54628 2 3 0.134848 3.14633e-06 34.9956 2 
2.88245 0.000247483 -1 1.05312 0.192903 0.0146942 0.60123 350854 3 177.675 0.179658 9.96306 2 2 26.6467 1.11229 4.89455 2 3 0.143174 3.01333e-06 36.2192 2 
2.89714 0.000250456 -1 1.05597 0.192988 0.0146942 0.604112 350875 3 122.493 0.267643 7.7064 2 2 43.1524 0.616887 8.36372 2 3 0.144147 3.05064e-06 36.1525 2 
2.91183 0.000251254 -1 1.05883 0.19308 0.0146942 0.606994 350896 3 89.6711 0.301706 6.67354 2 2 25.5326 0.381247 8.18359 2 3 0.13912 2.8564e-06 36.5194 2 
2.92653 0.00025228 -1 1.0617 0.193058 0.0146942 0.61006 350811 5 1231.24 0.166171 5.94234 2 2 21.4596 0.488948 6.6249 2 2 0.136243 9.80596e-05 37.2744 2 
2.94122 0.000251814 -1 1.06456 0.193115 0.0146942 0.612785 350922 3 54.4718 0.135051 7.38853 2 2 103.356 0.688823 12.2494 2 2 0.117886 9.60444e-05 35.0344 2 
2.95592 0.000252803 -1 1.06743 0.193243 0.0146942 0.615872 350826 5 689.833 0.180507 5.20535 2 2 32.328 0.67748 6.90782 2 2 0.0999364 9.47544e-05 32.476 2 
2.97061 0.00024517 -1 1.07027 0.193436 0.0146942 0.618683 350887 4 536.734 0.167917 7.5191 2 2 36.1874 0.839677 6.56482 2 2 0.0984871 9.2907e-05 32.5586 2 
2.98531 0.000239766 -1 1.07308 0.193529 0.0146942 0.621743 350807 5 669.339 0.174752 5.20768 2 2 36.5469 0.694775 7.25276 2 2 0.103909 9.06248e-05 33.8613 2 
3 0.000236758 -1 1.07584 0.193503 0.0146942 0.625029 350601 6 2956.41 0.221556 4.8702 2 2 34.5802 0.602295 7.5772 2 2 0.117626 9.61299e-05 34.9802 2 

# Multigrid, 214 steps, 4.99878 CPU, 0.6284 real, 3.49e+05 points.step/s, 23 var
