t sb -1 xb vb dt perf.t perf.speed
0 0 -1 0.5 0 0.00379709 0 0 
0.00379709 0 -1 0.5 -0.00102077 0.00379709 0.00073 350685 2 93.4817 5.30013 4.19972 4 
0.0110343 -7.43038e-05 -1 0.499994 0.00399669 0.00723721 0.001096 467153 6 7.58405 1.56659 1.30064 5 2 9.84563 7.07152 1.17996 5 1 0.000311718 7.2325e-10 430997 4 
0.0214126 -0.000134862 -1 0.500034 0.0109653 0.0103784 0.001308 587156 1 1.06044 0.371197 2.85682 5 1 3.6167 3.28596 1.10065 5 1 0.00148531 2.31095e-08 64272.7 4 
0.0346508 -0.00011076 -1 0.500173 0.0176032 0.0132382 0.001672 612440 4 1.83884 0.525351 1.3678 5 4 6.96037 1.82105 1.39823 5 1 0.00302474 1.07341e-07 28178.7 4 
0.0504239 -5.43169e-05 -1 0.500438 0.0247321 0.0157731 0.001904 672269 2 1.30997 0.35275 1.92707 5 1 2.49791 0.608898 4.10235 5 1 0.00478715 2.83864e-07 16864.2 4 
0.0685195 -2.25714e-06 -1 0.500866 0.032628 0.0180956 0.002107 728999 1 1.09204 0.200848 5.43715 5 1 1.24244 0.064568 19.2423 5 1 0.00688465 6.07459e-07 11333.5 4 
0.0887366 3.15138e-05 -1 0.501497 0.0412213 0.0202171 0.002309 776094 1 1.19428 0.0622368 19.1893 5 1 1.41021 0.300069 4.69963 5 1 0.00916232 1.11375e-06 8226.53 4 
0.11096 3.75708e-05 -1 0.502374 0.0504795 0.0222234 0.002533 808527 2 3.60265 0.0832503 6.57837 4 1 1.50458 0.415872 3.61789 5 1 0.0127645 1.92415e-06 6633.84 4 
0.134836 1.57851e-05 -1 0.503535 0.060375 0.0238764 0.00278 828777 2 3.6914 0.10518 5.92419 4 1 2.13458 0.35423 6.02599 5 1 0.0163986 2.98059e-06 5501.81 4 
0.160418 -1.30941e-05 -1 0.505034 0.0707631 0.0255818 0.003028 845443 2 3.58966 0.0726536 7.02908 4 1 2.57256 0.191241 13.4519 5 1 0.0208699 4.49764e-06 4640.19 4 
0.187462 -3.34749e-05 -1 0.506907 0.0814073 0.0270436 0.003254 865396 2 3.94639 0.0358409 10.4933 3 1 3.00905 0.230496 13.0546 5 1 0.0249688 6.27991e-06 3975.99 4 
0.215871 -3.56544e-05 -1 0.509199 0.0921547 0.0284095 0.003498 878216 4 180.181 0.0939008 6.61851 2 1 3.79945 0.392621 9.67716 5 1 0.0273451 8.6283e-06 3169.23 4 
0.24549 -3.85075e-05 -1 0.511934 0.102677 0.0296184 0.003721 894383 3 4.34834 0.0818463 3.75931 2 1 2.75263 0.367327 7.49368 5 1 0.028007 1.0547e-05 2655.45 4 
0.276095 -7.47647e-06 -1 0.5151 0.112979 0.0306057 0.003943 908953 3 6.63411 0.106262 3.96706 2 1 3.98511 0.381425 10.4479 5 1 0.0260631 1.26361e-05 2062.59 4 
0.307769 3.48645e-05 -1 0.51872 0.122969 0.0316733 0.00418 918660 4 10.3023 0.0707441 3.47385 2 1 4.14658 0.317784 13.0484 5 1 0.0305563 1.48554e-05 2056.92 4 
0.340205 6.79583e-05 -1 0.522786 0.132534 0.0324365 0.004402 930486 3 10.3192 0.078366 5.08751 2 1 3.84567 0.231094 16.6411 5 1 0.0384513 1.64295e-05 2340.38 4 
0.373453 0.000100769 -1 0.527302 0.14175 0.0332474 0.00468 929915 5 198.563 0.0533087 5.17869 2 1 3.10114 0.216244 14.3409 5 1 0.0488636 1.77168e-05 2758.04 4 
0.407564 0.000104652 -1 0.532263 0.150481 0.034111 0.004958 929407 5 226.455 0.0729234 4.99371 2 1 5.58258 0.228885 24.3904 5 1 0.062245 1.99199e-05 3124.76 4 
0.442129 0.000128251 -1 0.537605 0.158544 0.0345658 0.00526 924715 5 182.464 0.0604579 4.96529 2 2 12.5668 0.128532 9.88795 4 1 0.0784553 2.16191e-05 3628.98 4 
0.477655 0.000158383 -1 0.54335 0.166059 0.035526 0.005551 922356 6 175.962 0.0517836 3.87737 2 1 4.8208 0.183348 26.2932 4 1 0.0947969 2.66836e-05 3552.62 4 
0.513689 0.000141432 -1 0.54942 0.173152 0.0360335 0.005828 922443 4 18.5566 0.046708 4.46454 2 2 5.38236 0.118243 6.7468 3 1 0.112337 3.04016e-05 3695.1 4 
0.550252 0.000124575 -1 0.555587 0.179408 0.0365634 0.00608 926316 3 26.5009 0.0555191 7.81519 2 2 15.0781 0.193548 8.82632 2 1 0.123696 3.39058e-05 3648.21 4 
0.586816 0.000136605 -1 0.561941 0.184217 0.0365634 0.006359 925932 5 199.066 0.0676995 4.93949 2 2 7.87439 0.289343 5.21677 2 1 0.131175 3.47684e-05 3772.82 4 
0.623942 0.000113547 -1 0.568597 0.188383 0.0371259 0.006638 925580 4 154.698 0.040972 7.8388 2 3 20.655 0.139034 5.29625 2 1 0.107397 3.56008e-05 3016.7 4 
0.661657 0.000107568 -1 0.575611 0.191593 0.0377152 0.006887 929287 3 31.614 0.0680701 7.74416 2 2 6.71469 0.255046 5.13102 2 1 0.0907134 6.04396e-05 1500.89 4 
0.699372 0.000138495 -1 0.582948 0.194191 0.0377152 0.007167 928701 5 86.1637 0.0699446 4.15063 2 2 11.4838 0.225596 7.13474 2 1 0.0751801 6.82363e-05 1101.76 4 
0.737716 0.00016428 -1 0.590592 0.195835 0.0383438 0.007474 924806 5 30.7748 0.0596195 3.48788 2 3 7.74665 0.0392095 5.82426 2 1 0.0871671 6.64125e-05 1312.51 4 
0.77606 0.000192464 -1 0.59824 0.196472 0.0383438 0.007786 920627 6 241.481 0.0248451 4.61963 2 3 11.113 0.0378391 6.64707 2 1 0.0995365 6.33451e-05 1571.34 4 
0.815076 0.000178571 -1 0.605751 0.196426 0.0390165 0.008082 918585 5 221.934 0.0241684 6.20291 2 3 16.6503 0.0259018 8.63041 2 1 0.102751 4.11856e-05 2494.83 4 
0.854093 0.000188662 -1 0.613343 0.19625 0.0390165 0.008378 916687 5 227.131 0.0381254 5.68869 2 3 7.07162 0.163044 3.51348 2 1 0.0962975 5.19144e-05 1854.93 4 
0.893109 0.000207153 -1 0.621006 0.195649 0.0390165 0.008658 916609 4 109.503 0.0489505 6.87729 2 3 9.85915 0.202036 3.65429 2 1 0.0941682 5.73268e-05 1642.65 4 
0.932862 0.000228819 -1 0.628839 0.194631 0.0397527 0.008953 915001 5 195.675 0.0429908 5.39054 2 3 13.3195 0.205793 4.015 2 1 0.070511 6.09907e-05 1156.09 4 
0.972614 0.000259141 -1 0.63668 0.193261 0.0397527 0.009248 913495 5 31.398 0.0547514 3.56206 2 3 18.246 0.163892 4.81064 2 1 0.0724671 5.00397e-05 1448.19 4 
1.01237 0.00029327 -1 0.644279 0.191972 0.0397527 0.009538 912560 5 50.8385 0.0544498 3.9268 2 3 15.3002 0.069983 6.02423 2 1 0.0848215 4.13545e-05 2051.09 4 
1.05212 0.000330778 -1 0.651488 0.190244 0.0397527 0.010076 889242 5 28.0879 0.0355446 3.79795 2 3 15.4251 0.0898203 5.55842 2 1 0.0939475 4.18665e-05 2243.98 4 
1.09187 0.000355405 -1 0.658931 0.188133 0.0397527 0.010394 886665 7 270.229 0.0484473 3.42933 2 3 10.3789 0.0429572 6.22834 2 1 0.102 5.28334e-05 1930.6 4 
1.13163 0.000375613 -1 0.666458 0.185987 0.0397527 0.010663 888305 4 269.664 0.0371476 9.23045 2 3 26.9705 0.0568188 7.80068 2 1 0.10005 5.59256e-05 1788.98 4 
1.17224 0.000379255 -1 0.67426 0.183627 0.0406168 0.010917 891087 4 30.3747 0.0450648 5.09528 2 2 11.4814 0.211085 7.37512 2 1 0.1045 6.31701e-05 1654.26 4 
1.21286 0.00038585 -1 0.682046 0.18178 0.0406168 0.011201 891349 5 175.692 0.0284075 5.73144 2 3 15.6945 0.171555 4.5059 2 1 0.0867412 7.44739e-05 1164.72 4 
1.25348 0.000392509 -1 0.689728 0.180176 0.0406168 0.01147 892764 4 61.8581 0.0491646 5.95575 2 3 18.9051 0.234197 4.32182 2 1 0.0819477 7.47041e-05 1096.96 4 
1.29409 0.000429995 -1 0.696801 0.178043 0.0406168 0.011786 890548 7 302.846 0.0442721 3.53078 2 3 14.6425 0.198723 4.19233 2 1 0.0847304 6.55652e-05 1292.31 4 
1.33471 0.000445521 -1 0.703726 0.175752 0.0406168 0.012075 890435 5 34.1792 0.0482368 3.71601 2 3 22.4922 0.0484074 7.74534 2 1 0.0982657 5.67386e-05 1731.9 4 
1.37533 0.000480162 -1 0.71066 0.173574 0.0406168 0.012365 890255 5 44.6461 0.0429047 4.01287 2 3 15.0415 0.0757085 5.8351 2 1 0.107779 5.90625e-05 1824.84 4 
1.41594 0.000512043 -1 0.717711 0.171638 0.0406168 0.012652 890294 5 326.875 0.0384627 6.10757 2 3 19.1207 0.143593 5.10649 2 1 0.0976982 6.2336e-05 1567.28 4 
1.45656 0.000520544 -1 0.724897 0.169276 0.0406168 0.012938 890400 5 257.606 0.0374902 5.85339 2 3 13.3394 0.220444 3.92596 2 1 0.111735 6.95304e-05 1607 4 
1.49718 0.000496396 -1 0.732099 0.166766 0.0406168 0.013227 890300 5 273.986 0.0212035 6.64147 2 3 15.305 0.0966336 5.41047 2 1 0.111727 8.06901e-05 1384.64 4 
1.53779 0.000494586 -1 0.739204 0.165152 0.0406168 0.013514 890336 5 177.025 0.0390467 5.3863 2 3 14.449 0.0673296 5.98702 2 1 0.120904 9.02189e-05 1340.12 4 
1.57841 0.000469562 -1 0.746242 0.163674 0.0406168 0.013816 889404 6 168.551 0.0575066 3.78299 2 3 14.8999 0.0354686 7.48939 2 1 0.112759 7.33042e-05 1538.24 4 
1.61903 0.000512659 -1 0.75291 0.162203 0.0406168 0.014167 885438 9 298.074 0.052542 2.61271 2 3 26.777 0.127247 5.948 2 1 0.118791 7.8595e-05 1511.43 4 
1.65964 0.000554238 -1 0.759277 0.160827 0.0406168 0.01444 886427 4 296.116 0.0502964 8.75954 2 3 15.0194 0.113185 5.10059 2 1 0.128398 8.00148e-05 1604.68 4 
1.70026 0.000555475 -1 0.76565 0.159254 0.0406168 0.014737 885933 5 170.014 0.0551828 4.98581 2 3 25.178 0.0439887 8.30284 2 1 0.142077 7.95531e-05 1785.94 4 
1.74088 0.000600208 -1 0.772052 0.157842 0.0406168 0.015052 884401 6 49.9275 0.0481624 3.1813 2 3 14.6044 0.0371281 7.32702 2 1 0.148899 8.25525e-05 1803.69 4 
1.78149 0.000637165 -1 0.778373 0.157007 0.0406168 0.01537 882759 6 384.797 0.0578554 4.33659 2 3 23.1389 0.138584 5.50652 2 1 0.150693 8.69704e-05 1732.69 4 
1.82211 0.000673407 -1 0.784848 0.156138 0.0406168 0.015726 879054 5 66.5253 0.0445119 4.31422 2 4 21.2733 0.226002 3.1148 2 2 0.1622 3.39211e-07 691.497 3 
1.86273 0.000703717 -1 0.791391 0.155525 0.0406168 0.016062 876603 6 300.762 0.0554537 4.19162 2 3 22.5022 0.220848 4.67065 2 2 0.167117 1.66028e-05 100.327 2 
1.90335 0.000740596 -1 0.797933 0.154808 0.0406168 0.016405 873880 6 43.4529 0.0480496 3.10972 2 4 22.2963 0.239453 3.10637 2 2 0.15065 7.47456e-05 44.8943 2 
1.94396 0.000769923 -1 0.804446 0.153906 0.0406168 0.016785 869348 9 316.315 0.0605022 2.58911 2 3 12.101 0.22884 3.75344 2 2 0.138602 6.86638e-05 44.9283 2 
1.98458 0.000795342 -1 0.810935 0.15357 0.0406168 0.01713 866783 7 160.886 0.0417412 3.25296 2 3 27.222 0.186913 5.2613 2 2 0.158676 7.5582e-05 45.819 2 
2.0252 0.000772136 -1 0.817307 0.154075 0.0406168 0.017472 864469 7 291.521 0.057176 3.38561 2 3 14.6921 0.229224 4.00197 2 2 0.191847 7.76885e-05 49.6934 2 
2.06581 0.000735904 -1 0.823554 0.154191 0.0406168 0.018033 851772 5 178.109 0.040563 5.35194 2 3 14.8917 0.0798152 5.71417 2 2 0.218465 7.27706e-05 54.7915 2 
2.10643 0.000740931 -1 0.829625 0.15447 0.0406168 0.018346 851194 5 64.7115 0.0503747 4.18556 2 3 23.561 0.0821136 6.59568 2 2 0.231404 6.2934e-05 60.6377 2 
2.14705 0.000784057 -1 0.835779 0.154755 0.0406168 0.018675 849906 6 91.5464 0.0440713 3.57202 2 3 29.416 0.0546725 8.13339 2 2 0.23578 5.77618e-05 63.89 2 
2.18766 0.000819953 -1 0.841919 0.155833 0.0406168 0.019002 848753 6 426.958 0.0358404 4.77898 2 3 27.2071 0.137574 5.82615 2 2 0.195409 5.60141e-05 59.064 2 
2.22828 0.000836715 -1 0.848286 0.15604 0.0406168 0.019378 845495 5 98.5239 0.0330719 4.95241 2 6 17.5423 0.22191 2.07166 3 2 0.182977 6.20544e-05 54.3015 2 
2.2689 0.000851999 -1 0.854725 0.156621 0.0406168 0.019721 843771 6 327.091 0.0559781 4.244 2 2 25.2474 0.204061 11.1232 2 2 0.166747 6.30267e-05 51.4359 2 
2.30951 0.000814123 -1 0.861224 0.157338 0.0406168 0.020097 840722 5 65.103 0.0345942 4.51772 2 6 26.2671 0.227837 2.20613 4 2 0.186109 6.52905e-05 53.3898 2 
2.35013 0.000794947 -1 0.867784 0.158127 0.0406168 0.020406 840537 5 88.8636 0.0309626 4.91561 2 2 15.7609 0.200717 8.86131 3 2 0.178765 6.43723e-05 52.6978 2 
2.39075 0.000814943 -1 0.874381 0.159531 0.0406168 0.020723 840033 6 318.789 0.0542536 4.24795 2 2 30.5547 0.22157 11.7431 2 2 0.199922 6.48129e-05 55.5392 2 
2.43136 0.000853826 -1 0.881013 0.160954 0.0406168 0.02105 839145 6 78.1492 0.0554192 3.34871 2 3 16.0306 0.087445 5.68074 2 2 0.24028 6.16521e-05 62.4288 2 
2.47198 0.000890503 -1 0.88764 0.162274 0.0406168 0.02136 838951 5 179.028 0.0348416 5.52287 2 3 19.8365 0.121849 5.46027 2 2 0.27569 7.05255e-05 62.5226 2 
2.5126 0.000916973 -1 0.894201 0.163585 0.0406168 0.021655 839344 4 105.419 0.0323698 7.55431 2 3 18.3622 0.126458 5.25606 2 2 0.319328 8.31439e-05 61.9731 2 
2.55321 0.00093296 -1 0.900594 0.165219 0.0406168 0.022 837818 5 126.265 0.0243746 5.53183 2 3 42.5036 0.239331 5.62094 2 3 0.377459 2.16119e-06 55.8975 2 
2.59383 0.000948633 -1 0.907212 0.166163 0.0406168 0.022408 833988 7 373.597 0.0583844 3.49727 2 5 40.0098 0.225242 2.81776 2 3 0.403747 2.33261e-06 55.73 2 
2.63445 0.000983935 -1 0.914026 0.167369 0.0406168 0.02275 832703 5 377.12 0.0205714 7.12268 2 3 32.4964 0.238453 5.14609 2 3 0.308997 1.98042e-06 53.8351 2 
2.67507 0.000993227 -1 0.920907 0.168345 0.0406168 0.02318 828300 7 95.1268 0.0426776 3.00816 2 7 28.7449 0.233036 1.98945 5 2 0.209134 7.90164e-05 51.4462 2 
2.71568 0.00101792 -1 0.927903 0.168836 0.0406168 0.023527 826965 7 119.445 0.0560938 2.98858 2 2 18.7944 0.188001 9.99847 4 2 0.202811 7.52015e-05 51.9317 2 
2.7563 0.00104767 -1 0.934928 0.169972 0.0406168 0.023869 825841 6 346.583 0.0545517 4.30361 2 3 42.2027 0.135784 6.77377 3 2 0.20519 7.75914e-05 51.4247 2 
2.79692 0.00103054 -1 0.941994 0.171146 0.0406168 0.024181 825772 5 94.6505 0.0444494 4.63075 2 3 18.8279 0.0834737 6.0872 2 2 0.239874 7.07417e-05 58.231 2 
2.83753 0.00106468 -1 0.949079 0.172036 0.0406168 0.024506 825267 6 201.442 0.046766 4.0337 2 3 17.3831 0.111768 5.37777 2 2 0.288024 6.87173e-05 64.7412 2 
2.87815 0.00109456 -1 0.956104 0.173016 0.0406168 0.024802 825740 6 144.302 0.0423378 3.87933 2 3 27.8449 0.0632642 7.6067 2 2 0.351642 6.72732e-05 72.2985 2 
2.91877 0.00112212 -1 0.962994 0.174533 0.0406168 0.025084 826662 5 182.101 0.0425549 5.32442 2 3 36.5268 0.116926 6.78526 2 2 0.394181 6.7803e-05 76.2471 2 
2.95938 0.00115746 -1 0.969999 0.176274 0.0406168 0.025379 827141 5 529.765 0.0476482 6.44477 2 4 37.4297 0.199036 3.70315 2 2 0.42531 9.0686e-05 68.483 2 
3 0.00114093 -1 0.977218 0.177083 0.0406168 0.025721 826095 5 467.946 0.0475374 6.28973 2 5 40.0352 0.224556 2.81983 3 3 0.449079 2.71793e-06 54.8733 2 

# Multigrid, 83 steps, 0.026512 CPU, 0.02652 real, 8.01e+05 points.step/s, 23 var
