0.76432 0
0.768271 0.0625

0.768353 0.0625
0.780041 0.125

0.776985 0.125
0.802361 0.1875

0.802277 0.1875
0.8125 0.202984

0.8125 0.210395
0.855787 0.25

0.850742 0.25
0.875 0.264434

0.875 0.260085
0.9375 0.266206

1 0.249007
0.982538 0.25

0.9375 0.253229
0.994313 0.25

1.0625 0.247591
1.04882 0.25

1 0.261664
1.0625 0.250944

1.125 0.20657
1.06679 0.25

1.0625 0.252773
1.06765 0.25

1.1875 0.0993202
1.17903 0.125

1.18231 0.125
1.14068 0.1875

1.125 0.200742
1.13718 0.1875

1.20609 0
1.19938 0.0625

1.1875 0.0992321
1.19962 0.0625

