0.664062 0.311777
0.663766 0.3125

0.663187 0.3125
0.664062 0.315148

0.671875 0.304566
0.671679 0.304688

0.664062 0.311381
0.669338 0.304688

0.664062 0.314586
0.668293 0.320312

0.668582 0.320312
0.671875 0.322228

0.671875 0.304275
0.679688 0.301305

0.671875 0.320069
0.672503 0.320312

0.671875 0.320795
0.679688 0.322697

0.679688 0.301663
0.6875 0.300349

0.679688 0.32256
0.6875 0.323379

0.6875 0.300508
0.695312 0.299817

0.6875 0.323247
0.695312 0.323499

0.695312 0.299844
0.703125 0.299402

0.695312 0.323385
0.703125 0.323559

0.703125 0.299413
0.710938 0.299142

0.703125 0.323539
0.710938 0.323902

0.710938 0.299157
0.71875 0.299004

0.710938 0.32395
0.71875 0.324448

0.71875 0.299017
0.726562 0.298928

0.71875 0.32447
0.726562 0.324966

0.726562 0.298938
0.734375 0.298867

0.726562 0.324949
0.734375 0.325434

0.734375 0.298873
0.742188 0.298788

0.734375 0.32547
0.742188 0.325906

0.742188 0.298791
0.75 0.298673

0.742188 0.325926
0.75 0.326199

0.75 0.298672
0.757812 0.298517

0.75 0.326168
0.757812 0.326297

0.757812 0.298515
0.765625 0.298328

0.757812 0.326264
0.765625 0.326375

0.765625 0.298325
0.773438 0.298116

0.765625 0.326411
0.773438 0.326498

0.773438 0.298112
0.78125 0.297892

0.773438 0.32652
0.78125 0.326465

0.78125 0.297874
0.789062 0.29769

0.78125 0.326469
0.789062 0.326223

0.789062 0.297712
0.796875 0.297553

0.789062 0.326197
0.796875 0.325801

0.796875 0.297543
0.804688 0.297386

0.796875 0.32575
0.804688 0.325358

0.804688 0.297339
0.8125 0.297297

0.804688 0.325283
0.8125 0.325149

0.8125 0.297293
0.820312 0.297469

0.8125 0.325038
0.820312 0.325534

0.820312 0.297498
0.828125 0.297841

0.820312 0.325635
0.828125 0.326782

0.828125 0.297862
0.835938 0.298274

0.828125 0.327138
0.835938 0.32802

0.835938 0.298268
0.84375 0.29872

0.835938 0.327885
0.84375 0.328062

0.84375 0.298703
0.851562 0.299242

0.84375 0.327879
0.851562 0.327989

0.850611 0.328125
0.851562 0.328138

0.851562 0.299242
0.859375 0.299901

0.851562 0.328066
0.853969 0.328125

0.852264 0.328125
0.859375 0.328298

0.859375 0.299918
0.867188 0.300661

0.859375 0.328035
0.862457 0.328125

0.859375 0.328219
0.867188 0.328448

0.867188 0.300676
0.875 0.301439

0.867188 0.328665
0.875 0.328638

0.875 0.30145
0.882812 0.302184

0.875 0.328231
0.882812 0.32831

0.882812 0.302192
0.890625 0.302862

0.882925 0.328125
0.890625 0.329512

0.890625 0.3029
0.898438 0.303415

0.890625 0.329691
0.898438 0.33248

0.898438 0.303501
0.90625 0.303611

0.898438 0.333252
0.90625 0.335521

0.90625 0.303696
0.914062 0.303061

0.90625 0.335338
0.914062 0.335909

0.914062 0.303149
0.921875 0.301421

0.914062 0.335246
0.921875 0.33581

0.921594 0.335938
0.921875 0.335958

0.921875 0.300875
0.929688 0.298969

0.921875 0.336173
0.929688 0.337331

0.929688 0.299756
0.9375 0.297189

0.929688 0.336478
0.9375 0.339213

0.945312 0.292562
0.937723 0.296875

0.9375 0.297148
0.938007 0.296875

0.9375 0.340841
0.945312 0.343604

0.953125 0.286611
0.950079 0.289062

0.945312 0.292503
0.949895 0.289062

0.945312 0.343023
0.953125 0.343722

0.960938 0.277554
0.958133 0.28125

0.953125 0.286654
0.958352 0.28125

0.953125 0.343553
0.960938 0.343686

0.96875 0.265126
0.968512 0.265625

0.968641 0.265625
0.963986 0.273438

0.960938 0.277639
0.963998 0.273438

0.960938 0.343539
0.96875 0.343734

0.967631 0.34375
0.96875 0.343778

0.976562 0.245519
0.97515 0.25

0.975256 0.25
0.972271 0.257812

0.96875 0.265202
0.972273 0.257812

0.96875 0.343718
0.96915 0.34375

0.969442 0.34375
0.976562 0.344317

0.984375 0.208108
0.984023 0.210938

0.984023 0.210938
0.982858 0.21875

0.982874 0.21875
0.981476 0.226562

0.981516 0.226562
0.979773 0.234375

0.979757 0.234375
0.977624 0.242188

0.976562 0.245497
0.977606 0.242188

0.976562 0.344152
0.984375 0.345615

0.992074 0
0.992063 0.0078125

0.992063 0.0078125
0.992031 0.015625

0.99203 0.015625
0.991978 0.0234375

0.991978 0.0234375
0.991908 0.03125

0.99191 0.03125
0.991819 0.0390625

0.991817 0.0390625
0.991704 0.046875

0.991704 0.046875
0.99157 0.0546875

0.991568 0.0546875
0.991416 0.0625

0.991414 0.0625
0.991249 0.0703125

0.991253 0.0703125
0.991072 0.078125

0.99107 0.078125
0.990868 0.0859375

0.990866 0.0859375
0.99065 0.09375

0.990652 0.09375
0.990422 0.101562

0.990421 0.101562
0.990174 0.109375

0.990172 0.109375
0.989913 0.117188

0.989916 0.117188
0.989642 0.125

0.989641 0.125
0.989349 0.132812

0.989351 0.132812
0.989038 0.140625

0.989035 0.140625
0.988701 0.148438

0.988706 0.148438
0.988345 0.15625

0.988343 0.15625
0.987948 0.164062

0.987956 0.164062
0.987516 0.171875

0.987515 0.171875
0.987017 0.179688

0.987026 0.179688
0.986454 0.1875

0.98646 0.1875
0.985784 0.195312

0.985791 0.195312
0.984982 0.203125

0.984375 0.208059
0.984989 0.203125

0.984375 0.346072
0.992188 0.347796

0.992188 0.347737
1 0.348925

1 0.348911
1.00781 0.349708

1.00781 0.349678
1.01562 0.350171

1.01562 0.350175
1.02344 0.350416

1.02344 0.350428
1.03125 0.350386

1.03125 0.350397
1.03906 0.350023

1.03906 0.349939
1.04688 0.349379

1.04688 0.349228
1.05469 0.348952

1.05469 0.348926
1.0625 0.34929

1.0625 0.349545
1.07031 0.35009

1.07031 0.349928
1.07812 0.350469

1.07812 0.351421
1.08594 0.350376

1.08594 0.348502
1.09375 0.347716

1.09375 0.349976
1.10156 0.348678

1.10156 0.346514
1.10938 0.344513

1.10938 0.346649
1.11719 0.344003

1.11719 0.342021
1.125 0.338423

1.13281 0.335551
1.13201 0.335938

1.125 0.340032
1.13281 0.336264

1.13281 0.334916
1.14062 0.330458

1.14844 0.326204
1.14572 0.328125

1.14062 0.332023
1.14632 0.328125

1.15625 0.319756
1.15552 0.320312

1.14844 0.324985
1.15407 0.320312

1.16406 0.3118
1.16343 0.3125

1.15625 0.319855
1.16406 0.312657

1.17188 0.30388
1.17104 0.304688

1.16406 0.31154
1.17065 0.304688

1.17969 0.29568
1.17886 0.296875

1.17188 0.304287
1.1786 0.296875

1.1875 0.283107
1.183 0.289062

1.17969 0.2948
1.18377 0.289062

1.19531 0.271244
1.19414 0.273438

1.19531 0.27348
1.19053 0.28125

1.1875 0.284013
1.18971 0.28125

1.20312 0.259089
1.19878 0.265625

1.19531 0.26994
1.19763 0.265625

1.19531 0.273611
1.1954 0.273438

1.21094 0.248767
1.21014 0.25

1.20867 0.25
1.20368 0.257812

1.20312 0.258376
1.20349 0.257812

1.21875 0.232742
1.21775 0.234375

1.21836 0.234375
1.21409 0.242188

1.21094 0.24543
1.21302 0.242188

1.22656 0.217926
1.22614 0.21875

1.22656 0.221701
1.22395 0.226562

1.21875 0.232087
1.22216 0.226562

1.23438 0.202658
1.23415 0.203125

1.23438 0.207142
1.23243 0.210938

1.22656 0.218034
1.23032 0.210938

1.22656 0.220665
1.22758 0.21875

1.24219 0.187379
1.24213 0.1875

1.24219 0.192023
1.24052 0.195312

1.23438 0.202947
1.23827 0.195312

1.23438 0.205816
1.23575 0.203125

1.25 0.171613
1.24988 0.171875

1.25 0.176326
1.24841 0.179688

1.24616 0.179688
1.24224 0.1875

1.24219 0.190422
1.24367 0.1875

1.25781 0.159331
1.25563 0.164062

1.25 0.171356
1.25343 0.164062

1.25 0.175009
1.25148 0.171875

1.2656 0.140625
1.26185 0.148438

1.25781 0.154556
1.26032 0.148438

1.25781 0.158556
1.25887 0.15625

1.27344 0.120127
1.27161 0.125

1.27024 0.125
1.26688 0.132812

1.26562 0.138571
1.26741 0.132812

1.28125 0.0942934
1.27865 0.101562

1.2778 0.101562
1.27499 0.109375

1.27527 0.109375
1.27358 0.117188

1.27344 0.119619
1.27435 0.117188

1.28906 0.0601586
1.28863 0.0625

1.28848 0.0625
1.28623 0.0703125

1.28594 0.0703125
1.28376 0.078125

1.28371 0.078125
1.28229 0.0859375

1.28273 0.0859375
1.28125 0.09375

1.28125 0.0940923
1.28137 0.09375

1.29394 0
1.29375 0.0078125

1.2936 0.0078125
1.29337 0.015625

1.29359 0.015625
1.29319 0.0234375

1.29303 0.0234375
1.29233 0.03125

1.29233 0.03125
1.29165 0.0390625

1.29179 0.0390625
1.2909 0.046875

1.29071 0.046875
1.28971 0.0546875

1.28906 0.0601134
1.29005 0.0546875

kappa_offset_provider_stats evaluations=113305 clamp_hits=0 denominator_guard_hits=0 min_abs_denominator=0.57715086235660928 max_abs_d_over_h=4.3881513184175152 grad_samples=113305 grad_min=0.455657598473658 grad_mean=3.5088206165984568 grad_std=3.20225188677946 grad_max=16.342988251353702
