0.798336 0
0.798377 0.0078125

0.798373 0.0078125
0.798503 0.015625

0.798502 0.015625
0.79873 0.0234375

0.798727 0.0234375
0.799058 0.03125

0.79906 0.03125
0.799494 0.0390625

0.79949 0.0390625
0.800034 0.046875

0.800039 0.046875
0.800689 0.0546875

0.800691 0.0546875
0.801431 0.0625

0.80143 0.0625
0.802258 0.0703125

0.80226 0.0703125
0.803174 0.078125

0.803153 0.078125
0.804192 0.0859375

0.80419 0.0859375
0.804688 0.089146

0.804688 0.0891684
0.805398 0.09375

0.805405 0.09375
0.806783 0.101562

0.806807 0.101562
0.808295 0.109375

0.808297 0.109375
0.809842 0.117188

0.809806 0.117188
0.811476 0.125

0.811437 0.125
0.8125 0.129282

0.8125 0.129258
0.813382 0.132812

0.813454 0.132812
0.815587 0.140625

0.815592 0.140625
0.817759 0.148438

0.817652 0.148438
0.820055 0.15625

0.820049 0.15625
0.820312 0.157008

0.820312 0.156767
0.822845 0.164062

0.822879 0.164062
0.825674 0.171875

0.825526 0.171875
0.828125 0.178453

0.828125 0.178428
0.828623 0.179688

0.828768 0.179688
0.832131 0.1875

0.831981 0.1875
0.835614 0.195312

0.835591 0.195312
0.835938 0.195996

0.835938 0.195697
0.839709 0.203125

0.839566 0.203125
0.84375 0.210675

0.84375 0.210678
0.843893 0.210938

0.844006 0.210938
0.84874 0.21875

0.848575 0.21875
0.851562 0.223282

0.851562 0.223111
0.853839 0.226562

0.853784 0.226562
0.859375 0.234107

0.859375 0.234109
0.859577 0.234375

0.859568 0.234375
0.865989 0.242188

0.866002 0.242188
0.867188 0.243546

0.867188 0.243555
0.87309 0.25

0.873108 0.25
0.875 0.251924

0.875 0.251969
0.881205 0.257812

0.881198 0.257812
0.882812 0.259254

0.882812 0.259284
0.890478 0.265625

0.890612 0.265625
0.890625 0.265635

0.890625 0.265719
0.898438 0.271414

0.898438 0.271464
0.901571 0.273438

0.901629 0.273438
0.90625 0.276348

0.90625 0.27633
0.914062 0.280486

0.914062 0.280513
0.915675 0.28125

0.915911 0.28125
0.921875 0.283976

0.921875 0.284012
0.929688 0.28709

0.929688 0.287219
0.935766 0.289062

0.93639 0.289062
0.9375 0.289399

0.9375 0.289376
0.945312 0.291205

0.945312 0.291233
0.953125 0.292821

0.953125 0.292852
0.960938 0.294083

0.960938 0.294071
0.96875 0.294908

0.96875 0.294911
0.976562 0.295372

0.976562 0.295386
0.984375 0.295435

0.984375 0.295421
0.992188 0.295057

0.992188 0.295167
1 0.294199

1 0.294258
1.00781 0.292352

1.00781 0.29202
1.01562 0.289723

1.02344 0.28804
1.01744 0.289062

1.01562 0.289393
1.01756 0.289062

1.03125 0.287348
1.02348 0.289062

1.02344 0.289082
1.02352 0.289062

1.03125 0.286919
1.03906 0.283609

1.04688 0.280582
1.04485 0.28125

1.03906 0.282732
1.04355 0.28125

1.05469 0.278593
1.04796 0.28125

1.05469 0.277243
1.0625 0.273596

1.07031 0.27122
1.06589 0.273438

1.07812 0.265266
1.07751 0.265625

1.07031 0.269881
1.07754 0.265625

1.08594 0.261212
1.07881 0.265625

1.09375 0.255419
1.09043 0.257812

1.08594 0.260404
1.08954 0.257812

1.10156 0.249374
1.10061 0.25

1.09375 0.255008
1.10116 0.25

1.10156 0.249986
1.10938 0.244705

1.11719 0.23917
1.11339 0.242188

1.10938 0.244148
1.11194 0.242188

1.125 0.231742
1.12226 0.234375

1.11719 0.238139
1.12147 0.234375

1.13281 0.22299
1.12946 0.226562

1.125 0.231395
1.12981 0.226562

1.14062 0.214725
1.13709 0.21875

1.13281 0.223407
1.13712 0.21875

1.14844 0.205178
1.14399 0.210938

1.14062 0.214757
1.14383 0.210938

1.15533 0.195312
1.14982 0.203125

1.14844 0.205112
1.14989 0.203125

1.16406 0.184713
1.16226 0.1875

1.15625 0.193555
1.16079 0.1875

1.17034 0.171875
1.16593 0.179688

1.16406 0.183291
1.1664 0.179688

1.17969 0.157049
1.1761 0.164062

1.17188 0.169545
1.17537 0.164062

1.1875 0.142398
1.18454 0.148438

1.17969 0.154872
1.18312 0.148438

1.17969 0.157069
1.18011 0.15625

1.1948 0.125
1.1912 0.132812

1.1875 0.139668
1.19039 0.132812

1.1875 0.142112
1.18823 0.140625

1.20312 0.102711
1.20049 0.109375

1.1991 0.109375
1.19605 0.117188

1.19531 0.123027
1.19702 0.117188

1.21094 0.0726768
1.20945 0.078125

1.20879 0.078125
1.20603 0.0859375

1.20592 0.0859375
1.20409 0.09375

1.20312 0.100964
1.2045 0.09375

1.20312 0.102791
1.20361 0.101562

1.21799 0
1.21791 0.0078125

1.21797 0.0078125
1.21762 0.015625

1.21757 0.015625
1.21693 0.0234375

1.2169 0.0234375
1.21611 0.03125

1.21616 0.03125
1.21518 0.0390625

1.21506 0.0390625
1.21403 0.046875

1.21409 0.046875
1.21315 0.0546875

1.21314 0.0546875
1.21218 0.0625

1.21222 0.0625
1.21115 0.0703125

1.21094 0.0726026
1.21156 0.0703125

kappa_offset_provider_stats evaluations=210419 clamp_hits=0 denominator_guard_hits=0 min_abs_denominator=0.91170716876645697 max_abs_d_over_h=1.1190665831782198 grad_samples=210419 grad_min=0.64109677215163452 grad_mean=1.3994291732572581 grad_std=0.76952199784463704 grad_max=7.0811208948441466
