t sb -1 xb vb dt perf.t perf.speed
0 0 -1 0.5 0 0.00379709 0 0 
0.00379709 0 -1 0.5 -0.00101626 0.00379709 0.001378 185776 2 86.9476 5.27377 4.06039 4 
0.0110343 -7.36586e-05 -1 0.499994 0.00399611 0.00723721 0.003012 169987 6 7.651 1.56608 1.30262 5 2 11.1727 7.07144 1.25697 5 1 0.000328684 9.44197e-10 348109 4 
0.0214126 -0.000134198 -1 0.500034 0.0109682 0.0103784 0.003434 223646 1 2.24987 0.576122 3.90519 5 1 3.44354 3.29871 1.04391 5 1 0.0014306 2.65573e-08 53868.5 4 
0.0346508 -0.000101774 -1 0.500173 0.0176077 0.0132382 0.00509 201179 4 2.60743 0.525585 1.49242 5 4 8.86469 1.80706 1.48824 5 1 0.00299528 1.28259e-07 23353.4 4 
0.0504239 -4.52994e-05 -1 0.500438 0.024751 0.0157731 0.006344 201765 2 1.74738 0.358459 2.20787 5 1 3.10495 0.556977 5.57465 5 1 0.00469248 3.55432e-07 13202.2 4 
0.0685195 7.17154e-06 -1 0.500867 0.0326532 0.0180956 0.007126 215549 1 1.59827 0.243958 6.55141 5 1 1.94587 0.0623634 31.2021 5 1 0.00685497 7.92422e-07 8650.66 4 
0.0887366 4.45134e-05 -1 0.501498 0.0412824 0.0202171 0.008024 223330 1 1.75095 0.049722 35.2148 5 1 1.86657 0.310644 6.00871 5 1 0.00956604 1.58757e-06 6025.57 4 
0.11096 4.80017e-05 -1 0.502377 0.0506567 0.0222234 0.009133 224242 1 1.82098 0.1882 9.67577 5 1 1.5644 0.437986 3.5718 5 1 0.0127505 2.83791e-06 4492.93 4 
0.134836 1.65621e-05 -1 0.503542 0.0607372 0.0238764 0.009992 230584 2 2.06427 0.114736 4.24163 5 1 1.60481 0.406529 3.94759 5 1 0.0162449 4.44781e-06 3652.34 4 
0.160418 -1.84402e-05 -1 0.505048 0.071446 0.0255818 0.010788 237301 2 2.35786 0.0718148 5.72996 4 1 1.37528 0.188652 7.29002 5 1 0.0204046 6.73447e-06 3029.88 4 
0.187462 -4.09241e-05 -1 0.506935 0.0825786 0.0270436 0.012766 220586 3 219.017 0.135494 11.736 3 1 6.56424 0.0923714 71.0635 5 1 0.0248889 9.40972e-06 2645.02 4 
0.215871 -5.88196e-05 -1 0.509253 0.0937857 0.0284095 0.013191 232886 2 6.89781 0.0782475 9.38902 2 1 3.29241 0.199932 16.4677 5 1 0.0293798 1.24468e-05 2360.43 4 
0.24549 -3.00861e-05 -1 0.512023 0.104983 0.0296184 0.014447 230359 4 8.35718 0.0952478 3.06056 2 1 2.69328 0.327593 8.22142 5 1 0.0332728 1.54256e-05 2156.98 4 
0.276095 9.92235e-06 -1 0.515257 0.116121 0.0306057 0.014889 240715 3 7.86399 0.106646 4.19339 2 1 3.45802 0.343095 10.0789 5 1 0.0355268 1.77332e-05 2003.4 4 
0.307769 5.63382e-05 -1 0.518976 0.127297 0.0316733 0.015319 250669 4 225.046 0.0578784 7.89657 2 1 4.1286 0.338512 12.1963 5 1 0.035698 1.96538e-05 1816.34 4 
0.340205 6.44675e-05 -1 0.523183 0.138143 0.0324365 0.015739 260245 4 143.005 0.0870198 6.36698 2 1 4.86938 0.263867 18.454 5 1 0.0355433 2.08996e-05 1700.67 4 
0.373453 8.55759e-05 -1 0.527888 0.148739 0.0332474 0.018735 232293 3 7.95599 0.0765241 4.70217 2 1 5.44101 0.280609 19.39 5 1 0.0423953 2.16124e-05 1961.62 4 
0.407564 0.000126925 -1 0.533096 0.159282 0.034111 0.01923 239626 6 274.231 0.0650753 4.01899 2 1 5.68826 0.263328 21.6014 5 1 0.0489345 2.19511e-05 2229.26 4 
0.442129 0.000159368 -1 0.538757 0.169324 0.0345658 0.01966 247406 4 14.6011 0.0679008 3.82938 2 1 6.26715 0.204657 30.6227 5 1 0.0464234 2.17736e-05 2132.1 4 
0.477655 0.000194973 -1 0.544903 0.178865 0.035526 0.020149 254107 6 149.094 0.0320132 4.08653 2 1 5.71797 0.132238 43.2401 5 1 0.0577261 2.31491e-05 2493.66 4 
0.513689 0.000192042 -1 0.551325 0.187802 0.0360335 0.020586 261148 4 269.19 0.0739494 7.7675 2 1 10.7047 0.165508 64.6776 5 1 0.0494272 2.59316e-05 1906.06 4 
0.550252 0.000215253 -1 0.55796 0.196168 0.0365634 0.021007 268101 4 12.4569 0.0495452 3.98201 2 1 8.40928 0.171817 48.9431 5 1 0.0416486 3.00074e-05 1387.95 4 
0.586816 0.000239046 -1 0.564946 0.203333 0.0365634 0.021448 274524 5 225.604 0.0499561 5.3821 2 1 10.9719 0.20079 54.6435 5 1 0.0529709 3.32919e-05 1591.1 4 
0.623942 0.000232458 -1 0.572333 0.209907 0.0371259 0.021884 280753 5 123.202 0.054306 4.6898 2 1 10.7367 0.252118 42.5858 5 1 0.065689 4.07813e-05 1610.76 4 
0.661657 0.000250195 -1 0.580219 0.215633 0.0377152 0.022371 286085 5 10.1182 0.0614263 2.77555 2 1 10.2315 0.245762 41.6318 5 2 0.0685846 5.81438e-07 343.448 3 
0.699372 0.000279211 -1 0.588529 0.220584 0.0377152 0.023553 282597 6 11.2391 0.0608302 2.38654 2 2 10.1001 0.187906 7.33149 4 2 0.0704997 1.1837e-05 77.1745 2 
0.737716 0.000315231 -1 0.597087 0.224804 0.0383438 0.024445 282757 5 222.624 0.0618199 5.14385 2 2 11.0163 0.264308 6.45599 3 2 0.0609884 4.75436e-05 35.8161 2 
0.77606 0.000358225 -1 0.605419 0.227556 0.0383438 0.025004 286674 5 291.56 0.053457 5.58914 2 5 11.9649 0.260944 2.14918 4 2 0.071042 4.79741e-05 38.4817 2 
0.815076 0.000377547 -1 0.614219 0.229771 0.0390165 0.026503 280119 4 143.94 0.0349608 8.01032 2 2 9.25887 0.205583 6.71098 4 2 0.0611829 2.7739e-05 46.9645 2 
0.854093 0.000401297 -1 0.623192 0.231485 0.0390165 0.027614 278120 5 164.32 0.0588764 4.88821 2 2 11.1283 0.182472 7.80937 3 2 0.0586686 2.27669e-05 50.7634 2 
0.893109 0.000445218 -1 0.632407 0.23275 0.0390165 0.028714 276381 7 13.4096 0.0567023 2.18331 2 2 9.47469 0.156835 7.7725 2 2 0.0639469 2.87192e-05 47.1871 2 
0.932862 0.000479852 -1 0.641541 0.233699 0.0397527 0.029713 275704 6 232.752 0.0499494 4.0869 2 2 12.798 0.240477 7.29515 2 2 0.0745705 4.75088e-05 39.6184 2 
0.972614 0.000513798 -1 0.650159 0.233863 0.0397527 0.030643 275691 5 14.0347 0.0543308 3.0369 2 2 12.8575 0.237301 7.36085 2 2 0.0694818 4.89132e-05 37.6897 2 
1.01237 0.000551916 -1 0.659212 0.233336 0.0397527 0.031763 274030 9 181.826 0.0430904 2.52818 2 3 12.8998 0.13686 4.55095 2 2 0.0730122 2.94216e-05 49.8155 2 
1.05212 0.000573906 -1 0.668629 0.232841 0.0397527 0.033535 267184 5 238.854 0.031747 5.96054 2 2 11.0258 0.239924 6.77902 2 2 0.0759999 2.60991e-05 53.9627 2 
1.09187 0.000591609 -1 0.678292 0.232451 0.0397527 0.034432 267658 4 242.143 0.0591731 7.9981 2 2 12.5193 0.247824 7.10754 2 2 0.0954249 2.39273e-05 63.1516 2 
1.13163 0.000608811 -1 0.687573 0.231959 0.0397527 0.035568 266307 5 275.916 0.031977 6.12616 2 3 13.5857 0.166895 4.33391 2 2 0.0777418 2.5347e-05 55.3814 2 
1.17224 0.00061392 -1 0.696418 0.231019 0.0406168 0.036754 264679 7 427.82 0.0490522 3.65547 2 3 12.7567 0.14522 4.44533 2 2 0.0919685 2.86814e-05 56.6264 2 
1.21286 0.00061884 -1 0.705459 0.229351 0.0406168 0.037961 263007 6 185.816 0.0577509 3.84227 2 3 8.69459 0.057137 5.3388 2 2 0.104036 3.07732e-05 58.144 2 
1.25348 0.000656384 -1 0.71467 0.228175 0.0406168 0.038518 265850 7 222.069 0.0450374 3.36945 2 2 34.1831 0.225913 12.3008 2 2 0.136325 4.17542e-05 57.1396 2 
1.29409 0.000657004 -1 0.724163 0.226779 0.0406168 0.039833 263500 5 17.5644 0.0533717 3.18761 2 3 13.9401 0.142673 4.60583 2 2 0.138791 5.93379e-05 48.3631 2 
1.33471 0.000694497 -1 0.733588 0.225661 0.0406168 0.041117 261498 5 237.649 0.0562978 5.30993 2 3 15.2092 0.110636 5.16104 2 2 0.150198 6.08274e-05 49.6916 2 
1.37533 0.000740092 -1 0.742466 0.224473 0.0406168 0.046866 234882 5 214.053 0.0418152 5.51871 2 3 15.2385 0.0620203 6.26329 2 2 0.128393 6.43637e-05 44.6633 2 
1.41594 0.000766008 -1 0.751266 0.22339 0.0406168 0.04836 232920 5 37.8336 0.0594171 3.63742 2 3 16.8665 0.129515 5.06876 2 2 0.123631 3.80652e-05 56.9902 2 
1.45656 0.00080764 -1 0.760185 0.221832 0.0406168 0.050284 229099 6 420.275 0.0367299 4.747 2 3 29.9317 0.0816877 7.1558 2 2 0.132969 4.24471e-05 55.9695 2 
1.49718 0.000826286 -1 0.769247 0.220533 0.0406168 0.051083 230527 6 48.2105 0.045669 3.19095 2 3 27.0698 0.0933277 6.6195 2 2 0.12488 4.34128e-05 53.6336 2 
1.53779 0.000854631 -1 0.778504 0.219355 0.0406168 0.052215 230432 6 198.482 0.0567735 3.89579 2 3 17.5703 0.080946 6.00982 2 2 0.142187 5.15012e-05 52.5438 2 
1.57841 0.00089796 -1 0.787259 0.217988 0.0406168 0.053337 230384 6 28.379 0.055253 2.82992 2 3 52.6094 0.114606 7.7141 2 2 0.156467 3.93946e-05 63.0221 2 
1.61903 0.000940203 -1 0.795839 0.216538 0.0406168 0.054431 230457 8 631.97 0.0520666 3.23979 2 3 21.759 0.147544 5.28331 2 2 0.139734 4.36283e-05 56.5936 2 
1.65964 0.000977551 -1 0.804414 0.215198 0.0406168 0.055443 230868 6 178.581 0.0530236 3.87163 2 3 29.3274 0.20323 5.2452 2 2 0.137923 5.12903e-05 51.8563 2 
1.70026 0.00101684 -1 0.813058 0.213449 0.0406168 0.055973 233255 6 403.434 0.0525716 4.44123 2 3 11.1889 0.15533 4.16081 2 2 0.150966 7.07198e-05 46.2028 2 
1.74088 0.000975239 -1 0.821864 0.21155 0.0406168 0.056777 234461 5 33.6102 0.0414905 3.81685 2 3 20.0473 0.0636356 6.80433 2 2 0.180891 7.96656e-05 47.6511 2 
1.78149 0.00100274 -1 0.830797 0.209591 0.0406168 0.057796 234757 5 140.581 0.0588197 4.73893 2 3 60.9692 0.0498329 10.6954 2 2 0.176994 6.73245e-05 51.2735 2 
1.82211 0.00100307 -1 0.839732 0.207998 0.0406168 0.059315 233061 6 162.136 0.034284 4.09699 2 3 19.9206 0.182415 4.77984 2 2 0.167488 6.02714e-05 52.7153 2 
1.86273 0.000985604 -1 0.848018 0.206861 0.0406168 0.060413 233062 4 57.0197 0.0276014 6.74176 2 3 11.2225 0.154047 4.17649 2 2 0.16744 7.13475e-05 48.444 2 
1.90335 0.00097323 -1 0.855916 0.205383 0.0406168 0.062001 231222 12 902.471 0.0457233 2.28003 2 3 21.0765 0.0967962 6.01608 2 3 0.226244 1.9423e-06 48.8375 2 
1.94396 0.000993104 -1 0.863944 0.204393 0.0406168 0.062926 231891 7 188.781 0.0494398 3.24861 2 3 20.6043 0.149503 5.16538 2 3 0.259987 2.24551e-06 48.7393 2 
1.98458 0.000961975 -1 0.872155 0.202424 0.0406168 0.063509 233794 5 247.309 0.0446411 5.60662 2 3 46.9903 0.142355 6.91107 2 3 0.293113 2.33724e-06 50.0546 2 
2.0252 0.000958331 -1 0.880552 0.201249 0.0406168 0.064277 234983 4 24.6479 0.0350158 5.15085 2 3 14.1696 0.177217 4.30808 2 3 0.295562 2.58456e-06 48.5386 2 
2.06581 0.000976674 -1 0.889109 0.20084 0.0406168 0.065637 234014 4 37.8508 0.0336475 5.79136 2 3 14.1 0.060467 6.15508 2 3 0.296228 3.13518e-06 45.5464 2 
2.10643 0.000995318 -1 0.897869 0.200484 0.0406168 0.06622 235820 4 140.11 0.0471175 7.38452 2 3 13.558 0.151433 4.47362 2 3 0.345792 3.14135e-06 47.9255 2 
2.14705 0.00101494 -1 0.9062 0.19995 0.0406168 0.066755 237765 5 162.685 0.0367808 5.35976 2 3 15.2788 0.129812 4.90069 2 2 0.348381 9.70615e-05 59.9106 2 
2.18766 0.00103822 -1 0.913777 0.19947 0.0406168 0.067808 237848 6 988.514 0.0365588 5.47854 2 2 27.7972 0.222141 11.1863 2 3 0.318971 1.64036e-06 57.9345 2 
2.22828 0.00106349 -1 0.921339 0.198885 0.0406168 0.068806 238119 4 202.143 0.041947 8.33181 2 3 13.5464 0.0649688 5.92979 2 3 0.323712 1.91109e-06 55.3298 2 
2.2689 0.00104385 -1 0.929197 0.198159 0.0406168 0.070046 237558 5 207.029 0.047602 5.34172 2 2 43.9502 0.23073 13.8016 2 3 0.327028 1.83019e-06 56.3243 2 
2.30951 0.00101407 -1 0.937315 0.197577 0.0406168 0.071481 236371 4 196.274 0.0286129 9.10071 2 3 14.9941 0.0627797 6.2044 2 2 0.31243 7.71528e-05 63.6357 2 
2.35013 0.001015 -1 0.945665 0.197184 0.0406168 0.07235 237070 4 29.633 0.0591616 4.73079 2 2 15.9754 0.206078 8.8046 2 2 0.314971 6.58129e-05 69.1799 2 
2.39075 0.00105248 -1 0.954158 0.19791 0.0406168 0.073206 237795 4 108.259 0.032805 7.57933 2 3 12.7505 0.0649529 5.81178 2 2 0.336929 8.92359e-05 61.4468 2 
2.43136 0.00106777 -1 0.962642 0.197809 0.0406168 0.074669 236564 10 1381.95 0.058703 2.73642 2 3 19.1952 0.192929 4.63374 2 3 0.415535 2.22203e-06 57.1855 2 
2.47198 0.00110398 -1 0.970743 0.197698 0.0406168 0.075725 236646 5 170.537 0.0340963 5.49316 2 3 9.81094 0.171455 3.85349 2 3 0.38241 2.24517e-06 55.4319 2 
2.5126 0.00112335 -1 0.978314 0.198042 0.0406168 0.076924 236285 5 197.86 0.0418651 5.43127 2 3 37.6897 0.205596 5.68071 2 3 0.331763 2.40324e-06 51.6826 2 
2.55321 0.00115443 -1 0.985916 0.198212 0.0406168 0.078251 235550 6 270.464 0.0327987 4.49479 2 3 14.1161 0.154038 4.50847 2 3 0.32144 2.39076e-06 51.2296 2 
2.59383 0.00113289 -1 0.993842 0.198454 0.0406168 0.078797 237166 5 162.07 0.0282967 5.64409 2 3 15.6167 0.230741 4.07526 2 3 0.320517 2.28773e-06 51.9376 2 
2.63445 0.00113597 -1 1.00205 0.198989 0.0406168 0.079451 238436 11 1349.7 0.0445417 2.55509 2 3 16.7587 0.0880209 5.75288 2 3 0.318938 2.01306e-06 54.1107 2 
2.67507 0.00116386 -1 1.01049 0.200253 0.0406168 0.080269 239196 4 24.9584 0.0474262 4.7896 2 3 12.816 0.0620809 5.91015 2 2 0.324661 9.35141e-05 58.9219 2 
2.71568 0.00119761 -1 1.01894 0.201059 0.0406168 0.081344 239182 6 116.131 0.0519922 3.6155 2 2 18.3964 0.224086 9.06066 2 2 0.380209 9.41419e-05 63.5506 2 
2.7563 0.00123952 -1 1.0273 0.201325 0.0406168 0.082319 239459 5 71.6886 0.0589211 4.14034 2 4 11.1823 0.176289 2.82213 2 2 0.37584 9.66599e-05 62.356 2 
2.79692 0.00127881 -1 1.03553 0.202164 0.0406168 0.08328 239769 7 184.136 0.0422925 3.31009 2 2 7.97926 0.197566 6.35514 2 3 0.337374 1.91147e-06 56.0938 2 
2.83753 0.00131033 -1 1.04339 0.203349 0.0406168 0.084392 239644 6 261.602 0.0387565 4.34726 2 3 42.4096 0.227676 5.71105 2 3 0.334839 2.03871e-06 54.7638 2 
2.87815 0.00127673 -1 1.05135 0.204276 0.0406168 0.085781 238748 4 20.8863 0.0409216 4.7531 2 4 15.8736 0.22229 2.90696 2 3 0.354627 1.94521e-06 56.7024 2 
2.91877 0.00130272 -1 1.05967 0.205214 0.0406168 0.086839 238787 6 185.339 0.0530389 3.89549 2 3 13.6418 0.200598 4.08177 2 2 0.377024 8.86498e-05 65.2148 2 
2.95938 0.00133984 -1 1.0682 0.204842 0.0406168 0.0876 239635 14 1377.19 0.0498181 2.07615 2 3 13.6624 0.12163 4.82497 2 2 0.350485 7.37563e-05 68.9342 2 
3 0.00137371 -1 1.07681 0.204958 0.0406168 0.088194 240923 5 151.859 0.0448211 5.08149 2 3 22.2932 0.086984 6.35201 2 3 0.318913 2.12256e-06 53.1623 2 

# Multigrid, 83 steps, 0.065969 CPU, 0.08977 real, 2.37e+05 points.step/s, 23 var
