0.874896 0.25
0.875 0.256274

0.912444 0
0.914419 0.0625

0.914007 0.0625
0.920756 0.125

0.921514 0.125
0.931705 0.1875

0.9375 0.221904
0.932136 0.25

0.886507 0.25
0.917125 0.3125

0.9375 0.171826
0.940056 0.1875

0.9375 0.220056
0.943137 0.1875

0.9375 0.294705
0.961876 0.3125

0.977152 0.3125
1 0.317977

1.0625 0.312483
1.06196 0.3125

1 0.316795
1.0625 0.314496

1.125 0.292559
1.07481 0.3125

1.0625 0.319318
1.07974 0.3125

1.1875 0.244692
1.18222 0.25

1.125 0.290774
1.1747 0.25

1.25 0.144603
1.22798 0.1875

1.1875 0.235954
1.22717 0.1875

1.28052 0
1.27504 0.0625

1.27538 0.0625
1.25826 0.125

1.25 0.141376
1.25838 0.125

