t sb -1 xb vb dt perf.t perf.speed
0 0 -1 0.5 0 0.00379709 0 0 
0.00379709 0 -1 0.5 -0.00101674 0.00379709 0.000961 266389 2 87.6522 5.27796 4.07519 4 
0.0110343 -7.37674e-05 -1 0.499994 0.00399638 0.00723721 0.001443 354816 6 7.6409 1.56614 1.30232 5 2 10.8036 7.07065 1.2361 5 1 0.00030895 9.78413e-10 315766 4 
0.0214126 -0.000134309 -1 0.500034 0.0109676 0.0103784 0.001739 441633 1 1.85067 0.543567 3.40467 5 1 3.37124 3.30502 1.02004 5 1 0.00139547 2.64989e-08 52661.5 4 
0.0346508 -0.000103224 -1 0.500173 0.0176061 0.0132382 0.002215 462302 4 2.50338 0.525324 1.47749 5 4 8.47852 1.80945 1.47127 5 1 0.00291008 1.26915e-07 22929.4 4 
0.0504239 -4.67777e-05 -1 0.500438 0.0247464 0.0157731 0.002532 505529 2 1.69928 0.357485 2.18024 5 1 3.0073 0.564595 5.32648 5 1 0.00454002 3.50487e-07 12953.5 4 
0.0685195 5.5936e-06 -1 0.500866 0.0326434 0.0180956 0.002849 539137 1 1.53473 0.235736 6.51035 5 1 2.21089 0.0538976 41.0201 5 1 0.00658928 7.79076e-07 8457.81 4 
0.0887366 4.22918e-05 -1 0.501498 0.0412634 0.0202171 0.003165 566193 1 1.67184 0.0476918 35.055 5 1 1.40575 0.314003 4.47688 5 1 0.0091483 1.53801e-06 5948.14 4 
0.11096 4.5579e-05 -1 0.502376 0.0506241 0.0222234 0.003452 593279 1 1.74751 0.194135 9.00149 5 1 1.48422 0.437802 3.39017 5 1 0.0121455 2.74536e-06 4424.04 4 
0.134836 1.4775e-05 -1 0.50354 0.0606777 0.0238764 0.003765 611952 2 1.96956 0.11414 4.15398 5 1 1.54034 0.399619 3.85451 5 1 0.0154814 4.30415e-06 3596.86 4 
0.160418 -2.01708e-05 -1 0.505045 0.0713544 0.0255818 0.004073 628529 2 2.29531 0.0707407 5.69621 4 1 1.33457 0.189208 7.05347 5 1 0.019418 6.51037e-06 2982.62 4 
0.187462 -4.2425e-05 -1 0.50693 0.0823557 0.0270436 0.004368 644689 2 2.66716 0.0207746 11.3307 3 1 6.09505 0.0801077 76.0857 5 1 0.0236123 9.0829e-06 2599.64 4 
0.215871 -4.50626e-05 -1 0.509239 0.0935917 0.0284095 0.004687 655430 4 198.904 0.1073 6.56162 2 1 2.22244 0.234542 9.47565 5 1 0.0279574 1.20302e-05 2323.94 4 
0.24549 -4.4934e-05 -1 0.512007 0.104713 0.0296184 0.004971 669483 3 7.14615 0.0907354 4.28646 2 1 2.46734 0.313906 7.86012 5 1 0.0319044 1.49785e-05 2130.02 4 
0.276095 -7.92286e-06 -1 0.515233 0.115757 0.0306057 0.005272 679818 4 7.13008 0.0892928 2.9893 2 1 3.21487 0.365048 8.80673 5 1 0.0344303 1.73358e-05 1986.08 4 
0.307769 3.20511e-05 -1 0.518941 0.126833 0.0316733 0.005573 689036 4 222.71 0.0562695 7.93171 2 1 3.82455 0.325406 11.7532 5 1 0.0351677 1.94189e-05 1811.01 4 
0.340205 3.79038e-05 -1 0.523134 0.137574 0.0324365 0.005873 697429 4 140.898 0.085705 6.36758 2 1 4.47656 0.258726 17.3023 5 1 0.0359486 2.09956e-05 1712.19 4 
0.373453 5.81181e-05 -1 0.527821 0.148071 0.0332474 0.006156 706953 3 5.85122 0.0772352 4.23133 2 1 4.94049 0.280039 17.6421 5 1 0.0416893 2.19303e-05 1900.99 4 
0.407564 9.90608e-05 -1 0.533005 0.158505 0.034111 0.00649 710015 6 263.237 0.0655843 3.98649 2 1 5.50513 0.259808 21.1892 5 1 0.0475039 2.28311e-05 2080.66 4 
0.442129 0.00013222 -1 0.538635 0.168459 0.0345658 0.008028 605879 4 12.122 0.0688322 3.64288 2 1 6.06607 0.216233 28.0534 5 1 0.045517 2.24146e-05 2030.68 4 
0.477655 0.000168826 -1 0.544745 0.177906 0.035526 0.0084 609524 6 150.181 0.0316295 4.09972 2 1 5.08156 0.125596 40.4596 5 1 0.0564257 2.45587e-05 2297.58 4 
0.513689 0.000166019 -1 0.551156 0.186796 0.0360335 0.008716 616797 4 255.825 0.0708849 7.75081 2 1 9.0599 0.161046 56.2566 5 1 0.0495163 2.73009e-05 1813.72 4 
0.550252 0.000188049 -1 0.557749 0.195126 0.0365634 0.009023 624183 4 12.6376 0.0458986 4.07348 2 1 8.689 0.183273 47.4101 5 1 0.0420583 3.09767e-05 1357.74 4 
0.586816 0.000210649 -1 0.56469 0.202275 0.0365634 0.009458 622542 5 227.482 0.0505747 5.37778 2 1 10.5738 0.233066 45.3685 5 1 0.05132 3.39435e-05 1511.92 4 
0.623942 0.000203074 -1 0.57203 0.208772 0.0371259 0.010444 588280 4 14.9064 0.0647325 3.89549 2 1 9.9681 0.286113 34.8398 5 1 0.0638028 4.35031e-05 1466.63 4 
0.661657 0.000225891 -1 0.579878 0.214484 0.0377152 0.011934 536283 6 93.3911 0.046909 3.54684 2 1 9.26411 0.242766 38.1607 5 2 0.067521 6.04055e-07 334.334 3 
0.699372 0.000248674 -1 0.588146 0.219432 0.0377152 0.012411 536298 6 10.1544 0.0580757 2.3647 2 2 9.18988 0.16908 7.37239 4 2 0.0683595 1.13218e-05 77.7037 2 
0.737716 0.000282922 -1 0.596708 0.223711 0.0383438 0.012834 538569 5 224.813 0.0609687 5.16824 2 2 9.88671 0.248249 6.31076 3 2 0.0670509 4.42477e-05 38.9275 2 
0.77606 0.000325301 -1 0.604998 0.22654 0.0383438 0.013308 538623 5 294.14 0.0540348 5.58697 2 6 13.0925 0.253112 1.93027 4 2 0.067696 4.35173e-05 39.4412 2 
0.815076 0.000346049 -1 0.613743 0.22888 0.0390165 0.013687 542413 4 145.016 0.0344188 8.05667 2 2 9.95207 0.216067 6.78675 4 2 0.0608279 2.37154e-05 50.645 2 
0.854093 0.000370997 -1 0.622667 0.23067 0.0390165 0.014079 545493 5 168.573 0.0579281 4.92924 2 2 10.9815 0.192563 7.5517 3 2 0.0574281 2.26279e-05 50.3779 2 
0.893109 0.000414264 -1 0.631829 0.23197 0.0390165 0.0145 547310 7 14.1843 0.0550305 2.21033 2 2 9.48771 0.134054 8.41282 2 2 0.0592093 2.82662e-05 45.7679 2 
0.932862 0.000447926 -1 0.64101 0.233004 0.0397527 0.014873 550797 6 236.612 0.0488096 4.11391 2 2 11.2434 0.220261 7.14463 2 2 0.0717427 4.34144e-05 40.6511 2 
0.972614 0.000481376 -1 0.649595 0.233277 0.0397527 0.015228 554768 5 13.3966 0.0524106 3.0305 2 2 12.8065 0.209235 7.82346 2 2 0.0693509 4.96054e-05 37.3905 2 
1.01237 0.000518443 -1 0.658617 0.232821 0.0397527 0.015672 555385 9 182.382 0.0425349 2.53269 2 3 13.3141 0.126246 4.72459 2 2 0.0721733 2.94024e-05 49.5447 2 
1.05212 0.000541336 -1 0.667983 0.232389 0.0397527 0.016409 546042 5 222.937 0.0324546 5.85304 2 2 10.0454 0.216267 6.81536 2 2 0.0698366 2.70299e-05 50.8299 2 
1.09187 0.000559877 -1 0.677597 0.232036 0.0397527 0.016767 549651 4 237.505 0.061435 7.88523 2 3 11.5745 0.212119 3.79292 2 2 0.0869945 2.45308e-05 59.5511 2 
1.13163 0.00057846 -1 0.687001 0.231508 0.0397527 0.017142 552561 5 276.52 0.0454842 5.7118 2 3 11.8737 0.153174 4.26383 2 2 0.0769227 2.60672e-05 54.3226 2 
1.17224 0.000568321 -1 0.695808 0.230679 0.0406168 0.017551 554270 7 449.433 0.0489424 3.68248 2 3 11.652 0.145124 4.31407 2 2 0.0923289 2.86717e-05 56.7469 2 
1.21286 0.000576473 -1 0.70479 0.229165 0.0406168 0.01794 556522 6 189.961 0.0580687 3.85289 2 3 10.8388 0.0869985 4.99447 2 2 0.0986605 2.93815e-05 57.9475 2 
1.25348 0.000614489 -1 0.713942 0.227949 0.0406168 0.01831 559257 6 199.72 0.0542563 3.92942 2 2 25.2557 0.22664 10.5563 2 2 0.111495 4.03063e-05 52.5946 2 
1.29409 0.00061221 -1 0.7234 0.226439 0.0406168 0.018683 561794 5 13.4926 0.0572868 2.98132 2 3 9.09619 0.119808 4.23439 2 2 0.132727 6.0769e-05 46.7346 2 
1.33471 0.000652781 -1 0.73292 0.225374 0.0406168 0.019649 547203 5 220.185 0.0562225 5.23089 2 3 8.85927 0.0841973 4.72099 2 2 0.140162 5.74981e-05 49.3728 2 
1.37533 0.00069916 -1 0.741844 0.224091 0.0406168 0.020274 542961 5 211.341 0.0423156 5.49157 2 2 21.4527 0.228859 9.68183 2 2 0.13802 5.93055e-05 48.2418 2 
1.41594 0.000725352 -1 0.750589 0.223015 0.0406168 0.02069 544418 5 25.0385 0.0564191 3.38405 2 3 14.1418 0.117445 4.93806 2 2 0.101279 3.28912e-05 55.4905 2 
1.45656 0.000763961 -1 0.759444 0.221404 0.0406168 0.021095 546101 5 468.317 0.0430269 6.41741 2 3 33.7224 0.122305 6.50866 2 2 0.108403 3.92595e-05 52.547 2 
1.49718 0.00077309 -1 0.768434 0.220157 0.0406168 0.021514 547365 6 117.496 0.0526944 3.61446 2 3 16.575 0.084215 5.81685 2 2 0.122281 4.19124e-05 54.0144 2 
1.53779 0.000806473 -1 0.777619 0.218993 0.0406168 0.022703 529974 7 204.976 0.0456705 3.32448 2 3 20.8556 0.0867109 6.21894 2 2 0.126415 4.91318e-05 50.7246 2 
1.57841 0.000841512 -1 0.78652 0.218045 0.0406168 0.023159 530593 6 56.5072 0.0495292 3.23251 2 3 46.2087 0.139467 6.91966 2 2 0.146296 4.05583e-05 60.0588 2 
1.61903 0.000878638 -1 0.795168 0.216669 0.0406168 0.02371 529059 8 715.629 0.0580966 3.24577 2 3 20.3877 0.154187 5.09457 2 2 0.201956 4.01491e-05 70.9236 2 
1.65964 0.000921026 -1 0.803685 0.215216 0.0406168 0.024136 530328 6 177.915 0.0564373 3.8292 2 3 21.5155 0.187501 4.8594 2 2 0.110888 4.74098e-05 48.3624 2 
1.70026 0.000962762 -1 0.812316 0.213371 0.0406168 0.024538 532073 5 183.883 0.0424675 5.337 2 3 13.5705 0.15989 4.39465 2 2 0.154458 5.60344e-05 52.5022 2 
1.74088 0.000981533 -1 0.821062 0.211836 0.0406168 0.024896 534704 5 276.009 0.0503275 5.5953 2 3 15.9742 0.0378984 7.49778 2 2 0.187502 8.19225e-05 47.8411 2 
1.78149 0.000944038 -1 0.829955 0.209764 0.0406168 0.025326 535734 6 144.941 0.0315949 4.07627 2 3 53.3141 0.156187 6.98874 2 2 0.206748 8.24335e-05 50.0805 2 
1.82211 0.000930922 -1 0.838916 0.207933 0.0406168 0.025708 537731 5 167.726 0.0538279 4.99711 2 3 17.8385 0.143086 4.99559 2 2 0.182979 6.59934e-05 52.6563 2 
1.86273 0.000914484 -1 0.847372 0.206661 0.0406168 0.026054 540416 4 48.0808 0.038341 5.95082 2 3 12.7709 0.155949 4.34256 2 2 0.171901 6.32838e-05 52.1186 2 
1.90335 0.00091654 -1 0.855176 0.205631 0.0406168 0.027 530963 5 186.878 0.0324307 5.65093 2 3 16.697 0.110402 5.32786 2 2 0.20483 7.54322e-05 52.1097 2 
1.94396 0.000932799 -1 0.863183 0.203412 0.0406168 0.028487 512234 11 658.316 0.0486457 2.37455 2 3 10.5191 0.146464 4.15671 2 3 0.257391 2.10494e-06 49.6345 2 
1.98458 0.000959856 -1 0.871303 0.201046 0.0406168 0.029429 504536 5 221.073 0.0559801 5.23963 2 3 20.163 0.12426 5.45432 2 3 0.257683 2.20403e-06 48.8978 2 
2.0252 0.000940941 -1 0.879607 0.200313 0.0406168 0.030022 503098 4 39.9841 0.0396737 5.63438 2 3 46.5988 0.0819545 8.28452 2 3 0.228854 2.6397e-06 44.259 2 
2.06581 0.000918606 -1 0.888093 0.199921 0.0406168 0.030886 497313 4 17.0784 0.025763 5.07414 2 3 14.851 0.0604882 6.26174 2 3 0.297828 2.83721e-06 47.1728 2 
2.10643 0.000929086 -1 0.896756 0.19957 0.0406168 0.031566 494709 5 143.238 0.0369215 5.22102 2 3 13.6131 0.0663837 5.89701 2 3 0.310809 3.06037e-06 46.6559 2 
2.14705 0.000957274 -1 0.905343 0.199002 0.0406168 0.032024 495628 5 168.672 0.0395942 5.31964 2 3 13.6744 0.183005 4.21194 2 2 0.273962 8.82632e-05 55.7129 2 
2.18766 0.000982814 -1 0.912827 0.198512 0.0406168 0.032455 496934 5 158.578 0.0244765 5.78494 2 3 13.1466 0.106255 4.98296 2 2 0.267201 9.47352e-05 53.1084 2 
2.22828 0.00100019 -1 0.920296 0.197654 0.0406168 0.032953 497193 5 697.167 0.0452337 6.87979 2 3 18.3658 0.0852513 5.99473 2 3 0.307649 1.59203e-06 57.8142 2 
2.2689 0.0010293 -1 0.928063 0.196881 0.0406168 0.03341 498054 6 208.321 0.0510852 3.99705 2 3 37.3587 0.113221 6.91015 2 2 0.270695 9.92781e-05 52.2172 2 
2.30951 0.00100346 -1 0.936089 0.196437 0.0406168 0.0338 499882 4 190.459 0.0532227 7.73439 2 2 15.1056 0.203976 8.60556 2 2 0.28059 7.90709e-05 59.5701 2 
2.35013 0.000986873 -1 0.944338 0.195989 0.0406168 0.034189 501682 4 23.4474 0.0519271 4.60973 2 2 10.2436 0.179143 7.56184 2 2 0.304235 6.88057e-05 66.4955 2 
2.39075 0.0010188 -1 0.952725 0.196178 0.0406168 0.034593 503223 5 46.2237 0.0512069 3.90038 2 2 13.9194 0.22581 7.85123 2 2 0.314369 7.03521e-05 66.8469 2 
2.43136 0.00105144 -1 0.961273 0.196308 0.0406168 0.034971 505104 4 140.228 0.0499217 7.28009 2 3 12.9277 0.15782 4.34297 2 2 0.327412 9.24895e-05 59.4979 2 
2.47198 0.00106342 -1 0.969431 0.196399 0.0406168 0.035502 504760 10 1119.05 0.0488467 2.72899 2 3 23.8762 0.162085 5.28131 2 3 0.281127 2.06753e-06 51.4222 2 
2.5126 0.0010932 -1 0.976934 0.196645 0.0406168 0.035937 505774 5 173.949 0.0336293 5.5302 2 3 9.69858 0.111959 4.42469 2 3 0.310104 2.24522e-06 51.6911 2 
2.55321 0.00111702 -1 0.984387 0.196504 0.0406168 0.036391 506499 6 238.332 0.0250702 4.60261 2 3 37.3649 0.205457 5.66562 2 3 0.319747 2.35968e-06 51.3631 2 
2.59383 0.00110157 -1 0.992158 0.196342 0.0406168 0.036826 507468 5 155.286 0.0273402 5.63464 2 3 12.9048 0.190812 4.07426 2 3 0.3247 2.2244e-06 52.653 2 
2.63445 0.00110318 -1 1.00022 0.196958 0.0406168 0.037274 508236 5 67.6721 0.0477595 4.26845 2 2 13.3141 0.192461 8.31734 2 3 0.30464 2.19228e-06 51.7961 2 
2.67507 0.00113138 -1 1.00852 0.197433 0.0406168 0.03771 509149 5 36.6743 0.0551677 3.6689 2 3 12.3051 0.0527443 6.15606 2 3 0.324165 2.39938e-06 51.3124 2 
2.71568 0.00116586 -1 1.01697 0.197789 0.0406168 0.038111 510509 5 45.0048 0.0477735 3.93382 3 3 11.3875 0.17491 4.02288 2 2 0.329496 9.22537e-05 59.7631 2 
2.7563 0.00119661 -1 1.02542 0.198105 0.0406168 0.038628 510303 11 1220.76 0.0495774 2.50734 2 3 21.4254 0.156201 5.15721 2 2 0.300669 8.16286e-05 60.6909 2 
2.79692 0.00122897 -1 1.03359 0.198289 0.0406168 0.039083 510913 7 176.442 0.0461461 3.24923 2 2 10.9797 0.191912 7.56388 2 3 0.304087 1.74704e-06 55.834 2 
2.83753 0.0012611 -1 1.04129 0.19852 0.0406168 0.039511 511857 4 197.366 0.0378734 8.49639 2 3 34.9248 0.126339 6.51427 2 3 0.302046 2.07646e-06 52.5916 2 
2.87815 0.00125291 -1 1.04883 0.198908 0.0406168 0.039928 512923 4 215.322 0.0503692 8.08594 2 3 12.1417 0.13154 4.51933 2 3 0.301879 1.95985e-06 53.6048 2 
2.91877 0.00122597 -1 1.05674 0.199066 0.0406168 0.040343 513993 6 165.542 0.0524374 3.83011 2 3 13.1207 0.170416 4.25418 2 2 0.303193 8.57274e-05 59.4702 2 
2.95938 0.00126032 -1 1.0649 0.199744 0.0406168 0.041113 510593 4 72.92 0.0376201 6.63524 2 3 12.9653 0.179005 4.16843 2 2 0.288465 6.72168e-05 65.5101 2 
3 0.0012691 -1 1.07334 0.200197 0.0406168 0.042052 505279 4 49.3123 0.0432504 5.81087 2 3 12.72 0.111313 4.85266 2 2 0.306281 6.83761e-05 66.928 2 

# Multigrid, 83 steps, 0.03821 CPU, 0.04321 real, 4.92e+05 points.step/s, 23 var
