t sb -1 xb vb dt perf.t perf.speed
0 0 -1 0.5 0 0.00134247 0 0 
0.00134247 0 -1 0.5 -0.00037153 0.00134247 0.011661 87814.1 1 351.571 46.0388 7.63641 4 
0.00390324 3.37404e-06 -1 0.499998 -0.000798067 0.00256077 0.018875 108503 1 62.3571 11.137 5.59911 4 1 76.1626 14.9418 5.09728 4 1 0.000397152 5.66498e-09 70106.5 4 
0.00757493 -3.7276e-05 -1 0.499995 0.00192304 0.00367169 0.02855 107601 4 24.453 6.12713 1.41341 4 1 93.4625 18.9367 4.93552 4 1 0.000633496 2.27806e-08 27808.5 4 
0.0122506 -7.67604e-05 -1 0.500004 0.00572004 0.00467566 0.036732 111510 1 5.53641 2.4616 2.24911 4 1 28.3968 1.98389 14.3137 4 1 0.00176244 2.0149e-07 8747.07 4 
0.0178456 -9.26363e-05 -1 0.500036 0.010022 0.00559504 0.045396 112785 1 3.25787 1.30788 2.49095 4 1 11.5688 6.58898 1.75578 4 1 0.00297074 6.01769e-07 4936.68 4 
0.0242727 -7.02002e-05 -1 0.500099 0.0135763 0.00642706 0.05704 107714 3 4.55842 2.10827 1.29309 4 2 16.5743 7.85106 1.45296 4 1 0.00418614 1.28866e-06 3248.46 4 
0.0314604 -3.40295e-05 -1 0.500195 0.0169096 0.00718775 0.065039 110211 2 3.40588 1.57094 1.47243 4 1 13.7179 5.01214 2.73693 4 1 0.00506554 2.16567e-06 2339.02 4 
0.0393345 -1.86337e-06 -1 0.500326 0.0203837 0.00787411 0.07451 109945 1 2.68143 0.703777 3.81006 4 1 12.0103 2.28985 5.24503 4 1 0.00612549 3.42219e-06 1789.93 4 
0.0478178 1.88779e-05 -1 0.500496 0.0240433 0.00848328 0.082491 111721 1 4.88308 0.200534 24.3504 4 1 2.4963 0.668513 3.73411 4 1 0.00722957 5.10732e-06 1415.53 4 
0.0568736 2.30082e-05 -1 0.50071 0.0279913 0.00905577 0.090121 113625 1 2.78325 0.739191 3.76526 4 1 10.6261 0.455453 23.3307 4 1 0.00832403 7.26189e-06 1146.26 4 
0.0664603 1.06354e-05 -1 0.500975 0.0322835 0.00958673 0.097593 115418 1 2.61155 1.05371 2.47844 4 1 7.35263 0.883176 8.32521 4 1 0.00941571 9.9179e-06 949.365 4 
0.0765067 -1.38495e-05 -1 0.501295 0.0370328 0.0100464 0.105445 116535 2 2.5629 0.644673 1.99387 4 1 10.1312 0.93823 10.7982 4 1 0.0104535 1.29031e-05 810.158 4 
0.0869852 -3.7412e-05 -1 0.50168 0.0420904 0.0104785 0.112261 118581 1 2.6494 0.784387 3.37767 4 1 5.69771 0.388051 14.6829 4 1 0.0118572 1.64149e-05 722.344 4 
0.0978546 -5.37728e-05 -1 0.502134 0.047322 0.0108695 0.121797 117704 3 852.181 0.297371 14.204 2 1 4.39019 0.361338 12.1498 4 1 0.0132535 2.00955e-05 659.526 4 
0.10906 -5.90314e-05 -1 0.502661 0.0526575 0.0112052 0.130122 118043 1 8.76069 0.791499 11.0685 2 1 17.2319 0.909818 18.9399 4 1 0.0145107 2.3685e-05 612.652 4 
0.120578 -5.07263e-05 -1 0.503265 0.0578632 0.0115177 0.141362 115901 4 860.716 0.376851 6.9131 2 1 4.35419 1.1794 3.69188 4 1 0.0156536 2.72455e-05 574.54 4 
0.132378 -3.4127e-05 -1 0.503945 0.0631043 0.0118009 0.148443 117271 2 9.86569 0.344419 5.35205 2 1 6.56133 0.957587 6.85194 4 1 0.0164641 3.04704e-05 540.33 4 
0.144478 -1.90964e-05 -1 0.504707 0.0683286 0.0120997 0.155554 118493 2 9.52545 0.244892 6.2367 2 1 3.15263 0.851431 3.70275 4 1 0.0173245 3.4027e-05 509.141 4 
0.156786 -7.05441e-06 -1 0.505548 0.0735334 0.0123083 0.163451 119033 2 8.33958 0.200934 6.44236 2 1 3.66894 0.545392 6.72716 4 1 0.0181817 3.68181e-05 493.824 4 
0.169312 1.22779e-06 -1 0.506469 0.0787309 0.0125252 0.170623 120031 2 7.84918 0.160996 6.98239 2 1 4.15956 0.434228 9.57921 4 1 0.0190778 4.02709e-05 473.736 4 
0.182062 4.70699e-06 -1 0.507475 0.0839316 0.0127508 0.179892 119538 4 823.509 0.324036 7.10017 2 1 4.80179 0.335388 14.3171 4 1 0.0196458 4.35337e-05 451.279 4 
0.194989 3.36832e-06 -1 0.508564 0.0892248 0.0129263 0.187397 120215 3 886.565 0.553201 11.7024 2 1 5.91665 0.240133 24.639 4 1 0.0200159 4.60285e-05 434.86 4 
0.208096 -6.48892e-06 -1 0.50974 0.0945252 0.0131075 0.195432 120513 4 790.905 0.21965 7.74638 2 1 7.5662 0.375245 20.1634 4 1 0.0204695 4.92778e-05 415.39 4 
0.221328 -8.53412e-06 -1 0.510997 0.0998505 0.0132318 0.203444 120800 4 884.452 0.484962 6.53494 2 1 5.10091 0.45179 11.2905 4 1 0.0207115 5.26167e-05 393.629 4 
0.234687 -6.03441e-06 -1 0.512339 0.105182 0.013359 0.210277 121744 2 13.9536 0.289454 6.94311 2 1 7.00517 0.3886 18.0267 4 1 0.0228562 5.6463e-05 404.799 4 
0.248176 -2.65108e-07 -1 0.513765 0.110418 0.0134893 0.22177 120052 4 584.682 0.112205 8.49625 2 1 5.81482 0.460435 12.629 4 1 0.0244537 6.04765e-05 404.35 4 
0.261799 5.86017e-06 -1 0.515279 0.115619 0.0136229 0.228573 120959 2 12.9787 0.46516 5.28219 2 1 7.6337 0.323556 23.5931 4 1 0.0256511 6.48036e-05 395.828 4 
0.27549 1.28778e-05 -1 0.516871 0.120746 0.013691 0.235614 121691 2 11.5617 0.512669 4.74888 2 1 6.0183 0.273669 21.9912 4 1 0.0261882 6.84512e-05 382.582 4 
0.28932 2.0059e-05 -1 0.518551 0.125778 0.01383 0.243847 121781 5 636.16 0.349546 4.48758 2 1 7.60652 0.23976 31.7256 4 1 0.0253488 7.38936e-05 343.044 4 
0.303221 1.79261e-05 -1 0.52031 0.130727 0.0139009 0.252995 121425 4 821.065 0.331556 7.05432 2 1 9.61588 0.432511 22.2327 4 1 0.0282756 7.84586e-05 360.389 4 
0.317194 1.28273e-05 -1 0.522148 0.135668 0.0139729 0.264634 119954 5 810.293 0.34999 4.70888 2 1 10.8549 0.651401 16.664 4 1 0.0324409 8.28466e-05 391.578 4 
0.33124 4.8115e-06 -1 0.524058 0.140569 0.0140461 0.27263 120192 4 926.908 0.33647 7.24474 2 1 19.5956 0.642712 30.4889 4 1 0.0329995 8.25777e-05 399.617 4 
0.345361 -2.55645e-07 -1 0.526044 0.14546 0.0141204 0.280744 120366 3 14.9056 0.139039 4.75048 2 1 13.2456 0.638719 20.7377 4 1 0.0353146 8.67358e-05 407.151 4 
0.359481 -2.34156e-06 -1 0.528085 0.150283 0.0141204 0.288953 120490 4 813.277 0.181531 8.18129 2 1 14.2725 0.680334 20.9787 4 1 0.0321633 8.80231e-05 365.396 4 
0.373677 2.01234e-08 -1 0.530191 0.155007 0.0141963 0.297659 120406 4 912.039 0.397241 6.92213 2 1 16.6062 1.00013 16.604 4 1 0.0323822 8.95531e-05 361.598 4 
0.387951 7.24735e-06 -1 0.532377 0.159477 0.0142735 0.308011 119684 5 875.761 0.401677 4.65266 2 1 17.9406 1.40015 12.8133 4 2 0.0364394 9.47272e-07 196.132 3 
0.402224 5.50474e-06 -1 0.534633 0.163823 0.0142735 0.315456 120105 4 796.766 0.146983 8.58056 2 1 18.0506 1.53378 11.7687 4 2 0.0396662 2.64411e-05 38.732 2 
0.416577 4.26181e-06 -1 0.536982 0.168114 0.0143524 0.322651 120601 3 26.0419 0.107753 6.22893 2 1 17.9282 1.51019 11.8715 4 2 0.0372801 9.48941e-05 19.8207 2 
0.430929 5.38894e-06 -1 0.539403 0.172383 0.0143524 0.330872 120699 4 863.39 0.26671 7.54297 2 1 21.2946 1.17277 18.1575 4 2 0.0378566 9.88524e-05 19.5694 2 
0.445362 -5.78379e-07 -1 0.541905 0.176478 0.014433 0.339321 120712 4 890.488 0.289485 7.44733 2 1 19.0164 1.42824 13.3145 4 2 0.0414216 8.57562e-05 21.9776 2 
0.459795 1.89756e-07 -1 0.544471 0.180343 0.014433 0.348968 120309 4 822.704 0.168411 8.36023 2 1 15.7969 0.947077 16.6796 4 2 0.0394352 5.84208e-05 25.9812 2 
0.474228 8.94261e-07 -1 0.54709 0.184202 0.014433 0.358311 120030 3 23.2063 0.183476 5.01968 2 1 17.519 1.18455 14.7895 4 2 0.0406046 4.33836e-05 30.5932 2 
0.488744 2.95885e-06 -1 0.549782 0.187976 0.0145159 0.368416 119517 5 724.752 0.127235 5.63789 2 1 16.9523 0.993908 17.0562 4 2 0.044629 5.24297e-05 29.1756 2 
0.50326 2.60892e-06 -1 0.552518 0.191539 0.0145159 0.379204 118817 5 869.111 0.141865 5.72058 2 1 21.0241 0.964737 21.7926 4 2 0.048276 4.86015e-05 31.5167 2 
0.517776 1.96893e-06 -1 0.555277 0.194974 0.0145159 0.389544 118292 4 866.786 0.184554 8.27842 2 1 25.5268 1.21695 20.976 4 2 0.0361881 3.61447e-05 31.6418 2 
0.532292 8.23728e-06 -1 0.558085 0.198318 0.0145159 0.406407 115904 4 925.463 0.432753 6.80033 2 2 22.175 0.127773 13.1738 4 2 0.0381804 3.36441e-05 33.6873 2 
0.546808 1.01676e-05 -1 0.560949 0.201526 0.0145159 0.42073 114392 4 868.667 0.260248 7.60093 2 2 24.5241 0.189263 11.3832 3 2 0.0391535 3.46356e-05 33.622 2 
0.56141 1.34324e-05 -1 0.563878 0.204485 0.0146023 0.435055 112979 4 800.355 0.356205 6.88487 2 2 23.484 0.187105 11.2033 3 2 0.036795 3.60392e-05 31.9526 2 
0.576012 3.10608e-05 -1 0.566858 0.207301 0.0146023 0.449344 111665 5 966.702 0.213277 5.38604 2 2 21.1958 0.391662 7.35646 2 2 0.0451489 3.87997e-05 34.1122 2 
0.590615 2.2692e-05 -1 0.56988 0.210002 0.0146023 0.458521 111663 3 23.9005 0.220013 4.77148 2 2 19.7967 0.688265 5.36313 2 2 0.0483052 4.0891e-05 34.3703 2 
0.605217 1.99708e-05 -1 0.572963 0.212643 0.0146023 0.469246 111293 3 27.8327 0.333255 4.37112 2 2 20.2803 1.0514 4.39192 2 2 0.0489574 4.31978e-05 33.665 2 
0.619819 2.2051e-05 -1 0.576072 0.215227 0.0146023 0.480399 110841 4 879.449 0.0654206 10.7677 2 2 20.8688 0.846086 4.9664 2 2 0.0515772 4.59594e-05 33.4998 2 
0.634422 2.00745e-05 -1 0.579187 0.217553 0.0146023 0.489508 110871 4 1018.23 0.176938 8.70977 2 2 31.5438 0.791323 6.31364 2 2 0.0417335 4.88313e-05 29.2343 2 
0.649024 2.71862e-05 -1 0.582343 0.219671 0.0146023 0.500155 110558 5 913.918 0.266127 5.09523 2 2 29.3598 0.653811 6.70116 2 2 0.0389563 5.307e-05 27.0935 2 
0.663626 3.77028e-05 -1 0.585552 0.221663 0.0146023 0.511238 110164 3 32.742 0.152987 5.98159 2 2 28.881 0.765669 6.14166 2 2 0.0457325 7.11336e-05 25.3557 2 
0.678321 4.49822e-05 -1 0.588818 0.223511 0.0146942 0.521727 109912 5 605.93 0.404618 4.31594 2 2 26.0648 0.644131 6.36122 2 2 0.0431467 8.31757e-05 22.7759 2 
0.693015 5.123e-05 -1 0.592124 0.225283 0.0146942 0.530082 110111 5 897.789 0.0861156 6.36236 2 2 21.5546 0.609333 5.94761 2 2 0.045074 6.98006e-05 25.4117 2 
0.707709 4.9244e-05 -1 0.595447 0.226924 0.0146942 0.539239 110140 4 866.129 0.234844 7.79293 2 2 21.764 0.750336 5.38569 2 2 0.045479 4.96729e-05 30.2584 2 
0.722403 4.87548e-05 -1 0.598767 0.228462 0.0146942 0.55144 109560 3 28.7432 0.141601 5.87701 2 2 23.0974 0.764857 5.4953 2 2 0.0413171 4.27391e-05 31.0923 2 
0.737097 5.3971e-05 -1 0.602055 0.229767 0.0146942 0.561457 109430 4 918.433 0.357029 7.12174 2 2 24.8323 0.798985 5.57492 2 2 0.042851 4.03683e-05 32.5807 2 
0.751791 4.41388e-05 -1 0.605384 0.231059 0.0146942 0.577789 108109 3 29.9922 0.14372 5.93149 2 2 30.0562 1.09866 5.2304 2 2 0.0433742 4.18753e-05 32.1837 2 
0.766486 4.81768e-05 -1 0.608761 0.232185 0.0146942 0.598678 106047 4 967.039 0.361365 7.19241 2 2 26.863 1.04623 5.06714 2 3 0.0497668 6.38108e-06 19.8312 2 
0.78118 4.41481e-05 -1 0.612196 0.233262 0.0146942 0.616128 104706 5 857.446 0.0845078 6.32794 2 2 23.0597 0.757881 5.51603 2 3 0.0484425 7.95534e-06 18.2609 2 
0.795874 4.39228e-05 -1 0.615656 0.23416 0.0146942 0.629304 104140 3 28.0527 0.309436 4.49229 2 2 23.2985 0.57647 6.35734 2 3 0.0455771 5.01301e-06 20.8713 2 
0.810568 5.50272e-05 -1 0.619122 0.235007 0.0146942 0.639716 104046 4 910.854 0.22663 7.96219 2 2 21.1732 0.4715 6.7012 2 2 0.0450449 6.4147e-05 26.4993 2 
0.825262 6.44286e-05 -1 0.622512 0.235651 0.0146942 0.654408 103275 4 1306.06 0.129412 10.023 2 2 30.215 0.388568 8.81815 2 2 0.0485865 6.76929e-05 26.7908 2 
0.839956 7.03137e-05 -1 0.625942 0.236241 0.0146942 0.664972 103174 5 865.281 0.0993738 6.1373 2 2 27.6919 0.466195 7.70713 2 2 0.0431697 5.26435e-05 28.6363 2 
0.854651 7.077e-05 -1 0.629401 0.236771 0.0146942 0.676162 102981 3 326.64 0.414796 9.23446 2 2 25.5802 0.517698 7.02933 2 2 0.0421804 3.8139e-05 33.2561 2 
0.869345 8.15183e-05 -1 0.632896 0.237337 0.0146942 0.687101 102832 4 860.31 0.292313 7.36549 2 2 21.2761 0.634642 5.79004 2 2 0.0454587 4.37887e-05 32.2202 2 
0.884039 9.28674e-05 -1 0.636403 0.237746 0.0146942 0.70116 102231 4 1187.62 0.452473 7.15766 2 2 24.317 0.853491 5.33772 2 2 0.0442296 4.80798e-05 30.3302 2 
0.898733 8.97544e-05 -1 0.639918 0.238199 0.0146942 0.713414 101910 4 1125.72 0.226113 8.39995 2 2 19.4159 0.850916 4.77679 2 2 0.0422773 5.10604e-05 28.7747 2 
0.913427 9.40794e-05 -1 0.643306 0.238417 0.0146942 0.728028 101271 4 791.968 0.247171 7.52363 2 2 24.6279 1.25078 4.43734 2 2 0.0508423 5.3688e-05 30.7733 2 
0.928121 9.43532e-05 -1 0.646741 0.23858 0.0146942 0.740769 100911 3 30.9158 0.340695 4.49371 2 2 26.0361 1.56484 4.079 2 2 0.0497717 5.75228e-05 29.4151 2 
0.942816 0.000105256 -1 0.650223 0.238657 0.0146942 0.754268 100463 4 536.512 0.160427 7.60459 2 2 24.4489 1.69874 3.79373 2 2 0.0538324 7.62408e-05 26.5722 2 
0.95751 0.000106676 -1 0.653752 0.238728 0.0146942 0.76612 100245 5 823.85 0.212294 5.22134 2 2 27.1837 0.58523 6.8154 2 2 0.0544255 7.43222e-05 27.0609 2 
0.972204 0.000112759 -1 0.657306 0.238701 0.0146942 0.778968 99906.5 4 810.48 0.219012 7.79954 2 2 22.0072 0.449455 6.99743 2 2 0.0498693 5.76476e-05 29.4121 2 
0.986898 0.000121843 -1 0.66089 0.23866 0.0146942 0.794552 99235.8 5 1372.15 0.433763 5.01222 2 2 17.696 0.542918 5.70914 2 2 0.0581382 5.1718e-05 33.5282 2 
1.00159 0.000140165 -1 0.664344 0.238633 0.0146942 0.808792 98754.7 5 1558.57 0.233362 5.82022 2 2 21.8944 0.850564 5.07357 2 2 0.0649851 8.7315e-05 27.2811 2 
1.01629 0.000139409 -1 0.667759 0.238453 0.0146942 0.821055 98526.9 5 773.317 0.193024 5.25472 2 2 34.2827 1.37078 5.00096 2 2 0.0561008 9.30161e-05 24.5587 2 
1.03098 0.000134787 -1 0.671202 0.238189 0.0146942 0.834857 98124.6 5 936.331 0.371822 4.78871 2 2 23.6046 1.24969 4.34606 2 2 0.0635112 8.57747e-05 27.2111 2 
1.04567 0.000146033 -1 0.674681 0.237856 0.0146942 0.845009 98157.5 5 725.312 0.268811 4.85529 2 2 22.5268 1.36913 4.05627 2 2 0.073728 8.64303e-05 29.2067 2 
1.06037 0.000151231 -1 0.678177 0.237626 0.0146942 0.854588 98255.5 5 1778.7 0.282292 5.75282 2 2 22.3724 1.50434 3.85641 2 2 0.0689957 8.17642e-05 29.0489 2 
1.07506 0.000143912 -1 0.681718 0.237274 0.0146942 0.870099 97680.8 4 62.4683 0.261923 3.92981 2 2 20.8685 1.48985 3.7426 2 3 0.0643934 6.75633e-06 21.202 2 
1.08976 0.000142305 -1 0.685259 0.236888 0.0146942 0.882652 97451.8 3 58.8132 0.208727 6.55589 2 2 31.0219 1.09404 5.32499 2 3 0.0580688 8.94201e-06 18.6567 2 
1.10445 0.000144479 -1 0.688658 0.236423 0.0146942 0.898591 96862.8 4 770.304 0.240534 7.52266 2 2 24.0721 0.969825 4.98207 2 3 0.0697314 5.68409e-06 23.0634 2 
1.11915 0.000139467 -1 0.692045 0.235864 0.0146942 0.908156 96970.1 3 28.9663 0.158615 5.67349 2 2 37.625 0.385341 9.88133 2 2 0.070546 6.92035e-05 31.928 2 
1.13384 0.000138698 -1 0.695474 0.235326 0.0146942 0.919687 96867.7 4 1254.18 0.350888 7.73211 2 2 21.3007 0.575379 6.08442 2 2 0.0679099 8.33981e-05 28.5357 2 
1.14853 0.000142536 -1 0.698927 0.234761 0.0146942 0.933265 96555.6 4 705.993 0.14406 8.36689 2 2 29.4875 0.668841 6.63984 2 2 0.0640363 8.74147e-05 27.0658 2 
1.16323 0.000142757 -1 0.702415 0.234118 0.0146942 0.94432 96509.7 4 706.44 0.381944 6.55796 2 2 32.2926 0.740352 6.60439 2 2 0.0743068 7.59834e-05 31.2719 2 
1.17792 0.000148145 -1 0.705919 0.233423 0.0146942 0.957708 96229.7 4 759.053 0.388794 6.64719 2 2 38.0052 0.745704 7.13902 2 2 0.0822506 6.51738e-05 35.5249 2 
1.19262 0.000141439 -1 0.709368 0.232835 0.0146942 0.97 96066 3 26.1957 0.146028 5.63981 2 2 40.2873 0.658444 7.82212 2 2 0.0774328 5.97309e-05 36.005 2 
1.20731 0.000141171 -1 0.712711 0.232191 0.0146942 0.982994 95837.8 5 1219.8 0.125806 6.27072 2 2 29.9026 0.634815 6.86326 2 2 0.0624373 5.99637e-05 32.2684 2 
1.222 0.000135672 -1 0.715998 0.231573 0.0146942 0.992581 95943.8 4 966.91 0.235359 8.00597 2 2 22.3598 0.63973 5.91201 2 2 0.0549208 6.66167e-05 28.7129 2 
1.2367 0.00013043 -1 0.719334 0.230936 0.0146942 1.00579 95701.4 4 1569.63 0.389994 7.96498 2 2 30.1921 0.794005 6.16644 2 2 0.0687955 5.23848e-05 36.2391 2 
1.25139 0.000120793 -1 0.722721 0.230298 0.0146942 1.01856 95507.1 4 780.251 0.418986 6.56914 2 2 54.1089 0.853317 7.96305 2 2 0.0792563 5.02493e-05 39.7148 2 
1.26609 0.000127158 -1 0.726137 0.229583 0.0146942 1.03215 95242.2 4 840.369 0.333401 7.08559 2 2 29.7288 0.553992 7.32549 2 2 0.0913442 4.78972e-05 43.6702 2 
1.28078 0.000131226 -1 0.729593 0.228927 0.0146942 1.04128 95390.4 4 873.419 0.251946 7.67324 2 2 29.8686 0.594023 7.09098 2 2 0.103708 5.02309e-05 45.4382 2 
1.29548 0.000132467 -1 0.732992 0.228265 0.0146942 1.05241 95354.1 3 48.1612 0.145946 6.91037 2 2 33.8322 0.562079 7.75829 2 2 0.103904 5.08364e-05 45.2094 2 
1.31017 0.000138001 -1 0.736339 0.227628 0.0146942 1.06406 95272.5 4 2472.44 0.401464 8.8587 2 2 36.108 0.719554 7.08386 2 2 0.0968718 5.47019e-05 42.0821 2 
1.32486 0.000154921 -1 0.739625 0.226985 0.0146942 1.0739 95353.4 4 754.925 0.454905 6.38257 2 2 43.6767 0.821558 7.29131 2 2 0.0913165 7.43945e-05 35.0352 2 
1.33956 0.000153975 -1 0.742873 0.226339 0.0146942 1.08583 95249.2 4 147.679 0.206118 5.17369 2 2 33.4995 1.05016 5.64796 2 2 0.0909151 8.42863e-05 32.8427 2 
1.35425 0.000158668 -1 0.746137 0.225753 0.0146942 1.09628 95274.8 4 763.924 0.360172 6.78633 2 2 37.1138 1.03275 5.99473 2 2 0.101208 7.5943e-05 36.506 2 
1.36895 0.000155051 -1 0.749433 0.225074 0.0146942 1.10604 95359.8 3 76.6256 0.177917 7.55183 2 2 59.454 1.39582 6.52642 2 2 0.119508 6.23423e-05 43.7831 2 
1.38364 0.000156259 -1 0.752758 0.224504 0.0146942 1.11677 95360.6 4 1160.24 0.408976 7.29815 2 2 28.2005 1.44661 4.41523 2 3 0.119162 6.9934e-06 25.7326 2 
1.39834 0.000128441 -1 0.756116 0.223846 0.0146942 1.13406 94809.5 4 710.305 0.169334 8.04777 2 2 40.3857 1.38876 5.39263 2 3 0.116576 8.62745e-06 23.8182 2 
1.41303 0.000129827 -1 0.75941 0.223188 0.0146942 1.14553 94754 4 791.04 0.240382 7.57397 2 2 40.8986 0.530973 8.77643 2 2 0.108311 9.68357e-05 33.444 2 
1.42772 0.000135933 -1 0.762689 0.222587 0.0146942 1.15737 94669.5 3 46.3896 0.182256 6.33742 2 2 50.5762 0.482223 10.2412 2 2 0.116985 7.16892e-05 40.396 2 
1.44242 0.000143385 -1 0.765934 0.221859 0.0146942 1.16744 94730.2 4 671.597 0.272515 7.04579 2 2 83.6895 0.937819 9.44661 2 2 0.140238 7.63836e-05 42.8482 2 
1.45711 0.000136306 -1 0.769134 0.221206 0.0146942 1.17599 94912.3 4 540.634 0.374397 6.16443 2 2 44.7524 0.731302 7.82275 2 2 0.108322 7.13515e-05 38.9634 2 
1.47181 0.000134711 -1 0.772328 0.220491 0.0146942 1.18791 94821.7 4 683.973 0.221998 7.45028 2 2 45.1494 0.919009 7.00916 2 2 0.111059 5.43388e-05 45.2087 2 
1.4865 0.000135158 -1 0.775556 0.219507 0.0146942 1.20072 94663.5 7 2047.36 0.309548 3.51383 2 2 49.7944 0.64939 8.75664 2 2 0.105032 5.53954e-05 43.5435 2 
1.50119 0.000147551 -1 0.778793 0.218693 0.0146942 1.21764 94188.8 4 198.466 0.311378 5.02458 2 2 63.5514 0.715741 9.4229 2 2 0.108522 6.05364e-05 42.34 2 
1.51589 0.000151301 -1 0.782041 0.217898 0.0146942 1.23043 94041.5 5 911.027 0.333541 4.86717 2 2 34.0325 0.624002 7.38506 2 2 0.1202 5.73173e-05 45.794 2 
1.53058 0.000159904 -1 0.785222 0.217146 0.0146942 1.24184 94002.5 4 673.893 0.311927 6.81764 2 2 35.5027 1.67458 4.60445 2 2 0.134964 5.44041e-05 49.8073 2 
1.54528 0.000165686 -1 0.788414 0.216486 0.0146942 1.25371 93929.1 5 2736.87 0.11114 7.55574 2 3 35.1079 0.860053 3.44318 2 2 0.14606 6.34378e-05 47.9835 2 
1.55997 0.000159051 -1 0.791582 0.215701 0.0146942 1.26881 93618.5 4 713.145 0.402212 6.48904 2 3 128.954 0.613842 5.94465 2 2 0.126605 7.97604e-05 39.8412 2 
1.57467 0.000162761 -1 0.794733 0.214957 0.0146942 1.27919 93659.6 4 768.829 0.241572 7.51097 2 2 35.7859 1.0235 5.91304 2 2 0.143836 8.69073e-05 40.6822 2 
1.58936 0.000166608 -1 0.797836 0.214126 0.0146942 1.29164 93549.3 3 142.336 0.393656 7.12414 2 2 42.6894 0.490831 9.32597 2 2 0.154588 7.49902e-05 45.4031 2 
1.60405 0.00017107 -1 0.800961 0.213311 0.0146942 1.30225 93573.6 3 73.4947 0.166884 7.60817 2 2 42.4361 0.579131 8.56011 2 2 0.162048 6.42416e-05 50.2243 2 
1.61875 0.000174233 -1 0.804095 0.212558 0.0146942 1.31392 93521.9 5 2056.21 0.350169 5.67229 2 2 37.7336 0.998786 6.1465 2 2 0.163497 5.5037e-05 54.504 2 
1.63344 0.000164178 -1 0.807258 0.211818 0.0146942 1.32567 93464.8 5 844.332 0.315278 4.84801 2 2 40.719 1.46439 5.27315 2 2 0.15752 5.79576e-05 52.1331 2 
1.64814 0.000148994 -1 0.810401 0.211073 0.0146942 1.33679 93453.5 3 75.5035 0.255119 6.66409 2 2 64.3979 1.34881 6.90972 2 2 0.153013 7.56735e-05 44.9669 2 
1.66283 0.000141479 -1 0.813504 0.210368 0.0146942 1.34648 93541.7 5 677.699 0.349121 4.54582 2 2 56.9256 1.26357 6.71203 2 2 0.145309 8.66224e-05 40.9572 2 
1.67752 0.000134419 -1 0.816569 0.209691 0.0146942 1.35998 93366.1 4 633.344 0.162089 7.90627 2 3 149.719 0.505158 6.6673 2 2 0.152817 9.56616e-05 39.9685 2 
1.69222 0.000134442 -1 0.819622 0.209142 0.0146942 1.37088 93370.5 4 732.813 0.215493 7.63643 2 2 57.2987 1.36791 6.47209 2 3 0.147677 5.99999e-06 29.0885 2 
1.70691 0.000133444 -1 0.822645 0.208589 0.0146942 1.38528 93139.1 4 1688.54 0.414983 7.98676 2 2 41.72 1.53647 5.21087 2 3 0.129094 8.45288e-06 24.8104 2 
1.72161 0.000111811 -1 0.82565 0.207894 0.0146942 1.39718 93079 4 3148.1 0.259303 10.4969 2 2 31.0563 0.800338 6.22929 2 3 0.139584 6.02351e-06 28.5098 2 
1.7363 0.00011526 -1 0.828673 0.207147 0.0146942 1.40754 93121.5 3 300.978 0.238826 10.8015 2 2 41.5153 0.581053 8.45272 2 2 0.159631 8.53274e-05 43.2528 2 
1.751 0.000118581 -1 0.831728 0.206433 0.0146942 1.41905 93088 4 1206.39 0.18738 8.9576 2 2 59.4977 0.53244 10.571 2 2 0.175724 9.65126e-05 42.6701 2 
1.76569 0.000119847 -1 0.834793 0.205781 0.0146942 1.42945 93126.5 4 1368.03 0.213695 8.94489 2 2 36.9355 0.53174 8.33436 2 3 0.19465 2.79484e-06 41.1433 2 
1.78038 0.000132748 -1 0.837884 0.205127 0.0146942 1.44543 92805.9 4 562.526 0.316314 6.49391 2 2 47.438 0.512545 9.62048 2 3 0.225373 2.80052e-06 43.1739 2 
1.79508 0.000134381 -1 0.840929 0.204581 0.0146942 1.4573 92752.5 5 748.069 0.180949 5.28783 2 3 152.246 0.313397 7.8611 2 2 0.211487 8.97754e-05 48.536 2 
1.80977 0.000124063 -1 0.84394 0.204043 0.0146942 1.46815 92764.2 3 56.4669 0.209182 6.46284 2 2 46.9478 0.723807 8.05371 2 2 0.188573 7.46053e-05 50.2754 2 
1.82447 0.000115516 -1 0.846916 0.203541 0.0146942 1.47861 92800.5 4 682.914 0.414557 6.37082 2 2 53.4231 0.455927 10.8247 2 2 0.17152 7.83418e-05 46.7908 2 
1.83916 0.000115434 -1 0.849866 0.203265 0.0146942 1.48737 92942.7 4 1028.46 0.272475 7.83818 2 2 56.9419 0.776232 8.56486 2 2 0.155687 8.13687e-05 43.7419 2 
1.85385 0.000122285 -1 0.852747 0.202814 0.0146942 1.49789 92973.4 4 546.061 0.187918 7.34206 2 2 44.8933 0.73926 7.79278 2 2 0.132414 7.08278e-05 43.238 2 
1.86855 0.000120839 -1 0.855671 0.202238 0.0146942 1.51047 92877.1 4 3103.05 0.289855 10.1719 2 2 75.9145 1.03169 8.57804 2 2 0.158395 7.35457e-05 46.4079 2 
1.88324 0.000118947 -1 0.858617 0.20139 0.0146942 1.52161 92870.2 5 3145.44 0.351569 6.17069 2 2 48.287 0.731794 8.12308 2 2 0.183025 7.94732e-05 47.9894 2 
1.89794 0.000148893 -1 0.86159 0.200808 0.0146942 1.53312 92840.5 3 147.665 0.2207 8.74632 2 2 64.898 0.607258 10.3378 2 2 0.185481 8.59093e-05 46.4654 2 
1.91263 0.000164424 -1 0.864575 0.200424 0.0146942 1.54581 92741.2 4 953.204 0.190213 8.41369 2 2 137.327 1.61924 9.20924 2 2 0.195283 8.91542e-05 46.8016 2 
1.92733 0.000156549 -1 0.867591 0.200123 0.0146942 1.56154 92462.6 4 510.212 0.222274 6.92174 2 2 52.3482 0.88353 7.69733 2 2 0.201934 9.5291e-05 46.034 2 
1.94202 0.000146865 -1 0.8706 0.199652 0.0146942 1.5721 92492.9 4 894.119 0.346988 7.12476 2 2 46.979 0.917876 7.15418 2 3 0.196714 3.62048e-06 37.8753 2 
1.95671 0.00013198 -1 0.873562 0.19933 0.0146942 1.5862 92316.4 4 706.637 0.214419 7.57675 2 2 33.4361 0.729319 6.77094 2 3 0.163647 3.40614e-06 36.3537 2 
1.97141 0.000126873 -1 0.876485 0.198994 0.0146942 1.60182 92055.5 3 153.794 0.152123 10.0365 2 2 44.4554 0.571328 8.82103 2 3 0.15703 3.40829e-06 35.8494 2 
1.9861 0.000127174 -1 0.879354 0.198684 0.0146942 1.61721 91812.6 4 675.85 0.305236 6.85968 2 2 90.1704 1.4591 7.86121 2 3 0.131062 3.51263e-06 33.4155 2 
2.0008 0.000122798 -1 0.882162 0.198284 0.0146942 1.62957 91744.2 4 673.1 0.267635 7.08164 2 2 37.9782 1.00779 6.13877 2 3 0.129714 3.74379e-06 32.6006 2 
2.01549 0.000107339 -1 0.884994 0.197573 0.0146942 1.64985 91237.5 6 2614.39 0.460192 4.22414 2 2 45.947 1.26594 6.02451 2 3 0.149514 5.63769e-06 29.8213 2 
2.03018 0.00012827 -1 0.887855 0.197243 0.0146942 1.66022 91284.2 4 230.647 0.211657 5.74551 2 3 136.768 0.454666 6.70035 2 3 0.158444 7.90975e-06 27.1584 2 
2.04488 0.000128274 -1 0.890755 0.196909 0.0146942 1.67606 91032.3 5 3363.61 0.0700117 8.63629 2 2 53.1873 0.747912 8.43294 2 3 0.176668 5.74809e-06 31.3241 2 
2.05957 0.000127869 -1 0.893672 0.196509 0.0146942 1.68873 90955.7 5 412.536 0.244546 4.41998 2 2 61.5665 1.47693 6.45643 2 3 0.179849 4.4203e-06 34.3942 2 
2.07427 0.000134317 -1 0.896616 0.196177 0.0146942 1.69973 90969.5 4 961.571 0.332937 7.33086 2 2 30.6215 1.39346 4.68776 2 2 0.18671 9.17314e-05 45.1154 2 
2.08896 0.000132935 -1 0.899567 0.195878 0.0146942 1.70904 91073.6 3 164.149 0.357601 7.71401 2 2 31.7959 0.820542 6.22494 2 2 0.157754 7.20167e-05 46.8029 2 
2.10366 0.000130439 -1 0.902539 0.19567 0.0146942 1.71894 91144.5 4 542.336 0.134018 7.97584 2 2 116.124 1.24519 9.65702 2 2 0.134522 7.44018e-05 42.5211 2 
2.11835 0.000135038 -1 0.905461 0.195402 0.0146942 1.7291 91201.3 4 728.264 0.170771 8.08107 2 2 44.5837 0.795354 7.487 2 2 0.121261 8.12605e-05 38.6297 2 
2.13304 0.000135972 -1 0.908299 0.195116 0.0146942 1.73766 91341.2 3 71.5101 0.223992 6.83458 2 2 36.1845 0.394689 9.57489 2 2 0.108631 9.4355e-05 33.9309 2 
2.14774 0.000137055 -1 0.91105 0.194946 0.0146942 1.74816 91378.6 4 2526.66 0.193491 10.6898 2 2 45.9359 0.545497 9.17656 2 3 0.129967 3.93663e-06 32.0801 2 
2.16243 0.000138225 -1 0.913823 0.194593 0.0146942 1.75929 91382.2 4 667.953 0.287675 6.94162 2 2 126.445 1.47689 9.2529 2 3 0.145678 4.08425e-06 32.9176 2 
2.17713 0.000137774 -1 0.916604 0.194249 0.0146942 1.77188 91311 4 3591.18 0.378951 9.86651 2 2 75.9993 0.790975 9.8022 2 3 0.150934 4.58511e-06 32.0489 2 
2.19182 0.000141505 -1 0.919434 0.193911 0.0146942 1.78612 91156.1 4 917.347 0.0565307 11.2866 2 2 29.9396 1.44254 4.55574 2 3 0.163214 5.03835e-06 31.8779 2 
2.20651 0.000139917 -1 0.922284 0.1936 0.0146942 1.80332 90854.6 4 987.277 0.40554 7.02427 2 2 36.5486 1.11272 5.73115 2 3 0.158045 5.28282e-06 31.0435 2 
2.22121 0.000136129 -1 0.925161 0.193327 0.0146942 1.81752 90708.2 4 516.058 0.19624 7.16107 2 2 40.169 0.35348 10.6601 2 3 0.148706 4.76661e-06 31.4804 2 
2.2359 0.000133149 -1 0.928047 0.193099 0.0146942 1.83179 90560.7 3 123.624 0.138365 9.63146 2 3 124.018 0.130377 9.83471 2 3 0.119266 4.21135e-06 30.4811 2 
2.2506 0.000129983 -1 0.930955 0.192899 0.0146942 1.84313 90559.1 3 71.8439 0.108872 8.70612 2 2 40.2085 0.48563 9.09926 2 3 0.110557 4.15931e-06 29.8439 2 
2.26529 0.000129827 -1 0.933861 0.192701 0.0146942 1.86133 90223.8 5 520.454 0.22604 4.7037 2 2 38.0743 0.677794 7.49492 2 3 0.104112 4.22973e-06 29.089 2 
2.27999 0.000128646 -1 0.936761 0.192564 0.0146942 1.87406 90157.2 4 2604.64 0.376023 9.12291 2 2 44.8287 0.998501 6.70045 2 3 0.116932 4.16568e-06 30.3913 2 
2.29468 0.000129467 -1 0.939584 0.192383 0.0146942 1.8898 89948.1 4 552.989 0.133822 8.01766 2 2 124.583 1.49258 9.13612 2 3 0.130386 3.9031e-06 32.2063 2 
2.30937 0.000132451 -1 0.942309 0.192163 0.0146942 1.90332 89847.1 4 3631.33 0.400807 9.75624 2 2 50.1897 0.809891 7.87216 2 3 0.144304 4.21148e-06 32.4799 2 
2.32407 0.0001242 -1 0.945041 0.191912 0.0146942 1.91814 89687 5 1025.62 0.258737 5.24355 2 2 68.221 1.14372 7.72323 2 3 0.157137 4.4916e-06 32.7059 2 
2.33876 0.000119971 -1 0.947794 0.191778 0.0146942 1.92786 89766.1 4 963.46 0.172525 8.6446 2 2 38.9528 1.13058 5.86974 2 2 0.154659 8.6768e-05 42.2191 2 
2.35346 0.000117217 -1 0.950569 0.191674 0.0146942 1.93886 89784.7 3 474.59 0.327861 11.3121 2 2 49.3138 1.08166 6.75208 2 3 0.149776 6.77197e-06 28.07 2 
2.36815 0.000113798 -1 0.953382 0.191593 0.0146942 1.95271 89672.4 4 657.113 0.251763 7.14763 2 2 118.713 1.07019 10.5322 2 3 0.115033 7.68971e-06 24.6398 2 
2.38284 0.000115738 -1 0.956213 0.191522 0.0146942 1.9618 89778.7 3 154.95 0.156519 9.96648 2 2 35.8091 0.651459 7.41401 2 2 0.107067 8.80307e-05 34.8747 2 
2.39754 0.000114932 -1 0.959069 0.191406 0.0146942 1.97457 89716.5 3 52.4078 0.2304 6.10433 2 2 38.4519 0.530714 8.51194 2 3 0.103609 3.70098e-06 30.364 2 
2.41223 0.000117532 -1 0.961923 0.191293 0.0146942 1.9896 89553.5 3 38.8113 0.222418 5.58808 2 2 44.9934 0.512465 9.37005 2 3 0.107579 4.03766e-06 29.8675 2 
2.42693 0.000121336 -1 0.964784 0.191209 0.0146942 2.00478 89386.2 4 2056.51 0.288002 9.19251 2 2 125.814 1.40161 9.47439 2 3 0.123216 4.46437e-06 30.2205 2 
2.44162 0.000124005 -1 0.967633 0.191088 0.0146942 2.0194 89246.1 4 659.068 0.344359 6.61424 2 2 47.9642 0.347056 11.756 2 3 0.139618 4.6038e-06 31.1847 2 
2.45632 0.000115304 -1 0.970476 0.190878 0.0146942 2.03702 88976.9 5 3101.21 0.45056 5.85539 2 2 51.1986 0.407521 11.2087 2 3 0.151124 4.55249e-06 32.1387 2 
2.47101 0.00013559 -1 0.973283 0.190811 0.0146942 2.04767 89014.3 4 948.483 0.139815 9.07547 2 2 75.1457 0.837924 9.46999 2 3 0.150864 4.87766e-06 31.39 2 
2.4857 0.000136188 -1 0.976008 0.190922 0.0146942 2.06481 88771.5 4 1030.64 0.260813 7.92855 2 2 33.6035 0.409153 9.06252 2 3 0.15299 4.67976e-06 31.9752 2 
2.5004 0.000134693 -1 0.978731 0.19098 0.0146942 2.07853 88677.9 3 504.016 0.332955 11.482 2 2 29.8396 0.3595 9.11061 2 3 0.130172 4.21307e-06 31.379 2 
2.51509 0.000119705 -1 0.981483 0.190932 0.0146942 2.09111 88634.4 4 541.649 0.186344 7.34262 2 3 108.67 0.215427 7.96043 2 3 0.103724 4.11772e-06 29.3139 2 
2.52979 0.000111415 -1 0.984264 0.190858 0.0146942 2.10734 88437.6 4 621.954 0.237554 7.15318 2 2 36.6579 0.713775 7.16644 2 3 0.097355 3.93969e-06 29.1272 2 
2.54448 0.000108735 -1 0.987077 0.19086 0.0146942 2.12015 88386.3 3 207.81 0.151694 11.1062 2 2 36.4352 0.510819 8.44553 2 3 0.103997 3.72865e-06 30.3266 2 
2.55917 0.000106735 -1 0.989894 0.190799 0.0146942 2.13217 88368.2 4 2447.26 0.319427 9.35572 2 2 46.1044 0.41637 10.5228 2 3 0.112827 3.65618e-06 31.3662 2 
2.57387 0.000127634 -1 0.992728 0.190836 0.0146942 2.14561 88291.9 3 235.586 0.202735 10.5133 2 2 120.874 1.66615 8.51744 2 3 0.13211 3.59677e-06 33.241 2 
2.58856 0.000132405 -1 0.99556 0.190916 0.0146942 2.16183 88103.3 5 3070.07 0.126519 7.53353 2 2 51.6336 0.532841 9.8439 2 2 0.14534 9.90098e-05 38.3137 2 
2.60326 0.000126876 -1 0.998402 0.19093 0.0146942 2.17366 88094.8 4 619.585 0.347184 6.49958 2 2 47.3266 0.807216 7.65698 2 2 0.145434 9.15799e-05 39.8504 2 
2.61795 0.000122199 -1 1.00124 0.190872 0.0146942 2.18238 88211.8 4 981.464 0.436376 6.88658 2 2 73.5511 1.06336 8.31678 2 2 0.141358 7.80446e-05 42.5587 2 
2.63265 0.000139169 -1 1.00406 0.190877 0.0146942 2.19372 88222.6 3 132.242 0.213843 8.51971 2 2 31.8651 0.52378 7.7998 2 2 0.138885 6.83834e-05 45.0663 2 
2.64734 0.00014916 -1 1.00687 0.190959 0.0146942 2.20519 88228.4 4 1194.81 0.394406 7.41889 2 2 83.4951 0.70225 10.904 2 2 0.11835 7.04539e-05 40.9856 2 
2.66203 0.000144328 -1 1.00961 0.191043 0.0146942 2.21517 88293.1 4 553.142 0.141109 7.91263 2 2 28.0962 1.13172 4.98258 2 2 0.0996608 7.26683e-05 37.0331 2 
2.67673 0.000140717 -1 1.01234 0.191148 0.0146942 2.22359 88419 3 43.4601 0.13852 6.79505 2 2 34.1979 1.15521 5.44089 2 2 0.0919181 8.83531e-05 32.2544 2 
2.69142 0.000139334 -1 1.01512 0.191224 0.0146942 2.23588 88391.3 4 602.613 0.132484 8.21237 2 2 31.8283 1.34154 4.87086 2 3 0.103588 7.42432e-06 24.0741 2 
2.70612 0.00014478 -1 1.01791 0.191267 0.0146942 2.24885 88336.7 4 681.779 0.231682 7.36526 2 2 42.8794 0.568661 8.68356 2 3 0.110025 6.79633e-06 25.2972 2 
2.72081 0.000151751 -1 1.02073 0.191303 0.0146942 2.26008 88350.9 4 3112.17 0.41686 9.29541 2 2 30.0634 0.472167 7.97942 2 2 0.124568 9.90989e-05 35.4543 2 
2.7355 0.000171319 -1 1.02355 0.191373 0.0146942 2.27335 88285.7 4 167.615 0.298337 4.86857 2 2 105.34 1.29129 9.03202 2 2 0.136711 9.97685e-05 37.0173 2 
2.7502 0.000178125 -1 1.02639 0.191414 0.0146942 2.28358 88338.4 4 159.679 0.222565 5.17544 2 2 42.7125 0.449393 9.7491 2 2 0.13691 9.85758e-05 37.2677 2 
2.76489 0.000181639 -1 1.02923 0.191571 0.0146942 2.29485 88351 4 592.098 0.250137 6.97515 2 2 43.2952 0.352878 11.0766 2 2 0.133082 9.59572e-05 37.2409 2 
2.77959 0.000184046 -1 1.03207 0.191731 0.0146942 2.30742 88313.4 4 896.201 0.284288 7.4931 2 2 25.6513 0.337942 8.71231 2 2 0.132806 9.00765e-05 38.3975 2 
2.79428 0.000189286 -1 1.03491 0.191766 0.0146942 2.3194 88298.7 4 1171.83 0.180345 8.97822 2 2 47.3034 0.599457 8.88316 2 2 0.117362 8.78426e-05 36.552 2 
2.80898 0.000186712 -1 1.03775 0.191817 0.0146942 2.33013 88331.7 4 628.154 0.195719 7.52676 2 2 73.2806 1.22919 7.7212 2 2 0.0959542 8.62325e-05 33.3577 2 
2.82367 0.000188312 -1 1.04055 0.191973 0.0146942 2.33976 88405.6 4 695.369 0.231241 7.40521 2 2 31.9751 0.415299 8.77456 2 2 0.0905733 9.62436e-05 30.6771 2 
2.83836 0.000186575 -1 1.0433 0.192074 0.0146942 2.35129 88407.6 3 29.2937 0.112181 6.39173 2 2 31.4082 0.939672 5.78141 2 3 0.0974771 3.15492e-06 31.3789 2 
2.85306 0.000189478 -1 1.04606 0.192156 0.0146942 2.36339 88388.2 4 579.883 0.204275 7.2993 2 3 29.466 0.631094 3.60088 2 3 0.109266 3.00872e-06 33.1157 2 
2.86775 0.000191335 -1 1.04886 0.192252 0.0146942 2.37775 88285.2 5 2937.32 0.141544 7.3015 2 3 35.3332 0.622037 3.84405 2 3 0.115354 3.11343e-06 33.3374 2 
2.88245 0.000195073 -1 1.05168 0.192302 0.0146942 2.38947 88280.8 3 168.198 0.156563 10.2418 2 2 103.355 1.25892 9.06082 2 2 0.128423 8.97877e-05 37.8193 2 
2.89714 0.000199129 -1 1.05452 0.192344 0.0146942 2.40241 88231.3 3 139.025 0.148956 9.77264 2 2 33.7902 0.407065 9.11094 2 2 0.130186 8.25741e-05 39.7064 2 
2.91183 0.000200739 -1 1.05736 0.192422 0.0146942 2.41147 88324.4 3 113.461 0.291434 7.3019 2 2 35.4721 0.437917 9.0001 2 2 0.128637 7.03686e-05 42.7556 2 
2.92653 0.000200913 -1 1.06022 0.19249 0.0146942 2.42072 88410 3 88.072 0.120432 9.00947 2 2 48.4793 0.721784 8.19548 2 2 0.134594 6.22711e-05 46.4911 2 
2.94122 0.00020298 -1 1.06307 0.192502 0.0146942 2.43204 88419.6 5 905.018 0.249803 5.15005 2 2 20.7777 0.890803 4.82957 2 2 0.120735 6.3785e-05 43.5068 2 
2.95592 0.000200923 -1 1.06593 0.19253 0.0146942 2.44955 88205.8 5 1239.12 0.277668 5.3693 2 2 37.6771 1.14885 5.72673 2 2 0.105094 6.44991e-05 40.3658 2 
2.97061 0.000195281 -1 1.06878 0.192713 0.0146942 2.45938 88269.5 4 631.845 0.176573 7.73431 2 2 63.4777 1.11243 7.55395 2 2 0.0915774 6.4728e-05 37.6139 2 
2.98531 0.000190663 -1 1.07161 0.192843 0.0146942 2.46896 88341.6 5 654.78 0.316187 4.60501 2 2 32.2092 1.12625 5.34776 2 2 0.0870064 6.43701e-05 36.7649 2 
3 0.000184372 -1 1.07437 0.19295 0.0146942 2.48022 88353.3 3 29.8635 0.163594 5.67272 2 2 30.8012 1.34638 4.783 2 2 0.0973445 6.94839e-05 37.4295 2 

# Multigrid, 214 steps, 2.33534 CPU, 2.495 real, 8.78e+04 points.step/s, 23 var
