0 0 0
8.95999e-06 3.00553e-09 1
0.000213644 1.52987e-07 1
0.000576991 1.17467e-06 3
0.00110776 4.45124e-06 3
0.00179072 1.17052e-05 1
0.00261205 2.4768e-05 1
0.00355917 4.53047e-05 2
0.00462064 7.45441e-05 2
0.00578606 0.000113033 2
0.00704598 0.000160473 2
0.00839182 0.000215686 3
0.00981576 0.000276643 3
0.0113107 0.000340609 3
0.0128702 0.000404206 2
0.0144884 0.000463637 2
0.0161599 0.000514675 2
0.0178799 0.000553197 2
0.019644 0.000570497 2
0.0214482 0.000565703 2
0.0232888 0.000538111 2
0.0251625 0.00048271 2
0.0270664 0.000412251 2
0.0289976 0.000331941 2
0.0309537 0.000247866 3
0.0329324 0.000166782 4
0.0349317 9.55937e-05 4
0.0369497 4.10429e-05 3
0.0389847 8.89172e-06 3
0.0410352 3.07979e-06 3
0.0430996 2.48137e-05 1
0.0451769 7.20802e-05 3
0.0472658 0.000139869 3
0.0493652 0.00022097 3
0.0514742 0.000307081 3
0.053592 0.00038959 3
0.0557176 0.00046048 3
0.0578505 0.000512779 3
0.05999 0.000533481 3
0.0621354 0.000525466 3
0.0642862 0.000479399 3
0.0664419 0.000412907 3
0.0686021 0.000332555 3
0.0707664 0.000246759 3
0.0729344 0.000164134 4
0.0751057 9.25132e-05 4
0.0772801 3.87711e-05 4
0.0794573 8.44732e-06 3
0.081637 5.1055e-06 3
0.083819 2.94401e-05 2
0.086003 7.87573e-05 3
0.088189 0.000147252 3
0.0903767 0.000226927 3
0.092566 0.000308873 3
0.0947567 0.000384203 3
0.0969487 0.000445089 3
0.0991419 0.000480754 3
0.101336 0.000488318 3
0.103531 0.000468032 3
0.105728 0.000414012 3
0.107924 0.000344292 3
0.110122 0.000266469 3
0.11232 0.000188134 3
0.114519 0.000116469 4
0.116719 5.80929e-05 4
0.118919 1.91889e-05 4
0.121119 4.71227e-06 3
0.12332 1.71317e-05 3
0.125521 5.52739e-05 3
0.127723 0.000114214 3
0.129925 0.000186286 3
0.132127 0.00026263 3
0.134329 0.000334718 3
0.136532 0.000395034 3
0.138735 0.000437824 3
0.140938 0.000452687 3
0.143141 0.000441897 3
0.145344 0.000398061 3
0.147548 0.000337617 3
0.149751 0.000266878 3
0.151955 0.000193296 3
0.154159 0.000124197 3
0.156363 6.63239e-05 3
0.158567 2.55719e-05 3
0.160771 6.63207e-06 3
0.162976 1.20267e-05 3
0.16518 4.12023e-05 3
0.167384 9.03503e-05 3
0.169589 0.000153163 3
0.171793 0.000222089 3
0.173998 0.000289405 3
0.176202 0.00034813 3
0.178407 0.00039226 3
0.180611 0.000412091 3
0.182816 0.000408656 3
0.185021 0.000382658 3
0.187225 0.000329544 3
0.18943 0.000265294 3
0.191635 0.000196934 3
0.19384 0.000131499 3
0.196044 7.52325e-05 3
0.198249 3.34449e-05 3
0.200454 1.04181e-05 3
0.202659 9.02358e-06 3
0.204864 2.98711e-05 2
0.207069 7.0707e-05 3
0.209273 0.000126523 3
0.211478 0.000190407 3
0.213683 0.000254799 3
0.215888 0.000312509 3
0.218093 0.000357576 3
0.220298 0.000382637 3
0.222503 0.000384684 3
0.224708 0.000365292 3
0.226913 0.000318555 3
0.229118 0.000261085 3
0.231322 0.000199193 3
0.233527 0.000138609 3
0.235732 8.44452e-05 3
0.237937 4.15071e-05 3
0.240142 1.46516e-05 3
0.242347 7.9063e-06 3
0.244552 2.30131e-05 2
0.246757 5.83356e-05 3
0.248962 0.000108943 3
0.251167 0.000167878 3
0.253372 0.000227736 3
0.255577 0.000281983 3
0.257782 0.000325242 3
0.259987 0.000351777 3
0.262192 0.000357676 3
0.264397 0.000343308 3
0.266602 0.000303157 3
0.268807 0.00025234 3
0.271012 0.000196163 3
0.273217 0.000139677 3
0.275421 8.76701e-05 3
0.277626 4.5136e-05 3
0.279831 1.71751e-05 3
0.282036 7.97928e-06 3
0.284241 1.92983e-05 2
0.286446 4.95342e-05 2
0.288651 9.40581e-05 3
0.290856 0.000146603 3
0.293061 0.000200735 3
0.295266 0.000250717 3
0.297471 0.000291818 3
0.299676 0.000318699 3
0.301881 0.000327228 3
0.304086 0.000317203 3
0.306291 0.000282495 3
0.308496 0.000237163 3
0.310701 0.000186025 3
0.312906 0.000134018 3
0.315111 8.58227e-05 3
0.317316 4.59517e-05 3
0.319521 1.88844e-05 3
0.321726 8.33832e-06 3
0.323931 1.60722e-05 3
0.326136 4.10537e-05 2
0.328341 7.95884e-05 3
0.330546 0.000126352 3
0.332751 0.00017557 3
0.334956 0.000221969 3
0.337161 0.000260885 3
0.339365 0.000287451 3
0.34157 0.000297392 3
0.343775 0.000290517 3
0.34598 0.000267411 3
0.348185 0.000225764 3
0.35039 0.000178732 3
0.352595 0.000130902 3
0.3548 8.62484e-05 3
0.357005 4.85296e-05 3
0.35921 2.16066e-05 3
0.361415 9.12359e-06 3
0.36362 1.34097e-05 3
0.365825 3.43556e-05 2
0.36803 6.90934e-05 3
0.370235 0.00011267 3
0.37244 0.000159282 3
0.374645 0.00020345 3
0.37685 0.000240645 3
0.379055 0.00026676 3
0.38126 0.000277271 3
0.383465 0.000272346 3
0.38567 0.000252037 3
0.387875 0.000214045 3
0.39008 0.000171329 3
0.392285 0.000127624 3
0.39449 8.60731e-05 3
0.396695 4.99073e-05 3
0.3989 2.30814e-05 3
0.401105 9.65544e-06 3
0.40331 1.23812e-05 3
0.405514 3.13242e-05 2
0.407719 6.3553e-05 3
0.409924 0.00010402 3
0.412129 0.000147055 3
0.414334 0.000187688 3
0.416539 0.000221938 3
0.418744 0.000246956 3
0.420949 0.000257631 3
0.423154 0.000254116 3
0.425359 0.000236542 3
0.427564 0.000201876 3
0.429769 0.000161462 3
0.431974 0.000119404 3
0.434179 7.97025e-05 3
0.436384 4.60344e-05 3
0.438589 2.17757e-05 3
0.440794 9.86351e-06 3
0.442999 1.21636e-05 3
0.445204 2.86538e-05 2
0.447409 5.71181e-05 3
0.449614 9.35804e-05 3
0.451819 0.000133303 3
0.454024 0.000171598 3
0.456229 0.00020453 3
0.458434 0.000228269 3
0.460639 0.000238789 3
0.462844 0.000236048 3
0.465049 0.00021997 3
0.467254 0.00018735 3
0.469459 0.000150293 3
0.471664 0.000112384 3
0.473868 7.65578e-05 3
0.476073 4.55068e-05 3
0.478278 2.22768e-05 3
0.480483 1.01045e-05 3
0.482688 1.1412e-05 3
0.484893 2.65871e-05 2
0.487098 5.35165e-05 2
0.489303 8.80628e-05 3
0.491508 0.000125355 3
0.493713 0.000160817 3
0.495918 0.000190815 3
0.498123 0.000212526 3
0.500328 0.000221904 3
0.502533 0.000219074 3
0.504738 0.000203595 3
0.506943 0.000173376 3
0.509148 0.000139779 3
0.511353 0.000105458 3
0.513558 7.24933e-05 3
0.515763 4.33093e-05 3
0.517968 2.12137e-05 3
0.520173 9.86475e-06 3
0.522378 1.18023e-05 3
0.524583 2.71373e-05 2
0.526788 5.32772e-05 2
0.528993 8.58442e-05 3
0.531198 0.000120082 3
0.533403 0.000151972 3
0.535608 0.000178642 3
0.537813 0.000197654 3
0.540017 0.00020559 3
0.542222 0.000202278 3
0.544427 0.000187261 3
0.546632 0.000158983 3
0.548837 0.000127855 3
0.551042 9.60948e-05 3
0.553247 6.56039e-05 3
0.555452 3.87752e-05 3
0.557657 1.8918e-05 3
0.559862 9.47251e-06 3
0.562067 1.25796e-05 3
0.564272 2.79865e-05 2
0.566477 5.2988e-05 2
0.568682 8.34011e-05 3
0.570887 0.000114876 3
0.573092 0.000143897 3
0.575297 0.000167904 3
0.577502 0.000184512 3
0.579707 0.00019082 3
0.581912 0.000186647 3
0.584117 0.000171778 3
0.586322 0.000144778 3
0.588527 0.00011547 3
0.590732 8.59799e-05 3
0.592937 5.80876e-05 3
0.595142 3.40258e-05 3
0.597347 1.67746e-05 3
0.599552 9.3814e-06 3
0.601757 1.36705e-05 2
0.603962 2.92468e-05 2
0.606167 5.34586e-05 2
0.608371 8.22902e-05 3
0.610576 0.000111675 3
0.612781 0.000138312 3
0.614986 0.000159905 3
0.617191 0.000174036 3
0.619396 0.000178391 3
0.621601 0.000172993 3
0.623806 0.000157797 3
0.626011 0.000131615 3
0.628216 0.000103919 3
0.630421 7.66303e-05 3
0.632626 5.12698e-05 3
0.634831 2.97799e-05 3
0.637036 1.48965e-05 3
0.639241 9.44012e-06 3
0.641446 1.50124e-05 2
0.643651 3.10861e-05 2
0.645856 5.49388e-05 2
0.648061 8.26198e-05 3
0.650266 0.000110198 3
0.652471 0.000134611 3
0.654676 0.000153771 3
0.656881 0.000165439 3
0.659086 0.000167798 3
0.661291 0.000160993 3
0.663496 0.000145053 3
0.665701 0.00011955 3
0.667906 9.33952e-05 3
0.670111 6.81882e-05 3
0.672316 4.51055e-05 3
0.67452 2.59203e-05 3
0.676725 1.32646e-05 3
0.67893 9.87258e-06 3
0.681135 1.71256e-05 2
0.68334 3.42232e-05 2
0.685545 5.82354e-05 2
0.68775 8.51414e-05 3
0.689955 0.000111126 3
0.69216 0.00013335 3
0.694365 0.000150235 3
0.69657 0.000158578 3
0.698775 0.00015861 3
0.70098 0.000149265 3
0.703185 0.000128536 3
0.70539 0.000106068 3
0.707595 8.29628e-05 3
0.7098 5.98946e-05 3
0.712005 3.82642e-05 3
0.71421 2.07848e-05 3
0.716415 1.08729e-05 3
0.71862 1.10692e-05 3
0.720825 2.16434e-05 2
0.72303 4.03844e-05 2
0.725235 6.3553e-05 3
0.72744 8.7378e-05 3
0.729645 0.000109079 3
0.73185 0.000127065 3
0.734055 0.000139985 3
0.73626 0.00014557 3
0.738465 0.000143411 3
0.74067 0.000132766 3
0.742874 0.000112719 3
0.745079 9.13834e-05 3
0.747284 6.97292e-05 3
0.749489 4.86375e-05 3
0.751694 2.9785e-05 3
0.753899 1.58987e-05 3
0.756104 9.85717e-06 3
0.758309 1.3309e-05 2
0.760514 2.57812e-05 2
0.762719 4.47816e-05 2
0.764924 6.68326e-05 3
0.767129 8.86936e-05 3
0.769334 0.000108073 3
0.771539 0.000123826 3
0.773744 0.000133299 3
0.775949 0.000135778 3
0.778154 0.000131035 3
0.780359 0.000118263 3
0.782564 9.86001e-05 3
0.784769 7.97917e-05 3
0.786974 6.13984e-05 3
0.789179 4.29823e-05 3
0.791384 2.60229e-05 3
0.793589 1.38533e-05 3
0.795794 1.00429e-05 3
0.797999 1.62704e-05 2
0.800204 3.13879e-05 2
0.802409 5.19419e-05 2
0.804614 7.37882e-05 3
0.806819 9.36495e-05 3
0.809023 0.000109744 3
0.811228 0.000121811 3
0.813433 0.000127567 3
0.815638 0.000126918 3
0.817843 0.000118543 3
0.820048 0.000104901 3
0.822253 8.68162e-05 3
0.824458 6.95381e-05 3
0.826663 5.21481e-05 3
0.828868 3.48345e-05 3
0.831073 1.99931e-05 3
0.833278 1.13651e-05 3
0.835483 1.18893e-05 3
0.837688 2.19635e-05 2
0.839893 3.92751e-05 2
0.842098 5.99399e-05 3
0.844303 8.0188e-05 3
0.846508 9.75222e-05 3
0.848713 0.000111759 3
0.850918 0.000120031 3
0.853123 0.000122619 3
0.855328 0.00011909 3
0.857533 0.000107872 3
0.859738 9.16784e-05 3
0.861943 7.71947e-05 3
0.864148 6.22362e-05 3
0.866353 4.53657e-05 3
0.868558 2.82067e-05 3
0.870763 1.51231e-05 3
0.872968 1.05465e-05 3
0.875173 1.63513e-05 2
0.877377 3.09118e-05 2
0.879582 5.01198e-05 2
0.881787 6.95224e-05 3
0.883992 8.61615e-05 3
0.886197 9.90832e-05 3
0.888402 0.000108965 3
0.890607 0.000113408 3
0.892812 0.000112989 3
0.895017 0.000105788 3
0.897222 9.41806e-05 3
0.899427 7.90663e-05 3
0.901632 6.4216e-05 3
0.903837 4.85291e-05 3
0.906042 3.24889e-05 3
0.908247 1.89108e-05 3
0.910452 1.1508e-05 3
0.912657 1.27866e-05 2
0.914862 2.26395e-05 2
0.917067 3.84938e-05 2
0.919272 5.6666e-05 3
0.921477 7.3949e-05 3
0.923682 8.85059e-05 3
0.925887 0.000100357 3
0.928092 0.000107052 3
0.930297 0.000108945 3
0.932502 0.000105429 3
0.934707 9.53362e-05 3
0.936912 8.09371e-05 3
0.939117 6.8175e-05 3
0.941322 5.50261e-05 3
0.943526 4.02237e-05 3
0.945731 2.5416e-05 3
0.947936 1.44995e-05 3
0.950141 1.13438e-05 3
0.952346 1.74176e-05 2
0.954551 3.10734e-05 2
0.956756 4.85247e-05 2
0.958961 6.57925e-05 3
0.961166 8.03147e-05 3
0.963371 9.12922e-05 3
0.965576 9.9228e-05 3
0.967781 0.000102739 3
0.969986 0.000101349 3
0.972191 9.36904e-05 3
0.974396 8.25763e-05 3
0.976601 6.91118e-05 3
0.978806 5.66133e-05 3
0.981011 4.34518e-05 3
0.983216 2.97272e-05 3
0.985421 1.79841e-05 3
0.987626 1.19206e-05 3
0.989831 1.40435e-05 3
0.992036 2.42292e-05 2
0.994241 3.98377e-05 2
0.996446 5.71082e-05 3
0.998651 7.28264e-05 3
