0.609375 0.299434
0.607757 0.300781

0.607685 0.300781
0.605471 0.304688

0.605632 0.304688
0.607512 0.308594

0.607644 0.308594
0.609375 0.310244

0.609375 0.299878
0.613281 0.297678

0.609375 0.309736
0.613133 0.3125

0.612997 0.3125
0.613281 0.312673

0.617188 0.296636
0.616374 0.296875

0.613281 0.297788
0.616382 0.296875

0.613281 0.312626
0.617188 0.314578

0.617188 0.29684
0.621094 0.296117

0.617188 0.314336
0.621094 0.315826

0.621094 0.296041
0.625 0.295491

0.621094 0.315852
0.622652 0.316406

0.622491 0.316406
0.625 0.317299

0.625 0.295545
0.628906 0.295212

0.625 0.317215
0.628906 0.318506

0.628906 0.295204
0.632812 0.294995

0.628906 0.318539
0.632812 0.319791

0.632812 0.29501
0.636719 0.29491

0.632812 0.319778
0.634635 0.320312

0.634543 0.320312
0.636719 0.320951

0.636719 0.294917
0.640625 0.294881

0.636719 0.320916
0.640625 0.321998

0.640625 0.294881
0.644531 0.294892

0.640625 0.322014
0.644531 0.323047

0.644531 0.294894
0.648438 0.294948

0.644531 0.323055
0.648438 0.323992

0.648438 0.294951
0.652344 0.295038

0.648438 0.323974
0.649567 0.324219

0.649525 0.324219
0.652344 0.32483

0.652344 0.295039
0.65625 0.295152

0.652344 0.324808
0.65625 0.325625

0.65625 0.295152
0.660156 0.295288

0.65625 0.325646
0.660156 0.326428

0.660156 0.295288
0.664062 0.295445

0.660156 0.326429
0.664062 0.327131

0.664062 0.295445
0.667969 0.295621

0.664062 0.327129
0.667969 0.327755

0.667969 0.295624
0.671875 0.295813

0.667969 0.327748
0.670588 0.328125

0.670557 0.328125
0.671875 0.328315

0.671875 0.295813
0.675781 0.296013

0.671875 0.328308
0.675781 0.328826

0.675781 0.296011
0.679688 0.296223

0.675781 0.328827
0.679688 0.329304

0.679688 0.296225
0.683594 0.296452

0.679688 0.32931
0.683594 0.329731

0.683594 0.296441
0.6875 0.296702

0.683594 0.329725
0.6875 0.330089

0.6875 0.296711
0.689662 0.296875

0.689589 0.296875
0.691406 0.297013

0.6875 0.330088
0.691406 0.330409

0.691406 0.297011
0.695312 0.297314

0.691406 0.33041
0.695312 0.330687

0.695312 0.297308
0.699219 0.297627

0.695312 0.330687
0.699219 0.33092

0.699219 0.297625
0.703125 0.297977

0.699219 0.33092
0.703125 0.331109

0.703125 0.297979
0.707031 0.298364

0.703125 0.331108
0.707031 0.331257

0.707031 0.298367
0.710938 0.298774

0.707031 0.331256
0.710938 0.331368

0.710938 0.29877
0.714844 0.299201

0.710938 0.331367
0.714844 0.331449

0.714844 0.299195
0.71875 0.299671

0.714844 0.331448
0.71875 0.331503

0.71875 0.299668
0.722656 0.300203

0.71875 0.331502
0.722656 0.331532

0.722656 0.300212
0.726484 0.300781

0.726499 0.300781
0.726562 0.300791

0.722656 0.331531
0.726562 0.331538

0.726562 0.300794
0.730469 0.301399

0.726562 0.331538
0.730469 0.331525

0.730469 0.301398
0.734375 0.302028

0.730469 0.331524
0.734375 0.331495

0.734375 0.302019
0.738281 0.302695

0.734375 0.331493
0.738281 0.331454

0.738281 0.302685
0.742188 0.303443

0.738281 0.331454
0.742188 0.331406

0.742188 0.303459
0.746094 0.304289

0.742188 0.331407
0.746094 0.331351

0.746094 0.304299
0.74789 0.304688

0.747879 0.304688
0.75 0.305146

0.746094 0.331351
0.75 0.331286

0.75 0.305137
0.753906 0.305986

0.75 0.331283
0.753906 0.331217

0.753906 0.305958
0.757812 0.306881

0.753906 0.331216
0.757812 0.331158

0.757812 0.306904
0.761719 0.30791

0.757812 0.331165
0.761719 0.331104

0.761719 0.30793
0.764315 0.308594

0.764295 0.308594
0.765625 0.308934

0.761719 0.331106
0.765625 0.331024

0.765625 0.30893
0.769531 0.309877

0.765625 0.331017
0.769531 0.330921

0.769531 0.309846
0.773438 0.310806

0.769531 0.330909
0.773438 0.330836

0.773438 0.310822
0.777344 0.311823

0.773438 0.330851
0.777344 0.330794

0.777344 0.311848
0.780006 0.3125

0.779979 0.3125
0.78125 0.312811

0.777344 0.330795
0.78125 0.330721

0.78125 0.312805
0.785156 0.313668

0.78125 0.330717
0.785156 0.330633

0.785156 0.313661
0.789062 0.314446

0.785156 0.330633
0.789062 0.330546

0.789062 0.314456
0.792969 0.315156

0.789062 0.330546
0.792969 0.330454

0.792969 0.315162
0.796875 0.315747

0.792969 0.330455
0.796875 0.330355

0.796875 0.315748
0.800781 0.316205

0.796875 0.330357
0.800781 0.330245

0.800781 0.316211
0.803218 0.316406

0.803202 0.316406
0.804688 0.316525

0.800781 0.330246
0.804688 0.330118

0.804688 0.316521
0.808594 0.316686

0.804688 0.330117
0.808594 0.329969

0.808594 0.316678
0.8125 0.316719

0.808594 0.329967
0.8125 0.329807

0.8125 0.316713
0.816406 0.316658

0.8125 0.329804
0.816406 0.329642

0.816406 0.316651
0.820312 0.316524

0.816406 0.329639
0.820312 0.329487

0.824219 0.316341
0.822813 0.316406

0.820312 0.316522
0.82281 0.316406

0.820312 0.329486
0.824219 0.329351

0.824219 0.316333
0.828125 0.31612

0.824219 0.329351
0.828125 0.329235

0.828125 0.316122
0.832031 0.31589

0.828125 0.329234
0.832031 0.32914

0.832031 0.315887
0.835938 0.315637

0.832031 0.32914
0.835938 0.329069

0.835938 0.315637
0.839844 0.315374

0.835938 0.329072
0.839844 0.32902

0.839844 0.315373
0.84375 0.315098

0.839844 0.329023
0.84375 0.32898

0.84375 0.315097
0.847656 0.314813

0.84375 0.328981
0.847656 0.328936

0.847656 0.314812
0.851562 0.314525

0.847656 0.328937
0.851562 0.328884

0.851562 0.314524
0.855469 0.314237

0.851562 0.328885
0.855469 0.328823

0.855469 0.314236
0.859375 0.313956

0.855469 0.328823
0.859375 0.328751

0.859375 0.313955
0.863281 0.313685

0.859375 0.328751
0.863281 0.328668

0.863281 0.313684
0.867188 0.313428

0.863281 0.328668
0.867188 0.328574

0.867188 0.313428
0.871094 0.31319

0.867188 0.328575
0.871094 0.328466

0.871094 0.31319
0.875 0.31297

0.871094 0.328466
0.875 0.328344

0.875 0.312969
0.878906 0.312771

0.875 0.328339
0.878906 0.328213

0.878906 0.312767
0.882812 0.312601

0.882812 0.328103
0.882018 0.328125

0.878906 0.328208
0.881877 0.328125

0.886719 0.312469
0.88588 0.3125

0.882812 0.312611
0.885821 0.3125

0.882812 0.328109
0.886719 0.328009

0.886719 0.312466
0.890625 0.312324

0.886719 0.32802
0.890625 0.32789

0.890625 0.312323
0.894531 0.312189

0.890625 0.327875
0.894531 0.327725

0.894531 0.312187
0.898438 0.312069

0.894531 0.32771
0.898438 0.327601

0.898438 0.312067
0.902344 0.311975

0.898438 0.327603
0.902344 0.327563

0.902344 0.311975
0.90625 0.311912

0.902344 0.327569
0.90625 0.327583

0.90625 0.311917
0.910156 0.31187

0.90625 0.327586
0.910156 0.327639

0.910156 0.311878
0.914062 0.311821

0.910156 0.327641
0.914062 0.327726

0.914062 0.311826
0.917969 0.311734

0.914062 0.327731
0.917969 0.327833

0.917969 0.311731
0.921875 0.311602

0.917969 0.327834
0.921875 0.327941

0.921875 0.311606
0.925781 0.311438

0.921875 0.327931
0.925781 0.328062

0.925781 0.311438
0.929688 0.311219

0.925781 0.328057
0.927292 0.328125

0.927111 0.328125
0.929688 0.32824

0.929688 0.311233
0.933594 0.310937

0.929688 0.328245
0.933594 0.328447

0.933594 0.310952
0.9375 0.31052

0.933594 0.328451
0.9375 0.328656

0.9375 0.310504
0.941406 0.309936

0.9375 0.328648
0.941406 0.328864

0.941406 0.309913
0.945312 0.309285

0.941406 0.328866
0.945312 0.329104

0.949219 0.308538
0.948937 0.308594

0.945312 0.309351
0.949162 0.308594

0.945312 0.32911
0.949219 0.329354

0.949219 0.308588
0.953125 0.307536

0.949219 0.329358
0.953125 0.329588

0.953125 0.30753
0.957031 0.306194

0.953125 0.329583
0.957031 0.3298

0.960938 0.304507
0.960503 0.304688

0.957031 0.306208
0.960689 0.304688

0.957031 0.329799
0.960938 0.330015

0.960938 0.304582
0.964844 0.302644

0.960938 0.33002
0.964844 0.330228

0.96875 0.300247
0.967856 0.300781

0.964844 0.302708
0.968066 0.300781

0.964844 0.330231
0.96875 0.330418

0.96875 0.300348
0.972656 0.297536

0.96875 0.330418
0.972656 0.330577

0.976562 0.294224
0.97345 0.296875

0.972656 0.297544
0.973496 0.296875

0.972656 0.330577
0.976562 0.33071

0.980469 0.290276
0.97787 0.292969

0.976562 0.294227
0.97789 0.292969

0.976562 0.330711
0.980469 0.330813

0.984375 0.285659
0.981578 0.289062

0.980469 0.2903
0.981581 0.289062

0.980469 0.330814
0.984375 0.330883

0.988281 0.280109
0.987556 0.28125

0.987574 0.28125
0.984766 0.285156

0.984375 0.285671
0.984773 0.285156

0.984375 0.330883
0.988281 0.330916

0.992188 0.27353
0.990027 0.277344

0.988281 0.280111
0.990039 0.277344

0.988281 0.330917
0.992188 0.330912

0.996094 0.265379
0.995992 0.265625

0.995998 0.265625
0.99421 0.269531

0.994216 0.269531
0.992231 0.273438

0.992188 0.273528
0.992238 0.273438

0.992188 0.330912
0.996094 0.330867

1 0.255067
0.999065 0.257812

0.999069 0.257812
0.997604 0.261719

0.996094 0.265377
0.997608 0.261719

0.996094 0.330868
1 0.330783

1.00391 0.241311
1.0037 0.242188

1.0037 0.242188
1.0027 0.246094

1.0027 0.246094
1.0016 0.25

1.0016 0.25
1.00039 0.253906

1 0.255061
1.00039 0.253906

1 0.330783
1.00391 0.330656

1.00781 0.220845
1.00754 0.222656

1.00754 0.222656
1.00691 0.226562

1.00691 0.226562
1.00621 0.230469

1.00621 0.230469
1.00545 0.234375

1.00545 0.234375
1.00461 0.238281

1.00391 0.241301
1.00461 0.238281

1.00391 0.330656
1.00781 0.330489

1.01172 0.181811
1.0116 0.183594

1.0116 0.183594
1.01133 0.1875

1.01133 0.1875
1.01104 0.191406

1.01104 0.191406
1.01072 0.195312

1.01072 0.195312
1.01038 0.199219

1.01038 0.199219
1.01 0.203125

1.01 0.203125
1.00959 0.207031

1.00959 0.207031
1.00914 0.210938

1.00914 0.210938
1.00866 0.214844

1.00866 0.214844
1.00812 0.21875

1.00781 0.220833
1.00812 0.21875

1.00781 0.330489
1.01172 0.330279

1.01562 0.0586509
1.01556 0.0625

1.01556 0.0625
1.0155 0.0664062

1.0155 0.0664062
1.01543 0.0703125

1.01543 0.0703125
1.01535 0.0742188

1.01535 0.0742188
1.01528 0.078125

1.01528 0.078125
1.0152 0.0820312

1.0152 0.0820312
1.01512 0.0859375

1.01512 0.0859375
1.01503 0.0898438

1.01503 0.0898438
1.01494 0.09375

1.01494 0.09375
1.01485 0.0976562

1.01485 0.0976562
1.01476 0.101562

1.01476 0.101562
1.01466 0.105469

1.01466 0.105469
1.01456 0.109375

1.01456 0.109375
1.01446 0.113281

1.01446 0.113281
1.01435 0.117188

1.01435 0.117188
1.01424 0.121094

1.01424 0.121094
1.01413 0.125

1.01413 0.125
1.01401 0.128906

1.01401 0.128906
1.01389 0.132812

1.01389 0.132812
1.01377 0.136719

1.01377 0.136719
1.01363 0.140625

1.01364 0.140625
1.0135 0.144531

1.0135 0.144531
1.01335 0.148438

1.01335 0.148438
1.0132 0.152344

1.0132 0.152344
1.01304 0.15625

1.01304 0.15625
1.01288 0.160156

1.01288 0.160156
1.0127 0.164062

1.0127 0.164062
1.01251 0.167969

1.01251 0.167969
1.0123 0.171875

1.01231 0.171875
1.01209 0.175781

1.01209 0.175781
1.01185 0.179688

1.01172 0.181796
1.01185 0.179688

1.01172 0.33028
1.01562 0.330029

1.0161 0
1.0161 0.00390625

1.0161 0.00390625
1.01609 0.0078125

1.01609 0.0078125
1.01608 0.0117188

1.01608 0.0117188
1.01607 0.015625

1.01607 0.015625
1.01605 0.0195312

1.01605 0.0195312
1.01602 0.0234375

1.01602 0.0234375
1.01599 0.0273438

1.01599 0.0273438
1.01596 0.03125

1.01596 0.03125
1.01593 0.0351562

1.01593 0.0351562
1.01589 0.0390625

1.01589 0.0390625
1.01584 0.0429688

1.01584 0.0429688
1.01579 0.046875

1.01579 0.046875
1.01574 0.0507812

1.01574 0.0507812
1.01569 0.0546875

1.01569 0.0546875
1.01563 0.0585938

1.01562 0.0586502
1.01563 0.0585938

1.01562 0.330029
1.01953 0.329737

1.01953 0.329737
1.02344 0.329405

1.02344 0.329405
1.02734 0.32903

1.02734 0.329029
1.03125 0.328614

1.03125 0.328614
1.03516 0.328158

1.03906 0.327662
1.03543 0.328125

1.03516 0.32816
1.03543 0.328125

1.03906 0.327661
1.04297 0.327121

1.04297 0.327121
1.04688 0.326538

1.04688 0.326537
1.05078 0.325913

1.05078 0.325913
1.05469 0.325252

1.05469 0.325252
1.05859 0.324554

1.0625 0.323815
1.06037 0.324219

1.05859 0.324556
1.06037 0.324219

1.0625 0.323816
1.06641 0.323033

1.06641 0.323033
1.07031 0.32221

1.07031 0.322209
1.07422 0.321349

1.07422 0.32135
1.07812 0.320454

1.08203 0.319517
1.07872 0.320312

1.07812 0.320455
1.07872 0.320312

1.08203 0.319516
1.08594 0.318534

1.08594 0.318533
1.08984 0.317514

1.08984 0.317516
1.09375 0.316461

1.09766 0.315365
1.09395 0.316406

1.09375 0.316462
1.09395 0.316406

1.09766 0.315361
1.10156 0.314219

1.10156 0.31422
1.10547 0.313043

1.10938 0.311829
1.10723 0.3125

1.10547 0.313046
1.10722 0.3125

1.10938 0.311825
1.11328 0.310561

1.11328 0.31056
1.11719 0.30926

1.12109 0.307922
1.11914 0.308594

1.11719 0.309263
1.11913 0.308594

1.12109 0.307917
1.125 0.306527

1.125 0.306525
1.12891 0.305098

1.13281 0.30363
1.13001 0.304688

1.12891 0.305102
1.13 0.304688

1.13281 0.303623
1.13672 0.302103

1.14062 0.300549
1.14004 0.300781

1.13672 0.302106
1.14003 0.300781

1.14062 0.300546
1.14453 0.298935

1.14453 0.298931
1.14844 0.297277

1.15234 0.295581
1.14938 0.296875

1.14844 0.297281
1.14937 0.296875

1.15234 0.295572
1.15625 0.293822

1.16016 0.292033
1.15813 0.292969

1.15625 0.293827
1.15811 0.292969

1.16016 0.292022
1.16406 0.290171

1.16797 0.288283
1.16637 0.289062

1.16406 0.290176
1.16635 0.289062

1.16797 0.28827
1.17188 0.286315

1.17578 0.284322
1.17416 0.285156

1.17188 0.28632
1.17414 0.285156

1.17578 0.284307
1.17969 0.282244

1.18359 0.28014
1.18155 0.28125

1.17969 0.282249
1.18153 0.28125

1.18359 0.280125
1.1875 0.277947

1.19141 0.275724
1.18858 0.277344

1.1875 0.277951
1.18856 0.277344

1.19531 0.273418
1.19528 0.273438

1.19141 0.275717
1.19528 0.273438

1.19531 0.273417
1.19922 0.27106

1.20312 0.26865
1.20171 0.269531

1.19922 0.271058
1.20168 0.269531

1.20312 0.268632
1.20703 0.266139

1.21094 0.263588
1.20783 0.265625

1.20703 0.266132
1.20782 0.265625

1.21484 0.260976
1.21373 0.261719

1.21094 0.263582
1.2137 0.261719

1.21484 0.260952
1.21875 0.258246

1.22266 0.255471
1.21936 0.257812

1.21875 0.258237
1.21936 0.257812

1.22656 0.252628
1.22481 0.253906

1.22266 0.255461
1.22479 0.253906

1.23047 0.249696
1.23007 0.25

1.22656 0.25261
1.23003 0.25

1.23047 0.24967
1.23438 0.246643

1.23828 0.243533
1.23507 0.246094

1.23438 0.246633
1.23506 0.246094

1.24219 0.240341
1.23992 0.242188

1.23828 0.243511
1.23993 0.242188

1.24609 0.237045
1.24463 0.238281

1.24219 0.240305
1.24461 0.238281

1.25 0.233645
1.24917 0.234375

1.24609 0.237016
1.24913 0.234375

1.25391 0.23014
1.25354 0.230469

1.25 0.23362
1.25351 0.230469

1.25781 0.226511
1.25776 0.226562

1.25391 0.230114
1.25774 0.226562

1.25781 0.226496
1.26172 0.222761

1.26562 0.218904
1.26183 0.222656

1.26172 0.222748
1.26181 0.222656

1.26953 0.214917
1.26578 0.21875

1.26562 0.218891
1.26577 0.21875

1.27344 0.210812
1.27332 0.210938

1.2733 0.210938
1.2696 0.214844

1.26953 0.214902
1.26959 0.214844

1.27734 0.206534
1.2769 0.207031

1.27344 0.210787
1.27688 0.207031

1.28125 0.2021
1.28036 0.203125

1.27734 0.206512
1.28035 0.203125

1.28516 0.197495
1.28373 0.199219

1.28125 0.202088
1.28371 0.199219

1.28906 0.192731
1.28698 0.195312

1.28516 0.197504
1.28695 0.195312

1.29297 0.187778
1.29013 0.191406

1.28906 0.19273
1.29011 0.191406

1.29688 0.182611
1.29616 0.183594

1.29614 0.183594
1.29318 0.1875

1.29297 0.187765
1.29317 0.1875

1.30078 0.177208
1.29902 0.179688

1.29688 0.182589
1.29901 0.179688

1.30469 0.171588
1.3045 0.171875

1.30448 0.171875
1.30179 0.175781

1.30078 0.177201
1.30178 0.175781

1.30859 0.165648
1.30709 0.167969

1.30469 0.171559
1.30708 0.167969

1.3125 0.159438
1.31207 0.160156

1.31205 0.160156
1.30961 0.164062

1.30859 0.165629
1.3096 0.164062

1.31641 0.152855
1.31442 0.15625

1.3125 0.159408
1.31441 0.15625

1.32031 0.145896
1.31892 0.148438

1.31891 0.148438
1.3167 0.152344

1.31641 0.152844
1.3167 0.152344

1.32422 0.138488
1.32313 0.140625

1.32312 0.140625
1.32105 0.144531

1.32031 0.145879
1.32105 0.144531

1.32812 0.13055
1.32705 0.132812

1.32704 0.132812
1.32511 0.136719

1.32422 0.138469
1.32511 0.136719

1.33203 0.121984
1.3307 0.125

1.33069 0.125
1.3289 0.128906

1.32812 0.130535
1.3289 0.128906

1.33594 0.11266
1.33569 0.113281

1.33568 0.113281
1.33408 0.117188

1.33408 0.117188
1.33242 0.121094

1.33203 0.121972
1.33242 0.121094

1.33984 0.102309
1.3387 0.105469

1.3387 0.105469
1.33722 0.109375

1.33594 0.112636
1.33722 0.109375

1.34375 0.0906512
1.34277 0.09375

1.34276 0.09375
1.34147 0.0976562

1.34147 0.0976562
1.34011 0.101562

1.33984 0.102301
1.34011 0.101562

1.34766 0.0770716
1.34738 0.078125

1.34738 0.078125
1.34631 0.0820312

1.34631 0.0820312
1.34518 0.0859375

1.34518 0.0859375
1.344 0.0898438

1.34375 0.090644
1.344 0.0898438

1.35156 0.0602526
1.3511 0.0625

1.3511 0.0625
1.35025 0.0664062

1.35025 0.0664062
1.34935 0.0703125

1.34935 0.0703125
1.34839 0.0742188

1.34766 0.0770546
1.34839 0.0742188

1.35547 0.035974
1.35509 0.0390625

1.35509 0.0390625
1.35455 0.0429688

1.35455 0.0429688
1.35397 0.046875

1.35397 0.046875
1.35333 0.0507812

1.35333 0.0507812
1.35264 0.0546875

1.35264 0.0546875
1.3519 0.0585938

1.35156 0.0602399
1.3519 0.0585938

1.35761 0
1.35759 0.00390625

1.35759 0.00390625
1.35751 0.0078125

1.35751 0.0078125
1.35739 0.0117188

1.35739 0.0117188
1.35721 0.015625

1.35721 0.015625
1.35698 0.0195312

1.35698 0.0195312
1.35671 0.0234375

1.35671 0.0234375
1.35638 0.0273438

1.35638 0.0273438
1.356 0.03125

1.356 0.03125
1.35557 0.0351562

1.35547 0.0359602
1.35557 0.0351562

