t sb -1 xb vb dt perf.t perf.speed
0 0 -1 0.5 0 0.000202385 0 0 
0.000202385 0 -1 0.5 0.000260095 0.000202385 0.003939 259964 1 31.36 168.75 0.185837 4 
0.00491164 -3.26861e-06 -1 0.5 0.00281817 0.00470926 0.016348 125275 12 121.873 3.59845 1.34117 6 5 118.749 17.6082 1.46482 6 2 0.0298694 6.29409e-06 68.8885 3 
0.0137207 -2.20542e-05 -1 0.500023 0.00824285 0.00880908 0.025515 120400 5 23.1894 1.12176 1.83264 6 6 106.587 4.83968 1.67423 7 3 0.0520457 7.06632e-05 9.03089 2 
0.0262156 -3.78028e-05 -1 0.500123 0.0158789 0.0124949 0.031916 128337 2 12.6226 0.440153 5.35517 6 5 13.3678 1.93936 1.47123 8 6 0.121841 3.13318e-05 3.96553 2 
0.0421182 -3.88834e-05 -1 0.500371 0.0252742 0.0159026 0.037511 136493 2 12.9577 0.262207 7.02977 6 3 4.75339 1.13178 1.61342 9 7 0.223958 5.54338e-05 3.27491 2 
0.061079 -2.25779e-05 -1 0.500843 0.0360308 0.0189608 0.044222 138935 5 28.6069 0.248362 2.58391 6 2 4.55728 0.70176 2.54835 10 8 0.421669 7.9944e-05 2.91926 2 
0.0828488 -9.44817e-06 -1 0.50162 0.0481603 0.0217698 0.050241 142672 2 56.821 0.17666 17.9343 6 2 12.7743 0.155848 9.05355 10 10 0.720213 5.37749e-05 2.58636 2 
0.107158 -2.8715e-06 -1 0.502786 0.0613427 0.0243096 0.057317 142924 3 69.3506 0.0877504 9.24557 5 2 19.2865 0.241089 8.94413 10 12 1.01559 9.19891e-05 2.17228 2 
0.133698 -1.57752e-06 -1 0.504412 0.0753238 0.0265398 0.069392 132811 4 100.843 0.0528196 6.61017 4 2 29.7581 0.358665 9.10874 10 28 1.25233 9.54047e-05 1.40306 2 
0.162361 1.76848e-06 -1 0.506575 0.0899233 0.028663 0.086017 119046 9 158.427 0.11936 2.22329 5 3 49.2895 0.287244 5.55693 9 28 3.72674 7.17806e-05 1.47368 3 
0.192873 7.94866e-06 -1 0.509334 0.104915 0.0305122 0.09878 114031 9 79.2162 0.097584 2.10509 6 3 24.8999 0.396712 3.97412 9 14 5.53739 3.96654e-05 2.33073 4 
0.225139 1.37682e-05 -1 0.512744 0.120131 0.0322658 0.439246 27975.2 9 151.466 0.0892192 2.28493 6 100 44.3556 0.431353 1.04742 100 11 5.0316 5.0115e-05 2.84907 4 
0.258979 1.99562e-05 -1 0.516843 0.13536 0.0338398 1.04486 12740.4 9 207.379 0.0776894 2.40277 6 100 72.2659 0.438711 1.05237 100 12 4.37506 6.57848e-05 2.52293 4 
0.29412 2.61765e-05 -1 0.521637 0.150364 0.0351413 1.65249 8675.41 9 150.381 0.0781642 2.31691 6 100 77.832 0.391488 1.05435 100 10 8.14581 6.1249e-05 3.25374 4 
0.329724 3.32736e-05 -1 0.527011 0.164672 0.0356037 1.66659 9216.44 9 241.253 0.0768233 2.44655 7 1 78.5614 0.27803 282.564 100 7 4.02121 8.14167e-05 4.68296 4 
0.365809 4.22368e-05 -1 0.532888 0.178075 0.0360848 1.68703 9711.76 9 505.609 0.06213 2.71958 7 2 221.879 0.245725 30.0492 99 7 4.27955 3.17043e-05 5.40626 4 
0.401894 4.8992e-05 -1 0.539325 0.190357 0.0360848 2.29407 7588.25 13 1029.4 0.0627263 2.1098 6 100 443.478 0.46316 1.07105 100 8 8.74937 3.33029e-05 4.75814 3 
0.435635 5.23513e-05 -1 0.545789 0.200926 0.0337416 2.89871 6358.7 12 378.28 0.0731782 2.03917 6 100 113.462 0.453693 1.05677 100 7 9.79941 7.49115e-05 5.38208 3 
0.46769 5.60927e-05 -1 0.552268 0.209939 0.0320546 3.51399 5536.72 12 291.841 0.0772667 1.98653 6 100 175.696 0.549103 1.05938 100 12 5.71791 8.90047e-05 2.51566 3 
0.498572 6.02862e-05 -1 0.558692 0.217583 0.0308818 4.13041 4958.35 10 271.528 0.0910945 2.22552 6 100 175.566 0.649075 1.0576 100 17 5.55667 8.52841e-05 1.91943 3 
0.528709 6.64445e-05 -1 0.56523 0.224192 0.0301377 4.74916 4527.96 7 445.311 0.107451 3.28684 6 100 182.098 0.895527 1.05459 100 17 6.47314 5.57291e-05 1.98583 3 
0.558129 7.60029e-05 -1 0.571824 0.229914 0.0294201 5.36344 4200.29 4 1247.81 0.101685 10.525 5 100 568.562 0.522128 1.07243 100 19 4.23417 9.76059e-05 1.75416 3 
0.586857 9.90458e-05 -1 0.57838 0.234293 0.0287279 5.38082 4377.03 8 366.004 0.0882694 2.83276 5 1 168.794 0.427311 395.015 100 17 9.31888 4.97293e-05 2.0425 4 
0.615247 0.000118771 -1 0.585016 0.237972 0.0283899 6.00446 4092.95 7 573.573 0.110424 3.3946 4 100 237.855 1.0809 1.05542 100 15 6.02772 5.2923e-05 2.1732 4 
0.643637 0.00013905 -1 0.591824 0.240906 0.0283899 6.6215 3866.19 7 248.928 0.11562 2.99329 4 100 180.124 0.97132 1.05362 100 12 5.96042 7.42854e-05 2.5627 4 
0.671689 0.000159034 -1 0.598448 0.243052 0.0280519 7.24238 3676.14 7 469.088 0.112479 3.28979 4 100 154.703 0.858033 1.05332 100 8 4.29004 9.7509e-05 3.80563 4 
0.699741 0.0001787 -1 0.605195 0.244591 0.0280519 7.84756 3523.13 10 815.819 0.121282 2.41424 4 100 367.231 0.644853 1.0655 100 8 5.3304 4.86307e-05 4.26561 4 
0.727793 0.000193412 -1 0.612128 0.245624 0.0280519 7.86867 3643.82 13 1008.92 0.103611 2.02677 6 2 431.169 0.494397 29.5315 99 8 9.28029 3.11905e-05 4.83273 4 
0.755845 0.000197704 -1 0.618856 0.245849 0.0280519 8.47529 3503.83 8 516.141 0.115819 2.8584 6 100 191.178 0.718321 1.05743 100 8 7.78338 3.69914e-05 4.62789 4 
0.784252 0.00020377 -1 0.625792 0.245749 0.028407 9.08033 3383.14 8 276.149 0.117363 2.63907 7 100 216.091 0.67116 1.05944 100 8 5.66185 4.56106e-05 4.33248 4 
0.812659 0.000210819 -1 0.632772 0.245366 0.028407 9.09362 3490.8 6 461.95 0.117944 3.97027 6 1 162.721 0.478691 339.929 100 8 7.29612 2.21099e-05 4.89568 4 
0.841066 0.000222073 -1 0.639631 0.244664 0.028407 9.10605 3598.49 6 453.716 0.114908 3.97563 5 1 197.439 0.364592 541.534 100 7 4.44427 5.15722e-05 5.07055 4 
0.869852 0.000239568 -1 0.646595 0.243329 0.0287858 9.12262 3704.2 13 1614.55 0.101756 2.10433 5 1 721.451 0.224384 3215.26 100 11 6.62253 4.59642e-05 2.94418 4 
0.898638 0.000245367 -1 0.653491 0.241846 0.0287858 9.73094 3577.87 10 587.864 0.105178 2.36993 5 100 201.754 0.640807 1.05921 100 12 8.82569 7.37641e-05 2.64947 4 
0.927823 0.000250775 -1 0.660536 0.240143 0.0291856 10.3354 3467.71 12 273.435 0.105593 1.92502 4 100 233.643 0.585608 1.06172 100 11 9.56677 9.67088e-05 2.84523 4 
0.957009 0.000256078 -1 0.667449 0.238508 0.0291856 10.9429 3368.75 12 527.601 0.116957 2.01615 4 100 202.468 0.610264 1.05976 100 8 5.46428 5.07524e-05 4.25608 4 
0.986617 0.000262677 -1 0.674428 0.236606 0.0296086 10.9629 3456.01 12 400.78 0.0899383 2.0141 5 2 219.783 0.449216 22.1192 99 7 5.45235 2.63715e-05 5.74579 4 
1.01623 0.000268451 -1 0.681337 0.234464 0.0296086 10.9787 3544.33 13 1840.09 0.0994663 2.12933 5 1 841.504 0.40601 2072.62 99 10 7.28729 6.23585e-05 3.21194 3 
1.04628 0.000271529 -1 0.68828 0.232107 0.0300572 11.5837 3447.62 13 626.29 0.0962742 1.96484 5 100 227.487 0.521952 1.06266 100 10 9.24813 6.17724e-05 3.2925 3 
1.07634 0.000274875 -1 0.695187 0.229855 0.0300572 12.1954 3358.64 12 328.049 0.104949 1.95545 5 100 284.522 0.490486 1.0657 100 19 12.9487 8.42529e-05 1.87491 2 
1.10687 0.00027954 -1 0.702097 0.227575 0.0305343 12.8021 3279.46 10 627.213 0.0968635 2.40506 5 100 287.729 0.665981 1.06256 100 14 6.44269 8.55653e-05 2.23018 3 
1.13741 0.000285859 -1 0.708946 0.225535 0.0305343 12.8161 3355.78 9 703.981 0.0846125 2.72627 4 1 332.942 0.155576 2140.06 100 14 8.87228 8.34963e-05 2.28574 2 
1.16845 0.000296947 -1 0.715865 0.223407 0.0310432 12.8344 3430.77 9 1149.45 0.0645061 2.96702 5 1 504.85 0.0643042 7850.97 100 19 13.9886 7.66639e-05 1.89193 4 
1.1995 0.000305735 -1 0.722739 0.221435 0.0310432 12.8506 3506.13 7 718.935 0.0753958 3.70235 5 1 296.118 0.241959 1223.83 100 15 16.4581 8.60256e-05 2.24966 4 
1.23054 0.000319345 -1 0.729554 0.219518 0.0310432 12.8648 3581.87 6 403.775 0.0876632 4.079 5 1 316.752 0.377146 839.865 100 11 17.3278 5.61237e-05 3.1554 4 
1.26158 0.000336978 -1 0.736206 0.217784 0.0310432 13.4735 3496.04 6 523.82 0.0952007 4.20169 5 100 231.012 0.616402 1.06105 100 20 21.5764 7.24919e-05 1.87795 3 
1.29262 0.000357372 -1 0.742886 0.216157 0.0310432 13.4887 3568.04 11 1201.32 0.0897955 2.37207 4 1 608.686 0.0868615 7007.55 100 12 18.7556 3.92555e-05 2.97351 3 
1.32311 0.000365183 -1 0.749399 0.214675 0.0304888 13.5093 3638.39 12 591.678 0.088802 2.08276 4 1 347.265 0.103346 3360.22 100 32 19.6543 8.25321e-05 1.4724 2 
1.35306 0.000368906 -1 0.755782 0.213397 0.0299444 13.5294 3708.66 13 463.453 0.0863422 1.936 5 1 549.679 0.228643 2404.09 100 29 20.4234 8.45067e-05 1.53331 2 
1.38195 0.000372669 -1 0.761908 0.212482 0.0288937 13.5445 3780.13 10 472.986 0.106483 2.3161 5 1 285.817 0.237773 1202.06 100 15 22.2545 8.16421e-05 2.30339 2 
1.40848 0.000378163 -1 0.767525 0.211973 0.0265254 13.5582 3851.84 8 537.318 0.102592 2.91669 5 1 342.192 0.278587 1228.31 100 12 21.5329 5.8128e-05 2.91112 2 
1.43545 0.00038554 -1 0.773123 0.211324 0.026975 13.578 3921.64 9 964.237 0.110432 2.74093 4 1 604.353 0.198974 3037.35 100 33 30.2436 9.84354e-05 1.46652 2 
1.4611 0.000393393 -1 0.778516 0.210724 0.0256483 13.6046 3989.24 12 637.265 0.138968 2.01891 4 1 391.354 0.423166 924.822 100 42 31.9549 7.78261e-05 1.36036 3 
1.48592 0.00039655 -1 0.783722 0.210176 0.024821 13.6239 4058.75 8 527.781 0.126152 2.83593 4 1 420.505 0.181042 2322.69 100 26 27.5422 6.61553e-05 1.64487 3 
1.51116 0.000400781 -1 0.789012 0.209709 0.0252346 13.6431 4128.1 9 439.249 0.12823 2.47028 4 1 639.234 0.425006 1504.06 100 25 29.0259 8.35038e-05 1.66588 3 
1.53639 0.000405046 -1 0.794222 0.209494 0.0252346 13.6643 4196.63 9 472.286 0.13275 2.4807 4 2 408.03 0.579124 26.5436 99 15 31.9628 5.3055e-05 2.42844 3 
1.55962 0.000409454 -1 0.799047 0.209522 0.0232319 13.6779 4267.31 9 820.845 0.166427 2.57239 4 1 777.725 0.101237 7682.2 99 11 29.3786 7.16235e-05 3.23795 3 
1.58285 0.000414167 -1 0.803845 0.209459 0.0232319 13.6943 4337 9 890.989 0.138756 2.64892 5 1 658.89 0.297474 2214.95 99 22 30.6845 8.47078e-05 1.78929 2 
1.60609 0.000419117 -1 0.808728 0.209115 0.0232319 13.7106 4406.53 11 639.834 0.170771 2.11289 4 1 563.978 0.570142 989.189 99 19 34.7397 8.96661e-05 1.96841 2 
1.62932 0.000421624 -1 0.813573 0.208815 0.0232319 13.7331 4473.86 10 836.103 0.162499 2.3504 4 2 822.796 0.130972 79.2606 98 22 35.0772 6.25755e-05 1.82516 2 
1.65009 0.000424103 -1 0.81791 0.20888 0.0207679 13.752 4542.18 9 956.741 0.184928 2.58609 4 2 750.941 0.823612 30.1955 97 10 19.8172 6.80754e-05 3.51889 3 
1.67085 0.000427176 -1 0.822207 0.208765 0.0207679 13.7708 4610.34 5 928.71 0.218169 5.31885 3 2 778.125 0.759093 32.0168 96 13 23.2884 4.30693e-05 2.76056 3 
1.69162 0.000432944 -1 0.826525 0.208633 0.0207679 13.7851 4679.83 11 704.288 0.178296 2.12307 4 1 596.106 0.551105 1081.66 96 13 19.7647 7.73704e-05 2.60584 3 
1.71272 0.00043827 -1 0.830872 0.208413 0.0211029 13.7995 4749.17 7 991.398 0.175433 3.43573 3 1 1015.89 0.446398 2275.76 96 15 17.8779 7.2778e-05 2.28747 3 
1.73086 0.000446277 -1 0.834636 0.208535 0.0181306 13.8129 4818.68 8 789.671 0.196496 2.8217 3 1 865.966 0.143167 6048.64 96 13 20.3534 9.2062e-05 2.57703 3 
1.74899 0.000455197 -1 0.83841 0.208449 0.0181306 13.8287 4887.23 5 582.866 0.281391 4.60523 2 1 577.401 0.28369 2035.32 96 21 27.2072 9.61164e-05 1.81808 3 
1.76712 0.00047116 -1 0.842199 0.208377 0.0181306 13.8457 4955.17 8 888.285 0.298901 2.71724 2 1 668.943 0.541825 1234.61 96 23 34.3846 8.91698e-05 1.74935 3 
1.78525 0.000483506 -1 0.845941 0.208375 0.0181306 13.8713 5019.87 7 952.108 0.257491 3.23373 2 2 1240.26 0.712198 41.7308 95 31 44.9224 7.64075e-05 1.535 3 
1.80338 0.000495937 -1 0.849705 0.208413 0.0181306 13.8881 5087.53 7 522.181 0.246971 2.98556 2 1 649.48 0.833949 778.801 95 23 52.4035 8.66872e-05 1.78388 3 
1.82047 0.000507805 -1 0.853233 0.208574 0.0170946 13.9016 5156.25 6 611.649 0.189317 3.8449 2 1 578.467 0.594511 973.013 95 15 51.0537 5.82843e-05 2.4898 3 
1.83757 0.000516511 -1 0.856785 0.2086 0.0170946 13.9154 5224.72 6 582.562 0.245561 3.652 2 1 891.814 0.180944 4928.67 95 16 53.119 5.3308e-05 2.37085 3 
1.85349 0.00052633 -1 0.860073 0.208857 0.0159237 13.9293 5293.03 6 549.759 0.33667 3.43158 2 1 753.781 0.355966 2117.57 95 16 54.8746 4.94662e-05 2.3868 3 
1.86858 0.000532762 -1 0.863202 0.208901 0.0150856 13.9424 5361.5 6 584.684 0.388902 3.38465 2 1 677.241 0.456711 1482.87 95 14 55.8984 8.67131e-05 2.59987 3 
1.88346 0.000541236 -1 0.866298 0.208797 0.0148872 13.9555 5429.84 6 665.077 0.438342 3.38982 2 1 676.847 0.549827 1231.02 95 14 59.2445 4.84676e-05 2.72145 3 
1.89855 0.000550956 -1 0.86947 0.208557 0.0150883 13.9696 5497.64 10 939.735 0.327631 2.21698 3 1 1137.88 0.489425 2324.93 95 14 64.4549 5.47034e-05 2.71431 3 
1.91407 0.00055557 -1 0.872723 0.208233 0.0155134 13.9828 5565.7 5 692.227 0.38237 4.48284 3 1 1011.26 1.57866 640.581 95 14 70.4982 8.79442e-05 2.64066 3 
1.9298 0.000562153 -1 0.876032 0.207964 0.0157382 13.997 5633.21 7 765.685 0.373226 2.97272 3 1 785.162 1.58465 495.48 95 15 75.1889 4.63238e-05 2.59432 3 
1.94531 0.000567494 -1 0.879252 0.207828 0.0155101 14.0164 5698.47 8 1273.43 0.360568 2.7765 3 2 1480.3 1.59992 30.4177 94 14 77.2395 9.85185e-05 2.63647 3 
1.95957 0.000572391 -1 0.882213 0.20771 0.0142525 14.0293 5766.21 8 1414.39 0.379265 2.79546 3 1 1392.42 0.867436 1605.21 94 12 70.4322 4.85138e-05 3.26206 3 
1.97382 0.000579264 -1 0.88515 0.207174 0.0142525 14.0419 5833.98 7 2004.81 0.45014 3.32083 2 1 1495.42 1.46734 1019.14 94 12 75.6567 4.36242e-05 3.31075 3 
1.98827 0.000590424 -1 0.888128 0.206211 0.0144533 14.0547 5901.51 8 1642.94 0.393251 2.83543 3 1 1518.23 1.89718 800.253 94 12 71.3268 3.76866e-05 3.33495 3 
2.00337 0.000600008 -1 0.891203 0.204827 0.0151004 14.0725 5966.8 5 2199.73 0.391051 5.62376 2 2 1579.94 0.330365 69.1549 93 12 77.343 4.22353e-05 3.3258 3 
2.01894 0.000609163 -1 0.894365 0.203408 0.0155723 14.0853 6034.09 8 2278.24 0.212628 3.18968 3 1 1766.9 1.37954 1280.79 93 12 78.0319 4.77135e-05 3.2946 3 
2.03477 0.000611877 -1 0.897562 0.202153 0.0158235 14.0982 6101.19 10 1388.24 0.396734 2.2615 2 1 1326.7 1.11298 1192.02 93 11 61.2605 3.56948e-05 3.6879 3 
2.05086 0.000608668 -1 0.900821 0.20117 0.0160872 14.1124 6167.62 9 2555.48 0.384853 2.6588 3 1 2348.69 0.192107 12225.9 93 15 59.0614 5.18449e-05 2.53381 3 
2.06694 0.000604903 -1 0.904052 0.20042 0.0160872 14.1266 6233.93 10 2852.44 0.301467 2.49803 3 1 2759.98 1.10292 2502.43 93 14 57.4945 7.09759e-05 2.64263 3 
2.08303 0.000604487 -1 0.907295 0.199905 0.0160872 14.1413 6299.86 11 2164.28 0.341754 2.21615 3 1 2373.98 1.02745 2310.55 93 15 48.3388 9.33355e-05 2.40409 3 
2.0997 0.000606295 -1 0.910633 0.199478 0.0166722 14.1605 6363.63 9 1074.36 0.294763 2.48738 3 2 1237.62 0.84454 38.281 92 13 33.6094 7.79512e-05 2.7129 3 
2.11735 0.000609828 -1 0.914162 0.199072 0.0176529 14.179 6427.53 10 775.573 0.275504 2.21284 3 2 714.989 0.479694 38.6071 91 11 37.4495 8.89327e-05 3.24569 3 
2.13537 0.000614429 -1 0.917709 0.198813 0.0180132 14.1911 6494.21 7 1186.92 0.210887 3.43374 4 1 1092.22 0.502026 2175.63 91 10 37.8961 8.00163e-05 3.69438 3 
2.15376 0.000619751 -1 0.921323 0.198738 0.0183964 14.2033 6560.75 7 1131.46 0.216293 3.39804 4 1 1270.31 0.604824 2100.3 91 10 38.58 5.93957e-05 3.81295 3 
2.17216 0.00062618 -1 0.924919 0.198697 0.0183964 14.216 6626.9 9 1086.61 0.235737 2.55312 4 1 1195.67 0.328132 3643.88 91 10 37.5821 2.96311e-05 4.07684 3 
2.19056 0.000631007 -1 0.928561 0.198419 0.0183964 14.2279 6693.33 10 991.39 0.273914 2.26915 4 1 1188.81 0.416715 2852.81 91 7 21.2972 4.33006e-05 6.50307 3 
2.20938 0.000635051 -1 0.932281 0.197919 0.0188242 14.2477 6755.91 6 773.447 0.257825 3.79767 4 2 1028.01 0.61299 40.9517 90 20 10.8192 6.71695e-05 1.82117 2 
2.22866 0.000640601 -1 0.936104 0.197501 0.0192834 14.2653 6819.34 5 472.656 0.121597 5.22305 4 2 439.169 0.674188 25.5226 89 15 11.5107 8.09338e-05 2.20562 2 
2.24896 0.000646529 -1 0.940112 0.197205 0.0202983 14.2793 6884.37 6 641.611 0.15659 4.00023 3 1 585.371 0.78248 748.097 89 20 17.9489 8.26421e-05 1.8486 2 
2.26926 0.000650495 -1 0.944134 0.197135 0.0202983 14.2976 6947.2 8 873.442 0.184173 2.88072 3 1 809.381 0.506661 1597.48 89 33 25.5456 8.27785e-05 1.46671 2 
2.28956 0.000656458 -1 0.948155 0.196988 0.0202983 14.3102 7012.63 8 1241.38 0.225805 2.93441 3 1 1247.49 0.329978 3780.53 89 14 16.683 5.43965e-05 2.46551 2 
2.30986 0.000664883 -1 0.952137 0.196806 0.0202983 14.3245 7077.08 8 922.696 0.194451 2.88092 3 1 1071.93 0.783244 1368.58 89 20 13.7297 8.66443e-05 1.81968 2 
2.33077 0.000674211 -1 0.956212 0.196455 0.0209134 14.3393 7141.24 8 1027.47 0.173191 2.96248 3 1 711.541 0.52943 1343.98 89 17 12.5348 7.04451e-05 2.03629 3 
2.35236 0.000682959 -1 0.960431 0.196039 0.021588 14.3586 7202.91 8 499.689 0.146957 2.76337 3 1 420.701 0.588675 714.658 89 29 11.2413 6.79293e-05 1.51341 3 
2.37395 0.000691281 -1 0.964636 0.195713 0.021588 14.3804 7263.2 8 697.716 0.185641 2.79818 3 1 526.017 0.193476 2718.77 89 36 11.5383 9.61601e-05 1.38384 3 
2.39482 0.000701324 -1 0.968711 0.195637 0.0208684 14.3959 7326.53 5 613.339 0.226778 4.85758 3 1 727.808 0.704439 1033.18 89 21 14.9006 6.36525e-05 1.80171 3 
2.41568 0.000713549 -1 0.972787 0.195595 0.0208684 14.4099 7390.46 9 1037.54 0.201508 2.58471 3 1 992.933 0.157643 6298.62 89 15 14.9501 6.82565e-05 2.27004 3 
2.43655 0.000723943 -1 0.976889 0.195621 0.0208684 14.4225 7455.01 7 1029.59 0.18784 3.42078 3 1 1042.45 0.313668 3323.43 89 12 13.471 7.83129e-05 2.73085 3 
2.45822 0.000733097 -1 0.98116 0.19569 0.021671 14.4431 7515.26 7 838.153 0.200984 3.28977 3 1 763.866 0.156974 4866.19 89 41 14.3586 8.34526e-05 1.34184 2 
2.4808 0.000743711 -1 0.985599 0.195616 0.022574 14.4593 7577.66 9 1041.78 0.163784 2.64613 4 1 494.997 0.0991998 4989.9 89 24 14.2526 8.48828e-05 1.65086 2 
2.50337 0.000748312 -1 0.989946 0.195558 0.022574 14.4776 7638.81 10 452.701 0.151522 2.22604 4 1 315.685 0.253571 1244.96 89 30 13.8697 9.73622e-05 1.48521 2 
2.52595 0.000752845 -1 0.994315 0.195486 0.022574 14.4916 7702.12 7 449.19 0.163599 3.0991 4 1 553.745 0.647091 855.745 89 19 19.2304 9.82647e-05 1.89891 2 
2.54749 0.000760568 -1 0.998485 0.195613 0.0215479 14.5041 7766.07 8 767.125 0.203273 2.79961 3 1 588.701 0.29021 2028.53 89 13 19.8043 8.13757e-05 2.59614 2 
2.56904 0.000767571 -1 1.00268 0.195728 0.0215479 14.5164 7830.05 8 860.675 0.18322 2.87729 3 1 788.147 0.135713 5807.45 89 13 18.3954 4.26855e-05 2.7128 2 
2.59172 0.000775393 -1 1.00713 0.195828 0.022682 14.5291 7893.65 10 819.813 0.177148 2.32562 3 1 725.506 0.493055 1471.45 89 13 17.0582 7.38661e-05 2.58569 2 
2.61441 0.000783847 -1 1.01162 0.196033 0.022682 14.5452 7955.32 9 1369.62 0.133825 2.78973 4 1 654.041 0.655503 997.771 89 24 16.9533 7.56466e-05 1.67084 2 
2.63851 0.000790271 -1 1.01635 0.196082 0.0240996 14.5705 8011.83 11 694.901 0.158465 2.14333 4 2 586.465 0.0733132 89.4396 88 28 16.7596 9.50521e-05 1.53946 3 
2.6626 0.000795296 -1 1.02101 0.196055 0.0240996 14.5894 8071.63 11 609.354 0.151235 2.1269 3 1 408.658 0.311748 1310.86 88 25 21.8263 8.77108e-05 1.64375 3 
2.68369 0.000799902 -1 1.02509 0.196281 0.0210872 14.6047 8133.28 10 407.884 0.207647 2.13462 3 1 792.013 0.224497 3527.94 88 17 21.4201 4.90417e-05 2.14674 3 
2.70478 0.000805338 -1 1.0292 0.196522 0.0210872 14.6178 8196.02 8 703.882 0.18561 2.80132 4 1 581.638 0.495607 1173.59 88 13 22.2283 6.29867e-05 2.67142 3 
2.72749 0.000812339 -1 1.03365 0.196814 0.0227093 14.6298 8259.29 5 772.765 0.145666 5.55825 3 1 627.141 0.339889 1845.13 88 12 23.5734 4.68078e-05 2.98659 3 
2.7502 0.000818583 -1 1.03814 0.197273 0.0227093 14.6461 8320.01 10 938.817 0.148874 2.3987 3 1 633.726 0.504181 1256.94 88 25 20.4889 8.76342e-05 1.63966 2 
2.77291 0.00082421 -1 1.0427 0.197754 0.0227093 14.6614 8381.22 13 1013.12 0.162057 1.95884 3 1 512.87 0.426316 1203.03 88 18 16.821 5.9753e-05 2.00793 2 
2.79562 0.00082678 -1 1.04717 0.198243 0.0227093 14.677 8442.04 11 463.692 0.13885 2.09091 4 1 371.838 0.602684 616.97 88 20 16.652 8.01786e-05 1.84446 2 
2.81833 0.000829722 -1 1.05162 0.198767 0.0227093 14.6986 8499.31 9 425.589 0.134967 2.44766 4 2 451.141 0.342273 36.3053 87 24 23.5899 9.26792e-05 1.67973 2 
2.84104 0.00083308 -1 1.05609 0.199143 0.0227093 14.7179 8557.75 11 309.875 0.131347 2.02589 3 2 365.872 0.475776 27.7309 86 18 26.6076 6.82519e-05 2.04458 2 
2.86374 0.000833752 -1 1.06058 0.199477 0.0227093 14.7311 8619.57 10 703.578 0.159313 2.31476 3 1 537.719 0.578863 928.922 86 15 27.2784 8.66218e-05 2.32566 2 
2.88645 0.000837511 -1 1.0651 0.199782 0.0227093 14.744 8681.48 10 744.531 0.175028 2.3061 3 1 581.022 0.389085 1493.3 86 14 25.891 7.22129e-05 2.49317 2 
2.90916 0.000844815 -1 1.06968 0.20003 0.0227093 14.7598 8741.58 11 1474.26 0.186344 2.26145 3 1 643.702 0.18148 3546.96 86 19 23.2984 5.7876e-05 1.97238 3 
2.93187 0.000852715 -1 1.07428 0.200292 0.0227093 14.789 8793.53 11 707.491 0.172247 2.13062 3 1 529.82 0.132569 3996.56 86 54 20.1944 9.2507e-05 1.25566 3 
2.9489 0.00085749 -1 1.07765 0.200964 0.017032 14.8036 8854.04 6 361.496 0.26092 3.33887 2 1 794.158 0.398422 1993.26 86 19 10.7858 8.51924e-05 1.85588 3 
2.96594 0.000861825 -1 1.08103 0.201368 0.017032 14.8191 8913.88 5 220.01 0.234852 3.92943 2 1 623.246 0.751757 829.052 86 22 14.3356 6.46783e-05 1.74978 3 
2.98297 0.000869462 -1 1.08442 0.201807 0.017032 14.8337 8974.18 9 238.256 0.262936 2.13097 3 1 333.112 0.780812 426.622 86 17 17.1602 9.89621e-05 2.0332 3 
3 0.000875247 -1 1.08783 0.202118 0.017032 14.8455 9035.98 4 363.043 0.299025 5.90286 3 1 250.609 0.511956 489.512 86 13 16.6038 8.09953e-05 2.5621 3 

# Multigrid, 131 steps, 118.888 CPU, 14.86 real, 9.03e+03 points.step/s, 24 var
