0.912891 0
0.912941 0.015625

0.912941 0.015625
0.913092 0.03125

0.913091 0.03125
0.913347 0.046875

0.913346 0.046875
0.913714 0.0625

0.913711 0.0625
0.914199 0.078125

0.914196 0.078125
0.914817 0.09375

0.914812 0.09375
0.91558 0.109375

0.915574 0.109375
0.916511 0.125

0.916505 0.125
0.917635 0.140625

0.917626 0.140625
0.91898 0.15625

0.918971 0.15625
0.920584 0.171875

0.920566 0.171875
0.921875 0.18253

0.921875 0.182453
0.922495 0.1875

0.922469 0.1875
0.924764 0.203125

0.924744 0.203125
0.927496 0.21875

0.927474 0.21875
0.930768 0.234375

0.930751 0.234375
0.934663 0.25

0.934527 0.25
0.9375 0.259705

0.9375 0.259486
0.93938 0.265625

0.939341 0.265625
0.945217 0.28125

0.944957 0.28125
0.952441 0.296875

0.951618 0.296875
0.953125 0.299446

0.953125 0.298462
0.962575 0.3125

0.961824 0.3125
0.96875 0.320301

0.96875 0.319884
0.979048 0.328125

0.977634 0.328125
0.984375 0.332603

0.984375 0.331489
1 0.338492

1 0.33856
1.01562 0.342204

1.01562 0.342132
1.03125 0.342424

1.03125 0.342252
1.04688 0.339684

1.04688 0.339528
1.0625 0.334757

1.0625 0.334713
1.07812 0.32814

1.07812 0.328083
1.09375 0.31991

1.07812 0.328143
1.07816 0.328125

1.10938 0.31051
1.10619 0.3125

1.09375 0.319868
1.10556 0.3125

1.10938 0.310064
1.125 0.29892

1.14062 0.286616
1.12768 0.296875

1.125 0.298871
1.12763 0.296875

1.15625 0.272967
1.14682 0.28125

1.14062 0.286351
1.14662 0.28125

1.17188 0.25765
1.16389 0.265625

1.15625 0.272594
1.16361 0.265625

1.1875 0.240628
1.1792 0.25

1.17188 0.257388
1.1789 0.25

1.20312 0.221782
1.19298 0.234375

1.1875 0.240484
1.19275 0.234375

1.21875 0.200648
1.21713 0.203125

1.21692 0.203125
1.20552 0.21875

1.20312 0.22167
1.20539 0.21875

1.23438 0.175595
1.22727 0.1875

1.21875 0.20023
1.22718 0.1875

1.25 0.145622
1.24494 0.15625

1.24489 0.15625
1.23653 0.171875

1.23438 0.175439
1.23649 0.171875

1.26562 0.106343
1.26468 0.109375

1.26463 0.109375
1.2589 0.125

1.25887 0.125
1.25231 0.140625

1.25 0.145458
1.2523 0.140625

1.28125 0.0323587
1.27955 0.046875

1.27955 0.046875
1.27695 0.0625

1.27696 0.0625
1.2736 0.078125

1.27359 0.078125
1.26949 0.09375

1.26562 0.106122
1.26949 0.09375

1.28283 0
1.28247 0.015625

1.28246 0.015625
1.28137 0.03125

1.28125 0.0322765
1.28137 0.03125

kappa_offset_provider_stats evaluations=38633 clamp_hits=0 denominator_guard_hits=0 min_abs_denominator=0.87989159329461386 max_abs_d_over_h=0.49994602360116941 grad_samples=38633 grad_min=0.96552791339018007 grad_mean=0.99884172301740159 grad_std=0.0038581283515136764 grad_max=1.0025145110982343
