0 0 0
3.16783e-06 6.03114e-10 1
7.6918e-05 3.09611e-05 3
0.000214834 2.35244e-05 3
0.000411082 2.32909e-05 3
0.00066036 2.57042e-05 1
0.000957847 2.95676e-05 3
0.00129916 3.35828e-05 3
0.00168031 3.6864e-05 3
0.00209769 3.95807e-05 2
0.00254799 4.3213e-05 2
0.00302823 4.98116e-05 3
0.00353567 6.1239e-05 3
0.00406786 7.80048e-05 3
0.00462254 9.89066e-05 3
0.00519766 0.00012169 3
0.00579137 0.000144237 1
0.00640197 0.000165824 3
0.00702794 0.00018701 3
0.00766787 0.000208546 3
0.00832049 0.000231432 3
0.00898466 0.000256139 3
0.00965932 0.000282502 3
0.0103435 0.00031011 3
0.0110364 0.000338548 3
0.0117371 0.000365117 4
0.012445 0.000393437 3
0.0131595 0.000422095 3
0.0138798 0.000450643 1
0.0146056 0.000479209 3
0.0153362 0.000508391 2
0.0160713 0.000538207 2
0.0168104 0.000567481 2
0.0175532 0.000594868 3
0.0182993 0.00061858 3
0.0190485 0.0006379 2
0.0198005 0.000653101 2
0.0205549 0.000664773 2
0.0213117 0.000673563 3
0.0220705 0.000679773 3
0.0228312 0.000683711 3
0.0235936 0.000685849 3
0.0243576 0.000686746 3
0.025123 0.000687221 3
0.0258897 0.000688261 3
0.0266575 0.000690614 2
0.0274264 0.000694796 2
0.0281963 0.000666757 5
0.0289671 0.000637968 3
0.0297387 0.000605819 3
0.030511 0.00056926 3
0.0312839 0.00052852 3
0.0320575 0.000484841 3
0.0328316 0.000439512 2
0.0336062 0.000393617 3
0.0343813 0.000347935 3
0.0351567 0.00030356 3
0.0359326 0.000262025 3
0.0367087 0.000224674 3
0.0374852 0.000192489 3
0.038262 0.000166136 4
0.039039 0.000145889 2
0.0398163 0.000132173 3
0.0405937 0.000124531 3
0.0413714 0.000122156 3
0.0421492 0.000124288 2
0.0429272 0.000130178 4
0.0437054 0.00013937 3
0.0444836 0.000151682 3
0.045262 0.000167118 3
0.0460405 0.000186276 2
0.0468191 0.000208964 2
0.0475978 0.000233792 2
0.0483765 0.000259769 3
0.0491554 0.000286522 3
0.0499343 0.000314605 4
0.0507132 0.000344994 4
0.0514923 0.000378664 3
0.0522713 0.000415977 3
0.0530504 0.000456565 3
0.0538296 0.000499196 4
0.0546088 0.000541057 5
0.055388 0.000583766 3
0.0561673 0.000624539 3
0.0569466 0.000661395 3
0.0577259 0.000693122 3
0.0585052 0.00071926 3
0.0592846 0.000738425 3
0.060064 0.000751259 3
0.0608434 0.000759209 3
0.0616228 0.000762969 3
0.0624022 0.000762932 3
0.0631816 0.000760277 3
0.0639611 0.000755087 3
0.0647406 0.000747458 3
0.06552 0.000737827 3
0.0662995 0.000726503 3
0.067079 0.000714573 3
0.0678585 0.000703106 3
0.068638 0.000693232 3
0.0694175 0.000686223 3
0.070197 0.000650958 5
0.0709766 0.000612793 4
0.0717561 0.000571867 3
0.0725356 0.000528027 3
0.0733152 0.0004814 3
0.0740947 0.0004325 2
0.0748742 0.000382081 3
0.0756538 0.000333057 3
0.0764333 0.000287797 3
0.0772129 0.000247962 2
0.0779924 0.000215172 2
0.078772 0.000190194 3
0.0795515 0.000173378 3
0.0803311 0.000164139 2
0.0811107 0.000161403 2
0.0818902 0.000163768 2
0.0826698 0.000169701 2
0.0834493 0.000177723 2
0.0842289 0.000186994 2
0.0850085 0.00019736 3
0.085788 0.000209123 3
0.0865676 0.000222886 3
0.0873472 0.000239301 4
0.0881267 0.000258323 4
0.0889063 0.000279842 4
0.0896859 0.000303414 3
0.0904654 0.000329181 4
0.091245 0.000356931 4
0.0920246 0.000388392 5
0.0928041 0.000423463 3
0.0935837 0.000461493 3
0.0943633 0.000501909 3
0.0951429 0.000543737 3
0.0959224 0.000585682 5
0.096702 0.000625934 3
0.0974816 0.00066271 3
0.0982611 0.000694793 3
0.0990407 0.000722017 3
0.0998203 0.000744332 3
0.1006 0.000762337 3
0.101379 0.000776589 3
0.102159 0.000788048 3
0.102939 0.000798037 3
0.103718 0.000807804 3
0.104498 0.000817986 3
0.105277 0.00082877 3
0.106057 0.000839994 2
0.106836 0.000852204 2
0.107616 0.000864419 2
0.108396 0.000876178 3
0.109175 0.000849086 5
0.109955 0.000818524 2
0.110734 0.000782871 3
0.111514 0.000741815 3
0.112293 0.000695741 3
0.113073 0.000646102 3
0.113853 0.000594323 2
0.114632 0.000541343 3
0.115412 0.000488315 3
0.116191 0.000437146 3
0.116971 0.000390028 4
0.11775 0.00034937 3
0.11853 0.000316662 1
0.11931 0.000292213 2
0.120089 0.000275237 3
0.120869 0.000264544 2
0.121648 0.000258663 2
0.122428 0.000256795 3
0.123207 0.000258829 3
0.123987 0.000263771 4
0.124767 0.000270044 3
0.125546 0.000277017 3
0.126326 0.000284978 3
0.127105 0.000294552 2
0.127885 0.000306321 3
0.128664 0.000320615 3
0.129444 0.000337566 3
0.130224 0.000357677 3
0.131003 0.000381986 3
0.131783 0.00041149 3
0.132562 0.000446842 3
0.133342 0.000487753 3
0.134122 0.000532881 3
0.134901 0.000580386 4
0.135681 0.000630216 3
0.13646 0.000678824 3
0.13724 0.000722884 3
0.138019 0.000760016 3
0.138799 0.000788808 3
0.139579 0.0008089 3
0.140358 0.000819951 3
0.141138 0.000823409 3
0.141917 0.000821011 3
0.142697 0.000813769 3
0.143476 0.000803764 4
0.144256 0.00079232 3
0.145036 0.000780945 2
0.145815 0.000770092 3
0.146595 0.000760066 3
0.147374 0.00075068 3
0.148154 0.00074233 3
0.148933 0.000735622 4
0.149713 0.000730161 3
0.150493 0.000727004 3
0.151272 0.000692613 5
0.152052 0.000654872 4
0.152831 0.000613391 3
0.153611 0.00056751 2
0.15439 0.00051752 3
0.15517 0.000464535 3
0.15595 0.000411783 3
0.156729 0.00036277 3
0.157509 0.000319956 2
0.158288 0.000284584 3
0.159068 0.00025845 3
0.159847 0.000242145 3
0.160627 0.000235257 3
0.161407 0.000236016 3
0.162186 0.000242213 2
0.162966 0.000251535 2
0.163745 0.00026212 2
0.164525 0.000272632 3
0.165304 0.000282266 3
0.166084 0.0002909 3
0.166864 0.000298934 4
0.167643 0.000307158 4
0.168423 0.000316711 4
0.169202 0.000328518 4
0.169982 0.000343621 4
0.170761 0.000362846 4
0.171541 0.000388066 5
0.172321 0.000419634 3
0.1731 0.000456624 3
0.17388 0.000497943 2
0.174659 0.000542017 3
0.175439 0.00058656 3
0.176218 0.000630517 3
0.176998 0.000672731 5
0.177778 0.00071116 3
0.178557 0.000744273 3
0.179337 0.000771196 3
0.180116 0.000792508 3
0.180896 0.000808991 3
0.181676 0.000821764 3
0.182455 0.000831891 3
0.183235 0.000841139 3
0.184014 0.000851095 3
0.184794 0.000863624 3
0.185573 0.000879467 3
0.186353 0.000898429 3
0.187133 0.000919436 3
0.187912 0.000941819 3
0.188692 0.000963699 3
0.189471 0.000948808 5
0.190251 0.00092901 3
0.19103 0.000901883 4
0.19181 0.000866589 4
0.19259 0.000823758 3
0.193369 0.000774927 3
0.194149 0.000721732 2
0.194928 0.000666094 3
0.195708 0.000609859 3
0.196487 0.000555235 5
0.197267 0.000505132 4
0.198047 0.000462213 3
0.198826 0.000428345 1
0.199606 0.000403379 1
0.200385 0.000386176 2
0.201165 0.000375564 2
0.201944 0.000370079 3
0.202724 0.000368752 3
0.203504 0.000370519 3
0.204283 0.000374186 4
0.205063 0.000378596 3
0.205842 0.000382091 3
0.206622 0.000384616 3
0.207401 0.000387047 2
0.208181 0.000390187 3
0.208961 0.000395084 3
0.20974 0.000402757 3
0.21052 0.000414649 3
0.211299 0.000432225 3
0.212079 0.000457384 3
0.212858 0.000490917 3
0.213638 0.000532389 3
0.214418 0.000580192 3
0.215197 0.000631721 3
0.215977 0.00068439 4
0.216756 0.00073582 3
0.217536 0.000782564 3
0.218315 0.000821499 3
0.219095 0.000851351 3
0.219875 0.000870627 3
0.220654 0.000879819 3
0.221434 0.000880228 3
0.222213 0.000873403 3
0.222993 0.00086139 4
0.223772 0.000847011 3
0.224552 0.000832935 3
0.225332 0.000820243 3
0.226111 0.000809791 3
0.226891 0.000801397 3
0.22767 0.000794946 3
0.22845 0.000790102 3
0.229229 0.000787103 3
0.230009 0.000785737 3
0.230789 0.00078563 4
0.231568 0.000786681 3
0.232348 0.000752008 5
0.233127 0.000713225 4
0.233907 0.00066928 3
0.234687 0.000619485 3
0.235466 0.000564411 4
0.236246 0.000506831 4
0.237025 0.00045201 4
0.237805 0.000403887 3
0.238584 0.000365178 3
0.239364 0.000337168 3
0.240144 0.000320342 3
0.240923 0.000314063 3
0.241703 0.000316753 3
0.242482 0.000325977 3
0.243262 0.000338917 2
0.244041 0.000352817 3
0.244821 0.000365328 3
0.245601 0.000375013 3
0.24638 0.000381647 3
0.24716 0.000385671 4
0.247939 0.00038809 4
0.248719 0.000390447 3
0.249498 0.000395089 4
0.250278 0.00040285 3
0.251058 0.000417293 5
0.251837 0.000439096 3
0.252617 0.000468688 3
0.253396 0.000505295 2
0.254176 0.000547703 1
0.254955 0.000593667 3
0.255735 0.000641496 3
0.256515 0.00068877 3
0.257294 0.000732911 3
0.258074 0.000773155 4
0.258853 0.000807889 3
0.259633 0.000835727 3
0.260412 0.000856967 3
0.261192 0.000872607 3
0.261972 0.000883941 3
0.262751 0.000892425 3
0.263531 0.000899695 3
0.26431 0.000907996 3
0.26509 0.000919508 3
0.265869 0.000935717 3
0.266649 0.000957156 2
0.267429 0.000982831 2
0.268208 0.00101091 2
0.268988 0.00103961 3
0.269767 0.00106629 3
0.270547 0.0010533 5
0.271326 0.00103385 4
0.272106 0.00100562 4
0.272886 0.000968178 4
0.273665 0.000922633 3
0.274445 0.000870576 2
0.275224 0.000814526 2
0.276004 0.000756612 3
0.276783 0.000699207 4
0.277563 0.000644967 3
0.278343 0.000597289 3
0.279122 0.00055857 1
0.279902 0.000529813 2
0.280681 0.000509865 2
0.281461 0.000497299 2
0.282241 0.000490494 2
0.28302 0.000488344 2
0.2838 0.000489771 3
0.284579 0.000493368 3
0.285359 0.000497288 4
0.286138 0.000499578 3
0.286918 0.000499743 3
0.287698 0.000498165 2
0.288477 0.00049578 3
0.289257 0.000493725 3
0.290036 0.000493514 3
0.290816 0.000496947 3
0.291595 0.000506144 3
0.292375 0.000523323 3
0.293155 0.000550079 3
0.293934 0.000586518 2
0.294714 0.000631658 3
0.295493 0.000682965 3
0.296273 0.000739133 4
0.297052 0.000796298 3
0.297832 0.000849731 3
0.298612 0.000895827 3
0.299391 0.000931638 3
0.300171 0.000956897 3
0.30095 0.000970406 3
0.30173 0.000973123 3
0.302509 0.000967087 3
0.303289 0.000954449 4
0.304069 0.000937977 3
0.304848 0.000920393 3
0.305628 0.000903955 3
0.306407 0.000889817 3
0.307187 0.000878558 3
0.307966 0.00087016 3
0.308746 0.000864692 3
0.309526 0.000862056 3
0.310305 0.000862221 3
0.311085 0.000864627 3
0.311864 0.000868525 4
0.312644 0.000841996 5
0.313423 0.000810285 4
0.314203 0.000772495 3
0.314983 0.000727667 2
0.315762 0.0006759 3
0.316542 0.000619184 3
0.317321 0.00056159 3
0.318101 0.000508698 3
0.31888 0.000464589 2
0.31966 0.000431493 4
0.32044 0.00041034 3
0.321219 0.000401041 3
0.321999 0.000402227 3
0.322778 0.000411549 3
0.323558 0.000426098 2
0.324337 0.000442693 3
0.325117 0.000458437 3
0.325897 0.000471172 3
0.326676 0.000480008 4
0.327456 0.000484786 4
0.328235 0.000486211 3
0.329015 0.000485845 3
0.329794 0.000485393 4
0.330574 0.00048733 3
0.331354 0.000494805 5
0.332133 0.000509507 3
0.332913 0.000532462 3
0.333692 0.000563304 3
0.334472 0.000601052 2
0.335252 0.000643887 3
0.336031 0.000689678 3
0.336811 0.000736407 3
0.33759 0.000781789 3
0.33837 0.000824265 5
0.339149 0.000861272 3
0.339929 0.000891493 3
0.340709 0.000914446 3
0.341488 0.0009309 3
0.342268 0.000942182 3
0.343047 0.000949862 3
0.343827 0.000955591 3
0.344606 0.000961348 3
0.345386 0.000969598 3
0.346166 0.000982326 3
0.346945 0.00100094 3
0.347725 0.00102552 3
0.348504 0.00105478 3
0.349284 0.00108631 3
0.350063 0.00111816 3
0.350843 0.00111238 5
0.351623 0.00110161 4
0.352402 0.00108237 4
0.353182 0.00105399 4
0.353961 0.00101675 4
0.354741 0.000971888 3
0.35552 0.000921191 2
0.3563 0.000866685 3
0.35708 0.000810536 5
0.357859 0.000755546 4
0.358639 0.000705289 3
0.359418 0.000663276 1
0.360198 0.000630904 2
0.360977 0.000608281 2
0.361757 0.000593755 2
0.362537 0.000586072 2
0.363316 0.000583843 3
0.364096 0.000585965 3
0.364875 0.00059102 3
0.365655 0.000596992 3
0.366434 0.000601822 4
0.367214 0.000604279 3
0.367994 0.000603838 3
0.368773 0.00060078 2
0.369553 0.000596374 3
0.370332 0.000591732 3
0.371112 0.000588682 3
0.371891 0.000589647 3
0.372671 0.000597488 3
0.373451 0.000614762 3
0.37423 0.00064289 3
0.37501 0.000681427 3
0.375789 0.000728731 3
0.376569 0.000781827 3
0.377348 0.000839973 5
0.378128 0.000897276 3
0.378908 0.000949261 3
0.379687 0.00099295 3
0.380467 0.00102544 3
0.381246 0.00104581 3
0.382026 0.00105358 3
0.382806 0.0010502 3
0.383585 0.00103803 3
0.384365 0.00102021 4
0.385144 0.00100016 3
0.385924 0.000980227 3
0.386703 0.000962651 3
0.387483 0.00094838 3
0.388263 0.00093786 3
0.389042 0.000930884 3
0.389822 0.00092733 3
0.390601 0.000927 3
0.391381 0.000929809 3
0.39216 0.000934868 3
0.39294 0.000941181 4
0.39372 0.000915033 5
0.394499 0.000883418 4
0.395279 0.000845018 3
0.396058 0.000799214 2
0.396838 0.000746025 3
0.397617 0.000688303 3
0.398397 0.00063068 3
0.399177 0.000578966 2
0.399956 0.00053753 3
0.400736 0.000508281 3
0.401515 0.000491737 3
0.402295 0.00048734 3
0.403074 0.000493371 3
0.403854 0.000507175 3
0.404634 0.000525471 2
0.405413 0.0005449 3
0.406193 0.000562264 3
0.406972 0.000575832 3
0.407752 0.00058451 3
0.408531 0.00058838 3
0.409311 0.000588202 3
0.410091 0.000585546 3
0.41087 0.000582521 4
0.41165 0.000584611 5
0.412429 0.000592639 3
0.413209 0.000607812 3
0.413988 0.000631274 3
0.414768 0.000662649 2
0.415548 0.000700621 1
0.416327 0.000743122 3
0.417107 0.00078801 3
0.417886 0.000833252 3
0.418666 0.000876834 3
0.419445 0.000917035 4
0.420225 0.000950988 3
0.421005 0.000977655 3
0.421784 0.00099721 3
0.422564 0.00101043 3
0.423343 0.00101883 3
0.424123 0.00102363 3
0.424902 0.00102675 3
0.425682 0.00103073 3
0.426462 0.00103847 3
0.427241 0.00105207 3
0.428021 0.00107277 2
0.4288 0.00110013 2
0.42958 0.00113234 2
0.430359 0.00116679 3
0.431139 0.00116692 5
0.431919 0.00116397 3
0.432698 0.00115403 3
0.433478 0.00113521 3
0.434257 0.00110757 3
0.435037 0.00109058 4
0.435817 0.00106782 3
0.436596 0.00104083 3
0.437376 0.000985746 5
0.438155 0.000929797 5
0.438935 0.000876832 3
0.439714 0.000829787 3
0.440494 0.000790612 4
0.441274 0.00075993 3
0.442053 0.00073723 3
0.442833 0.000722928 3
0.443612 0.000716854 3
0.444392 0.000716378 3
0.445171 0.000719726 4
0.445951 0.000724914 4
0.446731 0.000729737 5
0.44751 0.000732859 4
0.44829 0.000733475 3
0.449069 0.000731148 3
0.449849 0.000725773 3
0.450628 0.000718497 3
0.451408 0.00071079 3
0.452188 0.00070515 3
0.452967 0.000704774 3
0.453747 0.000712621 3
0.454526 0.000730615 3
0.455306 0.000759347 3
0.456085 0.000798036 3
0.456865 0.00084476 3
0.457645 0.00090176 5
0.458424 0.000961456 3
0.459204 0.00101887 3
0.459983 0.00107021 3
0.460763 0.00111293 3
0.461542 0.00114412 3
0.462322 0.00116219 3
0.463102 0.00116727 3
0.463881 0.00116158 3
0.464661 0.0011475 3
0.46544 0.00112799 4
0.46622 0.0011059 3
0.466999 0.00108381 3
0.467779 0.0010642 3
0.468559 0.00104837 3
0.469338 0.0010369 3
0.470118 0.00102971 3
0.470897 0.00102706 3
0.471677 0.00102808 3
0.472456 0.00103242 3
0.473236 0.00103923 3
0.474016 0.00104715 4
0.474795 0.0010211 5
0.475575 0.000989393 4
0.476354 0.000950772 3
0.477134 0.000904704 3
0.477913 0.00085148 3
0.478693 0.0007945 4
0.479473 0.000738717 3
0.480252 0.000688727 3
0.481032 0.000649678 3
0.481811 0.000623236 3
0.482591 0.000609685 3
0.483371 0.000607927 3
0.48415 0.000615904 3
0.48493 0.000630861 3
0.485709 0.000649711 2
0.486489 0.00066938 3
0.487268 0.000687166 3
0.488048 0.000700938 3
0.488828 0.000709519 3
0.489607 0.000712811 3
0.490387 0.00071164 3
0.491166 0.000708527 3
0.491946 0.000708062 5
0.492725 0.000710665 3
0.493505 0.00071854 3
0.494285 0.000733572 3
0.495064 0.000756953 2
0.495844 0.000787822 1
0.496623 0.000824579 3
0.497403 0.000865079 3
0.498182 0.000907478 3
0.498962 0.000949933 3
0.499742 0.000990437 3
0.500521 0.00102723 4
0.501301 0.00105761 2
0.50208 0.00108126 3
0.50286 0.00109838 3
0.503639 0.00110936 3
0.504419 0.00111522 3
0.505199 0.00111723 3
0.505978 0.00111805 3
0.506758 0.00112072 3
0.507537 0.00112821 3
0.508317 0.00114244 2
0.509096 0.00116434 2
0.509876 0.00119335 2
0.510656 0.00122706 3
0.511435 0.0012628 3
0.512215 0.00126281 5
0.512994 0.00125978 3
0.513774 0.00124981 3
0.514553 0.00123114 3
0.515333 0.00122427 4
0.516113 0.0012101 3
0.516892 0.00119023 3
0.517672 0.00116588 3
0.518451 0.00113924 3
0.519231 0.00111281 4
0.52001 0.00105955 5
0.52079 0.00101419 3
0.52157 0.000977357 3
0.522349 0.000947764 3
0.523129 0.000924699 3
0.523908 0.000908804 3
0.524688 0.000900283 2
0.525467 0.000897771 3
0.526247 0.000898498 4
0.527027 0.000900737 4
0.527806 0.00090259 5
0.528586 0.000902427 4
0.529365 0.000899779 3
0.530145 0.000894416 2
0.530924 0.000886209 3
0.531704 0.000876276 3
0.532484 0.000866271 3
0.533263 0.000859093 3
0.534043 0.000858044 3
0.534822 0.000865977 3
0.535602 0.000884353 2
0.536382 0.000913134 3
0.537161 0.000950996 3
0.537941 0.00100394 5
0.53872 0.00106174 3
0.5395 0.00112007 3
0.540279 0.00117486 3
0.541059 0.00122367 3
0.541839 0.00126316 3
0.542618 0.00129059 3
0.543398 0.00130529 3
0.544177 0.00130805 3
0.544957 0.00130087 3
0.545736 0.00128641 3
0.546516 0.00126677 4
0.547296 0.0012444 3
0.548075 0.0012219 3
0.548855 0.00120191 3
0.549634 0.00118569 3
0.550414 0.00117409 3
0.551193 0.00116679 3
0.551973 0.00116378 3
0.552753 0.00116449 3
0.553532 0.00116863 3
0.554312 0.0011752 4
0.555091 0.00118279 2
0.555871 0.00115624 5
0.55665 0.00112423 4
0.55743 0.00108572 3
0.55821 0.00104011 3
0.558989 0.000988452 3
0.559769 0.000933587 3
0.560548 0.000880929 3
0.561328 0.000835233 3
0.562107 0.000799779 3
0.562887 0.000775903 3
0.563667 0.000764065 3
0.564446 0.000762977 3
0.565226 0.000770663 3
0.566005 0.000784819 2
0.566785 0.000802527 3
0.567564 0.00082068 3
0.568344 0.000836652 3
0.569124 0.000848599 3
0.569903 0.000855602 3
0.570683 0.000857687 3
0.571462 0.000856589 3
0.572242 0.00085833 4
0.573021 0.000860251 4
0.573801 0.000864236 3
0.574581 0.000873263 3
0.57536 0.000889046 3
0.57614 0.000912287 2
0.576919 0.000941853 3
0.577699 0.000976006 3
0.578478 0.00101304 3
0.579258 0.00105127 3
0.580038 0.00108925 3
0.580817 0.00112513 3
0.581597 0.00115723 4
0.582376 0.00118315 2
0.583156 0.00120304 3
0.583935 0.00121744 3
0.584715 0.00122648 3
0.585495 0.00123099 3
0.586274 0.00123237 3
0.587054 0.00123338 3
0.587833 0.0012369 3
0.588613 0.0012457 3
0.589393 0.00126143 2
0.590172 0.00128456 2
0.590952 0.00131331 2
0.591731 0.00134604 3
0.592511 0.00138057 3
0.59329 0.00137964 5
0.59407 0.00137545 3
0.59485 0.00136468 3
0.595629 0.00136873 5
0.596409 0.00136458 3
0.597188 0.0013538 3
0.597968 0.00133759 3
0.598747 0.00131712 3
0.599527 0.00129454 3
0.600307 0.00127258 4
0.601086 0.00125425 3
0.601866 0.00124239 1
0.602645 0.00120598 5
0.603425 0.00117721 3
0.604204 0.00115412 3
0.604984 0.00113602 3
0.605764 0.00112362 3
0.606543 0.00111506 3
0.607323 0.00111022 3
0.608102 0.00110786 4
0.608882 0.00110546 4
0.609661 0.00110128 4
0.610441 0.00109432 3
0.611221 0.00108477 2
0.612 0.00107295 3
0.61278 0.00106006 3
0.613559 0.00104822 3
0.614339 0.00104035 3
0.615118 0.00103938 3
0.615898 0.00104771 3
0.616678 0.00106618 2
0.617457 0.00109453 3
0.618237 0.00114147 5
0.619016 0.00119486 3
0.619796 0.00125072 3
0.620575 0.00130541 3
0.621355 0.00135613 3
0.622135 0.00140002 3
0.622914 0.00143331 3
0.623694 0.00145456 3
0.624473 0.00146395 3
0.625253 0.00146285 3
0.626032 0.00145328 3
0.626812 0.00143777 3
0.627592 0.0014179 4
0.628371 0.00139583 3
0.629151 0.00137426 3
0.62993 0.00135542 3
0.63071 0.00134026 3
0.631489 0.00132956 3
0.632269 0.00132285 3
0.633049 0.00132 3
0.633828 0.00132053 3
0.634608 0.00132402 3
0.635387 0.00132948 4
0.636167 0.00133461 2
0.636947 0.00130765 5
0.637726 0.0012754 4
0.638506 0.00123694 3
0.639285 0.00119247 3
0.640065 0.00114262 3
0.640844 0.00109162 3
0.641624 0.00104405 3
0.642404 0.00100386 3
0.643183 0.000973364 3
0.643963 0.000953338 3
0.644742 0.00094358 3
0.645522 0.000942925 3
0.646301 0.000949562 2
0.647081 0.000961345 3
0.647861 0.000975636 3
0.64864 0.000989723 3
0.64942 0.00100162 3
0.650199 0.00101001 3
0.650979 0.00101434 3
0.651758 0.00101479 3
0.652538 0.00101832 4
0.653318 0.0010223 4
0.654097 0.00102721 3
0.654877 0.00103459 3
0.655656 0.00104689 3
0.656436 0.00106477 2
0.657215 0.00108818 1
0.657995 0.00111608 2
0.658775 0.00114708 3
0.659554 0.00117966 3
0.660334 0.00121289 3
0.661113 0.00124552 3
0.661893 0.00127586 4
0.662672 0.00130138 2
0.663452 0.00132261 2
0.664232 0.00133915 3
0.665011 0.00135146 3
0.665791 0.00135929 3
0.66657 0.00136356 3
0.66735 0.00136581 3
0.668129 0.00136869 3
0.668909 0.00137482 3
0.669689 0.0013862 2
0.670468 0.00140388 2
0.671248 0.00142722 2
0.672027 0.0014547 2
0.672807 0.00148526 3
0.673586 0.00151626 3
0.674366 0.0015453 3
0.675146 0.00156917 3
0.675925 0.00158696 3
0.676705 0.00159734 3
0.677484 0.00159995 3
0.678264 0.00159475 3
0.679043 0.00158312 3
0.679823 0.00156665 3
0.680603 0.00154782 3
0.681382 0.00152921 4
0.682162 0.00151351 3
0.682941 0.00150195 3
0.683721 0.00149586 2
0.6845 0.00149523 2
0.68528 0.00146574 5
0.68606 0.00144216 3
0.686839 0.001423 3
0.687619 0.00140651 2
0.688398 0.0013925 3
0.689178 0.00137988 5
0.689958 0.0013674 4
0.690737 0.00135382 3
0.691517 0.00133889 3
0.692296 0.0013227 2
0.693076 0.00130618 3
0.693855 0.00129054 3
0.694635 0.00127751 3
0.695415 0.00126943 3
0.696194 0.00126858 3
0.696974 0.00127671 3
0.697753 0.00129429 1
0.698533 0.0013337 4
0.699312 0.00138061 3
0.700092 0.00143157 3
0.700872 0.00148299 3
0.701651 0.00153187 3
0.702431 0.00157576 3
0.70321 0.00161148 3
0.70399 0.0016365 3
0.704769 0.00165039 3
0.705549 0.00165393 3
0.706329 0.00164868 3
0.707108 0.00163679 3
0.707888 0.00162041 3
0.708667 0.0016008 4
0.709447 0.00157963 3
0.710226 0.00155907 1
0.711006 0.00154173 2
0.711786 0.00152826 3
0.712565 0.00151891 3
0.713345 0.00151338 3
0.714124 0.00151129 3
0.714904 0.00151176 3
0.715683 0.00151428 4
0.716463 0.00151632 2
0.717243 0.00151903 2
0.718022 0.00152173 3
0.718802 0.00148686 5
0.719581 0.00144641 4
0.720361 0.00140149 3
0.72114 0.00135369 4
0.72192 0.00130632 4
0.7227 0.00126321 3
0.723479 0.0012276 3
0.724259 0.00120101 3
0.725038 0.00118401 3
0.725818 0.00117575 3
0.726597 0.00117486 3
0.727377 0.00117964 2
0.728157 0.0011881 3
0.728936 0.00119779 3
0.729716 0.00120678 3
0.730495 0.00121359 3
0.731275 0.00121744 3
0.732054 0.00121905 3
0.732834 0.00122719 4
0.733614 0.00123333 3
0.734393 0.00123853 4
0.735173 0.00124422 3
0.735952 0.00125247 3
0.736732 0.00126558 2
0.737512 0.00128336 1
0.738291 0.0013053 2
0.739071 0.00133028 2
0.73985 0.00135739 3
0.74063 0.00138574 3
0.741409 0.00141406 3
0.742189 0.00144139 4
0.742969 0.00146553 2
0.743748 0.00148626 2
0.744528 0.00150367 3
0.745307 0.00151692 3
0.746087 0.00152576 3
0.746866 0.00153049 3
0.747646 0.0015326 3
0.748426 0.00153427 3
0.749205 0.00153822 3
0.749985 0.00154649 2
0.750764 0.00156033 2
0.751544 0.0015801 2
0.752323 0.00160428 2
0.753103 0.00163129 3
0.753883 0.00165972 3
0.754662 0.00168734 3
0.755442 0.00171198 3
0.756221 0.00173182 3
0.757001 0.00174563 3
0.75778 0.00175221 3
0.75856 0.00175166 3
0.75934 0.00174443 3
0.760119 0.00173193 3
0.760899 0.00171646 3
0.761678 0.00170029 4
0.762458 0.00168475 3
0.763237 0.0016712 3
0.764017 0.00166113 1
0.764797 0.00165614 2
0.765576 0.00165659 3
0.766356 0.00166351 3
0.767135 0.00164039 5
0.767915 0.00162195 3
0.768694 0.00160513 3
0.769474 0.00158958 5
0.770254 0.00157459 3
0.771033 0.00155946 3
0.771813 0.00154324 3
0.772592 0.00152559 3
0.773372 0.00150693 3
0.774151 0.00148829 3
0.774931 0.00147132 3
0.775711 0.00145804 3
0.77649 0.00145084 3
0.77727 0.00145159 3
0.778049 0.00146148 3
0.778829 0.00149555 4
0.779608 0.0015378 3
0.780388 0.00158522 3
0.781168 0.00163465 3
0.781947 0.00168262 3
0.782727 0.00172631 3
0.783506 0.00176353 3
0.784286 0.00179187 3
0.785065 0.00180968 3
0.785845 0.00181735 3
0.786625 0.00181655 3
0.787404 0.00180862 3
0.788184 0.00179476 3
0.788963 0.00177643 3
0.789743 0.00175532 4
0.790523 0.00173339 3
0.791302 0.00171314 3
0.792082 0.00169657 3
0.792861 0.00168437 3
0.793641 0.00167691 3
0.79442 0.00167346 3
0.7952 0.00167345 3
0.79598 0.00167578 4
0.796759 0.00167798 2
0.797539 0.00168038 2
0.798318 0.00168237 2
0.799098 0.00168302 3
0.799877 0.00168111 3
0.800657 0.00163952 5
0.801437 0.00159535 4
0.802216 0.00154982 2
0.802996 0.00150575 3
0.803775 0.00146615 3
0.804555 0.00143381 2
0.805334 0.00140991 2
0.806114 0.00139476 3
0.806894 0.00138736 3
0.807673 0.0013864 3
0.808453 0.00138999 2
0.809232 0.00139641 3
0.810012 0.00140342 3
0.810791 0.00140947 3
0.811571 0.00141343 3
0.812351 0.00141565 3
0.81313 0.00142639 4
0.81391 0.00143543 3
0.814689 0.00144117 3
0.815469 0.00144546 4
0.816248 0.00145018 3
0.817028 0.00145718 3
0.817808 0.00146814 2
0.818587 0.00148271 1
0.819367 0.00150047 2
0.820146 0.00152092 2
0.820926 0.00154378 3
0.821705 0.0015684 3
0.822485 0.00159308 3
0.823265 0.00161662 4
0.824044 0.00163681 2
0.824824 0.0016541 2
0.825603 0.00166814 3
0.826383 0.00167826 3
0.827162 0.00168463 3
0.827942 0.00168736 3
0.828722 0.00168806 3
0.829501 0.00168879 3
0.830281 0.0016926 3
0.83106 0.00170129 2
0.83184 0.00171578 2
0.832619 0.00173606 2
0.833399 0.00176014 3
0.834179 0.00178637 3
0.834958 0.00181344 3
0.835738 0.00183925 3
0.836517 0.00186205 3
0.837297 0.00188031 3
0.838077 0.00189263 3
0.838856 0.00189802 3
0.839636 0.0018966 3
0.840415 0.00188885 3
0.841195 0.00187706 3
0.841974 0.0018628 3
0.842754 0.00184737 4
0.843534 0.00183185 3
0.844313 0.00181769 3
0.845093 0.00180573 1
0.845872 0.00179911 1
0.846652 0.00179893 3
0.847431 0.00180535 3
0.848211 0.00181831 3
0.848991 0.00183723 3
0.84977 0.00181863 4
0.85055 0.00180177 4
0.851329 0.00178512 3
0.852109 0.001768 2
0.852888 0.00174926 3
0.853668 0.00172854 3
0.854448 0.00170635 3
0.855227 0.00168415 3
0.856007 0.00166408 3
0.856786 0.00164869 3
0.857566 0.00164019 2
0.858345 0.00164023 2
0.859125 0.00166774 4
0.859905 0.00170438 3
0.860684 0.00174816 3
0.861464 0.00179621 3
0.862243 0.00184529 3
0.863023 0.00189187 3
0.863802 0.00193362 3
0.864582 0.00196736 3
0.865362 0.00199104 3
0.866141 0.00200426 3
0.866921 0.00200717 3
0.8677 0.00200207 3
0.86848 0.00199084 3
0.869259 0.00197408 3
0.870039 0.0019531 3
0.870819 0.0019297 4
0.871598 0.0019063 3
0.872378 0.00188465 2
0.873157 0.00186698 3
0.873937 0.00185422 3
0.874716 0.00184644 3
0.875496 0.0018429 3
0.876276 0.00184302 3
0.877055 0.00184556 4
0.877835 0.0018478 2
0.878614 0.00184977 2
0.879394 0.0018509 2
0.880173 0.00184962 3
0.880953 0.00184623 3
0.881733 0.00180782 5
0.882512 0.00176657 4
0.883292 0.00172409 3
0.884071 0.00168343 2
0.884851 0.00164741 2
0.88563 0.00161849 2
0.88641 0.00159763 1
0.88719 0.00158489 3
0.887969 0.0015792 3
0.888749 0.00157927 2
0.889528 0.00158319 3
0.890308 0.00158935 3
0.891088 0.00159567 3
0.891867 0.00160068 3
0.892647 0.00161798 4
0.893426 0.00163386 3
0.894206 0.0016473 3
0.894985 0.00165746 3
0.895765 0.00166338 3
0.896545 0.00166741 4
0.897324 0.00167153 3
0.898104 0.00167619 3
0.898883 0.00168274 1
0.899663 0.00169162 1
0.900442 0.00170371 2
0.901222 0.00171876 2
0.902002 0.00173663 2
0.902781 0.00175625 2
0.903561 0.00177613 4
0.90434 0.0017937 2
0.90512 0.00180955 2
0.905899 0.00182255 3
0.906679 0.00183257 3
0.907459 0.00183957 3
0.908238 0.00184334 3
0.909018 0.00184402 3
0.909797 0.00184339 3
0.910577 0.00184371 3
0.911356 0.00184741 3
0.912136 0.00185551 2
0.912916 0.00186915 1
0.913695 0.0018876 2
0.914475 0.00190951 3
0.915254 0.001933 3
0.916034 0.00195724 3
0.916813 0.00198036 3
0.917593 0.00200132 3
0.918373 0.00201842 3
0.919152 0.00203065 3
0.919932 0.00203665 3
0.920711 0.00203609 3
0.921491 0.00203046 3
0.92227 0.00202109 3
0.92305 0.00200866 3
0.92383 0.00199428 3
0.924609 0.0019787 4
0.925389 0.00196379 3
0.926168 0.00195043 3
0.926948 0.0019418 3
0.927727 0.00193912 3
0.928507 0.00194273 3
0.929287 0.00195267 3
0.930066 0.00196845 3
0.930846 0.00198788 3
0.931625 0.00201088 4
0.932405 0.00199349 5
0.933184 0.00197646 4
0.933964 0.00195779 3
0.934744 0.00193661 3
0.935523 0.00191311 3
0.936303 0.00188879 3
0.937082 0.00186604 3
0.937862 0.00184778 3
0.938642 0.00185779 4
0.939421 0.00187726 2
0.940201 0.00190618 3
0.94098 0.00194335 3
0.94176 0.00198696 2
0.942539 0.00203425 2
0.943319 0.00208192 3
0.944099 0.0021274 3
0.944878 0.00216705 3
0.945658 0.002198 3
0.946437 0.0022187 3
0.947217 0.00222968 3
0.947996 0.00223241 3
0.948776 0.00222732 3
0.949556 0.00221501 3
0.950335 0.00219572 3
0.951115 0.00217172 3
0.951894 0.00214555 3
0.952674 0.00211912 4
0.953453 0.00209475 2
0.954233 0.00207471 2
0.955013 0.00205978 2
0.955792 0.00205014 2
0.956572 0.00204512 3
0.957351 0.0020439 3
0.958131 0.00204447 4
0.95891 0.0020451 2
0.95969 0.00204555 2
0.96047 0.00204495 3
0.961249 0.00204174 3
0.962029 0.00203626 3
0.962808 0.00202977 3
0.963588 0.0020239 3
0.964367 0.00198203 5
0.965147 0.00194231 4
0.965927 0.00190626 2
0.966706 0.0018757 3
0.967486 0.001852 3
0.968265 0.00183574 3
0.969045 0.00182675 3
0.969824 0.0018242 3
0.970604 0.00182636 3
0.971384 0.00183158 3
0.972163 0.001838 3
0.972943 0.00186092 5
0.973722 0.00188258 3
0.974502 0.001902 3
0.975281 0.00191816 3
0.976061 0.00193002 3
0.976841 0.0019361 3
0.97762 0.001938 3
0.9784 0.00193775 4
0.979179 0.00193639 3
0.979959 0.00193536 2
0.980738 0.00193577 2
0.981518 0.00193873 2
0.982298 0.00194476 1
0.983077 0.00195398 2
0.983857 0.00196597 2
0.984636 0.00197936 3
0.985416 0.00199362 4
0.986195 0.00200565 2
0.986975 0.00201541 3
0.987755 0.00202244 3
0.988534 0.0020257 3
0.989314 0.0020251 3
0.990093 0.00202161 3
0.990873 0.00201734 3
0.991653 0.00201442 3
0.992432 0.00201501 3
0.993212 0.00202024 2
0.993991 0.00203078 2
0.994771 0.00204622 2
0.99555 0.00206554 2
0.99633 0.00208777 3
0.99711 0.00211055 3
0.997889 0.0021322 3
0.998669 0.00215287 3
0.999448 0.00217138 3
