t sb -1 xb vb dt perf.t perf.speed
0 0 -1 0.5 0 7.15541e-05 0 0 
7.15541e-05 0 -1 0.5 0.000801887 7.15541e-05 0.01005 407562 1 145.291 625.855 0.232148 4 
0.00173726 -3.49539e-07 -1 0.5 0.0017805 0.0016657 0.031097 263434 7 460.694 35.0811 1.44465 6 2 518.099 116.554 2.10835 4 2 0.0598645 2.14471e-05 52.8324 3 
0.00485072 -8.61296e-06 -1 0.500002 0.00333808 0.00311346 0.053208 230943 7 94.0597 8.17513 1.41762 7 3 334.438 26.9989 2.31379 4 3 0.0513823 7.53435e-05 8.80216 2 
0.00928141 -1.39774e-05 -1 0.500015 0.00570557 0.00443069 0.072523 225915 2 35.0595 2.16984 4.01966 7 5 72.1871 17.8076 1.32303 6 5 0.0516529 7.96781e-05 3.65049 2 
0.0149031 -1.12477e-05 -1 0.500048 0.00913017 0.00562165 0.101498 201777 5 19.9806 2.70448 1.49178 7 4 42.2048 10.0641 1.43102 8 8 0.113886 6.95678e-05 2.52207 2 
0.0216111 -6.49149e-06 -1 0.50011 0.0132612 0.00670808 0.126906 193655 2 21.8036 1.92717 3.36359 7 2 12.2152 1.09881 3.33418 9 11 0.183231 9.15237e-05 1.99587 2 
0.0293072 -2.1382e-06 -1 0.500214 0.0180067 0.0076961 0.154087 186077 2 42.6498 0.954243 6.68542 7 2 11.5962 1.1304 3.20289 9 15 0.253834 9.60239e-05 1.691 2 
0.0378931 -1.59296e-07 -1 0.500369 0.0232406 0.00858582 0.188921 173448 2 69.6127 0.266088 16.1745 7 2 18.2222 2.36773 2.77418 9 22 0.331622 8.58404e-05 1.4556 2 
0.0472966 -9.98645e-07 -1 0.500587 0.0288187 0.00940351 0.212132 173779 2 292.268 0.708689 20.3078 6 2 23.1091 2.54005 3.01628 9 10 0.41776 8.2085e-05 2.34783 3 
0.0574433 -3.6327e-06 -1 0.500879 0.0348007 0.0101467 0.239791 170815 2 83.0946 0.451346 13.5685 6 2 24.8979 2.13453 3.41531 9 14 0.606553 6.73366e-05 1.91634 3 
0.0682615 -6.66626e-06 -1 0.501256 0.0412039 0.0108182 0.270047 166845 3 290.831 0.444813 8.67936 5 2 32.4639 1.65654 4.4269 9 13 1.13759 4.46659e-05 2.18235 4 
0.0797136 -8.31784e-06 -1 0.501726 0.0477296 0.0114521 0.322445 152435 4 270.76 0.240352 5.79341 4 2 35.0095 1.24878 5.29481 9 27 2.16178 7.20841e-05 1.46492 4 
0.0917313 -8.02433e-06 -1 0.5023 0.0545072 0.0120176 0.393037 135478 5 107.224 0.636062 2.78842 4 2 28.4834 1.05145 5.20476 9 38 2.53024 9.41893e-05 1.30785 4 
0.104213 -6.54696e-06 -1 0.502982 0.06148 0.0124818 0.483042 118714 8 278.068 0.568939 2.16838 4 2 55.1029 1.21868 6.72423 9 49 2.30818 9.38237e-05 1.22917 4 
0.117199 -5.13345e-06 -1 0.503782 0.0686333 0.0129856 0.523093 117455 4 182.09 0.56902 4.22951 4 2 65.1851 1.45405 6.69551 9 16 2.29545 7.40923e-05 1.90851 5 
0.130607 -3.68689e-06 -1 0.504705 0.075914 0.0134084 0.566854 115614 7 274.453 0.491288 2.46858 4 2 61.5779 1.38129 6.67681 9 16 3.57524 6.99168e-05 1.96922 5 
0.144336 -2.24536e-06 -1 0.505751 0.0832566 0.0137292 0.607947 114536 7 268.786 0.468679 2.47786 4 2 93.2638 0.9536 9.88948 9 15 3.08166 5.16828e-05 2.08143 5 
0.158473 -7.62793e-07 -1 0.506932 0.0906991 0.0141369 0.649163 113574 8 299.354 0.347179 2.32784 5 2 112.226 1.35591 9.09771 9 14 3.15396 6.02351e-05 2.17306 5 
0.172897 5.63474e-07 -1 0.508246 0.0982572 0.014424 0.682931 113956 4 297.181 0.242569 5.91625 5 2 103.691 1.90632 7.37518 9 12 4.42541 8.98594e-05 2.46055 5 
0.187622 2.06146e-06 -1 0.509696 0.105668 0.0147245 0.716287 114368 5 338.985 0.267685 4.1736 4 3 134.628 0.123392 10.2948 8 10 3.63209 7.98569e-05 2.9227 5 
0.202581 3.44351e-06 -1 0.511282 0.113135 0.0149595 0.747379 115090 6 421.846 0.425305 3.15798 3 3 150.004 0.150178 9.99615 7 9 4.25525 5.31879e-05 3.50583 5 
0.217785 5.28775e-06 -1 0.513005 0.120579 0.0152034 0.779076 115665 8 322.583 0.403119 2.30622 5 3 135.132 0.459042 6.65224 7 8 4.79932 3.34022e-05 4.41241 5 
0.233156 7.38384e-06 -1 0.514857 0.128053 0.0153714 0.803283 117279 4 505.583 0.177689 7.30353 5 3 202.823 0.772419 6.40356 7 6 3.59636 6.93761e-05 6.10626 5 
0.248788 9.61972e-06 -1 0.516853 0.135323 0.0156319 0.837014 117446 9 2931.69 0.340769 2.73643 6 4 1192.53 1.08118 5.76293 5 7 4.81963 2.37337e-05 5.73107 5 
0.264599 1.12345e-05 -1 0.518995 0.142617 0.0158116 0.868038 117967 4 1139.83 0.129119 9.6931 5 5 461.855 0.764352 3.5995 4 10 10.0071 4.67533e-05 3.41232 4 
0.280503 1.2854e-05 -1 0.521268 0.149696 0.0159035 0.898761 118492 8 918.485 0.376748 2.6508 6 5 673.885 1.26711 3.50876 3 8 7.90742 8.93151e-05 4.15326 4 
0.296595 1.47253e-05 -1 0.523686 0.156737 0.0160917 0.929929 118925 4 709.846 0.072064 9.96234 5 5 466.637 1.1303 3.33547 3 11 6.2093 8.07158e-05 2.78093 4 
0.312783 1.71079e-05 -1 0.52623 0.163605 0.0161881 0.977542 117323 5 924.21 0.32683 4.90106 4 5 502.057 0.99107 3.4748 3 22 7.42921 9.73671e-05 1.66699 4 
0.329168 2.06487e-05 -1 0.528911 0.170338 0.0163855 1.03183 115120 5 584.082 0.268718 4.64981 3 5 460.566 0.738403 3.62243 3 27 6.31337 8.57107e-05 1.51449 4 
0.345655 2.55748e-05 -1 0.531709 0.176886 0.0164866 1.09586 112131 7 1193.87 0.274708 3.30923 2 5 553.289 0.755053 3.74106 3 33 6.07397 8.77681e-05 1.40175 4 
0.362244 3.1096e-05 -1 0.534644 0.183141 0.0165897 1.2056 105322 12 3248.46 0.278517 2.18224 4 5 1464.99 0.55787 4.82903 3 50 10.6708 9.30814e-05 1.26237 5 
0.378939 3.64352e-05 -1 0.537709 0.189263 0.0166947 1.26082 103958 7 1472.48 0.326905 3.32619 3 5 789.954 0.661625 4.12475 3 20 9.95122 6.99202e-05 1.80994 6 
0.395634 4.2704e-05 -1 0.540876 0.195094 0.0166947 1.30712 103409 10 1008.13 0.353888 2.21547 3 6 624.925 0.632533 3.15591 2 15 8.49352 4.62588e-05 2.2435 6 
0.412436 5.02152e-05 -1 0.544146 0.200667 0.0168024 1.34265 103723 9 1610.47 0.298942 2.59774 3 5 1041.26 1.3621 3.77286 2 10 8.55561 8.93243e-05 3.14868 6 
0.429348 5.70254e-05 -1 0.54754 0.206025 0.0169122 1.37865 103986 9 914.1 0.246425 2.49224 3 5 705.639 1.10202 3.64149 2 10 7.92276 4.10414e-05 3.37727 6 
0.44626 6.32722e-05 -1 0.551021 0.211062 0.0169122 1.4205 103806 15 6997.89 0.308903 1.95139 6 5 3345.49 1.07154 4.99909 2 10 7.72778 4.96845e-05 3.30509 6 
0.463061 6.61913e-05 -1 0.554562 0.215749 0.0168009 1.45774 103963 7 1676.26 0.332892 3.37958 6 5 829.93 1.0982 3.76419 2 10 14.2757 9.18189e-05 3.30496 6 
0.479535 6.8992e-05 -1 0.558114 0.220071 0.0164736 1.49674 103991 7 1707.41 0.347095 3.36832 6 6 1277.64 0.768185 3.4421 2 10 10.6348 4.58958e-05 3.4395 6 
0.495692 7.24189e-05 -1 0.561675 0.224042 0.0161568 1.53294 104208 6 1727.47 0.293319 4.24957 4 6 1273.77 0.786166 3.42712 2 10 9.25735 3.01875e-05 3.53725 6 
0.511542 7.74013e-05 -1 0.565211 0.227652 0.0158501 1.56713 104548 8 1039.8 0.344157 2.72285 3 6 852.922 1.25136 2.96657 2 9 7.35491 8.40029e-05 3.54114 6 
0.527095 8.33e-05 -1 0.568741 0.2309 0.0155529 1.60499 104634 13 6530.78 0.364323 2.12418 4 6 3150.2 0.971098 3.8475 2 9 6.43285 3.87824e-05 3.80167 6 
0.542454 8.74053e-05 -1 0.572289 0.233855 0.0153597 1.65248 104105 10 2401.58 0.406923 2.38286 4 6 1094.35 0.594035 3.50126 2 14 12.9834 5.42294e-05 2.42228 6 
0.557624 9.01152e-05 -1 0.575826 0.236495 0.01517 1.69457 103937 10 1975.85 0.321308 2.39267 5 4 1454.82 1.16088 5.94985 2 11 10.1967 4.31639e-05 3.07954 6 
0.572608 9.22631e-05 -1 0.579362 0.238889 0.0149839 1.73099 104116 8 1757.67 0.347442 2.90407 5 8 1337.28 1.44217 2.3491 2 8 8.7146 3.70809e-05 4.69231 6 
0.5875 9.48088e-05 -1 0.582921 0.24103 0.014892 1.76383 104500 6 1022.38 0.372631 3.74158 5 9 848.855 1.28057 2.05822 2 7 6.86097 6.62829e-05 5.20507 6 
0.602211 9.7944e-05 -1 0.586434 0.242903 0.0147104 1.80014 104668 11 5416.58 0.353123 2.40175 5 7 2633.72 0.840078 3.15838 3 7 4.51219 3.68274e-05 5.33197 6 
0.616831 0.000100074 -1 0.589986 0.244543 0.0146207 1.83747 104770 10 3416.4 0.385672 2.48162 5 6 1584.94 1.47213 3.20143 3 9 12.5017 3.16624e-05 4.18625 5 
0.631452 0.000101647 -1 0.593555 0.245985 0.0146207 1.8781 104685 9 2428.86 0.402955 2.63037 5 5 1718.34 0.667125 4.81039 3 14 9.8715 6.45167e-05 2.34605 4 
0.645983 0.00010364 -1 0.597108 0.247218 0.014531 1.92099 104479 7 1690.6 0.440737 3.25073 3 5 1296.95 0.607992 4.63239 2 18 8.60728 8.12281e-05 1.90185 4 
0.660514 0.000107259 -1 0.600702 0.248286 0.014531 1.96038 104470 8 1083.78 0.395985 2.68941 3 5 890.534 0.905427 3.96789 2 16 6.50441 5.82196e-05 2.0678 4 
0.674955 0.000111649 -1 0.604255 0.249125 0.0144413 1.99691 104609 11 3617.51 0.359424 2.31149 3 6 1768.29 1.04544 3.45177 2 13 5.08395 6.24826e-05 2.38631 4 
0.689396 0.000115903 -1 0.607832 0.249769 0.0144413 2.05961 103414 8 4213.67 0.37203 3.21189 3 6 1970.66 0.900534 3.60317 2 27 11.9456 6.7558e-05 1.56442 5 
0.703928 0.000120086 -1 0.611477 0.250269 0.0145321 2.11093 102840 8 2518.58 0.400729 2.98393 3 5 1672.3 1.65108 3.99126 2 21 9.38126 7.68537e-05 1.7467 5 
0.718461 0.000124244 -1 0.615078 0.250599 0.0145321 2.15228 102767 8 1839.07 0.383549 2.88468 3 5 1350.76 1.63091 3.8338 2 13 8.40689 7.50382e-05 2.44575 5 
0.732993 0.000128352 -1 0.618707 0.250782 0.0145321 2.183 103197 7 1108.38 0.414717 3.08718 3 6 885.162 0.657772 3.3227 2 9 6.6091 6.54121e-05 3.59794 5 
0.747525 0.000132838 -1 0.622328 0.250842 0.0145321 2.21093 103746 9 3250.37 0.47289 2.66902 4 5 1586.65 0.938172 4.42221 2 7 5.3279 7.90841e-05 4.89532 5 
0.762057 0.000136629 -1 0.625966 0.250793 0.0145321 2.24772 103871 13 4347.97 0.351535 2.0644 5 5 2050.12 1.44155 4.27159 2 10 11.8426 4.87802e-05 3.45558 4 
0.776589 0.000138032 -1 0.629585 0.25059 0.0145321 2.27675 104345 7 2792.24 0.472682 3.45756 4 5 1793.69 1.85847 3.95292 2 9 9.14157 3.58222e-05 3.98807 4 
0.791217 0.000140105 -1 0.63323 0.250285 0.0146277 2.3078 104716 9 1912.02 0.450739 2.52966 5 5 1388.78 1.70924 3.81914 2 9 8.77818 3.60779e-05 3.967 4 
0.805844 0.000142748 -1 0.636878 0.249925 0.0146277 2.33478 105260 6 1237.48 0.409921 3.80166 4 5 977.005 1.77365 3.53351 2 8 6.77584 7.23498e-05 4.18255 4 
0.82057 0.000146852 -1 0.640533 0.249411 0.0147259 2.36626 105591 9 4292.24 0.405565 2.80014 5 6 2109.08 0.919328 3.63165 2 9 10.1673 2.94759e-05 4.12386 4 
0.835296 0.000149936 -1 0.644189 0.248861 0.0147259 2.43256 104397 11 4645.02 0.445548 2.3189 5 6 2225.25 0.342136 4.32046 2 25 12.5831 6.44595e-05 1.62787 5 
0.850123 0.000151501 -1 0.64785 0.248213 0.0148267 2.48335 103911 9 2608.94 0.358184 2.68628 5 6 1773.62 0.616296 3.77148 2 18 10.3044 6.51658e-05 1.94461 5 
0.86495 0.00015283 -1 0.651516 0.247557 0.0148267 2.515 104232 4 2306.99 0.315912 9.24421 4 6 1736.82 0.700887 3.67861 2 11 9.11919 7.79312e-05 2.88901 5 
0.87988 0.00015531 -1 0.655188 0.246758 0.0149304 2.5518 104334 11 1410.54 0.369097 2.1167 5 7 1075.03 0.866742 2.76652 3 8 8.9346 3.02522e-05 4.82825 5 
0.89481 0.000156936 -1 0.658849 0.245975 0.0149304 2.58947 104398 9 7447.53 0.382351 2.99652 5 5 3698.07 1.40279 4.83278 3 12 11.08 8.33175e-05 2.6729 4 
0.909848 0.000158274 -1 0.662522 0.245095 0.0150371 2.6341 104184 8 2609.58 0.4415 2.96111 6 5 1229.87 1.06009 4.10112 3 17 13.3271 6.70591e-05 2.04957 3 
0.924994 0.000159815 -1 0.666207 0.244177 0.015146 2.67916 103961 7 1674.71 0.408123 3.28219 6 5 1136.13 0.833563 4.23543 3 18 10.1074 7.84745e-05 1.92258 4 
0.94014 0.000161761 -1 0.669886 0.243249 0.015146 2.73074 103497 6 2183.14 0.411073 4.17696 4 5 1598.68 1.11736 4.27675 2 22 8.36379 9.93943e-05 1.67442 5 
0.955398 0.00016569 -1 0.673567 0.242278 0.0152582 2.77616 103279 11 1851.54 0.321594 2.19704 4 5 1349.53 0.895327 4.32155 2 16 11.4333 7.70857e-05 2.10475 5 
0.970771 0.000169047 -1 0.677273 0.24126 0.0153729 2.8578 101762 7 7788.04 0.407347 4.08919 3 5 3836.67 0.995254 5.2144 2 38 18.4711 9.31668e-05 1.37848 5 
0.986261 0.000172862 -1 0.680983 0.240222 0.0154903 2.96235 99553.5 9 3229.34 0.395729 2.72041 3 6 1607.57 1.52403 3.19053 2 50 11.5635 9.74637e-05 1.26324 5 
1.00187 0.000177352 -1 0.684714 0.239146 0.0156104 3.03088 98654 14 2115.38 0.308815 1.87922 3 9 1280.18 1.1242 2.18576 2 24 9.17125 9.13605e-05 1.61586 5 
1.0176 0.000181475 -1 0.688438 0.238069 0.0157333 3.08548 98235.5 9 1561.05 0.269098 2.61919 3 9 1067.01 1.42172 2.08681 2 19 9.77632 5.94409e-05 1.88162 5 
1.03346 0.000184605 -1 0.692191 0.237048 0.0158592 3.14025 97826.5 10 4544.14 0.304444 2.61453 4 9 2246.78 1.43088 2.2652 2 18 13.0471 5.79034e-05 1.98325 5 
1.04932 0.000187746 -1 0.695918 0.235999 0.0158592 3.18543 97724.9 10 4866.1 0.393492 2.56581 5 6 2361.42 1.40556 3.44789 2 15 16.365 7.63541e-05 2.26676 5 
1.06531 0.000189853 -1 0.69968 0.234926 0.0159892 3.22609 97763 7 1759.32 0.378639 3.34098 4 5 1238.03 1.483 3.83988 2 14 21.7303 8.12807e-05 2.44145 5 
1.08143 0.00019229 -1 0.703436 0.233882 0.0161224 3.26673 97800.6 8 2234.78 0.268156 3.09105 5 7 1683.11 1.46534 2.73632 2 13 9.32132 3.64958e-05 2.6058 5 
1.09769 0.000195659 -1 0.707206 0.232803 0.016259 3.30213 97992.4 6 2149.05 0.36146 4.25629 4 7 1582.34 1.00453 2.86261 2 11 9.18378 9.09129e-05 2.85066 5 
1.11409 0.000199076 -1 0.710986 0.231787 0.0163992 3.38252 96874.6 11 6767.98 0.313759 2.47735 5 6 3393.94 0.816601 4.00974 2 34 13.6093 7.34556e-05 1.42868 5 
1.13049 0.000201082 -1 0.714765 0.230788 0.0163992 3.45384 96060.1 8 3537.33 0.36055 3.15474 5 6 1843.01 1.11526 3.43842 2 31 18.7161 8.74687e-05 1.48575 5 
1.14704 0.000203332 -1 0.71856 0.229827 0.0165443 3.50029 95955.3 9 2911.37 0.304097 2.76913 5 5 1931.73 0.504509 5.20734 2 16 18.6548 5.9902e-05 2.20462 5 
1.16373 0.000205625 -1 0.72237 0.228894 0.0166934 3.54111 96006.1 7 1893.03 0.297298 3.49481 5 5 1417.32 0.756458 4.51374 2 16 18.7126 6.58828e-05 2.19197 4 
1.18042 0.000207956 -1 0.726154 0.227974 0.0166934 3.58365 96009.3 10 10024.9 0.353666 2.78772 5 7 5052.39 0.472869 3.76302 2 14 10.4842 7.30821e-05 2.33527 4 
1.19727 0.000209292 -1 0.729973 0.227055 0.0168479 3.62519 96039.1 11 3637.48 0.332294 2.3292 4 6 1793.59 0.716606 3.68474 2 14 14.2914 4.90545e-05 2.45648 4 
1.21412 0.000210828 -1 0.733761 0.226161 0.0168479 3.66491 96115.9 9 2781.57 0.321228 2.7384 4 5 1668.98 0.830609 4.57732 2 15 16.6222 4.64462e-05 2.34557 4 
1.23097 0.000213421 -1 0.737553 0.225344 0.0168479 3.69935 96328.4 8 1757.44 0.338605 2.91339 4 5 1252.66 0.896705 4.25635 2 12 19.9487 4.54981e-05 2.9523 4 
1.24798 0.000217389 -1 0.741337 0.224516 0.0170099 3.7852 95225.6 8 8999.51 0.327807 3.58777 4 6 4473.77 1.00994 4.05256 2 46 29.7992 8.08429e-05 1.32133 4 
1.26499 0.000221025 -1 0.745147 0.223781 0.0170099 3.89104 93688 9 3335.77 0.256065 2.86553 4 6 1623.1 0.927601 3.47134 2 50 19.7239 8.60178e-05 1.27999 5 
1.282 0.000224168 -1 0.748921 0.223059 0.0170099 3.94307 93490.7 8 2586.52 0.249571 3.17644 5 6 1449.6 0.831747 3.46904 2 20 19.3625 8.77149e-05 1.8501 5 
1.29918 0.000227351 -1 0.752735 0.222402 0.01718 3.97842 93689.4 7 1755.51 0.280621 3.48599 5 5 1202.89 1.09814 4.05428 2 11 19.944 6.31066e-05 3.1621 5 
1.31636 0.000230647 -1 0.756517 0.221765 0.01718 4.01561 93841.7 10 6697.51 0.332192 2.69434 5 6 3346.99 1.16271 3.77164 2 10 19.4063 3.10226e-05 3.79862 5 
1.33354 0.000232769 -1 0.760305 0.221173 0.01718 4.05522 93935.2 11 3130.06 0.338702 2.29362 5 6 1515.74 1.20343 3.28625 2 12 19.4568 7.62893e-05 2.82196 4 
1.35072 0.00023419 -1 0.76407 0.2206 0.01718 4.11292 93613.2 9 2455.13 0.337331 2.68604 4 5 1317.01 1.35093 3.96088 2 31 33.1842 8.45887e-05 1.51509 3 
1.36673 0.00023577 -1 0.767595 0.220227 0.0160125 4.17842 93126 9 1558.66 0.378992 2.52098 4 5 992.831 1.16349 3.85676 2 36 43.2939 7.24843e-05 1.44694 3 
1.38274 0.000238108 -1 0.771079 0.219867 0.0160125 4.22137 93148.9 9 1943.29 0.315125 2.63704 4 6 1149.28 0.603023 3.52113 2 20 43.5898 7.63541e-05 1.94012 3 
1.39829 0.000240103 -1 0.774489 0.219608 0.0155506 4.29763 92449.1 13 5756.37 0.369022 2.10158 4 6 2836.66 0.95071 3.79425 2 31 17.2911 9.72537e-05 1.4769 5 
1.414 0.000241047 -1 0.777919 0.219319 0.015703 4.35613 92147.9 13 2544.06 0.330644 1.99038 4 6 1740.28 1.09021 3.41863 2 21 18.877 7.74703e-05 1.80515 5 
1.42939 0.000241898 -1 0.781286 0.219139 0.0153981 4.39363 92293.6 8 2322.79 0.391657 2.96236 4 6 1714.47 1.46789 3.24518 2 12 17.6635 8.49092e-05 2.77445 5 
1.44494 0.000243246 -1 0.784658 0.218978 0.0155506 4.4444 92160.8 6 2010.17 0.39742 4.14315 3 6 1511.51 1.50895 3.16317 2 24 21.7831 6.37538e-05 1.70046 4 
1.46019 0.000245407 -1 0.787984 0.218742 0.0152456 4.50157 91900.4 13 8590.82 0.300485 2.20184 5 7 4359.44 1.28914 3.19272 3 20 21.9146 6.00364e-05 1.89721 5 
1.475 0.000246142 -1 0.791197 0.218586 0.0148059 4.54999 91822.7 5 2816.67 0.199466 6.76042 3 6 1510.08 1.44691 3.18488 3 18 39.3694 9.21919e-05 2.05496 5 
1.4898 0.000247737 -1 0.794426 0.218551 0.0148059 4.60191 91676.7 6 1953.29 0.334668 4.24319 2 6 1144 1.25165 3.11523 3 20 53.027 5.55221e-05 1.99068 5 
1.50461 0.000250033 -1 0.797635 0.218448 0.0148059 4.65488 91513.4 10 1476.1 0.326876 2.31992 2 5 1230.29 1.82221 3.68029 2 21 66.352 6.95916e-05 1.92632 5 
1.51899 0.000252557 -1 0.800773 0.218508 0.0143788 4.70476 91413.9 6 1949.83 0.340708 4.22931 2 5 1485.85 1.89947 3.79025 2 22 65.0879 6.63521e-05 1.87218 5 
1.53351 0.000256154 -1 0.803914 0.218466 0.0145197 4.7748 90930.8 9 7331.41 0.403572 2.97339 3 5 3611.18 1.0791 5.06895 2 32 34.6758 9.74818e-05 1.49098 5 
1.54774 0.000260329 -1 0.807021 0.218464 0.0142378 4.85781 90220.1 9 3264.28 0.398252 2.72175 2 5 2831.58 1.21061 4.71851 2 39 35.1221 8.47373e-05 1.39328 5 
1.56198 0.000264283 -1 0.81011 0.218468 0.0142378 4.90981 90098.9 8 2287.33 0.460535 2.8974 2 5 2361.34 1.1807 4.57303 2 22 35.8034 9.47183e-05 1.79276 5 
1.57568 0.000269005 -1 0.813104 0.218532 0.0136954 4.95246 90149.9 9 1657.3 0.352988 2.55835 3 6 1446.02 1.07894 3.32044 2 16 35.3751 8.72386e-05 2.2413 5 
1.58924 0.000272689 -1 0.816046 0.218629 0.013565 4.99005 90291.6 6 1863.35 0.477336 3.96806 3 4 1710.92 1.94844 5.44359 2 15 41.052 7.24771e-05 2.41848 5 
1.60173 0.00027654 -1 0.818764 0.218755 0.0124846 5.02714 90440.2 9 7088.55 0.556429 2.85843 3 5 3529.72 2.10014 4.4167 2 13 30.9357 4.52003e-05 2.81106 5 
1.61432 0.000279347 -1 0.821499 0.218842 0.0125971 5.06147 90636.2 6 2108.17 0.452799 4.08633 4 5 2312.96 1.4264 4.38516 2 12 32.6868 5.392e-05 3.03309 5 
1.62659 0.000281956 -1 0.824183 0.218973 0.0122626 5.09306 90878.1 5 1640.57 0.525666 4.9987 3 5 1459.72 1.37104 4.03129 2 11 32.2277 7.2853e-05 3.26026 5 
1.63885 0.000285335 -1 0.826854 0.219047 0.0122626 5.12623 91089.2 8 1850.75 0.490902 2.79927 2 5 1988.83 1.57752 4.16989 2 11 38.3851 7.85497e-05 3.28991 5 
1.65038 0.000288856 -1 0.829383 0.219259 0.0115352 5.16297 91234.4 11 2913.84 0.639526 2.1508 2 5 2409.9 2.09062 4.09586 2 10 42.3419 8.89195e-05 3.69639 5 
1.66154 0.000291704 -1 0.831807 0.219417 0.0111539 5.19709 91423.6 7 1932.41 0.699154 3.10204 2 5 2192.02 2.25052 3.96016 2 10 33.6427 3.06426e-05 4.01843 5 
1.67233 0.00029511 -1 0.834168 0.219587 0.0107941 5.23496 91544.6 11 5977.4 0.800759 2.24953 3 5 2871.49 1.85285 4.34564 2 12 40.5094 7.27825e-05 3.01158 5 
1.68304 0.000296758 -1 0.836507 0.219735 0.010707 5.27517 91623.3 7 2439.94 0.721897 3.19249 3 5 2916.93 2.33554 4.16206 2 15 33.7249 4.99648e-05 2.44692 5 
1.69383 0.000298163 -1 0.838883 0.219873 0.0107948 5.31115 91773.7 8 3063.33 0.690798 2.85664 3 5 2228.2 1.41413 4.36007 2 12 44.9477 9.15923e-05 2.98014 5 
1.70463 0.000299453 -1 0.841247 0.219991 0.0107948 5.34084 92030.4 6 1928.35 0.678495 3.76363 4 4 2296.24 2.78061 5.36068 2 10 57.7936 4.06315e-05 4.12384 5 
1.71542 0.000300883 -1 0.843628 0.220129 0.0107948 5.37661 92180.1 6 3103.32 0.79271 3.96995 3 5 2598.82 3.16678 3.82676 2 15 70.6591 7.04404e-05 2.51241 4 
1.72523 0.000302891 -1 0.845776 0.220325 0.00980593 5.414 92300 7 1440.78 0.949336 2.84744 3 6 2086.58 3.07663 2.9641 2 13 67.3814 5.39383e-05 2.94424 4 
1.73503 0.000304727 -1 0.84793 0.220496 0.00980593 5.44605 92508.9 8 2571.42 0.776978 2.75404 2 4 3262.95 3.93296 5.36689 2 13 77.3286 4.92516e-05 2.99647 4 
1.74484 0.000306829 -1 0.850076 0.22061 0.00980593 5.47961 92689.8 8 3604.6 0.997446 2.78449 2 6 1720.95 2.84613 2.90794 2 13 82.4937 8.93852e-05 2.87646 4 
1.75472 0.000308773 -1 0.852256 0.220664 0.00988314 5.51484 92840.4 9 4186.75 0.921401 2.54907 2 7 3494.63 2.86754 2.75957 2 13 85.5486 5.34271e-05 3.001 4 
1.76461 0.000310879 -1 0.854427 0.220723 0.00988314 5.55451 92914.7 8 4107.52 0.790941 2.9136 3 7 3618.61 2.99198 2.75657 2 17 92.0708 8.92229e-05 2.2581 4 
1.77441 0.0003124 -1 0.856593 0.220808 0.00980471 5.59769 92929.7 7 5103.81 0.695024 3.56673 3 7 5452.09 2.81832 2.94788 2 21 96.5477 8.9766e-05 1.93741 4 
1.7843 0.000313947 -1 0.858767 0.220853 0.00988378 5.63828 92987.2 6 3041.81 0.722531 4.01833 3 5 3483.17 3.95398 3.8814 2 21 98.0826 4.81435e-05 1.99724 4 
1.79418 0.000315688 -1 0.860953 0.220888 0.00988378 5.67355 93131.1 7 6340.35 0.801454 3.60488 2 6 5030.25 3.70294 3.32793 2 15 103.815 9.28339e-05 2.53068 4 
1.80305 0.000317461 -1 0.862901 0.221009 0.00886633 5.71194 93222.3 6 5211.62 1.17811 4.05164 2 5 3072.57 2.46415 4.1607 2 20 69.5181 4.46248e-05 2.03998 4 
1.80948 0.000318136 -1 0.864321 0.221321 0.00643524 5.74528 93394.2 8 5232.62 2.36183 2.61929 2 5 5173.89 2.84023 4.48841 2 16 29.5282 7.04949e-05 2.24585 3 
1.81599 0.00031806 -1 0.865755 0.221399 0.00650557 5.78349 93485.4 9 4213.84 1.91802 2.35133 2 8 3100.53 7.80069 2.11306 2 15 34.3125 7.64065e-05 2.38134 4 
1.82271 0.000318776 -1 0.867245 0.221489 0.00672735 5.82555 93513.6 6 3554.07 1.79641 3.54313 2 5 3982.76 3.54724 4.07435 2 18 39.7576 5.88817e-05 2.10794 4 
1.82968 0.000318494 -1 0.868783 0.221556 0.00696619 5.86366 93604.4 6 3464.23 1.09922 3.82901 2 6 3315.22 6.33383 2.83884 2 17 45.0213 5.31135e-05 2.23212 4 
1.8369 0.000319455 -1 0.870385 0.221634 0.0072242 5.89995 93722.8 8 2286.36 1.56334 2.48677 2 4 4331 6.42039 5.09632 2 16 54.33 6.51513e-05 2.34461 4 
1.84431 0.000320798 -1 0.872022 0.221713 0.00740825 5.93044 93931.7 7 2349.07 1.59133 2.83618 2 5 2294.04 5.7496 3.31278 2 12 64.3139 4.76075e-05 3.24254 4 
1.85192 0.000322093 -1 0.873709 0.221774 0.00760321 5.96067 94142.4 7 2709.29 1.66399 2.87617 2 6 3900.38 4.83036 3.05156 2 11 75.8468 4.61724e-05 3.67325 4 
1.85967 0.000323467 -1 0.875424 0.221836 0.00775733 5.98991 94366.7 10 1564.99 1.45435 2.00995 2 6 2025.87 5.76174 2.6567 2 9 88.0318 5.01617e-05 4.94092 4 
1.86759 0.000324516 -1 0.877182 0.221878 0.00791894 6.01727 94618.3 8 1672.41 1.23455 2.46308 2 6 1705.7 5.68671 2.58726 2 9 101.535 2.64309e-05 5.39028 4 
1.87568 0.000325575 -1 0.878969 0.221869 0.00808863 6.04369 94882.5 9 3260.08 1.51071 2.34666 2 6 3819.43 4.59945 3.06584 2 8 117.865 9.78048e-05 5.75609 4 
1.88383 0.000326836 -1 0.880779 0.221866 0.00814724 6.06993 95147 8 4176.56 1.23548 2.76136 2 6 3027.84 5.18535 2.89107 2 8 133.983 8.06281e-05 5.99198 4 
1.8921 0.000328106 -1 0.882608 0.221812 0.00826794 6.10025 95345.6 7 2567.3 1.10904 3.02445 3 5 2466.27 5.3715 3.40713 2 8 153.03 8.4188e-05 6.05955 4 
1.90043 0.000329281 -1 0.884458 0.221762 0.00833011 6.12941 95560.3 7 2755.52 0.922256 3.13674 3 6 2761.26 4.76763 2.88714 2 9 170.98 2.51465e-05 5.74332 4 
1.90882 0.000330421 -1 0.886312 0.221677 0.0083937 6.15941 95759.8 6 2588.12 1.3129 3.541 2 5 2835.45 5.22796 3.52256 2 9 189.456 4.73845e-05 5.41429 4 
1.91721 0.000331748 -1 0.888173 0.221549 0.0083937 6.18899 95964 8 4862.89 1.38969 2.7733 2 6 4217.55 5.61746 3.01476 2 9 185.719 7.50053e-05 5.13356 4 
1.92443 0.000333281 -1 0.889765 0.22097 0.00721858 6.23114 95972.1 10 18346.8 1.79407 2.51752 3 9 16126.3 6.99282 2.36403 2 17 81.0887 8.74428e-05 2.24395 3 
1.92773 0.000334088 -1 0.890493 0.221165 0.00329929 6.25252 96299 5 4169.5 7.92278 3.5014 3 5 24097.2 9.4749 4.7982 2 6 28.6162 7.93495e-05 8.4368 3 
1.93135 0.000333184 -1 0.891292 0.220928 0.00362253 6.27448 96614.9 5 2785.48 4.26839 3.65534 3 5 15308.9 16.3565 3.92872 2 7 30.0322 3.96276e-05 6.91738 3 
1.93543 0.000333949 -1 0.892191 0.220591 0.0040788 6.29494 96951.5 4 2810.48 3.50322 5.32204 2 4 4940.79 8.28209 4.94213 2 8 35.2179 3.21125e-05 5.68867 3 
1.94 0.000334733 -1 0.893194 0.22025 0.00456896 6.31508 97290.9 4 3941.69 4.70457 5.3801 2 4 3740.23 11.0942 4.285 2 9 40.9517 2.88052e-05 4.82664 3 
1.94503 0.000334143 -1 0.894299 0.220211 0.00502369 6.33587 97618.1 5 4067.32 2.13087 4.53054 2 4 5240.31 8.05281 5.05071 2 9 48.5787 7.5456e-05 4.41995 3 
1.95041 0.000333169 -1 0.895478 0.220011 0.00538252 6.358 97922.6 5 3076.28 2.75726 4.0692 2 4 3863.86 6.57962 4.92272 2 10 57.3224 4.49679e-05 4.07889 3 
1.95611 0.000332882 -1 0.896735 0.219881 0.00570431 6.4078 97800.9 9 1609.38 2.99383 2.01086 2 4 2055.39 3.4965 4.92397 3 29 65.4677 9.61906e-05 1.58904 3 
1.96208 0.000333259 -1 0.898046 0.219754 0.00596507 6.48509 97266.8 6 4940.44 2.46561 3.55064 2 4 4883.99 9.7871 4.7264 2 53 72.9028 9.0007e-05 1.29265 3 
1.96829 0.000333841 -1 0.899417 0.219625 0.00621511 6.51427 97459.8 6 4328.52 2.33296 3.50541 2 4 6008.2 6.77334 5.4574 2 13 87.2992 6.30191e-05 2.96774 4 
1.9747 0.000334484 -1 0.900825 0.21947 0.00640812 6.58713 97003.8 7 2971.06 2.11385 2.81638 3 5 3147.21 2.3099 4.23513 2 48 102.085 9.66127e-05 1.33505 3 
1.98123 0.000335025 -1 0.902261 0.219339 0.00653057 6.64511 96773.8 5 1634.54 1.47906 4.06146 3 4 1693.05 3.60625 4.65483 3 37 116.159 9.7878e-05 1.45939 3 
1.98785 0.000335438 -1 0.903708 0.219174 0.00661538 6.68733 96775.3 5 4177.84 0.932052 5.37406 2 4 4044.63 1.61379 7.07552 3 25 130.122 9.77855e-05 1.75777 3 
1.99459 0.000335909 -1 0.905187 0.219008 0.00674769 6.72577 96831.1 5 4300.9 0.931661 5.4058 2 4 4731.42 4.72058 5.62664 2 22 147.144 6.86539e-05 1.93989 3 
2.00143 0.000336355 -1 0.906677 0.218774 0.0068395 6.75507 97017.5 5 2992.27 0.992412 4.96434 2 5 3097.45 1.94461 4.36953 2 15 164.31 7.92835e-05 2.63693 3 
2.00832 0.000337046 -1 0.908181 0.218553 0.00688667 6.78309 97220.5 5 3665.47 1.5919 4.70374 2 5 3659 1.60178 4.69626 2 14 179.81 5.81136e-05 2.9081 3 
2.01525 0.000337655 -1 0.909688 0.218353 0.00693482 6.81113 97421.7 5 1357.08 1.43334 3.93778 2 5 2224.11 1.8809 4.11679 2 14 196.181 4.65286e-05 2.9731 3 
2.02224 0.000338813 -1 0.911209 0.218011 0.00698401 6.84021 97606.4 6 3929.16 1.90143 3.56892 2 5 4149.91 3.22435 4.18716 3 14 213.235 4.78218e-05 2.98501 3 
2.02927 0.000339881 -1 0.912737 0.217722 0.00703425 6.86887 97795.4 5 3450.69 1.38952 4.77538 2 5 3357.8 3.99541 3.84502 2 14 231.117 6.72604e-05 2.92996 3 
2.03636 0.000340925 -1 0.914283 0.216534 0.0070856 6.90196 97920.1 9 19974.1 1.64161 2.84388 3 5 19189.9 7.17982 4.84609 2 15 142.782 6.5765e-05 2.64512 3 
2.04032 0.000342407 -1 0.915142 0.215792 0.0039656 6.92747 98150.7 5 9774.4 3.75591 4.82031 3 5 11505.4 12.3868 3.92273 3 11 90.3826 2.56131e-05 3.93766 3 
2.04455 0.000344277 -1 0.916057 0.214701 0.00422765 6.95185 98395.6 5 6257.06 3.52051 4.46635 2 5 11675.9 7.42259 4.3586 2 11 105.213 7.63459e-05 3.61507 3 
2.04915 0.000346118 -1 0.917043 0.213677 0.0045935 6.9779 98615.3 5 6604.79 1.21094 5.58917 2 5 10173.5 13.0878 3.78547 2 12 120.716 6.75739e-05 3.31894 3 
2.05405 0.000345895 -1 0.918094 0.212754 0.00490131 7.00486 98820.6 5 4884.61 2.37885 4.59719 2 5 5351.24 3.4357 4.34998 3 13 133.353 4.11731e-05 3.1681 3 
2.05927 0.000343372 -1 0.919206 0.212011 0.00522626 7.03152 99028.4 7 9848.55 2.63118 3.23937 2 4 10785.2 5.57933 6.63073 2 12 147.926 9.81025e-05 3.27238 3 
2.06487 0.000341292 -1 0.920398 0.211371 0.00559956 7.05571 99269.4 6 7663.97 2.90111 3.71805 2 5 9433.63 10.7372 3.87934 2 10 166.191 7.43656e-05 4.31443 3 
2.07075 0.000339301 -1 0.92164 0.210842 0.0058813 7.08081 99496 6 5404.59 2.29429 3.6477 2 5 6704.97 6.24424 4.03816 2 11 181.81 3.79703e-05 4.04845 3 
2.07683 0.000337892 -1 0.92292 0.21043 0.0060735 7.10508 99732.6 5 3608.83 2.17117 4.40691 2 5 4051.18 6.77269 3.59223 2 11 197.95 4.88763e-05 3.98729 3 
2.08311 0.000336914 -1 0.924235 0.210034 0.00628009 7.1294 99966.9 5 10111.5 1.55568 5.78867 2 5 11545.8 8.82663 4.20074 2 11 216.883 7.17051e-05 3.88286 3 
2.08956 0.000336486 -1 0.925587 0.20971 0.00645699 7.15812 100138 5 7328.08 1.16097 5.75485 2 5 9089.07 4.06682 4.67577 2 12 234.771 4.73163e-05 3.61384 3 
2.09616 0.000336911 -1 0.926962 0.209353 0.00659736 7.19327 100218 5 5527.4 1.46047 5.19524 2 5 5291.37 1.93947 4.86605 2 17 250.668 5.69485e-05 2.45924 4 
2.10291 0.000338149 -1 0.928374 0.209001 0.00674506 7.23704 100178 6 2853.01 1.35887 3.57839 2 5 3398.01 3.53207 3.95038 2 22 268.628 6.41199e-05 1.99989 4 
2.10975 0.000339977 -1 0.9298 0.208656 0.00684804 7.2845 100088 6 8387.86 1.44385 4.23989 2 4 8732.33 6.44377 6.06733 2 25 283.513 6.79569e-05 1.83998 4 
2.11676 0.000341609 -1 0.931264 0.208245 0.0070098 7.33271 99988.2 5 6950.49 1.66189 5.30008 2 4 8852.02 8.09223 5.751 2 23 303.514 7.97164e-05 1.93248 4 
2.12395 0.000343075 -1 0.932755 0.207899 0.00718077 7.37497 99970.6 6 4790.65 0.865557 4.20581 2 5 5423.66 5.63872 3.95023 2 21 324.852 6.40162e-05 2.08595 4 
2.13113 0.000343983 -1 0.93425 0.207546 0.00718077 7.41048 100044 6 5359.4 0.861527 4.28852 2 5 4689.96 2.63448 4.46781 2 16 333.692 8.39923e-05 2.5849 4 
2.13837 0.000344898 -1 0.935748 0.207134 0.00724061 7.4444 100139 6 3758.39 1.24779 3.80023 2 4 4253.46 6.49566 5.05859 2 16 353.899 4.888e-05 2.6837 4 
2.14573 0.000346391 -1 0.937274 0.206683 0.00736438 7.47584 100265 6 6013.81 1.78783 3.87083 2 5 7952.8 6.86597 4.09981 2 14 380.619 9.70573e-05 2.95775 4 
2.15322 0.000348409 -1 0.938818 0.206235 0.00749358 7.5184 100243 6 4838.72 1.20113 3.98893 2 5 4867.08 4.69769 4.00938 2 24 407.771 8.59196e-05 1.89749 3 
2.16079 0.000350263 -1 0.940378 0.205783 0.00756049 7.56112 100218 5 3084.57 1.50964 4.59266 2 6 3634.93 2.48566 3.36906 2 25 428.073 9.7295e-05 1.8439 3 
2.16821 0.000352049 -1 0.941901 0.205392 0.00742668 7.59806 100270 5 3209.24 1.32051 4.7548 2 5 3186.96 5.49462 3.57016 2 20 424.136 9.33658e-05 2.15212 3 
2.17538 0.000353583 -1 0.943373 0.204888 0.00717059 7.63665 100299 5 5469.18 1.48766 5.16516 2 5 5848.63 4.36574 4.22084 2 21 404.758 5.82737e-05 2.11737 3 
2.18268 0.000355374 -1 0.944862 0.204421 0.0072975 7.68019 100264 6 4897.81 1.31363 3.93781 2 6 7082.48 4.41885 3.42094 2 23 427.675 9.23353e-05 1.94901 3 
2.18998 0.000357406 -1 0.946353 0.203929 0.0072975 7.72278 100242 6 3655.99 1.24667 3.78334 2 5 4888.47 5.66353 3.8656 2 25 437.241 6.27979e-05 1.87807 3 
2.19728 0.000359295 -1 0.947835 0.203446 0.0072975 7.76367 100241 6 3116.07 0.857736 3.92081 2 6 3808.59 2.80508 3.32764 2 23 451.988 9.72474e-05 1.94931 3 
2.20457 0.00036073 -1 0.949318 0.201838 0.0072975 7.80469 100239 8 19937.4 1.3891 3.30839 2 6 19112.4 4.42039 4.03623 2 22 377.153 7.779e-05 2.01322 3 
2.21174 0.000360015 -1 0.950758 0.197498 0.00716601 7.84419 100257 8 18000.8 0.801851 3.49864 2 6 17420.3 5.85974 3.79195 2 20 313.845 7.49809e-05 2.14333 3 
2.21911 0.000359855 -1 0.952211 0.191546 0.00736693 7.88411 100269 9 20679.2 1.21425 2.95213 3 6 20727.9 3.59122 4.23531 2 20 325.306 7.93947e-05 2.14104 3 
2.22654 0.000359007 -1 0.953628 0.186179 0.00743709 7.92651 100249 6 9566.02 0.427024 5.30941 3 6 11190.7 5.19351 3.5939 2 20 235.917 6.42762e-05 2.12929 3 
2.23405 0.00035834 -1 0.955022 0.183044 0.00750929 7.96566 100270 9 13978.6 1.56583 2.7477 2 5 12985.7 6.14805 4.62323 2 20 218.509 6.08272e-05 2.12701 3 
2.24156 0.000358975 -1 0.956395 0.18269 0.00750929 8.01231 100198 11 10766.1 0.945504 2.33756 3 7 12357.3 5.15106 3.03991 3 20 191.21 6.53454e-05 2.1053 4 
2.24915 0.000357437 -1 0.957788 0.184273 0.00758439 8.0591 100124 6 5234.41 1.71881 3.80721 2 4 7249.75 5.14207 6.12768 3 24 152.184 7.78409e-05 1.82865 4 
2.25689 0.000356811 -1 0.959212 0.186691 0.00774077 8.10743 100033 6 7838.64 1.5245 4.1545 2 5 9108.61 3.62916 4.78552 3 22 146.636 8.12113e-05 1.92483 4 
2.26505 0.000357608 -1 0.960736 0.189135 0.00816608 8.1555 99945.3 8 6079.58 1.40463 2.84799 2 5 5945.3 4.71567 4.1699 3 21 151.214 6.74568e-05 2.00636 4 
2.27331 0.000359886 -1 0.96229 0.191208 0.00825784 8.19386 99977.3 7 4766.25 1.3023 3.22899 2 4 4127.23 4.76184 5.42589 3 18 146.596 5.34644e-05 2.27861 4 
2.28166 0.000363118 -1 0.963883 0.192685 0.00835275 8.23203 100011 8 3349.49 1.28816 2.67224 2 5 3600.03 1.66044 4.64747 3 17 146.673 7.033e-05 2.35352 4 
2.28947 0.00036569 -1 0.965379 0.193524 0.00780801 8.27828 99947.3 7 4099.34 1.19231 3.20029 2 5 5077.11 1.70448 4.95228 3 26 125.694 6.43e-05 1.74568 3 
2.29728 0.000368233 -1 0.966884 0.193799 0.00780801 8.33119 99804.3 9 8526.25 1.24848 2.66712 2 6 9318.15 4.88757 3.52133 2 26 129.677 7.77959e-05 1.73502 3 
2.30526 0.000370371 -1 0.968421 0.193606 0.00798546 8.38088 99701.2 10 6075.38 1.39259 2.31193 2 8 5433.76 5.62683 2.36105 2 26 134.97 7.8622e-05 1.73698 3 
2.31363 0.000372021 -1 0.970041 0.193095 0.00837031 8.43564 99539.6 11 5556.68 1.15372 2.16168 2 10 4730.94 3.62029 2.04937 2 28 142.841 8.54837e-05 1.6682 3 
2.32211 0.000373206 -1 0.971677 0.192576 0.00847364 8.49174 99364.3 11 4908.25 1.02613 2.16033 2 10 4383 3.7284 2.0278 2 29 137.252 7.44279e-05 1.6446 3 
2.3308 0.000373893 -1 0.97336 0.192168 0.00869092 8.54983 99168.3 10 4032.38 1.2198 2.24868 2 9 3592.74 4.32109 2.1107 2 32 133.201 6.71088e-05 1.57327 3 
2.3396 0.000374423 -1 0.975054 0.191812 0.00880527 8.61291 98917.6 10 7152.61 0.804758 2.48245 2 9 7349.57 3.15144 2.36698 2 36 101.495 9.28756e-05 1.47142 3 
2.34841 0.000374936 -1 0.976741 0.19149 0.00880527 8.65617 98896.4 9 6771.63 0.688391 2.77748 2 8 8906.42 2.43582 2.78857 2 20 108.382 9.09189e-05 2.01287 4 
2.35746 0.000375454 -1 0.978464 0.191108 0.00904986 8.68768 99009.2 7 5237.86 1.02194 3.38814 2 7 5494.43 2.32897 3.03265 2 12 121.281 7.36644e-05 3.29644 4 
2.36677 0.000376602 -1 0.980235 0.190759 0.00931218 8.7198 99114.2 7 3455.9 1.01489 3.19589 2 6 4635.65 3.9552 3.24706 2 13 135.015 4.03589e-05 3.176 4 
2.37637 0.000377854 -1 0.982051 0.190423 0.00959436 8.75199 99217.7 6 2586.35 0.805171 3.8412 2 7 3709.58 2.15346 2.89943 2 13 149.888 4.27207e-05 3.18766 4 
2.38611 0.000379466 -1 0.983903 0.190158 0.00974427 8.81804 98939 9 2989.56 0.62487 2.56371 3 6 2431.05 4.19265 2.88769 2 34 161.269 8.36486e-05 1.53058 4 
2.39585 0.00038054 -1 0.985753 0.189827 0.00974427 8.90675 98413.4 7 7401.91 0.90411 3.62258 2 6 8414.16 4.15031 3.55758 2 49 168.092 8.38476e-05 1.34466 4 
2.4056 0.000383071 -1 0.987608 0.189563 0.00974427 8.9711 98164.1 9 4519.05 0.909929 2.57437 2 6 4503.25 2.62906 3.45903 2 32 175.171 8.11565e-05 1.5774 4 
2.41585 0.000384965 -1 0.989556 0.189368 0.0102483 9.01585 98131.2 8 3849.46 0.921273 2.83548 2 5 4184.25 3.23147 4.19221 2 21 201.423 9.9782e-05 1.99637 4 
2.42647 0.000386537 -1 0.991568 0.189169 0.010621 9.05494 98159.9 10 2905.89 0.802309 2.26931 2 5 3542.12 2.81757 4.16752 2 16 224.222 7.19221e-05 2.54603 4 
2.43709 0.000388278 -1 0.993564 0.189029 0.010621 9.09234 98206.6 9 2276.67 0.832442 2.40926 2 6 3229.5 3.35753 3.14185 2 15 232.336 8.0698e-05 2.69536 4 
2.44771 0.000390273 -1 0.995561 0.188928 0.010621 9.13353 98212.2 11 3319.99 0.624532 2.18117 2 7 4405.99 3.02832 2.83031 2 16 241.271 6.03237e-05 2.58599 4 
2.45775 0.00039191 -1 0.997444 0.188814 0.0100416 9.17741 98188.9 12 4398.5 0.622019 2.09311 3 7 4816.16 3.66365 2.78959 2 15 224.185 4.01434e-05 2.81708 4 
2.46838 0.000393246 -1 0.999447 0.188566 0.0106323 9.21942 98185.8 12 3825.14 0.827917 2.02017 2 6 4035.95 3.28383 3.27286 2 15 261.416 9.91674e-05 2.67956 4 
2.47946 0.000395074 -1 1.00153 0.188318 0.0110753 9.26357 98160 11 3172.42 0.752701 2.13562 2 7 3306.42 2.58722 2.77836 2 16 292.848 6.96384e-05 2.5941 4 
2.49053 0.000396939 -1 1.00363 0.188145 0.0110753 9.30756 98136.1 11 2615.6 0.724576 2.10576 2 7 3318.9 3.259 2.68968 2 16 302.343 6.20484e-05 2.6181 4 
2.50186 0.000398849 -1 1.00577 0.188008 0.0113214 9.35435 98083.1 11 2501.06 0.604942 2.13189 2 7 2811.43 2.89817 2.67108 2 17 325.99 4.12841e-05 2.54525 4 
2.51223 0.000400262 -1 1.00771 0.187998 0.010378 9.39575 98086.9 9 1388.96 0.75684 2.30479 2 8 2622.84 2.9231 2.33946 2 15 282.926 3.98943e-05 2.86232 4 
2.52284 0.000401679 -1 1.00968 0.187867 0.0106036 9.43694 98092.8 13 4541.64 0.689693 1.96669 2 7 3816.01 2.76805 2.80861 2 15 305.643 6.87717e-05 2.77451 4 
2.53393 0.000403195 -1 1.01175 0.18767 0.0110968 9.52485 97617.5 11 3503.64 0.709699 2.16655 3 7 3393.15 0.581662 3.45136 2 47 344.35 8.74377e-05 1.38142 4 
2.54503 0.000404407 -1 1.01382 0.18743 0.0110968 9.598 97300.3 8 3190.13 0.630081 2.90437 4 8 2873.79 3.01501 2.3572 2 37 352.896 8.13732e-05 1.51141 4 
2.55641 0.000405429 -1 1.01597 0.187204 0.0113742 9.64904 97210.1 8 2874.19 0.728206 2.81535 3 7 3103.89 2.53726 2.76107 2 23 379.588 9.66851e-05 1.93506 4 
2.56778 0.000405986 -1 1.01812 0.186958 0.0113742 9.68781 97243.9 5 2181.04 0.717135 4.97293 3 6 2735.05 1.7256 3.41458 2 18 386.921 4.41142e-05 2.43066 4 
2.57915 0.000405806 -1 1.02024 0.186782 0.0113742 9.72562 97287 6 1738.73 0.601835 3.77392 2 5 2501.89 1.94724 4.18572 3 17 393.44 8.11473e-05 2.47327 4 
2.59084 0.000404615 -1 1.02239 0.186234 0.0116902 9.76471 97316.9 7 3757.62 0.65259 3.44494 3 5 3672.94 2.11975 4.44371 3 17 420.262 8.94064e-05 2.46876 4 
2.60253 0.000404574 -1 1.02454 0.185662 0.0116902 9.80915 97293.6 9 3538.98 0.710688 2.57513 3 8 3510.93 2.45704 2.47957 2 17 421.797 8.92121e-05 2.46961 4 
2.61422 0.000403266 -1 1.02671 0.184809 0.0116902 9.85358 97270.7 11 3260.76 0.717518 2.1503 2 6 2929.33 2.35482 3.27946 2 18 419.333 7.54681e-05 2.3698 4 
2.62591 0.00040204 -1 1.02889 0.183949 0.0116902 9.9004 97224.4 12 3173.15 0.627834 2.03534 2 7 3299.39 2.3126 2.8224 2 19 411.05 8.89213e-05 2.24276 4 
2.63761 0.000400587 -1 1.03106 0.183075 0.0116902 9.95043 97147.1 11 3363.8 0.535762 2.21442 2 7 2738.74 2.23174 2.76231 2 21 393.263 7.80494e-05 2.08525 4 
2.64968 0.000399613 -1 1.03325 0.182316 0.0120798 10.0009 97066.8 9 3085.56 0.544741 2.61226 2 7 2762.82 2.49189 2.72254 2 22 380.436 6.91906e-05 2.02476 4 
2.66176 0.000398178 -1 1.03541 0.18178 0.0120798 10.0457 97041.3 7 3719.74 0.558362 3.51745 2 6 3820.27 1.8614 3.56486 2 21 359.783 7.21701e-05 2.08419 4 
2.67233 0.000397289 -1 1.03732 0.181943 0.0105699 10.0901 97020.4 7 4511.38 0.777087 3.44899 2 5 3353.41 1.49855 4.67696 2 19 256.298 7.91192e-05 2.20118 5 
2.68326 0.000395616 -1 1.03931 0.182119 0.0109222 10.142 96927.5 6 2533.42 0.723986 3.89639 2 6 2581.17 3.12235 3.06353 2 23 256.915 7.28608e-05 1.92604 5 
2.69418 0.000397951 -1 1.04132 0.182567 0.0109222 10.1893 96879.5 8 1940.59 0.703661 2.69198 2 5 3087.45 1.31088 4.72506 2 20 240.095 9.06882e-05 2.0948 5 
2.7051 0.000401365 -1 1.04333 0.18298 0.0109222 10.2656 96558.9 7 2537.76 0.766933 3.18283 2 4 2411.13 2.16657 5.7758 2 43 226.828 9.34456e-05 1.40764 4 
2.71602 0.000405604 -1 1.04531 0.183383 0.0109222 10.3145 96497.8 6 2458.74 0.818427 3.79859 2 5 2406.45 2.23169 4.04156 2 25 216.88 7.01967e-05 1.81801 4 
2.72738 0.000410898 -1 1.04736 0.183693 0.0113591 10.3583 96485.2 8 2509.55 0.639731 2.81319 2 4 2640.29 2.29945 5.82113 2 21 227.399 7.23404e-05 2.03892 4 
2.73829 0.000415319 -1 1.04935 0.184043 0.0109047 10.4 96492.5 7 4112.18 0.602841 3.52936 2 6 2497.53 1.62872 3.39581 2 19 204.718 7.96823e-05 2.17449 4 
2.74967 0.000418724 -1 1.05145 0.184235 0.0113788 10.4441 96476.9 9 3103.93 0.666216 2.55616 3 5 2838.19 2.41691 4.11108 2 20 221.747 9.01715e-05 2.08708 4 
2.75968 0.000420925 -1 1.05331 0.184651 0.0100134 10.4821 96518.2 6 1524.15 0.862775 3.47687 3 6 2357.49 3.0716 3.02585 2 16 171.281 8.48966e-05 2.47771 4 
2.76969 0.000421504 -1 1.05517 0.184909 0.0100134 10.5205 96555.3 7 1726.38 0.815988 2.98583 2 7 1967.49 2.77938 2.55351 2 16 174.9 9.50795e-05 2.46345 4 
2.77971 0.000423195 -1 1.05701 0.185186 0.0100134 10.5584 96596.8 7 1562.05 0.813996 2.94449 2 5 1253.61 3.52833 3.23682 2 17 178.338 5.57873e-05 2.4134 4 
2.78972 0.000426107 -1 1.05884 0.185419 0.0100134 10.5966 96634.8 6 1888.98 0.980587 3.52742 2 5 1660.56 1.90579 3.8729 2 18 182.748 4.9242e-05 2.31725 4 
2.80023 0.000430654 -1 1.06077 0.185639 0.010514 10.6444 96585.5 9 1279.99 0.719995 2.29666 3 5 1449.19 2.15291 3.67807 2 21 207.029 6.84607e-05 2.03516 4 
2.81075 0.000433356 -1 1.06272 0.185772 0.010514 10.6922 96536.6 5 4484.32 0.859003 5.54039 3 5 2106.11 2.35033 3.89467 2 23 212.798 9.6823e-05 1.88686 4 
2.82126 0.000435718 -1 1.06469 0.185903 0.010514 10.7415 96475.3 8 2589.51 0.822568 2.73688 3 5 2721.11 2.01813 4.22629 2 20 219.839 8.86508e-05 2.08795 5 
2.83178 0.000436727 -1 1.06666 0.185984 0.010514 10.7787 96522.3 8 1948.66 0.83593 2.636 3 5 2192.97 3.41362 3.64387 2 13 227.606 4.49767e-05 3.27874 5 
2.84167 0.000437574 -1 1.0685 0.186193 0.00989556 10.8087 96633 7 1589.38 0.920613 2.90035 3 4 1654.89 2.80355 4.92907 2 10 209.497 6.14745e-05 4.50037 5 
2.85157 0.000437998 -1 1.07032 0.186348 0.00989556 10.8367 96761.4 5 1625.84 0.7595 4.63564 3 4 1566.6 3.13049 4.72973 2 10 218.804 5.94143e-05 4.53541 5 
2.86146 0.000439607 -1 1.07214 0.186582 0.00989556 10.8658 96879.2 6 1531.67 0.911688 3.44789 3 4 1366.64 1.83168 5.22638 2 10 227.939 6.35382e-05 4.52354 5 
2.87136 0.000441627 -1 1.07398 0.186827 0.00989556 10.8957 96989.6 7 1922.68 0.968075 2.95898 3 4 1641.57 3.63392 4.61022 2 10 237.587 7.5545e-05 4.46438 5 
2.88125 0.000444025 -1 1.07584 0.187127 0.00989556 10.9278 97079.6 8 3180.16 0.843403 2.79931 3 5 1443.31 3.11292 3.4138 2 10 247.741 9.20321e-05 4.39548 5 
2.89115 0.00044598 -1 1.07771 0.187373 0.00989556 10.9622 97148 8 2530.42 0.763855 2.75437 3 6 2562.52 2.57566 3.15958 2 11 258.45 3.20547e-05 4.24485 5 
2.90104 0.000447742 -1 1.07957 0.187657 0.00989556 10.996 97222.7 7 1975.72 0.871462 3.01546 3 6 2662.43 1.22271 3.60019 2 11 269.697 3.9627e-05 4.17995 5 
2.91094 0.000449741 -1 1.08141 0.187958 0.00989556 11.0295 97298.6 8 1691.7 0.872773 2.57589 3 5 1954.65 1.80925 4.0431 2 11 281.499 3.73616e-05 4.21878 5 
2.92084 0.000451684 -1 1.08325 0.18834 0.00989556 11.0622 97380.9 7 1463.89 0.99387 2.83529 3 5 1771.52 3.88921 3.40171 2 11 295.66 3.22929e-05 4.29418 5 
2.92963 0.000453668 -1 1.0849 0.188932 0.00879605 11.0903 97503.2 6 1513.68 0.912922 3.44033 3 5 1442.98 2.97593 3.44451 2 9 245.748 5.42805e-05 5.48957 5 
2.93843 0.000454165 -1 1.08656 0.18939 0.00879605 11.1189 97620.8 7 2154.76 1.11792 2.94635 2 5 1457 3.65874 3.31151 2 9 257.762 4.9154e-05 5.57993 5 
2.94722 0.000454691 -1 1.08823 0.189731 0.00879605 11.1462 97749.6 6 4236.6 0.985088 4.03265 2 5 2773.46 1.70042 4.39029 2 9 268.129 4.65473e-05 5.63847 5 
2.95602 0.000455984 -1 1.08992 0.18963 0.00879605 11.176 97855.4 9 8071.29 1.17298 2.66935 2 5 6118.65 3.93523 4.34848 2 9 225.867 4.7459e-05 5.52012 5 
2.96482 0.000457489 -1 1.09159 0.188162 0.00879605 11.2096 97927.3 8 8050.13 0.436208 3.414 3 7 6370.09 5.00775 2.77652 3 10 184.106 3.86654e-05 4.65344 5 
2.97361 0.000460591 -1 1.09323 0.186122 0.00879605 11.2506 97934.3 13 3701.33 1.26847 1.84733 3 7 3379.04 4.05405 2.6138 3 10 188.953 3.55304e-05 4.70517 5 
2.98241 0.000459701 -1 1.09485 0.183841 0.00879605 11.2895 97959.9 12 2799.34 1.07322 1.92618 4 8 2373.36 4.89312 2.16632 3 9 192.865 6.20199e-05 5.26518 5 
2.9912 0.000458558 -1 1.09646 0.18215 0.00879605 11.3269 97997.9 10 2112.03 1.20293 2.1108 4 7 1838.36 4.57961 2.35474 4 9 195.68 5.95598e-05 5.29744 5 
3 0.000457055 -1 1.09806 0.181267 0.00879605 11.3559 98108.9 6 2830.94 0.478225 4.25321 3 3 2477.28 3.55367 8.86678 3 9 198.425 5.60015e-05 5.34209 5 

# Multigrid, 272 steps, 182.107 CPU, 11.39 real, 9.78e+04 points.step/s, 24 var
