0.609375 0.291338
0.605166 0.296875

0.603972 0.296875
0.605011 0.3125

0.606207 0.3125
0.609375 0.31624

0.609375 0.294238
0.625 0.281736

0.609375 0.314403
0.625 0.324951

0.640625 0.28074
0.638296 0.28125

0.625 0.283363
0.634656 0.28125

0.625 0.321265
0.640625 0.325205

0.65625 0.28094
0.644407 0.28125

0.640625 0.281363
0.644956 0.28125

0.640625 0.325893
0.651767 0.328125

0.650289 0.328125
0.65625 0.329319

0.65625 0.281003
0.671875 0.281093

0.65625 0.328728
0.671875 0.330264

0.671875 0.281167
0.676255 0.28125

0.675362 0.28125
0.6875 0.28148

0.671875 0.330116
0.6875 0.331141

0.6875 0.281507
0.703125 0.281773

0.6875 0.331234
0.703125 0.33186

0.703125 0.28177
0.71875 0.281949

0.703125 0.331833
0.71875 0.331928

0.71875 0.281951
0.734375 0.282043

0.71875 0.331883
0.734375 0.33159

0.734375 0.282057
0.75 0.282029

0.734375 0.331555
0.75 0.331034

0.75 0.282047
0.765625 0.281833

0.75 0.331006
0.765625 0.330381

0.765625 0.281801
0.78125 0.281427

0.765625 0.330366
0.78125 0.329722

0.796875 0.280975
0.787689 0.28125

0.78125 0.281399
0.786243 0.28125

0.78125 0.32973
0.796875 0.329081

0.796875 0.280955
0.8125 0.280404

0.796875 0.329069
0.8125 0.328423

0.8125 0.280423
0.828125 0.279757

0.828125 0.327841
0.821904 0.328125

0.8125 0.32838
0.818088 0.328125

0.828125 0.279783
0.84375 0.278916

0.828125 0.328018
0.84375 0.326623

0.84375 0.278911
0.859375 0.277802

0.84375 0.326429
0.859375 0.32422

0.859375 0.277805
0.875 0.276456

0.859375 0.324028
0.875 0.321778

0.875 0.276453
0.890625 0.274864

0.875 0.321732
0.890625 0.31992

0.890625 0.274882
0.90625 0.273021

0.890625 0.319944
0.90625 0.318612

0.90625 0.27297
0.921875 0.270902

0.90625 0.318627
0.921875 0.317697

0.921875 0.270796
0.9375 0.268837

0.921875 0.317688
0.9375 0.317148

0.9375 0.26898
0.953125 0.267055

0.9375 0.317164
0.953125 0.316999

0.96875 0.264508
0.962368 0.265625

0.953125 0.267389
0.963199 0.265625

0.953125 0.317047
0.96875 0.317132

0.96875 0.264534
0.984375 0.260559

0.96875 0.31715
0.984375 0.317351

0.984375 0.261011
1 0.255019

0.984375 0.317405
1 0.31758

1.01562 0.245136
1.00863 0.25

1 0.255728
1.00901 0.25

1 0.317668
1.01562 0.317534

1.03125 0.224395
1.02545 0.234375

1.01562 0.245688
1.02604 0.234375

1.01562 0.317636
1.03125 0.316812

1.03901 0
1.03904 0.015625

1.03904 0.015625
1.03914 0.03125

1.03913 0.03125
1.0393 0.046875

1.0393 0.046875
1.03955 0.0625

1.03955 0.0625
1.03988 0.078125

1.03988 0.078125
1.04031 0.09375

1.04032 0.09375
1.04082 0.109375

1.04083 0.109375
1.04137 0.125

1.04141 0.125
1.04189 0.140625

1.04195 0.140625
1.04222 0.15625

1.0423 0.15625
1.04207 0.171875

1.04218 0.171875
1.04107 0.1875

1.04125 0.1875
1.03867 0.203125

1.03897 0.203125
1.03398 0.21875

1.03125 0.224571
1.03443 0.21875

1.03125 0.316779
1.04688 0.315128

1.04688 0.315007
1.0625 0.312834

1.07812 0.310264
1.0651 0.3125

1.0625 0.312964
1.0652 0.3125

1.07812 0.310252
1.09375 0.306862

1.09375 0.306861
1.10938 0.302799

1.10938 0.302792
1.125 0.298073

1.14062 0.292642
1.12862 0.296875

1.125 0.29813
1.12856 0.296875

1.14062 0.292559
1.15625 0.286265

1.17188 0.279305
1.16763 0.28125

1.15625 0.28635
1.16739 0.28125

1.17188 0.279146
1.1875 0.271079

1.20312 0.262275
1.19737 0.265625

1.1875 0.271123
1.19694 0.265625

1.20312 0.262056
1.21875 0.25178

1.23438 0.240394
1.22131 0.25

1.21875 0.251705
1.22119 0.25

1.25 0.22755
1.2418 0.234375

1.23438 0.240181
1.24163 0.234375

1.26562 0.212667
1.25944 0.21875

1.25 0.22717
1.25915 0.21875

1.28125 0.19557
1.27471 0.203125

1.26562 0.212377
1.27438 0.203125

1.29688 0.175764
1.28805 0.1875

1.28125 0.195378
1.28775 0.1875

1.3125 0.152099
1.31011 0.15625

1.30995 0.15625
1.29967 0.171875

1.29688 0.175564
1.2995 0.171875

1.32812 0.122041
1.32686 0.125

1.32672 0.125
1.31891 0.140625

1.3125 0.15167
1.31887 0.140625

1.34375 0.0782669
1.33905 0.09375

1.33902 0.09375
1.33334 0.109375

1.32812 0.121632
1.33337 0.109375

1.35417 0
1.35376 0.015625

1.35376 0.015625
1.35253 0.03125

1.35253 0.03125
1.35046 0.046875

1.35047 0.046875
1.34756 0.0625

1.34757 0.0625
1.34378 0.078125

