0 0 0
1.4e-07 3.44145e-11 1
3.39933e-06 1.89728e-05 3
9.49441e-06 1.97883e-05 4
1.81674e-05 2.52935e-05 4
2.91841e-05 2.23811e-05 5
4.23313e-05 2.06797e-05 3
5.74153e-05 1.89231e-05 3
7.42601e-05 1.7298e-05 3
9.27056e-05 1.61202e-05 2
0.000112606 1.56322e-05 2
0.00013383 1.58717e-05 3
0.000156256 1.66247e-05 3
0.000179776 1.75394e-05 3
0.000204289 1.82877e-05 3
0.000229706 1.86758e-05 3
0.000255945 1.86732e-05 3
0.00028293 1.8363e-05 3
0.000310594 1.79032e-05 2
0.000338875 1.74896e-05 3
0.000367717 1.72839e-05 3
0.00039707 1.73391e-05 3
0.000426886 1.75979e-05 3
0.000457123 1.79731e-05 2
0.000487744 1.84074e-05 3
0.000518713 1.88592e-05 3
0.000549998 1.92449e-05 3
0.000581572 1.94303e-05 3
0.000613407 1.9327e-05 3
0.000645481 1.89684e-05 3
0.00067777 1.84987e-05 3
0.000710256 1.8095e-05 2
0.000742921 1.78693e-05 3
0.000775749 1.78415e-05 3
0.000808724 1.79586e-05 3
0.000841834 1.81331e-05 3
0.000875065 1.82917e-05 3
0.000908408 1.84128e-05 3
0.000941851 1.85264e-05 2
0.000975387 1.8693e-05 2
0.00100901 1.89695e-05 1
0.0010427 1.93759e-05 3
0.00107646 1.98855e-05 3
0.00111029 2.04409e-05 1
0.00114417 2.09783e-05 3
0.00117811 2.14494e-05 2
0.00121209 2.18547e-05 1
0.00124611 2.22227e-05 2
0.00128018 2.25835e-05 2
0.00131428 2.29426e-05 2
0.00134841 2.32734e-05 3
0.00138257 2.35626e-05 3
0.00141675 2.38184e-05 2
0.00145097 2.41008e-05 1
0.0014852 2.44826e-05 2
0.00151945 2.50167e-05 2
0.00155372 2.5677e-05 2
0.00158801 2.63968e-05 3
0.00162231 2.71019e-05 3
0.00165663 2.77452e-05 3
0.00169096 2.8318e-05 3
0.0017253 2.88745e-05 2
0.00175965 2.93275e-05 2
0.00179401 2.97751e-05 2
0.00182838 3.01585e-05 3
0.00186275 3.04559e-05 3
0.00189713 3.06649e-05 4
0.00193152 3.08099e-05 3
0.00196592 3.09179e-05 3
0.00200032 3.10175e-05 1
0.00203472 3.11315e-05 2
0.00206913 3.12731e-05 3
0.00210354 3.14461e-05 3
0.00213796 3.16511e-05 3
0.00217238 3.18869e-05 3
0.0022068 3.21541e-05 3
0.00224123 3.24549e-05 3
0.00227566 3.27983e-05 3
0.00231009 3.31819e-05 3
0.00234452 3.36603e-05 3
0.00237895 3.40331e-05 1
0.00241339 3.44968e-05 2
0.00244783 3.49817e-05 2
0.00248227 3.549e-05 3
0.00251671 3.60146e-05 3
0.00255115 3.65564e-05 3
0.00258559 3.71168e-05 3
0.00262003 3.77016e-05 3
0.00265448 3.83174e-05 3
0.00268892 3.89705e-05 3
0.00272337 3.96587e-05 3
0.00275781 4.04623e-05 3
0.00279226 4.11999e-05 2
0.00282671 4.18609e-05 2
0.00286116 4.26278e-05 1
0.0028956 4.34162e-05 2
0.00293005 4.42256e-05 2
0.0029645 4.50593e-05 3
0.00299895 4.59169e-05 2
0.0030334 4.67978e-05 3
0.00306785 4.76921e-05 3
0.0031023 4.86016e-05 1
0.00313675 4.95243e-05 2
0.0031712 5.04612e-05 2
0.00320565 5.14289e-05 1
0.0032401 5.24211e-05 2
0.00327455 5.34204e-05 1
0.003309 5.44102e-05 2
0.00334346 5.5377e-05 1
0.00337791 5.62952e-05 1
0.00341236 5.71592e-05 1
0.00344681 5.78855e-05 2
0.00348126 5.84984e-05 3
0.00351571 5.91318e-05 4
0.00355017 5.97755e-05 3
0.00358462 6.0414e-05 3
0.00361907 6.11357e-05 3
0.00365352 6.19249e-05 3
0.00368797 6.26173e-05 3
0.00372243 6.31644e-05 3
0.00375688 6.37902e-05 3
0.00379133 6.45751e-05 3
0.00382578 6.5478e-05 2
0.00386024 6.64425e-05 2
0.00389469 6.7513e-05 2
0.00392914 6.86936e-05 2
0.00396359 6.98336e-05 3
0.00399805 7.08999e-05 3
0.0040325 7.19798e-05 3
0.00406695 7.31166e-05 3
0.0041014 7.42635e-05 3
0.00413585 7.53785e-05 2
0.00417031 7.64871e-05 2
0.00420476 7.78185e-05 2
0.00423921 7.89763e-05 2
0.00427366 8.01985e-05 3
0.00430812 8.14355e-05 3
0.00434257 8.27001e-05 3
0.00437702 8.40164e-05 3
0.00441148 8.53495e-05 3
0.00444593 8.66247e-05 2
0.00448038 8.7824e-05 3
0.00451483 8.89652e-05 3
0.00454929 9.00397e-05 5
0.00458374 9.10527e-05 3
0.00461819 9.19972e-05 3
0.00465264 9.28725e-05 3
0.0046871 9.3697e-05 4
0.00472155 9.45019e-05 4
0.004756 9.53028e-05 1
0.00479045 9.61038e-05 2
0.00482491 9.69027e-05 2
0.00485936 9.77226e-05 2
0.00489381 9.85697e-05 4
0.00492826 9.94579e-05 2
0.00496272 0.000100391 2
0.00499717 0.000101374 2
0.00503162 0.000102389 2
0.00506607 0.000103425 2
0.00510053 0.000104472 2
0.00513498 0.000105517 3
0.00516943 0.00010655 3
0.00520388 0.000107555 2
0.00523834 0.000108575 2
0.00527279 0.000109604 2
0.00530724 0.000110661 3
0.0053417 0.000111813 1
0.00537615 0.000113084 3
0.0054106 0.000114481 2
0.00544505 0.000115983 2
0.00547951 0.000117492 1
0.00551396 0.000118924 3
0.00554841 0.000120266 3
0.00558286 0.000121556 2
0.00561732 0.000122807 3
0.00565177 0.000124104 3
0.00568622 0.00012553 3
0.00572067 0.000127119 3
0.00575513 0.000128826 2
0.00578958 0.000130605 2
0.00582403 0.000132418 3
0.00585848 0.000134239 2
0.00589294 0.000136039 2
0.00592739 0.00013779 1
0.00596184 0.000139473 3
0.00599629 0.000141115 3
0.00603075 0.000142735 2
0.0060652 0.000144352 2
0.00609965 0.000145972 3
0.00613411 0.000147643 3
0.00616856 0.000149369 3
0.00620301 0.000151158 3
0.00623746 0.000153027 2
0.00627192 0.000154919 2
0.00630637 0.000156876 2
0.00634082 0.000158889 3
0.00637527 0.00016094 2
0.00640973 0.000163006 4
0.00644418 0.000165066 2
0.00647863 0.000167111 3
0.00651308 0.000169126 2
0.00654754 0.00017112 3
0.00658199 0.000173106 3
0.00661644 0.000175091 1
0.00665089 0.000177087 2
0.00668535 0.000179114 3
0.0067198 0.000181176 3
0.00675425 0.000183309 2
0.0067887 0.000185533 2
0.00682316 0.000187887 2
0.00685761 0.000190368 2
0.00689206 0.000192928 2
0.00692652 0.000195505 3
0.00696097 0.000198145 3
0.00699542 0.000200796 3
0.00702987 0.000203488 2
0.00706433 0.000206237 3
0.00709878 0.000209062 3
0.00713323 0.000211994 5
0.00716768 0.000214996 2
0.00720214 0.000218038 2
0.00723659 0.000221076 2
0.00727104 0.000224031 3
0.00730549 0.000226829 3
0.00733995 0.000229423 3
0.0073744 0.000231695 3
0.00740885 0.000233707 3
0.0074433 0.000235573 3
0.00747776 0.000237336 3
0.00751221 0.000238991 3
0.00754666 0.000240537 4
0.00758111 0.000242011 3
0.00761557 0.000243373 4
0.00765002 0.000244611 4
0.00768447 0.000245665 3
0.00771893 0.000246543 3
0.00775338 0.000247252 3
0.00778783 0.000247842 3
0.00782228 0.000248417 3
0.00785674 0.000249032 2
0.00789119 0.000249674 3
0.00792564 0.000250368 3
0.00796009 0.000251177 2
0.00799455 0.000252024 2
0.008029 0.000252918 2
0.00806345 0.000253898 2
0.0080979 0.000254858 2
0.00813236 0.000255962 3
0.00816681 0.000257198 3
0.00820126 0.00025861 3
0.00823571 0.000260263 3
0.00827017 0.000262274 3
0.00830462 0.000264542 3
0.00833907 0.000267253 3
0.00837352 0.000270323 3
0.00840798 0.000273641 3
0.00844243 0.000277098 3
0.00847688 0.000280617 3
0.00851134 0.000284037 2
0.00854579 0.000287199 3
0.00858024 0.000290063 4
0.00861469 0.000292686 2
0.00864915 0.000295115 3
0.0086836 0.000297332 3
0.00871805 0.000299304 3
0.0087525 0.000300998 3
0.00878696 0.000302388 2
0.00882141 0.000303495 3
0.00885586 0.000304397 3
0.00889031 0.000305149 4
0.00892477 0.000305785 3
0.00895922 0.000306372 3
0.00899367 0.000306732 3
0.00902812 0.000307097 3
0.00906258 0.000307586 3
0.00909703 0.000308163 3
0.00913148 0.000308775 3
0.00916593 0.000309699 4
0.00920039 0.000311005 3
0.00923484 0.000312611 3
0.00926929 0.000314411 3
0.00930375 0.000316404 4
0.0093382 0.000317768 3
0.00937265 0.000320152 3
0.0094071 0.000322632 3
0.00944156 0.000325152 3
0.00947601 0.000327637 3
0.00951046 0.000330046 3
0.00954491 0.000332345 3
0.00957937 0.000334449 4
0.00961382 0.000336323 4
0.00964827 0.000337975 3
0.00968272 0.000339489 3
0.00971718 0.000340947 3
0.00975163 0.000342438 3
0.00978608 0.000343988 3
0.00982053 0.000346602 3
0.00985499 0.00034834 3
0.00988944 0.00035037 2
0.00992389 0.000352742 4
0.00995835 0.000355164 3
0.0099928 0.000357459 3
0.0100273 0.000359739 3
0.0100617 0.000362043 3
0.0100962 0.000364232 3
0.0101306 0.000366204 3
0.0101651 0.000368102 4
0.0101995 0.000370067 4
0.010234 0.000372061 3
0.0102684 0.000374093 3
0.0103029 0.000376177 4
0.0103373 0.000378279 4
0.0103718 0.000380421 3
0.0104062 0.000382411 4
0.0104407 0.000384376 4
0.0104751 0.000386415 4
0.0105096 0.000388581 4
0.010544 0.000390847 4
0.0105785 0.000393068 3
0.0106129 0.000395144 3
0.0106474 0.000397098 2
0.0106818 0.00039896 3
0.0107163 0.000400648 3
0.0107508 0.000402057 3
0.0107852 0.000403136 3
0.0108197 0.000403913 3
0.0108541 0.000404375 3
0.0108886 0.000404525 3
0.010923 0.000404462 3
0.0109575 0.0004043 3
0.0109919 0.00040418 3
0.0110264 0.000404306 3
0.0110608 0.000404816 3
0.0110953 0.000405739 3
0.0111297 0.000407227 3
0.0111642 0.000409303 3
0.0111986 0.000411688 3
0.0112331 0.000414249 3
0.0112675 0.000416915 5
0.011302 0.000419756 4
0.0113364 0.000422531 4
0.0113709 0.000425044 3
0.0114054 0.000427425 4
0.0114398 0.000429637 3
0.0114743 0.000431726 3
0.0115087 0.000433652 3
0.0115432 0.000435555 3
0.0115776 0.000437588 3
0.0116121 0.000439483 3
0.0116465 0.000441426 3
0.011681 0.000443347 5
0.0117154 0.000445457 4
0.0117499 0.000447971 4
0.0117843 0.000450743 4
0.0118188 0.000453782 4
0.0118532 0.000457263 4
0.0118877 0.000461136 4
0.0119221 0.000465027 4
0.0119566 0.000468781 4
0.011991 0.00047258 4
0.0120255 0.000476123 5
0.01206 0.00047917 4
0.0120944 0.000481542 5
0.0121289 0.000483202 4
0.0121633 0.00048427 3
0.0121978 0.000484646 3
0.0122322 0.000484475 4
0.0122667 0.000484019 4
0.0123011 0.000483235 4
0.0123356 0.000481951 4
0.01237 0.000480235 3
0.0124045 0.000478315 3
0.0124389 0.000476315 3
0.0124734 0.000474221 3
0.0125078 0.000472137 2
0.0125423 0.000470304 3
0.0125767 0.000468893 2
0.0126112 0.000467989 3
0.0126456 0.000467643 3
0.0126801 0.000467911 4
0.0127146 0.000468814 4
0.012749 0.0004703 3
0.0127835 0.000472263 4
0.0128179 0.000474632 3
0.0128524 0.000477392 3
0.0128868 0.00048059 3
0.0129213 0.000484268 3
0.0129557 0.000488444 3
0.0129902 0.000493109 3
0.0130246 0.000498207 3
0.0130591 0.000503528 3
0.0130935 0.000508822 4
0.013128 0.000512571 3
0.0131624 0.000517386 3
0.0131969 0.000521849 3
0.0132313 0.000525928 4
0.0132658 0.000529605 3
0.0133002 0.000532853 3
0.0133347 0.000535624 3
0.0133692 0.000537935 3
0.0134036 0.000539818 3
0.0134381 0.000541133 3
0.0134725 0.000542085 3
0.013507 0.000542849 3
0.0135414 0.00054345 3
0.0135759 0.000544253 3
0.0136103 0.000546117 3
0.0136448 0.000550179 3
0.0136792 0.000557362 3
0.0137137 0.000567406 3
0.0137481 0.000578533 3
0.0137826 0.000588819 3
0.013817 0.000597538 3
0.0138515 0.00060553 3
0.0138859 0.000613663 3
0.0139204 0.000622731 3
0.0139548 0.000632456 3
0.0139893 0.000642049 3
0.0140238 0.000650841 3
0.0140582 0.000655956 3
0.0140927 0.000658835 3
0.0141271 0.000661876 3
0.0141616 0.000665744 3
0.014196 0.00066955 3
0.0142305 0.000673399 3
0.0142649 0.000676828 3
0.0142994 0.000679352 4
0.0143338 0.000681377 3
0.0143683 0.000683381 4
0.0144027 0.00068554 4
0.0144372 0.00068751 4
0.0144716 0.00068918 4
0.0145061 0.000690164 4
0.0145405 0.000690808 3
0.014575 0.000691276 4
0.0146094 0.000691672 4
0.0146439 0.000691826 3
0.0146784 0.000692162 3
0.0147128 0.0006926 3
0.0147473 0.000693657 4
0.0147817 0.000695481 4
0.0148162 0.000697995 4
0.0148506 0.00070081 3
0.0148851 0.000703563 3
0.0149195 0.000705892 4
0.014954 0.000707709 4
0.0149884 0.00070935 4
0.0150229 0.000711461 3
0.0150573 0.000713975 4
0.0150918 0.000716892 3
0.0151262 0.000720273 3
0.0151607 0.000726213 3
0.0151951 0.000731848 3
0.0152296 0.000738711 3
0.015264 0.000745964 3
0.0152985 0.000752777 3
0.015333 0.00075855 3
0.0153674 0.000763711 3
0.0154019 0.000768406 3
0.0154363 0.000772071 3
0.0154708 0.000775373 3
0.0155052 0.00077853 4
0.0155397 0.000781209 4
0.0155741 0.000783334 4
0.0156086 0.000785309 4
0.015643 0.000787304 3
0.0156775 0.000789127 3
0.0157119 0.000790445 3
0.0157464 0.00079182 4
0.0157808 0.000793449 3
0.0158153 0.000795483 4
0.0158497 0.000797995 3
0.0158842 0.000801153 3
0.0159186 0.000805233 4
0.0159531 0.000810347 3
0.0159876 0.000816269 3
0.016022 0.000823024 4
0.0160565 0.000831387 4
0.0160909 0.000840337 4
0.0161254 0.00084996 4
0.0161598 0.000859657 4
0.0161943 0.000868795 3
0.0162287 0.000877432 3
0.0162632 0.000885956 4
0.0162976 0.000894789 3
0.0163321 0.000902364 3
0.0163665 0.000908198 3
0.016401 0.000914687 3
0.0164354 0.000920752 3
0.0164699 0.000926186 4
0.0165043 0.000931345 4
0.0165388 0.000937214 5
0.0165732 0.000943701 3
0.0166077 0.000950572 5
0.0166422 0.000957612 3
0.0166766 0.000964744 3
0.0167111 0.000971943 4
0.0167455 0.000979055 3
0.01678 0.000985716 4
0.0168144 0.000991419 4
0.0168489 0.000996444 4
0.0168833 0.00100128 3
0.0169178 0.00100539 3
0.0169522 0.00100853 3
0.0169867 0.00101092 3
0.0170211 0.00101325 3
0.0170556 0.00101558 4
0.01709 0.00101908 4
0.0171245 0.00102477 4
0.0171589 0.00103236 6
0.0171934 0.00104194 4
0.0172278 0.00105643 4
0.0172623 0.00107831 4
0.0172968 0.00110801 5
0.0173312 0.00114458 4
0.0173657 0.00118268 5
0.0174001 0.00121524 4
0.0174346 0.00124002 4
0.017469 0.00125976 5
0.0175035 0.00126984 4
0.0175379 0.00127367 5
0.0175724 0.00127494 4
0.0176068 0.00127626 5
0.0176413 0.00127768 4
0.0176757 0.00127693 4
0.0177102 0.00127259 4
0.0177446 0.0012686 4
0.0177791 0.0012655 4
0.0178135 0.00126329 4
0.017848 0.0012628 5
0.0178824 0.00126595 4
0.0179169 0.00127338 5
0.0179514 0.00128377 5
0.0179858 0.00129522 5
0.0180203 0.0013076 4
0.0180547 0.00132052 4
0.0180892 0.0013334 4
0.0181236 0.00134497 4
0.0181581 0.0013552 4
0.0181925 0.00136463 4
0.018227 0.00137359 4
0.0182614 0.00138155 4
0.0182959 0.00138919 4
0.0183303 0.00139676 4
0.0183648 0.00140587 5
0.0183992 0.00141615 5
0.0184337 0.00142665 5
0.0184681 0.00143607 5
0.0185026 0.00144484 5
0.018537 0.00145353 5
0.0185715 0.00146168 4
0.018606 0.00146835 4
0.0186404 0.00147417 4
0.0186749 0.0014794 4
0.0187093 0.00148475 4
0.0187438 0.00148999 4
0.0187782 0.00149661 4
0.0188127 0.00150578 4
0.0188471 0.00151826 4
0.0188816 0.0015333 4
0.018916 0.00154958 4
0.0189505 0.00156965 4
0.0189849 0.0015945 4
0.0190194 0.00162454 4
0.0190538 0.00165909 4
0.0190883 0.00168677 3
0.0191227 0.00171852 4
0.0191572 0.00175491 4
0.0191916 0.00179629 5
0.0192261 0.00184297 3
0.0192606 0.00189179 5
0.019295 0.00194453 3
0.0193295 0.00199663 3
0.0193639 0.00204577 3
0.0193984 0.00209169 3
0.0194328 0.00213319 3
0.0194673 0.00217 3
0.0195017 0.00220356 3
0.0195362 0.00223332 3
0.0195706 0.00225939 3
0.0196051 0.00226672 4
0.0196395 0.00226201 3
0.019674 0.00226187 4
0.0197084 0.00227087 4
0.0197429 0.00228735 4
0.0197773 0.00230168 4
0.0198118 0.00230952 4
0.0198462 0.00231763 4
0.0198807 0.00232846 4
0.0199152 0.00234795 4
0.0199496 0.00237817 3
0.0199841 0.00240758 3
0.0200185 0.00243182 4
0.020053 0.00245013 4
0.0200874 0.0024653 4
0.0201219 0.00247989 5
0.0201563 0.00249615 4
0.0201908 0.00251594 4
0.0202252 0.00253467 4
0.0202597 0.0025541 6
0.0202941 0.00257624 4
0.0203286 0.00259146 4
0.020363 0.00261241 4
0.0203975 0.00264201 4
0.0204319 0.00268139 5
0.0204664 0.00272917 3
0.0205008 0.00277581 5
0.0205353 0.00281787 4
0.0205697 0.00284798 4
0.0206042 0.00286699 4
0.0206387 0.00288104 4
0.0206731 0.00290524 4
0.0207076 0.00294206 4
0.020742 0.00298424 3
0.0207765 0.00302788 3
0.0208109 0.00306842 3
0.0208454 0.00310819 3
0.0208798 0.00314885 3
0.0209143 0.00319172 4
0.0209487 0.00323448 4
0.0209832 0.00327685 4
0.0210176 0.0033166 4
0.0210521 0.00334321 4
0.0210865 0.00335522 4
0.021121 0.00337032 4
0.0211554 0.00339264 4
0.0211899 0.00342344 5
0.0212243 0.00344628 5
0.0212588 0.00346043 5
0.0212933 0.00347855 5
0.0213277 0.00350842 4
0.0213622 0.00354929 4
0.0213966 0.00359584 4
0.0214311 0.00363982 4
0.0214655 0.00367521 4
0.0215 0.00371305 3
0.0215344 0.00375529 4
0.0215689 0.00379583 4
0.0216033 0.00383872 3
0.0216378 0.00388425 4
0.0216722 0.00393867 5
0.0217067 0.00400308 5
0.0217411 0.00407304 5
0.0217756 0.00414562 5
0.02181 0.00422163 5
0.0218445 0.00427818 4
0.0218789 0.00432778 5
0.0219134 0.00438457 4
0.0219479 0.00447865 4
0.0219823 0.00457299 4
0.0220168 0.00466043 5
0.0220512 0.00474671 5
0.0220857 0.00484085 5
0.0221201 0.00493342 4
0.0221546 0.00503974 4
0.022189 0.00515024 4
0.0222235 0.00526631 4
0.0222579 0.00537575 5
0.0222924 0.00547479 5
0.0223268 0.0055738 4
0.0223613 0.00567959 4
0.0223957 0.00579024 4
0.0224302 0.00590523 4
0.0224646 0.00601676 4
0.0224991 0.00613837 6
0.0225335 0.00626207 4
0.022568 0.00640641 4
0.0226025 0.00655432 5
0.0226369 0.00670897 4
0.0226714 0.00686728 4
0.0227058 0.00702377 5
0.0227403 0.00717244 4
0.0227747 0.00735361 5
0.0228092 0.00754411 5
0.0228436 0.00772815 5
0.0228781 0.00789188 4
0.0229125 0.00804566 3
0.022947 0.00818252 3
0.0229814 0.00831423 3
0.0230159 0.00843458 5
0.0230503 0.00857521 4
0.0230848 0.00871886 5
0.0231192 0.00888076 5
0.0231537 0.009044 4
0.0231881 0.00918827 5
0.0232226 0.00933925 4
0.0232571 0.00947785 5
0.0232915 0.00961595 3
0.023326 0.00972437 4
0.0233604 0.00982308 4
0.0233949 0.00994164 4
0.0234293 0.0100229 5
