0 0.00999774
0.0338878 0.00999197
0.0677756 0.00997528
0.101663 0.00994802
0.135551 0.00991038
0.169439 0.00986257
0.203327 0.00980475
0.237215 0.00973712
0.271102 0.00965989
0.30499 0.00957329
0.338878 0.00947749
0.372766 0.00937268
0.406653 0.00925908
0.440541 0.00913688
0.474429 0.00900629
0.508317 0.00886753
0.542205 0.0087208
0.576092 0.00856634
0.60998 0.00840436
0.643868 0.00823509
0.677756 0.00805877
0.711644 0.00787565
0.745531 0.00768599
0.779419 0.00749003
0.813307 0.00728794
0.847195 0.00707996
0.881082 0.00686635
0.91497 0.00664735
0.948858 0.00642322
0.982746 0.00619421
1.01663 0.0059606
1.05052 0.00572264
1.08441 0.00548064
1.1183 0.0052348
1.15218 0.00498539
1.18607 0.0047327
1.21996 0.004477
1.25385 0.00421856
1.28774 0.00395768
1.32162 0.00369464
1.35551 0.00342982
1.3894 0.0031635
1.42329 0.00289587
1.45717 0.00262716
1.49106 0.00235761
1.52495 0.00208748
1.55884 0.00181702
1.59273 0.00154652
1.62661 0.00127624
1.6605 0.00100647
1.69439 0.000737465
1.72828 0.000469474
1.76216 0.000202758
1.79605 6.23843e-05
1.82994 0.000325758
1.86383 0.000587072
1.89772 0.000846085
1.9316 0.00110256
1.96549 0.00135627
1.99938 0.00160698
2.03327 0.00185448
2.06716 0.00209853
2.10104 0.00233894
2.13493 0.0025755
2.16882 0.00280801
2.20271 0.00303627
2.23659 0.0032601
2.27048 0.00347932
2.30437 0.00369376
2.33826 0.00390323
2.37215 0.00410758
2.40603 0.00430663
2.43992 0.00450025
2.47381 0.00468827
2.5077 0.00487057
2.54158 0.005047
2.57547 0.00521744
2.60936 0.00538176
2.64325 0.00553986
2.67714 0.00569161
2.71102 0.00583694
2.74491 0.00597573
2.7788 0.0061079
2.81269 0.00623338
2.84657 0.00635209
2.88046 0.00646396
2.91435 0.00656894
2.94824 0.00666696
2.98213 0.00675798
3.01601 0.00684197
3.0499 0.00691889
3.08379 0.00698873
3.11768 0.00705145
3.15156 0.00710705
3.18545 0.00715553
3.21934 0.00719689
3.25323 0.00723114
3.28712 0.00725828
3.321 0.00727835
3.35489 0.00729139
3.38878 0.0072974
3.42267 0.00729645
3.45655 0.00728858
3.49044 0.00727385
3.52433 0.00725233
3.55822 0.0072241
3.59211 0.00718923
3.62599 0.00714779
3.65988 0.00709984
3.69377 0.00704549
3.72766 0.00698484
3.76154 0.00691799
3.79543 0.00684506
3.82932 0.00676616
3.86321 0.0066814
3.8971 0.00659092
3.93098 0.00649482
3.96487 0.00639325
3.99876 0.00628632
4.03265 0.0061742
4.06653 0.00605702
4.10042 0.00593493
4.13431 0.00580808
4.1682 0.00567664
4.20209 0.00554073
4.23597 0.00540052
4.26986 0.00525618
4.30375 0.00510788
4.33764 0.0049558
4.37152 0.00480009
4.40541 0.00464095
4.4393 0.00447854
4.47319 0.00431306
4.50708 0.00414467
4.54096 0.00397357
4.57485 0.00379996
4.60874 0.00362408
4.64263 0.00344608
4.67651 0.00326608
4.7104 0.00308427
4.74429 0.00290082
4.77818 0.00271591
4.81207 0.00252973
4.84595 0.00234248
4.87984 0.00215433
4.91373 0.00196547
4.94762 0.0017761
4.9815 0.00158641
5.01539 0.00139659
5.04928 0.00120682
5.08317 0.00101726
5.11706 0.000828108
5.15094 0.000639536
5.18483 0.000451726
5.21872 0.000264855
5.25261 7.9096e-05
5.28649 0.000105359
5.32038 0.00028836
5.35427 0.000469731
5.38816 0.000649312
5.42205 0.000826944
5.45593 0.00100247
5.48982 0.00117574
5.52371 0.00134661
5.5576 0.00151493
5.59149 0.00168055
5.62537 0.00184334
5.65926 0.00200315
5.69315 0.00215986
5.72704 0.00231334
5.76092 0.00246345
5.79481 0.00261009
5.8287 0.00275314
5.86259 0.00289249
5.89648 0.00302804
5.93036 0.00315969
5.96425 0.00328734
5.99814 0.0034109
6.03203 0.00353028
6.06591 0.0036454
6.0998 0.00375618
6.13369 0.00386254
6.16758 0.00396441
6.20147 0.00406173
6.23535 0.00415444
6.26924 0.00424248
6.30313 0.0043258
6.33702 0.00440437
6.3709 0.00447813
6.40479 0.00454704
6.43868 0.00461109
6.47257 0.00467024
6.50646 0.00472448
6.54034 0.00477377
6.57423 0.00481811
6.60812 0.0048575
6.64201 0.00489193
6.67589 0.0049214
6.70978 0.00494591
6.74367 0.00496549
6.77756 0.00498015
6.81145 0.00498991
6.84533 0.00499479
6.87922 0.00499484
6.91311 0.00499007
6.947 0.00498052
6.98088 0.00496625
7.01477 0.00494731
7.04866 0.00492374
7.08255 0.0048956
7.11644 0.00486294
7.15032 0.00482583
7.18421 0.00478434
7.2181 0.00473854
7.25199 0.00468851
7.28587 0.00463432
7.31976 0.00457605
7.35365 0.0045138
7.38754 0.00444764
7.42143 0.00437768
7.45531 0.004304
7.4892 0.00422672
7.52309 0.00414592
7.55698 0.00406171
7.59086 0.0039742
7.62475 0.0038835
7.65864 0.00378975
7.69253 0.00369301
7.72642 0.00359339
7.7603 0.00349102
7.79419 0.00338602
7.82808 0.0032785
7.86197 0.00316859
7.89585 0.00305641
7.92974 0.00294208
7.96363 0.00282573
7.99752 0.00270748
8.03141 0.00258746
8.06529 0.00246581
8.09918 0.00234263
8.13307 0.00221806
8.16696 0.00209223
8.20084 0.00196527
8.23473 0.00183733
8.26862 0.00170853
8.30251 0.00157899
8.3364 0.00144883
8.37028 0.0013182
8.40417 0.00118721
8.43806 0.00105599
8.47195 0.000924689
8.50583 0.000793417
8.53972 0.000662305
8.57361 0.000531478
8.6075 0.000401061
8.64139 0.000271177
8.67527 0.000141947
8.70916 1.34918e-05
8.74305 0.000114067
8.77694 0.000240606
8.81082 0.000366015
8.84471 0.000490183
8.8786 0.000612999
8.91249 0.000734356
8.94638 0.000854149
8.98026 0.000972276
9.01415 0.00108863
9.04804 0.00120313
9.08193 0.00131566
9.11582 0.00142614
9.1497 0.00153446
9.18359 0.00164056
9.21748 0.00174434
9.25137 0.00184571
9.28525 0.0019446
9.31914 0.00204094
9.35303 0.00213465
9.38692 0.00222564
9.42081 0.00231386
9.45469 0.00239924
9.48858 0.00248173
9.52247 0.00256127
9.55636 0.00263779
9.59024 0.00271125
9.62413 0.0027816
9.65802 0.00284879
9.69191 0.00291279
9.7258 0.00297356
9.75968 0.00303105
9.79357 0.00308523
9.82746 0.00313609
9.86135 0.00318358
9.89523 0.0032277
9.92912 0.00326841
9.96301 0.00330572
9.9969 0.0033396
10.0308 0.00337004
10.0647 0.00339705
10.0986 0.00342061
10.1324 0.00344074
10.1663 0.00345744
10.2002 0.00347071
10.2341 0.00348057
10.268 0.00348704
10.3019 0.00349012
10.3358 0.00348984
10.3697 0.00348623
10.4036 0.00347931
10.4374 0.00346912
10.4713 0.00345568
10.5052 0.00343904
10.5391 0.00341922
10.573 0.00339629
10.6069 0.00337027
10.6408 0.00334122
10.6747 0.00330919
10.7085 0.00327422
10.7424 0.00323638
10.7763 0.00319571
10.8102 0.00315229
10.8441 0.00310617
10.878 0.0030574
10.9119 0.00300607
10.9458 0.00295223
10.9796 0.00289596
11.0135 0.00283732
11.0474 0.00277639
11.0813 0.00271324
11.1152 0.00264795
11.1491 0.0025806
11.183 0.00251126
11.2169 0.00244002
11.2507 0.00236696
11.2846 0.00229215
11.3185 0.0022157
11.3524 0.00213767
11.3863 0.00205814
11.4202 0.00197722
11.4541 0.001895
11.488 0.00181155
11.5218 0.00172696
11.5557 0.00164132
11.5896 0.00155472
11.6235 0.00146725
11.6574 0.00137901
11.6913 0.00129008
11.7252 0.00120056
11.7591 0.00111053
11.793 0.00102009
11.8268 0.000929328
11.8607 0.000838331
11.8946 0.000747188
11.9285 0.000655989
11.9624 0.000564822
11.9963 0.000473773
12.0302 0.00038293
12.0641 0.000292379
12.0979 0.000202203
12.1318 0.000112487
12.1657 2.33148e-05
12.1996 6.51692e-05
12.2335 0.000153019
12.2674 0.000240085
12.3013 0.000326287
12.3352 0.000411551
12.369 0.000495802
12.4029 0.000578965
12.4368 0.00066097
12.4707 0.000741746
12.5046 0.000821224
12.5385 0.000899339
12.5724 0.000976025
12.6063 0.00105122
12.6401 0.00112486
12.674 0.00119689
12.7079 0.00126725
12.7418 0.00133589
12.7757 0.00140276
12.8096 0.00146779
12.8435 0.00153095
12.8774 0.00159218
12.9112 0.00165145
12.9451 0.0017087
12.979 0.0017639
13.0129 0.00181702
13.0468 0.001868
13.0807 0.00191682
13.1146 0.00196345
13.1485 0.00200787
13.1823 0.00205002
13.2162 0.0020899
13.2501 0.00212748
13.284 0.00216274
13.3179 0.00219568
13.3518 0.00222626
13.3857 0.00225449
13.4196 0.00228036
13.4535 0.00230384
13.4873 0.00232494
13.5212 0.00234366
13.5551 0.00235999
13.589 0.00237393
13.6229 0.00238549
13.6568 0.00239468
13.6907 0.0024015
13.7246 0.00240597
13.7584 0.00240809
13.7923 0.00240788
13.8262 0.00240536
13.8601 0.00240055
13.894 0.00239347
13.9279 0.00238413
13.9618 0.00237258
13.9957 0.00235883
14.0295 0.00234292
14.0634 0.00232486
14.0973 0.00230471
14.1312 0.00228249
14.1651 0.00225823
14.199 0.00223198
14.2329 0.00220377
14.2668 0.00217365
14.3006 0.00214165
14.3345 0.00210782
14.3684 0.00207222
14.4023 0.00203488
14.4362 0.00199585
14.4701 0.00195517
14.504 0.00191291
14.5379 0.00186909
14.5717 0.00182379
14.6056 0.00177706
14.6395 0.00172895
14.6734 0.00167953
14.7073 0.00162884
14.7412 0.00157694
14.7751 0.00152391
14.809 0.00146978
14.8429 0.00141463
14.8767 0.00135851
14.9106 0.00130148
14.9445 0.00124361
14.9784 0.00118496
15.0123 0.00112558
15.0462 0.00106555
15.0801 0.00100491
15.114 0.000943746
15.1478 0.000882107
15.1817 0.000820058
15.2156 0.000757663
15.2495 0.000694983
15.2834 0.000632082
15.3173 0.00056902
15.3512 0.000505861
15.3851 0.000442664
15.4189 0.000379492
15.4528 0.000316404
15.4867 0.000253461
15.5206 0.000190721
15.5545 0.000128244
15.5884 6.60886e-05
15.6223 4.31129e-06
15.6562 5.68979e-05
15.69 0.000117751
15.7239 0.000178059
15.7578 0.000237768
15.7917 0.000296825
15.8256 0.000355178
15.8595 0.000412776
15.8934 0.000469569
15.9273 0.000525509
15.9611 0.000580549
15.995 0.000634642
16.0289 0.000687743
16.0628 0.000739807
16.0967 0.000790793
16.1306 0.000840659
16.1645 0.000889366
16.1984 0.000936875
16.2323 0.00098315
16.2661 0.00102816
16.3 0.00107186
16.3339 0.00111422
16.3678 0.00115522
16.4017 0.00119482
16.4356 0.001233
16.4695 0.00126972
16.5034 0.00130497
16.5372 0.00133872
16.5711 0.00137094
16.605 0.00140163
16.6389 0.00143075
16.6728 0.0014583
16.7067 0.00148425
16.7406 0.0015086
16.7745 0.00153133
16.8083 0.00155243
16.8422 0.0015719
16.8761 0.00158972
16.91 0.00160589
16.9439 0.00162041
16.9778 0.00163328
17.0117 0.00164449
17.0456 0.00165404
17.0794 0.00166194
17.1133 0.0016682
17.1472 0.00167281
17.1811 0.00167579
17.215 0.00167715
17.2489 0.00167689
17.2828 0.00167502
17.3167 0.00167157
17.3505 0.00166654
17.3844 0.00165995
17.4183 0.00165183
17.4522 0.00164217
17.4861 0.00163102
17.52 0.00161839
17.5539 0.0016043
17.5878 0.00158877
17.6216 0.00157184
17.6555 0.00155352
17.6894 0.00153384
17.7233 0.00151284
17.7572 0.00149055
17.7911 0.00146698
17.825 0.00144218
17.8589 0.00141618
17.8928 0.00138901
17.9266 0.0013607
17.9605 0.0013313
17.9944 0.00130083
18.0283 0.00126933
18.0622 0.00123684
18.0961 0.00120341
18.13 0.00116906
18.1639 0.00113383
18.1977 0.00109778
18.2316 0.00106093
18.2655 0.00102333
18.2994 0.000985016
18.3333 0.000946037
18.3672 0.000906432
18.4011 0.000866243
18.435 0.000825512
18.4688 0.000784284
18.5027 0.000742601
18.5366 0.000700507
18.5705 0.000658044
18.6044 0.000615256
18.6383 0.000572186
18.6722 0.000528879
18.7061 0.000485377
18.7399 0.000441723
18.7738 0.00039796
18.8077 0.000354131
18.8416 0.000310279
18.8755 0.000266445
18.9094 0.000222673
18.9433 0.000179002
18.9772 0.000135475
19.011 9.21329e-05
19.0449 4.90148e-05
19.0788 6.16098e-06
19.1127 3.64016e-05
19.1466 7.86133e-05
19.1805 0.000120444
19.2144 0.000161858
19.2483 0.000202816
19.2822 0.000243284
19.316 0.000283227
19.3499 0.000322609
19.3838 0.000361398
19.4177 0.000399559
19.4516 0.000437062
19.4855 0.000473874
19.5194 0.000509967
19.5533 0.00054531
19.5871 0.000579874
19.621 0.000613633
19.6549 0.00064656
19.6888 0.00067863
19.7227 0.000709816
19.7566 0.000740097
19.7905 0.00076945
19.8244 0.000797853
19.8582 0.000825286
19.8921 0.00085173
19.926 0.000877165
19.9599 0.000901576
19.9938 0.000924945
20.0277 0.000947258
20.0616 0.000968502
20.0955 0.000988663
20.1293 0.00100773
20.1632 0.00102569
20.1971 0.00104254
20.231 0.00105826
20.2649 0.00107286
20.2988 0.00108632
20.3327 0.00109864
20.3666 0.00110982
20.4004 0.00111985
20.4343 0.00112873
20.4682 0.00113646
20.5021 0.00114305
20.536 0.00114849
20.5699 0.00115279
20.6038 0.00115596
20.6377 0.00115798
20.6716 0.00115889
20.7054 0.00115867
20.7393 0.00115734
20.7732 0.00115491
20.8071 0.00115139
20.841 0.00114679
20.8749 0.00114112
20.9088 0.00113439
20.9427 0.00112662
20.9765 0.00111783
21.0104 0.00110802
21.0443 0.00109723
21.0782 0.00108545
21.1121 0.00107272
21.146 0.00105905
21.1799 0.00104446
21.2138 0.00102897
21.2476 0.0010126
21.2815 0.000995377
21.3154 0.000977321
21.3493 0.000958455
21.3832 0.000938803
21.4171 0.00091839
21.451 0.00089724
21.4849 0.000875379
21.5187 0.000852833
21.5526 0.000829629
21.5865 0.000805793
21.6204 0.000781353
21.6543 0.000756336
21.6882 0.000730772
21.7221 0.000704687
21.756 0.000678111
21.7898 0.000651073
21.8237 0.000623603
21.8576 0.000595728
21.8915 0.000567481
21.9254 0.000538889
21.9593 0.000509983
21.9932 0.000480794
22.0271 0.00045135
22.061 0.000421682
22.0948 0.000391821
22.1287 0.000361796
22.1626 0.000331638
22.1965 0.000301375
22.2304 0.000271039
22.2643 0.000240658
22.2982 0.000210263
22.3321 0.000179882
22.3659 0.000149544
22.3998 0.000119279
22.4337 8.91153e-05
22.4676 5.90804e-05
22.5015 2.92028e-05
22.5354 5.20782e-07
22.5693 3.0002e-05
22.6032 5.92441e-05
22.637 8.82213e-05
22.6709 0.000116908
22.7048 0.000145279
22.7387 0.000173308
22.7726 0.000200972
22.8065 0.000228246
22.8404 0.000255107
22.8743 0.000281533
22.9081 0.000307501
22.942 0.000332989
22.9759 0.000357977
23.0098 0.000382443
23.0437 0.00040637
23.0776 0.000429736
23.1115 0.000452524
23.1454 0.000474717
23.1792 0.000496296
23.2131 0.000517247
23.247 0.000537553
23.2809 0.0005572
23.3148 0.000576173
23.3487 0.00059446
23.3826 0.000612047
23.4165 0.000628922
23.4503 0.000645075
23.4842 0.000660496
23.5181 0.000675173
23.552 0.0006891
23.5859 0.000702268
23.6198 0.000714669
23.6537 0.000726297
23.6876 0.000737147
23.7215 0.000747213
23.7553 0.000756492
23.7892 0.000764981
23.8231 0.000772676
23.857 0.000779577
23.8909 0.000785682
23.9248 0.000790991
23.9587 0.000795504
23.9926 0.000799224
24.0264 0.000802151
24.0603 0.00080429
24.0942 0.000805643
24.1281 0.000806216
24.162 0.000806012
24.1959 0.000805038
24.2298 0.0008033
24.2637 0.000800806
24.2975 0.000797562
24.3314 0.000793579
24.3653 0.000788864
24.3992 0.000783427
24.4331 0.00077728
24.467 0.000770432
24.5009 0.000762896
24.5348 0.000754683
24.5686 0.000745807
24.6025 0.00073628
24.6364 0.000726116
24.6703 0.00071533
24.7042 0.000703936
24.7381 0.000691949
24.772 0.000679386
24.8059 0.000666262
24.8397 0.000652594
24.8736 0.0006384
24.9075 0.000623695
24.9414 0.000608498
24.9753 0.000592828
