t sb -1 xb vb dt perf.t perf.speed
0 0 -1 0.5 0 2.52982e-05 0 0 
2.52982e-05 0 -1 0.5 0.000417197 2.52982e-05 0.159462 102745 1 683.16 1835.37 0.37222 4 
0.000614221 -4.0623e-08 -1 0.5 0.00162113 0.000588923 0.354965 92313.3 5 1374.03 241.292 1.41609 5 1 1649.43 1124.28 1.46711 4 3 0.073032 2.11624e-05 15.1118 3 
0.00171532 -1.56246e-06 -1 0.5 0.00182719 0.0011011 0.699953 70221.9 7 456.855 77.2118 1.28914 5 3 1811.87 307.011 1.80714 4 5 0.0821417 3.93501e-05 4.61236 3 
0.00328182 -2.85376e-06 -1 0.500002 0.00203323 0.0015665 0.971352 67468.8 2 162.477 2.43662 8.16586 5 2 301.491 118.962 1.59197 5 6 0.0667284 7.42728e-05 3.10632 3 
0.00527167 -2.89368e-06 -1 0.500006 0.00305278 0.00198985 1.20012 68259.7 1 67.2253 22.4744 2.99119 5 4 325.552 84.8824 1.39943 6 7 0.0690624 6.99291e-05 2.67792 3 
0.00764656 -9.94637e-07 -1 0.500014 0.00444734 0.00237488 1.46549 67079.2 5 33.1438 14.968 1.17232 7 2 139.198 65.169 1.46149 7 9 0.132956 9.99386e-05 2.22386 3 
0.0103718 2.42553e-07 -1 0.500027 0.00647967 0.00272528 1.73956 65929.5 2 22.1053 1.43101 3.93031 8 1 88.9922 32.3745 2.74884 7 12 0.173948 7.32172e-05 1.91125 3 
0.0134132 3.25412e-07 -1 0.500047 0.00858966 0.00304133 2.04261 64168.9 2 34.4292 4.46713 2.77619 8 1 27.8526 14.7491 1.88842 7 15 0.23409 6.20629e-05 1.73156 3 
0.0167427 -4.28168e-07 -1 0.500075 0.0106711 0.00332953 2.48584 59318.5 2 54.5621 4.47522 3.49171 8 1 24.9184 11.2486 2.21525 7 17 0.269856 7.07678e-05 1.62429 3 
0.020337 -1.33514e-06 -1 0.500113 0.0127883 0.00359429 3.1511 51994.5 2 75.2706 1.59143 6.87731 8 1 16.1086 16.4083 0.981731 7 37 0.308829 8.33539e-05 1.24869 3 
0.0241718 -1.87061e-06 -1 0.500162 0.0152886 0.00383483 3.51634 51253.3 3 1133.92 3.38468 6.94526 8 1 25.6918 26.0128 0.987661 7 16 0.356288 7.13925e-05 1.70269 4 
0.0282206 -1.94249e-06 -1 0.500223 0.0174358 0.00404875 4.03518 48723.4 2 74.7172 3.35658 4.71804 8 2 29.3042 1.8227 4.00965 8 25 0.426779 7.19594e-05 1.41555 4 
0.032466 -1.63749e-06 -1 0.500297 0.0200001 0.0042454 4.58813 46422.4 2 1142 5.40086 14.5413 7 2 28.1941 1.25211 4.74523 9 16 0.585356 5.78047e-05 1.77968 5 
0.0368951 -1.15423e-06 -1 0.500387 0.02276 0.00442916 5.33468 42997.2 3 1106.28 2.20499 7.94608 6 2 25.7146 2.5541 3.17301 10 28 0.855583 9.85071e-05 1.38252 5 
0.041482 -9.51859e-07 -1 0.500492 0.0256612 0.00458685 5.80727 42319.4 4 1170.12 0.281538 8.02922 5 2 37.425 4.12806 3.01098 10 16 1.04009 7.4846e-05 1.81523 6 
0.0462232 -9.19217e-07 -1 0.500613 0.0285676 0.00474121 6.28838 41687 4 1168.28 0.93164 5.95079 4 2 50.5107 4.45677 3.36653 10 16 1.0337 8.90182e-05 1.79497 6 
0.0510974 -9.52294e-07 -1 0.500752 0.0313969 0.00487422 6.82106 40833.6 4 1146 0.244677 8.27272 4 2 64.0031 4.01318 3.99352 10 19 0.964738 9.3456e-05 1.6265 6 
0.0560955 -1.02555e-06 -1 0.500909 0.0344158 0.00499814 7.56871 38964.6 4 1092.75 0.897288 5.90741 3 2 70.7228 3.63315 4.41203 10 25 1.20907 9.35499e-05 1.46035 6 
0.0611976 -1.04457e-06 -1 0.501084 0.037392 0.00510209 8.47369 36736.8 4 208.857 0.637235 4.25488 3 2 71.7739 3.47191 4.54673 10 30 1.61299 7.93586e-05 1.39188 6 
0.0664083 -1.02833e-06 -1 0.501279 0.0403947 0.00521064 9.4598 34639.2 5 1180.41 1.50316 3.7932 3 2 95.0881 3.2689 5.39339 10 30 1.53456 8.37235e-05 1.38709 6 
0.0717036 -9.47347e-07 -1 0.501494 0.0435099 0.00529529 10.6594 32278.1 6 1139.83 0.706511 3.42468 3 2 113.823 3.36797 5.81342 10 30 1.32801 9.19905e-05 1.3761 6 
0.0770865 -8.53498e-07 -1 0.501728 0.0465263 0.0053829 11.7145 30769.3 4 1164.55 3.14527 4.38657 3 2 117.982 3.33975 5.94362 10 32 1.83766 8.68958e-05 1.3651 6 
0.0825498 -7.58735e-07 -1 0.501983 0.0498061 0.00546339 12.6499 29789.3 4 1116.65 2.49329 4.6003 3 2 106.89 3.33479 5.66153 10 30 2.22453 9.8397e-05 1.39682 6 
0.0880753 -6.28387e-07 -1 0.502259 0.0529194 0.00552547 13.5199 29084.3 5 1126.22 1.92234 3.57732 3 2 151.499 2.99943 7.10698 10 27 1.91395 9.94106e-05 1.44107 6 
0.0936644 -5.10824e-07 -1 0.502555 0.0561557 0.00558911 14.4451 28355.6 5 1029.1 1.60163 3.64401 4 2 164.492 2.88699 7.54832 10 26 1.59518 7.55469e-05 1.46666 6 
0.0993078 -4.29969e-07 -1 0.502872 0.059351 0.00564337 15.2142 27999.2 4 1070.91 2.73917 4.44666 4 2 166.583 2.60353 7.99896 10 25 2.63574 7.09925e-05 1.52331 6 
0.105007 -3.70035e-07 -1 0.503211 0.0625862 0.00569881 15.9402 27751.8 5 1163.76 1.65197 3.71169 4 2 150.379 1.80914 9.11709 10 21 2.67112 8.28074e-05 1.63944 6 
0.110751 -2.9189e-07 -1 0.50357 0.0657571 0.00574403 16.5412 27733.9 5 1137.67 0.742094 4.33623 5 2 217.544 1.61724 11.5981 10 18 2.17985 7.00724e-05 1.77666 6 
0.116541 -2.17373e-07 -1 0.503951 0.0689716 0.00579008 17.0507 27866.1 5 1137.7 0.723742 4.35802 4 2 220.784 1.99454 10.5211 10 15 2.23678 7.83191e-05 1.98176 6 
0.122366 -2.4089e-07 -1 0.504354 0.0721475 0.00582517 17.4912 28100.9 4 1189.13 1.42002 5.37939 4 2 196.326 2.44461 8.96156 10 13 3.22276 6.25179e-05 2.30398 6 
0.128227 -2.68874e-07 -1 0.504777 0.0753739 0.00586076 17.9974 28221 5 1145.77 0.664226 4.43972 4 2 230.854 3.13333 8.58353 10 12 2.84698 5.35782e-05 2.47618 6 
0.134124 -2.78329e-07 -1 0.505222 0.0787057 0.00589687 18.4094 28479.3 4 1163.45 2.24211 4.7728 3 2 264.033 4.1336 7.99216 10 12 2.12927 4.1262e-05 2.47015 6 
0.140045 -2.0768e-07 -1 0.505688 0.0817595 0.00592123 18.8183 28731.2 5 1176 1.32374 3.88796 3 2 277.318 5.08227 7.38687 10 12 3.20918 6.01632e-05 2.47698 6 
0.146003 -2.40668e-08 -1 0.506176 0.0849818 0.00595824 19.2375 28956.8 5 1216.54 0.634939 4.53397 3 2 248.196 6.11582 6.37045 10 11 3.47106 4.32837e-05 2.79146 6 
0.151974 1.90586e-07 -1 0.506684 0.0880145 0.00597071 19.6152 29234.4 4 1193.95 2.29256 4.77712 3 2 344.614 7.46318 6.79524 10 10 3.0527 3.44905e-05 3.12391 6 
0.15797 4.23287e-07 -1 0.507212 0.0913788 0.00599584 19.9878 29509.1 5 1127.28 0.341223 5.0559 3 2 437.841 9.63248 6.74201 10 10 3.05982 4.08477e-05 3.07222 6 
0.163991 6.21364e-07 -1 0.507762 0.0945508 0.00602125 20.3599 29774.6 6 5002.69 0.503752 4.63622 3 3 2396.05 2.32879 10.0953 9 10 3.67389 5.81081e-05 3.02057 6 
0.170025 7.46653e-07 -1 0.508333 0.0977365 0.00603406 20.7004 30076.3 5 2135.21 0.630967 5.08027 3 3 986.666 3.36538 6.64322 9 9 6.53138 3.69416e-05 3.82873 6 
0.176072 8.51419e-07 -1 0.508924 0.100879 0.00604696 21.0686 30328.4 5 1744.11 1.15744 4.3213 3 3 1378.33 3.30912 7.46816 9 12 5.54625 4.51953e-05 2.65507 5 
0.182145 9.72988e-07 -1 0.509536 0.103965 0.00607296 21.4428 30563.2 5 1555.18 0.230117 5.834 4 3 1177.55 2.91353 7.39356 8 12 4.95642 8.55899e-05 2.49399 5 
0.188231 1.12135e-06 -1 0.51017 0.107096 0.00608608 21.7865 30833 5 1389.67 0.614965 4.68611 3 3 772.631 3.17316 6.24444 7 11 5.02624 5.79703e-05 2.81133 5 
0.19433 1.23246e-06 -1 0.510824 0.110237 0.00609928 22.0787 31167.1 5 1362.63 1.66272 3.82571 3 3 942.987 3.64377 6.37263 6 9 5.4168 6.5448e-05 3.51907 5 
0.200429 1.32047e-06 -1 0.511497 0.113359 0.00609928 22.3906 31464.7 5 1377.36 1.45108 3.93978 3 2 803.535 10.5186 8.74023 6 10 4.21725 3.52245e-05 3.21972 5 
0.206542 1.3406e-06 -1 0.51219 0.116463 0.0061126 22.7411 31700.1 5 1251.13 1.64782 3.76772 3 2 802.054 10.4613 8.75607 6 12 5.34061 5.01177e-05 2.62402 5 
0.212668 1.33883e-06 -1 0.512903 0.119496 0.006126 23.1131 31898.8 5 1412.52 2.30845 3.60857 3 3 700.737 3.42567 5.8921 5 13 4.26488 7.2388e-05 2.32778 5 
0.218808 1.24189e-06 -1 0.513636 0.122509 0.0061395 23.5511 32001.2 5 1238.13 2.0286 3.60673 3 3 784.521 5.46967 5.23457 4 17 4.99578 8.15672e-05 1.91246 5 
0.224947 1.10213e-06 -1 0.514388 0.125531 0.0061395 24.0283 32047.5 5 1279.95 2.47908 3.48803 3 3 669.816 6.38797 4.71553 4 19 4.82134 6.94735e-05 1.79808 5 
0.2311 8.93745e-07 -1 0.515159 0.12845 0.00615311 24.5094 32086.9 6 1982.21 1.94801 3.17146 3 4 1022.46 5.45848 3.69951 3 19 3.37821 8.17072e-05 1.74972 5 
0.237253 6.38525e-07 -1 0.515948 0.131421 0.00615311 25.448 31547.4 5 7203.82 2.49714 4.92067 3 4 3730.45 4.88363 5.2572 3 38 6.48877 8.77492e-05 1.34317 6 
0.24342 2.82096e-07 -1 0.516758 0.134319 0.00616685 26.1113 31373.4 5 3420.95 2.01542 4.42544 2 4 1852.73 2.16348 5.4096 3 23 6.90579 6.56563e-05 1.65327 7 
0.249587 2.97808e-07 -1 0.517586 0.137187 0.00616685 26.7053 31289.1 5 2644.7 2.19014 4.1341 2 4 1811.63 2.73699 5.07224 3 19 6.17655 6.33465e-05 1.83054 7 
0.255754 8.55582e-07 -1 0.518433 0.140072 0.00616685 27.2246 31294.1 6 2105.41 0.664374 3.83255 3 4 1508.47 2.46828 4.97205 3 16 5.96194 5.97438e-05 2.05326 7 
0.261935 1.44821e-06 -1 0.5193 0.142891 0.00618073 27.6407 31415.7 5 2266.89 1.18821 4.5301 3 4 1539.23 1.25932 5.91278 3 12 6.9842 9.17379e-05 2.55151 7 
0.268115 2.06204e-06 -1 0.520184 0.145639 0.00618073 27.9909 31608 4 1965.61 1.94525 5.63807 3 4 1617.67 0.943861 6.43421 3 10 6.15794 5.61901e-05 3.19137 7 
0.274296 2.68401e-06 -1 0.521086 0.14859 0.00618073 28.3471 31788.8 4 2200.64 1.15992 6.59979 3 4 1067.13 0.682432 6.28839 3 10 5.4625 9.93563e-05 2.97865 7 
0.280477 3.1655e-06 -1 0.522004 0.151346 0.00618073 28.719 31947.7 5 1768.83 0.847921 4.61175 3 3 1269.94 6.27867 5.87001 2 11 6.14693 8.57266e-05 2.7632 7 
0.286672 3.70021e-06 -1 0.52294 0.154026 0.00619481 29.1187 32071.8 5 2146.35 1.10083 4.54984 2 4 989.751 2.85257 4.31591 2 12 4.79463 5.06773e-05 2.59814 7 
0.292866 4.27865e-06 -1 0.523894 0.156763 0.00619481 29.5169 32194.1 6 12696.3 1.52894 4.50002 2 4 6771.52 6.62453 5.65435 2 12 5.71141 6.50259e-05 2.58209 7 
0.299061 4.92813e-06 -1 0.524866 0.15953 0.00619481 30.2142 31993.4 6 4851.14 2.18707 3.6113 2 5 2474.58 4.59112 3.51817 2 27 9.50719 6.86285e-05 1.55034 6 
0.305256 5.63888e-06 -1 0.525855 0.162136 0.00619481 30.9695 31742.2 6 3729.59 1.85423 3.5529 2 4 2387.67 5.57095 4.55 2 30 7.27124 6.96178e-05 1.46993 6 
0.311451 6.46029e-06 -1 0.526861 0.164736 0.00619481 31.6059 31621.5 7 2904.81 2.32981 2.76858 2 4 2082.02 5.70576 4.37062 2 23 6.57849 5.44745e-05 1.66323 7 
0.317646 7.258e-06 -1 0.527882 0.167351 0.00619481 32.0611 31683.5 7 2978.92 2.54247 2.7441 2 4 1981.77 5.08692 4.44273 3 14 7.18826 6.49275e-05 2.29245 7 
0.32384 8.08778e-06 -1 0.528919 0.169903 0.00619481 32.5285 31731.9 6 2681.67 1.20977 3.61091 3 4 2121.72 3.12104 5.10619 3 14 7.52599 7.54799e-05 2.27537 7 
0.33005 8.84033e-06 -1 0.529974 0.172439 0.00620919 33.0138 31761.7 5 2196.22 1.42003 4.34386 3 4 1826.13 2.23199 5.34823 3 15 5.93942 6.18545e-05 2.14861 7 
0.336259 9.5955e-06 -1 0.531044 0.174961 0.00620919 33.4944 31795.2 5 2557.73 1.41398 4.48211 3 4 1472.47 2.36637 4.99448 3 15 6.68524 7.63004e-05 2.13553 7 
0.342468 1.03768e-05 -1 0.532131 0.177435 0.00620919 33.9954 31808.6 8 13468.1 2.24659 2.96635 2 4 7325.89 10.3209 5.16162 2 15 5.94461 6.78094e-05 2.13561 7 
0.348677 1.1023e-05 -1 0.533233 0.17987 0.00620919 34.6755 31657.2 9 6104.2 2.31356 2.39966 2 5 3157.17 3.46224 3.9083 2 22 10.7006 9.47782e-05 1.69695 7 
0.354886 1.15475e-05 -1 0.534351 0.182266 0.00620919 35.2674 31590.4 9 4681.99 2.31784 2.32949 2 4 2860.69 3.75418 5.25399 3 19 8.30396 6.33704e-05 1.85925 7 
0.361096 1.20504e-05 -1 0.535483 0.184631 0.00620919 35.7492 31623 8 3644.02 2.41893 2.496 2 4 2596.98 5.79259 4.60149 2 15 6.98052 8.46872e-05 2.12686 7 
0.367305 1.26278e-05 -1 0.536629 0.186942 0.00620919 36.2274 31657.8 6 2889.19 1.87137 3.39967 3 4 2000.63 9.1133 3.84922 2 15 7.07868 6.37924e-05 2.16943 7 
0.373514 1.3294e-05 -1 0.53779 0.18922 0.00620919 36.703 31694 5 3418.3 2.27581 4.31852 3 4 2536.94 9.33779 4.05991 2 15 7.99425 5.2605e-05 2.21539 7 
0.379723 1.40545e-05 -1 0.538965 0.191478 0.00620919 37.1648 31741 7 2758.67 1.95744 2.81747 2 5 2287.76 2.86996 3.80458 2 14 7.08938 9.4938e-05 2.22886 7 
0.385932 1.48508e-05 -1 0.540155 0.193665 0.00620919 37.6195 31792.9 7 3225.05 1.87968 2.89777 2 4 1585.22 9.93808 3.55383 2 14 5.79811 8.3533e-05 2.21726 7 
0.392141 1.56466e-05 -1 0.541356 0.195858 0.00620919 38.0772 31841 6 11967.2 2.42169 4.12711 2 6 6547.95 3.44374 3.51975 2 14 8.24657 5.70164e-05 2.33664 7 
0.398351 1.6527e-05 -1 0.542572 0.198054 0.00620919 38.5065 31911.5 5 5138.14 2.14524 4.74096 2 5 3029.85 7.30517 3.33855 2 13 8.34618 8.84363e-05 2.41369 7 
0.40456 1.74402e-05 -1 0.543802 0.200091 0.00620919 38.9498 31968.9 7 3861.73 2.26677 2.89484 2 5 3077.24 2.82905 4.04859 2 13 9.71547 7.90654e-05 2.46319 7 
0.410769 1.83204e-05 -1 0.545046 0.202108 0.00620919 39.3886 32028.7 7 4249.35 2.10558 2.96576 2 5 3454.11 5.52966 3.62349 2 13 9.0801 6.20761e-05 2.49644 7 
0.416978 1.91144e-05 -1 0.546301 0.204139 0.00620919 39.7979 32111 7 3965.57 2.30041 2.89973 2 5 3308.43 8.51199 3.29548 2 12 8.48281 8.75816e-05 2.60322 7 
0.423187 1.99617e-05 -1 0.547568 0.206183 0.00620919 40.198 32199 6 3034.52 1.69743 3.48377 2 5 2537.78 8.02935 3.16195 2 12 7.0733 6.29294e-05 2.63571 7 
0.429397 2.07615e-05 -1 0.548846 0.208116 0.00620919 40.6037 32280.8 5 3787.12 2.04592 4.50281 3 6 2016.43 5.68625 2.66048 2 12 6.26682 4.91083e-05 2.66373 7 
0.435606 2.16931e-05 -1 0.550138 0.209954 0.00620919 41.189 32219.9 7 13086.2 1.7816 3.56686 2 6 7236.79 6.92973 3.18521 2 19 8.42694 6.03462e-05 1.86548 7 
0.441815 2.24426e-05 -1 0.551442 0.211872 0.00620919 41.8172 32127.7 6 5533.27 2.42038 3.62952 2 5 3214.53 5.30842 3.60106 3 21 8.47481 8.88112e-05 1.72634 7 
0.448024 2.32613e-05 -1 0.552757 0.213672 0.00620919 42.3482 32111.7 6 4417.81 1.90518 3.63813 2 4 2761.22 4.22933 5.05484 3 16 9.98456 7.71325e-05 2.08692 7 
0.454233 2.41824e-05 -1 0.554082 0.215392 0.00620919 42.7501 32193.1 7 4270.16 2.13208 2.96253 2 4 3465.46 1.7884 6.63474 3 11 9.04025 8.16416e-05 2.87455 7 
0.460443 2.50053e-05 -1 0.555419 0.217097 0.00620919 43.1117 32303.1 6 4443.03 2.27495 3.5355 2 4 3631.6 1.79931 6.70267 3 10 8.88724 3.05708e-05 3.51841 7 
0.466652 2.58003e-05 -1 0.556767 0.218774 0.00620919 43.4413 32435.1 6 3604.88 2.25573 3.41927 3 3 3018.02 7.96894 7.23503 4 9 7.79874 6.15519e-05 3.68957 7 
0.472861 2.66045e-05 -1 0.558124 0.220376 0.00620919 43.7818 32557.1 6 6170.1 1.83855 3.86934 3 4 3524 2.94392 5.88203 3 9 5.9072 4.23509e-05 3.72918 7 
0.47907 2.7334e-05 -1 0.55949 0.222024 0.00620919 44.169 32642.6 5 11264.1 1.65148 5.84473 3 5 6209.28 5.13947 4.13451 2 12 9.94924 4.83531e-05 2.77192 6 
0.485279 2.80724e-05 -1 0.560868 0.223509 0.00620919 44.5331 32743.7 6 6865.63 2.02984 3.87439 3 5 4025.51 7.99394 3.47066 2 11 9.5847 8.86504e-05 2.86832 6 
0.491488 2.87339e-05 -1 0.562256 0.224995 0.00620919 44.8919 32846.9 7 5593.1 2.36033 3.03457 2 5 3902.08 6.83461 3.55891 2 11 8.11881 4.06635e-05 3.0328 6 
0.497698 2.93995e-05 -1 0.563652 0.226442 0.00620919 45.2528 32947 7 4321.08 2.50468 2.90005 2 5 3171.44 3.03604 4.01596 2 11 7.60015 4.40589e-05 2.99276 6 
0.503907 3.0158e-05 -1 0.565056 0.227853 0.00620919 45.6086 33049.2 7 3465.56 2.57672 2.79871 2 5 2479.59 3.47781 3.72061 2 11 7.02407 4.03539e-05 2.99521 6 
0.510131 3.10355e-05 -1 0.566473 0.229218 0.00622467 45.9391 33168.1 7 4381.13 1.82837 3.03941 2 5 3160.13 5.17125 3.60763 2 10 8.16443 3.98193e-05 3.39769 6 
0.516356 3.18846e-05 -1 0.567899 0.230498 0.00622467 46.9309 32816.2 13 20393.5 2.18192 2.02039 3 5 11582.8 7.03647 4.39837 2 39 8.51159 9.49263e-05 1.33965 6 
0.522581 3.2276e-05 -1 0.569331 0.231756 0.00622467 47.7653 32586 7 9049.8 2.17803 3.28806 3 5 5065.77 6.69968 3.76459 2 23 10.3845 9.42906e-05 1.65659 7 
0.528806 3.25703e-05 -1 0.570773 0.232993 0.00622467 48.3139 32555.1 8 5158.49 2.45407 2.60213 2 5 3412.89 8.18238 3.34232 2 16 10.7617 9.81216e-05 2.06542 7 
0.53503 3.29522e-05 -1 0.572224 0.234131 0.00622467 48.705 32630.1 5 4520.9 1.75016 4.81315 3 6 3794.13 5.27502 2.99328 2 11 9.6913 7.60291e-05 2.91157 7 
0.541255 3.35677e-05 -1 0.573679 0.235287 0.00622467 49.0696 32721.5 5 5280.37 1.79203 4.94156 3 6 4316.1 4.33632 3.15981 2 9 9.23574 8.14396e-05 3.6444 7 
0.54748 3.44463e-05 -1 0.575141 0.236387 0.00622467 49.3923 32839.5 5 4349.49 0.879868 5.4803 3 5 3611.15 8.69832 3.3392 2 8 8.57506 5.46736e-05 4.461 7 
0.553704 3.51987e-05 -1 0.576611 0.237455 0.00622467 49.7348 32942.7 6 18532.6 0.611559 5.58362 3 6 10625.3 9.151 3.24199 2 8 6.93503 4.27853e-05 4.47939 7 
0.559929 3.5781e-05 -1 0.578089 0.238518 0.00622467 50.1148 33019.9 6 11381.8 1.89927 4.26191 3 5 6279.57 7.66754 3.82521 3 9 12.5422 3.39616e-05 4.15526 6 
0.566154 3.63905e-05 -1 0.57957 0.239452 0.00622467 50.4171 33146.8 6 7890 2.149 3.92772 2 6 5083.96 3.51836 3.36236 2 8 9.41569 5.76358e-05 4.48379 6 
0.572378 3.71021e-05 -1 0.58106 0.240362 0.00622467 50.7658 33241.9 8 6186.3 1.56367 2.81618 2 5 4807.28 5.07938 3.93748 2 12 10.1718 5.52666e-05 2.74628 5 
0.578603 3.78315e-05 -1 0.582556 0.241221 0.00622467 51.093 33349.7 6 5673.71 1.16737 4.11569 3 4 4652.09 8.75193 4.8016 3 11 9.4005 4.57822e-05 3.04054 5 
0.584828 3.85082e-05 -1 0.584053 0.24198 0.00622467 51.405 33466 6 4398.3 1.69476 3.70706 3 4 3613.25 7.48885 4.68674 3 10 8.25598 7.38937e-05 3.19754 5 
0.591052 3.90031e-05 -1 0.585557 0.242794 0.00622467 51.7702 33546.4 7 8984.52 1.73297 3.39369 3 6 5193.36 4.82652 3.20112 3 12 6.73603 7.07579e-05 2.59948 5 
0.597277 3.94178e-05 -1 0.587069 0.243561 0.00622467 52.519 33380.1 8 11099.2 1.18163 3.13763 3 6 6204.85 8.20051 3.01867 3 25 11.0487 9.84622e-05 1.59221 7 
0.603502 3.97621e-05 -1 0.58858 0.244243 0.00622467 53.2054 33257.4 7 8873.22 1.93073 3.33576 3 6 5430.2 9.18113 2.89725 3 18 9.12137 8.04404e-05 1.90902 7 
0.609726 3.99907e-05 -1 0.5901 0.244936 0.00622467 53.7374 33233 9 6775.55 1.63176 2.52367 2 6 4995.67 8.31919 2.90459 3 13 9.87284 6.03578e-05 2.51799 7 
0.615951 4.03947e-05 -1 0.591625 0.245559 0.00622467 54.1082 33308.1 7 5896.38 1.6852 3.20831 3 5 4709.39 10.21 3.41026 3 9 9.27411 8.9435e-05 3.60834 7 
0.622176 4.08728e-05 -1 0.593149 0.246149 0.00622467 54.5387 33345.6 6 4542.51 1.72041 3.71773 3 6 3650.57 2.91242 3.28361 3 9 8.16736 2.55064e-05 4.08992 7 
0.6284 4.14369e-05 -1 0.594677 0.246715 0.00622467 54.9024 33423.1 7 6907.21 1.16897 3.45769 2 5 4011.11 4.81914 3.83759 3 8 6.75295 7.74734e-05 4.14517 7 
0.634625 4.1961e-05 -1 0.596215 0.247257 0.00622467 55.331 33460.3 7 11321.6 2.18052 3.39441 2 5 6606.33 1.96147 5.07546 2 9 10.4097 4.6083e-05 3.93439 6 
0.64085 4.26355e-05 -1 0.597748 0.247734 0.00622467 55.7393 33509.2 7 9314.02 2.37449 3.26112 2 5 5649.9 3.02808 4.50998 2 8 9.30181 5.43321e-05 4.51013 6 
0.647074 4.34652e-05 -1 0.599288 0.2482 0.00622467 56.0869 33593.6 7 7048.96 1.49319 3.34857 2 5 5138.95 3.35253 4.33611 2 8 9.90771 7.27979e-05 4.3826 6 
0.653299 4.42617e-05 -1 0.600835 0.248609 0.00622467 56.4229 33683.9 7 6154.72 2.21713 3.10396 2 5 4906.25 3.82004 4.18539 2 8 9.39962 6.19184e-05 4.44285 6 
0.659524 4.50911e-05 -1 0.602377 0.249014 0.00622467 56.9191 33678.1 7 4789.11 2.32831 2.97383 2 4 3850.62 5.37791 5.17284 3 14 8.34925 7.52798e-05 2.29274 6 
0.665748 4.60219e-05 -1 0.60392 0.249333 0.00622467 57.6703 33523.5 7 8393.53 2.06968 3.27668 2 4 4884.68 7.4119 5.06672 3 25 6.92801 7.47044e-05 1.58012 6 
0.671973 4.68892e-05 -1 0.605474 0.249625 0.00622467 58.4576 33352.3 10 12108 2.05611 2.38233 3 5 6835.29 4.1896 4.39053 2 25 10.8876 6.08916e-05 1.62217 7 
0.678198 4.73697e-05 -1 0.607025 0.24994 0.00622467 59.0232 33310.3 7 9442 2.13753 3.31693 2 5 5810.7 9.03192 3.64493 2 18 8.97796 7.64316e-05 1.91276 7 
0.684422 4.79111e-05 -1 0.608575 0.250151 0.00622467 59.5118 33312.1 8 6935.75 2.27175 2.72641 2 5 5168.34 5.28024 3.96405 2 15 10.2999 7.1357e-05 2.2078 7 
0.690647 4.84143e-05 -1 0.610131 0.250411 0.00622467 59.9927 33318.2 7 6370.76 1.40127 3.33061 2 5 5172.53 4.36207 4.1191 2 15 9.71532 7.41992e-05 2.1935 7 
0.696872 4.9138e-05 -1 0.611687 0.25057 0.00622467 60.4705 33325.9 6 5134.93 1.79366 3.76819 2 5 4192.98 4.78328 3.87757 2 15 8.75567 5.57241e-05 2.22032 7 
0.703096 4.99438e-05 -1 0.613243 0.250779 0.00622467 60.9191 33349.4 6 16741.7 2.23924 4.42198 2 6 9723.56 3.32588 3.7814 2 14 7.27658 9.83659e-05 2.22737 7 
0.709321 5.07065e-05 -1 0.6148 0.250895 0.00622467 61.3475 33383.6 6 13497.6 1.52756 4.54684 2 6 7560.44 4.77628 3.41384 2 13 12.7484 8.51084e-05 2.501 7 
0.715546 5.16441e-05 -1 0.616357 0.250942 0.00622467 61.7775 33416.5 7 8349.03 2.34168 3.21695 2 5 5313.7 5.36701 3.97313 2 13 9.68164 4.58967e-05 2.56774 7 
0.72177 5.24452e-05 -1 0.617919 0.251054 0.00622467 62.1848 33461 5 5761.63 2.19536 4.82845 3 5 4574.51 2.81476 4.38713 2 12 10.6312 3.77613e-05 2.8453 7 
0.727995 5.29729e-05 -1 0.619479 0.251103 0.00622467 62.5703 33516.7 6 6117.76 1.09216 4.21423 3 4 5083.66 9.77773 4.77512 3 11 9.78299 5.1219e-05 3.02061 7 
0.73422 5.36008e-05 -1 0.621036 0.251128 0.00622467 62.942 33579.1 6 5522.02 1.49534 3.93151 3 4 4554.73 6.23929 5.19795 3 10 9.15103 8.31878e-05 3.19257 7 
0.740444 5.40924e-05 -1 0.622595 0.251139 0.00622467 63.3523 33620.3 6 24848.1 0.921953 5.47559 3 4 14419 6.364 6.89925 3 12 7.80984 5.62599e-05 2.68248 7 
0.746669 5.4602e-05 -1 0.624155 0.251118 0.00622467 64.053 33508.2 8 13294.6 1.74539 3.05649 2 5 7461.95 2.23491 5.06662 2 23 12.6439 6.33584e-05 1.69996 7 
0.752894 5.51042e-05 -1 0.625716 0.251049 0.00622467 64.5946 33480.9 8 6595.01 2.39487 2.69148 2 5 3730.88 3.78636 3.96934 2 17 11.1265 5.74501e-05 2.04646 7 
0.759118 5.55535e-05 -1 0.627277 0.251 0.00622467 64.9846 33532.1 10 5427.09 2.29022 2.17505 2 4 3365.46 4.98872 5.0964 2 11 9.74493 5.58552e-05 2.99585 7 
0.765343 5.60158e-05 -1 0.628833 0.250862 0.00622467 65.3425 33599.2 6 4406.64 2.4771 3.48092 3 5 3612.71 5.29628 3.68784 2 10 8.70102 4.14229e-05 3.40591 7 
0.771568 5.63802e-05 -1 0.630392 0.250797 0.00622467 65.6596 33686.5 8 5686.6 2.26817 2.66009 2 5 4448.03 4.11956 4.04262 2 8 8.74793 8.25366e-05 4.24773 7 
0.777792 5.6752e-05 -1 0.631949 0.250686 0.00622467 65.9548 33784.1 9 23429.9 2.18975 2.80355 3 5 13569.2 6.44792 4.61984 2 7 8.82718 8.3544e-05 5.22037 7 
0.784017 5.70794e-05 -1 0.633507 0.250524 0.00622467 66.2929 33859 6 8589.55 2.33324 3.92948 3 5 4853.39 6.04922 3.80951 2 10 10.2376 4.8186e-05 3.40979 6 
0.790242 5.74156e-05 -1 0.635064 0.250389 0.00622467 66.6564 33920.1 5 7637.32 1.8553 5.2833 3 5 4710.84 4.67279 3.98753 2 10 10.4513 3.87216e-05 3.49238 6 
0.796466 5.77848e-05 -1 0.636618 0.25022 0.00622467 66.9753 34003.2 8 6137.31 2.45937 2.65855 2 5 4220.75 6.17149 3.68977 2 9 8.13973 4.2111e-05 3.86685 6 
0.802691 5.83004e-05 -1 0.638172 0.25005 0.00622467 67.2869 34089.3 8 4932.82 2.42134 2.59197 2 5 3557.76 8.17674 3.37069 2 9 7.53345 4.68045e-05 3.78898 6 
0.808916 5.89287e-05 -1 0.639724 0.249847 0.00622467 67.5853 34181.1 8 4340.36 2.50953 2.53946 2 5 2974.86 6.20416 3.43682 2 8 7.20539 8.47862e-05 4.13206 6 
0.81514 5.95946e-05 -1 0.641275 0.249613 0.00622467 68.3334 34046.7 11 20479.2 1.82144 2.33487 4 5 11782.6 3.84321 4.98092 2 24 9.04216 7.23471e-05 1.63068 7 
0.821365 5.98783e-05 -1 0.642828 0.249385 0.00622467 68.9409 33984.4 6 10156.7 2.30319 4.04952 3 5 5858.94 3.17885 4.49894 2 20 10.3378 5.70489e-05 1.83193 7 
0.82759 6.01895e-05 -1 0.644374 0.249131 0.00622467 69.3909 34000.1 5 8348.72 1.52769 5.59135 2 5 5673.26 7.70803 3.74436 2 14 9.1861 5.06163e-05 2.37482 7 
0.833814 6.08508e-05 -1 0.645921 0.248851 0.00622467 69.7466 34061.6 5 6731.76 1.9516 5.09973 3 6 5160.79 6.15097 3.07111 2 10 9.45577 3.7897e-05 3.46505 7 
0.840039 6.16731e-05 -1 0.647467 0.24863 0.00622467 70.0876 34129.6 6 5611.58 0.645599 4.53441 3 6 4400 4.74662 3.12256 2 9 8.5562 3.01305e-05 4.0357 7 
0.846264 6.21105e-05 -1 0.64901 0.24839 0.00622467 70.4045 34208.7 6 6980.53 1.14474 4.27429 3 6 4090.69 5.25353 3.03313 2 8 7.37896 6.08529e-05 4.31981 7 
0.852488 6.25126e-05 -1 0.650553 0.248086 0.00622467 70.6941 34300.4 6 13822.6 1.18884 4.75968 3 6 7906.11 2.62716 3.79967 3 7 10.3366 8.67552e-05 5.31073 7 
0.858713 6.29927e-05 -1 0.652093 0.247802 0.00622467 70.9611 34402.2 6 9513.95 1.03834 4.57443 3 5 5867.34 7.40389 3.80011 3 7 8.63673 9.72199e-05 5.09263 6 
0.864938 6.3541e-05 -1 0.65363 0.247491 0.00622467 71.2888 34473.9 6 6224.2 1.78356 3.89463 3 5 4757.48 4.6759 3.99487 3 9 10.6215 2.97439e-05 4.13977 6 
0.871162 6.4192e-05 -1 0.655167 0.247172 0.00622467 71.6133 34546.4 6 6013.83 0.815623 4.41174 3 4 5018.76 10.2782 4.70078 3 11 9.90119 8.24913e-05 2.89569 5 
0.877387 6.47415e-05 -1 0.6567 0.246841 0.00622467 71.9167 34628.5 6 6115.47 0.615702 4.63635 3 4 5022.94 9.79497 4.7587 3 10 9.24676 6.22353e-05 3.29 5 
0.883612 6.51771e-05 -1 0.658232 0.246496 0.00622467 72.4814 34584.8 6 25059.9 0.95813 5.44828 3 4 14618.9 8.13384 6.51111 3 21 8.27099 7.10047e-05 1.74281 6 
0.889836 6.54469e-05 -1 0.659763 0.246163 0.00622467 73.1865 34475.4 5 13790 1.25557 6.42902 3 4 7772.47 4.60335 6.4102 3 25 12.568 6.30878e-05 1.62919 7 
0.896061 6.60106e-05 -1 0.661291 0.245761 0.00622467 73.6841 34465 6 7261.41 2.26444 3.84011 2 4 4186.05 7.51065 4.85883 2 16 11.3054 9.54234e-05 2.0754 7 
0.902286 6.68708e-05 -1 0.662816 0.245417 0.00622467 74.1173 34484.6 7 6200.06 2.40398 3.07151 2 4 4003.9 7.31369 4.83712 2 13 9.14306 5.95878e-05 2.50564 7 
0.90851 6.77355e-05 -1 0.664339 0.245069 0.00622467 74.6065 34478.1 6 4872.59 2.55211 3.52217 2 4 3351.89 7.5496 4.5903 2 15 8.75717 5.71763e-05 2.21654 7 
0.914735 6.85602e-05 -1 0.665859 0.24472 0.00622467 75.11 34465.1 5 4986.09 1.90292 4.8269 2 4 3688.39 7.65382 4.68533 2 16 7.79047 6.06502e-05 2.08591 7 
0.92096 6.91754e-05 -1 0.667379 0.244298 0.00622467 75.6144 34451.9 7 20388.5 2.32826 3.65758 2 4 11855.6 8.69238 6.0771 2 16 8.83439 7.5378e-05 2.074 7 
0.927184 6.99459e-05 -1 0.668895 0.243923 0.00622467 76.1191 34438.6 9 10184 1.89773 2.59663 2 5 5811.91 2.2948 4.79418 2 15 9.41248 9.03444e-05 2.16033 7 
0.933409 7.05516e-05 -1 0.670411 0.243491 0.00622467 76.5992 34436.7 6 8435.03 2.07495 3.99497 2 5 5496.73 7.73446 3.71822 2 15 9.02985 9.01238e-05 2.15471 7 
0.939634 7.14079e-05 -1 0.671922 0.243115 0.00622467 77.0573 34444.6 7 7121.1 2.16564 3.17997 2 5 5278.87 8.2682 3.63937 2 14 9.10345 7.27952e-05 2.31248 7 
0.945858 7.25121e-05 -1 0.67343 0.242717 0.00622467 77.489 34464.1 7 5627.26 1.90883 3.13074 2 5 4320.51 8.00122 3.51946 2 13 9.12881 7.4937e-05 2.46155 7 
0.952083 7.36167e-05 -1 0.674936 0.242299 0.00622467 77.8942 34495.2 7 5076.39 2.148 3.03341 2 5 3497.06 8.16147 3.36037 2 12 7.35798 6.32414e-05 2.6433 7 
0.958308 7.46717e-05 -1 0.67644 0.241947 0.00622467 78.625 34383 10 14170.6 2.38968 2.38399 2 5 8323.92 8.08032 4.00479 2 24 9.62188 6.78523e-05 1.63928 7 
0.964532 7.53476e-05 -1 0.677942 0.241529 0.00622467 79.3197 34288.4 8 10476 2.3599 2.85702 2 5 6342.11 6.98388 3.90506 2 19 10.5846 6.03561e-05 1.88798 7 
0.970757 7.57916e-05 -1 0.679445 0.241133 0.00622467 79.7615 34303.9 7 6454.29 2.25389 3.11778 2 5 4808.81 5.38363 3.89218 2 13 10.5987 4.40406e-05 2.5939 7 
0.976982 7.64137e-05 -1 0.68094 0.240756 0.00622467 80.1284 34351.3 7 6140.67 0.942048 3.50653 2 5 5106.2 4.57659 4.06922 2 10 9.89719 6.79208e-05 3.28361 7 
0.983207 7.69651e-05 -1 0.682434 0.240354 0.00622467 80.4603 34413.2 6 6086.05 1.82011 3.86699 2 5 5022.2 4.88815 4.00267 2 9 9.30872 3.28871e-05 4.03425 7 
0.989431 7.77177e-05 -1 0.683924 0.239914 0.00622467 80.7815 34479.2 7 24123.5 1.09846 4.17096 2 6 14102.7 4.55248 3.81806 2 8 8.36777 5.61839e-05 4.43226 7 
0.995656 7.83431e-05 -1 0.685414 0.239539 0.00622467 81.1372 34530 6 14296.6 1.26937 4.7345 2 6 8069.99 5.40124 3.38114 2 11 12.6021 6.73299e-05 3.01505 6 
1.00188 7.89883e-05 -1 0.686901 0.239109 0.00622467 81.4687 34590.6 7 7567.41 1.07745 3.54411 2 5 4373.51 4.7976 3.90806 2 10 11.155 9.62436e-05 3.2093 6 
1.00811 7.95387e-05 -1 0.688387 0.238736 0.00622467 81.798 34651.6 6 6360.46 1.43632 4.05234 3 5 4125.43 2.70018 4.33327 2 10 12.0049 5.29045e-05 3.43231 6 
1.01433 8.02244e-05 -1 0.689868 0.238356 0.00622467 82.1366 34708.2 5 5200.36 2.03944 4.8007 3 4 3589.01 7.28034 4.71201 3 11 9.95814 5.30205e-05 3.01599 6 
1.02055 8.07845e-05 -1 0.691349 0.237966 0.00622467 82.4609 34770.4 5 4124.35 0.849123 5.46106 3 4 3028.11 8.67812 4.32202 2 10 12.3282 6.22125e-05 3.38612 6 
1.02678 8.13116e-05 -1 0.692823 0.237636 0.00622467 83.0708 34712.4 5 20597.2 2.45585 6.09146 2 5 11989 6.50418 4.49902 2 21 8.7289 6.57764e-05 1.75367 7 
1.033 8.21247e-05 -1 0.694297 0.237219 0.00622467 83.6877 34652.2 6 10467.6 2.44199 4.03042 2 5 5974.77 6.74003 3.88626 2 21 9.49409 6.11714e-05 1.76679 7 
1.03923 8.31028e-05 -1 0.695769 0.236724 0.00622467 84.1497 34656.7 7 8825.6 2.08992 3.29568 2 5 5775.09 4.84258 4.12379 2 14 8.73944 8.62798e-05 2.27793 7 
1.04545 8.39751e-05 -1 0.69724 0.236352 0.00622467 84.5037 34705.4 6 7115.31 2.31615 3.81275 2 4 5364.06 8.76947 4.97313 2 10 10.3105 5.36105e-05 3.376 7 
1.05168 8.4938e-05 -1 0.698705 0.235976 0.00622467 84.83 34765 6 6080.8 2.11532 3.77078 2 4 4755.82 7.00467 5.10457 2 9 12.5072 3.92054e-05 4.08823 7 
1.0579 8.59141e-05 -1 0.700171 0.235535 0.00622467 85.1365 34832.3 7 5348.42 2.18719 3.04823 2 4 3708.4 9.15179 4.48663 2 8 12.0865 6.27576e-05 4.57698 7 
1.06413 8.6824e-05 -1 0.701632 0.235117 0.00622467 85.4434 34899 7 13976.4 2.42956 3.44448 2 5 8046.21 4.17655 4.53894 2 8 13.0762 2.77031e-05 5.1197 7 
1.07035 8.73371e-05 -1 0.703092 0.234659 0.00622467 85.7251 34975.4 6 9737.82 2.36311 4.00402 2 5 5944.29 4.71602 4.1697 2 8 8.64178 4.76426e-05 4.54282 6 
1.07658 8.74928e-05 -1 0.704549 0.234268 0.00622467 86.017 35047.2 9 5650.97 2.44209 2.36493 2 5 4110.47 7.8162 3.5009 2 8 10.5989 7.63686e-05 4.39332 6 
1.0828 8.77119e-05 -1 0.706004 0.233912 0.00622467 86.3416 35105.2 7 5114.19 2.22212 3.02195 2 5 4354.95 7.82665 3.54064 2 11 9.58327 4.81214e-05 3.0321 5 
1.08903 8.78904e-05 -1 0.707454 0.233518 0.00622467 86.8012 35108.1 7 6093.17 2.50041 3.04672 2 5 4979.1 4.66079 4.03402 2 10 10.5881 8.87062e-05 3.21874 5 
1.09525 8.80978e-05 -1 0.708905 0.233186 0.00622467 87.4199 35047 9 25627.2 2.57664 2.78089 3 5 15003 6.24695 4.74353 2 23 12.8724 7.04831e-05 1.69342 6 
1.10148 8.84206e-05 -1 0.710352 0.232831 0.00622467 88.1492 34942.9 7 13084 2.40213 3.41771 3 5 7365.14 4.47587 4.39805 2 25 12.297 6.93408e-05 1.62163 7 
1.1077 8.87533e-05 -1 0.711799 0.232439 0.00622467 88.7076 34907.7 8 7973.8 2.28638 2.77214 2 5 4707 4.93477 3.94362 2 16 14.5644 7.80708e-05 2.13513 7 
1.11392 8.89665e-05 -1 0.713242 0.232079 0.00622467 89.0891 34942.1 7 6867.31 1.06246 3.5023 2 5 4626.45 8.71177 3.50775 2 10 15.9504 8.14359e-05 3.38217 7 
1.12015 8.9088e-05 -1 0.714684 0.231683 0.00622467 89.4394 34988.4 8 5450.11 2.15281 2.66333 3 6 3870.31 8.3744 2.78056 2 9 10.9989 7.8869e-05 3.72911 7 
1.12637 8.92721e-05 -1 0.71612 0.231325 0.00622467 89.7888 35034.7 8 4324.21 2.09054 2.59691 2 5 3223.88 9.9865 3.17536 2 9 7.34394 3.67666e-05 3.88098 7 
1.1326 8.95089e-05 -1 0.717556 0.231034 0.00622467 90.1618 35071.5 8 20783.8 1.05141 3.44345 2 7 12077.3 3.14454 3.25131 2 10 10.1722 5.82651e-05 3.3435 7 
1.13882 8.99329e-05 -1 0.71899 0.230627 0.00622467 90.6244 35073.3 7 11229.9 1.98715 3.43574 2 6 6488.72 6.44978 3.16545 2 14 12.6931 5.20357e-05 2.42552 7 
1.14505 9.05776e-05 -1 0.720423 0.230301 0.00622467 91.1255 35060.2 7 8529.83 1.67195 3.3859 2 5 5726.79 9.57561 3.5921 2 16 12.3351 7.10857e-05 2.12549 7 
1.15127 9.1356e-05 -1 0.721852 0.229939 0.00622467 91.6516 35037.7 6 7220.36 1.28746 4.21506 3 4 5627.65 8.62131 5.05462 3 17 9.75025 6.54018e-05 2.0152 7 
1.1575 9.16272e-05 -1 0.723282 0.229658 0.00622467 92.1754 35016.4 5 6174.76 1.48539 5.29366 3 4 4999.83 6.40999 5.28475 3 17 13.5552 7.83375e-05 2.03294 7 
1.16372 9.20889e-05 -1 0.724705 0.229266 0.00622467 92.699 34995.3 6 7382.69 1.5126 4.11859 2 4 4354.95 5.09167 5.40792 3 17 17.897 8.75149e-05 2.05302 7 
1.16995 9.25531e-05 -1 0.72613 0.228971 0.00622467 93.3884 34912.4 7 15087.9 1.55383 3.71196 2 4 8705.15 4.33302 6.69493 3 24 14.5586 6.3066e-05 1.67291 7 
1.17617 9.30374e-05 -1 0.727552 0.228618 0.00622467 93.9188 34889.7 6 7911.67 2.50326 3.83084 2 4 4942.68 9.08606 4.82944 2 18 9.13755 9.78285e-05 1.88856 7 
1.1824 9.37855e-05 -1 0.728972 0.22833 0.00622467 94.3744 34894.9 6 6006.28 1.64856 3.92269 2 5 3569.85 6.64817 3.51552 2 14 11.7151 6.98415e-05 2.3615 7 
1.18862 9.45439e-05 -1 0.730388 0.228017 0.00622467 94.7982 34911.7 7 5009.56 1.53022 3.17797 2 5 3244.93 4.31967 3.75968 2 13 10.2196 8.97398e-05 2.44882 7 
1.19485 9.5265e-05 -1 0.731804 0.227738 0.00622467 95.2177 34930 6 5217.05 1.13973 4.07478 2 5 4161.67 3.099 4.22289 2 13 8.34581 4.39228e-05 2.54718 7 
1.20107 9.58833e-05 -1 0.733216 0.227473 0.00622467 95.6174 34955.3 6 26980.1 2.05531 4.85692 2 5 15817.5 5.14843 4.98302 2 12 13.8212 4.58348e-05 2.86162 7 
1.20729 9.64517e-05 -1 0.734629 0.227092 0.00622467 95.9982 34987.3 6 9568.89 2.17293 4.04858 2 5 5301.03 4.75557 4.06847 2 11 13.6195 5.0212e-05 3.11847 7 
1.21352 9.68955e-05 -1 0.736039 0.226817 0.00622467 96.4387 34997.4 6 8646.37 2.05638 4.01749 2 5 5263.95 6.16046 3.8578 2 15 18.6336 5.16568e-05 2.34681 6 
1.21974 9.76051e-05 -1 0.737451 0.226584 0.00622467 96.8733 35009.5 7 7103.47 1.25117 3.43802 2 5 5008.86 3.54706 4.26554 2 15 17.8012 5.6807e-05 2.32489 6 
1.22597 9.82401e-05 -1 0.738856 0.2263 0.00622467 97.2665 35036.5 7 5932.77 1.08199 3.42096 2 5 4407.24 4.26902 4.00653 2 13 10.1187 8.82847e-05 2.45003 6 
1.23219 9.87812e-05 -1 0.740261 0.226019 0.00622467 97.6354 35071.9 6 4553.17 2.21981 3.56451 2 5 3496.56 4.46417 3.79123 2 12 9.59768 8.91192e-05 2.62633 6 
1.23842 9.94153e-05 -1 0.741663 0.225767 0.00622467 98.3652 34978.2 9 20670.7 2.21474 2.76131 3 5 12015.1 5.18593 4.70956 2 25 8.92167 9.51067e-05 1.58085 7 
1.24464 9.98387e-05 -1 0.743066 0.225509 0.00622467 98.9619 34932.9 5 11339.3 2.51836 5.3789 3 5 6640.27 3.46849 4.53324 2 20 10.0531 6.51918e-05 1.81721 7 
1.25087 0.000100119 -1 0.744464 0.225379 0.00622467 99.3779 34951.5 5 7828.48 2.43891 5.02686 2 5 5466.87 3.46323 4.36166 2 13 11.3779 9.92698e-05 2.45004 7 
1.25709 0.000100869 -1 0.745865 0.224958 0.00622467 99.7277 34993.2 6 6346.7 2.48182 3.69797 2 5 5162.96 3.89438 4.21204 2 10 14.3347 9.07018e-05 3.31038 7 
1.26332 0.000101593 -1 0.747261 0.224724 0.00622467 100.119 35020.1 6 6358.55 2.09878 3.80392 2 5 5263.79 4.6503 4.08097 2 13 16.9057 4.82359e-05 2.67001 6 
1.26954 0.00010231 -1 0.748657 0.224496 0.00622467 100.474 35059.4 7 11892.7 2.13765 3.42807 2 5 7011.04 7.20707 3.95918 2 11 20.4954 6.0998e-05 3.17976 6 
1.27577 0.000103001 -1 0.75005 0.224268 0.00622467 100.905 35072.1 6 16228.6 2.0145 4.47733 2 6 9343.24 3.45922 3.73181 2 17 25.1441 8.56143e-05 2.0972 5 
1.28199 0.000103795 -1 0.751445 0.224071 0.00622467 101.337 35084.1 6 7333.65 1.84454 3.9802 2 5 4185.47 3.89259 4.03925 2 17 11.898 7.76127e-05 2.01851 5 
1.28822 0.000104584 -1 0.752837 0.223889 0.00622467 101.734 35108.4 6 6525.5 1.25342 4.16313 3 5 4099.73 2.86296 4.27748 2 15 9.61127 5.9801e-05 2.22368 5 
1.29444 0.000104999 -1 0.754228 0.223725 0.00622467 102.132 35131.9 6 5258.03 0.700402 4.42499 3 4 3533.65 9.9978 4.3359 3 15 8.9422 6.42314e-05 2.20249 5 
1.30066 0.000105366 -1 0.755614 0.223485 0.00622467 102.558 35145.9 6 4235.42 1.51121 3.75487 2 4 2984.26 4.18604 5.16724 3 17 11.1644 9.48666e-05 1.98737 5 
1.30689 0.000105923 -1 0.757003 0.223292 0.00622467 103.676 34925 9 24481.2 2.44831 2.78254 2 4 14347.7 5.11674 7.27691 3 48 14.093 8.1552e-05 1.28563 6 
1.31311 0.000106357 -1 0.758388 0.223095 0.00622467 104.357 34853.9 8 10200.1 2.56681 2.81774 2 5 5822.34 3.00834 4.54312 2 23 17.4487 9.39707e-05 1.69464 7 
1.31934 0.000106804 -1 0.759775 0.222925 0.00622467 104.842 34849 9 8835.75 1.80599 2.57009 3 4 5542.73 8.5179 5.05066 2 15 20.0535 7.83937e-05 2.29365 7 
1.32556 0.000107157 -1 0.761158 0.222756 0.00622467 105.2 34886.1 6 7466.22 1.98051 3.94506 3 5 5478.26 3.333 4.39705 2 10 14.5347 7.45245e-05 3.38073 7 
1.33179 0.000107628 -1 0.762544 0.222626 0.00622467 105.587 34913.3 5 6083.67 2.39833 4.79569 2 5 4725.73 2.52834 4.51156 2 13 23.0877 5.82587e-05 2.69536 6 
1.33801 0.000108256 -1 0.763924 0.222426 0.00622467 106.103 34898 10 4941.08 1.91331 2.19383 3 4 3911.17 8.27492 4.66268 2 21 38.4194 7.42275e-05 1.87109 5 
1.34424 0.000108636 -1 0.765306 0.222281 0.00622467 106.562 34901.6 8 17680.1 2.38906 3.04549 2 5 10272.2 4.73396 4.64823 2 18 16.8255 7.90888e-05 1.97693 5 
1.35046 0.000109027 -1 0.766685 0.222146 0.00622467 106.931 34934.2 7 11173.8 2.29912 3.3625 2 5 6663.46 4.28487 4.34863 2 14 10.0074 5.91026e-05 2.36309 5 
1.35669 0.000109552 -1 0.768068 0.221981 0.00622467 107.273 34975.7 8 6123.79 2.28869 2.68182 3 5 4499.34 5.65327 3.80338 2 12 12.5702 9.67002e-05 2.66784 5 
1.36291 0.000110015 -1 0.769445 0.221852 0.00622467 107.608 35019 6 5229.86 2.51168 3.57345 2 5 4430.34 4.8151 3.91531 2 12 16.7079 7.24644e-05 2.79833 5 
1.36914 0.000110488 -1 0.770823 0.221704 0.00622467 107.97 35053.3 8 6104.35 2.38324 2.66722 3 5 4882.07 4.33119 4.07755 2 13 18.8752 4.76759e-05 2.69516 5 
1.37536 0.000111028 -1 0.772197 0.221611 0.00622467 108.415 35060.4 8 19358.6 2.24463 3.10432 3 5 11435.4 4.29199 4.84305 2 17 15.2746 5.6546e-05 2.08691 5 
1.38159 0.000111413 -1 0.773576 0.221606 0.00622467 109.197 34959.4 5 15584.9 2.11266 5.93711 2 5 8906.67 3.49412 4.80038 2 28 20.7706 7.29277e-05 1.56605 7 
1.38781 0.000112089 -1 0.774951 0.221394 0.00622467 109.724 34940.7 6 7895.86 2.53472 3.8216 2 5 4586.52 9.09631 3.47155 2 17 18.9573 7.58899e-05 2.07733 7 
1.39403 0.000112878 -1 0.776328 0.221248 0.00622467 110.205 34937.2 6 6789.85 2.55026 3.72288 2 6 4465.98 3.61569 3.27558 2 17 28.2901 9.17836e-05 2.10317 6 
1.40026 0.000113493 -1 0.777701 0.221145 0.00622467 110.934 34855.1 5 5651.63 2.44272 4.70826 3 6 3949.7 3.34319 3.25138 2 29 48.5348 6.3139e-05 1.59572 6 
1.40648 0.000114034 -1 0.779077 0.221208 0.00622467 111.596 34795.4 6 4385.66 0.522797 4.50765 3 6 3200.34 2.49483 3.29629 2 24 40.0376 9.98023e-05 1.71187 7 
1.41271 0.000114153 -1 0.780448 0.221179 0.00622467 112.181 34759.7 7 22418.6 1.6433 3.89671 3 7 13164.8 4.20606 3.15764 2 19 14.9525 5.95185e-05 1.92404 7 
1.41893 0.000114101 -1 0.781823 0.221139 0.00622467 112.758 34727.2 6 10715.6 2.41477 4.05375 3 5 6157.37 8.92217 3.69645 3 19 13.9682 7.37694e-05 1.89562 7 
1.42516 0.000113956 -1 0.783193 0.221082 0.00622467 113.356 34688.6 6 9029.39 2.49253 3.91895 3 6 5819.57 8.915 2.94529 2 20 16.4409 5.30405e-05 1.88177 7 
1.43138 0.000113718 -1 0.784567 0.221039 0.00622467 113.912 34663 7 7182.06 2.01635 3.2165 3 5 5454.52 6.75925 3.81392 3 18 12.7925 9.092e-05 1.93204 7 
1.43761 0.000113346 -1 0.785938 0.220958 0.00622467 114.484 34633.1 8 6850.5 1.87873 2.78761 3 5 5142.48 6.63159 3.78365 3 18 16.7902 5.63938e-05 2.01419 7 
1.44383 0.000112764 -1 0.78731 0.220912 0.00622467 115.017 34615.1 8 5056.94 1.98287 2.66578 3 5 4085.8 7.70597 3.50663 3 17 22.4149 5.05962e-05 2.14853 7 
1.45006 0.000112109 -1 0.788678 0.220839 0.00622467 115.719 34546.6 9 15373.8 2.22005 2.67124 2 4 9097.13 9.33077 5.58788 3 24 28.5651 9.35881e-05 1.69249 7 
1.45628 0.00011139 -1 0.790052 0.220786 0.00622467 116.292 34517.2 6 10022.8 1.55569 4.31364 2 5 6048.06 4.46227 4.2307 2 19 30.2544 9.86888e-05 1.9443 7 
1.46251 0.000111397 -1 0.791423 0.220757 0.00622467 116.911 34474.5 6 5926.43 1.09737 4.18865 2 5 3573.33 4.77514 3.75679 2 24 48.2457 9.88017e-05 1.72595 6 
1.46873 0.000112056 -1 0.792796 0.220748 0.00622467 117.505 34439.9 6 4945.87 0.94354 4.16787 2 4 3477.1 10.2121 4.29562 2 23 45.2083 8.25665e-05 1.77622 6 
1.47496 0.000112804 -1 0.794164 0.220722 0.00622467 118.035 34424 6 6408.98 0.959506 4.33967 2 5 6204.23 3.57381 4.4454 2 20 20.3043 9.62798e-05 1.84588 6 
1.48118 0.000113387 -1 0.795535 0.220702 0.00622467 118.523 34420.4 6 21732.4 2.10553 4.66614 2 4 12863.9 10.0161 5.98643 2 18 13.536 9.90456e-05 1.92892 6 
1.4874 0.000114234 -1 0.796904 0.220741 0.00622467 118.993 34422.2 7 14634.9 2.30747 3.49284 2 5 8356.12 2.36556 5.12406 2 17 14.796 9.95237e-05 2.01488 6 
1.49363 0.000115023 -1 0.798278 0.220662 0.00622467 119.443 34429.8 7 8160.71 2.08395 3.26034 2 5 4806.26 7.15275 3.67677 2 16 18.8029 6.23599e-05 2.20018 6 
1.49985 0.00011564 -1 0.799647 0.220681 0.00622467 119.908 34432.8 8 7143.33 1.66836 2.84414 2 5 4859.12 10.1256 3.43738 2 15 22.5793 5.51691e-05 2.36665 6 
1.50608 0.000116359 -1 0.801019 0.220713 0.00622467 120.348 34443 7 8048.41 2.37541 3.19361 2 6 4171.18 2.86918 3.36576 2 15 28.8649 6.88945e-05 2.37035 6 
1.5123 0.000117245 -1 0.802387 0.220716 0.00622467 120.761 34461 7 7043.32 2.42494 3.1241 2 5 3467.55 10.0111 3.22039 2 14 34.111 6.23106e-05 2.56969 6 
1.51853 0.000118388 -1 0.80376 0.220776 0.00622467 122.179 34195.2 11 20768.2 2.20683 2.29741 2 5 12224.1 10.2533 4.12354 2 61 36.7229 8.89669e-05 1.23612 6 
1.52475 0.000118908 -1 0.805131 0.220806 0.00622467 122.832 34146.7 8 11251.2 2.21755 2.90513 2 5 6522.79 9.33272 3.70583 2 23 29.3289 8.05293e-05 1.74501 7 
1.53098 0.000119195 -1 0.806505 0.220855 0.00622467 123.302 34149.5 7 8639.23 2.4545 3.21103 2 5 5686.63 5.84592 3.95914 2 15 15.5026 4.67933e-05 2.33354 7 
1.5372 0.00011969 -1 0.807875 0.220889 0.00622467 123.677 34178.2 7 7090.27 2.03852 3.20558 2 5 5507.99 4.53215 4.1394 2 11 15.4899 3.38493e-05 3.27032 7 
1.54343 0.000120362 -1 0.809249 0.220958 0.00622467 124.014 34217.7 7 6246.49 1.61169 3.25553 2 5 5121.83 4.51517 4.08273 2 9 15.4179 6.1417e-05 3.9808 7 
1.54965 0.000121096 -1 0.810619 0.221016 0.00622467 124.351 34256.5 6 5360.83 1.48571 3.91636 2 5 4389.14 3.36403 4.19859 2 9 18.0644 3.0396e-05 4.38083 7 
1.55588 0.000121546 -1 0.811995 0.221065 0.00622467 124.672 34299.9 8 13865.9 2.10187 3.00205 2 6 8243.37 2.89976 3.76378 2 8 23.14 6.17035e-05 4.97458 7 
1.5621 0.000121786 -1 0.813366 0.221153 0.00622467 125.062 34323.8 6 9169.27 1.40132 4.3248 2 5 5611.1 5.84935 3.9481 2 11 28.3082 3.9054e-05 3.40996 6 
1.56833 0.00012225 -1 0.814742 0.221243 0.00622467 125.45 34348.2 7 6068.93 1.1953 3.38358 2 5 4319.86 3.44481 4.16544 2 12 27.48 4.82513e-05 3.01735 6 
1.57455 0.000122428 -1 0.816114 0.221292 0.00622467 125.823 34376.6 6 6723.08 2.23049 3.80068 3 4 3636.61 8.51585 4.54587 3 12 26.8237 3.702e-05 3.07851 6 
1.58077 0.000122528 -1 0.817491 0.221404 0.00622467 126.258 34388.1 6 9550.76 1.92451 4.13003 2 4 3732.2 5.79661 5.0373 3 17 43.8756 8.94518e-05 2.16144 5 
1.587 0.00012279 -1 0.818864 0.221482 0.00622467 127.141 34278.1 7 23537.1 2.31473 3.7365 2 4 13943.4 5.65614 7.04632 3 42 59.3462 8.05213e-05 1.37944 5 
1.59322 0.000123118 -1 0.820243 0.221631 0.00622467 127.908 34200.5 7 13364.2 2.06706 3.50244 2 5 7598.56 2.80422 4.85941 2 28 74.8246 8.87681e-05 1.62793 7 
1.59945 0.000123797 -1 0.821618 0.221712 0.00622467 129.155 33997.2 8 8486.87 2.18239 2.81013 2 5 5046.48 5.61639 3.89678 2 38 49.7526 7.81284e-05 1.42147 6 
1.60567 0.000124358 -1 0.822998 0.221821 0.00622467 129.699 33981.1 8 8247 2.01993 2.82729 2 5 7483.5 3.65999 4.5933 2 17 21.6568 8.49287e-05 2.07985 6 
1.6119 0.000124751 -1 0.824374 0.221956 0.00622467 130.162 33985.9 6 7158.1 1.92091 3.93745 2 5 5394.16 3.32961 4.38436 2 14 22.9507 8.03883e-05 2.45293 6 
1.61812 0.000125328 -1 0.825755 0.222055 0.00622467 130.584 34001.6 8 6887.97 2.18934 2.73667 2 5 7281.96 3.08972 4.7257 2 13 24.3569 4.52154e-05 2.75976 6 
1.62435 0.0001259 -1 0.827132 0.222164 0.00622467 131.027 34011.6 10 20179 2.22757 2.48718 2 5 11912.3 4.32632 4.87501 2 11 24.8578 8.16362e-05 3.15143 6 
1.63057 0.000126309 -1 0.828515 0.222311 0.00622467 131.47 34021.7 9 11239.7 2.24429 2.57677 2 5 6539.02 3.67537 4.46727 2 14 31.0024 6.69579e-05 2.53913 5 
1.6368 0.000127075 -1 0.829893 0.222407 0.00622467 131.883 34039.5 7 8609.45 2.11289 3.2789 2 5 5744.46 3.52307 4.39001 2 15 39.0952 8.04508e-05 2.3939 5 
1.64302 0.000127648 -1 0.831277 0.222526 0.00622467 132.475 34011 8 6878.34 1.9649 2.77343 2 5 5253.58 5.30675 3.97306 2 16 39.3986 7.58537e-05 2.27624 5 
1.64925 0.000128198 -1 0.832658 0.222661 0.00622467 133.176 33954.9 8 6386.1 2.10152 2.72482 2 5 6470.53 4.56319 4.26908 2 32 65.7606 9.86675e-05 1.52052 4 
1.65547 0.000128843 -1 0.834043 0.222833 0.00622467 133.814 33915.5 9 8974.22 2.33704 2.50184 2 5 5174.49 2.75219 4.51687 2 30 87.8117 9.0774e-05 1.58314 4 
1.6617 0.00012986 -1 0.835426 0.222938 0.00622467 134.739 33804.2 12 14324.7 1.95205 2.09958 3 5 8386.89 6.13678 4.23772 2 32 106.073 7.67349e-05 1.55559 7 
1.66792 0.000130123 -1 0.836813 0.223077 0.00622467 135.378 33765.8 7 9477.55 1.98861 3.35312 3 5 5264.99 4.49176 4.10957 2 21 85.4094 5.8594e-05 1.96565 7 
1.67415 0.000130226 -1 0.838198 0.223244 0.00622467 135.949 33744.4 9 8552.61 2.45445 2.47498 2 5 7390.32 4.07977 4.48338 2 21 48.2235 9.97182e-05 1.86505 6 
1.68037 0.000130644 -1 0.839587 0.223377 0.00622467 136.836 33645.3 7 11030.1 1.48311 3.57321 2 5 9828.86 8.97664 4.05395 2 42 37.4126 9.25205e-05 1.35986 5 
1.68659 0.000131122 -1 0.840973 0.223533 0.00622467 137.539 33592.6 6 10355.3 2.08151 4.13172 2 6 7727.18 3.73246 3.57002 2 32 41.6242 6.95472e-05 1.51542 5 
1.69282 0.000132017 -1 0.842365 0.223704 0.00622467 138.027 33592.6 7 23042.8 2.40744 3.70434 2 7 13677.4 4.13358 3.18281 2 20 37.5401 9.84809e-05 1.90133 5 
1.69904 0.000133066 -1 0.843753 0.22385 0.00622467 138.693 33549.3 7 13348.5 1.74557 3.58744 2 6 8421.77 10.0622 3.06986 2 35 48.1909 7.42955e-05 1.46574 4 
1.70527 0.000133925 -1 0.845147 0.224014 0.00622467 139.134 33560.7 6 12288.9 1.86388 4.33028 2 6 7643.8 3.71 3.56716 2 18 60.304 4.68765e-05 2.18479 5 
1.71149 0.000134615 -1 0.846536 0.224164 0.00622467 139.752 33529.6 6 7320.28 0.860786 4.51792 3 5 7228.83 3.95358 4.49175 2 20 56.6084 8.00774e-05 1.96096 6 
1.71772 0.000135121 -1 0.847931 0.224325 0.00622467 140.557 33454 5 5931.8 1.54275 5.21168 3 4 4738.62 9.3363 4.74645 3 33 67.9444 8.77073e-05 1.5082 6 
1.72394 0.000135531 -1 0.849323 0.224489 0.00622467 141.28 33398.8 7 9777.04 1.55608 3.48816 2 4 8107.41 4.95008 6.36162 3 26 61.9339 5.47501e-05 1.70934 7 
1.73017 0.000135619 -1 0.85072 0.224653 0.00622467 141.899 33368.5 9 20194.1 1.86698 2.80693 2 4 11947.5 5.58846 6.79979 3 21 73.0461 5.82383e-05 1.95164 7 
1.73639 0.000136295 -1 0.852115 0.22483 0.00622467 142.544 33332.7 8 17086.5 2.31809 3.04397 2 4 7853.87 7.96963 5.60288 2 22 65.5342 5.93323e-05 1.8823 7 
1.74262 0.000136265 -1 0.853516 0.225026 0.00622467 143.183 33298.2 6 8916.6 2.25898 3.9754 2 4 6675.08 9.87653 5.09874 2 22 74.5429 7.00516e-05 1.87912 7 
1.74884 0.000136957 -1 0.854912 0.225195 0.00622467 143.823 33264 8 11829.2 2.05295 2.9517 2 4 6222.71 7.9811 5.2842 2 22 75.0726 7.06772e-05 1.87896 7 
1.75507 0.000137581 -1 0.856314 0.22539 0.00622467 144.472 33228 7 8759.12 2.10305 3.28918 2 5 7296.53 2.84978 4.80464 2 22 90.2958 6.17224e-05 1.9065 7 
1.76129 0.000138261 -1 0.857711 0.225562 0.00622467 145.086 33200.3 7 9448.49 1.9554 3.35973 2 5 9028.76 1.93402 5.41793 2 21 90.6696 7.07643e-05 1.95362 7 
1.76752 0.00013897 -1 0.859116 0.225739 0.00622467 145.713 33170 7 13950 1.97577 3.54678 2 4 8331.5 7.40297 5.79201 2 21 110 6.44241e-05 1.98052 7 
1.77356 0.000139635 -1 0.860477 0.225904 0.00604159 146.284 33152.4 6 9774.94 2.5274 3.96193 2 5 9021.94 7.3862 4.14358 2 19 122.202 6.42578e-05 2.14034 7 
1.77963 0.000140423 -1 0.86185 0.226078 0.0060715 146.851 33135.9 6 12941.5 2.25391 4.23163 2 5 12063.3 6.80625 4.46387 2 19 131.13 5.0397e-05 2.17594 7 
1.7857 0.000141247 -1 0.863218 0.226215 0.0060715 147.4 33123.7 7 9350.28 1.6356 3.4414 2 5 6973.26 8.84249 3.7964 2 18 140.402 6.22352e-05 2.25405 7 
1.7918 0.000141923 -1 0.864598 0.226315 0.00610201 147.913 33119.5 6 13852.2 2.37676 4.24218 2 5 9683.8 9.36794 4.00756 2 17 171.779 7.52351e-05 2.3661 7 
1.7979 0.000142784 -1 0.865974 0.226513 0.00610201 148.718 33050.5 8 12847.3 2.25747 2.94713 2 5 9392.6 6.8321 4.24274 2 32 214.423 8.05616e-05 1.58776 6 
1.80401 0.000143525 -1 0.867357 0.226677 0.00610201 149.484 32990.8 9 15475.3 2.57094 2.62996 2 5 8945.35 6.22476 4.2805 2 27 183.115 9.68908e-05 1.70789 7 
1.81014 0.000143898 -1 0.868744 0.226837 0.0061333 150.007 32985 7 12592.3 2.35812 3.40805 2 5 12177 6.05669 4.57784 2 17 153.944 9.58464e-05 2.31764 7 
1.81627 0.000144438 -1 0.870138 0.226994 0.0061333 150.482 32989.7 8 22303.6 2.48799 3.11936 2 5 19810.1 7.31752 4.85853 2 15 177.625 4.2338e-05 2.76387 7 
1.82241 0.000145036 -1 0.871526 0.227139 0.0061333 151.092 32964.9 8 17134.9 2.14358 3.07498 2 6 17444.5 8.69937 3.55109 2 23 186.772 9.86232e-05 1.87468 6 
1.82854 0.000145545 -1 0.872919 0.227285 0.0061333 151.704 32940 8 14758.2 1.90146 3.06368 2 6 13435.9 10.1007 3.31629 2 23 199.388 5.66462e-05 1.92589 6 
1.83467 0.000146029 -1 0.874307 0.227429 0.0061333 152.271 32924.9 7 25770.3 1.53102 4.01545 2 6 15242 8.19536 3.50681 2 21 209.746 6.79662e-05 2.03713 6 
1.84065 0.0001465 -1 0.875668 0.227587 0.00597604 152.789 32920.4 7 14017 2.04975 3.53062 2 6 10377.2 4.9569 3.57667 2 19 229.468 7.6248e-05 2.19267 6 
1.84622 0.000146624 -1 0.876934 0.227787 0.00557381 153.266 32924.9 6 13312 2.71107 4.12272 2 6 13632.3 6.17653 3.60831 2 17 213.592 5.65625e-05 2.43717 6 
1.85149 0.000146864 -1 0.878135 0.227949 0.00526839 153.692 32940.2 6 14636 2.83188 4.15807 2 5 16531 4.05068 5.27417 2 15 151.725 4.36254e-05 2.72953 6 
1.85636 0.000147135 -1 0.879243 0.22807 0.00486657 154.06 32968 7 13362.6 2.26958 3.45592 2 5 8808.73 8.25187 4.03341 2 12 88.5283 9.94108e-05 3.13187 6 
1.86058 0.000147449 -1 0.880207 0.228187 0.00422008 154.386 33004.5 6 13218.8 2.48984 4.17673 2 4 18230.7 21.7464 5.38089 2 10 73.627 9.36686e-05 3.88637 6 
1.86494 0.00014773 -1 0.881201 0.228255 0.0043656 154.729 33037.3 5 13141.7 3.13963 5.30096 2 5 17827.6 15.1638 4.11203 2 11 78.7959 4.85637e-05 3.66913 6 
1.86943 0.00014803 -1 0.882224 0.228326 0.00448639 155.07 33070.3 6 17541.5 2.54822 4.36152 2 4 13905.5 19.7355 5.15211 2 11 100.971 7.75911e-05 3.59628 6 
1.87404 0.000148122 -1 0.883275 0.228398 0.00461457 155.713 33038.9 6 13374.4 4.38393 3.80833 2 5 11843.5 4.46786 4.83812 2 25 125.743 9.94397e-05 1.75419 6 
1.87875 0.00014846 -1 0.884352 0.22848 0.00471111 156.287 33022.2 6 10104.4 4.1212 3.6721 2 4 9965.29 17.264 4.90159 2 22 154.685 8.0234e-05 1.93057 6 
1.88355 0.000148736 -1 0.885444 0.228575 0.00479165 156.753 33028.7 7 9390.76 3.59999 3.0765 2 4 10869.3 16.0694 5.09977 2 17 182.303 5.50835e-05 2.41833 6 
1.8884 0.000149009 -1 0.886555 0.22868 0.00485415 157.119 33056.1 6 9565.58 3.18129 3.79913 2 5 9399.99 6.11391 4.33872 2 12 212.527 5.12587e-05 3.56017 6 
1.8933 0.00014926 -1 0.887672 0.228767 0.00489691 157.494 33081.3 8 15874.7 3.44722 2.87015 2 5 9476.63 7.83535 4.13542 2 12 240.369 6.91553e-05 3.50823 6 
1.89824 0.000149202 -1 0.888803 0.228868 0.00494064 157.87 33106.4 8 16453.6 3.22552 2.90708 3 5 9286.59 9.65335 3.95035 2 12 271.085 4.87655e-05 3.64823 6 
1.90322 0.000149069 -1 0.889942 0.22896 0.00498535 158.241 33132.2 6 6224.93 2.94257 3.5829 2 5 9537.04 8.06151 4.11718 2 12 302.034 3.79546e-05 3.75895 6 
1.90823 0.000149269 -1 0.89109 0.228942 0.00500811 158.747 33129.8 6 41441.3 3.64765 4.74136 2 5 36271.3 5.1943 5.87228 2 21 322.064 7.72386e-05 2.06654 5 
1.91023 0.00014946 -1 0.891547 0.229237 0.00199592 159.022 33175.5 7 10300.3 21.9401 2.40801 2 5 63932.2 95.0156 3.67777 2 10 68.8389 4.00561e-05 4.20259 4 
1.91243 0.0001492 -1 0.892052 0.229467 0.00220156 159.379 33204.2 5 8006.23 19.1785 3.34289 3 6 45493.7 68.2719 2.95541 2 17 64.5786 9.0634e-05 2.20944 4 
1.91483 0.00014951 -1 0.892602 0.229389 0.00240082 159.714 33236.9 5 14891.5 11.8412 4.16781 2 4 17337.2 41.4442 4.52251 2 15 77.6197 5.94972e-05 2.55681 4 
1.91741 0.000149766 -1 0.893193 0.229363 0.0025776 160.08 33263.5 5 17924.1 3.62476 5.48065 2 4 18336.6 37.1625 4.71307 2 17 85.3018 9.11315e-05 2.24519 4 
1.92016 0.0001499 -1 0.893823 0.229283 0.0027477 160.476 33283.5 4 17356.5 11.786 6.19475 2 4 18082.8 24.425 5.21625 2 19 88.8302 9.20918e-05 2.06521 4 
1.92307 0.000150101 -1 0.894492 0.229256 0.0029185 160.91 33295.4 5 14315.9 8.49792 4.41877 2 4 15651.3 15.0769 5.67623 2 21 89.9628 8.94997e-05 1.93117 4 
1.92615 0.000150318 -1 0.895197 0.22924 0.00307693 161.382 33299.7 5 11447.9 6.46371 4.46322 2 4 13813.5 17.8014 5.27791 2 23 89.7461 7.78956e-05 1.83461 4 
1.92939 0.000150527 -1 0.895938 0.229262 0.00323449 161.869 33300.5 5 10355.9 5.70498 4.48525 2 4 12066.6 21.2624 4.88083 2 25 91.8554 7.28098e-05 1.75403 4 
1.93277 0.0001508 -1 0.896713 0.229268 0.00338802 162.408 33290.9 5 11008.3 5.72239 4.53762 2 4 12407.2 24.4454 4.74646 2 27 111.591 8.10985e-05 1.68794 4 
1.93631 0.00015111 -1 0.897523 0.22927 0.00353386 162.996 33271.5 5 8291.52 5.74039 4.28488 2 4 12178.7 30.2026 4.48114 2 30 134.086 8.78795e-05 1.60737 4 
1.93999 0.000151466 -1 0.898365 0.22926 0.0036806 163.514 33266.2 6 15000.1 5.31361 3.75939 2 5 8582.41 3.40046 4.79087 2 24 159.279 3.7911e-05 1.88788 5 
1.9438 0.000151773 -1 0.89924 0.229275 0.00381299 164.059 33255.6 6 9943.55 5.69376 3.47022 2 5 11422.2 5.80963 4.55743 2 21 187.251 6.32514e-05 2.0331 6 
1.94771 0.000152106 -1 0.900136 0.229281 0.00391185 164.558 33254.3 5 6090.31 6.51002 3.92836 2 5 9971.06 4.04893 4.76739 2 18 215.724 5.0259e-05 2.33605 6 
1.95174 0.000152567 -1 0.901062 0.229298 0.00403175 165.486 33166.8 8 16840.5 4.54065 2.79354 2 5 7126.75 5.0349 4.26757 2 39 250.17 9.62371e-05 1.46044 5 
1.95587 0.000153046 -1 0.902008 0.229257 0.00412699 166.218 33119.4 10 42735.5 4.20694 2.51584 2 5 40119.7 13.6762 4.93717 2 32 241.161 8.84244e-05 1.58897 5 
1.95876 0.000153316 -1 0.90267 0.229302 0.00288433 166.771 33107.8 6 38259.6 2.76407 4.90003 2 6 26490.2 42.1391 2.92685 2 27 109.67 9.14259e-05 1.67938 4 
1.96164 0.000153302 -1 0.90333 0.229321 0.00288433 167.317 33097.7 6 10842.7 8.16557 3.31532 2 5 45671.6 41.9281 4.04975 2 27 108.883 7.54646e-05 1.6909 4 
1.96456 0.000153466 -1 0.903999 0.229257 0.00291674 167.753 33109.3 6 18320.4 3.88233 4.0955 2 4 21729.6 27.9511 5.28036 2 21 113.562 8.44989e-05 1.95807 4 
1.96753 0.000153512 -1 0.90468 0.229167 0.00297541 168.195 33119.6 5 21240.7 8.00329 4.83927 2 5 20868.2 13.0955 4.36991 2 21 105.86 9.54096e-05 1.94028 4 
1.97058 0.000153389 -1 0.905377 0.229098 0.00304563 168.668 33123.9 5 20022.4 8.08994 4.77215 2 5 22963.1 15.2289 4.32188 2 23 100.533 6.14243e-05 1.86283 4 
1.97372 0.000153229 -1 0.906094 0.229043 0.00313848 169.157 33124.9 6 16225 3.71601 4.04282 2 5 18715.7 20.6033 3.9053 2 23 100.869 6.88795e-05 1.85384 4 
1.97696 0.000153173 -1 0.906838 0.228997 0.00324773 169.641 33127.1 6 13312.9 5.72814 3.63951 2 6 14403.1 15.5751 3.12131 2 23 105.797 8.63447e-05 1.83953 4 
1.98033 0.00015319 -1 0.907607 0.228926 0.00336525 170.149 33124.5 6 11582.5 2.1247 4.19518 2 6 17967.7 11.6851 3.39737 2 24 125.463 6.83545e-05 1.82385 4 
1.98381 0.000153274 -1 0.908404 0.228871 0.00348011 170.657 33121.9 6 10840.4 3.97908 3.73718 2 5 10969.2 27.2033 3.31979 2 25 150.44 6.11955e-05 1.80146 4 
1.98739 0.000153404 -1 0.909222 0.228808 0.00357814 171.179 33116.7 6 13842.6 3.86421 3.91164 2 5 14734.2 13.6071 4.04494 2 26 176.706 6.95158e-05 1.76341 4 
1.99107 0.000153467 -1 0.910065 0.228685 0.00368223 171.721 33107.5 6 12067.7 2.9108 4.00807 2 4 14778.8 28.0483 4.79108 2 28 206.445 8.66354e-05 1.68948 4 
1.99483 0.000153464 -1 0.910925 0.228679 0.00376467 172.195 33111.4 6 20265.3 3.92683 4.15705 2 5 11107.1 9.53701 4.10429 2 22 236.543 6.33981e-05 1.98939 5 
1.99869 0.000153608 -1 0.911807 0.228591 0.00385121 172.549 33138.6 6 12923.6 2.96809 4.04096 2 5 13739.8 8.61665 4.37047 2 13 272.171 6.61526e-05 3.22695 5 
2.0026 0.000153807 -1 0.912699 0.228512 0.00391138 172.902 33165.7 6 8810.91 4.73082 3.50763 2 5 12586.6 8.46888 4.30939 2 13 306.242 5.30406e-05 3.31217 5 
2.00659 0.000153874 -1 0.913612 0.228366 0.00398961 173.257 33192.1 6 50088.3 4.80111 4.67447 2 5 47730.6 9.05337 5.55133 2 13 288.97 4.74232e-05 3.32593 5 
2.00897 0.000154086 -1 0.914154 0.22826 0.00238229 173.54 33232.5 5 43872.5 8.27468 5.55761 2 5 42310 46.0691 3.91387 2 11 92.4309 7.49609e-05 3.5787 4 
2.01139 0.00015402 -1 0.914707 0.228262 0.00242306 173.943 33249.7 6 16257 10.2204 3.41661 2 4 59604.8 43.7346 6.07595 2 19 100.188 6.35807e-05 2.11926 4 
2.01387 0.000154114 -1 0.915272 0.228102 0.00247771 174.36 33264.2 5 16084 8.96926 4.47433 2 4 26883.7 50.5068 4.80325 2 17 102.361 8.07378e-05 2.28562 5 
2.01643 0.000154243 -1 0.915856 0.227937 0.00256138 174.717 33289.9 4 24218.9 14.0261 6.4462 2 4 28712.9 39.6955 5.18602 2 14 100.661 7.67239e-05 2.73524 5 
2.01909 0.000154338 -1 0.916461 0.227771 0.00265829 175.084 33313.7 5 21045.8 4.57914 5.40103 2 4 26445.8 23.9929 5.76194 2 14 96.0206 7.10903e-05 2.74092 5 
2.02187 0.000154424 -1 0.917095 0.227623 0.00277878 175.445 33338.5 5 17504.9 4.68321 5.1823 2 4 22632.2 17.8363 5.96837 2 14 96.179 8.23512e-05 2.7126 5 
2.02477 0.000154551 -1 0.917754 0.227423 0.00290247 175.793 33365.7 5 16486.4 4.40793 5.18296 2 4 25039.9 15.8055 6.30893 2 13 97.369 7.86074e-05 2.94231 5 
2.02781 0.000154777 -1 0.918446 0.227317 0.0030381 176.259 33370.6 5 18969.8 8.347 4.69144 2 4 12220.5 15.4476 5.30343 2 12 120.602 5.57003e-05 3.37255 5 
2.03097 0.000154722 -1 0.919162 0.227114 0.00315647 176.569 33404.8 5 16955 2.98132 5.63609 2 4 17744.8 14.3955 5.92531 2 11 145.861 4.95408e-05 3.87337 5 
2.03425 0.00015479 -1 0.919908 0.226966 0.00328486 176.876 33439.4 5 14973.8 3.63946 5.28274 2 4 22195.7 8.95276 7.05632 2 11 175.647 6.34513e-05 3.85172 5 
2.03764 0.000154943 -1 0.920676 0.226748 0.0033886 177.188 33473 5 14309.2 4.12572 5.10532 2 4 15018.2 9.09702 6.37426 2 11 206.037 4.23643e-05 4.05419 5 
2.04113 0.000155129 -1 0.921466 0.226517 0.00348682 177.5 33506.5 5 14081.7 4.10418 5.09432 2 4 14776.5 8.36444 6.48311 2 11 240.664 5.2433e-05 4.03291 5 
2.04472 0.000155339 -1 0.922278 0.226364 0.00359129 177.814 33539.5 5 15882.1 4.22556 5.18805 2 4 20756.7 12.156 6.42823 2 11 281.161 3.45456e-05 4.24847 5 
2.04838 0.00015553 -1 0.923107 0.226155 0.00366009 178.126 33572.6 5 11131.4 4.89581 4.69186 2 4 14494.4 17.9469 5.33093 2 11 319.461 5.63347e-05 4.11119 5 
2.05211 0.000155686 -1 0.92395 0.225956 0.00373186 178.456 33602.3 5 9030.85 3.97502 4.69113 2 4 9974.76 20.4711 4.6983 2 12 360.498 3.6788e-05 3.82472 5 
2.05592 0.00015586 -1 0.924812 0.225707 0.00380679 178.786 33631.9 5 17351.8 5.4528 5.01816 2 4 21647.2 23.6176 5.50226 2 12 405.276 8.60484e-05 3.59819 5 
2.05977 0.000156155 -1 0.925681 0.225418 0.00385341 179.127 33659.5 7 63495.2 5.11422 3.8446 2 5 60212.1 11.8355 5.51188 2 12 344.673 8.01005e-05 3.5712 5 
2.06124 0.000156379 -1 0.926012 0.22526 0.00146911 179.35 33709 5 42836.5 38.8489 4.05964 2 5 88756.4 85.1398 4.01433 2 7 45.8984 2.69099e-05 7.76729 4 
2.06285 0.000156338 -1 0.926376 0.22536 0.00161299 179.58 33756.9 5 17439.9 12.2588 4.27188 2 5 87390.6 44.6551 4.55322 2 8 51.9681 3.49794e-05 5.90868 4 
2.06467 0.000156414 -1 0.926786 0.225146 0.00181971 179.826 33801.9 5 18055.9 10.1682 4.46555 2 4 22461.9 58.6716 4.42338 2 9 64.6687 3.50652e-05 4.96823 4 
2.06674 0.000156542 -1 0.92725 0.224892 0.00206474 180.087 33843.9 5 20139.7 11.2552 4.4724 2 4 22092.3 36.374 4.96435 2 10 77.645 5.07795e-05 4.15377 4 
2.06902 0.000156663 -1 0.927763 0.224591 0.00228182 180.367 33882.2 5 24748.1 10.0179 4.77039 2 4 28399.8 65.0392 4.57125 2 11 93.04 6.53503e-05 3.62578 4 
2.07151 0.000156804 -1 0.928321 0.22429 0.00248926 180.659 33918.1 5 23114.7 9.33637 4.77246 2 4 32063.9 64.1966 4.72744 2 12 109.175 7.90991e-05 3.24835 4 
2.07417 0.000156977 -1 0.928917 0.224013 0.00266044 180.982 33948.1 5 19262.9 9.80996 4.55629 2 4 22401.2 53.7134 4.51905 2 14 122.85 5.5553e-05 2.83916 4 
2.07698 0.000157136 -1 0.929546 0.223695 0.00281408 181.319 33975.3 5 26296.3 5.8864 5.37043 2 4 29487.5 39.0072 5.24352 2 15 136.411 8.39393e-05 2.59453 4 
2.07995 0.000157259 -1 0.930209 0.223386 0.00296791 181.69 33996.3 5 21032.2 8.95177 4.72275 2 4 30732.8 34.224 5.47416 2 17 150.289 8.75543e-05 2.32672 4 
2.08303 0.000157377 -1 0.930895 0.223117 0.00307709 182.207 33989.7 5 14211.1 6.76941 4.61759 2 4 15142.3 29.554 4.75766 2 23 168.022 5.93478e-05 1.90774 5 
2.08621 0.000157433 -1 0.931605 0.222836 0.00318394 182.801 33968.8 5 22237.1 9.36002 4.73326 2 4 23005.5 26.1159 5.44793 2 27 192.129 7.80791e-05 1.72467 5 
2.08952 0.000157497 -1 0.932342 0.222529 0.00331083 183.403 33946.6 6 21461.9 3.90651 4.20062 2 4 28379.1 17.8268 6.31657 2 27 221.636 7.22216e-05 1.73883 5 
2.09291 0.000157363 -1 0.933096 0.222247 0.00338468 183.931 33938.4 5 12426.7 8.12565 4.3341 2 4 14571 17.1035 5.40257 2 23 251.914 9.92976e-05 1.89867 5 
2.09635 0.000157376 -1 0.933862 0.22197 0.00344903 184.37 33946.3 5 17496.2 5.69072 4.98374 2 4 14818.8 15.659 5.54642 2 18 284.524 9.63547e-05 2.28801 5 
2.0999 0.000157501 -1 0.93465 0.221688 0.00354371 184.741 33966.9 5 22698.4 7.02848 5.033 2 4 28541.1 21.1843 6.05849 2 14 325.008 8.55396e-05 2.95108 5 
2.10348 0.000157671 -1 0.935444 0.221428 0.00358606 185.114 33986.8 6 13380.2 2.25004 4.25643 2 4 19584.8 21.9629 5.46459 2 14 356.82 5.48636e-05 3.06658 5 
2.1071 0.000157733 -1 0.936245 0.22119 0.00361498 185.441 34015.3 5 12065.1 6.17541 4.55169 2 4 11724.5 17.9988 5.05199 2 12 390.909 5.52038e-05 3.72256 5 
2.11076 0.000157739 -1 0.937053 0.22086 0.00365943 185.767 34043.8 5 25987.9 6.17686 5.30641 2 4 30171.8 19.5655 6.26654 2 12 434.242 9.09218e-05 3.60237 5 
2.11446 0.000157761 -1 0.937871 0.22059 0.00370517 186.099 34071.1 5 19285.4 3.74293 5.5259 2 5 25843.9 5.09344 5.50896 2 12 477.718 3.70502e-05 3.9132 5 
2.11817 0.000157745 -1 0.938686 0.219904 0.00370517 186.449 34095.1 8 94586 7.06832 3.27955 2 6 93951.4 21.4319 4.04552 2 12 350.796 4.24127e-05 3.77106 5 
2.11911 0.000157933 -1 0.938892 0.21964 0.000940118 186.654 34145.4 5 38675.2 83.7853 3.41077 2 5 339068 335.994 3.98833 2 7 57.8928 4.02787e-05 7.57966 3 
2.12029 0.000157922 -1 0.939152 0.219753 0.00118082 186.929 34182.8 5 23621.3 56.2863 3.34642 2 5 265194 246.688 4.03909 2 13 60.3559 3.51729e-05 3.01702 3 
2.12181 0.000157862 -1 0.939485 0.21947 0.00151936 187.271 34207.8 5 19051.4 25.1945 3.76465 2 4 25546.4 96.5668 4.03298 2 18 84.9359 7.15063e-05 2.17513 3 
2.12363 0.000157839 -1 0.939884 0.219075 0.00182197 187.8 34198.8 5 17558.3 14.0213 4.16427 2 4 28335.4 110.709 3.99978 2 30 112.858 7.4217e-05 1.60719 3 
2.12574 0.000157781 -1 0.940347 0.218707 0.00211173 188.286 34197.5 5 31088.1 13.6242 4.69523 2 4 33715.4 72.5368 4.6432 2 28 144.03 3.33151e-05 1.72581 4 
2.12809 0.000157682 -1 0.940859 0.218288 0.00234385 188.576 34231.8 5 32336.2 13.0508 4.77321 2 4 43626.2 53.0033 5.35626 2 12 170.334 5.07926e-05 3.49777 4 
2.13062 0.000157624 -1 0.941412 0.217957 0.00253463 188.886 34262.3 5 21449 7.85232 4.86723 2 4 26124.8 49.4072 4.7953 2 13 192.649 7.37706e-05 3.11606 4 
2.13332 0.000157619 -1 0.942 0.217627 0.00269993 189.209 34290.4 5 31166.9 4.05066 5.98734 2 4 31929.3 44.4383 5.17735 2 14 212.299 8.88155e-05 2.85499 4 
2.13619 0.000157617 -1 0.942625 0.217301 0.0028698 189.568 34311.9 6 32632.1 3.02746 4.69996 2 4 44441.3 44.3654 5.62582 2 16 233.761 5.79899e-05 2.58725 4 
2.1392 0.000157628 -1 0.943278 0.216987 0.00300979 189.955 34328.4 8 22941.5 9.20052 2.65828 2 5 27375 15.8411 4.44134 2 17 260.451 7.17461e-05 2.43152 4 
2.14234 0.000157357 -1 0.94396 0.216703 0.0031416 190.369 34339.8 5 21268.2 9.13146 4.71453 2 5 21333.8 14.2597 4.3151 2 19 287.347 5.31293e-05 2.26137 4 
2.14559 0.000157078 -1 0.944663 0.216399 0.0032487 190.801 34347.8 6 35250.4 6.13127 4.23255 2 5 41780.4 17.8818 4.7175 2 20 310.178 8.64464e-05 2.12688 4 
2.14893 0.00015698 -1 0.945386 0.216103 0.00333753 191.258 34351.4 6 21980 5.6757 3.96279 2 5 18071.6 20.2388 3.89191 2 22 336.645 9.39056e-05 1.98578 4 
2.15232 0.000156925 -1 0.946117 0.215841 0.00339072 191.761 34346.8 5 12354 7.41462 4.40904 2 5 14539.7 17.4674 3.83765 2 25 361.187 5.90047e-05 1.86842 4 
2.15579 0.000156823 -1 0.946868 0.215534 0.0034741 192.718 34261.3 7 35586.6 5.79286 3.47696 2 5 41416.5 18.5977 4.67243 2 46 392.957 9.42689e-05 1.39288 5 
2.15933 0.000156746 -1 0.947628 0.215254 0.00353224 193.582 34192.9 7 25670 6.55141 3.26061 2 5 31495.3 20.6697 4.33094 2 40 418.387 8.10493e-05 1.4717 5 
2.16289 0.000156648 -1 0.948396 0.21496 0.00356218 194.254 34159 5 13686.9 7.47642 4.49285 2 5 13139.1 13.5849 3.95459 2 30 448.915 9.20411e-05 1.67086 5 
2.16648 0.000156549 -1 0.949167 0.214702 0.00359276 194.792 34148.7 6 24700.6 7.3287 3.8721 2 5 26932.3 11.6195 4.70996 2 22 481.794 9.56642e-05 2.0167 5 
2.17012 0.000156784 -1 0.949949 0.21442 0.00363982 195.213 34159.1 5 33529.1 4.47319 5.95609 2 5 42204.8 14.8417 4.90654 2 17 518.777 5.60888e-05 2.56904 5 
2.17378 0.000156894 -1 0.950731 0.214138 0.00365586 195.594 34176.3 7 23079.6 3.70956 3.48326 3 5 25202.8 14.6506 4.4373 2 14 545.538 7.00533e-05 3.10629 5 
2.17745 0.000156865 -1 0.951517 0.213845 0.0036721 195.932 34200.9 5 13955.2 6.3099 4.66598 3 5 18136.6 12.5051 4.28839 2 12 571.107 9.84666e-05 3.66116 5 
2.18114 0.000156726 -1 0.952304 0.213554 0.00368857 196.308 34218.9 7 25079.5 4.81518 3.39592 2 5 26898.9 9.39221 4.91353 2 12 595.073 9.91494e-05 3.67161 5 
2.18486 0.000156682 -1 0.953099 0.213252 0.0037221 196.66 34240.9 7 31121.1 5.66178 3.42216 2 5 40399.8 14.0758 4.91565 2 12 622.474 7.29868e-05 3.78071 5 
2.1886 0.000156633 -1 0.953894 0.212923 0.00373918 197.01 34263.3 7 23106.9 4.69735 3.36831 2 5 27193.4 17.1277 4.36669 2 12 632.721 8.62089e-05 3.73369 5 
2.19234 0.000156623 -1 0.954691 0.211657 0.00373918 197.404 34277.8 13 97659.6 5.49447 2.12279 3 9 103796 24.716 2.52684 3 12 442.78 8.8347e-05 3.61687 5 
2.19444 0.000156786 -1 0.955135 0.210802 0.00209782 197.72 34306 8 27930.9 14.0522 2.584 3 5 85946 79.8126 4.04046 2 11 212.032 3.8209e-05 4.1031 4 
2.19678 0.000156997 -1 0.95563 0.209781 0.00234858 198.137 34316.5 8 41175.8 10.5754 2.81056 3 11 65733 57.2024 1.89765 2 13 260.037 4.64763e-05 3.30417 4 
2.19937 0.000157031 -1 0.956174 0.208786 0.00259102 198.54 34329.3 10 41730 8.95913 2.32712 3 5 31425.9 10.8826 4.92165 2 16 343.194 4.88679e-05 2.6786 4 
2.20218 0.000156917 -1 0.956761 0.207985 0.00280921 199.003 34331.8 14 47230.7 8.29611 1.85455 2 12 62949.5 35.8491 1.8637 2 18 400.308 5.12826e-05 2.41497 4 
2.20518 0.000156744 -1 0.957385 0.207463 0.00299931 199.501 34328.2 12 25413 9.84717 1.92447 3 10 21820.8 37.3257 1.89098 3 19 438.996 8.89499e-05 2.2505 4 
2.20833 0.000156636 -1 0.958037 0.207235 0.00314157 200.034 34318.6 11 47756.2 6.5184 2.24571 4 9 65171.9 23.1505 2.41701 4 22 484.746 6.1953e-05 2.05749 4 
2.21161 0.000156582 -1 0.958716 0.207251 0.00328496 200.682 34289.5 11 40254 5.11844 2.26023 4 8 45306.5 23.3454 2.57629 5 24 521.098 9.79096e-05 1.90658 4 
2.21504 0.000156547 -1 0.959426 0.207446 0.00342778 201.344 34258.1 11 25343.1 5.71929 2.14537 3 8 33236.9 20.7623 2.51503 4 23 567.247 8.50716e-05 1.98014 4 
2.21862 0.000156514 -1 0.960168 0.207726 0.0035843 201.94 34238.1 9 50307.6 5.11027 2.77772 3 7 51904.9 19.7762 3.0792 4 26 627.655 7.04589e-05 1.85054 4 
2.22231 0.000156544 -1 0.960932 0.20803 0.00368574 202.653 34198.5 13 37127.4 5.31076 1.97576 2 10 43098.2 18.4192 2.1723 3 29 665.502 5.84206e-05 1.75118 4 
2.22606 0.00015654 -1 0.961712 0.208303 0.00375697 203.726 34098.7 13 21704.8 5.55094 1.88939 2 11 23216.1 23.9267 1.86869 2 43 701.085 7.33085e-05 1.45325 5 
2.22986 0.000156574 -1 0.962502 0.208477 0.0037938 204.427 34062.1 9 38229.4 5.4325 2.67602 2 9 40349.6 18.2827 2.35252 3 22 747.061 5.01335e-05 2.11863 6 
2.23375 0.000156777 -1 0.963311 0.208499 0.0038896 205.715 33928.4 6 44157.6 6.29718 4.37498 2 8 53911.7 22.1967 2.64956 3 43 810.358 9.59892e-05 1.44904 5 
2.2377 0.000157393 -1 0.964136 0.208507 0.00394975 206.491 33880.3 8 26929.8 5.25403 2.90882 2 7 20505.3 24.1383 2.62091 3 30 858.931 8.90902e-05 1.70924 5 
2.24165 0.000157826 -1 0.964958 0.20842 0.00394975 207.002 33875.7 9 17129.5 5.23612 2.45768 3 5 11820.9 13.1122 3.89937 3 19 880.309 8.45859e-05 2.34063 5 
2.2456 0.000157976 -1 0.965782 0.208225 0.00394975 207.475 33877.5 13 43570.7 4.15017 2.03853 2 10 46766 20.1642 2.17038 2 16 898.708 9.72472e-05 2.72495 5 
2.24961 0.000158085 -1 0.966617 0.207928 0.00401278 207.92 33883.7 12 40601.3 4.52814 2.13494 3 11 44641.1 20.0257 2.01547 3 14 943.259 6.30285e-05 3.25467 5 
2.25369 0.000158177 -1 0.967465 0.207578 0.00407821 208.363 33890.4 11 23560.5 5.51677 2.13819 3 10 25214.5 16.2674 2.08465 3 14 1005.69 8.54688e-05 3.19924 5 
2.25768 0.000158274 -1 0.968291 0.207228 0.00399097 208.773 33902.3 11 15750.3 3.96229 2.12429 3 9 11089.9 15.4067 2.07715 3 13 988.754 7.29978e-05 3.5367 5 
2.26167 0.000158348 -1 0.969117 0.206846 0.00399097 209.171 33916.1 10 41272.5 4.70777 2.47905 3 8 45329.1 18.5635 2.65134 3 13 1010.01 9.12153e-05 3.4823 5 
2.26568 0.000158438 -1 0.969946 0.206435 0.00401266 209.598 33925.2 10 39938.7 4.7765 2.46734 3 8 46779.6 22.2927 2.60158 3 14 1034.64 7.74757e-05 3.22829 5 
2.26974 0.000158535 -1 0.970783 0.20602 0.004057 210.016 33935.8 9 24703 5.63213 2.53907 3 6 28098.6 17.6285 3.41778 4 15 1066.21 7.78617e-05 2.99067 5 
2.27382 0.000158616 -1 0.971622 0.205615 0.00407966 210.45 33943.6 9 14545.1 4.95888 2.42806 2 5 11332.3 16.7491 3.68184 4 16 1080.58 5.1144e-05 2.86948 5 
2.2779 0.000158769 -1 0.972461 0.205227 0.00407966 210.852 33956.6 7 32644.3 3.09038 3.75688 2 5 35106.8 10.1509 5.10244 4 15 1101.78 9.16933e-05 2.96472 5 
2.28198 0.000158957 -1 0.973297 0.204859 0.00407966 211.272 33966.7 9 40775.5 3.93416 2.79365 2 7 56180.7 12.7002 3.31761 4 15 1116.16 7.27528e-05 3.01341 5 
2.28608 0.000159099 -1 0.974137 0.204499 0.00410298 211.692 33976.6 8 27858.8 3.58066 3.06461 3 7 32090.3 14.2306 3.01315 3 15 1136.86 6.92387e-05 3.02708 5 
2.29021 0.000159226 -1 0.974979 0.204139 0.00412669 212.099 33988.7 7 22597.8 3.91029 3.44674 2 5 22651 18.9542 4.1255 2 15 1152.07 7.09602e-05 3.02481 5 
2.29436 0.000159457 -1 0.975827 0.203816 0.00415083 212.504 34001 7 13271 3.07334 3.30619 2 6 17385.7 14.6577 3.25353 2 15 1161.34 7.91859e-05 3.00437 5 
2.29851 0.00015965 -1 0.976672 0.203477 0.00415083 213.103 33982.3 6 38888.6 2.235 5.09046 2 6 42751 11.4829 3.93685 2 23 1164.9 9.21227e-05 2.03601 6 
2.30252 0.000159885 -1 0.977488 0.203222 0.00400851 213.58 33983.2 6 29236 2.8937 4.64955 2 5 35717.2 18.5051 4.54064 2 17 1093.02 6.60227e-05 2.65854 6 
2.30653 0.000160074 -1 0.978301 0.202923 0.00400851 214 33993 6 27990.6 5.51501 4.14551 2 6 26287.3 7.32184 3.9131 2 14 1095.09 9.14909e-05 3.20314 6 
2.31058 0.000160378 -1 0.979124 0.202672 0.0040554 214.389 34007.8 7 23430 3.19146 3.5666 2 5 24117.3 17.8281 4.22907 2 12 1116 5.13594e-05 4.08715 6 
2.31393 0.000160571 -1 0.979801 0.202503 0.00334669 214.739 34028.6 7 14008.7 5.18777 3.09174 2 6 17878.5 16.1188 3.21736 2 12 746.621 5.73395e-05 3.9164 5 
2.31733 0.000160644 -1 0.980488 0.20237 0.00339639 215.095 34048.4 6 28574.7 6.82844 4.0143 2 5 41127.4 29.0106 4.26889 2 13 755.472 4.29725e-05 3.60836 5 
2.32076 0.000160804 -1 0.981181 0.202161 0.00343052 215.455 34067.6 6 30532.4 6.94764 4.04719 2 6 33729.5 26.7374 3.28712 2 13 767.13 4.3694e-05 3.60799 5 
2.3242 0.000161008 -1 0.981877 0.201962 0.00344794 215.81 34087.4 6 25471.5 6.11569 4.01114 2 6 28300.9 25.0828 3.22654 2 13 767.787 4.45258e-05 3.603 5 
2.32747 0.000161184 -1 0.982535 0.201786 0.00326471 216.155 34108.9 6 22868.6 7.70464 3.79095 2 6 21765.7 18.6885 3.24364 2 12 676.846 4.27996e-05 3.98035 5 
2.33075 0.000161303 -1 0.983196 0.201618 0.00328064 216.498 34130.5 6 19952.9 5.30255 3.94385 2 5 25389.9 22.6801 4.07196 2 12 669.595 4.56118e-05 3.95574 5 
2.33403 0.000161442 -1 0.983857 0.201423 0.00328064 216.837 34152.6 6 17321.2 4.37233 3.97781 2 5 16067.5 7.42385 4.64583 2 12 653.046 4.43691e-05 3.9566 5 
2.33738 0.000161559 -1 0.984532 0.201164 0.00334658 217.184 34173.6 7 37054.8 5.66537 3.50823 2 5 40421.2 28.2879 4.27565 2 12 661.751 6.47949e-05 3.83792 5 
2.34081 0.000161828 -1 0.985223 0.200847 0.00343328 217.56 34189.9 9 46117.3 3.86902 2.83738 2 7 56996.5 23.8646 3.03798 2 13 685.169 3.72448e-05 3.62097 5 
2.34432 0.000162058 -1 0.985928 0.200477 0.00350633 217.955 34203 10 40939.7 5.36001 2.44511 2 8 49736.7 25.5281 2.57755 2 13 696.577 5.92474e-05 3.4984 5 
2.34788 0.000162219 -1 0.986641 0.200069 0.0035635 218.354 34215.5 12 34430.8 4.13074 2.12199 2 10 41634.4 16.8777 2.18381 2 13 693.549 8.93823e-05 3.38834 5 
2.35156 0.000162318 -1 0.987378 0.199617 0.00368429 218.773 34225 12 26550.3 5.2369 2.03587 2 10 30383.8 22.3437 2.05754 2 14 707.415 8.30403e-05 3.12628 5 
2.35538 0.000162414 -1 0.988137 0.199156 0.00381433 219.229 34228.4 11 16608.8 4.7389 2.10011 3 10 20413.1 25.7905 1.94915 2 16 715.848 5.51546e-05 2.78341 5 
2.35931 0.000162459 -1 0.988919 0.198649 0.00393062 219.724 34225.9 12 38767.2 4.9528 2.1109 3 12 40121.3 19.4686 1.88873 2 17 709.534 7.83333e-05 2.56588 5 
2.36331 0.000162509 -1 0.989712 0.198125 0.00400432 220.267 34215.9 13 44317.7 4.77577 2.01927 3 13 49944.5 20.2794 1.82339 2 19 677.762 5.42297e-05 2.36329 5 
2.36737 0.000162539 -1 0.990515 0.197628 0.00405533 220.796 34208.1 12 35019.7 4.63768 2.10459 3 13 41944.5 20.9467 1.79459 2 19 628.867 9.68079e-05 2.28329 5 
2.37148 0.000162577 -1 0.991325 0.197193 0.00410799 221.434 34183.5 11 27875.9 4.58817 2.20781 2 11 35264.7 19.542 1.97712 3 23 572.714 7.96503e-05 1.98664 6 
2.37575 0.000162614 -1 0.992168 0.196828 0.00427567 221.964 34175.8 8 23484 4.21518 2.9393 2 10 32475.3 18.5925 2.1097 2 18 541.524 6.92269e-05 2.41526 6 
2.38018 0.000162642 -1 0.993039 0.196567 0.00442729 222.462 34172.9 16 13495.8 3.88072 1.66468 2 9 14322.1 19.8492 2.07771 2 15 497.39 9.27175e-05 2.80954 6 
2.3847 0.000162611 -1 0.99393 0.196418 0.00452423 222.903 34178.8 10 31186.4 4.01131 2.44945 3 12 37348.7 16.9841 1.89898 2 13 435.922 3.55681e-05 3.5096 6 
2.3893 0.000162586 -1 0.994831 0.19643 0.00459176 223.369 34180.9 15 30492.1 4.08387 1.81221 3 10 32996.5 16.6691 2.13627 3 13 369.727 5.26426e-05 3.36246 6 
2.39396 0.000162555 -1 0.995745 0.196608 0.00466186 223.848 34180.9 20 23864.8 4.1596 1.54147 2 11 26687.2 16.5403 1.95711 3 13 308.964 8.00053e-05 3.21126 6 
2.39869 0.000162513 -1 0.996673 0.196905 0.00473471 224.368 34174.8 17 21362.2 3.59952 1.66711 3 13 27489.4 17.5921 1.76068 3 14 258.905 4.5712e-05 3.03644 6 
2.40354 0.000162485 -1 0.997626 0.197283 0.00484925 224.89 34168.3 17 20750.3 3.62444 1.66359 3 13 17617.3 14.9005 1.72331 4 14 230.766 9.92105e-05 2.84943 6 
2.40847 0.000162457 -1 0.998596 0.197634 0.00492941 225.383 34166.3 11 16091.9 3.74678 2.13928 3 8 15128.8 14.122 2.39187 4 15 230.347 7.39288e-05 2.7096 6 
2.4134 0.000162472 -1 0.99957 0.197889 0.00492941 225.905 34159.7 15 28344.2 3.95508 1.80726 3 6 28911.6 14.9575 3.52941 4 16 243.224 4.83581e-05 2.62329 6 
2.41821 0.000162522 -1 1.00052 0.19813 0.00480819 226.391 34158.9 11 27484.7 4.21364 2.22212 4 7 30650.8 15.4569 2.95832 4 15 245.147 8.66137e-05 2.6923 6 
2.42298 0.000162529 -1 1.00147 0.198226 0.00476878 226.872 34158.7 11 22900.4 3.80142 2.20611 4 5 23749.5 15.1851 4.35359 3 15 259.454 9.74599e-05 2.68132 6 
2.42787 0.000162507 -1 1.00243 0.198219 0.00489002 227.422 34148 13 17399.6 3.66712 1.91772 4 10 19044.4 14.8176 2.04597 4 17 291.114 5.94928e-05 2.4746 6 
2.4328 0.000162467 -1 1.00341 0.198161 0.00493218 227.997 34133.8 16 13951 3.67116 1.67393 4 10 14329.4 15.0181 1.98592 4 17 314.34 8.74852e-05 2.43005 6 
2.43778 0.000162423 -1 1.00439 0.198042 0.00497544 228.602 34115.1 15 9985.8 3.75116 1.6918 4 10 12592.1 13.4756 1.98178 4 18 338.095 5.82357e-05 2.37558 6 
2.44258 0.000162378 -1 1.00534 0.197899 0.00480534 229.452 34060.2 15 25401.2 3.65784 1.80347 4 7 29420.3 13.9503 2.98446 4 30 333.816 9.09859e-05 1.65508 6 
2.44726 0.000162333 -1 1.00627 0.197724 0.0046842 230.18 34023.6 17 27165.7 3.87583 1.68351 4 10 26885.5 16.3572 2.09692 4 23 334.047 6.99328e-05 1.95163 6 
2.45203 0.000162285 -1 1.00721 0.197494 0.00476496 230.803 34002.7 17 24158 3.66414 1.67746 4 11 22381.4 15.7004 1.9352 4 18 361.065 6.0354e-05 2.37954 6 
2.45692 0.000162235 -1 1.00817 0.197234 0.00489259 231.411 33984.2 15 18336.9 4.04729 1.75285 4 11 22604.7 15.3497 1.94093 4 18 395.147 6.26297e-05 2.38658 6 
2.4619 0.000162177 -1 1.00916 0.196986 0.00498237 232.03 33964.2 14 13854.8 3.88062 1.79376 5 10 10828.3 14.6177 1.93628 4 19 424.188 5.72094e-05 2.29924 6 
2.46693 0.000162116 -1 1.01015 0.196747 0.00502893 232.648 33944.3 14 11364.3 3.74835 1.77294 4 10 12510.1 13.733 1.97674 4 19 444.811 8.80826e-05 2.25322 6 
2.47187 0.000162059 -1 1.01112 0.196568 0.0049358 233.252 33926.7 13 9648.21 3.53008 1.83806 5 8 14153.9 14.2701 2.36895 5 19 439.733 6.3696e-05 2.29061 6 
2.47671 0.000162005 -1 1.01207 0.196365 0.00484524 233.871 33906.9 14 19139.4 3.83753 1.83711 4 8 25180.8 14.1486 2.54856 5 19 433.838 4.90053e-05 2.32079 6 
2.48165 0.000161945 -1 1.01304 0.196128 0.00493666 234.539 33880.3 14 22878 3.83118 1.86089 5 10 18735 16.2001 2.02448 4 20 459.034 5.28838e-05 2.22293 6 
2.48673 0.000161877 -1 1.01403 0.19583 0.00508185 235.212 33853 14 20386 3.13195 1.87238 5 9 23035.7 13.0148 2.29554 4 21 493.241 9.08603e-05 2.09266 6 
2.49187 0.000161815 -1 1.01503 0.195555 0.00513267 235.883 33826.1 14 16673 3.29802 1.83888 4 7 12617.2 14.3496 2.63384 4 22 509.532 8.2898e-05 2.03504 6 
2.49705 0.00016175 -1 1.01605 0.195311 0.00518504 236.562 33798.3 13 14175 3.20826 1.90724 4 8 14512.3 13.9399 2.38333 4 23 527.157 8.06123e-05 1.97846 6 
2.50208 0.000161689 -1 1.01703 0.195153 0.00502949 237.223 33773.2 12 11071.1 3.56881 1.95421 5 8 12994 11.5515 2.40651 4 22 502.37 7.6224e-05 2.04151 6 
2.50711 0.000161618 -1 1.01801 0.194985 0.00502949 237.852 33752.7 9 17711.2 3.74175 2.56066 4 7 24333.3 14.3124 2.894 5 22 508.135 8.91134e-05 2.02811 6 
2.51224 0.000161585 -1 1.01901 0.194771 0.00513427 238.587 33717.5 6 17284.9 3.03998 4.22474 3 7 13197 13.6787 2.66899 5 26 534.645 9.96658e-05 1.8148 6 
2.51749 0.00016175 -1 1.02003 0.194527 0.00524469 239.524 33653.9 9 15798.3 3.50048 2.54714 2 6 22428.7 12.3869 3.49119 4 37 561.837 8.99485e-05 1.52639 6 
2.52279 0.000162182 -1 1.02106 0.194335 0.00530232 240.193 33628.4 9 14492.9 2.73792 2.59268 4 3 11080.5 11.7233 9.81379 4 25 576.763 6.97696e-05 1.89101 6 
2.52809 0.000162373 -1 1.02209 0.194168 0.00530232 240.869 33602 9 15833.7 2.89614 2.602 5 4 15307.4 13.6824 5.78342 2 25 578.452 7.09289e-05 1.88998 6 
2.53322 0.000162447 -1 1.02308 0.194072 0.00512942 241.512 33580.5 5 14454.4 3.57907 5.26315 4 5 20020.9 9.87964 4.5851 2 24 542.724 4.7823e-05 1.96769 6 
2.53835 0.000162404 -1 1.02408 0.193902 0.00512942 242.208 33551.6 8 14496 3.50491 2.83186 4 5 13766.8 14.4254 3.94404 2 24 543.514 5.51803e-05 1.95611 6 
2.5436 0.000162439 -1 1.02509 0.193723 0.005246 242.921 33520.6 11 12820.2 3.51338 2.10782 5 6 14079.4 8.88789 3.41427 2 25 568.479 7.10154e-05 1.88858 6 
2.54891 0.000162518 -1 1.02612 0.193568 0.005307 243.674 33484.2 13 17027.3 2.95638 1.94653 5 7 21872.5 7.92926 3.10116 2 26 580.667 7.67002e-05 1.839 6 
2.55421 0.00016259 -1 1.02715 0.193432 0.005307 244.417 33449.5 11 12669.3 3.23473 2.12143 5 7 12830.3 6.04801 2.98698 2 26 579.17 9.74978e-05 1.82193 6 
2.55958 0.000162664 -1 1.02818 0.193297 0.00537094 245.19 33410.8 11 9636.79 3.32651 2.06406 6 6 8162.52 8.35345 3.15011 2 28 597.907 6.61408e-05 1.77188 6 
2.56495 0.000162752 -1 1.02922 0.193203 0.00537094 245.958 33373.1 10 15051.5 3.37197 2.31723 5 6 19464.3 9.11382 3.58858 2 28 616.049 8.12337e-05 1.7608 6 
2.5702 0.000162808 -1 1.03023 0.193197 0.00524152 246.67 33343.2 7 11102.3 3.40079 3.1767 4 6 10323.3 9.32445 3.21637 2 27 604.639 7.50648e-05 1.8021 6 
2.57544 0.000162602 -1 1.03124 0.193107 0.00524152 247.381 33313.6 8 13274.4 2.77241 2.88416 3 6 14796.6 7.59659 3.53392 2 27 622.387 9.01888e-05 1.79181 6 
2.58081 0.000162331 -1 1.03228 0.192889 0.00537421 248.171 33273.5 10 16263.1 2.93718 2.3677 5 6 17731.7 10.5829 3.44633 2 30 669.016 6.4996e-05 1.71298 6 
2.58619 0.000162251 -1 1.03332 0.192828 0.00537421 249.317 33186.4 8 14354.2 2.68096 2.92473 5 5 18718.3 12.3894 4.32358 2 47 678.001 9.6557e-05 1.39852 6 
2.59156 0.000162069 -1 1.03435 0.19269 0.00537421 250.217 33132.5 11 11286.8 3.1461 2.10457 6 5 8895.3 5.90904 4.32045 2 34 685.461 7.48082e-05 1.60238 6 
2.59693 0.000161959 -1 1.03538 0.192581 0.00537421 251.038 33089.3 10 12971.2 2.97823 2.31154 6 5 13550.9 9.36475 4.28642 2 31 699.222 7.62973e-05 1.6772 6 
2.60231 0.000161859 -1 1.03642 0.192492 0.00537421 251.836 33049.6 6 12789.4 3.06289 4.01285 5 5 11531.1 9.82974 4.11023 2 31 720.658 8.21015e-05 1.67487 6 
2.60768 0.000161808 -1 1.03745 0.192404 0.00537421 252.618 33012.2 5 13932.6 2.94053 5.43402 3 5 16635 10.1879 4.39124 2 31 742.889 9.12766e-05 1.67079 6 
2.61313 0.00016191 -1 1.0385 0.192225 0.00544886 253.432 32970.7 9 12692.5 2.76733 2.55171 4 5 12766.7 8.02738 4.36819 2 32 784.433 9.81442e-05 1.64327 6 
2.6185 0.000162095 -1 1.03953 0.192166 0.00537318 254.255 32928.5 12 21955.5 3.23269 2.08608 5 5 19654.1 9.87911 4.56822 2 31 777.747 9.3195e-05 1.67214 6 
2.6238 0.000162225 -1 1.04055 0.192116 0.00529855 255.067 32887.9 10 13062.8 3.228 2.29462 6 5 12101.5 5.34957 4.6871 2 30 769.218 8.8994e-05 1.70303 6 
2.6291 0.000162362 -1 1.04156 0.192079 0.00529855 255.889 32846.3 12 10155.6 3.04467 1.96606 6 5 10817 6.33669 4.43046 2 30 781.554 9.45579e-05 1.7005 6 
2.63448 0.000162497 -1 1.04259 0.192014 0.00537534 256.751 32799.8 12 15039.9 3.08947 2.02899 6 5 13180.7 12.7942 4.00484 2 32 819.036 6.3679e-05 1.66788 6 
2.63985 0.00016264 -1 1.04363 0.191938 0.00537534 257.604 32754.8 10 14783 3.17709 2.32688 6 8 18734.7 13.1752 2.47806 4 32 833.365 6.27933e-05 1.66952 6 
2.645 0.000162798 -1 1.04461 0.191886 0.00514497 258.341 32724.8 6 9108.83 3.54925 3.70016 5 4 10950.2 13.2468 5.36202 3 28 775.926 7.54121e-05 1.78009 6 
2.65014 0.000163071 -1 1.0456 0.191826 0.00514497 259.081 32694.5 6 9876.32 3.57232 3.74634 5 4 10392.9 7.49564 6.10214 3 28 791.155 7.22677e-05 1.78404 6 
2.65529 0.000163357 -1 1.04658 0.191771 0.00514497 259.822 32664.3 7 18801.5 3.13852 3.46448 4 4 19613.4 7.26504 7.20823 3 28 809.378 7.04158e-05 1.78715 6 
2.66036 0.000163587 -1 1.04756 0.191707 0.00506931 260.676 32620.1 7 13122.7 3.60538 3.22645 4 5 13069.1 7.93822 4.3985 2 34 800.622 9.29385e-05 1.59947 6 
2.66543 0.000163715 -1 1.04853 0.191641 0.00506931 261.473 32583.4 8 11089 3.41365 2.74764 4 5 11788.7 7.33158 4.37778 2 27 815.073 7.38231e-05 1.82327 6 
2.6705 0.000163921 -1 1.0495 0.191569 0.00506931 262.208 32554.5 10 15404.5 3.23511 2.33225 6 5 13364.3 11.7862 4.08239 2 27 829.245 7.82215e-05 1.82053 6 
2.67556 0.000164083 -1 1.05047 0.191488 0.00506931 262.929 32527.6 7 13452.3 3.4091 3.2639 6 5 16787.1 13.5469 4.15554 2 27 844.402 7.91448e-05 1.82096 6 
2.68034 0.000164221 -1 1.05138 0.191465 0.00477111 263.572 32510.4 6 8389.65 3.75272 3.61604 5 5 8332.76 15.278 3.52651 2 24 759.522 6.09721e-05 1.97534 6 
2.68511 0.000164324 -1 1.05229 0.19141 0.00477111 264.26 32487.8 7 9023.37 4.35481 2.97695 6 5 8400.31 3.32256 4.79253 2 24 772.142 6.01401e-05 1.97783 6 
2.68988 0.00016449 -1 1.05321 0.191375 0.00477111 264.931 32467.3 9 18859.6 3.70936 2.58109 7 5 14225.6 16.7629 3.85251 2 24 781.929 5.98494e-05 1.97927 6 
2.69458 0.000164632 -1 1.05411 0.191307 0.00469882 265.581 32449.5 7 16048.2 4.18986 3.25004 7 6 17383.9 7.44868 3.64204 2 23 766.952 6.60143e-05 2.02852 6 
2.6992 0.000164781 -1 1.05499 0.191252 0.00462763 266.214 32433.9 8 14870.9 4.49534 2.75389 7 5 15654.3 10.3528 4.32429 2 22 750.361 7.66272e-05 2.07858 6 
2.70363 0.000164923 -1 1.05584 0.191227 0.00442347 266.789 32425.5 8 12653.1 4.37201 2.70825 7 5 13119.6 5.75215 4.69481 2 20 690.394 6.88301e-05 2.23906 6 
2.70805 0.000165067 -1 1.05669 0.19117 0.00442347 267.369 32416.4 8 13484.2 4.91725 2.69007 8 5 16423.4 4.74953 5.10226 2 20 694.369 7.00358e-05 2.23776 6 
2.71247 0.000165224 -1 1.05753 0.191141 0.00442347 267.949 32407.4 8 10103.3 4.44217 2.6279 8 5 11218.7 9.61575 4.10574 2 20 696.99 7.03681e-05 2.23765 6 
2.71697 0.000165369 -1 1.05838 0.191103 0.00449259 268.553 32395.5 8 8280.01 4.34194 2.57065 8 5 7840.57 10.4445 3.75917 2 21 724.819 5.93066e-05 2.17511 6 
2.72146 0.000165508 -1 1.05924 0.191074 0.00449259 269.142 32385.5 6 8996.36 4.70059 3.52359 7 5 7527.97 7.20042 4.01665 2 21 732.753 5.9332e-05 2.1762 6 
2.72595 0.000165662 -1 1.0601 0.191091 0.00449259 269.736 32374.9 5 19083.7 4.38264 5.343 6 5 10418.9 6.79334 4.33658 2 21 739.964 6.19517e-05 2.17274 6 
2.73052 0.000165832 -1 1.06098 0.191104 0.00456746 270.402 32355.8 5 12964.3 4.00465 5.03543 5 5 14011.7 16.7954 3.83937 2 25 772.063 6.79847e-05 1.91518 6 
2.73517 0.000166034 -1 1.06187 0.191103 0.00464621 271.037 32340.3 6 18496.3 4.36305 4.02299 3 5 20641.8 16.3973 4.16865 2 23 804.555 5.1855e-05 2.0542 6 
2.73981 0.000166277 -1 1.06275 0.191104 0.00464621 271.641 32328.8 6 20253.1 4.5224 4.05995 2 5 21354 18.371 4.1027 2 23 808.328 5.08273e-05 2.0564 6 
2.74446 0.000166639 -1 1.06364 0.191106 0.00464621 272.25 32316.7 6 18008.9 3.78875 4.10045 2 5 18740.3 13.8594 4.22869 2 23 809.848 5.66588e-05 2.04688 6 
2.74919 0.000167181 -1 1.06454 0.191038 0.00473225 272.882 32301.8 8 15223.2 4.42284 2.76758 4 5 14422 5.00703 4.91914 2 24 839.41 5.8115e-05 1.98756 6 
2.75392 0.000167504 -1 1.06544 0.191021 0.00473225 273.709 32264.1 9 11749.3 4.2895 2.40966 6 5 11330.6 7.14998 4.36505 2 24 835.322 6.77007e-05 1.97455 6 
2.75875 0.000167678 -1 1.06637 0.191002 0.00482504 274.438 32238.1 10 12552.9 3.54475 2.26421 8 5 11796.2 13.1007 3.89843 2 25 862.542 7.48877e-05 1.91626 6 
2.76367 0.000167808 -1 1.06731 0.190992 0.00492351 275.249 32202.6 8 15501 3.527 2.85344 8 7 12758.4 14.0089 2.6471 3 27 889.713 5.73737e-05 1.84636 6 
2.76859 0.000167939 -1 1.06825 0.190978 0.00492351 276.042 32169.4 9 12322.6 3.8549 2.45138 7 6 10930.3 13.5319 3.05173 4 27 879.223 5.48695e-05 1.8486 6 
2.77352 0.000168079 -1 1.06919 0.190989 0.00492351 276.828 32137.3 10 14039.8 3.40546 2.29889 7 7 15965.1 14.6509 2.71582 4 27 867.3 5.77089e-05 1.84422 6 
2.77855 0.000168204 -1 1.07015 0.190943 0.00503292 277.661 32100 12 20431.7 3.26976 2.07165 7 9 21324.2 13.7054 2.2629 5 28 892.735 7.67105e-05 1.78794 6 
2.78358 0.000168322 -1 1.07111 0.190884 0.00503292 278.602 32050.4 11 20117.1 3.69993 2.18564 6 8 21436.4 14.6372 2.48721 6 28 876.303 7.77329e-05 1.78591 6 
2.78874 0.000168456 -1 1.07209 0.190819 0.00515275 279.556 31999.6 12 17442.1 3.16362 2.05014 6 8 16909 12.4514 2.46384 6 30 899.191 6.94392e-05 1.72614 6 
2.79389 0.000168567 -1 1.07307 0.19074 0.00515275 280.485 31952 7 13621.4 3.51596 3.25534 5 7 13699.1 12.5262 2.71722 6 30 876.314 7.00474e-05 1.72415 6 
2.79917 0.000168679 -1 1.07409 0.190789 0.00528488 281.426 31903.3 5 16833.6 3.37756 5.48927 4 5 12476.4 13.2928 3.93092 5 32 895.551 7.9955e-05 1.66069 6 
2.8046 0.000168607 -1 1.07512 0.190715 0.00542771 282.601 31828.7 8 13415.4 3.36842 2.81853 3 8 11949.7 12.6352 2.3549 5 41 915.246 8.55544e-05 1.48404 6 
2.81003 0.000168531 -1 1.07615 0.190539 0.00542771 283.482 31787.6 13 18934.3 2.75828 1.97299 3 8 17273.9 12.9639 2.458 4 30 879.763 9.50402e-05 1.70693 6 
2.81546 0.000168481 -1 1.07718 0.190356 0.00542771 284.303 31753.4 12 18751.6 2.9031 2.07737 3 6 17407 12.3981 3.34628 4 29 835.027 6.80241e-05 1.7557 6 
2.82089 0.000168396 -1 1.07821 0.190238 0.00542771 285.072 31725.2 12 13627.3 2.74301 2.03243 3 5 11895.6 8.04299 4.3052 4 28 779.994 8.36733e-05 1.77383 6 
2.82631 0.000168257 -1 1.07925 0.190307 0.00542771 285.852 31696 12 15213.2 2.47099 2.06909 3 4 13613.8 9.68364 6.12329 3 29 720.306 6.89583e-05 1.74595 6 
2.83192 0.000168086 -1 1.08032 0.190525 0.0056028 286.727 31656.4 13 25728 2.47924 2.03671 2 5 16301.4 9.44548 4.44017 2 34 717.167 6.98647e-05 1.60774 6 
2.83752 0.000167879 -1 1.08138 0.190734 0.0056028 287.582 31619.2 12 12724.2 2.80329 2.01719 2 5 7950.03 9.36262 3.85296 3 33 668.823 9.259e-05 1.61377 6 
2.84293 0.000167777 -1 1.0824 0.19096 0.00541604 288.461 31579.7 13 7440.9 3.33549 1.80957 2 6 9130.72 11.9413 3.02396 2 30 583.011 7.21136e-05 1.69924 6 
2.84835 0.000167616 -1 1.08344 0.19118 0.00541604 289.469 31526.3 16 9188.1 2.7263 1.66142 2 11 8850.08 11.1155 1.83539 2 30 620.117 6.19154e-05 1.71142 6 
2.85377 0.000167482 -1 1.08447 0.191378 0.00541604 290.27 31495.8 12 10346.3 2.78226 1.98396 2 10 8513.65 12.5088 1.91995 2 29 659.625 8.54932e-05 1.72781 6 
2.85918 0.000167461 -1 1.08551 0.191545 0.00541604 291.049 31467.7 10 11374.1 3.28156 2.25935 2 8 10660.7 13.2894 2.30693 2 29 705.584 7.48939e-05 1.73975 6 
2.86482 0.000167519 -1 1.08659 0.191537 0.00563268 291.899 31432.2 15 11837.2 2.7376 1.7474 2 5 12137.4 6.01566 4.58109 2 32 809.653 6.49909e-05 1.66622 6 
2.87045 0.000167714 -1 1.08767 0.191482 0.00563268 292.806 31390.8 14 20129.5 2.597 1.89588 3 8 12020 10.4994 2.41181 2 34 855.363 7.72031e-05 1.61136 6 
2.87608 0.00016787 -1 1.08874 0.191314 0.00563268 294.07 31311.6 14 9912.58 2.7998 1.79269 3 9 9843.15 11.7595 2.11227 3 51 900.726 8.91791e-05 1.37195 6 
2.88171 0.000168003 -1 1.08981 0.191045 0.00563268 294.945 31274.3 14 12702.2 3.12482 1.81046 3 10 12688.4 11.8494 2.00896 3 31 941.188 9.7478e-05 1.68002 6 
2.88735 0.000168132 -1 1.09089 0.190701 0.00563268 295.827 31236.4 15 14737.1 2.55832 1.78114 3 11 14095.4 11.3595 1.91094 3 32 975.982 6.25442e-05 1.67799 6 
2.89298 0.000168229 -1 1.09197 0.190291 0.00563268 296.817 31187.5 13 14571.1 2.43184 1.95246 4 9 13292.2 9.88142 2.2266 4 32 1004.98 8.0628e-05 1.66625 6 
2.89808 0.000168308 -1 1.09294 0.189947 0.00509623 297.619 31158.4 10 8391.7 3.27091 2.19239 4 8 10960.7 15.0043 2.28009 4 25 844.158 8.58181e-05 1.90421 6 
2.90317 0.00016841 -1 1.0939 0.189613 0.00509623 298.38 31133.9 13 11190.5 3.19365 1.87352 3 5 11680.3 15.0062 3.78649 3 25 861.702 9.68859e-05 1.89655 6 
2.90855 0.000168514 -1 1.09492 0.189189 0.00537936 299.348 31088 13 15124.9 2.9083 1.9313 4 9 14990.5 11.7129 2.21431 3 30 972.647 6.00628e-05 1.73905 6 
2.91393 0.000168622 -1 1.09593 0.188803 0.00537936 300.411 31032.5 13 17213.7 3.23697 1.93462 4 10 15983.5 12.8022 2.04004 4 30 978.989 8.96302e-05 1.71637 6 
2.91931 0.000168734 -1 1.09695 0.188462 0.00537936 301.344 30990.8 13 15563.3 3.09398 1.92636 4 6 14286.2 12.2709 3.24345 3 31 979.892 8.28069e-05 1.69108 6 
2.92435 0.000168836 -1 1.09791 0.1882 0.00504315 302.082 30969.2 5 8542.93 2.4236 5.12188 3 5 8911.28 14.8621 3.59395 3 27 858.539 7.06074e-05 1.8298 6 
2.9294 0.000168981 -1 1.09886 0.188005 0.00504315 302.817 30948.2 5 15154.8 2.86475 5.55511 3 4 14639.1 13.1775 5.77325 2 28 852.711 5.75188e-05 1.80346 6 
2.93444 0.000169152 -1 1.0998 0.187951 0.00504315 303.542 30928.3 8 17760.5 3.4211 2.91347 3 5 18310.6 4.12035 5.3648 2 28 844.693 9.05214e-05 1.77389 6 
2.93948 0.000169223 -1 1.10074 0.187848 0.00504315 304.316 30903.5 9 17493.6 3.3826 2.58598 4 5 16274.9 6.59483 4.76939 2 29 834.038 8.45847e-05 1.74248 6 
2.94453 0.000169177 -1 1.10169 0.187801 0.00504315 305.241 30863.5 10 10367.2 3.66875 2.21368 5 5 10617.3 14.5973 3.7355 2 36 821.409 7.36406e-05 1.5695 6 
2.94957 0.000169067 -1 1.10264 0.187737 0.00504315 306.104 30830 12 15153.7 3.25048 2.02169 5 8 13702 14.7552 2.34953 3 31 807.447 7.71961e-05 1.68436 6 
2.95461 0.000168947 -1 1.10359 0.187713 0.00504315 306.987 30794.6 13 18503.2 3.17078 1.94849 5 9 20233.1 13.7421 2.24906 4 32 792.632 8.83424e-05 1.64922 6 
2.95965 0.00016882 -1 1.10454 0.187734 0.00504315 307.953 30751.3 14 18610.5 3.70538 1.83803 4 9 17525.2 14.8323 2.19474 4 34 777.834 7.03386e-05 1.61127 6 
2.9647 0.000168662 -1 1.10548 0.187785 0.00504315 308.916 30708.5 14 11015 3.25617 1.78686 4 9 11046.5 14.9856 2.08265 4 35 762.798 8.71461e-05 1.57887 6 
2.96974 0.000168504 -1 1.10642 0.187854 0.00504315 309.917 30662.1 15 15621.5 3.42035 1.75379 4 10 14195 13.2746 2.00868 4 37 747.698 6.9403e-05 1.54904 6 
2.97478 0.000168327 -1 1.10736 0.187941 0.00504315 310.939 30614 15 19085.6 3.8997 1.76189 4 10 20990.1 14.6599 2.06818 4 38 732.803 9.52583e-05 1.51779 6 
2.97983 0.000168138 -1 1.10831 0.188041 0.00504315 312.029 30559.6 14 18622.2 3.75509 1.83636 4 9 17478.6 15.2311 2.18764 4 41 718.129 7.44242e-05 1.48031 6 
2.98487 0.000167961 -1 1.10926 0.188161 0.00504315 313.154 30502.1 13 8740.63 3.2864 1.83421 4 8 11031.1 14.7944 2.28594 4 43 703.832 8.63938e-05 1.44784 6 
2.98991 0.000167787 -1 1.11021 0.188289 0.00504315 314.329 30440.3 11 16680.3 3.54153 2.1573 4 7 15531.6 14.4078 2.71163 4 46 689.694 7.23969e-05 1.41813 6 
2.99496 0.000167616 -1 1.11116 0.188424 0.00504315 315.555 30373.9 10 19841.6 3.19178 2.39527 4 8 21111.6 12.7278 2.52622 4 48 675.647 8.7696e-05 1.39147 6 
3 0.000167461 -1 1.1121 0.188567 0.00504315 316.815 30304.8 8 17538.7 3.27579 2.92473 4 7 16265.2 13.3843 2.75846 3 51 661.299 6.94989e-05 1.37035 6 

# Multigrid, 586 steps, 301.283 CPU, 317.6 real, 3.02e+04 points.step/s, 24 var
