0.914368 0
0.91438 0.0078125

0.91438 0.0078125
0.914417 0.015625

0.914417 0.015625
0.914479 0.0234375

0.914479 0.0234375
0.914567 0.03125

0.914567 0.03125
0.91468 0.0390625

0.91468 0.0390625
0.91482 0.046875

0.91482 0.046875
0.914988 0.0546875

0.914988 0.0546875
0.915184 0.0625

0.915184 0.0625
0.915411 0.0703125

0.91541 0.0703125
0.915668 0.078125

0.915668 0.078125
0.915959 0.0859375

0.915958 0.0859375
0.916284 0.09375

0.916283 0.09375
0.916646 0.101562

0.916646 0.101562
0.917048 0.109375

0.917047 0.109375
0.917491 0.117188

0.91749 0.117188
0.917979 0.125

0.917978 0.125
0.918515 0.132812

0.918514 0.132812
0.919102 0.140625

0.919101 0.140625
0.919746 0.148438

0.919745 0.148438
0.92045 0.15625

0.920449 0.15625
0.921219 0.164062

0.921217 0.164062
0.921875 0.170181

0.921875 0.170175
0.922058 0.171875

0.922056 0.171875
0.922974 0.179688

0.922972 0.179688
0.923976 0.1875

0.923974 0.1875
0.925071 0.195312

0.925069 0.195312
0.926268 0.203125

0.926266 0.203125
0.927574 0.210938

0.927571 0.210938
0.929001 0.21875

0.928989 0.21875
0.929688 0.222222

0.929688 0.222191
0.930566 0.226562

0.930562 0.226562
0.932293 0.234375

0.93229 0.234375
0.93419 0.242188

0.934186 0.242188
0.936273 0.25

0.936247 0.25
0.9375 0.254221

0.9375 0.254168
0.938582 0.257812

0.938577 0.257812
0.94116 0.265625

0.941149 0.265625
0.944011 0.273438

0.943952 0.273438
0.945312 0.276736

0.945312 0.276613
0.947225 0.28125

0.947207 0.28125
0.950844 0.289062

0.950754 0.289062
0.953125 0.293508

0.953125 0.293381
0.954989 0.296875

0.954943 0.296875
0.959777 0.304688

0.959608 0.304688
0.960938 0.306649

0.960938 0.306372
0.965439 0.3125

0.965343 0.3125
0.96875 0.316524

0.96875 0.316296
0.972505 0.320312

0.97231 0.320312
0.976562 0.324302

0.976562 0.324244
0.981601 0.328125

0.981103 0.328125
0.984375 0.330444

0.984375 0.330158
0.992188 0.33478

0.992188 0.334839
0.994686 0.335938

0.994534 0.335938
1 0.33834

1 0.338161
1.00781 0.340513

1.00781 0.340524
1.01562 0.342087

1.01562 0.342079
1.02344 0.342844

1.02344 0.342835
1.03125 0.342835

1.03125 0.342818
1.03906 0.342108

1.03906 0.342088
1.04688 0.340743

1.04688 0.340724
1.05469 0.338822

1.05469 0.338812
1.0625 0.336415

1.07031 0.333516
1.06385 0.335938

1.0625 0.336441
1.06385 0.335938

1.07031 0.333456
1.07812 0.33007

1.08594 0.326321
1.08225 0.328125

1.07812 0.330095
1.08215 0.328125

1.08594 0.326232
1.09375 0.322018

1.10156 0.317508
1.09679 0.320312

1.09375 0.322036
1.09668 0.320312

1.10938 0.312441
1.10928 0.3125

1.10156 0.317447
1.10928 0.3125

1.10938 0.312429
1.11719 0.30711

1.125 0.301511
1.12061 0.304688

1.11719 0.307075
1.12053 0.304688

1.13281 0.295552
1.1311 0.296875

1.125 0.301443
1.13093 0.296875

1.13281 0.295445
1.14062 0.289078

1.14844 0.282376
1.14065 0.289062

1.15625 0.27533
1.1497 0.28125

1.14844 0.282341
1.14967 0.28125

1.16406 0.267926
1.15824 0.273438

1.15625 0.275268
1.15821 0.273438

1.17188 0.260077
1.16638 0.265625

1.16406 0.267852
1.16633 0.265625

1.17969 0.251829
1.17409 0.257812

1.17188 0.260042
1.17403 0.257812

1.1875 0.243176
1.1814 0.25

1.17969 0.251817
1.18136 0.25

1.19531 0.234123
1.1951 0.234375

1.19502 0.234375
1.18838 0.242188

1.1875 0.243155
1.18835 0.242188

1.20312 0.224335
1.2014 0.226562

1.19531 0.234002
1.20135 0.226562

1.21094 0.213982
1.20742 0.21875

1.20312 0.224245
1.20738 0.21875

1.21875 0.203071
1.21871 0.203125

1.21865 0.203125
1.21317 0.210938

1.21094 0.213953
1.21312 0.210938

1.22656 0.191116
1.22389 0.195312

1.21875 0.20296
1.22386 0.195312

1.23438 0.178335
1.2336 0.179688

1.23356 0.179688
1.22884 0.1875

1.22656 0.191048
1.22882 0.1875

1.24219 0.164241
1.23804 0.171875

1.23438 0.178241
1.23803 0.171875

1.25 0.148625
1.2463 0.15625

1.24629 0.15625
1.24227 0.164062

1.24219 0.164228
1.24228 0.164062

1.25781 0.130866
1.25703 0.132812

1.25701 0.132812
1.25365 0.140625

1.25365 0.140625
1.25008 0.148438

1.25 0.148612
1.25008 0.148438

1.26562 0.109952
1.2631 0.117188

1.26309 0.117188
1.26015 0.125

1.25781 0.130803
1.26015 0.125

1.27344 0.0834924
1.27283 0.0859375

1.27283 0.0859375
1.27069 0.09375

1.27068 0.09375
1.26835 0.101562

1.26834 0.101562
1.26582 0.109375

1.26562 0.109942
1.26582 0.109375

1.28125 0.0421714
1.28065 0.046875

1.28065 0.046875
1.27945 0.0546875

1.27945 0.0546875
1.27808 0.0625

1.27808 0.0625
1.27651 0.0703125

1.27651 0.0703125
1.27476 0.078125

1.27344 0.0834525
1.27476 0.078125

1.28392 0
1.28383 0.0078125

1.28383 0.0078125
1.28355 0.015625

1.28355 0.015625
1.2831 0.0234375

1.2831 0.0234375
1.28246 0.03125

1.28246 0.03125
1.28165 0.0390625

1.28125 0.0421516
1.28165 0.0390625

