0 0.00853553
0.0338878 0.00852919
0.0677756 0.00851419
0.101663 0.00849224
0.135551 0.00846352
0.169439 0.00842812
0.203327 0.00838615
0.237215 0.00833772
0.271102 0.00828291
0.30499 0.00822183
0.338878 0.00815455
0.372766 0.00808118
0.406653 0.00800179
0.440541 0.00791652
0.474429 0.00782542
0.508317 0.00772864
0.542205 0.00762623
0.576092 0.00751836
0.60998 0.00740509
0.643868 0.00728658
0.677756 0.00716289
0.711644 0.00703421
0.745531 0.00690059
0.779419 0.00676223
0.813307 0.00661918
0.847195 0.00647166
0.881082 0.00631972
0.91497 0.00616359
0.948858 0.0060033
0.982746 0.00583912
1.01663 0.00567107
1.05052 0.00549942
1.08441 0.0053242
1.1183 0.00514569
1.15218 0.00496392
1.18607 0.00477918
1.21996 0.00459148
1.25385 0.00440114
1.28774 0.00420818
1.32162 0.00401289
1.35551 0.00381531
1.3894 0.00361575
1.42329 0.00341423
1.45717 0.00321107
1.49106 0.00300628
1.52495 0.00280021
1.55884 0.00259284
1.59273 0.00238454
1.62661 0.00217529
1.6605 0.00196544
1.69439 0.00175499
1.72828 0.00154429
1.76216 0.00133334
1.79605 0.00112248
1.82994 0.000911713
1.86383 0.000701372
1.89772 0.000491466
1.9316 0.000282323
1.96549 7.39541e-05
1.99938 0.00013425
2.03327 0.000340198
2.06716 0.000544738
2.10104 0.000747555
2.13493 0.000948662
2.16882 0.00114776
2.20271 0.00134485
2.23659 0.00153966
2.27048 0.00173218
2.30437 0.00192216
2.33826 0.00210959
2.37215 0.00229422
2.40603 0.00247606
2.43992 0.00265485
2.47381 0.00283062
2.5077 0.00300312
2.54158 0.00317236
2.57547 0.00333813
2.60936 0.00350044
2.64325 0.00365907
2.67714 0.00381404
2.71102 0.00396516
2.74491 0.00411243
2.7788 0.00425568
2.81269 0.00439491
2.84657 0.00452997
2.88046 0.00466085
2.91435 0.00478742
2.94824 0.00490967
2.98213 0.00502748
3.01601 0.00514085
3.0499 0.00524966
3.08379 0.00535391
3.11768 0.00545351
3.15156 0.00554845
3.18545 0.00563865
3.21934 0.0057241
3.25323 0.00580474
3.28712 0.00588058
3.321 0.00595154
3.35489 0.00601763
3.38878 0.0060788
3.42267 0.00613504
3.45655 0.00618632
3.49044 0.00623262
3.52433 0.00627394
3.55822 0.00631028
3.59211 0.00634163
3.62599 0.00636799
3.65988 0.00638938
3.69377 0.00640579
3.72766 0.00641724
3.76154 0.00642374
3.79543 0.00642532
3.82932 0.00642202
3.86321 0.00641384
3.8971 0.00640081
3.93098 0.00638296
3.96487 0.00636034
3.99876 0.00633297
4.03265 0.0063009
4.06653 0.00626418
4.10042 0.00622286
4.13431 0.00617698
4.1682 0.00612662
4.20209 0.0060718
4.23597 0.00601263
4.26986 0.00594913
4.30375 0.00588141
4.33764 0.0058095
4.37152 0.00573351
4.40541 0.00565349
4.4393 0.00556955
4.47319 0.00548173
4.50708 0.00539016
4.54096 0.00529489
4.57485 0.00519605
4.60874 0.00509368
4.64263 0.00498794
4.67651 0.00487886
4.7104 0.00476661
4.74429 0.00465122
4.77818 0.00453287
4.81207 0.00441158
4.84595 0.00428756
4.87984 0.00416081
4.91373 0.00403155
4.94762 0.0038998
4.9815 0.00376576
5.01539 0.00362945
5.04928 0.00349109
5.08317 0.00335071
5.11706 0.00320852
5.15094 0.00306453
5.18483 0.00291899
5.21872 0.0027719
5.25261 0.0026235
5.28649 0.0024738
5.32038 0.00232304
5.35427 0.00217123
5.38816 0.00201861
5.42205 0.00186519
5.45593 0.00171122
5.48982 0.0015567
5.52371 0.00140188
5.5576 0.00124676
5.59149 0.00109159
5.62537 0.000936372
5.65926 0.000781349
5.69315 0.000626533
5.72704 0.000472154
5.76092 0.000318229
5.79481 0.000164981
5.8287 2.47238e-05
5.86259 0.000140586
5.89648 0.0002911
5.93036 0.000440475
5.96425 0.000588497
5.99814 0.000735164
6.03203 0.000880271
6.06591 0.00102381
6.0998 0.0011656
6.13369 0.00130562
6.16758 0.00144369
6.20147 0.00157981
6.23535 0.0017138
6.26924 0.00184566
6.30313 0.00197522
6.33702 0.00210247
6.3709 0.00222726
6.40479 0.00234959
6.43868 0.00246931
6.47257 0.00258642
6.50646 0.00270077
6.54034 0.00281237
6.57423 0.00292109
6.60812 0.00302692
6.64201 0.00312974
6.67589 0.00322956
6.70978 0.00332627
6.74367 0.00341985
6.77756 0.00351023
6.81145 0.00359738
6.84533 0.00368124
6.87922 0.00376178
6.91311 0.00383895
6.947 0.00391273
6.98088 0.00398305
7.01477 0.00404992
7.04866 0.00411328
7.08255 0.00417313
7.11644 0.00422941
7.15032 0.00428213
7.18421 0.00433125
7.2181 0.00437678
7.25199 0.00441868
7.28587 0.00445695
7.31976 0.00449157
7.35365 0.00452256
7.38754 0.00454988
7.42143 0.00457354
7.45531 0.00459354
7.4892 0.00460988
7.52309 0.00462256
7.55698 0.00463161
7.59086 0.00463702
7.62475 0.00463881
7.65864 0.00463701
7.69253 0.00463162
7.72642 0.00462267
7.7603 0.00461019
7.79419 0.0045942
7.82808 0.00457473
7.86197 0.00455181
7.89585 0.00452548
7.92974 0.00449577
7.96363 0.00446273
7.99752 0.00442639
8.03141 0.0043868
8.06529 0.00434399
8.09918 0.00429804
8.13307 0.00424897
8.16696 0.00419685
8.20084 0.00414173
8.23473 0.00408366
8.26862 0.00402271
8.30251 0.00395894
8.3364 0.0038924
8.37028 0.00382317
8.40417 0.00375131
8.43806 0.00367689
8.47195 0.00359997
8.50583 0.00352065
8.53972 0.00343896
8.57361 0.00335503
8.6075 0.00326888
8.64139 0.00318063
8.67527 0.00309033
8.70916 0.0029981
8.74305 0.00290397
8.77694 0.00280808
8.81082 0.00271045
8.84471 0.00261124
8.8786 0.00251046
8.91249 0.00240826
8.94638 0.00230468
8.98026 0.00219986
9.01415 0.00209384
9.04804 0.00198675
9.08193 0.00187863
9.11582 0.00176964
9.1497 0.0016598
9.18359 0.00154927
9.21748 0.00143807
9.25137 0.00132637
9.28525 0.00121419
9.31914 0.00110167
9.35303 0.000988871
9.38692 0.000875922
9.42081 0.000762864
9.45469 0.000649841
9.48858 0.000536892
9.52247 0.000424175
9.55636 0.000311724
9.59024 0.000199666
9.62413 8.80388e-05
9.65802 2.38273e-05
9.69191 0.000134229
9.7258 0.000243894
9.75968 0.000352689
9.79357 0.000460586
9.82746 0.000567454
9.86135 0.000673267
9.89523 0.000777901
9.92912 0.000881329
9.96301 0.000983432
9.9969 0.00108418
10.0308 0.00118348
10.0647 0.00128128
10.0986 0.00137748
10.1324 0.00147207
10.1663 0.00156494
10.2002 0.00165607
10.2341 0.00174536
10.268 0.00183279
10.3019 0.00191829
10.3358 0.00200185
10.3697 0.00208335
10.4036 0.00216278
10.4374 0.00224007
10.4713 0.00231519
10.5052 0.00238808
10.5391 0.00245871
10.573 0.00252704
10.6069 0.00259303
10.6408 0.00265664
10.6747 0.00271784
10.7085 0.00277659
10.7424 0.00283288
10.7763 0.00288667
10.8102 0.00293793
10.8441 0.00298663
10.878 0.00303277
10.9119 0.00307631
10.9458 0.00311725
10.9796 0.00315555
11.0135 0.00319122
11.0474 0.00322423
11.0813 0.00325457
11.1152 0.00328225
11.1491 0.00330724
11.183 0.00332955
11.2169 0.00334916
11.2507 0.00336608
11.2846 0.00338031
11.3185 0.00339185
11.3524 0.00340071
11.3863 0.0034069
11.4202 0.00341042
11.4541 0.00341129
11.488 0.00340951
11.5218 0.00340511
11.5557 0.0033981
11.5896 0.0033885
11.6235 0.00337632
11.6574 0.0033616
11.6913 0.00334436
11.7252 0.00332461
11.7591 0.0033024
11.793 0.00327774
11.8268 0.00325068
11.8607 0.00322123
11.8946 0.00318945
11.9285 0.00315536
11.9624 0.003119
11.9963 0.00308041
12.0302 0.00303964
12.0641 0.00299671
12.0979 0.00295169
12.1318 0.00290461
12.1657 0.00285552
12.1996 0.00280447
12.2335 0.00275151
12.2674 0.00269668
12.3013 0.00264006
12.3352 0.00258167
12.369 0.00252158
12.4029 0.00245984
12.4368 0.00239652
12.4707 0.00233166
12.5046 0.00226534
12.5385 0.00219759
12.5724 0.0021285
12.6063 0.00205811
12.6401 0.00198649
12.674 0.0019137
12.7079 0.00183982
12.7418 0.00176488
12.7757 0.00168898
12.8096 0.00161215
12.8435 0.00153449
12.8774 0.00145604
12.9112 0.00137688
12.9451 0.00129707
12.979 0.00121669
13.0129 0.00113578
13.0468 0.00105443
13.0807 0.000972693
13.1146 0.000890655
13.1485 0.000808359
13.1823 0.000725898
13.2162 0.000643308
13.2501 0.000560684
13.284 0.000478063
13.3179 0.00039554
13.3518 0.000313151
13.3857 0.00023099
13.4196 0.000149092
13.4535 6.75496e-05
13.4873 1.49268e-05
13.5212 9.55844e-05
13.5551 0.000175671
13.589 0.000255157
13.6229 0.000333954
13.6568 0.000412032
13.6907 0.000489309
13.7246 0.000565756
13.7584 0.000641291
13.7923 0.000715888
13.8262 0.00078947
13.8601 0.00086201
13.894 0.000933435
13.9279 0.00100372
13.9618 0.00107279
13.9957 0.00114063
14.0295 0.00120717
14.0634 0.00127239
14.0973 0.00133622
14.1312 0.00139865
14.1651 0.00145961
14.199 0.00151909
14.2329 0.00157704
14.2668 0.00163342
14.3006 0.0016882
14.3345 0.00174136
14.3684 0.00179285
14.4023 0.00184266
14.4362 0.00189074
14.4701 0.00193708
14.504 0.00198164
14.5379 0.00202442
14.5717 0.00206538
14.6056 0.0021045
14.6395 0.00214177
14.6734 0.00217716
14.7073 0.00221066
14.7412 0.00224226
14.7751 0.00227194
14.809 0.00229968
14.8429 0.00232549
14.8767 0.00234935
14.9106 0.00237125
14.9445 0.00239119
14.9784 0.00240916
15.0123 0.00242516
15.0462 0.00243918
15.0801 0.00245123
15.114 0.00246131
15.1478 0.00246945
15.1817 0.00247562
15.2156 0.00247983
15.2495 0.00248208
15.2834 0.00248239
15.3173 0.00248076
15.3512 0.00247721
15.3851 0.00247174
15.4189 0.00246438
15.4528 0.00245514
15.4867 0.00244403
15.5206 0.00243108
15.5545 0.0024163
15.5884 0.00239971
15.6223 0.00238135
15.6562 0.00236122
15.69 0.00233935
15.7239 0.00231577
15.7578 0.00229052
15.7917 0.00226361
15.8256 0.00223507
15.8595 0.00220494
15.8934 0.00217325
15.9273 0.00214002
15.9611 0.0021053
15.995 0.00206912
16.0289 0.00203151
16.0628 0.00199251
16.0967 0.00195217
16.1306 0.0019105
16.1645 0.00186757
16.1984 0.0018234
16.2323 0.00177804
16.2661 0.00173153
16.3 0.00168391
16.3339 0.00163522
16.3678 0.00158552
16.4017 0.00153483
16.4356 0.00148322
16.4695 0.00143071
16.5034 0.00137737
16.5372 0.00132323
16.5711 0.00126835
16.605 0.00121276
16.6389 0.00115652
16.6728 0.00109968
16.7067 0.00104228
16.7406 0.000984368
16.7745 0.000926004
16.8083 0.00086722
16.8422 0.000808081
16.8761 0.00074862
16.91 0.000688902
16.9439 0.00062896
16.9778 0.000568857
17.0117 0.000508628
17.0456 0.000448335
17.0794 0.000388012
17.1133 0.000327722
17.1472 0.000267497
17.1811 0.0002074
17.215 0.000147463
17.2489 8.77478e-05
17.2828 2.82856e-05
17.3167 3.21803e-05
17.3505 9.09534e-05
17.3844 0.000149324
17.4183 0.000207232
17.4522 0.000264652
17.4861 0.000321525
17.52 0.000377825
17.5539 0.000433499
17.5878 0.000488528
17.6216 0.000542858
17.6555 0.000596457
17.6894 0.000649275
17.7233 0.00070129
17.7572 0.000752452
17.7911 0.000802739
17.825 0.000852107
17.8589 0.000900532
17.8928 0.000947974
17.9266 0.000994411
17.9605 0.0010398
17.9944 0.00108413
18.0283 0.00112736
18.0622 0.00116947
18.0961 0.00121042
18.13 0.00125021
18.1639 0.00128879
18.1977 0.00132615
18.2316 0.00136228
18.2655 0.00139714
18.2994 0.00143071
18.3333 0.00146299
18.3672 0.00149395
18.4011 0.00152357
18.435 0.00155184
18.4688 0.00157876
18.5027 0.00160429
18.5366 0.00162843
18.5705 0.00165118
18.6044 0.00167252
18.6383 0.00169244
18.6722 0.00171093
18.7061 0.001728
18.7399 0.00174363
18.7738 0.00175781
18.8077 0.00177055
18.8416 0.00178185
18.8755 0.0017917
18.9094 0.0018001
18.9433 0.00180705
18.9772 0.00181256
19.011 0.00181663
19.0449 0.00181926
19.0788 0.00182047
19.1127 0.00182025
19.1466 0.00181861
19.1805 0.00181557
19.2144 0.00181113
19.2483 0.0018053
19.2822 0.0017981
19.316 0.00178954
19.3499 0.00177963
19.3838 0.00176838
19.4177 0.00175582
19.4516 0.00174196
19.4855 0.00172682
19.5194 0.00171041
19.5533 0.00169275
19.5871 0.00167387
19.621 0.00165379
19.6549 0.00163253
19.6888 0.0016101
19.7227 0.00158654
19.7566 0.00156187
19.7905 0.00153612
19.8244 0.0015093
19.8582 0.00148145
19.8921 0.0014526
19.926 0.00142276
19.9599 0.00139198
19.9938 0.00136027
20.0277 0.00132767
20.0616 0.00129421
20.0955 0.00125992
20.1293 0.00122483
20.1632 0.00118898
20.1971 0.00115239
20.231 0.00111509
20.2649 0.00107713
20.2988 0.00103853
20.3327 0.000999328
20.3666 0.00095956
20.4004 0.000919254
20.4343 0.000878452
20.4682 0.000837182
20.5021 0.000795486
20.536 0.000753392
20.5699 0.000710942
20.6038 0.000668165
20.6377 0.000625104
20.6716 0.000581785
20.7054 0.000538254
20.7393 0.000494537
20.7732 0.000450678
20.8071 0.000406704
20.841 0.00036266
20.8749 0.000318571
20.9088 0.000274481
20.9427 0.000230416
20.9765 0.000186421
21.0104 0.00014252
21.0443 9.87572e-05
21.0782 5.51571e-05
21.1121 1.17617e-05
21.146 3.29645e-05
21.1799 7.58512e-05
21.2138 0.000118427
21.2476 0.000160668
21.2815 0.000202536
21.3154 0.000244008
21.3493 0.000285046
21.3832 0.000325627
21.4171 0.000365717
21.451 0.000405292
21.4849 0.00044432
21.5187 0.000482778
21.5526 0.000520634
21.5865 0.000557869
21.6204 0.000594451
21.6543 0.000630361
21.6882 0.00066557
21.7221 0.00070006
21.756 0.000733803
21.7898 0.000766782
21.8237 0.000798972
21.8576 0.000830356
21.8915 0.000860911
21.9254 0.000890621
21.9593 0.000919466
21.9932 0.000947431
22.0271 0.000974496
22.061 0.00100065
22.0948 0.00102587
22.1287 0.00105015
22.1626 0.00107347
22.1965 0.00109583
22.2304 0.0011172
22.2643 0.00113758
22.2982 0.00115696
22.3321 0.00117533
22.3659 0.00119268
22.3998 0.001209
22.4337 0.00122429
22.4676 0.00123854
22.5015 0.00125174
22.5354 0.00126389
22.5693 0.00127499
22.6032 0.00128503
22.637 0.00129401
22.6709 0.00130194
22.7048 0.0013088
22.7387 0.0013146
22.7726 0.00131934
22.8065 0.00132303
22.8404 0.00132566
22.8743 0.00132724
22.9081 0.00132778
22.942 0.00132727
22.9759 0.00132573
23.0098 0.00132317
23.0437 0.00131958
23.0776 0.00131498
23.1115 0.00130937
23.1454 0.00130278
23.1792 0.0012952
23.2131 0.00128665
23.247 0.00127714
23.2809 0.00126668
23.3148 0.00125529
23.3487 0.00124297
23.3826 0.00122975
23.4165 0.00121565
23.4503 0.00120066
23.4842 0.00118482
23.5181 0.00116814
23.552 0.00115063
23.5859 0.00113231
23.6198 0.00111321
23.6537 0.00109334
23.6876 0.00107272
23.7215 0.00105138
23.7553 0.00102932
23.7892 0.00100658
23.8231 0.000983176
23.857 0.000959126
23.8909 0.000934456
23.9248 0.000909186
23.9587 0.000883342
23.9926 0.000856944
24.0264 0.00083002
24.0603 0.00080259
24.0942 0.000774682
24.1281 0.000746316
24.162 0.000717522
24.1959 0.00068832
24.2298 0.000658739
24.2637 0.000628801
24.2975 0.000598535
24.3314 0.000567962
24.3653 0.000537114
24.3992 0.000506011
24.4331 0.000474683
24.467 0.000443152
24.5009 0.000411449
24.5348 0.000379594
24.5686 0.000347619
24.6025 0.000315545
24.6364 0.000283401
24.6703 0.00025121
24.7042 0.000219001
24.7381 0.000186796
24.772 0.000154624
24.8059 0.000122507
24.8397 9.04725e-05
24.8736 5.85426e-05
24.9075 2.67457e-05
24.9414 6.63944e-06
24.9753 3.80996e-05
