0 0.00990393
0.0338878 0.00989761
0.0677756 0.00988054
0.101663 0.00985263
0.135551 0.00981481
0.169439 0.00976727
0.203327 0.00971015
0.237215 0.00964359
0.271102 0.00956774
0.30499 0.00948275
0.338878 0.00938876
0.372766 0.00928594
0.406653 0.00917442
0.440541 0.00905438
0.474429 0.00892597
0.508317 0.00878936
0.542205 0.00864471
0.576092 0.00849221
0.60998 0.00833203
0.643868 0.00816247
0.677756 0.0079857
0.711644 0.00780185
0.745531 0.00761129
0.779419 0.00741416
0.813307 0.00721086
0.847195 0.00700152
0.881082 0.00678661
0.91497 0.00656627
0.948858 0.00634097
0.982746 0.00611082
1.01663 0.00587632
1.05052 0.00563758
1.08441 0.00539508
1.1183 0.00514893
1.15218 0.00489959
1.18607 0.00464715
1.21996 0.00439209
1.25385 0.00413447
1.28774 0.00387477
1.32162 0.00361305
1.35551 0.00334976
1.3894 0.00308497
1.42329 0.00281914
1.45717 0.00255232
1.49106 0.00228496
1.52495 0.00201713
1.55884 0.00174926
1.59273 0.00148142
1.62661 0.00121405
1.6605 0.000947202
1.69439 0.000681305
1.72828 0.000416424
1.76216 0.000152971
1.79605 0.000108598
1.82994 0.000368595
1.86383 0.000626328
1.89772 0.000881735
1.9316 0.00113447
1.96549 0.00138446
1.99938 0.00163138
2.03327 0.00187517
2.06716 0.0021155
2.10104 0.00235231
2.13493 0.00258531
2.16882 0.0028144
2.20271 0.00303934
2.23659 0.00326001
2.27048 0.00347619
2.30437 0.00368777
2.33826 0.00389454
2.37215 0.00409638
2.40603 0.00429309
2.43992 0.00448455
2.47381 0.00467059
2.5077 0.00485107
2.54158 0.00502584
2.57547 0.00519476
2.60936 0.00535769
2.64325 0.00551451
2.67714 0.00566508
2.71102 0.00580929
2.74491 0.00594703
2.7788 0.0060782
2.81269 0.00620271
2.84657 0.00632046
2.88046 0.00643143
2.91435 0.00653549
2.94824 0.00663263
2.98213 0.00672276
3.01601 0.00680588
3.0499 0.00688194
3.08379 0.00695094
3.11768 0.00701284
3.15156 0.00706766
3.18545 0.0071154
3.21934 0.00715607
3.25323 0.00718968
3.28712 0.00721628
3.321 0.00723587
3.35489 0.00724853
3.38878 0.00725428
3.42267 0.00725317
3.45655 0.00724526
3.49044 0.00723062
3.52433 0.00720932
3.55822 0.00718142
3.59211 0.00714703
3.62599 0.0071062
3.65988 0.00705904
3.69377 0.00700561
3.72766 0.00694605
3.76154 0.00688042
3.79543 0.00680886
3.82932 0.00673144
3.86321 0.00664831
3.8971 0.00655953
3.93098 0.00646529
3.96487 0.00636564
3.99876 0.00626076
4.03265 0.00615073
4.06653 0.00603575
4.10042 0.00591587
4.13431 0.00579132
4.1682 0.00566215
4.20209 0.0055286
4.23597 0.00539075
4.26986 0.00524881
4.30375 0.00510288
4.33764 0.00495321
4.37152 0.00479985
4.40541 0.00464307
4.4393 0.00448295
4.47319 0.00431976
4.50708 0.00415357
4.54096 0.00398467
4.57485 0.00381312
4.60874 0.00363924
4.64263 0.00346307
4.67651 0.00328494
4.7104 0.00310489
4.74429 0.00292326
4.77818 0.00274009
4.81207 0.00255571
4.84595 0.00237017
4.87984 0.0021838
4.91373 0.00199666
4.94762 0.00180905
4.9815 0.00162106
5.01539 0.00143297
5.04928 0.00124487
5.08317 0.00105704
5.11706 0.000869564
5.15094 0.000682723
5.18483 0.000496586
5.21872 0.000311437
5.25261 0.000127343
5.28649 5.50981e-05
5.32038 0.000236359
5.35427 0.000415976
5.38816 0.000593711
5.42205 0.000769502
5.45593 0.000943128
5.48982 0.00111453
5.52371 0.00128349
5.5576 0.00144996
5.59149 0.00161375
5.62537 0.00177478
5.65926 0.0019329
5.69315 0.00208802
5.72704 0.00224
5.76092 0.00238876
5.79481 0.00253417
5.8287 0.00267615
5.86259 0.0028146
5.89648 0.00294943
5.93036 0.0030805
5.96425 0.00320775
5.99814 0.00333106
6.03203 0.00345036
6.06591 0.00356554
6.0998 0.00367654
6.13369 0.00378325
6.16758 0.00388561
6.20147 0.00398353
6.23535 0.00407695
6.26924 0.0041658
6.30313 0.00425002
6.33702 0.00432955
6.3709 0.00440435
6.40479 0.00447437
6.43868 0.00453957
6.47257 0.00459993
6.50646 0.00465541
6.54034 0.004706
6.57423 0.00475167
6.60812 0.00479243
6.64201 0.00482827
6.67589 0.00485919
6.70978 0.00488519
6.74367 0.00490632
6.77756 0.00492257
6.81145 0.00493397
6.84533 0.00494052
6.87922 0.00494228
6.91311 0.00493928
6.947 0.00493156
6.98088 0.00491917
7.01477 0.00490215
7.04866 0.00488057
7.08255 0.0048545
7.11644 0.004824
7.15032 0.00478911
7.18421 0.00474991
7.2181 0.00470647
7.25199 0.00465888
7.28587 0.00460719
7.31976 0.00455151
7.35365 0.00449189
7.38754 0.00442845
7.42143 0.00436123
7.45531 0.00429038
7.4892 0.00421593
7.52309 0.00413802
7.55698 0.00405672
7.59086 0.00397215
7.62475 0.00388438
7.65864 0.00379355
7.69253 0.00369973
7.72642 0.00360306
7.7603 0.00350362
7.79419 0.00340155
7.82808 0.00329693
7.86197 0.00318991
7.89585 0.00308057
7.92974 0.00296907
7.96363 0.00285549
7.99752 0.00274
8.03141 0.00262266
8.06529 0.00250365
8.09918 0.00238306
8.13307 0.00226105
8.16696 0.00213771
8.20084 0.00201321
8.23473 0.00188762
8.26862 0.00176114
8.30251 0.00163387
8.3364 0.00150593
8.37028 0.00137746
8.40417 0.00124862
8.43806 0.00111946
8.47195 0.000990191
8.50583 0.000860871
8.53972 0.000731684
8.57361 0.000602703
8.6075 0.000474113
8.64139 0.000345993
8.67527 0.000218498
8.70916 9.16993e-05
8.74305 3.37979e-05
8.77694 0.000158765
8.81082 0.00028265
8.84471 0.000405304
8.8786 0.000526659
8.91249 0.000646579
8.94638 0.000764998
8.98026 0.000881789
9.01415 0.000996886
9.04804 0.00111017
9.08193 0.00122161
9.11582 0.00133103
9.1497 0.00143844
9.18359 0.00154369
9.21748 0.00164674
9.25137 0.00174749
9.28525 0.00184588
9.31914 0.00194182
9.35303 0.00203526
9.38692 0.00212612
9.42081 0.00221434
9.45469 0.00229985
9.48858 0.00238259
9.52247 0.00246249
9.55636 0.00253951
9.59024 0.00261358
9.62413 0.00268465
9.65802 0.00275267
9.69191 0.0028176
9.7258 0.00287938
9.75968 0.00293798
9.79357 0.00299336
9.82746 0.00304549
9.86135 0.00309435
9.89523 0.00313989
9.92912 0.00318211
9.96301 0.00322098
9.9969 0.00325649
10.0308 0.00328863
10.0647 0.00331739
10.0986 0.00334277
10.1324 0.0033648
10.1663 0.00338342
10.2002 0.0033987
10.2341 0.00341062
10.268 0.00341919
10.3019 0.00342442
10.3358 0.00342635
10.3697 0.00342499
10.4036 0.00342037
10.4374 0.00341253
10.4713 0.00340149
10.5052 0.00338729
10.5391 0.00336997
10.573 0.00334958
10.6069 0.00332614
10.6408 0.00329976
10.6747 0.0032704
10.7085 0.00323819
10.7424 0.00320315
10.7763 0.00316533
10.8102 0.00312478
10.8441 0.00308157
10.878 0.00303575
10.9119 0.0029874
10.9458 0.00293655
10.9796 0.00288331
11.0135 0.0028277
11.0474 0.00276983
11.0813 0.00270974
11.1152 0.00264753
11.1491 0.00258323
11.183 0.00251696
11.2169 0.00244877
11.2507 0.00237876
11.2846 0.00230697
11.3185 0.00223352
11.3524 0.00215846
11.3863 0.0020819
11.4202 0.0020039
11.4541 0.00192457
11.488 0.00184396
11.5218 0.00176219
11.5557 0.00167932
11.5896 0.00159546
11.6235 0.00151067
11.6574 0.00142507
11.6913 0.00133872
11.7252 0.00125173
11.7591 0.00116417
11.793 0.00107615
11.8268 0.000987736
11.8607 0.000899041
11.8946 0.000810125
11.9285 0.000721105
11.9624 0.00063204
11.9963 0.000543043
12.0302 0.000454175
12.0641 0.000365545
12.0979 0.000277214
12.1318 0.000189288
12.1657 0.000101826
12.1996 1.49322e-05
12.2335 7.0889e-05
12.2674 0.000156428
12.3013 0.000241148
12.3352 0.000324994
12.369 0.000407878
12.4029 0.000489746
12.4368 0.000570515
12.4707 0.000650133
12.5046 0.000728521
12.5385 0.000805631
12.5724 0.000881389
12.6063 0.000955746
12.6401 0.00102864
12.674 0.00110001
12.7079 0.00116981
12.7418 0.00123799
12.7757 0.00130449
12.8096 0.00136926
12.8435 0.00143226
12.8774 0.00149345
12.9112 0.00155277
12.9451 0.00161018
12.979 0.00166564
13.0129 0.00171912
13.0468 0.00177056
13.0807 0.00181995
13.1146 0.00186724
13.1485 0.0019124
13.1823 0.0019554
13.2162 0.00199621
13.2501 0.00203481
13.284 0.00207118
13.3179 0.0021053
13.3518 0.00213715
13.3857 0.00216671
13.4196 0.00219397
13.4535 0.00221892
13.4873 0.00224156
13.5212 0.00226188
13.5551 0.0022799
13.589 0.00229557
13.6229 0.00230893
13.6568 0.00231999
13.6907 0.00232873
13.7246 0.00233517
13.7584 0.00233931
13.7923 0.00234117
13.8262 0.00234077
13.8601 0.00233813
13.894 0.00233326
13.9279 0.00232619
13.9618 0.00231694
13.9957 0.00230554
14.0295 0.00229202
14.0634 0.00227639
14.0973 0.00225871
14.1312 0.00223899
14.1651 0.0022173
14.199 0.00219363
14.2329 0.00216807
14.2668 0.00214062
14.3006 0.00211134
14.3345 0.00208024
14.3684 0.0020474
14.4023 0.00201283
14.4362 0.0019766
14.4701 0.00193874
14.504 0.00189931
14.5379 0.00185834
14.5717 0.0018159
14.6056 0.00177203
14.6395 0.00172679
14.6734 0.00168022
14.7073 0.00163238
14.7412 0.00158332
14.7751 0.00153311
14.809 0.00148179
14.8429 0.00142942
14.8767 0.00137606
14.9106 0.00132177
14.9445 0.0012666
14.9784 0.00121063
15.0123 0.00115389
15.0462 0.00109646
15.0801 0.00103839
15.114 0.000979752
15.1478 0.000920592
15.1817 0.000860985
15.2156 0.000800977
15.2495 0.000740644
15.2834 0.000680033
15.3173 0.000619217
15.3512 0.000558243
15.3851 0.000497185
15.4189 0.00043609
15.4528 0.000375029
15.4867 0.000314049
15.5206 0.00025322
15.5545 0.000192588
15.5884 0.000132222
15.6223 7.21659e-05
15.6562 1.2487e-05
15.69 4.63407e-05
15.7239 0.000105097
15.7578 0.000163307
15.7917 0.00022093
15.8256 0.000277906
15.8595 0.000334196
15.8934 0.000389744
15.9273 0.000444511
15.9611 0.000498446
15.995 0.000551509
16.0289 0.000603654
16.0628 0.000654843
16.0967 0.000705032
16.1306 0.000754185
16.1645 0.00080226
16.1984 0.000849225
16.2323 0.000895041
16.2661 0.000939676
16.3 0.000983094
16.3339 0.00102526
16.3678 0.00106616
16.4017 0.00110574
16.4356 0.00114398
16.4695 0.00118086
16.5034 0.00121635
16.5372 0.00125043
16.5711 0.00128307
16.605 0.00131424
16.6389 0.00134394
16.6728 0.00137213
16.7067 0.00139881
16.7406 0.00142396
16.7745 0.00144757
16.8083 0.00146962
16.8422 0.00149014
16.8761 0.00150905
16.91 0.00152641
16.9439 0.00154218
16.9778 0.00155636
17.0117 0.00156894
17.0456 0.00157993
17.0794 0.00158932
17.1133 0.00159712
17.1472 0.00160333
17.1811 0.00160796
17.215 0.00161102
17.2489 0.00161251
17.2828 0.00161245
17.3167 0.00161084
17.3505 0.00160771
17.3844 0.00160306
17.4183 0.00159691
17.4522 0.00158928
17.4861 0.00158019
17.52 0.00156966
17.5539 0.00155771
17.5878 0.00154435
17.6216 0.00152963
17.6555 0.00151354
17.6894 0.00149614
17.7233 0.00147743
17.7572 0.00145749
17.7911 0.00143628
17.825 0.00141388
17.8589 0.00139027
17.8928 0.00136554
17.9266 0.0013397
17.9605 0.00131277
17.9944 0.00128478
18.0283 0.00125577
18.0622 0.00122578
18.0961 0.00119485
18.13 0.00116299
18.1639 0.00113027
18.1977 0.0010967
18.2316 0.00106234
18.2655 0.00102721
18.2994 0.000991357
18.3333 0.000954821
18.3672 0.000917645
18.4011 0.000879861
18.435 0.000841518
18.4688 0.00080265
18.5027 0.000763303
18.5366 0.000723513
18.5705 0.000683328
18.6044 0.000642783
18.6383 0.000601925
18.6722 0.000560789
18.7061 0.000519425
18.7399 0.000477866
18.7738 0.000436162
18.8077 0.000394346
18.8416 0.000352466
18.8755 0.000310556
18.9094 0.000268664
18.9433 0.000226823
18.9772 0.000185079
19.011 0.000143467
19.0449 0.00010203
19.0788 6.08016e-05
19.1127 1.98254e-05
19.1466 2.04791e-05
19.1805 6.08377e-05
19.2144 0.00010083
19.2483 0.000140424
19.2822 0.000179583
19.316 0.000218276
19.3499 0.000256467
19.3838 0.000294126
19.4177 0.000331223
19.4516 0.000367734
19.4855 0.000403618
19.5194 0.000438851
19.5533 0.0004734
19.5871 0.000507241
19.621 0.000540346
19.6549 0.00057269
19.6888 0.000604248
19.7227 0.000634996
19.7566 0.000664911
19.7905 0.000693972
19.8244 0.000722155
19.8582 0.000749441
19.8921 0.000775811
19.926 0.000801245
19.9599 0.000825726
19.9938 0.000849237
20.0277 0.000871762
20.0616 0.000893286
20.0955 0.000913796
20.1293 0.000933279
20.1632 0.000951724
20.1971 0.000969152
20.231 0.00098549
20.2649 0.00100079
20.2988 0.00101502
20.3327 0.00102817
20.3666 0.00104023
20.4004 0.0010512
20.4343 0.00106108
20.4682 0.00106986
20.5021 0.00107755
20.536 0.00108415
20.5699 0.00108966
20.6038 0.00109407
20.6377 0.00109741
20.6716 0.00109966
20.7054 0.00110084
20.7393 0.00110095
20.7732 0.00110001
20.8071 0.00109801
20.841 0.00109498
20.8749 0.00109091
20.9088 0.00108583
20.9427 0.00107974
20.9765 0.00107267
21.0104 0.00106461
21.0443 0.0010556
21.0782 0.00104563
21.1121 0.00103474
21.146 0.00102294
21.1799 0.00101024
21.2138 0.00099667
21.2476 0.000982242
21.2815 0.000966978
21.3154 0.000950898
21.3493 0.000934026
21.3832 0.00091638
21.4171 0.000898022
21.451 0.00087891
21.4849 0.000859125
21.5187 0.00083863
21.5526 0.000817514
21.5865 0.00079577
21.6204 0.000773424
21.6543 0.000750499
21.6882 0.000727025
21.7221 0.000703024
21.756 0.000678527
21.7898 0.000653557
21.8237 0.000628145
21.8576 0.000602316
21.8915 0.000576099
21.9254 0.000549521
21.9593 0.000522612
21.9932 0.000495397
22.0271 0.000467909
22.061 0.000440171
22.0948 0.000412216
22.1287 0.000384069
22.1626 0.000355762
22.1965 0.000327319
22.2304 0.000298773
22.2643 0.000270149
22.2982 0.000241477
22.3321 0.000212782
22.3659 0.000184096
22.3998 0.000155443
22.4337 0.000126853
22.4676 9.83496e-05
22.5015 6.99634e-05
22.5354 4.17177e-05
22.5693 1.3641e-05
22.6032 1.38707e-05
22.637 4.15251e-05
22.6709 6.89327e-05
22.7048 9.60715e-05
22.7387 0.000122916
22.7726 0.000149444
22.8065 0.000175631
22.8404 0.000201458
22.8743 0.0002269
22.9081 0.000251937
22.942 0.000276549
22.9759 0.00030072
23.0098 0.000324426
23.0437 0.000347648
23.0776 0.000370367
23.1115 0.000392567
23.1454 0.000414229
23.1792 0.000435338
23.2131 0.000455877
23.247 0.000475831
23.2809 0.000495184
23.3148 0.000513965
23.3487 0.000532077
23.3826 0.000549583
23.4165 0.000566403
23.4503 0.000582591
23.4842 0.00059811
23.5181 0.000612942
23.552 0.000627076
23.5859 0.000640506
23.6198 0.000653224
23.6537 0.000665222
23.6876 0.000676495
23.7215 0.000687035
23.7553 0.00069684
23.7892 0.000705904
23.8231 0.000714225
23.857 0.000721799
23.8909 0.000728626
23.9248 0.000734703
23.9587 0.000740031
23.9926 0.00074461
24.0264 0.000748442
24.0603 0.000751527
24.0942 0.00075387
24.1281 0.000755472
24.162 0.000756339
24.1959 0.000756475
24.2298 0.000755885
24.2637 0.000754575
24.2975 0.000752552
24.3314 0.000749824
24.3653 0.000746397
24.3992 0.000742282
24.4331 0.000737486
24.467 0.00073202
24.5009 0.000725894
24.5348 0.000719119
24.5686 0.000711705
24.6025 0.000703665
24.6364 0.000695012
24.6703 0.000685757
24.7042 0.000675915
24.7381 0.000665498
24.772 0.000654522
24.8059 0.000643001
24.8397 0.000630949
24.8736 0.000618383
24.9075 0.000605317
24.9414 0.000591769
24.9753 0.000577754
