t sb -1 xb vb dt perf.t perf.speed
0 0 -1 0.5 0 0.000572433 0 0 
0.000572433 0 -1 0.5 -9.15161e-05 0.000572433 0.003773 67850.5 1 15.68 42.8336 0.366068 4 
0.0138442 -2.80119e-05 -1 0.499997 0.00754937 0.0132718 0.006161 83103.4 18 30.7408 0.555579 1.24977 6 13 35.3665 1.80621 1.2571 6 1 0.0378034 3.20004e-05 1181.34 4 
0.0387289 -5.23192e-05 -1 0.500177 0.0209983 0.0248846 0.009791 78439.4 6 5.7723 0.152677 1.83202 7 13 25.3619 0.516451 1.34924 7 2 0.144074 2.94689e-05 69.9216 3 
0.0739821 -3.41392e-05 -1 0.500887 0.0389657 0.0352532 0.011948 85704.7 7 6.04191 0.0659499 1.90669 7 3 8.21894 0.280331 3.08353 7 3 0.357909 6.79834e-05 17.3963 2 
0.118998 -1.98485e-05 -1 0.50257 0.0608304 0.0450157 0.013897 92106.2 3 16.9998 0.0340162 7.93572 6 3 6.47668 0.09557 4.07703 6 4 0.788279 4.47928e-05 11.5178 2 
0.17235 -8.00738e-06 -1 0.505727 0.0852821 0.0533519 0.074315 20668.8 8 38.9079 0.0332406 2.4185 6 100 14.4108 0.188743 1.04431 100 4 1.56826 9.91287e-05 11.2151 2 
0.231259 6.70921e-06 -1 0.510724 0.110426 0.0589094 0.166331 10773.7 12 54.2419 0.0277553 1.88039 5 100 22.0543 0.307771 1.04364 100 5 2.81498 6.43181e-05 8.47673 2 
0.292787 2.13895e-05 -1 0.517587 0.134675 0.0615276 0.228319 8969.91 14 74.9712 0.0254032 1.76953 5 100 35.2374 0.387319 1.04614 100 7 4.53664 9.41983e-05 4.66612 2 
0.355745 3.67836e-05 -1 0.526236 0.157228 0.0629585 0.304957 7555.16 15 139.458 0.0232847 1.78577 5 100 76.4276 0.468536 1.05226 100 20 6.9825 6.64217e-05 1.78273 2 
0.418704 5.24365e-05 -1 0.536381 0.177498 0.0629585 0.390778 6551.03 14 87.9199 0.0203372 1.81844 6 100 42.7559 0.607414 1.04346 100 13 7.40089 4.46095e-05 2.52074 3 
0.481662 6.56133e-05 -1 0.547798 0.195281 0.0629585 0.459476 6128.72 16 94.0475 0.020555 1.69347 5 100 35.2452 1.54459 1.03177 100 9 5.95269 7.01703e-05 3.52872 3 
0.541622 7.74713e-05 -1 0.559147 0.209409 0.0599604 0.551254 5572.75 17 102.715 0.0248883 1.63187 5 100 50.0485 3.41578 1.02721 100 7 3.38116 3.01919e-05 5.26394 3 
0.591793 8.81377e-05 -1 0.569357 0.219974 0.050171 0.605955 5492.16 16 143.344 0.0373299 1.67502 4 100 93.3658 5.15027 1.0294 100 8 4.09021 4.08215e-05 4.21801 2 
0.641964 0.000101341 -1 0.580466 0.228028 0.050171 0.675038 5309.33 17 151.083 0.0356439 1.63443 4 100 77.8502 1.76822 1.03857 100 9 6.09748 4.65251e-05 3.70345 2 
0.693226 0.00011539 -1 0.592422 0.234001 0.0512616 0.680725 5641.04 19 178.677 0.0331793 1.57173 4 2 114.74 0.135385 29.112 99 9 2.73334 7.71411e-05 3.2025 2 
0.744488 0.000125834 -1 0.604099 0.237616 0.0512616 0.764927 5354.76 21 135.091 0.0333557 1.4852 4 100 76.5732 0.416124 1.05353 100 10 5.9794 9.64912e-05 3.01451 2 
0.795749 0.00013422 -1 0.616098 0.239889 0.0512616 0.872311 4989.05 19 66.3143 0.0325966 1.49323 4 100 62.0115 2.75231 1.03164 100 8 4.52218 3.6289e-05 4.33458 2 
0.848231 0.000143762 -1 0.628737 0.241526 0.0524822 0.995733 4627.75 15 85.366 0.0339708 1.68531 5 100 46.5942 3.01089 1.02777 100 14 3.70705 4.93806e-05 2.22971 2 
0.900714 0.000155795 -1 0.641111 0.241427 0.0524822 1.16335 4181.05 16 195.791 0.0312386 1.72711 4 100 117.976 3.2984 1.03642 100 13 2.86805 9.51468e-05 2.21082 2 
0.954541 0.000167698 -1 0.653547 0.239383 0.0538279 1.23642 4140.98 17 172.719 0.0300582 1.66395 4 100 91.4224 3.66636 1.03269 100 10 4.04921 5.39225e-05 3.07298 2 
1.00837 0.0001814 -1 0.666488 0.236697 0.0538279 1.32383 4060.93 18 242.549 0.0280829 1.65458 4 100 136.772 3.09857 1.0386 100 9 5.09312 6.1822e-05 3.51726 3 
1.06369 0.000194617 -1 0.679354 0.233783 0.0553231 1.40461 4009.66 16 61.118 0.0265642 1.62225 4 100 56.4607 4.26925 1.02616 100 9 5.73197 4.87086e-05 3.65941 3 
1.11902 0.000205851 -1 0.692037 0.230286 0.0553231 1.47397 3994.66 16 125.384 0.0286231 1.68887 5 100 95.6761 4.66166 1.03068 100 7 9.45734 8.50138e-05 5.25893 3 
1.17434 0.000217552 -1 0.704428 0.227145 0.0553231 1.56465 3926.76 16 214.581 0.0314946 1.73614 4 100 142.941 9.26583 1.02774 100 7 9.81694 1.79571e-05 6.60202 3 
1.23139 0.00022649 -1 0.716948 0.223338 0.0570519 1.6903 3786.31 17 177.027 0.0298331 1.6671 4 100 128.691 7.15953 1.02931 100 11 3.83803 4.57655e-05 2.80283 2 
1.28844 0.000237763 -1 0.729588 0.219707 0.0570519 1.75873 3784.54 20 309.957 0.0293396 1.58925 4 100 171.9 4.85614 1.03631 100 11 5.52426 7.28339e-05 2.77735 2 
1.34193 0.000244322 -1 0.740897 0.216411 0.0534862 1.85102 3734.15 23 140.606 0.0349418 1.43458 3 100 109.073 7.23073 1.02751 100 11 6.38095 8.16804e-05 2.78482 2 
1.3972 0.000251685 -1 0.752567 0.213997 0.055269 1.92675 3720.25 21 74.8445 0.0325569 1.44568 3 100 114.263 3.10556 1.03671 100 5 2.56684 5.63445e-05 8.54495 2 
1.45247 0.000258995 -1 0.764187 0.211967 0.055269 2.00621 3700.51 22 173.046 0.0322316 1.47754 3 100 88.5185 2.88415 1.03483 100 5 1.12643 1.6539e-05 9.26061 2 
1.50978 0.000266486 -1 0.775965 0.209969 0.0573161 2.09359 3668.33 22 175.581 0.0292494 1.48506 3 100 113.257 7.08128 1.02811 100 9 4.07557 3.40631e-05 3.66616 2 
1.5671 0.000271735 -1 0.787863 0.207539 0.0573161 2.09806 3782.54 24 200.97 0.0262453 1.45157 3 2 80.6124 0.081044 31.5385 99 20 2.64318 7.76192e-05 1.68503 2 
1.6268 0.000276814 -1 0.800345 0.205764 0.0597042 2.10402 3893.5 21 88.169 0.0266457 1.47097 3 2 45.7031 0.0195774 48.3164 98 10 3.06187 4.68628e-05 3.03051 3 
1.68651 0.000283456 -1 0.812449 0.204494 0.0597042 2.20638 3828.89 22 72.6291 0.0258953 1.43457 3 100 61.6758 4.04827 1.02761 100 6 0.668785 3.7353e-05 5.11478 3 
1.74621 0.000288442 -1 0.824052 0.203536 0.0597042 2.2923 3797.05 22 96.4018 0.0251299 1.45514 3 100 58.3758 4.52884 1.02589 100 9 1.7241 6.96792e-05 3.07724 2 
1.8089 0.000293213 -1 0.836628 0.201935 0.0626894 2.37296 3775.87 22 118.407 0.0205259 1.48237 3 100 61.5243 0.575918 1.04782 100 8 3.1307 7.02966e-05 3.81143 2 
1.87159 0.000297493 -1 0.849123 0.200674 0.0626894 2.44312 3772.22 21 71.0147 0.0228973 1.46644 3 100 44.0756 0.747944 1.04161 100 7 2.87206 1.99899e-05 5.45468 2 
1.93428 0.000302391 -1 0.861471 0.199455 0.0626894 2.52658 3748.94 22 39.3399 0.0228751 1.40303 3 100 53.0622 4.45596 1.02508 100 6 0.628842 3.89945e-05 5.02639 2 
1.99697 0.000306768 -1 0.873713 0.199081 0.0626894 2.59918 3742.71 21 62.1316 0.0234943 1.45536 3 100 34.6602 2.40991 1.02702 100 6 1.13656 2.59597e-05 5.93675 2 
2.05966 0.000311271 -1 0.886074 0.198928 0.0626894 2.6938 3706.29 20 101.104 0.0240105 1.51781 3 100 44.2606 1.15022 1.03718 100 7 2.28794 2.38578e-05 5.14858 2 
2.12235 0.000315889 -1 0.898536 0.198379 0.0626894 2.7758 3689.03 14 40.7098 0.0205213 1.72003 3 100 34.1002 0.664473 1.04017 100 8 0.889866 9.16026e-05 3.15085 2 
2.18986 0.000325541 -1 0.91172 0.196664 0.0675117 2.85247 3679.62 20 46.3334 0.0209155 1.46984 3 100 37.6419 3.5787 1.02381 100 11 1.69759 5.14088e-05 2.57513 3 
2.25737 0.000330315 -1 0.92483 0.195601 0.0675117 2.91877 3683.74 20 42.9747 0.0187701 1.47227 3 100 23.6492 3.44883 1.01944 100 20 1.21036 7.55204e-05 1.62272 2 
2.32488 0.000334479 -1 0.93791 0.194277 0.0675117 2.99864 3670.99 29 69.4451 0.0188875 1.32723 2 100 34.0758 1.32464 1.03301 100 11 1.90686 4.97258e-05 2.61038 2 
2.39239 0.000338702 -1 0.951249 0.194694 0.0675117 3.07568 3662.28 27 105.575 0.0184357 1.37779 2 100 27.2656 1.82752 1.0274 100 7 3.42259 4.94917e-05 4.91364 2 
2.45991 0.000343412 -1 0.964603 0.193673 0.0675117 3.2121 3586.44 28 63.8232 0.0178183 1.33947 2 100 42.5439 1.49568 1.03405 100 6 1.98771 2.01718e-05 6.79623 2 
2.52742 0.000348159 -1 0.977654 0.192354 0.0675117 3.33484 3531.2 30 36.7387 0.0213595 1.28189 2 100 55.3769 4.70286 1.02497 100 6 1.03882 5.60203e-05 5.14477 2 
2.59493 0.000352874 -1 0.990648 0.19143 0.0675117 3.43834 3499.37 31 53.134 0.0192321 1.29125 2 100 27.2382 1.57141 1.02894 100 6 1.09619 2.94215e-05 5.77924 2 
2.66244 0.000357085 -1 1.00339 0.190985 0.0675117 3.57467 3437.52 30 92.3076 0.0191079 1.32679 2 100 56.3221 1.08315 1.0403 100 7 2.47839 2.4527e-05 5.18719 2 
2.72995 0.000361261 -1 1.01659 0.190771 0.0675117 3.6639 3423.68 31 104.184 0.0171194 1.32457 3 100 24.557 2.18407 1.02449 100 11 5.29472 4.40136e-05 2.89629 2 
2.79746 0.000365054 -1 1.02976 0.190779 0.0675117 3.76342 3401.16 21 66.2809 0.0176114 1.48002 3 100 42.8466 1.01984 1.03809 100 11 2.6789 9.57119e-05 2.53672 3 
2.86498 0.000370294 -1 1.04245 0.19047 0.0675117 3.87499 3369.3 17 67.8713 0.0213985 1.60679 4 100 47.1926 2.13548 1.03144 100 7 0.86215 2.41879e-05 4.46975 3 
2.93249 0.000375278 -1 1.055 0.190931 0.0675117 3.94271 3376.35 17 81.0147 0.0210363 1.62524 4 100 32.3487 2.62487 1.02543 100 8 1.25708 5.58404e-05 3.49987 2 
3 0.000379945 -1 1.06788 0.191123 0.0675117 4.02566 3370.38 22 94.102 0.0192295 1.47133 3 100 65.6031 0.332939 1.05425 100 8 2.99467 7.95938e-05 3.73193 2 

# Multigrid, 53 steps, 2.59799 CPU, 4.11 real, 3.3e+03 points.step/s, 24 var
