0.911638 0
0.91321 0.0625

0.912722 0.0625
0.918413 0.125

0.919326 0.125
0.928287 0.1875

0.936949 0.1875
0.930032 0.25

0.894123 0.25
0.925099 0.3125

0.929694 0.3125
0.9375 0.317167

0.9375 0.303649
0.94897 0.3125

0.9581 0.3125
1 0.325228

1 0.318823
1.0625 0.31348

1.125 0.291759
1.0754 0.3125

1.0625 0.319686
1.0799 0.3125

1.1875 0.240847
1.17859 0.25

1.125 0.288962
1.17164 0.25

1.25 0.140614
1.22557 0.1875

1.1875 0.232713
1.22439 0.1875

1.27905 0
1.27356 0.0625

1.27403 0.0625
1.25664 0.125

1.25 0.137838
1.25662 0.125

