0 0.00788581
0.0338878 0.00787907
0.0677756 0.0078633
0.101663 0.00784036
0.135551 0.00781046
0.169439 0.00777377
0.203327 0.00773041
0.237215 0.00768054
0.271102 0.00762428
0.30499 0.00756178
0.338878 0.00749313
0.372766 0.00741849
0.406653 0.00733795
0.440541 0.00725165
0.474429 0.00715969
0.508317 0.00706223
0.542205 0.00695934
0.576092 0.00685119
0.60998 0.00673787
0.643868 0.00661955
0.677756 0.0064963
0.711644 0.00636831
0.745531 0.00623564
0.779419 0.00609851
0.813307 0.00595695
0.847195 0.00581121
0.881082 0.00566131
0.91497 0.0055075
0.948858 0.00534981
0.982746 0.0051885
1.01663 0.00502359
1.05052 0.00485535
1.08441 0.0046838
1.1183 0.00450922
1.15218 0.00433162
1.18607 0.00415129
1.21996 0.00396824
1.25385 0.00378277
1.28774 0.00359489
1.32162 0.00340489
1.35551 0.00321279
1.3894 0.00301888
1.42329 0.00282317
1.45717 0.00262598
1.49106 0.00242731
1.52495 0.00222746
1.55884 0.00202645
1.59273 0.00182458
1.62661 0.00162186
1.6605 0.0014186
1.69439 0.0012148
1.72828 0.00101079
1.76216 0.000806493
1.79605 0.00060222
1.82994 0.000397956
1.86383 0.000193995
1.89772 5.04689e-05
1.9316 0.000253013
1.96549 0.000454486
1.99938 0.00065489
2.03327 0.000853935
2.06716 0.00105162
2.10104 0.00124765
2.13493 0.00144202
2.16882 0.00163446
2.20271 0.00182495
2.23659 0.00201323
2.27048 0.0021993
2.30437 0.0023829
2.33826 0.00256402
2.37215 0.00274242
2.40603 0.00291809
2.43992 0.00309081
2.47381 0.00326056
2.5077 0.00342712
2.54158 0.00359049
2.57547 0.00375047
2.60936 0.00390703
2.64325 0.00406001
2.67714 0.00420936
2.71102 0.00435494
2.74491 0.00449671
2.7788 0.00463453
2.81269 0.00476837
2.84657 0.0048981
2.88046 0.00502369
2.91435 0.00514501
2.94824 0.00526205
2.98213 0.00537469
3.01601 0.0054829
3.0499 0.00558661
3.08379 0.00568576
3.11768 0.0057803
3.15156 0.00587019
3.18545 0.00595537
3.21934 0.0060358
3.25323 0.00611144
3.28712 0.00618226
3.321 0.00624823
3.35489 0.00630931
3.38878 0.00636548
3.42267 0.00641672
3.45655 0.006463
3.49044 0.00650431
3.52433 0.00654065
3.55822 0.006572
3.59211 0.00659835
3.62599 0.00661972
3.65988 0.00663609
3.69377 0.00664748
3.72766 0.0066539
3.76154 0.00665536
3.79543 0.00665187
3.82932 0.00664346
3.86321 0.00663095
3.8971 0.00661381
3.93098 0.00659182
3.96487 0.00656503
3.99876 0.00653345
4.03265 0.00649713
4.06653 0.0064561
4.10042 0.00641043
4.13431 0.00636013
4.1682 0.00630528
4.20209 0.00624592
4.23597 0.00618212
4.26986 0.00611391
4.30375 0.00604139
4.33764 0.00596459
4.37152 0.00588361
4.40541 0.00579849
4.4393 0.00570934
4.47319 0.00561619
4.50708 0.00551918
4.54096 0.00541832
4.57485 0.00531376
4.60874 0.00520554
4.64263 0.00509379
4.67651 0.00497855
4.7104 0.00485998
4.74429 0.0047381
4.77818 0.0046131
4.81207 0.00448498
4.84595 0.00435394
4.87984 0.00422
4.91373 0.00408335
4.94762 0.003944
4.9815 0.00380218
5.01539 0.00365788
5.04928 0.00351132
5.08317 0.00336252
5.11706 0.0032117
5.15094 0.00305886
5.18483 0.00290425
5.21872 0.00274787
5.25261 0.00258995
5.28649 0.0024305
5.32038 0.00226976
5.35427 0.00210775
5.38816 0.0019447
5.42205 0.00178062
5.45593 0.00161576
5.48982 0.00145012
5.52371 0.00128396
5.5576 0.00111727
5.59149 0.000950324
5.62537 0.000783101
5.65926 0.000615859
5.69315 0.00044855
5.72704 0.000281409
5.76092 0.00011443
5.79481 7.54017e-05
5.8287 0.000240394
5.86259 0.000404624
5.89648 0.000567846
5.93036 0.000730078
5.96425 0.000891069
5.99814 0.00105081
6.03203 0.00120907
6.06591 0.00136585
6.0998 0.00152091
6.13369 0.00167425
6.16758 0.00182583
6.20147 0.00197681
6.23535 0.00212566
6.26924 0.00227235
6.30313 0.0024167
6.33702 0.00255868
6.3709 0.00269811
6.40479 0.00283502
6.43868 0.00296924
6.47257 0.00310071
6.50646 0.00322926
6.54034 0.00335488
6.57423 0.00347741
6.60812 0.00359685
6.64201 0.00371305
6.67589 0.00382599
6.70978 0.00393555
6.74367 0.00404171
6.77756 0.00414437
6.81145 0.00424349
6.84533 0.00433899
6.87922 0.00443083
6.91311 0.00451895
6.947 0.00460331
6.98088 0.00468385
7.01477 0.00476054
7.04866 0.00483332
7.08255 0.00490218
7.11644 0.00496707
7.15032 0.00502796
7.18421 0.00508482
7.2181 0.00513764
7.25199 0.00518638
7.28587 0.00523104
7.31976 0.00527159
7.35365 0.00530802
7.38754 0.00534032
7.42143 0.00536848
7.45531 0.00539251
7.4892 0.00541239
7.52309 0.00542813
7.55698 0.00543974
7.59086 0.00544722
7.62475 0.00545059
7.65864 0.00544986
7.69253 0.00544505
7.72642 0.00543617
7.7603 0.00542326
7.79419 0.00540633
7.82808 0.00538541
7.86197 0.00536053
7.89585 0.00533173
7.92974 0.00529904
7.96363 0.00526251
7.99752 0.00522216
8.03141 0.00517806
8.06529 0.00513023
8.09918 0.00507874
8.13307 0.00502362
8.16696 0.00496494
8.20084 0.00490274
8.23473 0.00483711
8.26862 0.00476807
8.30251 0.00469571
8.3364 0.00462007
8.37028 0.00454125
8.40417 0.00445929
8.43806 0.00437428
8.47195 0.00428626
8.50583 0.00419535
8.53972 0.00410158
8.57361 0.00400507
8.6075 0.00390586
8.64139 0.00380408
8.67527 0.00369975
8.70916 0.00359301
8.74305 0.0034839
8.77694 0.00337257
8.81082 0.00325903
8.84471 0.00314344
8.8786 0.00302583
8.91249 0.00290636
8.94638 0.00278505
8.98026 0.00266207
9.01415 0.00253744
9.04804 0.00241134
9.08193 0.00228378
9.11582 0.00215494
9.1497 0.00202485
9.18359 0.00189367
9.21748 0.00176144
9.25137 0.00162834
9.28525 0.00149438
9.31914 0.00135987
9.35303 0.00122569
9.38692 0.00109104
9.42081 0.000955937
9.45469 0.000820559
9.48858 0.000684933
9.52247 0.0005492
9.55636 0.000413374
9.59024 0.000277618
9.62413 0.000141947
9.65802 1.5977e-05
9.69191 0.000151065
9.7258 0.000285624
9.75968 0.000419465
9.79357 0.000552575
9.82746 0.000684768
9.86135 0.000816015
9.89523 0.000946139
9.92912 0.00107511
9.96301 0.00120277
9.9969 0.00132908
10.0308 0.00145388
10.0647 0.00157714
10.0986 0.00169872
10.1324 0.00181858
10.1663 0.00193658
10.2002 0.00205269
10.2341 0.00216677
10.268 0.00227879
10.3019 0.00238863
10.3358 0.00249626
10.3697 0.00260156
10.4036 0.00270449
10.4374 0.00280496
10.4713 0.00290292
10.5052 0.00299828
10.5391 0.00309102
10.573 0.00318103
10.6069 0.0032683
10.6408 0.00335273
10.6747 0.00343431
10.7085 0.00351296
10.7424 0.00358865
10.7763 0.00366132
10.8102 0.00373095
10.8441 0.00379747
10.878 0.00386087
10.9119 0.0039211
10.9458 0.00397814
10.9796 0.00403194
11.0135 0.0040825
11.0474 0.00412977
11.0813 0.00417375
11.1152 0.0042144
11.1491 0.00425172
11.183 0.00428569
11.2169 0.0043163
11.2507 0.00434353
11.2846 0.00436738
11.3185 0.00438784
11.3524 0.00440492
11.3863 0.00441861
11.4202 0.00442892
11.4541 0.00443585
11.488 0.00443941
11.5218 0.00443962
11.5557 0.00443647
11.5896 0.00443
11.6235 0.00442021
11.6574 0.00440713
11.6913 0.00439078
11.7252 0.00437118
11.7591 0.00434855
11.793 0.00432348
11.8268 0.00429523
11.8607 0.00426383
11.8946 0.00422932
11.9285 0.00419172
11.9624 0.00415109
11.9963 0.00410745
12.0302 0.00406085
12.0641 0.00401135
12.0979 0.00395902
12.1318 0.00390385
12.1657 0.00384592
12.1996 0.00378525
12.2335 0.00372193
12.2674 0.00365598
12.3013 0.00358748
12.3352 0.00351648
12.369 0.00344306
12.4029 0.00336725
12.4368 0.00328914
12.4707 0.00320878
12.5046 0.00312625
12.5385 0.0030416
12.5724 0.00295494
12.6063 0.00286628
12.6401 0.00277576
12.674 0.00268339
12.7079 0.00258931
12.7418 0.00249353
12.7757 0.00239618
12.8096 0.0022973
12.8435 0.00219702
12.8774 0.00209535
12.9112 0.00199244
12.9451 0.00188831
12.979 0.0017831
13.0129 0.00167684
13.0468 0.00156968
13.0807 0.00146165
13.1146 0.00135287
13.1485 0.00124338
13.1823 0.00113332
13.2162 0.00102271
13.2501 0.000911701
13.284 0.000800319
13.3179 0.000688705
13.3518 0.000576891
13.3857 0.000465019
13.4196 0.000353119
13.4535 0.000241289
13.4873 0.000129551
13.5212 1.80336e-05
13.5551 0.000101323
13.589 0.000211414
13.6229 0.000320978
13.6568 0.000429968
13.6907 0.000538212
13.7246 0.000645684
13.7584 0.00075225
13.7923 0.000857884
13.8262 0.000962459
13.8601 0.00106595
13.894 0.00116822
13.9279 0.00126927
13.9618 0.00136895
13.9957 0.00146726
14.0295 0.00156408
14.0634 0.00165937
14.0973 0.00175304
14.1312 0.00184506
14.1651 0.00193532
14.199 0.0020238
14.2329 0.00211041
14.2668 0.00219512
14.3006 0.00227784
14.3345 0.00235855
14.3684 0.00243717
14.4023 0.00251366
14.4362 0.00258796
14.4701 0.00266004
14.504 0.00272983
14.5379 0.00279732
14.5717 0.00286243
14.6056 0.00292515
14.6395 0.00298542
14.6734 0.00304322
14.7073 0.00309851
14.7412 0.00315125
14.7751 0.00320142
14.809 0.00324899
14.8429 0.00329393
14.8767 0.00333622
14.9106 0.00337583
14.9445 0.00341275
14.9784 0.00344696
15.0123 0.00347844
15.0462 0.00350718
15.0801 0.00353316
15.114 0.00355638
15.1478 0.00357683
15.1817 0.0035945
15.2156 0.00360938
15.2495 0.00362148
15.2834 0.0036308
15.3173 0.00363734
15.3512 0.0036411
15.3851 0.00364208
15.4189 0.00364031
15.4528 0.00363579
15.4867 0.00362853
15.5206 0.00361854
15.5545 0.00360585
15.5884 0.00359046
15.6223 0.00357241
15.6562 0.00355171
15.69 0.00352839
15.7239 0.00350247
15.7578 0.00347406
15.7917 0.00344311
15.8256 0.00340966
15.8595 0.00337374
15.8934 0.00333537
15.9273 0.00329461
15.9611 0.00325148
15.995 0.00320602
16.0289 0.00315829
16.0628 0.00310831
16.0967 0.00305614
16.1306 0.00300182
16.1645 0.0029454
16.1984 0.00288693
16.2323 0.00282645
16.2661 0.00276402
16.3 0.0026997
16.3339 0.00263353
16.3678 0.00256558
16.4017 0.00249589
16.4356 0.00242486
16.4695 0.00235249
16.5034 0.00227859
16.5372 0.00220319
16.5711 0.00212637
16.605 0.00204817
16.6389 0.00196869
16.6728 0.00188795
16.7067 0.00180604
16.7406 0.00172301
16.7745 0.00163895
16.8083 0.00155389
16.8422 0.00146794
16.8761 0.00138112
16.91 0.0012936
16.9439 0.00120535
16.9778 0.00111647
17.0117 0.001027
17.0456 0.000937028
17.0794 0.000846599
17.1133 0.000755814
17.1472 0.000664709
17.1811 0.000573389
17.215 0.000481859
17.2489 0.000390217
17.2828 0.000298489
17.3167 0.000206774
17.3505 0.000115101
17.3844 2.35663e-05
17.4183 8.96242e-05
17.4522 0.000179716
17.4861 0.000269303
17.52 0.000358367
17.5539 0.000446807
17.5878 0.000534594
17.6216 0.00062163
17.6555 0.000707886
17.6894 0.00079327
17.7233 0.000877751
17.7572 0.000961239
17.7911 0.00104371
17.825 0.00112507
17.8589 0.00120529
17.8928 0.00128429
17.9266 0.00136204
17.9605 0.00143847
17.9944 0.00151354
18.0283 0.0015874
18.0622 0.00166022
18.0961 0.0017315
18.13 0.00180122
18.1639 0.0018693
18.1977 0.00193573
18.2316 0.00200043
18.2655 0.00206339
18.2994 0.00212454
18.3333 0.00218386
18.3672 0.00224131
18.4011 0.00229685
18.435 0.00235044
18.4688 0.00240205
18.5027 0.00245166
18.5366 0.00249923
18.5705 0.00254473
18.6044 0.00258814
18.6383 0.00262943
18.6722 0.00266858
18.7061 0.00270557
18.7399 0.00274038
18.7738 0.00277299
18.8077 0.00280339
18.8416 0.00283155
18.8755 0.00285747
18.9094 0.00288114
18.9433 0.00290255
18.9772 0.00292168
19.011 0.00293853
19.0449 0.0029531
19.0788 0.00296539
19.1127 0.00297538
19.1466 0.00298309
19.1805 0.00298852
19.2144 0.00299167
19.2483 0.00299254
19.2822 0.00299114
19.316 0.00298748
19.3499 0.00298157
19.3838 0.00297343
19.4177 0.00296306
19.4516 0.00295048
19.4855 0.00293571
19.5194 0.00291876
19.5533 0.00289966
19.5871 0.00287843
19.621 0.00285508
19.6549 0.00282965
19.6888 0.00280217
19.7227 0.00277264
19.7566 0.00274112
19.7905 0.00270762
19.8244 0.00267218
19.8582 0.00263482
19.8921 0.00259559
19.926 0.00255452
19.9599 0.00251165
19.9938 0.002467
20.0277 0.00242063
20.0616 0.00237256
20.0955 0.00232286
20.1293 0.00227154
20.1632 0.00221866
20.1971 0.00216426
20.231 0.0021084
20.2649 0.0020511
20.2988 0.00199243
20.3327 0.00193242
20.3666 0.00187114
20.4004 0.00180862
20.4343 0.00174492
20.4682 0.00168009
20.5021 0.00161419
20.536 0.00154725
20.5699 0.00147938
20.6038 0.00141066
20.6377 0.00134108
20.6716 0.00127068
20.7054 0.00119955
20.7393 0.0011277
20.7732 0.00105523
20.8071 0.000982169
20.841 0.000908592
20.8749 0.000834535
20.9088 0.000760081
20.9427 0.000685263
20.9765 0.000610164
21.0104 0.000534816
21.0443 0.000459304
21.0782 0.00038366
21.1121 0.00030797
21.146 0.000232239
21.1799 0.000156545
21.2138 8.12139e-05
21.2476 6.84254e-06
21.2815 8.17214e-05
21.3154 0.000156283
21.3493 0.000230446
21.3832 0.000304188
21.4171 0.000377428
21.451 0.000450134
21.4849 0.000522228
21.5187 0.00059368
21.5526 0.000664414
21.5865 0.000734401
21.6204 0.000803569
21.6543 0.000871887
21.6882 0.000939286
21.7221 0.00100574
21.756 0.00107118
21.7898 0.00113557
21.8237 0.00119886
21.8576 0.00126106
21.8915 0.00132207
21.9254 0.00138186
21.9593 0.00144037
21.9932 0.00149759
22.0271 0.00155345
22.061 0.00160793
22.0948 0.00166099
22.1287 0.0017126
22.1626 0.00176271
22.1965 0.00181131
22.2304 0.00185835
22.2643 0.0019038
22.2982 0.00194765
22.3321 0.00198985
22.3659 0.00203039
22.3998 0.00206924
22.4337 0.00210638
22.4676 0.00214178
22.5015 0.00217543
22.5354 0.00220731
22.5693 0.00223739
22.6032 0.00226566
22.637 0.00229212
22.6709 0.00231673
22.7048 0.0023395
22.7387 0.00236042
22.7726 0.00237946
22.8065 0.00239663
22.8404 0.00241192
22.8743 0.00242533
22.9081 0.00243684
22.942 0.00244646
22.9759 0.00245419
23.0098 0.00246003
23.0437 0.00246398
23.0776 0.00246605
23.1115 0.00246623
23.1454 0.00246454
23.1792 0.00246099
23.2131 0.00245558
23.247 0.00244832
23.2809 0.00243922
23.3148 0.00242831
23.3487 0.00241559
23.3826 0.00240107
23.4165 0.00238478
23.4503 0.00236674
23.4842 0.00234696
23.5181 0.00232546
23.552 0.00230227
23.5859 0.0022774
23.6198 0.00225095
23.6537 0.0022229
23.6876 0.00219327
23.7215 0.00216206
23.7553 0.00212932
23.7892 0.00209507
23.8231 0.00205935
23.857 0.00202218
23.8909 0.00198361
23.9248 0.00194365
23.9587 0.00190235
23.9926 0.00185974
24.0264 0.00181586
24.0603 0.00177074
24.0942 0.00172443
24.1281 0.00167715
24.162 0.00162892
24.1959 0.00157958
24.2298 0.0015292
24.2637 0.0014778
24.2975 0.00142542
24.3314 0.00137211
24.3653 0.00131791
24.3992 0.00126287
24.4331 0.00120703
24.467 0.00115042
24.5009 0.00109312
24.5348 0.00103513
24.5686 0.000976542
24.6025 0.000917367
24.6364 0.000857675
24.6703 0.000797494
24.7042 0.000736889
24.7381 0.000675891
24.772 0.000614565
24.8059 0.000552941
24.8397 0.000491084
24.8736 0.000429026
24.9075 0.000366832
24.9414 0.000304513
24.9753 0.000242129
