0 0.00985624
0.0338878 0.00984992
0.0677756 0.00983285
0.101663 0.00980497
0.135551 0.00976721
0.169439 0.00971976
0.203327 0.00966276
0.237215 0.00959637
0.271102 0.00952073
0.30499 0.00943599
0.338878 0.00934231
0.372766 0.00923986
0.406653 0.00912878
0.440541 0.00900925
0.474429 0.00888144
0.508317 0.00874551
0.542205 0.00860165
0.576092 0.00845004
0.60998 0.00829088
0.643868 0.00812263
0.677756 0.00794737
0.711644 0.00776521
0.745531 0.0075765
0.779419 0.00738134
0.813307 0.0071801
0.847195 0.0069729
0.881082 0.00676014
0.91497 0.00654193
0.948858 0.0063187
0.982746 0.00609055
1.01663 0.00585794
1.05052 0.00562097
1.08441 0.00538011
1.1183 0.00513547
1.15218 0.00488755
1.18607 0.00463644
1.21996 0.00438264
1.25385 0.00412623
1.28774 0.00386768
1.32162 0.00360707
1.35551 0.00334483
1.3894 0.00308103
1.42329 0.0028161
1.45717 0.00255008
1.49106 0.0022834
1.52495 0.00201608
1.55884 0.00174857
1.59273 0.0014809
1.62661 0.00121352
1.6605 0.000946481
1.69439 0.000680222
1.72828 0.000414815
1.76216 0.000150696
1.79605 0.000112503
1.82994 0.000373394
1.86383 0.000632093
1.89772 0.000888529
1.9316 0.00114233
1.96549 0.00139343
1.99938 0.00164147
2.03327 0.00188637
2.06716 0.00212783
2.10104 0.00236576
2.13493 0.00259987
2.16882 0.00283008
2.20271 0.0030561
2.23659 0.00327785
2.27048 0.00349506
2.30437 0.00370761
2.33826 0.00391528
2.37215 0.00411792
2.40603 0.00431533
2.43992 0.00450737
2.47381 0.00469387
2.5077 0.0048747
2.54158 0.00504972
2.57547 0.00521882
2.60936 0.00538188
2.64325 0.0055388
2.67714 0.00568949
2.71102 0.00583384
2.74491 0.00597178
2.7788 0.00610322
2.81269 0.00622808
2.84657 0.00634627
2.88046 0.00645774
2.91435 0.0065624
2.94824 0.00666022
2.98213 0.00675114
3.01601 0.00683511
3.0499 0.00691209
3.08379 0.00698205
3.11768 0.00704496
3.15156 0.00710083
3.18545 0.00714963
3.21934 0.00719141
3.25323 0.00722613
3.28712 0.00725383
3.321 0.00727451
3.35489 0.00728822
3.38878 0.00729498
3.42267 0.00729486
3.45655 0.00728787
3.49044 0.00727406
3.52433 0.00725353
3.55822 0.00722632
3.59211 0.00719252
3.62599 0.00715219
3.65988 0.00710541
3.69377 0.00705227
3.72766 0.00699286
3.76154 0.00692727
3.79543 0.00685561
3.82932 0.00677797
3.86321 0.00669449
3.8971 0.00660523
3.93098 0.00651038
3.96487 0.00640999
3.99876 0.00630428
4.03265 0.00619329
4.06653 0.00607724
4.10042 0.00595618
4.13431 0.00583034
4.1682 0.00569977
4.20209 0.0055647
4.23597 0.00542519
4.26986 0.0052815
4.30375 0.00513367
4.33764 0.004982
4.37152 0.00482654
4.40541 0.00466758
4.4393 0.00450519
4.47319 0.00433968
4.50708 0.00417111
4.54096 0.00399979
4.57485 0.0038258
4.60874 0.00364943
4.64263 0.00347075
4.67651 0.00329006
4.7104 0.00310744
4.74429 0.00292317
4.77818 0.00273732
4.81207 0.0025502
4.84595 0.00236187
4.87984 0.00217263
4.91373 0.00198259
4.94762 0.00179212
4.9815 0.00160119
5.01539 0.00141009
5.04928 0.00121889
5.08317 0.00102788
5.11706 0.000837128
5.15094 0.000646938
5.18483 0.000457379
5.21872 0.000268746
5.25261 8.11119e-05
5.28649 0.000105826
5.32038 0.000290606
5.35427 0.000473735
5.38816 0.000654962
5.42205 0.000834223
5.45593 0.00101129
5.48982 0.0011861
5.52371 0.00135844
5.5576 0.00152828
5.59149 0.00169541
5.62537 0.00185978
5.65926 0.00202124
5.69315 0.00217967
5.72704 0.00233489
5.76092 0.00248679
5.79481 0.00263521
5.8287 0.00278003
5.86259 0.0029211
5.89648 0.00305833
5.93036 0.00319159
5.96425 0.00332079
5.99814 0.00344585
6.03203 0.0035667
6.06591 0.00368326
6.0998 0.00379547
6.13369 0.00390328
6.16758 0.00400662
6.20147 0.00410546
6.23535 0.00419975
6.26924 0.00428943
6.30313 0.00437444
6.33702 0.00445474
6.3709 0.00453029
6.40479 0.00460104
6.43868 0.00466694
6.47257 0.00472798
6.50646 0.0047841
6.54034 0.0048353
6.57423 0.00488153
6.60812 0.00492278
6.64201 0.00495905
6.67589 0.00499033
6.70978 0.00501661
6.74367 0.00503789
6.77756 0.00505419
6.81145 0.00506553
6.84533 0.00507195
6.87922 0.00507344
6.91311 0.00507003
6.947 0.00506175
6.98088 0.00504865
7.01477 0.00503078
7.04866 0.00500824
7.08255 0.00498104
7.11644 0.00494926
7.15032 0.00491294
7.18421 0.00487217
7.2181 0.00482699
7.25199 0.00477751
7.28587 0.00472376
7.31976 0.00466586
7.35365 0.00460386
7.38754 0.00453787
7.42143 0.00446795
7.45531 0.00439423
7.4892 0.00431677
7.52309 0.0042357
7.55698 0.00415109
7.59086 0.00406309
7.62475 0.00397175
7.65864 0.00387724
7.69253 0.0037796
7.72642 0.003679
7.7603 0.00357552
7.79419 0.00346929
7.82808 0.00336043
7.86197 0.00324907
7.89585 0.0031353
7.92974 0.00301931
7.96363 0.00290118
7.99752 0.0027811
8.03141 0.00265914
8.06529 0.00253551
8.09918 0.00241027
8.13307 0.0022836
8.16696 0.00215557
8.20084 0.00202636
8.23473 0.00189604
8.26862 0.00176478
8.30251 0.00163265
8.3364 0.00149985
8.37028 0.00136644
8.40417 0.00123262
8.43806 0.00109846
8.47195 0.00096417
8.50583 0.000829836
8.53972 0.000695683
8.57361 0.000561732
8.6075 0.000428157
8.64139 0.000295031
8.67527 0.000162534
8.70916 3.07405e-05
8.74305 0.000100361
8.77694 0.000230169
8.81082 0.000358898
8.84471 0.000486338
8.8786 0.00061243
8.91249 0.000737037
8.94638 0.000860104
8.98026 0.000981507
9.01415 0.00110118
9.04804 0.00121899
9.08193 0.00133486
9.11582 0.00144866
9.1497 0.00156028
9.18359 0.00166961
9.21748 0.00177655
9.25137 0.001881
9.28525 0.00198287
9.31914 0.0020821
9.35303 0.0021786
9.38692 0.00227233
9.42081 0.00236322
9.45469 0.00245119
9.48858 0.00253621
9.52247 0.00261823
9.55636 0.0026972
9.59024 0.00277306
9.62413 0.00284579
9.65802 0.00291533
9.69191 0.00298164
9.7258 0.00304469
9.75968 0.00310443
9.79357 0.00316084
9.82746 0.00321388
9.86135 0.00326353
9.89523 0.00330976
9.92912 0.00335256
9.96301 0.00339189
9.9969 0.00342776
10.0308 0.00346014
10.0647 0.00348902
10.0986 0.00351441
10.1324 0.00353628
10.1663 0.00355465
10.2002 0.00356951
10.2341 0.00358087
10.268 0.00358877
10.3019 0.00359318
10.3358 0.00359412
10.3697 0.00359161
10.4036 0.00358568
10.4374 0.00357636
10.4713 0.00356367
10.5052 0.00354766
10.5391 0.00352839
10.573 0.00350589
10.6069 0.00348018
10.6408 0.00345132
10.6747 0.00341935
10.7085 0.00338434
10.7424 0.00334632
10.7763 0.00330536
10.8102 0.00326152
10.8441 0.00321485
10.878 0.00316541
10.9119 0.00311329
10.9458 0.00305852
10.9796 0.00300122
11.0135 0.00294141
11.0474 0.00287921
11.0813 0.00281467
11.1152 0.00274789
11.1491 0.00267892
11.183 0.00260787
11.2169 0.00253481
11.2507 0.00245983
11.2846 0.00238299
11.3185 0.00230439
11.3524 0.0022241
11.3863 0.00214224
11.4202 0.00205885
11.4541 0.00197407
11.488 0.00188796
11.5218 0.00180065
11.5557 0.00171222
11.5896 0.0016228
11.6235 0.00153243
11.6574 0.00144125
11.6913 0.00134931
11.7252 0.00125673
11.7591 0.00116357
11.793 0.00106995
11.8268 0.00097593
11.8607 0.000881629
11.8946 0.000787117
11.9285 0.000692517
11.9624 0.000597888
11.9963 0.000503358
12.0302 0.000408979
12.0641 0.000314874
12.0979 0.000221104
12.1318 0.000127783
12.1657 3.49653e-05
12.1996 5.79222e-05
12.2335 0.000149474
12.2674 0.00024022
12.3013 0.000330057
12.3352 0.000418932
12.369 0.00050674
12.4029 0.000593435
12.4368 0.000678932
12.4707 0.00076318
12.5046 0.000846101
12.5385 0.000927654
12.5724 0.00100776
12.6063 0.00108636
12.6401 0.00116338
12.674 0.00123876
12.7079 0.00131242
12.7418 0.00138429
12.7757 0.00145431
12.8096 0.00152241
12.8435 0.00158854
12.8774 0.00165266
12.9112 0.00171472
12.9451 0.00177467
12.979 0.00183249
13.0129 0.00188813
13.0468 0.00194158
13.0807 0.0019928
13.1146 0.00204176
13.1485 0.00208844
13.1823 0.00213282
13.2162 0.00217486
13.2501 0.00221455
13.284 0.00225186
13.3179 0.00228678
13.3518 0.00231929
13.3857 0.00234937
13.4196 0.002377
13.4535 0.00240218
13.4873 0.00242489
13.5212 0.00244513
13.5551 0.00246289
13.589 0.00247818
13.6229 0.00249098
13.6568 0.0025013
13.6907 0.00250918
13.7246 0.00251459
13.7584 0.00251754
13.7923 0.00251804
13.8262 0.00251612
13.8601 0.00251178
13.894 0.00250506
13.9279 0.00249597
13.9618 0.00248453
13.9957 0.00247079
14.0295 0.00245479
14.0634 0.00243654
14.0973 0.00241608
14.1312 0.00239343
14.1651 0.00236864
14.199 0.00234174
14.2329 0.00231278
14.2668 0.00228179
14.3006 0.00224881
14.3345 0.00221389
14.3684 0.00217708
14.4023 0.00213841
14.4362 0.00209795
14.4701 0.00205574
14.504 0.00201184
14.5379 0.00196629
14.5717 0.00191916
14.6056 0.0018705
14.6395 0.00182038
14.6734 0.00176884
14.7073 0.00171596
14.7412 0.00166179
14.7751 0.00160639
14.809 0.00154982
14.8429 0.00149214
14.8767 0.00143342
14.9106 0.00137372
14.9445 0.00131309
14.9784 0.00125161
15.0123 0.00118933
15.0462 0.00112634
15.0801 0.00106269
15.114 0.000998462
15.1478 0.000933713
15.1817 0.000868525
15.2156 0.000802948
15.2495 0.000737062
15.2834 0.000670911
15.3173 0.000604571
15.3512 0.000538085
15.3851 0.000471527
15.4189 0.000404943
15.4528 0.000338409
15.4867 0.000271979
15.5206 0.000205729
15.5545 0.000139715
15.5884 7.40183e-05
15.6223 8.73765e-06
15.6562 5.62469e-05
15.69 0.000120528
15.7239 0.000184244
15.7578 0.000247399
15.7917 0.000309908
15.8256 0.000371706
15.8595 0.000432741
15.8934 0.000492937
15.9273 0.000552241
15.9611 0.000610587
15.995 0.000667928
16.0289 0.000724208
16.0628 0.000779479
16.0967 0.000833585
16.1306 0.000886479
16.1645 0.000938111
16.1984 0.000988451
16.2323 0.00103746
16.2661 0.00108511
16.3 0.00113138
16.3339 0.00117623
16.3678 0.00121964
16.4017 0.00126159
16.4356 0.00130205
16.4695 0.00134099
16.5034 0.0013784
16.5372 0.00141423
16.5711 0.00144848
16.605 0.00148111
16.6389 0.00151211
16.6728 0.00154146
16.7067 0.00156913
16.7406 0.00159513
16.7745 0.00161944
16.8083 0.00164203
16.8422 0.00166292
16.8761 0.00168207
16.91 0.0016995
16.9439 0.0017152
16.9778 0.00172916
17.0117 0.00174137
17.0456 0.00175188
17.0794 0.00176064
17.1133 0.00176765
17.1472 0.00177293
17.1811 0.00177647
17.215 0.00177828
17.2489 0.00177836
17.2828 0.00177674
17.3167 0.00177343
17.3505 0.00176843
17.3844 0.00176177
17.4183 0.00175346
17.4522 0.00174353
17.4861 0.00173198
17.52 0.00171885
17.5539 0.00170415
17.5878 0.00168794
17.6216 0.00167023
17.6555 0.00165103
17.6894 0.00163037
17.7233 0.00160829
17.7572 0.00158482
17.7911 0.00155998
17.825 0.00153382
17.8589 0.00150636
17.8928 0.00147764
17.9266 0.0014477
17.9605 0.00141657
17.9944 0.00138429
18.0283 0.00135091
18.0622 0.00131645
18.0961 0.00128098
18.13 0.00124451
18.1639 0.00120711
18.1977 0.00116881
18.2316 0.00112965
18.2655 0.00108968
18.2994 0.00104895
18.3333 0.00100748
18.3672 0.000965336
18.4011 0.000922551
18.435 0.000879172
18.4688 0.000835238
18.5027 0.000790798
18.5366 0.000745891
18.5705 0.000700573
18.6044 0.000654883
18.6383 0.00060888
18.6722 0.000562606
18.7061 0.000516123
18.7399 0.00046951
18.7738 0.000422788
18.8077 0.000375992
18.8416 0.00032917
18.8755 0.000282354
18.9094 0.000235592
18.9433 0.000188915
18.9772 0.00014237
19.011 9.59888e-05
19.0449 4.98239e-05
19.0788 4.36971e-06
19.1127 4.21313e-05
19.1466 8.73013e-05
19.1805 0.000132077
19.2144 0.000176447
19.2483 0.000220387
19.2822 0.000263833
19.316 0.000306747
19.3499 0.000349077
19.3838 0.000390778
19.4177 0.000431802
19.4516 0.000472107
19.4855 0.000511651
19.5194 0.000550403
19.5533 0.000588328
19.5871 0.000625403
19.621 0.000661611
19.6549 0.00069693
19.6888 0.000731318
19.7227 0.000764755
19.7566 0.000797219
19.7905 0.00082869
19.8244 0.000859144
19.8582 0.000888562
19.8921 0.000916924
19.926 0.000944211
19.9599 0.000970406
19.9938 0.000995491
20.0277 0.00101945
20.0616 0.00104226
20.0955 0.00106392
20.1293 0.00108441
20.1632 0.00110372
20.1971 0.00112184
20.231 0.00113875
20.2649 0.00115446
20.2988 0.00116895
20.3327 0.00118222
20.3666 0.00119427
20.4004 0.00120512
20.4343 0.00121476
20.4682 0.00122315
20.5021 0.00123032
20.536 0.00123627
20.5699 0.00124099
20.6038 0.00124448
20.6377 0.00124676
20.6716 0.00124783
20.7054 0.00124769
20.7393 0.00124636
20.7732 0.00124383
20.8071 0.00124013
20.841 0.00123525
20.8749 0.00122921
20.9088 0.00122203
20.9427 0.00121372
20.9765 0.00120429
21.0104 0.00119376
21.0443 0.00118215
21.0782 0.00116947
21.1121 0.00115575
21.146 0.00114103
21.1799 0.00112531
21.2138 0.00110861
21.2476 0.00109095
21.2815 0.00107236
21.3154 0.00105286
21.3493 0.00103248
21.3832 0.00101124
21.4171 0.000989177
21.451 0.000966306
21.4849 0.000942664
21.5187 0.000918275
21.5526 0.000893171
21.5865 0.000867378
21.6204 0.00084093
21.6543 0.000813854
21.6882 0.000786182
21.7221 0.000757945
21.756 0.000729175
21.7898 0.000699901
21.8237 0.000670157
21.8576 0.000639973
21.8915 0.000609382
21.9254 0.000578413
21.9593 0.0005471
21.9932 0.000515475
22.0271 0.00048357
22.061 0.000451413
22.0948 0.00041904
22.1287 0.00038648
22.1626 0.000353769
22.1965 0.000320937
22.2304 0.000288021
22.2643 0.000255051
22.2982 0.000222061
22.3321 0.000189083
22.3659 0.000156152
22.3998 0.000123295
22.4337 9.0548e-05
22.4676 5.79366e-05
22.5015 2.5492e-05
22.5354 7.14729e-06
22.5693 3.9115e-05
22.6032 7.08206e-05
22.637 0.000102238
22.6709 0.000133338
22.7048 0.000164098
22.7387 0.000194488
22.7726 0.000224487
22.8065 0.000254087
22.8404 0.000283248
22.8743 0.000311938
22.9081 0.000340162
22.942 0.000367873
22.9759 0.000395041
23.0098 0.000421641
23.0437 0.000447648
23.0776 0.00047304
23.1115 0.000497795
23.1454 0.000521894
23.1792 0.000545317
23.2131 0.000568047
23.247 0.000590071
23.2809 0.000611373
23.3148 0.000631939
23.3487 0.000651757
23.3826 0.000670816
23.4165 0.000689102
23.4503 0.000706614
23.4842 0.00072333
23.5181 0.00073924
23.552 0.000754334
23.5859 0.000768603
23.6198 0.000782039
23.6537 0.000794634
23.6876 0.00080641
23.7215 0.000817341
23.7553 0.000827413
23.7892 0.00083662
23.8231 0.000844958
23.857 0.000852425
23.8909 0.000859021
23.9248 0.000864746
23.9587 0.0008696
23.9926 0.000873585
24.0264 0.000876704
24.0603 0.000878958
24.0942 0.000880353
24.1281 0.000880891
24.162 0.000880578
24.1959 0.00087942
24.2298 0.000877423
24.2637 0.000874595
24.2975 0.000870943
24.3314 0.000866479
24.3653 0.00086121
24.3992 0.000855153
24.4331 0.000848314
24.467 0.000840705
24.5009 0.000832338
24.5348 0.000823228
24.5686 0.000813387
24.6025 0.000802832
24.6364 0.000791575
24.6703 0.000779635
24.7042 0.000767025
24.7381 0.000753765
24.772 0.000739901
24.8059 0.000725394
24.8397 0.000710316
24.8736 0.000694662
24.9075 0.000678447
24.9414 0.000661695
24.9753 0.000644423
