0.911878 0
0.913446 0.0625

0.912956 0.0625
0.91864 0.125

0.919538 0.125
0.92852 0.1875

0.937334 0.1875
0.930191 0.25

0.893965 0.25
0.924816 0.3125

0.929868 0.3125
0.9375 0.317045

0.9375 0.303752
0.94883 0.3125

0.958013 0.3125
1 0.32518

1 0.318825
1.0625 0.313448

1.125 0.291749
1.0752 0.3125

1.0625 0.319605
1.07975 0.3125

1.1875 0.241251
1.17895 0.25

1.125 0.289067
1.17188 0.25

1.25 0.141097
1.22583 0.1875

1.1875 0.233025
1.22469 0.1875

1.27928 0
1.27379 0.0625

1.27425 0.0625
1.25686 0.125

1.25 0.138301
1.25686 0.125

kappa_offset_provider_stats evaluations=1320 clamp_hits=0 denominator_guard_hits=0 min_abs_denominator=0.70624433243072848 max_abs_d_over_h=0.50033814236431828 grad_samples=1320 grad_min=0.79190675812937206 grad_mean=0.98083687766951966 grad_std=0.034100555166781232 grad_max=1.0157066565153301
