t sb -1 xb vb dt perf.t perf.speed
0 0 -1 0.5 0 0.00379709 0 0 
0.00379709 0 -1 0.5 -0.00101747 0.00379709 0.001454 176066 2 89.1528 5.28424 4.10749 4 
0.0110343 -7.39086e-05 -1 0.499994 0.0039967 0.00723721 0.004134 123851 6 7.62487 1.56629 1.30185 5 2 10.5187 7.07103 1.21966 5 1 0.000284167 9.79469e-10 290124 4 
0.0214126 -0.000134456 -1 0.500034 0.0109676 0.0103784 0.004763 161243 1 1.67398 0.499752 3.34962 5 1 3.37033 3.31914 1.01542 5 1 0.00136255 2.60897e-08 52225.7 4 
0.0346508 -0.000105159 -1 0.500173 0.0176059 0.0132382 0.005576 183644 4 2.3731 0.52513 1.45802 5 4 8.50643 1.81178 1.47201 5 1 0.00282396 1.23466e-07 22872.3 4 
0.0504239 -4.87342e-05 -1 0.500438 0.0247431 0.0157731 0.006184 206986 2 1.63212 0.356144 2.14074 5 1 2.94918 0.58388 5.051 5 1 0.00436924 3.3756e-07 12943.6 4 
0.0685195 3.52322e-06 -1 0.500866 0.0326412 0.0180956 0.006766 227017 1 1.45787 0.226959 6.42348 5 1 1.62877 0.0561953 28.9842 5 1 0.00624802 7.45581e-07 8380.07 4 
0.0887366 3.96298e-05 -1 0.501497 0.0412534 0.0202171 0.007362 243412 1 1.58489 0.0501225 31.6204 5 1 1.36642 0.311795 4.38242 5 1 0.00834381 1.44392e-06 5778.58 4 
0.11096 4.40797e-05 -1 0.502376 0.0505945 0.0222234 0.007955 257448 1 1.67203 0.201805 8.28537 5 1 1.40015 0.435938 3.2118 5 1 0.0109877 2.57369e-06 4269.25 4 
0.134836 1.62139e-05 -1 0.503538 0.0606001 0.0238764 0.008577 268625 2 1.90032 0.112891 4.10283 5 1 1.50026 0.400775 3.7434 5 1 0.013956 4.02745e-06 3465.21 4 
0.160418 -1.84182e-05 -1 0.505042 0.0712302 0.0255818 0.009196 278382 2 2.31977 0.0686031 5.81502 4 1 4.63064 0.157677 29.3678 5 1 0.0175234 6.095e-06 2875.05 4 
0.187462 -4.01592e-05 -1 0.506924 0.0821689 0.0270436 0.010661 264140 2 2.88866 0.0163642 13.2862 3 1 1.37595 0.10656 12.9123 5 1 0.021412 8.52634e-06 2511.28 4 
0.215871 -4.17341e-05 -1 0.50923 0.0933254 0.0284095 0.011342 270852 4 199.86 0.106758 6.5778 2 1 1.84298 0.248971 7.40238 5 1 0.0255593 1.13405e-05 2253.8 4 
0.24549 -4.16483e-05 -1 0.511993 0.104338 0.0296184 0.01197 278028 3 5.74656 0.0883711 4.0213 2 1 2.07339 0.332876 6.22871 5 1 0.0295406 1.42187e-05 2077.59 4 
0.276095 -5.02683e-06 -1 0.515207 0.115252 0.0306057 0.013326 268948 4 6.80938 0.0881261 2.96484 2 1 3.1579 0.361871 8.72658 5 1 0.0325297 1.66652e-05 1951.95 4 
0.307769 3.43224e-05 -1 0.518899 0.126051 0.0316733 0.014751 260321 3 6.20701 0.0934438 4.0499 2 1 3.78832 0.319006 11.8754 5 1 0.0340341 1.89433e-05 1796.63 4 
0.340205 7.57312e-05 -1 0.523066 0.13672 0.0324365 0.01591 257448 5 212.313 0.0603917 5.11917 2 1 4.12119 0.309248 13.3265 5 1 0.0337031 1.99099e-05 1692.78 4 
0.373453 9.0356e-05 -1 0.527725 0.147015 0.0332474 0.016542 263088 3 5.10594 0.0770932 4.04594 2 1 5.4626 0.245647 22.2376 5 1 0.0412177 2.16589e-05 1903.04 4 
0.407564 0.000127689 -1 0.53287 0.157251 0.034111 0.017182 268188 6 256.082 0.0590896 4.0378 2 1 5.26195 0.295489 17.8076 5 1 0.045781 2.32557e-05 1968.59 4 
0.442129 0.000155892 -1 0.538453 0.166994 0.0345658 0.018479 263218 5 215.487 0.075526 4.90981 2 1 5.50845 0.161921 34.0193 5 1 0.0433814 2.33989e-05 1853.99 4 
0.477655 0.000192902 -1 0.544504 0.176276 0.035526 0.01913 267642 6 222.403 0.0348166 4.3075 2 1 4.6893 0.0957094 48.9952 5 1 0.0538142 2.59748e-05 2071.79 4 
0.513689 0.000185164 -1 0.550885 0.185111 0.0360335 0.019724 272561 3 8.87597 0.0546529 5.45591 2 1 7.25345 0.168833 42.9624 5 1 0.0518504 2.87296e-05 1804.77 4 
0.550252 0.000202237 -1 0.557414 0.193382 0.0365634 0.020329 277043 4 12.9568 0.0453313 4.11174 2 1 8.5069 0.183651 46.321 5 1 0.0423463 3.21404e-05 1317.54 4 
0.586816 0.000225507 -1 0.564282 0.200455 0.0365634 0.020947 281090 5 237.539 0.0494669 5.44859 2 1 9.8225 0.278852 35.2248 5 1 0.0530633 3.45764e-05 1534.67 4 
0.623942 0.000218702 -1 0.571544 0.206797 0.0371259 0.021573 284800 4 16.1539 0.0585938 4.0748 2 2 9.4971 0.120317 8.88447 4 1 0.0617301 4.617e-05 1337.02 4 
0.661657 0.000240864 -1 0.579321 0.212386 0.0377152 0.022288 287150 6 97.1633 0.0457321 3.58548 2 2 8.26739 0.191133 6.57683 3 2 0.0659748 6.06954e-07 329.694 3 
0.699372 0.000263227 -1 0.587509 0.217225 0.0377152 0.022976 289694 6 9.02037 0.0568711 2.3266 2 2 8.81185 0.223461 6.27961 3 2 0.0655057 1.08207e-05 77.8059 2 
0.737716 0.000296772 -1 0.596026 0.221433 0.0383438 0.023636 292435 5 220.685 0.0599415 5.16665 2 3 9.16499 0.234149 3.39531 2 2 0.0700486 4.14805e-05 41.0939 2 
0.77606 0.000338788 -1 0.604267 0.224312 0.0383438 0.024327 294652 6 241.125 0.041733 4.23604 2 5 13.1081 0.26172 2.18746 3 2 0.0660582 4.007e-05 40.6026 2 
0.815076 0.000363222 -1 0.612905 0.226663 0.0390165 0.024975 297257 5 276.972 0.0193779 6.77682 2 3 9.03359 0.19938 3.565 3 2 0.0615808 2.20095e-05 52.8953 2 
0.854093 0.000371825 -1 0.621722 0.228493 0.0390165 0.025598 300023 5 174.719 0.0473558 5.16884 2 2 10.5191 0.151041 8.34533 2 2 0.0594675 2.46738e-05 49.0932 2 
0.893109 0.000408737 -1 0.630766 0.229809 0.0390165 0.026252 302301 7 15.732 0.0501027 2.27354 2 2 10.3947 0.230147 6.72052 2 2 0.0568586 2.83182e-05 44.809 2 
0.932862 0.000439278 -1 0.63999 0.230871 0.0397527 0.026902 304513 6 247.577 0.0541074 4.07451 2 2 10.7071 0.183015 7.64879 2 2 0.0700316 3.89758e-05 42.3887 2 
0.972614 0.000473631 -1 0.648494 0.231246 0.0397527 0.027869 303133 5 14.8299 0.0564273 3.0474 2 2 13.0885 0.231569 7.51804 2 2 0.0680552 4.90486e-05 37.2492 2 
1.01237 0.000512912 -1 0.657398 0.230914 0.0397527 0.029203 298052 8 195.957 0.0562109 2.772 2 3 13.9465 0.140101 4.63456 2 2 0.070508 2.96945e-05 48.7282 2 
1.05212 0.000544577 -1 0.666637 0.230431 0.0397527 0.030233 296365 6 216.047 0.0615554 3.89835 2 3 18.5787 0.205733 4.48646 2 2 0.0693073 2.68877e-05 50.7707 2 
1.09187 0.000571408 -1 0.676121 0.230088 0.0397527 0.030861 298629 4 241.531 0.0572761 8.05842 2 3 10.0328 0.205557 3.65451 2 2 0.0758945 2.45446e-05 55.6067 2 
1.13163 0.000586814 -1 0.685662 0.229742 0.0397527 0.031508 300622 4 139.968 0.051452 7.22198 2 3 12.068 0.135303 4.46796 2 2 0.0733565 2.62146e-05 52.8991 2 
1.17224 0.000603834 -1 0.694398 0.228992 0.0406168 0.032213 301990 5 258.361 0.0356095 5.91742 2 3 12.0196 0.186175 4.01165 2 2 0.0716597 2.98386e-05 49.0059 2 
1.21286 0.000621772 -1 0.703244 0.227685 0.0406168 0.032953 302977 7 358.828 0.0461034 3.59649 2 3 11.1454 0.101344 4.79108 2 2 0.0904338 3.04923e-05 54.4591 2 
1.25348 0.000628282 -1 0.71226 0.226416 0.0406168 0.033601 304753 4 161.894 0.0419282 7.88281 2 2 10.1158 0.201904 7.07826 2 2 0.0893952 3.54126e-05 50.2433 2 
1.29409 0.000656432 -1 0.721563 0.225048 0.0406168 0.03525 297759 5 210.093 0.0515407 5.27294 2 3 21.5372 0.0632341 6.9836 2 2 0.110016 5.64387e-05 44.1509 2 
1.33471 0.000664496 -1 0.731169 0.223785 0.0406168 0.036525 294374 5 212.076 0.0553526 5.208 2 3 9.40727 0.117942 4.30459 2 2 0.119919 5.62086e-05 46.1894 2 
1.37533 0.000710398 -1 0.740181 0.222569 0.0406168 0.03797 289913 5 214.849 0.0442596 5.46041 2 2 14.8932 0.192117 8.80463 2 2 0.115239 5.68152e-05 45.0368 2 
1.41594 0.000736987 -1 0.74882 0.221476 0.0406168 0.038722 290894 5 14.7263 0.0560811 3.04688 2 3 12.1038 0.0696786 5.57966 2 2 0.0908528 3.02967e-05 54.761 2 
1.45656 0.000775521 -1 0.757539 0.22042 0.0406168 0.039485 291756 6 143.198 0.0559705 3.69825 2 3 13.699 0.13453 4.66971 2 2 0.0742404 3.22511e-05 47.9786 2 
1.49718 0.000817774 -1 0.766404 0.218905 0.0406168 0.040197 292957 6 292.891 0.0432369 4.34986 2 3 24.8139 0.075855 6.89028 2 2 0.0942322 3.62718e-05 50.97 2 
1.53779 0.000837017 -1 0.775443 0.21768 0.0406168 0.040937 293915 6 210.186 0.0514666 3.99803 2 3 10.8864 0.120437 4.48789 2 2 0.112029 4.52403e-05 49.7624 2 
1.57841 0.000873161 -1 0.784504 0.216632 0.0406168 0.041663 294938 6 17.2686 0.0525967 2.62654 2 3 15.265 0.0760255 5.85571 2 2 0.123294 3.96769e-05 55.7446 2 
1.61903 0.000913596 -1 0.793207 0.215672 0.0406168 0.042373 296038 6 200.476 0.0541875 3.93273 2 3 44.3514 0.114659 7.28618 2 2 0.135698 3.82818e-05 59.5376 2 
1.65964 0.000950483 -1 0.801676 0.214465 0.0406168 0.044132 290039 8 483.277 0.0488145 3.15832 2 3 16.9908 0.157735 4.75805 2 2 0.118786 4.31899e-05 52.4435 2 
1.70026 0.000987624 -1 0.810189 0.212647 0.0406168 0.045798 285078 5 172.864 0.0533586 5.03616 2 3 22.8877 0.169138 5.13397 2 2 0.168318 5.20374e-05 56.8732 2 
1.74088 0.00101701 -1 0.818811 0.2112 0.0406168 0.046817 284341 5 258.444 0.0228265 6.46823 2 3 10.5644 0.0595458 5.61907 2 2 0.202455 6.75522e-05 54.745 2 
1.78149 0.00100021 -1 0.827579 0.209054 0.0406168 0.047516 285546 6 144.968 0.0259962 4.21108 2 3 16.0497 0.0905772 5.61672 2 2 0.223013 9.5685e-05 48.2773 2 
1.82211 0.000998416 -1 0.836402 0.207045 0.0406168 0.048171 286978 5 172.165 0.0564101 4.97643 2 3 54.3989 0.158563 7.0005 2 2 0.231563 8.83849e-05 51.1853 2 
1.86273 0.00101022 -1 0.84518 0.205903 0.0406168 0.048825 288377 5 26.0145 0.0562649 3.4119 2 3 13.4704 0.171869 4.27952 2 2 0.207053 6.63372e-05 55.8678 2 
1.90335 0.00105112 -1 0.853056 0.204773 0.0406168 0.049475 289763 5 178.066 0.05707 4.99844 2 3 19.1259 0.13687 5.18926 2 2 0.182636 5.74094e-05 56.4029 2 
1.94396 0.00109126 -1 0.860911 0.203335 0.0406168 0.050144 291002 5 13.6849 0.0488685 3.08633 2 3 15.2223 0.114235 5.10772 2 2 0.22921 7.93565e-05 53.7435 2 
1.98458 0.00112738 -1 0.868932 0.200692 0.0406168 0.051074 290715 10 404.1 0.0419783 2.50234 2 3 12.4036 0.0600902 5.90992 2 3 0.270381 2.05598e-06 50.8533 2 
2.0252 0.00114866 -1 0.877134 0.198393 0.0406168 0.052551 287416 6 153.195 0.0434844 3.90078 2 3 16.4625 0.114566 5.23778 2 3 0.255914 2.0753e-06 49.7742 2 
2.06581 0.00116325 -1 0.885456 0.197909 0.0406168 0.053556 286803 4 38.3423 0.0217862 6.477 2 3 43.6703 0.0719924 8.46512 2 3 0.214967 2.55593e-06 43.8134 2 
2.10643 0.00116089 -1 0.893926 0.197693 0.0406168 0.05427 287746 5 142.035 0.0342924 5.2898 2 3 19.9952 0.109501 5.6733 2 3 0.270659 2.32242e-06 48.8458 2 
2.14705 0.00118709 -1 0.902465 0.197388 0.0406168 0.054945 288871 5 169.377 0.0520236 5.04116 2 3 11.9961 0.203067 3.89464 2 2 0.223637 8.72284e-05 50.6341 2 
2.18766 0.00122279 -1 0.910411 0.196931 0.0406168 0.055649 289817 4 17.7482 0.0565327 4.20934 2 3 12.1644 0.117866 4.69065 2 2 0.212286 6.64339e-05 56.5283 2 
2.22828 0.00126398 -1 0.917729 0.196464 0.0406168 0.056344 290785 5 633.461 0.0486473 6.65169 2 2 10.1551 0.150557 8.21282 2 2 0.254508 8.7406e-05 53.961 2 
2.2689 0.00129136 -1 0.925327 0.194938 0.0406168 0.057056 291643 4 186.047 0.040887 8.21315 2 3 18.0841 0.140743 5.04611 2 3 0.272938 1.60196e-06 55.4376 2 
2.30951 0.0013003 -1 0.933166 0.193847 0.0406168 0.057746 292592 5 186.07 0.0260849 5.89736 2 3 23.5019 0.0574322 7.42419 2 2 0.203244 7.1314e-05 53.3852 2 
2.35013 0.0012851 -1 0.941197 0.193759 0.0406168 0.05836 293900 3 81.5825 0.0589516 11.1438 2 2 47.5464 0.16639 16.9042 2 2 0.210812 6.82226e-05 55.5883 2 
2.39075 0.00129486 -1 0.949403 0.193877 0.0406168 0.059041 294846 6 35.7078 0.0439793 3.05435 2 3 18.169 0.0466652 7.30207 2 2 0.282713 6.42293e-05 66.3448 2 
2.43136 0.00132329 -1 0.957743 0.193988 0.0406168 0.059775 295508 5 137.126 0.0399947 5.09359 2 3 12.4669 0.126224 4.62244 2 2 0.259323 7.12321e-05 60.3368 2 
2.47198 0.00135561 -1 0.966103 0.194116 0.0406168 0.060466 296365 5 164.3 0.0482935 5.08569 2 3 9.38427 0.120405 4.27155 2 2 0.220881 7.92313e-05 52.7996 2 
2.5126 0.0013866 -1 0.973863 0.19425 0.0406168 0.061361 296214 9 714.945 0.0441028 2.936 2 3 10.5499 0.135744 4.26753 2 2 0.255066 9.59369e-05 51.5624 2 
2.55321 0.0014185 -1 0.981124 0.193957 0.0406168 0.062106 296783 5 106.833 0.0537339 4.56764 2 3 17.2112 0.115197 5.30629 2 3 0.269555 2.03271e-06 50.9946 2 
2.59383 0.00145642 -1 0.988623 0.193485 0.0406168 0.062861 297291 5 220.195 0.0599573 5.16408 2 3 35.7083 0.219568 5.45841 2 3 0.240251 2.03206e-06 49.0806 2 
2.63445 0.00142972 -1 0.996449 0.193699 0.0406168 0.063615 297791 5 186.727 0.0244832 5.97679 2 3 12.5781 0.159791 4.28569 2 3 0.255848 1.92216e-06 51.0581 2 
2.67507 0.00142389 -1 1.00449 0.194123 0.0406168 0.064349 298373 6 51.394 0.0445778 3.23816 2 2 13.3686 0.221191 7.77428 2 3 0.299295 2.05665e-06 52.5993 2 
2.71568 0.00144999 -1 1.01268 0.194433 0.0406168 0.065063 299033 6 16.5977 0.0548265 2.59125 2 3 11.5304 0.14396 4.31056 2 2 0.265969 9.37148e-05 53.2735 2 
2.7563 0.00148405 -1 1.021 0.194909 0.0406168 0.06696 294385 7 132.931 0.0461305 3.12057 2 3 12.1598 0.105043 4.87364 2 2 0.226083 6.43755e-05 59.2617 2 
2.79692 0.00151809 -1 1.02931 0.195215 0.0406168 0.067659 295127 7 160.521 0.0448613 3.21859 2 2 11.187 0.213791 7.23371 2 2 0.249304 7.47006e-05 57.7701 2 
2.83753 0.0015528 -1 1.03723 0.195288 0.0406168 0.068361 295841 8 556.491 0.0497685 3.20673 2 2 18.704 0.202258 9.61643 2 2 0.269915 9.74207e-05 52.6366 2 
2.87815 0.00158591 -1 1.04455 0.195677 0.0406168 0.069413 295046 4 205.115 0.0538616 7.8556 2 3 31.0016 0.106119 6.63535 2 3 0.264792 1.97034e-06 51.2218 2 
2.91877 0.00157572 -1 1.05212 0.19546 0.0406168 0.071183 291306 4 176.142 0.0534618 7.57626 2 3 20.357 0.0994927 5.89261 2 3 0.33587 2.64979e-06 50.2327 2 
2.95938 0.00158556 -1 1.06 0.195772 0.0406168 0.072889 288000 6 191.24 0.0558865 3.88191 2 3 16.6444 0.171152 4.59864 2 2 0.289144 9.42858e-05 55.3776 2 
3 0.00162158 -1 1.06812 0.195907 0.0406168 0.073922 287438 5 42.6328 0.0568818 3.75798 2 3 13.0343 0.11734 4.80707 2 2 0.266045 7.51412e-05 59.5029 2 

# Multigrid, 83 steps, 0.06864 CPU, 0.07516 real, 2.83e+05 points.step/s, 23 var
