0.904295 0
0.90541 0.0625

0.905184 0.0625
0.908981 0.125

0.909914 0.125
0.914975 0.1875

0.91441 0.1875
0.919999 0.25

0.90389 0.25
0.9375 0.306371

0.927825 0.3125
0.9375 0.320586

0.9375 0.301288
0.951759 0.3125

0.953367 0.3125
1 0.332982

1 0.325338
1.0625 0.316033

1.125 0.283708
1.07004 0.3125

1.0625 0.317533
1.07268 0.3125

1.1875 0.228019
1.16661 0.25

1.125 0.28054
1.16133 0.25

1.25 0.127322
1.21718 0.1875

1.1875 0.222066
1.21524 0.1875

1.27312 0
1.26774 0.0625

1.26872 0.0625
1.25061 0.125

1.25 0.125637
1.25033 0.125

kappa_offset_provider_stats evaluations=1322 clamp_hits=0 denominator_guard_hits=0 min_abs_denominator=0.75135008762072319 max_abs_d_over_h=0.51957394243558963 grad_samples=1322 grad_min=0.73112518302327922 grad_mean=0.98864509557922109 grad_std=0.062091974274133564 grad_max=1.0999431269499911
