t sb -1 xb vb dt perf.t perf.speed
0 0 -1 0.5 0 2.52982e-05 0 0 
2.52982e-05 0 -1 0.5 0.000483184 2.52982e-05 0.022266 735830 1 686.715 1904.83 0.360513 4 
0.000614221 -3.8301e-08 -1 0.5 0.00117204 0.000588923 0.056551 579442 5 1430.6 215.922 1.45964 5 2 1713.39 428.432 1.9998 4 3 0.0834052 5.242e-05 11.6743 2 
0.00171532 -1.71698e-06 -1 0.5 0.00157973 0.0011011 0.132675 370469 7 437.842 65.1891 1.31269 6 2 781.933 207.601 1.94075 5 18 0.116507 5.17152e-05 1.53555 3 
0.00328182 -3.18137e-06 -1 0.500002 0.0020645 0.0015665 0.16769 390816 2 155.619 1.83065 9.21996 6 2 370.276 89.9613 2.02878 5 6 0.0585438 5.74421e-05 3.17231 3 
0.00527167 -3.31141e-06 -1 0.500006 0.00321331 0.00198985 0.2087 392525 1 62.3794 19.5345 3.1933 6 3 264.407 99.7075 1.38415 6 8 0.0759434 7.36802e-05 2.38036 3 
0.00764656 -1.38672e-06 -1 0.500014 0.0045314 0.00237488 0.272751 360417 4 31.5081 15.9338 1.18584 8 3 151.446 55.9839 1.39337 7 11 0.131421 6.47356e-05 1.99841 3 
0.0103718 3.03204e-07 -1 0.500027 0.00637821 0.00272528 0.329078 348513 2 22.6028 6.11132 1.92315 8 1 74.1342 39.2383 1.88933 7 13 0.165874 8.44389e-05 1.79195 3 
0.0134132 9.53113e-07 -1 0.500047 0.00845461 0.00304133 0.393727 332901 2 37.7721 1.37908 5.23348 8 1 21.4456 20.4384 1.04928 7 16 0.222564 7.3627e-05 1.65016 3 
0.0167427 5.16991e-07 -1 0.500075 0.0105827 0.00332953 0.461084 319803 2 57.7976 3.77064 3.91514 8 1 21.9286 12.653 1.73308 7 18 0.26839 9.59559e-05 1.55411 3 
0.020337 -4.7764e-07 -1 0.500113 0.0127776 0.00359429 0.547084 299479 2 75.7283 2.6083 5.38828 8 1 21.6634 13.7837 1.57166 7 24 0.309984 8.79762e-05 1.40537 3 
0.0241718 -1.37718e-06 -1 0.500162 0.0153794 0.00383483 0.614943 293074 3 1121.67 3.42454 6.8932 8 1 21.0076 21.3744 0.98284 7 13 0.357246 9.84797e-05 1.87852 4 
0.0282206 -1.72392e-06 -1 0.500223 0.0174582 0.00404875 0.699933 280895 2 72.6807 3.13585 4.81428 8 2 20.9229 4.84213 2.07871 8 19 0.429604 7.42047e-05 1.57773 4 
0.032466 -1.51927e-06 -1 0.500297 0.0201651 0.0042454 0.779934 273090 3 1131.09 1.46646 9.17085 7 2 26.0764 2.34033 3.33799 9 14 0.583229 8.3436e-05 1.88194 5 
0.0368951 -1.15131e-06 -1 0.500387 0.0228252 0.00442916 0.895417 256167 3 1121.73 1.24482 9.65888 6 2 31.5492 3.26711 3.10751 10 22 0.859314 8.31844e-05 1.52216 5 
0.041482 -8.97609e-07 -1 0.500492 0.0256982 0.00458685 1.06296 231202 4 1140.54 0.903261 5.96107 5 2 36.0899 4.41199 2.86007 10 36 1.03975 9.84285e-05 1.29352 5 
0.0462232 -7.81576e-07 -1 0.500613 0.0286147 0.00474121 1.27722 205245 4 1139.76 2.12409 4.81293 4 2 50.6205 5.30674 3.08851 10 49 1.02866 8.69056e-05 1.21095 5 
0.0510974 -7.68886e-07 -1 0.500752 0.0313002 0.00487422 1.37835 202074 3 1147.7 2.85717 7.37844 4 2 64.4859 4.96105 3.60533 10 17 0.962357 8.9495e-05 1.72643 6 
0.0560955 -8.24595e-07 -1 0.500909 0.0344263 0.00499814 1.50278 196244 4 1096.64 0.874311 5.95114 3 2 69.8633 4.72661 3.84459 10 21 1.20737 6.69612e-05 1.59466 6 
0.0611976 -8.85236e-07 -1 0.501084 0.0373787 0.00510209 1.63722 190137 4 209.619 0.93594 3.86853 3 2 72.4098 4.59904 3.96794 10 24 1.61733 6.93256e-05 1.52053 6 
0.0664083 -9.09193e-07 -1 0.501279 0.0403389 0.00521064 1.7672 185424 4 1170.46 3.32588 4.33124 3 2 95.9399 4.19254 4.78367 10 24 1.53167 7.48121e-05 1.51228 6 
0.0717036 -8.17576e-07 -1 0.501494 0.0434983 0.00529529 1.9057 180544 6 1142.53 2.6509 2.7484 3 2 113.708 3.97649 5.34744 10 24 1.32211 8.32856e-05 1.49634 6 
0.0770865 -7.18926e-07 -1 0.501728 0.0465826 0.0053829 2.04271 176456 5 1154.96 1.47099 3.79307 3 2 118.357 4.26203 5.26974 10 25 1.84033 9.25379e-05 1.48574 6 
0.0825498 -5.96318e-07 -1 0.501983 0.0498191 0.00546339 2.17718 173083 4 1109.21 2.83408 4.44785 3 2 110.576 4.1308 5.17385 10 24 2.23413 9.5763e-05 1.52053 6 
0.0880753 -3.99039e-07 -1 0.502259 0.0529215 0.00552547 2.30096 170892 5 1128.86 2.14525 3.50132 3 2 152.919 3.9113 6.25273 10 22 1.90499 9.83564e-05 1.56627 6 
0.0936644 -2.48521e-07 -1 0.502555 0.056122 0.00558911 2.42346 169015 5 1030.36 0.709402 4.28963 3 2 163.498 3.50036 6.83439 10 21 1.59059 9.43285e-05 1.58958 6 
0.0993078 -1.05658e-07 -1 0.502872 0.0593023 0.00564337 2.54615 167305 5 1061.34 1.43925 3.74579 2 2 165.909 3.26848 7.12463 10 21 2.6463 6.72264e-05 1.65506 6 
0.105007 2.67011e-08 -1 0.503211 0.0625348 0.00569881 2.65724 166477 6 1157.78 1.92285 2.9059 3 2 150.875 2.33348 8.04094 10 18 2.67417 8.10799e-05 1.78244 6 
0.110751 1.12106e-07 -1 0.50357 0.0658056 0.00574403 2.75911 166268 4 1115.66 1.84015 4.96216 3 2 218.11 1.54706 11.8737 10 16 2.17968 5.80426e-05 1.93159 6 
0.116541 2.47399e-07 -1 0.503951 0.0689549 0.00579008 2.84855 166800 6 1144.42 0.205393 4.21049 4 2 219.422 2.03043 10.3955 10 13 2.25365 9.62226e-05 2.16832 6 
0.122366 3.35966e-07 -1 0.504353 0.0721416 0.00582517 2.93612 167404 5 1190.72 1.19972 3.97508 4 2 195.143 2.47648 8.87686 10 12 3.23039 5.88844e-05 2.48278 6 
0.128227 3.74682e-07 -1 0.504777 0.0753547 0.00586076 3.01537 168438 5 1152.9 0.959964 4.12959 4 2 232.005 2.98669 8.8136 10 11 2.84313 5.4515e-05 2.68438 6 
0.134124 3.8713e-07 -1 0.505222 0.0786019 0.00589687 3.09102 169617 4 1157.02 1.65669 5.14073 4 2 262.632 4.07044 8.03254 10 11 2.12504 4.14129e-05 2.68042 6 
0.140045 4.75755e-07 -1 0.505688 0.081777 0.00592123 3.17462 170311 5 1186.52 0.995084 4.12366 4 2 276.555 4.70773 7.66453 10 11 3.22233 6.23236e-05 2.68226 6 
0.146003 6.19426e-07 -1 0.506175 0.0850091 0.00595824 3.25103 171348 4 532.271 0.305134 6.46265 4 2 244.891 6.00842 6.3842 10 10 3.4837 5.44198e-05 3.02432 6 
0.151974 7.85671e-07 -1 0.506683 0.0880984 0.00597071 3.32281 172577 5 1198.1 1.92745 3.61995 3 2 342.644 8.10273 6.50289 10 9 3.04956 5.11473e-05 3.39314 6 
0.15797 9.06574e-07 -1 0.507212 0.0913963 0.00599584 3.39351 173809 5 1122.03 0.812613 4.24644 3 2 429.454 10.2383 6.47658 10 9 3.0527 5.97538e-05 3.33539 6 
0.163991 1.06839e-06 -1 0.507762 0.0945436 0.00602125 3.46788 174806 6 5000.14 0.974373 4.15314 3 3 2392.38 1.85427 10.8864 9 9 3.69289 8.14813e-05 3.2913 6 
0.170025 1.18409e-06 -1 0.508332 0.0977094 0.00603406 3.5465 175551 5 2141.85 0.396874 5.57734 3 3 984.695 2.61138 7.22455 9 12 6.54418 6.25263e-05 2.62009 5 
0.176072 1.35441e-06 -1 0.508923 0.100753 0.00604696 3.62358 176338 5 1746.84 2.45882 3.71796 3 3 1380.65 2.69342 8.00313 9 11 5.54614 6.57537e-05 2.8043 5 
0.182145 1.59111e-06 -1 0.509535 0.103955 0.00607296 3.70594 176840 5 1557.68 0.477078 5.04403 3 3 1181.21 2.46488 7.82546 8 11 4.94916 7.73145e-05 2.73485 5 
0.188231 1.9179e-06 -1 0.510169 0.10704 0.00608608 3.77889 177762 5 1389.53 1.1932 4.10422 3 3 772.82 2.40684 6.84768 7 10 5.02723 6.23692e-05 3.09482 5 
0.19433 2.23367e-06 -1 0.510823 0.11015 0.00609928 3.86802 177902 5 1365.92 0.704967 4.54413 3 3 943.961 2.62694 7.10943 6 17 5.42818 8.74346e-05 1.91399 4 
0.200429 2.48444e-06 -1 0.511495 0.113262 0.00609928 3.99601 176304 5 1376.49 0.866857 4.36682 3 3 805.989 2.22213 7.1316 5 28 4.21119 8.19407e-05 1.47315 4 
0.206542 2.57636e-06 -1 0.512188 0.116432 0.0061126 4.10469 175627 5 1252.16 1.281 3.96298 3 3 799.954 3.24718 6.26883 4 21 5.35364 6.04863e-05 1.72017 5 
0.212668 2.59446e-06 -1 0.512902 0.119465 0.006126 4.18849 176025 5 1412.43 2.14945 3.6604 3 3 703.406 7.69895 4.50393 3 14 4.26546 9.68325e-05 2.1464 5 
0.218808 2.47167e-06 -1 0.513635 0.122462 0.0061395 4.2949 175479 5 1246.06 1.78403 3.70534 3 4 782.485 3.5252 3.85987 3 20 5.01519 7.00191e-05 1.74885 5 
0.224947 2.34957e-06 -1 0.514386 0.125497 0.0061395 4.4081 174689 5 1280.02 2.15026 3.58877 3 3 664.695 10.5371 3.98077 3 21 4.822 9.41155e-05 1.67597 5 
0.2311 2.19067e-06 -1 0.515157 0.128438 0.00615311 4.52613 173754 5 1967.71 2.28758 3.86293 3 3 1018.96 8.30927 4.96819 3 23 3.39403 8.10364e-05 1.58839 5 
0.237253 2.09494e-06 -1 0.515946 0.131363 0.00615311 4.66269 172179 5 7243.64 1.61244 5.37644 3 4 3747.6 8.56126 4.57408 2 23 6.47993 5.88322e-05 1.65659 7 
0.24342 1.98753e-06 -1 0.516756 0.13429 0.00616685 4.83304 169500 6 3424.88 1.15935 3.78796 2 4 1847.6 5.64838 4.25276 2 29 6.92455 9.64031e-05 1.47048 7 
0.249587 2.26288e-06 -1 0.517584 0.137182 0.00616685 4.98477 167627 6 2647.97 1.72973 3.39487 2 4 1813.25 5.79111 4.20653 2 26 6.17583 9.08894e-05 1.5341 7 
0.255754 2.90249e-06 -1 0.518431 0.140074 0.00616685 5.11865 166444 6 2105.44 1.38807 3.38965 2 4 1509.83 5.78692 4.01902 2 22 5.98177 6.92635e-05 1.6764 7 
0.261935 3.61756e-06 -1 0.519297 0.142907 0.00618073 5.23039 166021 5 2271.32 2.25607 3.98644 2 4 1541.53 2.75644 4.86296 2 17 7.00332 5.42547e-05 1.9982 7 
0.268115 4.55495e-06 -1 0.520181 0.145641 0.00618073 5.32248 166226 5 1966.09 2.04845 3.94853 2 4 1618.45 4.07907 4.46308 2 13 6.16949 6.66168e-05 2.41019 7 
0.274296 5.49433e-06 -1 0.521083 0.148548 0.00618073 5.40767 166637 6 2199.36 1.42057 3.40125 2 4 1068.78 5.01644 3.82052 2 10 5.4676 9.64162e-05 2.98789 7 
0.280477 6.40552e-06 -1 0.522 0.15135 0.00618073 5.48801 167183 7 1771.22 1.73627 2.69034 2 4 1269.85 2.74493 4.63772 2 11 6.16435 8.49364e-05 2.76624 7 
0.286672 7.27013e-06 -1 0.522937 0.154035 0.00619481 5.57288 167577 5 2144.79 1.95492 4.05556 2 4 990.279 4.23824 3.9097 2 12 4.80752 5.35732e-05 2.58671 7 
0.292866 8.21462e-06 -1 0.52389 0.156798 0.00619481 5.66052 167877 6 12671.7 2.46619 4.15402 2 4 6756.58 5.91754 5.81295 2 12 5.73478 7.04799e-05 2.56569 7 
0.299061 9.13832e-06 -1 0.524862 0.159494 0.00619481 5.82178 166041 7 4833.1 1.4487 3.18655 2 5 2466.21 4.81083 3.48307 2 28 9.53431 6.90744e-05 1.52606 6 
0.305256 9.95523e-06 -1 0.525851 0.16212 0.00619481 5.955 165078 6 3730.34 1.55542 3.65862 2 4 2378.72 7.49973 4.22012 2 24 7.28944 5.62715e-05 1.63312 7 
0.311451 1.08131e-05 -1 0.526856 0.164719 0.00619481 6.05018 165189 7 2907.95 1.70076 2.89634 2 4 2080.14 7.71666 4.05197 2 14 6.60841 6.14856e-05 2.2876 7 
0.317646 1.16674e-05 -1 0.527878 0.167355 0.00619481 6.14864 165209 7 2983.04 1.76038 2.89263 2 4 1987.91 5.14081 4.43447 3 14 7.20802 6.24251e-05 2.29934 7 
0.32384 1.25682e-05 -1 0.528914 0.16987 0.00619481 6.24337 165326 6 2685.63 2.21572 3.26529 2 4 2123.23 3.67336 4.90324 3 14 7.54112 7.35119e-05 2.28 7 
0.33005 1.35242e-05 -1 0.529969 0.172448 0.00620919 6.34293 165314 6 2195.31 2.44765 3.10545 2 4 1825.69 2.15741 5.39354 3 15 5.94484 5.78256e-05 2.15841 7 
0.336259 1.45574e-05 -1 0.531039 0.174952 0.00620919 6.44769 165169 7 2557.39 2.06391 2.76613 2 4 1472.79 2.47186 4.94059 3 15 6.71013 7.09339e-05 2.14647 7 
0.342468 1.55599e-05 -1 0.532125 0.177407 0.00620919 6.55595 164941 9 13345.6 2.04251 2.65404 2 4 7249.75 9.16786 5.3029 2 15 5.95762 6.35468e-05 2.14519 7 
0.348677 1.63111e-05 -1 0.533227 0.179837 0.00620919 6.70819 163640 9 6067.47 2.24097 2.40656 2 4 3139.99 9.27404 4.28958 2 22 10.7173 9.72404e-05 1.69509 7 
0.354886 1.69179e-05 -1 0.534345 0.182227 0.00620919 6.83912 162903 9 4677.61 2.14769 2.34906 2 5 2843.44 4.38092 3.65137 2 19 8.33445 6.5261e-05 1.85673 7 
0.361096 1.7442e-05 -1 0.535476 0.184612 0.00620919 6.94752 162719 8 3645.56 1.87214 2.57738 2 5 2591.81 7.57318 3.21266 2 15 6.99834 7.98486e-05 2.13558 7 
0.367305 1.8044e-05 -1 0.536622 0.186947 0.00620919 7.05505 162562 6 2905.93 1.65637 3.47287 3 5 1995.96 4.41551 3.39652 2 15 7.11601 5.93612e-05 2.18063 7 
0.373514 1.87972e-05 -1 0.537783 0.189251 0.00620919 7.15187 162652 5 3424.3 2.55743 4.2204 3 5 2544.92 4.62882 3.53216 2 14 8.02466 8.39123e-05 2.2686 7 
0.379723 1.97372e-05 -1 0.538958 0.19149 0.00620919 7.25664 162561 5 2758.02 2.15718 4.1816 3 5 2289.15 5.60634 3.32812 2 14 7.09906 8.07592e-05 2.25498 7 
0.385932 2.07698e-05 -1 0.540147 0.193539 0.00620919 7.35224 162676 5 3229.03 1.83119 4.45931 3 5 1577.23 5.66365 3.0829 2 14 5.73931 7.28539e-05 2.2374 7 
0.392141 2.17323e-05 -1 0.541348 0.195823 0.00620919 7.45563 162618 5 11921.5 1.5029 6.02393 3 6 6524.11 3.03213 3.59304 2 14 8.22149 4.90293e-05 2.36145 7 
0.398351 2.2602e-05 -1 0.542563 0.198005 0.00620919 7.5506 162742 5 5255.9 1.24941 5.30626 2 5 3077.31 5.15978 3.59011 2 13 8.30615 8.80458e-05 2.41362 7 
0.40456 2.32495e-05 -1 0.543793 0.200066 0.00620919 7.64816 162808 6 3888.52 1.6252 3.65718 3 6 3125.5 3.90923 3.04652 2 13 9.7416 7.36509e-05 2.47718 7 
0.410769 2.39599e-05 -1 0.545036 0.202061 0.00620919 7.74287 162933 6 4275.16 1.45727 3.78357 3 6 3478.04 5.79119 2.90465 2 13 9.11546 5.80662e-05 2.51004 7 
0.416978 2.45804e-05 -1 0.546291 0.204102 0.00620919 7.83052 163202 5 3968.76 2.41278 4.39772 3 6 3314.24 7.46825 2.76181 2 12 8.48441 8.888e-05 2.60007 7 
0.423187 2.54095e-05 -1 0.547557 0.20617 0.00620919 7.91874 163452 5 3032.54 1.74053 4.44862 3 6 2532.88 5.53076 2.77633 2 12 7.07389 6.32583e-05 2.63458 7 
0.429397 2.61245e-05 -1 0.548835 0.208035 0.00620919 8.00912 163653 7 3791.39 1.60162 3.03413 2 6 2030.29 6.07982 2.63397 2 12 6.30802 5.01486e-05 2.66054 7 
0.435606 2.68001e-05 -1 0.550127 0.209918 0.00620919 8.14029 163029 8 13096.8 2.01384 2.9967 2 6 7322.87 4.40713 3.44155 2 18 8.40407 9.31192e-05 1.88496 7 
0.441815 2.75305e-05 -1 0.55143 0.211754 0.00620919 8.279 162277 8 5736.06 1.73896 2.7529 2 6 3308.35 1.42111 3.64053 2 21 8.41073 8.18823e-05 1.73241 7 
0.448024 2.8238e-05 -1 0.552745 0.213613 0.00620919 8.39072 162069 7 4393.19 2.45109 2.91591 2 4 2838.16 8.99787 4.21429 2 16 10.0444 7.37426e-05 2.09357 7 
0.454233 2.90783e-05 -1 0.55407 0.215357 0.00620919 8.4752 162386 7 4330.71 2.36343 2.92513 2 4 3522.93 8.31755 4.53657 2 11 9.11468 8.00567e-05 2.88182 7 
0.460443 2.99642e-05 -1 0.555406 0.217065 0.00620919 8.55462 162794 6 4448.05 2.55182 3.46912 2 4 3647.86 6.43284 4.87988 2 10 8.91333 3.77957e-05 3.44556 7 
0.466652 3.0919e-05 -1 0.556754 0.218738 0.00620919 8.63379 163199 6 3601.14 1.86803 3.52784 3 4 3015.43 5.8501 4.76482 3 9 7.79205 7.52961e-05 3.60752 7 
0.472861 3.17944e-05 -1 0.55811 0.220343 0.00620919 8.71154 163623 6 5833.07 1.64618 3.90454 3 5 3331.99 6.69587 3.46242 2 9 5.86859 5.09026e-05 3.65108 7 
0.47907 3.26161e-05 -1 0.559475 0.221947 0.00620919 8.78719 164079 6 11711.2 1.41507 4.4975 3 5 6463.66 10.0906 3.64177 2 9 9.82494 4.33655e-05 3.93569 7 
0.485279 3.32952e-05 -1 0.560853 0.223518 0.00620919 8.86974 164399 7 6836.47 2.37805 3.11952 2 5 3994.69 9.90824 3.31969 2 11 9.62887 7.72906e-05 2.90551 6 
0.491488 3.4042e-05 -1 0.562241 0.224985 0.00620919 8.94672 164816 7 5587.49 2.32415 3.04084 2 5 3877.02 8.14872 3.43148 2 11 8.07313 5.80092e-05 2.93491 6 
0.497698 3.48588e-05 -1 0.563637 0.226405 0.00620919 9.02316 165235 7 4312.95 2.18517 2.95635 2 4 3151.75 8.51431 4.38632 2 11 7.56758 4.53212e-05 2.98392 6 
0.503907 3.57402e-05 -1 0.56504 0.227801 0.00620919 9.10168 165610 7 3555.2 2.04652 2.90292 2 5 2460.01 3.86437 3.63724 2 11 7.09232 4.14713e-05 2.99041 6 
0.510131 3.67633e-05 -1 0.566457 0.229175 0.00622467 9.17425 166086 7 4377.6 1.82465 3.03994 2 5 3170.22 4.32372 3.7415 2 10 8.21843 3.98707e-05 3.39949 6 
0.516356 3.77645e-05 -1 0.567882 0.230428 0.00622467 9.35684 164596 11 20737.2 1.95486 2.32256 4 6 11771.2 2.02493 4.24035 3 32 8.49418 7.17437e-05 1.44059 6 
0.522581 3.82723e-05 -1 0.569314 0.231661 0.00622467 9.64595 161361 6 9304.51 2.10429 4.05133 4 5 5187.06 2.07207 4.78303 3 56 10.5619 8.47423e-05 1.23309 6 
0.528806 3.86062e-05 -1 0.570755 0.232918 0.00622467 9.81532 160246 6 5112.56 2.4228 3.58141 3 5 3532.8 4.34506 3.81966 3 31 10.7722 8.64823e-05 1.46005 6 
0.53503 3.90393e-05 -1 0.572206 0.234026 0.00622467 9.92093 160191 5 4633 2.42644 4.53084 3 5 3882.76 6.19952 3.62541 3 17 9.77858 7.08518e-05 2.00608 6 
0.541255 3.96962e-05 -1 0.573661 0.235262 0.00622467 10.0065 160459 6 5305.82 1.50967 3.89923 2 5 4351.95 6.49682 3.67449 2 13 9.29414 5.48779e-05 2.52474 6 
0.54748 4.06943e-05 -1 0.575123 0.23636 0.00622467 10.0812 160895 6 4343.45 1.25129 3.89117 2 5 3610.61 3.99623 3.90109 2 11 8.57214 3.72209e-05 3.07243 6 
0.553704 4.17955e-05 -1 0.576592 0.237427 0.00622467 10.1529 161372 7 17879.8 1.43157 3.84788 2 5 10254.7 8.60718 4.12299 3 10 6.93444 7.87763e-05 3.12221 6 
0.559929 4.27604e-05 -1 0.57807 0.238439 0.00622467 10.2319 161728 9 11336 2.10584 2.59752 2 5 6261.06 9.91564 3.63133 2 12 12.5482 8.27713e-05 2.70225 5 
0.566154 4.36155e-05 -1 0.57955 0.239409 0.00622467 10.3042 162184 8 7998.65 1.39053 2.95107 2 5 5101.34 6.63554 3.77713 2 11 9.29982 5.7789e-05 2.97392 5 
0.572378 4.43742e-05 -1 0.58104 0.240344 0.00622467 10.3789 162594 8 6248.81 1.98194 2.7374 2 5 4826.69 5.30886 3.90598 2 11 10.1545 5.58064e-05 3.00732 5 
0.578603 4.51284e-05 -1 0.582535 0.241157 0.00622467 10.4455 163126 6 5674.54 1.17948 4.10872 3 5 4642.19 6.37559 3.73629 2 10 9.39232 5.01717e-05 3.36691 5 
0.584828 4.57477e-05 -1 0.584032 0.241868 0.00622467 10.5174 163569 6 4387.61 2.41966 3.49204 3 5 3595.09 8.5397 3.34852 2 10 8.2347 4.49874e-05 3.35935 5 
0.591052 4.62019e-05 -1 0.585535 0.242707 0.00622467 10.6076 163722 7 8092.69 1.8497 3.31239 3 8 4677.29 4.99715 2.35185 2 14 6.72921 4.77146e-05 2.33243 5 
0.597277 4.67367e-05 -1 0.587047 0.243487 0.00622467 10.8259 161934 8 10939.7 1.21998 3.11948 3 7 6132.65 4.53039 2.8013 3 36 10.7794 7.90682e-05 1.38876 7 
0.603502 4.73113e-05 -1 0.588558 0.244184 0.00622467 10.9863 161061 8 8923.33 1.08516 3.08588 3 6 5425.36 6.8355 3.04282 3 25 9.19896 9.64541e-05 1.58189 7 
0.609726 4.78362e-05 -1 0.590077 0.244867 0.00622467 11.1068 160789 9 6821.6 1.61913 2.52775 2 6 4995.59 5.25949 3.13526 3 17 9.81525 9.82195e-05 1.96834 7 
0.615951 4.84995e-05 -1 0.591602 0.245509 0.00622467 11.202 160885 9 5888.39 1.45975 2.51556 2 6 4686.28 3.82881 3.2706 3 12 9.24746 5.96585e-05 2.70726 7 
0.622176 4.91802e-05 -1 0.593126 0.246093 0.00622467 11.2815 161205 7 4525.12 1.54179 3.12876 2 5 3624.17 5.73196 3.63229 3 10 8.14116 6.36932e-05 3.24085 7 
0.6284 4.99341e-05 -1 0.594653 0.246646 0.00622467 11.3591 161545 7 6325.54 1.23681 3.3871 2 4 3675.96 5.64293 5.05204 3 10 6.74083 3.88053e-05 3.34181 7 
0.634625 5.06728e-05 -1 0.596191 0.24721 0.00622467 11.4349 161906 8 11980.7 1.75879 3.01411 3 5 6960.44 6.13576 4.08276 2 8 10.2104 5.25468e-05 4.58207 7 
0.64085 5.142e-05 -1 0.597724 0.247743 0.00622467 11.4995 162422 6 9362.76 2.12345 4.04943 2 5 5639.35 2.62608 4.63857 2 7 9.41129 7.08081e-05 5.39434 7 
0.647074 5.22529e-05 -1 0.599263 0.248181 0.00622467 11.5692 162859 8 7106.44 1.36254 2.91516 2 5 5142.94 7.33477 3.70822 2 9 9.84275 4.41034e-05 3.92911 6 
0.653299 5.30352e-05 -1 0.600809 0.248639 0.00622467 11.634 163362 7 6147.64 2.42378 3.0642 2 6 4881.19 3.53738 3.33662 2 8 9.37156 8.80827e-05 4.24977 6 
0.659524 5.39321e-05 -1 0.602352 0.24903 0.00622467 11.7239 163506 7 4767.14 2.47084 2.94676 2 5 3816.85 5.9997 3.63676 2 14 8.32434 8.01359e-05 2.28204 6 
0.665748 5.49856e-05 -1 0.603894 0.249347 0.00622467 11.867 162915 7 7508.12 2.27659 3.18132 2 5 4368.1 6.9269 3.63037 2 26 6.91103 8.34069e-05 1.54585 6 
0.671973 5.60065e-05 -1 0.605448 0.249588 0.00622467 12.0336 162021 11 11871.4 1.76066 2.22882 3 5 6716.21 4.57097 4.29955 2 24 10.6125 7.31328e-05 1.64086 7 
0.678198 5.65727e-05 -1 0.606999 0.249978 0.00622467 12.1489 161832 6 9566.69 2.39557 3.98314 2 5 5844.06 8.70354 3.67624 2 18 9.09262 8.16184e-05 1.90714 7 
0.684422 5.73077e-05 -1 0.608548 0.25013 0.00622467 12.2592 161712 7 7051.31 2.49453 3.112 2 5 5208.19 3.71328 4.25977 2 16 10.2422 5.00523e-05 2.14751 7 
0.690647 5.79843e-05 -1 0.610104 0.25041 0.00622467 12.3606 161711 7 6388.43 1.72713 3.23388 2 5 5166.41 3.83106 4.22643 2 15 9.70217 9.7713e-05 2.15342 7 
0.696872 5.89095e-05 -1 0.611659 0.250529 0.00622467 12.4673 161642 6 5113.55 1.86638 3.74071 2 5 4161.89 3.63586 4.09013 2 15 8.72789 7.33647e-05 2.17952 7 
0.703096 5.9859e-05 -1 0.613215 0.250742 0.00622467 12.5727 161589 7 14818.3 1.45592 3.737 2 5 8610.78 7.84719 4.0557 2 15 7.25466 7.22376e-05 2.15505 7 
0.709321 6.07339e-05 -1 0.614772 0.250887 0.00622467 12.675 161578 7 13341.4 1.93781 3.53403 2 6 7497.57 3.72051 3.55402 2 14 12.4961 5.89904e-05 2.4012 7 
0.715546 6.1634e-05 -1 0.616328 0.250943 0.00622467 12.7648 161725 6 8683.99 1.93214 4.06238 2 5 5476.79 4.15924 4.20632 2 13 9.43503 6.45919e-05 2.49617 7 
0.72177 6.25541e-05 -1 0.61789 0.251073 0.00622467 12.8495 161934 5 5995.83 2.27581 4.83217 3 5 4704.21 2.86429 4.39637 2 12 10.6466 5.66015e-05 2.75126 7 
0.727995 6.32829e-05 -1 0.61945 0.251136 0.00622467 12.9313 162176 6 6208.1 1.98539 3.82401 3 4 5151.3 9.74863 4.7945 3 11 9.84259 6.21117e-05 2.96976 7 
0.73422 6.41008e-05 -1 0.621007 0.251146 0.00622467 13.013 162417 6 5508.51 2.01203 3.74024 3 4 4545.74 6.87595 5.0707 3 10 9.15556 8.32984e-05 3.19231 7 
0.740444 6.47192e-05 -1 0.622565 0.251128 0.00622467 13.0959 162640 6 24009.8 1.34814 5.11025 3 4 13934.1 6.04484 6.92905 3 11 7.78691 5.1051e-05 2.95947 7 
0.746669 6.53295e-05 -1 0.624125 0.251115 0.00622467 13.2333 162190 7 13534.3 2.20461 3.47662 2 5 7612.09 2.27141 5.07039 2 22 12.7627 9.38758e-05 1.71134 7 
0.752894 6.6043e-05 -1 0.625686 0.251018 0.00622467 13.3489 162012 9 6513.66 1.4971 2.5368 3 5 3669.62 5.49262 3.67255 2 17 11.0245 5.92169e-05 2.04171 7 
0.759118 6.65619e-05 -1 0.627247 0.250957 0.00622467 13.4354 162189 6 5388.27 2.33772 3.63448 3 4 3296.92 6.68605 4.71232 2 11 9.90316 5.84882e-05 2.9877 7 
0.765343 6.73033e-05 -1 0.628802 0.250857 0.00622467 13.5178 162412 8 4644.45 2.57995 2.5522 2 5 3823.9 6.92241 3.53549 2 10 8.84853 4.17055e-05 3.40932 7 
0.771568 6.77676e-05 -1 0.630361 0.250761 0.00622467 13.5858 162805 7 5717.55 2.39691 3.03744 2 5 4497.61 7.37503 3.60615 2 8 8.86462 7.75656e-05 4.28794 7 
0.777792 6.82289e-05 -1 0.631917 0.250651 0.00622467 13.6624 163091 10 24145.6 1.88695 2.57459 4 6 13980.7 5.70616 3.67167 2 8 8.81082 2.17212e-05 5.02362 7 
0.784017 6.86076e-05 -1 0.633475 0.250493 0.00622467 13.7427 163331 6 8431.96 1.87239 4.0637 3 6 4770.56 5.67216 3.07235 2 10 10.6063 7.57663e-05 3.27046 6 
0.790242 6.88955e-05 -1 0.635032 0.250368 0.00622467 13.8125 163692 5 7565.74 1.65398 5.3959 3 5 4610.85 5.75882 3.80794 2 10 10.6429 5.78309e-05 3.36117 6 
0.796466 6.93312e-05 -1 0.636586 0.250193 0.00622467 13.8806 164069 6 6103.52 2.43143 3.68655 3 5 4151.92 6.45911 3.64431 2 9 8.07644 5.63237e-05 3.74065 6 
0.802691 6.99325e-05 -1 0.638139 0.250031 0.00622467 13.9506 164420 6 4904.36 2.55588 3.52512 3 6 3509.49 4.16552 3.07324 2 9 7.48024 5.4732e-05 3.72075 6 
0.808916 7.07387e-05 -1 0.639692 0.249842 0.00622467 14.0227 164743 7 4539.86 1.62692 3.10627 3 6 3159.28 5.52118 2.88133 2 9 7.34944 3.10658e-05 3.95465 6 
0.81514 7.15222e-05 -1 0.641242 0.249583 0.00622467 14.1599 164304 7 20544.6 2.38312 3.6494 3 6 11828.4 2.54774 4.0844 3 21 8.98994 5.71821e-05 1.76788 7 
0.821365 7.19689e-05 -1 0.642794 0.249359 0.00622467 14.2814 164053 7 10025.4 2.4818 3.27485 3 5 5771.24 8.24417 3.70702 3 18 10.2724 6.23405e-05 1.94907 7 
0.82759 7.24276e-05 -1 0.644341 0.24911 0.00622467 14.3772 164100 7 8374.08 2.06179 3.27739 3 4 5627.16 5.43313 5.67296 3 13 9.02565 5.49708e-05 2.51872 7 
0.833814 7.28409e-05 -1 0.645888 0.248856 0.00622467 14.4572 164325 7 6734.73 1.18034 3.44046 3 5 5110.91 3.37964 4.3244 3 9 9.36411 7.24389e-05 3.6978 7 
0.840039 7.31567e-05 -1 0.647433 0.248609 0.00622467 14.5289 164641 7 5577.73 0.568183 3.71776 3 5 4340.81 3.02606 4.27897 3 8 8.49891 7.20244e-05 4.30512 7 
0.846264 7.34505e-05 -1 0.648976 0.24836 0.00622467 14.603 164928 6 6152.27 1.22374 4.13896 3 5 3604.35 4.6166 3.78879 3 8 7.34221 3.75892e-05 4.58506 7 
0.852488 7.37554e-05 -1 0.650518 0.24808 0.00622467 14.6696 165296 6 13442.4 1.46163 4.57727 3 6 7689.21 8.66343 3.10003 2 7 10.0572 5.2616e-05 5.68172 7 
0.858713 7.42814e-05 -1 0.652058 0.247799 0.00622467 14.733 165697 7 9837.17 2.0864 3.34797 2 6 6005.06 5.97945 3.16453 2 7 8.83599 6.24384e-05 5.44288 6 
0.864938 7.49729e-05 -1 0.653595 0.247478 0.00622467 14.8006 166047 6 6603.21 2.3173 3.76526 3 5 4969.41 8.3578 3.58792 2 8 10.5896 6.54093e-05 4.47873 6 
0.871162 7.57205e-05 -1 0.655132 0.247195 0.00622467 14.87 166374 5 6186.11 1.82382 5.08261 3 5 5137.24 4.94045 4.01229 2 11 9.98686 6.23497e-05 2.97266 5 
0.877387 7.65421e-05 -1 0.656664 0.246875 0.00622467 14.936 166736 6 6121.12 2.25418 3.73514 2 5 5031.58 5.16689 3.96 2 10 9.27178 3.94358e-05 3.44451 5 
0.883612 7.72112e-05 -1 0.658197 0.24648 0.00622467 15.0584 166469 7 23878.1 2.39708 3.72553 2 5 13936.8 8.39678 4.40565 2 21 8.23799 8.10927e-05 1.73149 6 
0.889836 7.76337e-05 -1 0.659727 0.246156 0.00622467 15.2554 165393 6 14338.6 2.54929 4.21711 2 5 8108.59 4.05109 4.57377 2 35 12.6997 9.89176e-05 1.39945 7 
0.896061 7.8464e-05 -1 0.661255 0.245778 0.00622467 15.4002 164902 6 7132.72 2.55298 3.75291 2 4 4085.16 4.91569 5.36916 2 23 11.2478 8.23223e-05 1.67219 7 
0.902286 7.96085e-05 -1 0.66278 0.245392 0.00622467 15.5021 164875 8 6137.93 1.7431 2.77548 2 4 3905.64 5.07824 5.26617 2 15 9.35784 6.21153e-05 2.21411 7 
0.90851 8.05071e-05 -1 0.664303 0.245043 0.00622467 15.6003 164887 7 4830.97 2.05074 3.03202 2 4 3289.62 3.58273 5.50469 2 14 8.65738 5.81445e-05 2.34148 7 
0.914735 8.12769e-05 -1 0.665822 0.244698 0.00622467 15.7013 164870 5 5202.23 1.89561 4.87179 2 4 3896.89 3.80615 5.65663 2 15 7.96257 6.07602e-05 2.19362 7 
0.92096 8.18689e-05 -1 0.667342 0.244282 0.00622467 15.8095 164778 7 21304.6 2.17184 3.71736 2 4 12382.3 5.55836 6.87011 2 16 8.80261 5.17089e-05 2.12295 7 
0.927184 8.26988e-05 -1 0.668858 0.243914 0.00622467 15.9128 164738 8 9982.16 2.21496 2.86241 2 5 5696.96 2.71045 4.61871 2 15 9.27107 7.07819e-05 2.19355 7 
0.933409 8.35104e-05 -1 0.670374 0.243525 0.00622467 16.0179 164680 7 8410.62 1.90697 3.3162 2 5 5408.37 4.6865 4.09679 2 15 9.30693 7.73075e-05 2.18125 7 
0.939634 8.44977e-05 -1 0.671885 0.243124 0.00622467 16.1141 164714 7 7097.67 1.99464 3.21604 2 5 5198.99 6.33337 3.82699 2 14 8.98694 6.7533e-05 2.32277 7 
0.945858 8.57207e-05 -1 0.673392 0.242734 0.00622467 16.2057 164794 7 5587.6 2.10235 3.08473 2 5 4248.98 6.18821 3.6927 2 13 9.01791 7.6281e-05 2.45588 7 
0.952083 8.68736e-05 -1 0.674898 0.242295 0.00622467 16.2902 164944 5 4556.84 2.37154 4.53656 3 5 3439.49 6.05608 3.55517 2 12 7.30831 7.31464e-05 2.60997 7 
0.958308 8.80946e-05 -1 0.676403 0.241962 0.00622467 16.4453 164385 7 15244.6 1.96023 3.59608 3 5 8933.94 6.76305 4.20901 2 24 9.44321 7.61148e-05 1.63018 7 
0.964532 8.90054e-05 -1 0.677904 0.241503 0.00622467 16.5718 164119 7 10768.3 2.52389 3.30052 2 5 6457.57 6.21362 4.01185 2 19 10.389 6.60105e-05 1.87726 7 
0.970757 8.95075e-05 -1 0.679406 0.241133 0.00622467 16.6683 164152 8 6874.82 1.70763 2.82233 2 5 5037.98 4.49739 4.07248 2 13 10.5245 5.2324e-05 2.55836 7 
0.976982 9.00896e-05 -1 0.680902 0.240755 0.00622467 16.7453 164375 7 6384.56 1.15293 3.42579 2 5 5269.94 4.42181 4.12326 2 10 9.97363 6.63801e-05 3.29368 7 
0.983207 9.08104e-05 -1 0.682396 0.240359 0.00622467 16.8196 164623 6 6108.1 1.75279 3.8937 2 5 5042.64 3.97593 4.17488 2 9 9.34782 4.85937e-05 3.86479 7 
0.989431 9.16955e-05 -1 0.683886 0.239916 0.00622467 16.8918 164890 6 22489.9 2.47629 4.5677 2 6 13155.1 3.61628 3.92168 2 8 8.32114 7.99356e-05 4.23819 7 
0.995656 9.27141e-05 -1 0.685375 0.239539 0.00622467 16.9692 165103 6 14829.8 1.23936 4.78252 2 6 8403.96 5.28719 3.4162 2 11 12.6962 7.58499e-05 2.98458 6 
1.00188 9.3579e-05 -1 0.686862 0.239129 0.00622467 17.0501 165280 7 7420.99 2.13491 3.2053 2 5 4263.09 4.19243 3.9944 2 11 11.051 3.64842e-05 3.14992 6 
1.00811 9.42381e-05 -1 0.688348 0.23876 0.00622467 17.1228 165536 6 6282.78 1.82463 3.88594 3 5 4007.36 3.01507 4.21417 2 10 11.819 4.73984e-05 3.46483 6 
1.01433 9.50238e-05 -1 0.689829 0.238347 0.00622467 17.2007 165738 5 5138.73 1.01753 5.50379 3 4 3505.77 7.1089 4.71243 3 11 9.79851 4.11227e-05 3.08195 6 
1.02055 9.56485e-05 -1 0.691309 0.237923 0.00622467 17.2733 165990 6 4460.91 0.799814 4.2112 3 4 3326.11 5.57852 4.94145 3 10 13.0336 4.50575e-05 3.51665 6 
1.02678 9.60587e-05 -1 0.692784 0.237585 0.00622467 17.4052 165674 6 21618.5 2.2179 4.62183 2 4 12577.5 4.64682 7.21289 3 20 8.70371 6.66122e-05 1.80222 7 
1.033 9.66555e-05 -1 0.694257 0.237172 0.00622467 17.5365 165368 7 10242.8 2.27072 3.32688 2 4 5841.73 8.96196 5.05283 2 21 9.18431 6.37579e-05 1.76053 7 
1.03923 9.74266e-05 -1 0.695729 0.236745 0.00622467 17.6373 165352 7 8825.53 1.86224 3.35043 2 5 5696.56 5.20463 4.05364 2 14 9.05934 9.228e-05 2.27285 7 
1.04545 9.82832e-05 -1 0.697199 0.23633 0.00622467 17.7151 165550 7 7128.16 1.8795 3.24546 2 4 5301.81 9.76543 4.82706 2 10 10.1874 5.09378e-05 3.38924 7 
1.05168 9.91629e-05 -1 0.698665 0.235931 0.00622467 17.7852 165819 7 6027.82 1.74337 3.20286 2 4 4665.38 8.71376 4.81028 2 9 12.3856 3.96937e-05 4.07818 7 
1.0579 9.99176e-05 -1 0.70013 0.235544 0.00622467 17.8535 166102 7 4714.04 2.18833 2.99352 2 4 3645.9 10.3232 4.33509 2 8 11.6738 6.58687e-05 4.52967 7 
1.06413 0.000100769 -1 0.701591 0.235091 0.00622467 17.9229 166373 8 14577.4 2.36383 2.97686 2 5 8576.07 3.76535 4.6935 2 8 12.8527 2.85886e-05 5.08862 7 
1.07035 0.000101289 -1 0.703051 0.234619 0.00622467 17.9882 166680 8 10244.1 2.52448 2.82513 2 5 6184.54 6.53774 3.93709 2 8 8.92526 9.31843e-05 4.1943 6 
1.07658 0.000101567 -1 0.704508 0.234227 0.00622467 18.0623 166903 8 5927.81 1.81246 2.74997 3 5 4470.5 8.67104 3.48704 3 9 10.5864 6.29487e-05 3.8075 6 
1.0828 0.000101699 -1 0.705963 0.233876 0.00622467 18.1371 167118 10 5470.76 2.21409 2.18416 2 6 4623.35 5.67076 3.05646 3 8 9.77821 7.76337e-05 4.34036 6 
1.08903 0.000101688 -1 0.707413 0.233471 0.00622467 18.2169 167285 7 6196.46 2.50755 3.05281 3 5 5094.59 9.78256 3.49407 3 11 10.4287 4.89383e-05 3.05082 5 
1.09525 0.000101626 -1 0.708863 0.233108 0.00622467 18.3783 166708 6 24113.9 2.07541 4.75913 3 5 14122.7 7.17001 4.5591 3 34 12.7886 7.86276e-05 1.42322 5 
1.10148 0.000101727 -1 0.71031 0.232829 0.00622467 18.5273 166252 7 14125 2.37092 3.46175 4 6 7995.33 9.77088 3.05833 2 23 12.4747 9.86763e-05 1.66655 7 
1.1077 0.00010225 -1 0.711757 0.232416 0.00622467 18.6407 166119 7 7806.9 2.09688 3.2369 4 5 4569.12 9.58214 3.433 2 15 13.9311 6.98614e-05 2.25588 7 
1.11392 0.000102579 -1 0.7132 0.232028 0.00622467 18.7279 166220 6 6785.66 1.70755 3.97988 3 6 4494.99 4.05041 3.21765 2 10 15.7143 5.41287e-05 3.51793 7 
1.12015 0.000102618 -1 0.714642 0.231682 0.00622467 18.8107 166360 7 5385.77 1.16119 3.34013 3 6 3774.1 6.56637 2.88347 2 9 11.544 4.74935e-05 3.96655 7 
1.12637 0.000102764 -1 0.716077 0.231283 0.00622467 18.8861 166564 8 4297.96 2.52717 2.53413 2 5 3142.01 3.70535 3.85191 3 8 7.20628 8.82941e-05 4.11124 7 
1.1326 0.000102848 -1 0.717514 0.230996 0.00622467 18.9684 166704 7 20264.4 2.15527 3.69492 2 6 11774.9 3.85494 3.80911 2 10 9.97519 6.36166e-05 3.30777 7 
1.13882 0.0001032 -1 0.718947 0.230702 0.00622467 19.0822 166569 9 11039.2 2.25966 2.56967 2 6 6366.19 4.24556 3.38317 2 14 12.5131 5.39084e-05 2.41693 7 
1.14505 0.000103779 -1 0.72038 0.230361 0.00622467 19.1972 166424 8 8675.77 2.04612 2.84068 2 5 5734.58 6.40995 3.8934 2 16 12.1738 6.62486e-05 2.13312 7 
1.15127 0.000104321 -1 0.721809 0.229902 0.00622467 19.3119 166284 7 7331.48 1.59416 3.33608 3 5 5634.16 4.12406 4.23741 2 17 9.65078 6.2708e-05 2.01898 7 
1.1575 0.000104217 -1 0.723238 0.22961 0.00622467 19.4317 166102 5 6152.24 1.22621 5.4966 3 5 4934.54 4.1025 4.13085 2 17 13.2297 6.41891e-05 2.05397 7 
1.16372 0.000104536 -1 0.724662 0.229227 0.00622467 19.5429 165996 6 6141.71 1.75637 3.89594 2 5 4074.3 3.18256 4.18269 2 17 17.6944 7.79591e-05 2.06565 7 
1.16995 0.000105109 -1 0.726086 0.22896 0.00622467 19.7379 165185 7 14564.2 1.81904 3.61106 2 5 8410.48 5.36812 4.35512 2 34 14.1126 7.59504e-05 1.4288 7 
1.17617 0.000105875 -1 0.727508 0.228662 0.00622467 19.9054 164619 7 8833.81 2.045 3.30637 2 4 5440.02 8.64724 5.00819 2 27 8.97128 6.88563e-05 1.54682 7 
1.1824 0.000106793 -1 0.728928 0.228359 0.00622467 20.0214 164483 5 5884.07 1.62133 5.15183 2 4 3435.33 4.2783 5.32322 2 17 11.5166 6.19918e-05 2.04146 7 
1.18862 0.000107703 -1 0.730343 0.228096 0.00622467 20.1182 164506 5 4948.13 2.18652 4.68746 2 4 3433.86 3.95005 5.42994 2 14 10.2143 5.30415e-05 2.3849 7 
1.19485 0.000108894 -1 0.73176 0.227857 0.00622467 20.2043 164616 5 5473.38 2.43168 4.68242 2 4 4415.27 6.34507 5.13606 2 13 8.57324 5.52156e-05 2.50792 7 
1.20107 0.000109903 -1 0.733172 0.227417 0.00622467 20.2876 164748 6 26907.7 2.25269 4.78111 2 4 15780.5 5.6829 7.25918 2 12 13.5305 5.84645e-05 2.79921 7 
1.20729 0.000110736 -1 0.734585 0.227138 0.00622467 20.3702 164884 6 11071.8 1.86431 4.25549 2 5 6196.64 4.69832 4.20768 2 11 13.4678 6.17479e-05 3.05727 7 
1.21352 0.000111442 -1 0.735994 0.22687 0.00622467 20.449 165050 6 8492.76 1.80323 4.09418 2 5 5111.76 3.85215 4.21282 2 10 18.1642 6.3874e-05 3.51066 7 
1.21974 0.000112243 -1 0.737406 0.226627 0.00622467 20.5295 165201 6 7046.42 2.05007 3.88478 2 5 4898.45 4.0349 4.13852 2 10 18.0041 5.36503e-05 3.56927 7 
1.22597 0.00011303 -1 0.73881 0.22634 0.00622467 20.6088 165360 6 5861.52 1.36026 4.03396 2 5 4289.9 3.88547 4.0607 2 10 9.93624 3.55153e-05 3.50494 7 
1.23219 0.000113774 -1 0.740216 0.226015 0.00622467 20.6794 165588 6 4500.42 1.43963 3.82384 2 5 3414.94 2.29333 4.31105 2 9 9.46377 7.04333e-05 3.71372 7 
1.23842 0.000114462 -1 0.741617 0.225777 0.00622467 20.8348 165139 8 21200.5 2.0112 3.18318 3 5 12345.9 5.13735 4.74413 2 24 8.6511 6.68401e-05 1.63306 7 
1.24464 0.000115032 -1 0.74302 0.225519 0.00622467 20.9599 164935 6 11349.2 2.48643 4.07285 2 5 6617.94 4.17344 4.36562 2 20 10.0929 7.55164e-05 1.80426 7 
1.25087 0.000115481 -1 0.744418 0.225274 0.00622467 21.059 164937 7 8246.99 2.06 3.27064 2 5 5648.69 2.87587 4.55655 2 14 11.1836 5.38822e-05 2.3977 7 
1.25709 0.000116074 -1 0.745818 0.225051 0.00622467 21.1342 165126 6 6628.22 1.89974 3.89449 2 5 5316.33 3.43436 4.34464 2 10 13.9592 8.67324e-05 3.31641 7 
1.26332 0.00011694 -1 0.747215 0.22472 0.00622467 21.221 165222 6 6407.2 2.00218 3.83879 2 5 5277.6 3.15819 4.41163 2 13 16.7014 4.63127e-05 2.67587 6 
1.26954 0.000117669 -1 0.74861 0.224507 0.00622467 21.2974 165398 6 8831.37 2.30985 3.95434 2 5 5211.06 4.92376 4.02648 2 11 20.0131 6.78832e-05 3.14219 6 
1.27577 0.000118609 -1 0.750003 0.224305 0.00622467 21.4046 165336 6 15973.3 2.2076 4.39791 2 6 9242.74 3.34141 3.74667 2 18 24.5235 6.70877e-05 2.03729 5 
1.28199 0.000119615 -1 0.751398 0.224139 0.00622467 21.511 165279 6 7140.85 1.93896 3.92974 2 5 4068.01 3.8156 4.0324 2 18 13.2225 6.38667e-05 1.97395 5 
1.28822 0.000120574 -1 0.75279 0.223877 0.00622467 21.5968 165382 6 6409.4 1.24073 4.15773 3 5 3939.79 2.60833 4.32337 2 15 9.88943 7.93595e-05 2.18628 5 
1.29444 0.000121088 -1 0.75418 0.223746 0.00622467 21.6797 165505 5 5180.48 2.02125 4.80563 3 4 3427.31 9.45657 4.3632 3 15 8.97624 6.76126e-05 2.19552 5 
1.30066 0.000121686 -1 0.755566 0.223504 0.00622467 21.7766 165521 6 4185.93 1.57836 3.72047 2 4 3250.39 4.20634 5.27239 3 18 11.4837 6.03436e-05 1.96473 5 
1.30689 0.000122362 -1 0.756955 0.223295 0.00622467 22.0167 164460 9 25703.9 1.45506 2.96416 3 4 15074.8 5.58489 7.20791 3 44 13.8134 9.44241e-05 1.31036 6 
1.31311 0.000122834 -1 0.75834 0.223074 0.00622467 22.1609 164129 6 9869.6 2.55273 3.96171 2 5 5631.33 2.78223 4.58399 2 24 17.1967 6.13106e-05 1.68654 7 
1.31934 0.000123378 -1 0.759727 0.222912 0.00622467 22.2696 164064 8 8774.43 1.86027 2.87876 3 4 5414.45 9.35661 4.90466 2 15 19.8485 8.74752e-05 2.27539 7 
1.32556 0.000123814 -1 0.76111 0.222769 0.00622467 22.3469 164229 6 7456.37 1.49627 4.13288 3 5 5384.54 2.79909 4.5376 2 10 14.4382 7.10084e-05 3.39485 7 
1.33179 0.000124342 -1 0.762496 0.222628 0.00622467 22.4362 164306 5 6032 2.23996 4.85338 2 5 4618.03 2.62998 4.45555 2 13 21.6752 6.12087e-05 2.67213 6 
1.33801 0.000124949 -1 0.763875 0.222415 0.00622467 22.5462 164231 8 4877.65 2.45088 2.58441 2 5 3818.75 2.37118 4.37916 2 21 37.474 8.96079e-05 1.85219 5 
1.34424 0.000125483 -1 0.765257 0.222274 0.00622467 22.6468 164225 9 19318.5 2.53717 2.69955 3 5 11226.5 4.71126 4.73611 2 18 18.7177 9.93282e-05 1.96366 5 
1.35046 0.000125952 -1 0.766636 0.222152 0.00622467 22.7313 164335 6 11415.9 1.6348 4.37194 3 5 6764.09 6.3152 4.03612 2 14 9.8327 4.794e-05 2.39567 5 
1.35669 0.000126393 -1 0.768019 0.22204 0.00622467 22.8135 164461 5 6832.55 2.201 4.99336 3 6 4895.3 3.7351 3.30811 2 13 12.3305 4.32003e-05 2.62817 5 
1.36291 0.000126985 -1 0.769395 0.221838 0.00622467 22.8962 164583 6 5734.37 2.14592 3.72516 4 6 4775.41 5.25048 3.11269 2 12 16.3505 4.80771e-05 2.89045 5 
1.36914 0.000127368 -1 0.770773 0.221767 0.00622467 22.9706 164763 5 6325.82 1.24014 5.51479 4 7 5026.94 2.72874 2.92737 2 11 18.7604 7.2398e-05 3.10554 5 
1.37536 0.000127821 -1 0.772147 0.221659 0.00622467 23.0478 164922 5 15406.3 0.823834 7.15108 4 7 9113.04 8.40427 2.71391 2 11 14.5477 9.15941e-05 2.97038 5 
1.38159 0.000128275 -1 0.773526 0.221495 0.00622467 23.2081 164488 7 16016.6 2.0733 3.59266 4 6 9218.39 8.62534 3.19752 3 25 20.1838 5.76776e-05 1.66633 7 
1.38781 0.000128639 -1 0.7749 0.221465 0.00622467 23.3305 164328 5 7667.86 0.820492 6.22472 4 6 4431.3 3.29563 3.32225 3 16 18.6163 6.43387e-05 2.19452 7 
1.39403 0.000128967 -1 0.776277 0.221297 0.00622467 23.4362 164286 5 6678.49 1.2537 5.56284 4 4 4292.23 4.67091 5.5058 4 16 26.5545 7.8259e-05 2.21647 6 
1.40026 0.000129128 -1 0.77765 0.221246 0.00622467 23.5873 163928 5 5562.64 1.16862 5.43903 4 5 3819.24 0.981566 5.2241 3 27 47.0515 8.99217e-05 1.62856 6 
1.40648 0.000129147 -1 0.779025 0.221222 0.00622467 23.7352 163597 5 4320.25 1.8229 4.73096 4 5 3103.09 0.971292 5.02214 4 25 45.2615 6.62071e-05 1.71156 7 
1.41271 0.000129028 -1 0.780397 0.22114 0.00622467 23.8627 163409 8 23765 1.92488 3.2467 3 5 13941 9.54636 4.29429 3 18 14.566 7.10543e-05 1.97286 7 
1.41893 0.000128798 -1 0.781771 0.221052 0.00622467 23.9846 163262 7 10372.4 1.38027 3.57851 3 5 5945.48 9.43317 3.62999 3 18 13.4352 9.76147e-05 1.92968 7 
1.42516 0.000128555 -1 0.783141 0.221038 0.00622467 24.1213 163016 7 9071.7 1.9306 3.34635 2 6 5732.7 6.84354 3.07029 2 20 15.6551 5.86738e-05 1.86771 7 
1.43138 0.000128568 -1 0.784515 0.221023 0.00622467 24.2474 162844 6 7287.36 1.96481 3.93437 3 5 5433.74 7.98367 3.6862 2 19 12.9156 5.40224e-05 1.91903 7 
1.43761 0.00012862 -1 0.785886 0.220912 0.00622467 24.3663 162722 7 7072.04 1.98092 3.21755 3 5 5050.47 9.45204 3.51205 2 18 16.379 6.21248e-05 2.00064 7 
1.44383 0.000128124 -1 0.787257 0.220878 0.00622467 24.492 162556 7 4988.69 2.19083 3.01735 3 6 3990.84 6.67011 2.90283 2 17 21.5142 5.75947e-05 2.12709 7 
1.45006 0.000127473 -1 0.788626 0.220777 0.00622467 24.6991 161856 9 16963.5 2.2831 2.69222 2 6 9981.57 5.58417 3.48369 2 35 27.8119 9.26073e-05 1.43385 7 
1.45628 0.000126647 -1 0.789999 0.22074 0.00622467 24.8661 161428 7 10699.5 0.821669 3.87088 2 4 6382.05 9.96967 5.03002 2 28 29.8269 8.62631e-05 1.57693 7 
1.46251 0.000126589 -1 0.791369 0.220772 0.00622467 24.9801 161347 6 5769.59 2.53921 3.62583 2 5 4097.88 4.95201 3.83315 2 18 44.9933 7.50695e-05 2.09403 7 
1.46873 0.000127416 -1 0.792743 0.220718 0.00622467 25.0721 161408 6 4839.61 1.397 3.88987 2 4 3932.65 7.59999 4.76945 2 13 43.4904 9.26715e-05 2.73064 7 
1.47496 0.000128287 -1 0.79411 0.220711 0.00622467 25.1608 161490 5 5918.69 2.45111 4.74867 2 4 5168.38 9.54657 4.82366 2 13 21.0258 3.94519e-05 2.75749 7 
1.48118 0.000129084 -1 0.795481 0.22071 0.00622467 25.2501 161568 7 19183.3 1.97793 3.71134 2 5 11360.4 3.76507 4.96505 2 12 13.5857 4.96755e-05 2.83843 7 
1.4874 0.000129955 -1 0.79685 0.220715 0.00622467 25.3334 161684 8 15679.5 2.10177 3.04855 2 5 8997.13 4.80864 4.51249 2 11 13.8595 8.18722e-05 2.98764 7 
1.49363 0.000130682 -1 0.798223 0.22065 0.00622467 25.419 161784 7 7947.3 1.76417 3.32624 2 5 4645.72 5.62436 3.83174 2 11 19.6729 3.49879e-05 3.33214 7 
1.49985 0.000131316 -1 0.799592 0.220694 0.00622467 25.4981 161924 7 7030.82 2.05935 3.19708 2 5 4678.02 6.83704 3.69011 2 10 22.0877 5.94425e-05 3.60583 7 
1.50608 0.000132242 -1 0.800964 0.220715 0.00622467 25.5746 162081 7 8366.99 2.29472 3.22726 2 5 4026.35 6.43166 3.62508 2 10 28.2748 6.30747e-05 3.67413 7 
1.5123 0.000133304 -1 0.802332 0.220701 0.00622467 25.6572 162198 8 7074.98 1.98821 2.77912 2 5 3361.61 6.08785 3.53522 2 10 33.8924 4.41687e-05 3.87703 7 
1.51853 0.000134314 -1 0.803704 0.220743 0.00622467 25.7834 162039 10 22195.1 2.48594 2.48357 2 5 13061.4 9.94887 4.20381 2 19 35.8715 6.98833e-05 1.99777 7 
1.52475 0.000134947 -1 0.805075 0.220762 0.00622467 25.92 161817 8 10933.1 2.44157 2.86012 2 5 6332.39 7.88736 3.81002 2 21 35.0768 9.04206e-05 1.84557 7 
1.53098 0.000135309 -1 0.806448 0.22083 0.00622467 26.0251 161793 7 8846.71 2.1478 3.28396 2 5 5702.25 3.97614 4.27875 2 15 15.5897 5.8709e-05 2.29937 7 
1.5372 0.000135887 -1 0.807818 0.220846 0.00622467 26.1019 161945 7 7311.13 1.58063 3.33882 2 5 5574.47 4.33964 4.18553 2 10 15.6245 9.7341e-05 3.31552 7 
1.54343 0.00013653 -1 0.809192 0.220924 0.00622467 26.1735 162128 7 6264.85 1.50954 3.28751 2 5 5076.39 3.8529 4.20682 2 9 15.5175 6.19773e-05 3.97964 7 
1.54965 0.000137335 -1 0.810562 0.220959 0.00622467 26.2435 162320 7 5283.24 1.25012 3.29604 2 4 4288.76 8.89366 4.68611 2 8 17.7557 7.04732e-05 4.7333 7 
1.55588 0.000137834 -1 0.811937 0.221019 0.00622467 26.3128 162515 8 15447.6 2.42373 2.98915 2 5 9185.36 9.80488 3.92944 2 8 22.4841 3.45047e-05 5.33027 7 
1.5621 0.000138111 -1 0.813308 0.221094 0.00622467 26.3824 162707 7 10190.5 1.69575 3.46604 2 6 6156.24 7.05008 3.09163 2 8 27.4609 3.29255e-05 5.49728 7 
1.56833 0.000138387 -1 0.814684 0.221174 0.00622467 26.4637 162826 7 5910.6 2.04666 3.12154 2 6 4241.79 5.68858 3.01133 2 9 26.519 3.06519e-05 4.56749 7 
1.57455 0.000138437 -1 0.816055 0.221234 0.00622467 26.5381 162987 6 6847.29 2.52696 3.73382 3 5 3574.02 3.5816 3.97939 3 9 24.8193 4.69889e-05 4.3238 7 
1.58077 0.00013846 -1 0.817432 0.221342 0.00622467 26.6214 163093 5 9925.33 2.28503 5.34036 3 4 4140.2 6.87013 4.95466 3 12 42.2404 3.88666e-05 3.18429 6 
1.587 0.000138784 -1 0.818805 0.221419 0.00622467 26.7325 163028 8 20945.1 1.77497 3.22839 2 4 12417.2 7.26142 6.43058 3 21 57.9236 8.88825e-05 1.89173 5 
1.59322 0.000139042 -1 0.820183 0.221531 0.00622467 26.9066 162582 8 14740.9 1.80068 3.08415 2 5 8444.45 4.08298 4.60383 2 28 73.3443 8.1845e-05 1.63149 7 
1.59945 0.000139318 -1 0.821558 0.221687 0.00622467 27.1109 161961 8 8230.88 2.052 2.82104 2 5 4854.55 6.55946 3.74849 2 39 58.533 8.60198e-05 1.4111 6 
1.60567 0.000140122 -1 0.822937 0.221771 0.00622467 27.2225 161899 8 8395.09 2.17214 2.80797 2 5 7420.33 5.1642 4.2804 2 18 21.8759 6.70418e-05 2.02447 6 
1.6119 0.000140645 -1 0.824313 0.221879 0.00622467 27.3106 161977 7 7296.43 1.98277 3.23151 2 5 5578.76 4.15922 4.22187 2 14 22.3409 9.02207e-05 2.42813 6 
1.61812 0.000141209 -1 0.825694 0.222003 0.00622467 27.3986 162055 8 7051.23 2.33736 2.72234 2 4 7396.23 9.86888 5.23222 2 13 24.0228 5.27647e-05 2.72428 6 
1.62435 0.000141849 -1 0.827071 0.222113 0.00622467 27.4822 162157 10 21703.8 2.24348 2.50358 2 5 12807.7 6.01347 4.63094 2 11 24.9894 9.06164e-05 3.12317 6 
1.63057 0.000142363 -1 0.828453 0.222259 0.00622467 27.5569 162313 9 10975.1 2.27633 2.56591 2 5 6374.16 2.85837 4.6737 2 10 29.9321 4.53265e-05 3.81925 6 
1.6368 0.000143151 -1 0.829831 0.22236 0.00622467 27.6358 162442 9 8908.94 1.7943 2.5743 2 5 5810.61 3.55577 4.39195 2 10 37.6229 5.09428e-05 3.86222 6 
1.64302 0.000143856 -1 0.831215 0.222474 0.00622467 27.7092 162603 8 6957.07 1.97478 2.77564 2 5 5380.22 3.45032 4.35099 2 10 38.3717 7.02317e-05 3.74755 6 
1.64925 0.000144493 -1 0.832595 0.222599 0.00622467 27.7956 162687 7 6582.15 2.04674 3.16989 3 5 6356.58 2.42747 4.8263 2 14 61.7699 5.97321e-05 2.68913 5 
1.65547 0.000145292 -1 0.83398 0.222767 0.00622467 27.9182 162560 7 12594.2 1.59661 3.60338 3 5 4864.06 4.75002 4.00001 2 28 84.7941 9.88685e-05 1.62894 4 
1.6617 0.000146144 -1 0.835362 0.222885 0.00622467 28.0974 162106 11 15257 2.33911 2.22211 2 6 9094.31 1.83095 4.13062 2 28 104.389 8.6523e-05 1.64891 7 
1.66792 0.000146664 -1 0.836749 0.223024 0.00622467 28.3195 161413 9 9711.73 1.96267 2.57332 3 6 5884.34 1.39321 4.0205 3 42 86.1304 8.17653e-05 1.39122 6 
1.67415 0.000146996 -1 0.838133 0.223161 0.00622467 28.4681 161146 7 8974.75 2.28244 3.26225 4 5 6899.58 7.59835 3.905 2 27 51.2185 5.99992e-05 1.65835 6 
1.68037 0.00014726 -1 0.839522 0.223289 0.00622467 28.5626 161186 5 10449.1 1.35972 5.98585 3 6 9337.57 4.8154 3.53129 2 15 35.8676 6.30865e-05 2.41908 6 
1.68659 0.000147489 -1 0.840908 0.223499 0.00622467 28.6469 161284 6 10339.4 1.42756 4.39863 2 5 7656.2 5.05324 4.32602 3 13 43.7161 7.74708e-05 2.76964 6 
1.69282 0.000148183 -1 0.842299 0.223664 0.00622467 28.7261 161410 8 20257.7 2.00748 3.16586 2 5 12030.8 6.30089 4.53084 3 11 36.1723 3.64462e-05 3.50878 6 
1.69904 0.000149082 -1 0.843687 0.223797 0.00622467 28.8036 161544 7 14926.2 1.61365 3.68631 2 6 8583.93 4.89111 3.47307 2 12 45.5204 6.97487e-05 3.0518 5 
1.70527 0.000150021 -1 0.84508 0.223973 0.00622467 28.9367 161367 9 8823.83 2.39663 2.49017 2 5 8029.59 6.8028 4.1153 2 31 59.8852 8.72613e-05 1.54267 4 
1.71149 0.000150848 -1 0.846469 0.224077 0.00622467 29.124 160892 8 12075.2 2.21332 2.93161 2 5 7568.76 4.53508 4.4105 2 40 54.0078 8.28175e-05 1.39752 5 
1.71772 0.000150776 -1 0.847864 0.22427 0.00622467 29.2899 160540 7 5841.51 1.75345 3.18591 2 5 4261.72 4.58551 3.92319 2 32 65.355 7.57294e-05 1.53285 6 
1.72394 0.000151463 -1 0.849255 0.2244 0.00622467 29.4544 160200 7 10269.2 2.39021 3.30381 2 5 7983.63 4.6793 4.43 2 28 66.2269 5.04622e-05 1.65387 7 
1.73017 0.000151616 -1 0.850652 0.224614 0.00622467 29.6064 159931 8 21793.6 1.76449 3.24686 2 5 12885.3 6.99506 4.49842 2 25 71.0359 6.61465e-05 1.74277 7 
1.73639 0.000152467 -1 0.852047 0.224751 0.00622467 29.7859 159517 8 15826.4 1.5993 3.15814 2 4 8310.79 9.15953 5.48836 2 31 67.3757 7.98521e-05 1.55299 7 
1.74262 0.000152606 -1 0.853447 0.224953 0.00622467 29.9245 159326 6 8724.72 1.90119 4.0765 2 5 6241.97 10.3013 3.60152 2 23 74.5537 6.33738e-05 1.83627 7 
1.74884 0.000153336 -1 0.854842 0.225132 0.00622467 30.0668 159116 10 7098.15 1.88163 2.27856 2 4 5475.02 8.7575 5.00036 2 22 73.1395 9.82927e-05 1.84881 7 
1.75507 0.000153977 -1 0.856244 0.22527 0.00622467 30.2041 158936 6 11069 1.36899 4.48007 2 5 6608.22 5.39126 4.14647 2 22 86.4843 9.1683e-05 1.86885 7 
1.76129 0.000154341 -1 0.857641 0.225493 0.00622467 30.337 158779 6 9359.94 1.87684 4.1334 2 5 8754.58 7.63759 4.09125 2 21 86.5236 9.20303e-05 1.92503 7 
1.76752 0.000155259 -1 0.859045 0.225671 0.00622467 30.4702 158623 7 15717.3 1.93307 3.61901 3 4 9379.19 7.70339 5.90705 2 21 105.397 7.75084e-05 1.95916 7 
1.77356 0.000156045 -1 0.860406 0.22588 0.00604159 30.5952 158511 6 9888.95 2.37117 4.01203 2 5 8698.1 8.3026 4.0183 2 19 117.82 7.11437e-05 2.12481 7 
1.77963 0.000156842 -1 0.861778 0.226051 0.0060715 30.7165 158418 7 12907.5 2.18004 3.45869 2 5 11623.2 8.79799 4.20909 2 19 135.086 5.49777e-05 2.16939 7 
1.7857 0.000157538 -1 0.863146 0.226184 0.0060715 30.8329 158351 7 9808.06 2.33756 3.29265 2 5 7664.94 10.6639 3.72665 2 18 137.556 5.46856e-05 2.26772 7 
1.79177 0.000158205 -1 0.864518 0.226335 0.0060715 30.9462 158301 8 8902.02 2.03457 2.85185 2 5 7262.55 10.3399 3.70949 2 17 160.949 6.45238e-05 2.37844 7 
1.79787 0.000158964 -1 0.865894 0.226437 0.00610217 31.0536 158281 6 16767.2 1.86026 4.56192 2 5 9248.03 6.3552 4.29125 2 16 205.277 9.61033e-05 2.48657 7 
1.80398 0.000159886 -1 0.867276 0.226615 0.00610217 31.2045 158041 10 15223 1.99447 2.44493 3 5 12053.8 5.74704 4.61674 2 23 194.716 6.88184e-05 1.90769 7 
1.81008 0.000160343 -1 0.868656 0.226756 0.00610217 31.3202 157980 6 9844.87 2.14229 4.07745 2 5 9852.95 6.07898 4.38477 2 18 152.797 6.40073e-05 2.26114 7 
1.81621 0.000160536 -1 0.870049 0.226913 0.00613362 31.422 157990 7 22990.5 2.44192 3.69563 2 5 20463.2 7.06361 4.92481 2 15 173.121 4.63151e-05 2.74268 7 
1.82234 0.000161225 -1 0.871437 0.227068 0.00613362 31.5271 157982 9 18262.7 2.60473 2.67492 2 6 18177.3 7.84559 3.63762 2 14 182.527 8.332e-05 2.83726 7 
1.82848 0.00016185 -1 0.87283 0.227214 0.00613362 31.6299 157987 7 15236.6 2.59458 3.45464 2 6 14010.4 9.08229 3.39919 2 14 195.42 5.87087e-05 2.92332 7 
1.83461 0.000162519 -1 0.874218 0.227346 0.00613362 31.7218 158046 6 23642.5 2.00874 4.76938 2 6 13998.7 7.84679 3.48257 2 13 203.533 8.91813e-05 3.08393 7 
1.84059 0.000163201 -1 0.875577 0.227514 0.00597635 31.8137 158105 6 12554.2 1.44438 4.53438 2 6 10260.7 4.95012 3.57076 2 13 220.166 4.03308e-05 3.29791 7 
1.84641 0.000163715 -1 0.8769 0.227662 0.00582619 31.9317 158033 7 16885.3 2.68435 3.48873 2 5 12029.5 9.4965 4.17385 2 19 226.638 7.08583e-05 2.19971 6 
1.85178 0.000163875 -1 0.878123 0.227874 0.00536551 32.0344 158038 7 11345.5 2.34152 3.36105 2 6 11073.4 6.3822 3.46645 2 16 218.321 7.72927e-05 2.53037 6 
1.85717 0.000163947 -1 0.87935 0.227997 0.0053907 32.1341 158058 8 19345.2 2.35716 3.08513 2 5 18102.5 7.66451 4.72771 2 16 116.628 4.50022e-05 2.5168 6 
1.86026 0.00016419 -1 0.880055 0.228211 0.00308873 32.2072 158207 8 8413.75 10.4214 2.30878 2 7 31042.3 29.7487 2.69906 2 8 48.7654 2.42878e-05 6.13537 6 
1.86359 0.000164044 -1 0.880814 0.228365 0.00333257 32.2756 158380 7 11104.2 7.58635 2.83275 2 8 31359.9 24.3081 2.44809 2 8 44.4965 7.66718e-05 5.25365 6 
1.86715 0.00016426 -1 0.881627 0.228401 0.00356241 32.337 158586 5 11361.3 3.84225 4.94502 2 4 14286.2 19.7947 5.18313 2 9 58.2728 4.39889e-05 4.7889 6 
1.87092 0.000164444 -1 0.882484 0.228438 0.00376361 32.4199 158686 6 15399.4 2.31695 4.33609 2 5 11693 5.13608 4.69309 2 12 74.8809 9.76224e-05 3.09316 6 
1.87487 0.000164568 -1 0.883386 0.228487 0.00394784 32.5206 158698 6 9929.22 3.50703 3.76122 2 4 11028.3 22.188 4.72169 2 17 95.865 5.62245e-05 2.3258 6 
1.87897 0.0001647 -1 0.884323 0.228573 0.00410633 32.6169 158732 7 13276.3 3.22931 3.28307 2 4 9303.63 16.9046 4.84353 2 16 117.788 5.94755e-05 2.47484 6 
1.8832 0.000165002 -1 0.88529 0.228647 0.00423029 32.7021 158820 6 8484.61 3.90057 3.59957 2 4 11908.2 13.1405 5.48666 2 14 141.973 4.65189e-05 2.90525 6 
1.88757 0.000165381 -1 0.886286 0.228724 0.00436249 32.7747 158968 6 8159 2.45943 3.86189 2 4 8073.5 17.1985 4.65471 2 11 168.076 3.94624e-05 4.00558 6 
1.89203 0.000165714 -1 0.887308 0.22876 0.00446761 32.8526 159089 6 7518.38 3.70564 3.55803 2 5 11371.7 7.35386 4.34372 2 11 195.912 5.30139e-05 3.95422 6 
1.89659 0.000166002 -1 0.888349 0.228836 0.00455954 32.9324 159201 8 17898.1 2.70682 3.00292 3 5 7936.24 9.13298 3.8708 2 11 223.472 5.47085e-05 3.99039 6 
1.90123 0.000165975 -1 0.88941 0.228913 0.00463617 33.0183 159283 9 18217.9 3.27504 2.60701 3 5 9889.87 9.41823 4.02017 2 11 252.536 4.78963e-05 4.08407 6 
1.90592 0.000165859 -1 0.890483 0.228924 0.0046956 33.0964 159403 5 21047.4 3.80508 5.60489 2 5 16918.8 9.97111 4.42512 2 11 279.475 4.41598e-05 4.15242 6 
1.9101 0.000165981 -1 0.89144 0.229004 0.00417586 33.1822 159484 7 36548.8 3.3136 3.78016 2 5 27083.6 17.167 4.36116 2 15 238.724 6.87948e-05 2.72912 5 
1.91256 0.000166011 -1 0.892004 0.229197 0.00246027 33.2643 159583 8 9848.03 12.4765 2.30227 2 6 35442.6 47.5029 3.01162 2 14 81.4056 8.36304e-05 2.67753 4 
1.91516 0.000165857 -1 0.8926 0.229283 0.00260153 33.3516 159657 7 7792.09 10.572 2.56828 2 7 34073.7 40.8959 2.61366 2 17 90.5524 9.87309e-05 2.2425 4 
1.9179 0.000166043 -1 0.893228 0.229299 0.00273949 33.4409 159720 6 16190.2 10.5898 3.39412 2 4 17302.6 41.5525 4.5173 2 20 98.7145 8.33567e-05 2.0122 4 
1.92078 0.000166247 -1 0.893888 0.22926 0.00287792 33.5379 159747 5 18181 6.70583 4.85996 2 4 17929.9 28.5597 5.0056 2 22 101.958 6.97225e-05 1.90647 4 
1.92379 0.000166465 -1 0.894578 0.22924 0.00301458 33.6398 159750 5 16681.3 8.19663 4.58901 2 4 17141 34.1206 4.73429 2 23 101.067 8.1925e-05 1.84007 4 
1.92694 0.000166657 -1 0.895299 0.229239 0.0031468 33.7443 159740 5 12903.4 6.98271 4.50128 2 5 14551.3 7.64441 4.52805 2 24 98.1038 9.292e-05 1.78231 4 
1.93023 0.000166841 -1 0.896052 0.229212 0.00329159 33.8576 159690 6 10504.9 5.14461 3.56183 2 5 12178 8.84856 4.24366 2 26 93.2602 7.65925e-05 1.71419 4 
1.93366 0.000167058 -1 0.896838 0.229211 0.00342874 33.9789 159602 6 10706 5.73382 3.50911 2 5 12185.1 12.5422 3.95814 2 28 108.243 7.53023e-05 1.65926 4 
1.93723 0.000167292 -1 0.897654 0.229214 0.00356635 34.1103 159468 6 8595.91 6.47731 3.31499 2 5 12363.9 19.1545 3.64735 2 31 129.78 8.3828e-05 1.5837 4 
1.94093 0.000167542 -1 0.898502 0.229244 0.00370304 34.2198 159436 7 17209.7 2.83257 3.47147 2 6 9144.93 11.0068 3.0661 2 21 154.72 8.51791e-05 1.98636 5 
1.94475 0.000167772 -1 0.899378 0.229261 0.00382336 34.424 158966 7 10496.5 2.12567 3.37015 2 6 11982.1 11.658 3.17676 2 46 182.293 8.83538e-05 1.37174 5 
1.94869 0.000167988 -1 0.900282 0.229284 0.00393749 34.6145 158565 7 6014.4 1.70867 3.21105 2 6 10307.4 7.13463 3.36225 2 41 212.775 8.24438e-05 1.43346 5 
1.95273 0.000168196 -1 0.901208 0.229251 0.0040435 34.7686 158333 6 7105.11 5.22881 3.32809 2 4 7573.24 19.2833 4.45169 2 33 244.815 8.34059e-05 1.57032 5 
1.95687 0.000168367 -1 0.902159 0.229286 0.00413939 34.8932 158237 10 27984.1 3.92993 2.42802 3 5 24794.5 17.6782 4.25974 2 24 266.967 8.55259e-05 1.86465 5 
1.96045 0.000168598 -1 0.902977 0.229269 0.00357235 35.0384 158049 8 44746.4 5.64817 3.07154 3 6 32031.5 27.7595 3.23863 2 34 178.757 7.96206e-05 1.53745 4 
1.96285 0.000168753 -1 0.903527 0.229286 0.00240082 35.1092 158197 5 10936.9 10.0039 4.0527 2 5 37996.9 52.8849 3.72635 2 13 74.872 5.33237e-05 2.97082 4 
1.96536 0.000168609 -1 0.904104 0.229357 0.00251736 35.1755 158365 5 11438.3 13.5853 3.84643 2 5 34629.6 62.8579 3.5336 2 13 83.279 7.95119e-05 2.90459 4 
1.968 0.000168673 -1 0.904707 0.229237 0.00263266 35.2493 158498 5 20186.9 3.99374 5.50476 3 5 18558.4 8.5236 4.6514 2 14 87.5531 9.84623e-05 2.66029 4 
1.97075 0.000168703 -1 0.905336 0.22905 0.00275201 35.3242 158626 4 20346.1 12.6148 6.33724 2 5 20183.3 7.3813 4.86824 3 16 86.2561 6.11859e-05 2.42282 4 
1.97363 0.000168507 -1 0.905996 0.229079 0.00288306 35.4087 158710 5 18041.8 6.50975 4.88139 3 3 18253.5 27.0008 8.77653 3 17 86.5676 6.31864e-05 2.29607 4 
1.97665 0.000168347 -1 0.906686 0.229018 0.00301873 35.5007 158760 6 14869.7 2.26307 4.3278 3 5 14904.1 15.3494 3.9577 2 18 88.7973 6.55158e-05 2.19114 4 
1.9798 0.000168309 -1 0.907408 0.228967 0.00314877 35.5894 158825 5 13045.7 7.26986 4.47495 3 6 17577.1 23.8601 3.00524 2 19 102.734 7.00237e-05 2.11131 4 
1.98308 0.000168312 -1 0.908158 0.228845 0.00328039 35.6785 158888 4 9037.56 7.45449 5.90076 3 5 12680.3 22.0266 3.56481 2 20 124.759 8.30715e-05 2.03625 4 
1.98649 0.000168285 -1 0.908939 0.228885 0.00341248 35.7755 158914 5 9508.19 7.22819 4.20546 2 5 9762.32 10.0604 3.9572 2 22 150.123 8.31518e-05 1.92482 4 
1.99001 0.000168326 -1 0.909744 0.228765 0.00351912 35.8812 158903 5 12452 7.15633 4.44744 2 5 16498.4 7.95966 4.60585 2 25 176.146 8.94573e-05 1.78554 4 
1.99364 0.000168368 -1 0.910575 0.228668 0.00363305 36.012 158781 6 11121.7 4.79263 3.63859 2 5 11246 5.99805 4.51438 2 31 206.8 9.1803e-05 1.60297 4 
1.99737 0.000168255 -1 0.911427 0.228546 0.00372724 36.1731 158527 6 10362.1 5.12962 3.55545 2 5 10422.1 6.93088 4.3195 2 41 239.49 4.52903e-05 1.45876 5 
2.00118 0.00016813 -1 0.912299 0.228563 0.00381227 36.2562 158615 6 21512.1 5.38483 3.98338 2 5 15197.4 5.49067 4.8801 2 14 273.967 8.1099e-05 2.9264 5 
2.00507 0.000168463 -1 0.913186 0.228479 0.00388644 36.3317 158736 5 8237.81 5.15043 4.37314 2 4 8365.82 26.2902 4.22356 2 14 309.392 7.24275e-05 2.97587 5 
2.00903 0.000168766 -1 0.914091 0.228242 0.00396386 36.4193 158804 8 55641 5.51147 3.16604 2 5 54118.5 14.3536 5.19131 2 14 284.013 7.13255e-05 2.96098 5 
2.01078 0.00016896 -1 0.914488 0.228168 0.00174159 36.4706 159031 5 25339.6 26.6888 3.93998 2 4 75923 111.047 5.11348 2 8 49.1527 5.37121e-05 5.5614 4 
2.0127 0.000168771 -1 0.914926 0.228352 0.00192082 36.5739 159029 5 11379.4 24.8708 3.40475 2 4 89226.4 104.139 5.41028 2 25 60.833 8.58895e-05 1.71399 4 
2.01479 0.000168867 -1 0.915403 0.228288 0.00209174 36.6566 159117 4 11471 21.7556 4.7919 2 4 21749.2 61.9459 4.3287 2 16 71.8515 4.56346e-05 2.43962 5 
2.01704 0.000169098 -1 0.915916 0.227932 0.00224934 36.7297 159247 4 20685.2 10.2161 6.70801 2 3 22802.2 69.8339 6.88605 2 14 78.2896 5.27389e-05 2.75948 5 
2.01944 0.000169317 -1 0.916464 0.227913 0.00240333 36.8132 159330 4 20457.7 11.7817 6.45524 2 4 22063.6 20.4898 5.72842 2 15 80.5891 6.51564e-05 2.54774 5 
2.022 0.000169463 -1 0.917047 0.227819 0.00256021 36.9062 159373 4 19029.7 11.3787 6.39492 2 4 20842.7 10.9961 6.59825 2 16 83.1724 9.33521e-05 2.35432 5 
2.02471 0.000169616 -1 0.917663 0.227573 0.00270914 36.9975 159423 4 18308.5 9.47186 6.63063 2 4 23855 9.53951 7.07153 2 16 85.1574 8.12149e-05 2.37841 5 
2.02757 0.000169814 -1 0.918314 0.227465 0.00286009 37.0788 159515 4 12508.3 10.5477 5.86827 2 4 18798.9 8.81526 6.79555 2 16 99.2668 6.01873e-05 2.4467 5 
2.03058 0.000170006 -1 0.918998 0.227502 0.00301062 37.1522 159641 4 9797.17 8.60054 5.80957 2 4 10105.7 10.9604 5.51042 2 14 123.351 7.77811e-05 2.77253 5 
2.03373 0.000170307 -1 0.919713 0.227113 0.00314746 37.2315 159741 5 16902.3 9.00285 4.51558 2 4 21579.6 10.8613 6.67637 2 14 150.276 6.23987e-05 2.85652 5 
2.037 0.00017041 -1 0.920456 0.226876 0.0032755 37.3028 159875 5 11548.1 3.97661 4.92719 2 4 16492.9 12.2506 6.05738 2 13 179.817 4.69602e-05 3.20917 5 
2.0404 0.000170569 -1 0.921225 0.22665 0.00339083 37.3743 160007 5 13522.6 3.66866 5.16786 2 4 14249.6 9.28464 6.25906 2 13 213.241 9.10272e-05 3.09013 5 
2.04388 0.000170834 -1 0.922014 0.226537 0.00348947 37.4463 160137 5 18198.2 5.59266 5.0406 2 4 19783.4 13.9152 6.14049 2 12 249.529 5.22698e-05 3.60224 5 
2.04747 0.000171146 -1 0.922825 0.226309 0.00358096 37.5173 160271 5 16685.5 2.83153 5.67627 2 4 16087.3 12.5434 5.98434 2 12 288.396 8.7086e-05 3.49411 5 
2.05112 0.000171443 -1 0.92365 0.226114 0.00364956 37.5865 160412 5 10178 2.7923 5.15632 2 4 11016 28.8121 4.42193 2 12 326.11 5.42824e-05 3.67191 5 
2.05485 0.000171703 -1 0.924496 0.225884 0.00373577 37.6624 160523 5 17045.2 3.11259 5.59366 2 4 18198.4 14.1853 5.98479 2 13 370.36 3.82822e-05 3.44632 5 
2.05866 0.000172075 -1 0.925356 0.225686 0.00381108 37.734 160653 5 14109.3 3.71171 5.19979 2 4 18635.3 16.5491 5.79283 2 13 414.764 5.6328e-05 3.37471 5 
2.0625 0.000172461 -1 0.926224 0.225283 0.0038422 37.8212 160716 9 73139.1 5.59557 2.8666 2 6 71452.3 19.2949 3.93335 2 13 343.473 4.13288e-05 3.40628 5 
2.06358 0.000172628 -1 0.926465 0.225183 0.00107265 37.8699 160942 5 24648.5 21.8377 4.07865 2 5 203682 152.547 4.21804 2 8 33.2523 3.11843e-05 5.66873 3 
2.06485 0.000172603 -1 0.926753 0.225543 0.00127578 37.9246 161142 4 21893.7 51.606 4.53842 2 5 157401 104.165 4.32372 2 12 36.6107 8.84271e-05 2.93823 3 
2.06642 0.000172638 -1 0.927105 0.225177 0.00156641 38.0005 161251 4 17895 31.707 4.8741 2 4 26945.6 72.2449 4.39461 2 19 50.04 8.65697e-05 2.0103 3 
2.06828 0.000172789 -1 0.927524 0.224839 0.00185972 38.0871 161314 5 18122.4 10.4264 4.44648 2 4 21160.8 72.9642 4.12673 2 23 66.7405 8.25043e-05 1.80662 4 
2.07039 0.000172853 -1 0.927998 0.224543 0.00211275 38.1418 161513 5 24145.2 8.67078 4.88601 2 4 28742.8 57.1908 4.73479 2 10 83.406 7.64377e-05 4.01596 4 
2.07273 0.0001729 -1 0.928523 0.224246 0.00234158 38.2092 161656 5 22957.8 11.1306 4.60132 2 4 29823.9 53.1549 4.86693 2 12 99.702 4.81585e-05 3.35997 4 
2.07527 0.000172978 -1 0.929092 0.223947 0.00254046 38.2739 161811 5 20476.1 6.73189 4.97304 2 4 23338 41.6359 4.86574 2 13 115.057 7.41022e-05 2.9939 4 
2.07799 0.000173112 -1 0.929699 0.223663 0.00271181 38.3445 161941 5 23893.3 3.32527 5.90595 2 4 27229.3 34.2529 5.30988 2 15 128.75 7.34596e-05 2.60763 4 
2.08087 0.000173227 -1 0.930341 0.223367 0.0028813 38.4259 162024 5 21474.5 5.29296 5.26799 2 4 30603.8 23.9258 5.98036 2 17 143.852 9.26602e-05 2.31301 4 
2.08387 0.000173313 -1 0.931012 0.223093 0.0030037 38.5372 161981 6 13326.8 4.8828 3.73832 2 4 15304 33.7003 4.61629 2 23 157.313 5.72876e-05 1.90521 5 
2.087 0.000173331 -1 0.931709 0.222838 0.00312672 38.6582 161898 5 22850.6 6.22401 5.16375 2 4 23333.6 29.8815 5.28621 2 25 181.641 7.69944e-05 1.7985 5 
2.09025 0.000173309 -1 0.932433 0.222553 0.00324912 38.771 161850 5 20968.9 3.50954 5.692 2 4 28352.9 11.3741 7.06594 2 24 212.567 9.60368e-05 1.83814 5 
2.09358 0.000173328 -1 0.933174 0.222243 0.00333243 38.8819 161809 5 13060.9 7.69828 4.42503 2 4 15289.7 17.7867 5.41472 2 22 239.888 7.33919e-05 1.97746 5 
2.09699 0.000173431 -1 0.933932 0.221932 0.0034076 38.9745 161845 6 17806.4 6.13135 3.7772 2 4 13158.9 15.6463 5.3852 2 18 273.101 5.91578e-05 2.34552 5 
2.10049 0.000173318 -1 0.934709 0.221701 0.00350005 39.0541 161935 5 24938.9 6.44601 5.21816 2 4 30109 13.3738 6.88827 2 14 310.767 5.69567e-05 3.02835 5 
2.10403 0.000173317 -1 0.935495 0.221458 0.00354139 39.1279 162048 6 14123.8 1.75628 4.47603 2 4 21610 19.8558 5.7437 2 13 341.521 9.36584e-05 3.19712 5 
2.10761 0.000173416 -1 0.936288 0.221174 0.00358389 39.196 162185 5 12492 5.76842 4.64638 2 4 12008.2 13.4453 5.46671 2 12 376.794 4.68289e-05 3.76241 5 
2.11124 0.000173517 -1 0.93709 0.220884 0.00362759 39.2638 162322 5 23147.3 3.0118 5.98597 2 4 27418.4 10.8902 7.08356 2 12 418.622 7.80106e-05 3.63752 5 
2.11493 0.00017362 -1 0.937902 0.22057 0.0036878 39.3315 162459 5 20930.5 3.77293 5.60816 2 4 24915.6 22.7508 5.75266 2 12 465.686 3.18072e-05 3.95486 5 
2.11863 0.000173646 -1 0.938718 0.22005 0.00370323 39.4087 162556 9 92558.8 6.56451 2.89084 2 5 90418.5 23.2665 5.22282 2 12 350.782 4.32411e-05 3.76497 5 
2.11973 0.000173801 -1 0.93896 0.219764 0.00110034 39.4588 162766 5 21784.4 60.3424 3.24717 2 5 253920 252.179 3.98655 2 9 60.4505 3.22911e-05 4.9765 3 
2.12111 0.00017376 -1 0.939264 0.21986 0.00137973 39.5285 162893 5 19056.6 39.2233 3.44588 2 5 194991 146.423 4.21581 2 15 67.8182 4.19148e-05 2.59377 3 
2.1228 0.000173749 -1 0.939635 0.219538 0.00169343 39.6196 162932 5 24904.1 15.594 4.37182 2 4 31552.3 112.115 4.09583 2 24 94.6741 9.67846e-05 1.77665 3 
2.12478 0.000173794 -1 0.94007 0.219124 0.00198013 39.7092 162977 5 21619.2 7.00007 4.98824 2 4 27735.6 90.8598 4.1799 2 24 124.83 4.25245e-05 1.85989 4 
2.12703 0.000173759 -1 0.940561 0.218711 0.00224414 39.7672 163151 5 35073.6 12.4247 4.89935 2 4 37178.3 54.3908 5.11318 2 11 155.588 6.8718e-05 3.78197 4 
2.12948 0.000173659 -1 0.941097 0.218295 0.00245217 39.8329 163293 5 31738.2 14.9549 4.62764 2 4 44556.3 52.1418 5.40668 2 12 181.084 9.91409e-05 3.32508 4 
2.13211 0.000173567 -1 0.941671 0.217934 0.00262997 39.9027 163418 6 19389.3 8.38611 3.63636 2 4 21152.5 50.0414 4.53428 2 14 203.188 6.47085e-05 2.91117 4 
2.1349 0.000173495 -1 0.942279 0.21761 0.00279064 39.9738 163538 5 33004.5 9.14929 5.14561 2 4 39047.7 43.9679 5.45902 2 15 223.777 7.82731e-05 2.6941 4 
2.13784 0.00017343 -1 0.942919 0.217241 0.00294251 40.056 163611 6 31989.1 7.28153 4.04697 2 5 40469 20.6367 4.55508 2 16 245.563 9.39063e-05 2.51821 4 
2.14092 0.000173355 -1 0.943588 0.216899 0.00307913 40.1411 163672 5 19174.3 7.64838 4.78443 2 5 22996.8 20.3847 4.07824 2 18 273.215 6.31067e-05 2.33717 4 
2.14412 0.000173262 -1 0.94428 0.216536 0.0031936 40.2278 163727 5 32854.3 6.55253 5.49587 2 5 28436.9 25.4108 4.07167 2 19 297.673 8.8142e-05 2.20601 4 
2.14741 0.000173146 -1 0.944993 0.21618 0.00329186 40.322 163751 5 30152.3 6.64756 5.38681 2 5 34837.8 16.8562 4.60318 2 21 319.521 8.17836e-05 2.06014 4 
2.15078 0.000173063 -1 0.945721 0.215942 0.00336993 40.4351 163698 12 21935.5 7.0521 1.95465 2 5 21132.8 15.3873 4.24188 2 23 347.546 9.97513e-05 1.92504 4 
2.1542 0.000172903 -1 0.94646 0.215657 0.00342428 40.5665 163572 8 19433.4 6.27238 2.73143 2 5 20745.5 12.5447 4.40243 2 27 372.782 6.15823e-05 1.78314 5 
2.15771 0.000172793 -1 0.947217 0.215348 0.00350953 40.7538 163222 8 36858.1 7.01362 2.91792 3 5 43492.3 20.6684 4.61978 2 40 404.195 8.90952e-05 1.46696 5 
2.16127 0.000172662 -1 0.947982 0.215066 0.00355396 40.9212 162954 7 21353.3 4.4545 3.3559 4 5 24175.8 20.9495 4.09677 2 34 430.809 9.15861e-05 1.57126 5 
2.16485 0.000172599 -1 0.948752 0.214787 0.00358433 41.0618 162795 6 11303 4.23145 3.72492 4 5 13796.6 11.1485 4.15443 2 27 463.876 7.82347e-05 1.78177 5 
2.16847 0.00017257 -1 0.949529 0.214542 0.00361537 41.1627 162794 4 31877.5 6.61069 8.33315 3 5 33948.6 7.77328 5.34618 2 20 496.244 6.48606e-05 2.20895 5 
2.17213 0.000172459 -1 0.950313 0.214128 0.00366315 41.2407 162884 5 31870.9 6.95974 5.3971 2 5 40207.8 9.27251 5.33854 2 14 532.258 7.82722e-05 3.07636 5 
2.17581 0.000172356 -1 0.951101 0.213917 0.00367943 41.3217 162961 6 19537 3.94204 4.12911 3 5 24912.2 17.1047 4.292 2 14 557.871 5.97641e-05 3.14676 5 
2.1795 0.000172461 -1 0.95189 0.213647 0.00369593 41.3969 163061 6 10509.2 3.59453 3.78142 4 5 11083.3 9.28724 4.12436 2 12 582.104 6.45328e-05 3.79841 5 
2.18322 0.000172459 -1 0.952683 0.213356 0.00371265 41.4742 163152 7 31354.5 4.35376 3.55682 3 5 33775.6 8.32061 5.26853 2 12 603.879 6.74029e-05 3.79626 5 
2.18696 0.00017244 -1 0.953481 0.213045 0.00374671 41.5525 163239 7 28922.8 4.51499 3.49782 3 5 37317.8 9.53783 5.2299 2 12 633.759 5.91511e-05 3.85328 5 
2.19071 0.000172422 -1 0.954279 0.212716 0.00374671 41.6309 163325 7 24000.4 4.77197 3.379 2 5 22531.1 19.747 4.08749 2 12 660.885 7.63593e-05 3.78534 5 
2.19447 0.000172454 -1 0.955078 0.211241 0.00376414 41.7476 163261 17 106590 5.02736 1.79677 3 13 111068 20.5329 1.93716 3 12 452.195 7.95666e-05 3.65496 5 
2.19625 0.000172537 -1 0.955454 0.210579 0.0017782 41.8189 163374 8 21747.7 26.4179 2.3144 3 7 101422 80.0928 2.77472 3 8 188.653 8.52024e-05 6.21086 4 
2.19833 0.000172686 -1 0.955893 0.209757 0.00208225 41.9291 163335 7 32758.3 14.2174 3.02244 2 9 81126.8 85.9797 2.14057 3 22 204.72 6.44776e-05 1.97485 4 
2.20069 0.000172585 -1 0.956388 0.208945 0.00235784 42.0313 163328 11 37564.4 9.2154 2.12915 3 7 27879 56.5926 2.42463 3 18 273.44 9.96531e-05 2.2787 4 
2.2033 0.000172447 -1 0.956932 0.208312 0.00260361 42.1535 163243 14 46855.9 10.6414 1.82083 2 9 61102.3 42.3065 2.24426 4 20 330.05 4.42892e-05 2.20604 4 
2.20609 0.000172221 -1 0.957515 0.207946 0.00279545 42.2782 163149 13 24302 8.68649 1.84136 3 9 27691.3 37.2391 2.08467 4 20 370.444 8.11192e-05 2.15268 4 
2.20906 0.000172109 -1 0.958133 0.207789 0.00297344 42.404 163052 11 48037.8 9.33236 2.17479 4 10 53650.4 32.5675 2.09739 3 19 424.411 7.96172e-05 2.25965 4 
2.2122 0.000172027 -1 0.958785 0.207823 0.00313863 42.5422 162907 12 40733.4 7.62836 2.04469 3 10 53232.3 32.798 2.09427 3 22 466.001 6.83425e-05 2.04467 4 
2.21549 0.000171941 -1 0.959466 0.207994 0.00328249 42.6692 162806 13 26119.8 8.30155 1.85807 2 9 33281.8 32.8204 2.15778 3 20 508.421 9.90025e-05 2.16535 4 
2.21894 0.000171874 -1 0.960184 0.208224 0.00345601 42.7961 162706 10 40970 8.36742 2.33877 2 8 41235.5 22.2964 2.56082 3 23 571.648 7.80528e-05 1.98823 4 
2.22251 0.000171911 -1 0.960924 0.208452 0.00356647 42.927 162592 10 42596.4 6.07858 2.42414 2 8 49252.9 21.8223 2.62537 3 26 613.491 6.43363e-05 1.8554 4 
2.22616 0.000172039 -1 0.961684 0.208641 0.00365019 43.0702 162432 9 27313.7 6.02884 2.54823 3 10 28059.7 20.1203 2.06274 2 27 658.188 9.66539e-05 1.79093 5 
2.22984 0.000172242 -1 0.962451 0.208751 0.00368496 43.2515 162130 10 25676.6 4.6 2.36962 3 8 27390.4 17.7128 2.50417 3 36 700.064 9.24921e-05 1.55269 5 
2.23362 0.000172351 -1 0.96324 0.208756 0.00377528 43.4097 161916 10 44730.5 6.00678 2.43891 3 8 52778.5 26.8727 2.58014 2 28 759.594 9.4221e-05 1.76465 5 
2.23749 0.000172497 -1 0.964047 0.208662 0.00387061 43.5558 161749 11 32835.9 3.88624 2.27501 3 11 27426.2 16.7717 1.9595 3 23 821.221 6.90846e-05 2.03054 5 
2.24138 0.000172582 -1 0.964859 0.208503 0.00389036 43.6625 161729 10 19886.7 4.54302 2.31271 3 7 19417.5 23.614 2.60875 3 16 850.733 7.49625e-05 2.76016 5 
2.24527 0.000172683 -1 0.965669 0.208269 0.00389036 43.7687 161711 11 36116.6 3.52725 2.3151 3 9 38323.5 23.4032 2.27579 2 14 869.16 4.95576e-05 3.29176 5 
2.24922 0.000172768 -1 0.966493 0.207953 0.00395146 43.8791 161678 12 44808.7 4.66347 2.14728 3 11 59088.7 21.919 2.0506 3 13 912.98 3.84826e-05 3.69252 5 
2.25324 0.000172853 -1 0.967327 0.207585 0.00401486 43.9865 161655 11 29622.8 6.16596 2.16119 3 12 29192.4 16.9569 1.86063 2 13 972.158 5.71887e-05 3.59904 5 
2.25727 0.000172981 -1 0.968164 0.207213 0.00403656 44.0964 161624 11 17093.8 4.81551 2.10254 3 11 14956.9 17.245 1.84972 2 13 1009.16 8.2737e-05 3.5083 5 
2.26118 0.00017307 -1 0.968972 0.206848 0.00390909 44.1919 161646 10 32328.9 6.32948 2.34867 3 8 34183.7 25.499 2.45987 3 13 965.599 7.63957e-05 3.51793 5 
2.26511 0.000173169 -1 0.969784 0.206466 0.00392988 44.2963 161634 12 42531.6 4.5533 2.14223 2 9 55242.4 22.6311 2.37901 2 14 989.871 8.59376e-05 3.19437 5 
2.26911 0.000173316 -1 0.970607 0.20606 0.00399396 44.4018 161619 10 30970.3 5.56974 2.36871 3 9 31032 18.1 2.28743 2 16 1030.28 7.00094e-05 2.80535 5 
2.27314 0.000173419 -1 0.971439 0.205672 0.00403809 44.5087 161600 8 18221.1 6.09182 2.71943 3 8 20576.1 19.3592 2.38951 2 17 1055.74 6.8198e-05 2.64806 5 
2.2772 0.000173544 -1 0.972272 0.205304 0.00406065 44.6113 161595 7 14771.6 5.03576 3.12851 3 6 19322.5 22.3253 3.08705 3 17 1083.02 6.6377e-05 2.65627 5 
2.28127 0.000173668 -1 0.973106 0.20496 0.00406065 44.7197 161570 9 40975.5 4.47021 2.75578 2 7 50480.4 16.0125 3.16089 2 17 1099.82 5.27206e-05 2.69494 5 
2.28533 0.000173827 -1 0.973937 0.20462 0.00406065 44.8224 161565 9 33804.1 4.79382 2.67663 2 7 34743.7 14.3283 3.04457 3 16 1108.28 9.54415e-05 2.76412 5 
2.28943 0.000174003 -1 0.974777 0.204277 0.00410732 44.9208 161576 8 25928.1 3.61166 3.03395 2 6 25866.4 18.2314 3.35212 2 17 1138.48 4.85961e-05 2.7134 5 
2.29356 0.000174204 -1 0.97562 0.203955 0.0041312 45.0208 161581 7 13706.9 4.05993 3.19198 2 6 16008.9 13.589 3.24984 2 17 1148.99 5.28727e-05 2.70143 5 
2.29772 0.000174417 -1 0.976468 0.203653 0.0041555 45.1518 161475 6 31066.1 3.83929 4.48063 2 6 32798 15.8361 3.57026 2 24 1160.68 7.18441e-05 1.99686 6 
2.30176 0.000174677 -1 0.977288 0.203367 0.00403609 45.2887 161349 7 35251.9 2.55774 3.90241 2 6 50473.1 22.4706 3.61888 2 24 1105.13 8.75124e-05 1.97647 6 
2.30577 0.000174888 -1 0.978104 0.203108 0.0040129 45.4042 161299 6 24578.7 5.26096 4.08867 2 5 24569.6 19.8846 4.15314 2 20 1096.82 9.87771e-05 2.25047 6 
2.30983 0.000175093 -1 0.978927 0.20284 0.00405983 45.5175 161257 7 27607.5 4.22349 3.50793 2 5 25218.7 11.3536 4.67001 2 17 1120.42 7.01095e-05 2.65303 6 
2.31333 0.000175284 -1 0.979638 0.202656 0.00350341 45.6361 161197 8 15299.4 5.50922 2.69431 2 6 21251.7 21.1188 3.16558 2 20 823.049 7.9908e-05 2.24203 5 
2.31685 0.000175384 -1 0.98035 0.202483 0.00352137 45.75 161154 7 25355.7 6.42964 3.26361 2 6 29341.2 16.9329 3.4657 2 19 818.56 6.70504e-05 2.36038 5 
2.32039 0.000175569 -1 0.981066 0.202257 0.00353962 45.8376 161204 7 31897.9 6.97645 3.33331 2 6 44529.1 12.2321 3.92215 2 15 822.14 8.92642e-05 2.91263 5 
2.32393 0.000175747 -1 0.98178 0.202049 0.00353962 45.9277 161244 7 28566.6 7.22086 3.26509 2 6 28346.2 25.8165 3.21193 2 15 817.65 4.42681e-05 3.05093 5 
2.32723 0.000175886 -1 0.982446 0.201841 0.00329789 46.0035 161334 5 21892.3 8.02862 4.86553 2 6 24570.4 25.9823 3.13297 2 13 699.785 6.48898e-05 3.47523 5 
2.33051 0.000176099 -1 0.983107 0.201683 0.0032818 46.083 161412 7 21696.2 7.407 3.12787 2 6 25746.2 10.1844 3.69088 2 13 679.926 5.61173e-05 3.5065 5 
2.33381 0.000176271 -1 0.983772 0.201495 0.00329797 46.1627 161488 6 16651.5 5.9834 3.75046 2 5 16921.1 24.6826 3.69154 2 13 671.021 6.05371e-05 3.48258 5 
2.33714 0.000176363 -1 0.984443 0.201259 0.00333095 46.2405 161571 7 30065.6 4.54837 3.51354 2 5 31441.4 29.5897 4.0297 2 13 666.194 7.2835e-05 3.43148 5 
2.34056 0.000176619 -1 0.985131 0.200939 0.0034168 46.3305 161610 8 44263.2 7.93121 2.93994 2 7 50787 22.0088 3.02309 2 14 687.475 4.70789e-05 3.24897 5 
2.34405 0.000176927 -1 0.985833 0.200583 0.00348911 46.424 161638 10 43886.1 7.51298 2.38041 2 8 55589.4 29.0024 2.57229 2 14 700.81 7.43144e-05 3.14906 5 
2.34761 0.000177095 -1 0.986548 0.200168 0.00356496 46.5307 161619 12 37152.6 4.57824 2.11726 2 10 45104.2 19.9153 2.16522 2 15 707.982 5.07002e-05 2.99457 5 
2.35128 0.00017722 -1 0.98728 0.199711 0.0036651 46.6452 161574 13 30214.7 5.02786 1.9529 2 11 35747.7 18.0484 1.99393 2 16 716.381 4.3787e-05 2.82399 5 
2.35505 0.000177328 -1 0.988033 0.199234 0.00377164 46.7623 161519 11 21778.1 4.84575 2.14813 3 11 27816.6 19.5768 1.93462 2 17 718.078 4.39818e-05 2.65637 5 
2.35896 0.000177384 -1 0.988809 0.198714 0.00390879 46.8902 161428 12 33899.1 4.86876 2.09041 3 12 34003.6 22.5735 1.84004 2 18 722.227 6.00275e-05 2.47372 5 
2.36294 0.000177447 -1 0.989599 0.198165 0.00398163 47.0279 161304 12 42917.2 5.59452 2.10736 3 13 47341 19.2393 1.82327 2 19 691.714 8.06428e-05 2.31693 5 
2.367 0.000177516 -1 0.990401 0.197633 0.00405771 47.1654 161181 12 38725.9 4.87065 2.11366 3 13 48818.6 23.2838 1.80095 2 21 652.434 6.86122e-05 2.14928 5 
2.37111 0.000177566 -1 0.991213 0.197151 0.00411041 47.3226 160992 13 29753.5 4.89267 1.95468 2 11 34936.6 18.0095 1.99016 3 24 596.169 6.58431e-05 1.94926 6 
2.37533 0.000177558 -1 0.992044 0.196781 0.00422075 47.442 160932 6 23182.2 4.57278 4.14473 2 10 29375.9 16.3793 2.11529 3 18 549.014 7.7795e-05 2.40148 6 
2.37973 0.000177512 -1 0.99291 0.196461 0.0043991 47.5583 160883 15 15253.6 3.98801 1.73317 2 5 18610.9 8.89194 4.61482 2 16 511.66 7.4289e-05 2.67534 6 
2.38422 0.000177476 -1 0.993793 0.196295 0.00449473 47.6766 160827 16 30070.2 3.77096 1.7533 3 9 31342.4 15.4809 2.33008 3 13 448.306 7.31737e-05 3.32731 6 
2.38882 0.000177439 -1 0.994696 0.196282 0.00459536 47.7876 160797 19 30437.9 3.87256 1.60333 2 4 32660.3 8.73016 7.82077 2 14 385.835 4.44674e-05 3.13038 6 
2.39345 0.000177391 -1 0.995602 0.196449 0.00463017 47.9069 160739 18 25979.8 3.93159 1.63014 3 7 29255.8 15.2422 2.94458 3 14 316.862 5.7955e-05 3.0288 6 
2.39815 0.000177347 -1 0.996524 0.19675 0.00470196 48.0472 160610 18 20503 3.87524 1.61013 3 13 23577 17.053 1.74418 3 14 262.912 9.1215e-05 2.89341 6 
2.40296 0.000177304 -1 0.997468 0.19713 0.0048148 48.187 160484 16 16248.2 4.28234 1.67377 3 15 22378.1 15.9055 1.62138 3 15 230.659 7.31413e-05 2.71178 6 
2.40786 0.000177262 -1 0.998431 0.197529 0.00489373 48.3248 160366 13 14273.5 3.75487 1.8853 4 10 15300.7 14.3503 2.0081 4 16 215.108 5.22138e-05 2.59077 6 
2.41279 0.000177239 -1 0.999404 0.197812 0.00493451 48.4622 160249 13 25937.9 3.47197 1.98587 4 8 26039.1 14.8207 2.54445 4 16 231.49 8.67992e-05 2.52131 6 
2.41765 0.000177292 -1 1.00036 0.198059 0.00485295 48.5809 160194 8 28246.6 2.84533 3.1594 3 6 29747.2 15.322 3.53201 4 16 237.72 7.90242e-05 2.54035 6 
2.42238 0.000177458 -1 1.0013 0.198204 0.00473459 48.7039 160126 10 24911.1 3.74169 2.41175 5 4 26033.3 14.4307 6.51719 3 16 243.687 6.19318e-05 2.58334 6 
2.42723 0.000177466 -1 1.00226 0.198214 0.00485395 48.8342 160035 9 19752.8 4.14405 2.56265 5 9 23164.6 14.8215 2.26403 3 17 275.166 6.26321e-05 2.45897 6 
2.43217 0.000177436 -1 1.00324 0.198141 0.00493764 48.9831 159883 14 14175.5 3.78973 1.79974 5 9 15162 14.6284 2.16303 5 18 303.33 5.28404e-05 2.37409 6 
2.43715 0.00017738 -1 1.00423 0.198032 0.00498095 49.1471 159683 15 10213.2 3.18992 1.71274 5 9 12217 13.1772 2.1364 5 18 326.867 7.21692e-05 2.34304 6 
2.44205 0.00017733 -1 1.00519 0.197894 0.00489432 49.3542 159344 13 21112.6 3.88739 1.93775 6 7 22062.8 16.1266 2.80554 5 31 334.285 8.36827e-05 1.63287 6 
2.44674 0.00017727 -1 1.00612 0.197729 0.00468868 49.5355 159092 14 26928.3 4.12543 1.87276 5 7 29619.9 16.1589 2.92528 5 24 324.436 7.91551e-05 1.88594 6 
2.45142 0.000177209 -1 1.00704 0.197524 0.00468868 49.7035 158884 14 25636.5 4.20014 1.8638 6 9 27253.4 16.5025 2.27793 6 18 340.385 8.01597e-05 2.33466 6 
2.45628 0.000177135 -1 1.008 0.197267 0.00485465 49.8684 158687 12 20608.6 4.18105 2.0311 6 10 15573.7 13.9812 2.0169 5 18 379.152 5.6404e-05 2.395 6 
2.46122 0.000177062 -1 1.00898 0.196992 0.00494292 50.0352 158485 13 15693.2 3.73586 1.89984 5 9 17475.8 14.9022 2.19291 5 18 407.706 9.71198e-05 2.33317 6 
2.46621 0.000176993 -1 1.00996 0.196758 0.00498868 50.1992 158294 14 12530.5 3.78406 1.78414 5 9 9914.77 13.2932 2.08537 5 19 428.481 8.02971e-05 2.25977 6 
2.4712 0.000176927 -1 1.01094 0.196551 0.00498868 50.3569 158124 14 9209.43 3.3172 1.76182 5 8 11691.6 14.7579 2.30333 5 19 440.18 9.68639e-05 2.24075 6 
2.47601 0.000176868 -1 1.01188 0.196391 0.00480728 50.5006 157998 11 19730.1 4.23156 2.15532 6 7 22090.8 12.9442 2.89557 6 18 419.336 8.82638e-05 2.34927 6 
2.48086 0.000176793 -1 1.01283 0.196155 0.00485179 50.6781 157768 15 21620.7 3.67791 1.78355 5 10 19913.6 12.3388 2.09309 6 19 436.576 8.93696e-05 2.24929 6 
2.4858 0.000176719 -1 1.0138 0.195902 0.0049442 50.8461 157569 13 20812.2 3.79199 1.93932 6 7 23023.8 14.7389 2.8592 6 21 461.155 5.75886e-05 2.13176 6 
2.49089 0.000176635 -1 1.0148 0.195606 0.00509106 51.0237 157342 13 18324.8 3.7986 1.92017 5 7 12859.4 15.232 2.61858 6 23 494.928 5.80297e-05 2.00144 6 
2.49598 0.000176548 -1 1.01579 0.195362 0.00509106 51.193 157142 13 15282.2 3.21303 1.91808 5 6 14632.8 12.8488 3.23155 6 23 502.222 7.59666e-05 1.9794 6 
2.50108 0.000176478 -1 1.01679 0.195157 0.00509106 51.3586 156954 11 14174.6 3.3427 2.13681 6 6 14251.6 14.1335 3.16667 6 23 508.865 9.64119e-05 1.96011 6 
2.50602 0.000176412 -1 1.01775 0.195004 0.00493984 51.5159 156793 10 18013.6 3.78577 2.33209 5 5 24122.2 12.5308 4.53824 6 22 485.208 8.22937e-05 2.0312 6 
2.51101 0.000176337 -1 1.01872 0.194829 0.00498974 51.6806 156610 8 19492.7 3.15574 2.97746 4 6 11431.4 13.8768 3.06174 6 23 500.515 6.09018e-05 1.99822 6 
2.5161 0.000176369 -1 1.01971 0.194625 0.00509369 51.8519 156409 7 15784 1.70083 3.68802 4 6 22438.8 14.4738 3.40201 5 28 526.171 8.82002e-05 1.74577 6 
2.5213 0.000176619 -1 1.02072 0.194423 0.00520323 52.0156 156231 9 13391 3.04811 2.53953 5 4 13781.1 14.6519 5.53793 4 25 552.136 5.96553e-05 1.89957 6 
2.52651 0.000176796 -1 1.02173 0.194254 0.00520323 52.1657 156096 8 14567 3.17861 2.86841 5 4 13101 5.98844 6.83908 3 25 554.459 5.72452e-05 1.90303 6 
2.53171 0.000176899 -1 1.02274 0.194081 0.00520323 52.3248 155934 9 15156.7 3.59571 2.52789 5 5 15605.6 6.35274 4.76501 3 25 556.082 5.88447e-05 1.90115 6 
2.5368 0.000176948 -1 1.02373 0.193936 0.00509012 52.4754 155799 9 17573.6 3.37708 2.58776 6 5 22512.3 8.23007 4.86859 3 24 533.296 5.99186e-05 1.94786 6 
2.54189 0.000177014 -1 1.02472 0.193792 0.00509012 52.641 155620 10 12113.9 3.21433 2.27834 6 5 13598.3 7.0557 4.5393 3 24 533.949 6.64975e-05 1.93953 6 
2.54709 0.000177082 -1 1.02572 0.193632 0.00520581 52.8088 155436 11 21219 3.34579 2.21644 6 5 17221.2 10.0883 4.43046 3 25 558.096 8.47531e-05 1.87388 6 
2.55236 0.000177167 -1 1.02674 0.19348 0.00526634 52.9833 155233 12 14601 2.98714 2.02968 6 5 18921.1 9.14597 4.60409 3 26 569.8 8.2874e-05 1.8322 6 
2.55763 0.000177244 -1 1.02776 0.193334 0.00526634 53.1594 155027 10 10967.9 3.57579 2.2319 7 5 9479.41 7.02161 4.22736 3 27 572.12 5.90185e-05 1.81451 6 
2.56296 0.000177328 -1 1.02879 0.193229 0.00532979 53.3436 154799 10 8269.29 3.33863 2.18469 7 5 12319.6 5.30063 4.71253 3 28 602.245 7.27343e-05 1.76633 6 
2.56822 0.000177409 -1 1.02981 0.193161 0.00526557 53.5064 154634 8 16788.2 3.30553 2.9055 5 5 13848.7 6.0297 4.70135 3 27 605.794 9.67381e-05 1.78538 6 
2.57349 0.000177387 -1 1.03082 0.193091 0.00526557 53.6733 154459 7 12091.7 3.10174 3.25824 4 5 14884.8 6.40307 4.71271 3 28 624.253 7.64933e-05 1.76542 6 
2.57882 0.000177166 -1 1.03185 0.19299 0.00533139 53.8451 154270 7 12743.3 3.36364 3.24497 3 4 13254.6 13.0442 5.64595 3 29 656.359 9.12291e-05 1.72365 6 
2.58422 0.000176871 -1 1.03289 0.192815 0.00539974 54.0943 153862 11 18933.1 2.84936 2.22586 2 5 20460.6 12.1548 4.41809 2 47 685.221 8.67271e-05 1.40204 6 
2.58962 0.000176466 -1 1.03393 0.19267 0.00539974 54.2793 153640 8 12952.2 2.82613 2.86843 2 7 11441 10.4299 2.71839 2 31 692.867 6.40757e-05 1.68617 7 
2.59502 0.000176448 -1 1.03497 0.192568 0.00539974 54.4032 153591 11 9896.25 3.21229 2.07563 3 6 10199.5 13.0076 3.03667 2 17 699.363 8.12518e-05 2.55819 7 
2.60042 0.000176509 -1 1.03601 0.192414 0.00539974 54.5141 153579 7 15902.6 3.25128 3.36557 2 6 12436.1 10.0948 3.27414 2 16 720.088 8.57505e-05 2.70869 7 
2.60582 0.000176892 -1 1.03704 0.19233 0.00539974 54.6343 153541 8 13191.7 3.35563 2.81395 3 7 16299.5 12.9429 2.77254 3 16 741.587 8.60576e-05 2.71307 7 
2.61129 0.000177186 -1 1.0381 0.192251 0.00547474 54.755 153502 8 11428.9 2.98762 2.80437 4 5 12775 12.0799 4.02587 2 17 784.591 5.47828e-05 2.63597 7 
2.61677 0.000177394 -1 1.03915 0.192163 0.00547474 54.8887 153426 12 15426.1 3.0057 2.03795 5 5 16091.7 7.84561 4.59616 2 17 802.686 5.43853e-05 2.64064 7 
2.62209 0.000177525 -1 1.04017 0.19211 0.00532266 55.025 153344 12 14270.9 2.90087 2.03077 6 5 19118.4 6.77423 4.89912 2 16 772.006 6.16894e-05 2.77708 7 
2.62741 0.000177646 -1 1.04119 0.192062 0.00532266 55.1623 153259 10 11730.1 3.00227 2.28657 7 5 10294.6 3.24228 5.01594 2 16 784.565 6.33702e-05 2.77521 7 
2.63274 0.000177764 -1 1.04221 0.192013 0.00532266 55.3085 153151 12 13179.4 3.23217 1.99925 8 5 12744.9 5.42894 4.72199 2 16 797.043 6.40423e-05 2.77612 7 
2.63806 0.000177877 -1 1.04323 0.191951 0.00532266 55.4545 153043 10 13803.1 3.36012 2.29806 9 5 15756.1 12.8586 4.14621 2 16 811.385 6.24528e-05 2.78359 7 
2.64346 0.000177994 -1 1.04427 0.191886 0.00540211 55.5937 152954 8 12357.4 2.82119 2.85224 9 6 14643.6 12.1499 3.26222 2 16 850.414 9.24949e-05 2.72408 7 
2.64863 0.000178097 -1 1.04526 0.191792 0.00516723 55.7032 152948 3 6645.18 2.01302 14.8897 7 6 7559.9 14.1326 2.84915 2 15 789.682 7.37026e-05 2.94215 7 
2.6538 0.000178513 -1 1.04625 0.191735 0.00516723 55.807 152957 4 15276.4 3.26456 8.27083 5 5 17591.5 8.38208 4.61733 2 15 809.064 7.45467e-05 2.94467 7 
2.65896 0.000178847 -1 1.04724 0.191695 0.00516723 55.9312 152910 9 14623.3 3.29965 2.542 6 5 15290.2 13.9248 4.05625 2 16 825.534 5.43962e-05 2.81075 7 
2.66405 0.000178978 -1 1.04822 0.191641 0.00509011 56.0445 152893 7 12131 3.53322 3.19966 7 5 12774.9 13.1452 3.95838 2 15 815.323 5.38128e-05 3.0109 7 
2.66914 0.000179051 -1 1.04919 0.191577 0.00509011 56.1717 152839 8 14322 3.33426 2.84528 8 5 12818.6 13.3786 3.94717 2 15 830.149 5.54516e-05 3.0085 7 
2.67423 0.000179151 -1 1.05017 0.1915 0.00509011 56.3108 152752 9 14712 3.63298 2.51665 9 6 18817.3 12.8838 3.36836 2 15 845.236 5.8368e-05 3.00184 7 
2.67932 0.000179254 -1 1.05114 0.191428 0.00509011 56.4365 152702 7 10115.6 3.85453 3.07915 9 5 9862.48 12.4007 3.80284 2 15 860.176 5.95373e-05 3.00137 7 
2.68404 0.000179346 -1 1.05204 0.191425 0.00471584 56.5561 152669 7 9046.07 3.71199 3.04675 9 5 8496.57 12.7748 3.66925 2 13 749.442 8.29932e-05 3.4281 7 
2.68875 0.000179436 -1 1.05294 0.191384 0.00471584 56.6816 152620 9 9667.53 3.95203 2.37958 9 6 9722.52 17.2634 2.87371 2 13 761.325 8.30815e-05 3.43197 7 
2.69347 0.000179525 -1 1.05384 0.191333 0.00471584 56.8092 152566 9 14352.7 4.13269 2.47407 9 6 17377.3 10.2943 3.45062 2 13 770.454 8.47775e-05 3.42978 7 
2.69819 0.000179625 -1 1.05475 0.191276 0.00471584 56.9434 152494 10 15976.2 3.89358 2.2978 9 5 16891.4 12.1568 4.25176 2 13 778.256 8.561e-05 3.42986 7 
2.70269 0.000179709 -1 1.05561 0.191245 0.00450468 57.0665 152452 9 13497.2 4.1716 2.45467 10 5 14114.1 9.99798 4.26528 2 13 715.667 2.68714e-05 3.72551 7 
2.70713 0.000179799 -1 1.05646 0.191211 0.00443745 57.1868 152418 9 12667.7 4.28877 2.42994 9 5 14422.6 4.73335 4.97479 2 12 699.292 7.22902e-05 3.8206 7 
2.71157 0.000179888 -1 1.0573 0.191166 0.00443745 57.3058 152387 9 11778.7 4.95619 2.37195 10 5 13640.6 15.2531 3.89309 2 12 702.861 7.59268e-05 3.80662 7 
2.716 0.000179991 -1 1.05815 0.191152 0.00443745 57.4268 152352 9 8541.89 4.10613 2.33712 10 5 8921.45 7.54624 4.11662 2 12 707.882 7.85068e-05 3.79829 7 
2.72044 0.000180076 -1 1.059 0.19114 0.00443745 57.5465 152319 8 8894.69 4.39274 2.59 9 5 7615.94 4.79648 4.36677 2 12 716.741 8.31697e-05 3.78399 7 
2.72495 0.000180164 -1 1.05986 0.191133 0.00450902 57.6519 152325 5 8045.12 4.90099 4.39592 8 4 7034.56 17.747 4.46198 2 13 749.058 3.39597e-05 3.67188 7 
2.72946 0.000180283 -1 1.06072 0.191169 0.00450902 57.7701 152297 7 8692.08 4.2166 2.97476 9 7 9099.84 17.2905 2.44763 3 13 756.521 3.61352e-05 3.65717 7 
2.73404 0.000180378 -1 1.0616 0.191173 0.00458544 57.895 152251 8 17156.4 4.31392 2.81802 9 6 18907.8 18.7858 3.16569 3 13 789.737 5.69976e-05 3.54288 7 
2.73863 0.000180474 -1 1.06248 0.191191 0.00458544 58.0256 152191 9 19923.8 3.99033 2.5759 10 6 21605.1 17.9526 3.26141 3 13 794.778 6.14576e-05 3.52413 7 
2.7433 0.000180559 -1 1.06337 0.191174 0.00466732 58.1694 152096 10 20154.3 3.80689 2.35711 10 4 20958.2 11.9404 6.47267 2 14 827.173 2.85914e-05 3.41157 7 
2.74796 0.000180643 -1 1.06426 0.191145 0.00466732 58.3085 152015 9 16467 4.44513 2.49187 11 5 16464.8 6.68371 4.76769 2 14 827.7 3.20848e-05 3.38375 7 
2.75263 0.000180742 -1 1.06515 0.191113 0.00466732 58.4511 151924 10 13343.1 4.32827 2.23303 10 5 12135.8 16.2618 3.75474 2 14 825.674 3.26078e-05 3.37925 7 
2.75739 0.000180838 -1 1.06606 0.191097 0.00475708 58.5994 151819 10 12419.9 3.79138 2.24663 10 6 11665.2 17.0555 2.96828 2 14 853.679 6.27181e-05 3.23269 7 
2.76224 0.000180925 -1 1.06699 0.191069 0.00485222 58.7529 151701 10 20737.3 3.54004 2.38108 9 9 12510.9 15.8964 2.09786 4 15 881.422 3.30275e-05 3.12671 7 
2.76709 0.000181006 -1 1.06792 0.191071 0.00485222 58.8956 151612 9 12111.1 3.7281 2.45577 9 6 10779.4 16.4045 2.94853 5 15 872.79 3.64561e-05 3.10415 7 
2.77205 0.000181095 -1 1.06886 0.191039 0.00495546 59.0594 151469 11 10213.9 3.96811 2.042 9 8 10835.3 13.7888 2.30099 7 15 900.347 6.45693e-05 2.99428 7 
2.777 0.00018119 -1 1.0698 0.191027 0.00495546 59.2217 151330 11 18672.4 3.54768 2.17919 9 7 20683.8 15.7293 2.78972 7 15 888.114 6.68553e-05 2.98462 7 
2.78196 0.000181272 -1 1.07075 0.190969 0.00495546 59.4026 151145 12 21233.7 3.67684 2.05808 9 9 21964.2 13.5039 2.27408 8 15 874.549 6.46728e-05 2.98816 7 
2.78703 0.000181358 -1 1.07171 0.190903 0.0050707 59.5784 150974 11 19152.7 3.25208 2.20158 8 8 20594.3 12.6872 2.5194 8 16 899.012 4.18246e-05 2.87257 7 
2.79222 0.000181435 -1 1.07271 0.190799 0.00519438 59.7398 150841 9 16405.9 3.20327 2.58319 7 8 15744.1 12.4212 2.44269 7 16 922.831 8.42589e-05 2.75403 7 
2.79742 0.000181514 -1 1.0737 0.19082 0.00519438 59.8723 150781 6 17856.6 3.0311 4.24978 6 6 13557.9 10.9707 3.27587 7 16 898.198 8.45396e-05 2.74881 7 
2.80275 0.000181457 -1 1.07472 0.190745 0.00533107 60.0242 150672 13 13512 3.30348 1.89595 6 3 12367.5 12.8077 9.88409 6 17 918.796 6.68857e-05 2.62951 7 
2.80808 0.000181413 -1 1.07573 0.190666 0.00533107 60.1712 150576 14 12517.1 3.34667 1.79973 5 3 11714.5 8.47326 11.1402 5 17 886.591 4.83626e-05 2.67453 7 
2.81341 0.000181369 -1 1.07674 0.190608 0.00533107 60.3155 150488 15 15885.3 2.63844 1.78639 4 4 13088 11.9379 5.75421 4 16 850.126 9.80748e-05 2.71407 7 
2.8189 0.00018132 -1 1.07779 0.190571 0.00548787 60.449 150426 10 20152 2.39385 2.46901 4 6 18840.1 11.5756 3.4297 3 17 857.468 6.65555e-05 2.61961 7 
2.82439 0.00018125 -1 1.07883 0.190649 0.00548787 60.5724 150390 5 15919.3 2.88118 5.60364 4 7 14224.1 13.025 2.71666 3 17 806.138 6.37081e-05 2.61684 7 
2.82988 0.000180988 -1 1.07988 0.190747 0.00548787 60.6998 150345 8 28035.8 2.77364 3.16652 3 9 17824.6 10.2487 2.29107 2 17 752.904 9.52737e-05 2.54537 7 
2.83536 0.000180784 -1 1.08093 0.190742 0.00548787 60.8331 150285 9 17972.8 2.78372 2.65053 3 9 14209.2 10.1961 2.23537 3 17 710.396 7.56545e-05 2.57132 7 
2.84085 0.000180984 -1 1.08197 0.190863 0.00548787 60.9502 150264 6 8383.98 2.8564 3.78389 3 5 6970.72 4.83419 4.28342 3 17 666.972 6.27174e-05 2.59022 7 
2.84634 0.000181095 -1 1.08301 0.190899 0.00548787 61.0796 150215 11 8179.45 2.38525 2.09595 3 5 7987.92 5.7592 4.25025 2 17 641.429 5.47972e-05 2.60488 7 
2.85183 0.00018106 -1 1.08406 0.190983 0.00548787 61.2133 150154 10 9761.96 2.85137 2.25657 3 8 9148.52 10.9335 2.31912 3 17 679.258 4.95758e-05 2.62912 7 
2.85732 0.000180973 -1 1.08511 0.191036 0.00548787 61.3264 150144 6 11260.3 1.36005 4.49779 3 4 9426.32 13.1843 5.17096 3 17 722.234 4.5265e-05 2.65278 7 
2.86302 0.00018118 -1 1.08621 0.191027 0.00570739 61.4524 150103 8 12709.9 2.29603 2.93694 3 4 12497.3 10.1878 5.91812 3 18 826.292 5.3832e-05 2.50742 7 
2.86873 0.000181538 -1 1.08729 0.191001 0.00570739 61.591 150031 13 14968.2 2.34163 1.9622 3 5 10284 7.06325 4.29172 2 18 868.253 4.8668e-05 2.52846 7 
2.8742 0.000181677 -1 1.08833 0.190945 0.00546958 61.7526 149904 13 12473.6 2.85195 1.90575 3 6 12466.4 12.0044 3.18225 3 23 839.052 8.81351e-05 2.01103 7 
2.87967 0.00018182 -1 1.08937 0.190803 0.00546958 61.9135 149779 15 11352.6 2.68678 1.74471 3 8 10957.5 11.418 2.3592 3 20 877.885 8.03156e-05 2.2487 7 
2.88514 0.000181949 -1 1.09041 0.190583 0.00546958 62.0574 149696 13 13345.7 2.58736 1.93008 4 10 13662.7 9.75909 2.06354 4 16 912.243 9.72366e-05 2.72752 7 
2.89061 0.000182054 -1 1.09146 0.190294 0.00546958 62.2039 149607 13 14752.2 3.20743 1.91314 4 8 13582.5 12.6292 2.39304 4 17 941.498 3.87858e-05 2.71907 7 
2.89608 0.000182179 -1 1.09251 0.189966 0.00546958 62.3605 149494 15 12906 2.75797 1.75663 5 9 11739.6 11.9234 2.15072 4 17 965.405 4.4553e-05 2.70097 7 
2.90127 0.000182262 -1 1.09349 0.189644 0.0051961 62.5067 149406 12 8324.32 3.50241 1.91131 5 9 8489.65 11.5716 2.08156 6 15 888.932 9.87409e-05 2.9082 7 
2.90647 0.000182348 -1 1.09447 0.189317 0.0051961 62.652 149321 12 19488.2 3.38592 2.05751 5 7 12808 12.8618 2.68109 5 16 902.653 3.88367e-05 2.88664 7 
2.91197 0.000182438 -1 1.0955 0.188915 0.00550175 62.8218 149178 14 16996.2 2.91637 1.85765 6 9 17470.4 10.8983 2.27041 5 17 1020.89 8.8831e-05 2.60207 7 
2.91747 0.000182514 -1 1.09654 0.188542 0.00550175 62.9975 149022 13 17813.9 3.12712 1.94488 7 10 16125.7 11.2312 2.06876 5 18 1023.89 4.30151e-05 2.56929 7 
2.92263 0.00018259 -1 1.09752 0.18828 0.00515789 63.1419 148941 8 10455.7 3.7353 2.69698 7 7 9126.59 13.7594 2.52989 5 16 898.501 6.00078e-05 2.80839 7 
2.92779 0.000182677 -1 1.0985 0.188089 0.00515789 63.2501 148945 4 13824.9 1.74611 9.43294 5 3 14156.3 11.8739 10.6036 4 16 893.655 7.36603e-05 2.7717 7 
2.93295 0.000182784 -1 1.09946 0.188025 0.00515789 63.3619 148941 4 17345.1 3.06491 8.67341 4 6 17525.5 11.1886 3.40787 4 16 886.006 9.19503e-05 2.73208 7 
2.93811 0.000182852 -1 1.10043 0.187855 0.00515789 63.4834 148914 9 18877.7 3.61552 2.58873 5 3 17871.4 12.2575 11.3393 3 17 876.386 4.36437e-05 2.6889 7 
2.94326 0.000182798 -1 1.10139 0.187763 0.00515789 63.6184 148856 8 16163.8 3.68509 2.85274 6 7 12523.7 14.3694 2.63052 3 17 864.553 5.90519e-05 2.63939 7 
2.94842 0.000182722 -1 1.10236 0.18771 0.00515789 63.7762 148744 12 13702.4 3.59342 1.98811 7 9 13166.3 13.6986 2.14497 5 17 851.464 7.89083e-05 2.59244 7 
2.95358 0.000182635 -1 1.10333 0.187666 0.00515789 63.9551 148584 14 18240.4 3.0577 1.86075 6 8 19355.6 14.5998 2.45645 6 18 837.072 4.18806e-05 2.54447 7 
2.95874 0.000182551 -1 1.1043 0.187687 0.00515789 64.136 148421 14 19901.5 3.24757 1.86433 6 9 19170.7 12.7784 2.25376 6 18 821.946 6.08964e-05 2.48957 7 
2.96389 0.000182449 -1 1.10527 0.187753 0.00515789 64.3161 148260 14 13432.8 3.45666 1.80465 6 10 12553.4 12.3377 1.99872 6 18 806.516 9.27956e-05 2.42943 7 
2.96905 0.000182326 -1 1.10623 0.187824 0.00515789 64.4985 148094 13 14680.7 3.22053 1.91182 7 8 14322 14.9841 2.35802 6 19 791.001 5.80432e-05 2.37408 7 
2.97421 0.000182197 -1 1.10719 0.187904 0.00515789 64.6899 147910 14 19121.5 2.94453 1.87207 7 10 20281.3 12.142 2.1003 5 19 775.393 8.76825e-05 2.32066 7 
2.97937 0.000182062 -1 1.10816 0.188016 0.00515789 64.8757 147739 13 20099.2 2.84054 1.97759 6 9 19136 13.5772 2.23817 5 20 760.016 5.75879e-05 2.26999 7 
2.98453 0.000181897 -1 1.10913 0.188141 0.00515789 65.052 147590 12 10818.6 3.23342 1.96657 6 8 12314.9 13.8138 2.33757 5 20 744.912 8.59622e-05 2.22275 7 
2.98968 0.000181714 -1 1.11011 0.188253 0.00515789 65.2233 147454 11 16342.8 2.91996 2.1914 6 7 14640.4 14.4942 2.68655 5 21 729.955 5.66817e-05 2.18054 7 
2.99484 0.000181536 -1 1.11107 0.188413 0.00515789 65.3811 147348 9 20251.5 3.5588 2.6136 6 7 22560.1 13.6779 2.88149 5 21 714.794 8.46257e-05 2.13718 7 
3 0.000181312 -1 1.11204 0.188547 0.00515789 65.5388 147244 8 19208.2 3.66597 2.91684 6 6 17909.7 13.9221 3.29785 4 22 699.535 5.76503e-05 2.09894 7 

# Multigrid, 589 steps, 2099.12 CPU, 65.7 real, 1.47e+05 points.step/s, 24 var
