0.601562 0.294144
0.599406 0.296875

0.599273 0.296875
0.598616 0.304688

0.599364 0.304688
0.601562 0.307909

0.601562 0.295697
0.609375 0.28934

0.601562 0.306761
0.607604 0.3125

0.608242 0.3125
0.609375 0.3132

0.617188 0.288066
0.614005 0.289062

0.609375 0.289829
0.611821 0.289062

0.609375 0.313011
0.617188 0.316566

0.617188 0.288135
0.625 0.287117

0.617188 0.316094
0.625 0.318789

0.625 0.287153
0.632812 0.286735

0.625 0.318855
0.629631 0.320312

0.628969 0.320312
0.632812 0.321522

0.632812 0.286695
0.640625 0.286885

0.632812 0.32129
0.640625 0.323426

0.640625 0.287159
0.648438 0.287486

0.640625 0.323408
0.648438 0.325493

0.648438 0.287397
0.65625 0.28749

0.648438 0.32564
0.65625 0.327416

0.65625 0.287342
0.664062 0.287672

0.65625 0.327342
0.660981 0.328125

0.660787 0.328125
0.664062 0.328667

0.664062 0.287834
0.671875 0.288372

0.664062 0.328592
0.671875 0.329634

0.671875 0.288331
0.679688 0.288836

0.671875 0.329624
0.679688 0.330544

0.679688 0.288841
0.682892 0.289062

0.682816 0.289062
0.6875 0.289386

0.679688 0.330618
0.6875 0.331287

0.6875 0.289392
0.695312 0.289934

0.6875 0.33122
0.695312 0.331624

0.695312 0.289924
0.703125 0.290471

0.695312 0.331619
0.703125 0.331904

0.703125 0.290468
0.710938 0.291044

0.703125 0.331912
0.710938 0.332074

0.710938 0.29105
0.71875 0.29165

0.710938 0.332077
0.71875 0.332094

0.71875 0.291657
0.726562 0.292258

0.71875 0.332086
0.726562 0.331967

0.726562 0.292261
0.734375 0.292845

0.726562 0.331956
0.734375 0.331737

0.734375 0.292842
0.742188 0.293406

0.734375 0.331733
0.742188 0.331445

0.742188 0.293408
0.75 0.293953

0.742188 0.331445
0.75 0.331097

0.75 0.293969
0.757812 0.294458

0.75 0.331098
0.757812 0.33069

0.757812 0.294457
0.765625 0.294861

0.757812 0.330692
0.765625 0.330221

0.765625 0.29484
0.773438 0.295201

0.765625 0.330191
0.773438 0.329714

0.773438 0.295168
0.78125 0.295594

0.773438 0.329691
0.78125 0.329314

0.78125 0.295551
0.789062 0.296193

0.78125 0.329321
0.789062 0.329073

0.789062 0.296258
0.795025 0.296875

0.794922 0.296875
0.796875 0.297077

0.789062 0.3291
0.796875 0.328914

0.796875 0.297099
0.804688 0.297879

0.796875 0.328894
0.804688 0.328756

0.804688 0.29788
0.8125 0.298572

0.804688 0.328757
0.8125 0.328708

0.8125 0.298576
0.820312 0.29917

0.8125 0.328716
0.820312 0.32874

0.820312 0.299173
0.828125 0.299655

0.820312 0.328747
0.828125 0.328814

0.828125 0.299657
0.835938 0.30002

0.828125 0.328824
0.835938 0.328902

0.835938 0.300023
0.84375 0.300256

0.835938 0.32892
0.84375 0.328951

0.84375 0.300259
0.851562 0.300351

0.84375 0.328979
0.851562 0.32887

0.851562 0.300347
0.859375 0.3003

0.851562 0.328882
0.859375 0.328553

0.859375 0.300292
0.867188 0.300127

0.867188 0.328037
0.865754 0.328125

0.859375 0.328504
0.865561 0.328125

0.867188 0.300125
0.875 0.299862

0.867188 0.328044
0.875 0.327474

0.875 0.299856
0.882812 0.299514

0.875 0.327469
0.882812 0.326782

0.882812 0.299505
0.890625 0.299114

0.882812 0.326764
0.890625 0.326005

0.890625 0.299106
0.898438 0.298701

0.890625 0.325968
0.898438 0.325248

0.898438 0.298696
0.90625 0.298305

0.898438 0.325219
0.90625 0.324668

0.90625 0.298306
0.914062 0.297938

0.90625 0.324668
0.914062 0.324346

0.914062 0.297938
0.921875 0.297594

0.914062 0.32436
0.921875 0.324239

0.921875 0.297579
0.929688 0.29729

0.921875 0.32425
0.929688 0.324284

0.929688 0.297357
0.9375 0.297019

0.929688 0.324296
0.9375 0.324437

0.945312 0.296484
0.93966 0.296875

0.9375 0.297039
0.939872 0.296875

0.9375 0.324444
0.945312 0.324653

0.945312 0.296551
0.953125 0.295661

0.945312 0.32465
0.953125 0.324919

0.953125 0.295709
0.960938 0.294247

0.953125 0.324928
0.960938 0.325244

0.960938 0.294187
0.96875 0.292175

0.960938 0.325258
0.96875 0.325575

0.96875 0.292323
0.976562 0.289585

0.96875 0.325586
0.976562 0.325856

0.984375 0.285733
0.977781 0.289062

0.976562 0.289669
0.977785 0.289062

0.976562 0.325872
0.984375 0.32604

0.992188 0.279987
0.990541 0.28125

0.984375 0.285924
0.990887 0.28125

0.984375 0.326054
0.992188 0.326061

1 0.272212
0.998982 0.273438

0.992188 0.280275
0.999164 0.273438

0.992188 0.326025
1 0.325915

1.00781 0.260757
1.00493 0.265625

1 0.272206
1.00506 0.265625

1 0.325936
1.00781 0.325738

1.01562 0.242959
1.01304 0.25

1.0131 0.25
1.00948 0.257812

1.00781 0.260762
1.00954 0.257812

1.00781 0.32574
1.01562 0.325407

1.02344 0.202663
1.0234 0.203125

1.0234 0.203125
1.02251 0.210938

1.02252 0.210938
1.02138 0.21875

1.0214 0.21875
1.01995 0.226562

1.01997 0.226562
1.01814 0.234375

1.01816 0.234375
1.01587 0.242188

1.01562 0.242931
1.0159 0.242188

1.01562 0.325409
1.02344 0.32493

1.02622 0
1.02622 0.0078125

1.02622 0.0078125
1.02621 0.015625

1.02621 0.015625
1.0262 0.0234375

1.0262 0.0234375
1.02618 0.03125

1.02618 0.03125
1.02616 0.0390625

1.02616 0.0390625
1.02614 0.046875

1.02614 0.046875
1.02612 0.0546875

1.02612 0.0546875
1.02609 0.0625

1.02609 0.0625
1.02607 0.0703125

1.02607 0.0703125
1.02604 0.078125

1.02604 0.078125
1.02602 0.0859375

1.02602 0.0859375
1.02599 0.09375

1.02599 0.09375
1.02597 0.101562

1.02597 0.101562
1.02595 0.109375

1.02595 0.109375
1.02592 0.117188

1.02592 0.117188
1.02589 0.125

1.02589 0.125
1.02585 0.132812

1.02585 0.132812
1.0258 0.140625

1.0258 0.140625
1.02572 0.148438

1.02573 0.148438
1.02562 0.15625

1.02562 0.15625
1.02547 0.164062

1.02547 0.164062
1.02526 0.171875

1.02526 0.171875
1.02497 0.179688

1.02498 0.179688
1.02459 0.1875

1.02459 0.1875
1.02407 0.195312

1.02344 0.202603
1.02408 0.195312

1.02344 0.324929
1.03125 0.324303

1.03125 0.324307
1.03906 0.323526

1.03906 0.323527
1.04688 0.322577

1.04688 0.322572
1.05469 0.321461

1.0625 0.320196
1.06178 0.320312

1.05469 0.321459
1.06181 0.320312

1.0625 0.320212
1.07031 0.318786

1.07031 0.318781
1.07812 0.317175

1.07812 0.317172
1.08594 0.315403

1.08594 0.315402
1.09375 0.313481

1.10156 0.311394
1.09744 0.3125

1.09375 0.3135
1.09748 0.3125

1.10156 0.311394
1.10938 0.309113

1.10938 0.309104
1.11719 0.306665

1.125 0.304075
1.12317 0.304688

1.11719 0.306678
1.12314 0.304688

1.125 0.304069
1.13281 0.301257

1.13281 0.301241
1.14062 0.298263

1.14844 0.295121
1.14412 0.296875

1.14062 0.298295
1.14412 0.296875

1.14844 0.295089
1.15625 0.291714

1.16406 0.288191
1.16216 0.289062

1.15625 0.291737
1.1621 0.289062

1.16406 0.288146
1.17188 0.284359

1.17969 0.280408
1.17805 0.28125

1.17188 0.284381
1.17797 0.28125

1.17969 0.280344
1.1875 0.276107

1.19531 0.271695
1.19228 0.273438

1.1875 0.276132
1.19219 0.273438

1.19531 0.271626
1.20312 0.266878

1.21094 0.261915
1.20514 0.265625

1.20312 0.2669
1.20514 0.265625

1.21875 0.256684
1.21707 0.257812

1.21094 0.2619
1.21694 0.257812

1.21875 0.25659
1.22656 0.250968

1.23438 0.245052
1.22786 0.25

1.22656 0.250974
1.22788 0.25

1.24219 0.238792
1.23795 0.242188

1.23438 0.244993
1.23795 0.242188

1.25 0.232116
1.24739 0.234375

1.24219 0.238694
1.24728 0.234375

1.25781 0.225013
1.25615 0.226562

1.25 0.232023
1.25603 0.226562

1.26562 0.217407
1.26428 0.21875

1.25781 0.224903
1.2642 0.21875

1.27344 0.209262
1.27187 0.210938

1.26562 0.217317
1.27178 0.210938

1.28125 0.200537
1.27901 0.203125

1.27344 0.209195
1.27894 0.203125

1.28906 0.191095
1.28569 0.195312

1.28125 0.20046
1.2856 0.195312

1.29688 0.180945
1.29194 0.1875

1.28906 0.19108
1.29186 0.1875

1.30469 0.169899
1.30339 0.171875

1.30332 0.171875
1.29781 0.179688

1.29688 0.180927
1.29778 0.179688

1.3125 0.157624
1.30851 0.164062

1.30469 0.169784
1.30848 0.164062

1.32031 0.144004
1.31791 0.148438

1.31788 0.148438
1.31333 0.15625

1.3125 0.157598
1.31332 0.15625

1.32812 0.12848
1.32608 0.132812

1.32605 0.132812
1.3221 0.140625

1.32031 0.143926
1.3221 0.140625

1.33594 0.110297
1.33315 0.117188

1.33314 0.117188
1.32973 0.125

1.32812 0.128409
1.32973 0.125

1.34375 0.0877606
1.34188 0.09375

1.34187 0.09375
1.3392 0.101562

1.33921 0.101562
1.33631 0.109375

1.33594 0.110274
1.3363 0.109375

1.35156 0.0558994
1.35025 0.0625

1.35025 0.0625
1.34849 0.0703125

1.34849 0.0703125
1.34651 0.078125

1.34651 0.078125
1.34431 0.0859375

1.34375 0.0877089
1.3443 0.0859375

1.35679 0
1.35668 0.0078125

1.35668 0.0078125
1.35638 0.015625

1.35638 0.015625
1.35588 0.0234375

1.35588 0.0234375
1.35517 0.03125

1.35517 0.03125
1.35425 0.0390625

1.35425 0.0390625
1.35313 0.046875

1.35314 0.046875
1.3518 0.0546875

1.35156 0.0558491
1.35179 0.0546875

kappa_offset_provider_stats evaluations=103213 clamp_hits=0 denominator_guard_hits=0 min_abs_denominator=0.75145254182647203 max_abs_d_over_h=0.50536417798750755 grad_samples=103213 grad_min=0.79552947221799086 grad_mean=1.0008634157582932 grad_std=0.012458746822383302 grad_max=1.0600156149579798
