0.913344 0
0.913394 0.015625

0.913393 0.015625
0.913544 0.03125

0.913544 0.03125
0.913799 0.046875

0.913797 0.046875
0.914162 0.0625

0.914159 0.0625
0.91464 0.078125

0.914637 0.078125
0.915245 0.09375

0.915241 0.09375
0.915991 0.109375

0.915986 0.109375
0.916895 0.125

0.916889 0.125
0.91798 0.140625

0.917972 0.140625
0.919273 0.15625

0.919261 0.15625
0.920812 0.171875

0.920792 0.171875
0.921875 0.180991

0.921875 0.18092
0.922656 0.1875

0.922635 0.1875
0.924859 0.203125

0.92484 0.203125
0.927502 0.21875

0.927478 0.21875
0.930666 0.234375

0.930619 0.234375
0.934475 0.25

0.934374 0.25
0.9375 0.260232

0.9375 0.260008
0.939216 0.265625

0.93912 0.265625
0.945067 0.28125

0.944825 0.28125
0.952531 0.296875

0.951915 0.296875
0.953125 0.298929

0.953125 0.298204
0.962872 0.3125

0.961985 0.3125
0.96875 0.320197

0.96875 0.319422
0.979159 0.328125

0.977436 0.328125
0.984375 0.332937

0.984375 0.332196
1 0.339475

1 0.339184
1.01562 0.342519

1.01562 0.342415
1.03125 0.342594

1.03125 0.342484
1.04688 0.339935

1.04688 0.33981
1.0625 0.335003

1.0625 0.334899
1.07812 0.32829

1.09375 0.320061
1.07848 0.328125

1.07812 0.328364
1.07858 0.328125

1.10938 0.310514
1.10621 0.3125

1.09375 0.319898
1.10555 0.3125

1.10938 0.310134
1.125 0.299044

1.14062 0.286735
1.12783 0.296875

1.125 0.298977
1.12777 0.296875

1.15625 0.273061
1.14694 0.28125

1.14062 0.286451
1.14673 0.28125

1.17188 0.257751
1.16399 0.265625

1.15625 0.272689
1.16371 0.265625

1.1875 0.240743
1.1793 0.25

1.17188 0.257486
1.17899 0.25

1.20312 0.22191
1.19307 0.234375

1.1875 0.240594
1.19285 0.234375

1.21875 0.20082
1.21724 0.203125

1.21704 0.203125
1.20562 0.21875

1.20312 0.221799
1.20549 0.21875

1.23438 0.175857
1.2274 0.1875

1.21875 0.200407
1.22731 0.1875

1.25 0.146015
1.24511 0.15625

1.24508 0.15625
1.2367 0.171875

1.23438 0.175705
1.23666 0.171875

1.26562 0.107153
1.26493 0.109375

1.26489 0.109375
1.25914 0.125

1.25912 0.125
1.25253 0.140625

1.25 0.145858
1.2525 0.140625

1.28125 0.0351786
1.27987 0.046875

1.27987 0.046875
1.27727 0.0625

1.27727 0.0625
1.2739 0.078125

1.2739 0.078125
1.26976 0.09375

1.26562 0.106901
1.26976 0.09375

1.28317 0
1.2828 0.015625

1.28281 0.015625
1.28171 0.03125

1.28125 0.0350968
1.2817 0.03125

