t sb -1 xb vb dt perf.t perf.speed
0 0 -1 0.5 0 0.00134247 0 0 
0.00134247 0 -1 0.5 -0.000300817 0.00134247 0.004214 243000 1 352.962 50.9082 6.9333 4 
0.00390324 2.95855e-06 -1 0.499998 -0.000654281 0.00256077 0.007514 272558 1 68.2035 15.1607 4.49872 4 1 80.5993 20.5087 3.93001 4 1 0.000419413 6.37076e-09 65834 4 
0.00757493 -3.63732e-05 -1 0.499995 0.00187528 0.00367169 0.012345 248846 4 28.8766 6.02125 1.47984 4 1 97.7516 19.5022 5.01234 4 1 0.000579221 2.76593e-08 20941.3 4 
0.0122506 -7.81305e-05 -1 0.500004 0.00549203 0.00467566 0.01572 260560 1 6.05683 2.74261 2.20842 4 1 30.264 2.2196 13.6349 4 1 0.00170164 2.1827e-07 7796.04 4 
0.0178456 -9.98072e-05 -1 0.500034 0.00965879 0.00559504 0.018578 275595 1 2.62354 1.06369 2.46645 4 1 11.4668 5.5311 2.07315 4 1 0.00289847 6.71992e-07 4313.25 4 
0.0242727 -8.5643e-05 -1 0.500096 0.0136735 0.00642706 0.021898 280574 2 3.90259 2.23317 1.32195 4 1 15.6029 9.59308 1.62647 4 1 0.00411482 1.50239e-06 2738.85 4 
0.0314604 -4.42288e-05 -1 0.500192 0.0170058 0.00718775 0.026095 274689 3 4.03533 1.75891 1.3189 4 2 16.1735 6.50078 1.57732 4 1 0.00527253 2.68599e-06 1962.98 4 
0.0393345 -6.86679e-06 -1 0.500324 0.0204966 0.00787411 0.028422 288227 1 2.58202 0.836671 3.08606 4 1 12.0394 2.7342 4.40325 4 1 0.00612765 4.08198e-06 1501.15 4 
0.0478178 1.81487e-05 -1 0.500495 0.0241366 0.00848328 0.03076 299610 1 5.12313 0.225881 22.6807 4 1 2.65963 1.02876 2.58527 4 1 0.00719333 5.96328e-06 1206.27 4 
0.0568736 2.51427e-05 -1 0.50071 0.0280407 0.00905577 0.03321 308341 1 2.91511 0.7505 3.88422 4 1 10.4648 0.382419 27.3648 4 1 0.008285 8.29644e-06 998.621 4 
0.0664603 1.37436e-05 -1 0.500976 0.0323752 0.00958673 0.035895 313804 2 2.18699 0.609351 1.89448 4 1 6.09051 0.906544 6.71838 4 1 0.0093754 1.10993e-05 844.686 4 
0.0765067 -7.50956e-06 -1 0.501297 0.0371394 0.0100464 0.038589 318433 2 2.30181 0.540051 2.06451 4 1 10.0039 0.87537 11.4282 4 1 0.0104397 1.42595e-05 732.123 4 
0.0869852 -2.74364e-05 -1 0.501682 0.0421572 0.0104785 0.04092 325318 1 2.84526 0.715973 3.97398 4 1 5.81195 0.391187 14.8572 4 1 0.0118527 1.78118e-05 665.442 4 
0.0978546 -4.15699e-05 -1 0.502137 0.0473183 0.0108695 0.043788 327396 3 845.691 0.350827 13.4083 2 1 2.61162 0.262221 9.95962 4 1 0.0132118 2.14273e-05 616.585 4 
0.10906 -4.50887e-05 -1 0.502664 0.0526 0.0112052 0.046008 333855 1 6.35926 0.743597 8.55203 2 1 17.184 0.712056 24.1329 4 1 0.0144765 2.49125e-05 581.092 4 
0.120578 -3.73728e-05 -1 0.503268 0.0577951 0.0115177 0.048936 334805 4 855.175 0.385951 6.8609 2 1 4.3086 0.889917 4.84158 4 1 0.015614 2.82854e-05 552.017 4 
0.132378 -2.25289e-05 -1 0.503947 0.0630335 0.0118009 0.051396 338703 2 7.45382 0.298996 4.99295 2 1 6.67615 0.818289 8.15867 4 1 0.016479 3.19763e-05 515.351 4 
0.144478 -8.69224e-06 -1 0.504708 0.0682867 0.0120997 0.053876 342119 2 7.68658 0.257747 5.46097 2 1 3.09643 0.696494 4.44573 4 1 0.0173549 3.64032e-05 476.743 4 
0.156786 2.86941e-06 -1 0.505548 0.0735109 0.0123083 0.056327 345412 2 7.02548 0.213427 5.73738 2 1 3.73277 0.539868 6.91422 4 1 0.0182265 4.00542e-05 455.046 4 
0.169312 1.21541e-05 -1 0.506469 0.0787355 0.0125252 0.058797 348317 2 7.40763 0.180895 6.39921 2 1 4.22081 0.454614 9.28437 4 1 0.0191582 4.44548e-05 430.96 4 
0.182062 1.79965e-05 -1 0.507475 0.0839726 0.0127508 0.061739 348305 4 828.596 0.310589 7.18686 2 1 4.78784 0.384282 12.4592 4 1 0.0197144 4.88454e-05 403.608 4 
0.194989 1.73407e-05 -1 0.508565 0.0893022 0.0129263 0.06445 349542 3 884.828 0.483424 12.2324 2 1 5.8372 0.267912 21.7877 4 1 0.0200327 5.24555e-05 381.899 4 
0.208096 7.44268e-06 -1 0.509741 0.0945316 0.0131075 0.067501 348913 4 793.096 0.435773 6.53155 2 1 7.28307 0.360599 20.1972 4 1 0.0204507 5.63092e-05 363.186 4 
0.221328 4.26088e-06 -1 0.510998 0.0998634 0.0132318 0.070444 348873 4 880.919 0.125896 9.146 2 1 5.72936 0.374211 15.3105 4 1 0.0206313 5.91707e-05 348.674 4 
0.234687 5.84363e-06 -1 0.51234 0.105142 0.013359 0.072898 351176 2 12.0494 0.331204 6.03163 2 1 6.77697 0.440225 15.3943 4 1 0.0228544 6.23848e-05 366.345 4 
0.248176 1.20074e-05 -1 0.513766 0.110409 0.0134893 0.075804 351222 4 585.05 0.247458 6.97305 2 1 5.97912 0.469779 12.7275 4 1 0.0244469 6.56222e-05 372.541 4 
0.261799 1.70607e-05 -1 0.515279 0.115608 0.0136229 0.078237 353388 2 11.3626 0.429804 5.14166 2 1 8.49246 0.330247 25.7155 4 1 0.0257164 6.90483e-05 372.441 4 
0.27549 2.634e-05 -1 0.516872 0.120746 0.013691 0.08066 355467 2 10.4118 0.527757 4.44166 2 1 6.46333 0.357025 18.1033 4 1 0.0260881 7.15348e-05 364.692 4 
0.28932 3.77034e-05 -1 0.518552 0.125765 0.01383 0.083807 354338 5 637.198 0.262827 4.75249 2 1 7.37308 0.26727 27.5867 4 1 0.0252082 7.5981e-05 331.77 4 
0.303221 3.53421e-05 -1 0.520311 0.130731 0.0139009 0.086707 354297 4 817.112 0.246867 7.58498 2 1 9.43249 0.455994 20.6856 4 1 0.0283244 7.91387e-05 357.909 4 
0.317194 2.97272e-05 -1 0.522148 0.135677 0.0139729 0.089855 353280 5 811.748 0.269688 4.96263 2 1 10.7555 0.615098 17.4858 4 1 0.0325058 8.30274e-05 391.506 4 
0.33124 2.17302e-05 -1 0.524059 0.140578 0.0140461 0.092756 353271 4 918.084 0.332801 7.24727 2 1 19.279 0.523092 36.8559 4 1 0.0330171 8.47477e-05 389.593 4 
0.345361 1.72333e-05 -1 0.526045 0.145468 0.0141204 0.095427 354114 3 14.9017 0.114881 5.06208 2 1 13.4995 0.655503 20.5941 4 1 0.0352448 8.90945e-05 395.59 4 
0.359481 1.61631e-05 -1 0.528086 0.150305 0.0141204 0.098335 354055 4 826.43 0.104951 9.42008 2 1 14.3372 0.661227 21.6828 4 1 0.0323098 9.10246e-05 354.957 4 
0.373677 1.90614e-05 -1 0.530193 0.155008 0.0141963 0.101246 353989 4 929.302 0.306152 7.42258 2 1 16.819 0.99621 16.883 4 1 0.0324206 9.39697e-05 345.011 4 
0.387951 2.6605e-05 -1 0.532379 0.1595 0.0142735 0.104765 351873 5 884.501 0.167128 5.55558 2 1 17.9411 1.40928 12.7306 4 2 0.0363459 1.12857e-06 179.458 3 
0.402224 2.83698e-05 -1 0.534635 0.163884 0.0142735 0.107897 351150 4 790.581 0.168919 8.27118 2 1 17.8965 1.47774 12.1107 4 2 0.0396281 3.31793e-05 34.5595 2 
0.416577 2.9515e-05 -1 0.536984 0.168157 0.0143524 0.111028 350470 3 22.294 0.129738 5.55956 2 1 17.9518 1.5161 11.8408 4 3 0.0373874 6.32836e-06 18.0778 2 
0.430929 3.3736e-05 -1 0.539406 0.172412 0.0143524 0.114387 349131 4 872.512 0.126956 9.10499 2 1 21.1157 1.19343 17.6933 4 3 0.0374451 7.12333e-06 17.3875 2 
0.445362 3.11584e-05 -1 0.541908 0.176469 0.014433 0.117632 348205 5 885.096 0.128281 5.85822 2 1 20.0501 1.37291 14.604 4 2 0.0419547 9.5721e-05 20.9357 2 
0.459795 3.4545e-05 -1 0.544474 0.180372 0.014433 0.120645 347996 4 841.521 0.139343 8.81546 2 1 16.4836 0.961073 17.1513 4 2 0.0394482 6.22028e-05 25.1831 2 
0.474228 3.77505e-05 -1 0.547094 0.184233 0.014433 0.123429 348443 3 22.7101 0.213316 4.73949 2 1 16.9682 1.17202 14.4778 4 2 0.0404838 4.54112e-05 29.8579 2 
0.488744 4.29838e-05 -1 0.549786 0.188006 0.0145159 0.126694 347546 5 730.454 0.155603 5.42394 2 1 17.4502 0.96599 18.0646 4 2 0.0448244 5.63678e-05 28.1995 2 
0.50326 4.33038e-05 -1 0.552522 0.191521 0.0145159 0.129715 347346 4 888.914 0.470393 6.59325 2 1 20.8698 0.987294 21.1384 4 2 0.0481539 5.0271e-05 30.9497 2 
0.517776 4.59822e-05 -1 0.555282 0.195014 0.0145159 0.132721 347194 4 881.836 0.263646 7.60487 2 1 25.6734 1.2009 21.3785 4 2 0.0360965 3.58208e-05 31.7442 2 
0.532292 5.67357e-05 -1 0.558091 0.198406 0.0145159 0.136087 346132 4 935.237 0.325717 7.32016 2 2 21.9526 0.140845 12.4845 4 2 0.038031 3.53046e-05 32.8211 2 
0.546808 6.43688e-05 -1 0.560956 0.201598 0.0145159 0.139402 345246 4 892.736 0.300653 7.38183 2 2 24.232 0.190008 11.293 3 2 0.0394379 3.58051e-05 33.1883 2 
0.56141 7.41905e-05 -1 0.563886 0.204492 0.0146023 0.142669 344518 4 792.956 0.373017 6.79016 2 2 23.3465 0.225617 10.1725 3 2 0.0368497 3.73009e-05 31.4309 2 
0.576012 9.44017e-05 -1 0.566866 0.207261 0.0146023 0.145843 344041 4 981.863 0.441714 6.86637 2 2 21.9301 0.332326 8.1234 2 2 0.0452479 3.72058e-05 34.8734 2 
0.590615 8.03054e-05 -1 0.569887 0.210004 0.0146023 0.148716 344280 3 26.5819 0.227906 4.88589 2 2 20.256 0.691456 5.41246 2 2 0.0482614 3.72976e-05 35.9716 2 
0.605217 7.77578e-05 -1 0.57297 0.21263 0.0146023 0.151578 344535 3 26.2516 0.342692 4.24702 2 2 19.6874 0.904804 4.66463 2 2 0.0487913 3.63929e-05 36.6153 2 
0.619819 8.10113e-05 -1 0.57608 0.215214 0.0146023 0.154696 344211 4 863.425 0.0913236 9.86076 2 2 21.8649 0.591277 6.08105 2 2 0.0516179 3.60774e-05 37.8253 2 
0.634422 8.03313e-05 -1 0.579194 0.217558 0.0146023 0.157826 343872 4 1013.98 0.194384 8.4985 2 2 31.2643 0.467976 8.17359 2 2 0.0415983 3.90138e-05 32.6534 2 
0.649024 8.70609e-05 -1 0.58235 0.21966 0.0146023 0.161181 343068 5 928.672 0.267908 5.10476 2 2 28.5604 0.641551 6.67216 2 2 0.0390104 4.32219e-05 30.0427 2 
0.663626 9.93695e-05 -1 0.585559 0.221662 0.0146023 0.164045 343320 3 31.7864 0.18075 5.60257 2 2 28.4999 0.767418 6.09404 2 2 0.0458587 5.45168e-05 29.0032 2 
0.678321 0.000109274 -1 0.588825 0.223492 0.0146942 0.167368 342622 5 608.385 0.408999 4.31014 2 2 25.5003 0.671232 6.16363 2 2 0.0430205 6.69382e-05 25.3513 2 
0.693015 0.000116353 -1 0.592131 0.225327 0.0146942 0.170612 342110 4 906.985 0.287905 7.49183 2 2 23.0285 0.658593 5.91322 2 2 0.0451218 6.02404e-05 27.3684 2 
0.707709 0.000113716 -1 0.595454 0.226928 0.0146942 0.173694 341935 4 869.077 0.135887 8.94272 2 2 21.2239 0.805244 5.13392 2 2 0.0454822 4.52729e-05 31.6958 2 
0.722403 0.000113241 -1 0.598775 0.22843 0.0146942 0.176291 342706 2 28.5961 0.410071 8.35071 2 2 22.5347 0.735956 5.5335 2 2 0.0414243 4.39165e-05 30.7124 2 
0.737097 0.000125787 -1 0.602062 0.229807 0.0146942 0.179381 342511 4 937.139 0.418675 6.87831 2 2 25.6924 0.718168 5.98121 2 2 0.0428451 4.17426e-05 32.0376 2 
0.751791 0.000119146 -1 0.605392 0.231074 0.0146942 0.182214 342806 3 24.8881 0.138702 5.64031 2 2 29.8944 1.10852 5.19306 2 2 0.0433802 4.05152e-05 32.7218 2 
0.766486 0.000124487 -1 0.608769 0.23224 0.0146942 0.185838 341631 5 955.658 0.144054 5.8124 2 2 27.0244 0.916321 5.43068 2 3 0.0496751 6.48443e-06 19.7131 2 
0.78118 0.000121718 -1 0.612203 0.233257 0.0146942 0.189434 340551 5 858.124 0.120521 5.89518 2 2 23.3003 0.702062 5.76094 2 3 0.0479488 7.96114e-06 18.1942 2 
0.795874 0.000120852 -1 0.615664 0.234143 0.0146942 0.192557 340346 3 25.8592 0.281041 4.51456 2 2 24.3919 0.542077 6.70799 2 3 0.0453781 5.03797e-06 20.8064 2 
0.810568 0.000132482 -1 0.619129 0.23497 0.0146942 0.195602 340283 4 921.483 0.300563 7.44111 2 2 19.7487 0.466558 6.50603 2 2 0.0452134 6.44514e-05 26.4861 2 
0.825262 0.000142328 -1 0.622519 0.235646 0.0146942 0.198659 340201 4 1291.45 0.247044 8.50308 2 2 30.1272 0.409111 8.58141 2 2 0.0486576 6.76898e-05 26.811 2 
0.839956 0.000151753 -1 0.625949 0.236301 0.0146942 0.201716 340122 4 881.51 0.372392 6.9752 2 2 27.1704 0.765529 5.95755 2 2 0.0429554 5.20237e-05 28.7348 2 
0.854651 0.000159808 -1 0.629409 0.236844 0.0146942 0.204767 340055 4 327.848 0.216319 6.23942 2 2 25.0146 0.933447 5.17669 2 2 0.0428985 3.5716e-05 34.6569 2 
0.869345 0.000170576 -1 0.632905 0.237353 0.0146942 0.207817 339991 4 863.405 0.284724 7.42075 2 2 21.1248 0.698816 5.49812 2 2 0.0459412 3.50347e-05 36.212 2 
0.884039 0.000184134 -1 0.636413 0.237726 0.0146942 0.211102 339551 5 1216.5 0.14783 6.06833 2 2 24.9062 0.792025 5.6077 2 2 0.0443409 3.44011e-05 35.9018 2 
0.898733 0.000182221 -1 0.639928 0.238222 0.0146942 0.213926 339856 3 800.344 0.444808 12.1628 2 2 17.8812 0.865497 4.54533 2 2 0.0423606 3.4255e-05 35.1657 2 
0.913427 0.000200108 -1 0.643315 0.238337 0.0146942 0.216971 339806 4 903.225 0.296285 7.43056 2 2 24.2393 1.42613 4.12268 2 2 0.0508936 4.85093e-05 32.3906 2 
0.928121 0.000193353 -1 0.64675 0.238555 0.0146942 0.219932 339887 3 31.702 0.410799 4.25748 2 2 25.4168 0.871245 5.4012 2 2 0.0496613 6.88443e-05 26.8581 2 
0.942816 0.000197534 -1 0.650231 0.238592 0.0146942 0.223238 339440 4 516.596 0.295257 6.46752 2 2 25.8496 1.57125 4.05606 2 2 0.0542566 8.50122e-05 25.263 2 
0.95751 0.000201609 -1 0.65376 0.238702 0.0146942 0.226542 339010 5 834.105 0.226961 5.16481 2 2 27.1785 0.529458 7.16469 2 2 0.0545262 7.74882e-05 26.5268 2 
0.972204 0.000208435 -1 0.657313 0.238726 0.0146942 0.229615 338933 4 818.525 0.240281 7.63973 2 2 22.1268 0.557995 6.29715 2 2 0.0498236 5.62475e-05 29.7623 2 
0.986898 0.000219418 -1 0.660898 0.238634 0.0146942 0.233158 338174 6 1341.02 0.295202 4.06961 2 2 17.6426 0.533268 5.75187 2 2 0.0578534 5.21954e-05 33.2927 2 
1.00159 0.000230192 -1 0.664352 0.238604 0.0146942 0.236501 337724 5 1518.22 0.238784 5.76323 2 2 21.7681 0.982961 4.7059 2 2 0.0642973 8.55685e-05 27.4119 2 
1.01629 0.000231019 -1 0.667766 0.238432 0.0146942 0.23984 337292 5 774.862 0.202655 5.20587 2 2 34.0317 1.31386 5.0894 2 2 0.0563615 9.14388e-05 24.8271 2 
1.03098 0.000226253 -1 0.671209 0.238191 0.0146942 0.243407 336556 6 900.803 0.28635 3.82785 2 2 24.1551 1.23149 4.42883 2 2 0.0638246 8.49478e-05 27.4106 2 
1.04567 0.000235068 -1 0.674688 0.237875 0.0146942 0.246741 336158 5 729.331 0.368319 4.56394 2 2 19.1757 1.02896 4.31695 2 2 0.0729526 8.60847e-05 29.111 2 
1.06037 0.00024234 -1 0.678184 0.237614 0.0146942 0.250307 335460 6 1723.96 0.308626 4.21227 2 2 23.2475 1.34839 4.15222 2 2 0.0687991 8.18278e-05 28.9962 2 
1.07506 0.000235093 -1 0.681725 0.237235 0.0146942 0.253702 335007 4 49.9549 0.393846 3.35593 2 2 20.9404 1.45463 3.79416 2 3 0.065246 6.3794e-06 21.7066 2 
1.08976 0.000230916 -1 0.685265 0.236827 0.0146942 0.256949 334759 3 55.4639 0.343303 5.44642 2 2 27.7344 1.05363 5.13056 2 3 0.0625342 8.4669e-06 19.4744 2 
1.10445 0.000230943 -1 0.688665 0.236375 0.0146942 0.260497 334131 4 780.042 0.241493 7.53882 2 2 24.0441 1.01311 4.87163 2 3 0.0714645 5.31586e-06 23.7778 2 
1.11915 0.000218902 -1 0.692051 0.23583 0.0146942 0.263521 334182 3 27.0065 0.135945 5.83493 2 2 37.106 0.49797 8.63217 2 2 0.0716963 6.75638e-05 32.5755 2 
1.13384 0.000215972 -1 0.695479 0.235338 0.0146942 0.266797 333917 4 1200.58 0.175205 9.09832 2 2 23.4499 0.594267 6.28174 2 2 0.0679485 8.47766e-05 28.3108 2 
1.14853 0.000217102 -1 0.698933 0.234754 0.0146942 0.269992 333758 4 681.104 0.17679 7.87842 2 2 26.5643 0.658218 6.35279 2 2 0.0645512 9.21771e-05 26.4631 2 
1.16323 0.000213954 -1 0.702421 0.234105 0.0146942 0.273195 333593 4 707.95 0.386209 6.54327 2 2 34.8697 0.757085 6.7866 2 2 0.0734205 8.36063e-05 29.6339 2 
1.17792 0.000218596 -1 0.705924 0.233437 0.0146942 0.276375 333460 4 777.223 0.37765 6.73541 2 2 35.5641 0.766462 6.81178 2 2 0.0848579 7.80905e-05 32.9645 2 
1.19262 0.000214352 -1 0.709373 0.232831 0.0146942 0.279326 333603 3 22.9375 0.172884 5.10032 2 2 40.648 0.68314 7.71374 2 2 0.0806564 7.49533e-05 32.8038 2 
1.20731 0.000217559 -1 0.712716 0.232186 0.0146942 0.282581 333384 4 1197.69 0.32896 7.76785 2 2 31.6185 0.655767 6.94378 2 2 0.0630804 7.28675e-05 29.4226 2 
1.222 0.000212389 -1 0.716002 0.231588 0.0146942 0.285851 333153 4 964.288 0.234211 8.01032 2 2 27.1384 0.649838 6.46234 2 2 0.056087 6.8758e-05 28.5608 2 
1.2367 0.000210949 -1 0.719339 0.230946 0.0146942 0.289134 332911 4 1501.16 0.380864 7.92344 2 2 30.336 0.599956 7.11082 2 2 0.0703281 6.316e-05 33.369 2 
1.25139 0.000203738 -1 0.722726 0.230284 0.0146942 0.292408 332686 4 786.847 0.36778 6.80104 2 2 55.648 0.849904 8.0917 2 2 0.081493 6.28485e-05 36.0091 2 
1.26609 0.000209898 -1 0.726142 0.229554 0.0146942 0.295626 332528 4 801.12 0.245119 7.56102 2 2 31.7063 0.600718 7.26503 2 2 0.0916054 6.13405e-05 38.6444 2 
1.28078 0.000218984 -1 0.729597 0.228939 0.0146942 0.29885 332367 4 881.376 0.223274 7.92649 2 2 29.724 0.645511 6.78581 2 2 0.102403 6.48388e-05 39.741 2 
1.29548 0.000221737 -1 0.732997 0.228272 0.0146942 0.301838 332470 3 45.3428 0.145527 6.77936 2 2 32.7974 0.605708 7.35848 2 2 0.104468 8.2873e-05 35.5046 2 
1.31017 0.000227718 -1 0.736344 0.22763 0.0146942 0.305372 331975 4 2390.42 0.433781 8.61591 2 2 36.1441 0.707777 7.14613 2 3 0.0974886 2.37083e-06 34.5158 2 
1.32486 0.000246756 -1 0.73963 0.226988 0.0146942 0.308873 331528 4 755.982 0.419381 6.51592 2 2 43.3314 0.767577 7.51347 2 3 0.0957752 3.45137e-06 30.2752 2 
1.33956 0.000249792 -1 0.742878 0.226345 0.0146942 0.312436 331025 4 143.695 0.232643 4.98526 2 2 29.0441 0.947241 5.53731 2 3 0.096645 4.00042e-06 28.9084 2 
1.35425 0.00025707 -1 0.746142 0.225766 0.0146942 0.315996 330536 4 794.996 0.213357 7.81294 2 2 36.8995 0.954124 6.21882 2 3 0.107341 3.26662e-06 32.03 2 
1.36895 0.0002536 -1 0.749438 0.225086 0.0146942 0.319312 330310 3 91.8793 0.174351 8.07726 2 2 59.9369 1.248 6.9301 2 3 0.123218 2.24643e-06 37.9951 2 
1.38364 0.000255219 -1 0.752764 0.22455 0.0146942 0.322818 329895 4 1106.08 0.368429 7.40216 2 2 24.3102 1.42375 4.13217 2 3 0.120969 8.2126e-06 24.5131 2 
1.39834 0.000228505 -1 0.756122 0.223861 0.0146942 0.326325 329487 4 723.539 0.125867 8.70737 2 2 38.0406 1.34587 5.31645 2 3 0.117458 8.81652e-06 23.7062 2 
1.41303 0.000231733 -1 0.759416 0.223174 0.0146942 0.329558 329362 4 794.284 0.319317 7.06217 2 2 40.617 0.700759 7.61324 2 2 0.110394 9.17351e-05 34.6901 2 
1.42772 0.000239438 -1 0.762695 0.222557 0.0146942 0.33254 329488 3 33.8295 0.205767 5.47823 2 2 47.1682 0.604521 8.83322 2 2 0.122929 7.41588e-05 40.7142 2 
1.44242 0.000249576 -1 0.765939 0.221826 0.0146942 0.335769 329369 4 703.76 0.271637 7.13443 2 2 82.4252 0.933222 9.39805 2 2 0.139809 7.71537e-05 42.5686 2 
1.45711 0.000247311 -1 0.769139 0.221205 0.0146942 0.339028 329224 4 541.045 0.298125 6.52693 2 2 45.9687 0.818018 7.49635 2 2 0.107639 7.24157e-05 38.5539 2 
1.47181 0.000247356 -1 0.772332 0.220462 0.0146942 0.342278 329089 4 686.382 0.247107 7.25973 2 2 42.9394 0.943054 6.74776 2 2 0.110167 5.71192e-05 43.9172 2 
1.4865 0.000247971 -1 0.775559 0.219432 0.0146942 0.346245 328276 7 1929.2 0.330156 3.45218 2 2 49.716 0.668309 8.62501 2 2 0.105009 6.0966e-05 41.5021 2 
1.50119 0.000260619 -1 0.778796 0.218635 0.0146942 0.349492 328156 4 210.728 0.350598 4.9514 2 2 58.3635 0.817191 8.45102 2 2 0.110851 6.22181e-05 42.2096 2 
1.51589 0.000264505 -1 0.782042 0.217856 0.0146942 0.352989 327806 5 879.569 0.328828 4.84686 2 2 37.3952 0.627609 7.71904 2 2 0.119879 6.19783e-05 43.9796 2 
1.53058 0.000272012 -1 0.785223 0.217135 0.0146942 0.356247 327683 4 679.893 0.245119 7.25715 2 2 34.8273 1.70097 4.52493 2 2 0.134449 6.1658e-05 46.6964 2 
1.54528 0.000276361 -1 0.788415 0.216547 0.0146942 0.359735 327352 4 2622.41 0.399705 8.99996 2 3 35.5744 0.497524 4.15057 2 2 0.146551 6.72708e-05 46.6747 2 
1.55997 0.000260858 -1 0.791584 0.215757 0.0146942 0.363202 327047 4 716.032 0.121557 8.76069 2 3 129.559 0.320849 7.39132 2 2 0.128494 8.50907e-05 38.8598 2 
1.57467 0.000262825 -1 0.794736 0.214971 0.0146942 0.366422 326967 4 772.06 0.233783 7.58071 2 2 36.7335 1.22585 5.4741 2 2 0.148288 9.33438e-05 39.8575 2 
1.58936 0.000267582 -1 0.797839 0.214107 0.0146942 0.369358 327141 3 141.432 0.386702 7.15139 2 2 38.025 0.496583 8.75062 2 2 0.158894 8.15976e-05 44.128 2 
1.60405 0.000273745 -1 0.800963 0.213287 0.0146942 0.372313 327295 3 73.0455 0.178102 7.42977 2 2 43.2218 0.587276 8.57887 2 2 0.164761 7.05279e-05 48.3334 2 
1.61875 0.000277481 -1 0.804097 0.212554 0.0146942 0.375903 326893 5 1870.55 0.360128 5.53481 2 2 33.5017 0.716666 6.83715 2 2 0.162919 5.80093e-05 52.9953 2 
1.63344 0.000263057 -1 0.80726 0.211712 0.0146942 0.379612 326396 5 730.817 0.238916 4.97866 2 2 36.377 1.08915 5.77922 2 2 0.154688 6.38361e-05 49.2261 2 
1.64814 0.00025383 -1 0.810401 0.211097 0.0146942 0.382877 326288 4 1042.27 0.190979 8.59505 2 2 84.1032 0.823573 10.1054 2 2 0.158021 8.67778e-05 42.673 2 
1.66283 0.000243328 -1 0.813505 0.210398 0.0146942 0.386266 326076 5 680.216 0.227363 4.95662 2 2 127.071 0.760771 12.924 2 2 0.14418 8.69389e-05 40.7235 2 
1.67752 0.000236763 -1 0.816569 0.209708 0.0146942 0.389655 325868 4 639.782 0.129324 8.38664 2 3 151.017 0.275402 8.18501 2 2 0.153965 9.60871e-05 40.0293 2 
1.69222 0.000239929 -1 0.819623 0.209155 0.0146942 0.393115 325604 4 738.081 0.217067 7.63621 2 2 55.1823 0.513622 10.3652 2 3 0.151301 8.4818e-06 26.1287 2 
1.70691 0.000243714 -1 0.822648 0.208572 0.0146942 0.396822 325143 5 1658.09 0.191233 6.1321 2 2 43.8119 0.616048 8.43313 2 3 0.128342 1.12662e-05 22.5007 2 
1.72161 0.000235521 -1 0.825653 0.207894 0.0146942 0.400333 324850 4 2939.78 0.326353 9.74219 2 2 31.7547 0.63962 7.046 2 3 0.142749 8.1072e-06 26.0156 2 
1.7363 0.000238884 -1 0.828676 0.207138 0.0146942 0.403275 325019 3 275.643 0.257436 10.2304 2 2 42.2029 0.512771 9.07213 2 2 0.162902 8.89094e-05 42.8045 2 
1.751 0.000245766 -1 0.83173 0.206395 0.0146942 0.406466 324987 4 1187.82 0.196459 8.81799 2 2 57.2918 0.595468 9.80882 2 2 0.178642 9.95452e-05 42.3625 2 
1.76569 0.000248406 -1 0.834794 0.205758 0.0146942 0.409939 324731 4 1338.91 0.19033 9.15822 2 2 42.3874 0.638634 8.1469 2 3 0.193394 2.83133e-06 40.8775 2 
1.78038 0.000258468 -1 0.837885 0.205133 0.0146942 0.413384 324502 4 568.034 0.398519 6.14443 2 2 43.0324 0.499003 9.28638 2 3 0.223619 2.91457e-06 42.4924 2 
1.79508 0.000263633 -1 0.840929 0.204585 0.0146942 0.416816 324287 4 755.946 0.363143 6.75466 2 2 151.935 0.726443 14.462 2 3 0.212445 2.90883e-06 41.8 2 
1.80977 0.000251707 -1 0.84394 0.204046 0.0146942 0.420013 324257 3 53.0115 0.165656 6.83998 2 2 46.6524 0.8876 7.24984 2 3 0.196982 2.86343e-06 40.9745 2 
1.82447 0.000247381 -1 0.846916 0.20356 0.0146942 0.423438 324052 4 685.412 0.368401 6.56762 2 2 46.3939 0.427924 10.4123 2 3 0.192214 3.0658e-06 39.7265 2 
1.83916 0.000252784 -1 0.849866 0.203259 0.0146942 0.42686 323853 4 1030.46 0.186438 8.62231 2 2 64.9679 0.715285 9.53037 2 3 0.168452 3.00154e-06 38.2864 2 
1.85385 0.000260747 -1 0.852748 0.202814 0.0146942 0.430284 323656 4 566.733 0.194006 7.35175 2 2 44.5591 0.719529 7.86944 2 3 0.131577 2.85827e-06 35.8392 2 
1.86855 0.000257207 -1 0.855672 0.202257 0.0146942 0.433966 323270 5 2832.46 0.137458 7.29119 2 2 71.859 0.679806 10.2813 2 3 0.159024 2.77547e-06 38.5516 2 
1.88324 0.000259923 -1 0.858617 0.201453 0.0146942 0.437591 322932 6 3067.92 0.385554 4.46814 2 2 45.0327 0.620344 8.52015 2 2 0.184443 9.64184e-05 43.7372 2 
1.89794 0.000284415 -1 0.861591 0.200885 0.0146942 0.440499 323124 3 137.578 0.266855 8.01846 2 2 60.4194 0.596042 10.0682 2 2 0.191308 9.16204e-05 45.6952 2 
1.91263 0.000300132 -1 0.864578 0.200397 0.0146942 0.443567 323198 4 938.454 0.191703 8.36462 2 2 135.235 1.15364 10.827 2 2 0.19875 9.40881e-05 45.9607 2 
1.92733 0.000301385 -1 0.867593 0.20009 0.0146942 0.446946 323046 4 545.68 0.221475 7.04536 2 2 52.3347 1.28422 6.38373 2 3 0.206045 3.06738e-06 40.6504 2 
1.94202 0.0002965 -1 0.870602 0.19962 0.0146942 0.450365 322867 4 914.169 0.348631 7.15591 2 2 44.9563 1.01772 6.64632 2 3 0.199393 3.34379e-06 39.0683 2 
1.95671 0.000283625 -1 0.873563 0.199275 0.0146942 0.453781 322693 4 707.552 0.143738 8.3762 2 2 29.9783 0.94705 5.62623 2 3 0.174375 3.68885e-06 36.1575 2 
1.97141 0.000277036 -1 0.876484 0.198935 0.0146942 0.456962 322688 3 118.88 0.265888 7.64663 2 2 36.0491 0.742021 6.97011 2 3 0.182818 3.96288e-06 35.8649 2 
1.9861 0.000282177 -1 0.879354 0.198579 0.0146942 0.460378 322518 4 677.328 0.307386 6.85139 2 2 68.1361 1.1629 7.65451 2 3 0.129993 4.28027e-06 31.1997 2 
2.0008 0.000278834 -1 0.882159 0.198209 0.0146942 0.463803 322344 4 677.598 0.224044 7.41583 2 2 39.1868 1.02822 6.17342 2 3 0.12664 4.58517e-06 30.2277 2 
2.01549 0.000265925 -1 0.884991 0.197546 0.0146942 0.467932 321688 7 2319.72 0.37337 3.48257 2 2 41.2135 1.24593 5.75139 2 3 0.147978 5.75798e-06 29.5104 2 
2.03018 0.000280595 -1 0.887852 0.197253 0.0146942 0.471824 321205 5 192.655 0.142371 4.22933 2 3 137.723 0.489368 6.55326 2 3 0.161371 7.95593e-06 27.2716 2 
2.04488 0.000277103 -1 0.890752 0.196942 0.0146942 0.475482 320887 5 3085.28 0.166574 7.13736 2 2 53.0305 0.749636 8.41081 2 3 0.177808 5.79099e-06 31.3136 2 
2.05957 0.000272657 -1 0.893669 0.196511 0.0146942 0.479411 320393 5 418.288 0.208739 4.57482 2 2 57.3831 1.22826 6.83515 2 3 0.180248 5.06814e-06 32.8857 2 
2.07427 0.000277666 -1 0.896613 0.196142 0.0146942 0.482714 320322 4 984.16 0.399301 7.04598 2 2 37.8478 1.44351 5.12048 2 2 0.189046 8.14745e-05 48.1696 2 
2.08896 0.000276606 -1 0.899564 0.195837 0.0146942 0.485608 320522 3 190.428 0.293714 8.65503 2 2 34.8916 0.692959 7.09589 2 2 0.162305 7.615e-05 46.167 2 
2.10366 0.00027547 -1 0.902535 0.195594 0.0146942 0.488736 320566 4 542.773 0.143646 7.84028 2 2 133.766 1.40998 9.7402 2 2 0.153271 7.84953e-05 44.1883 2 
2.11835 0.000280959 -1 0.905456 0.195325 0.0146942 0.492031 320500 4 734.913 0.16116 8.21759 2 2 49.008 0.893898 7.4044 2 2 0.13487 9.57174e-05 37.5372 2 
2.13304 0.000280975 -1 0.908295 0.195075 0.0146942 0.495491 320329 3 61.3393 0.179888 6.98628 2 2 34.1018 0.256602 11.5281 2 3 0.103884 4.71569e-06 28.0329 2 
2.14774 0.00028053 -1 0.911044 0.194894 0.0146942 0.499209 319994 4 2224.38 0.179949 10.5442 2 2 38.6405 0.513982 8.67056 2 3 0.128415 4.60355e-06 30.3278 2 
2.16243 0.000280393 -1 0.913817 0.19459 0.0146942 0.502931 319662 4 670.145 0.184174 7.76667 2 2 127.137 1.41387 9.48269 2 3 0.146384 4.18e-06 32.7169 2 
2.17713 0.000281232 -1 0.916598 0.194193 0.0146942 0.506876 319194 5 3288.42 0.0816525 8.33688 2 2 74.2724 0.800966 9.62956 2 3 0.152359 4.56483e-06 32.1969 2 
2.19182 0.000284603 -1 0.919427 0.193851 0.0146942 0.510591 318878 4 908.264 0.0645832 10.8899 2 2 36.2567 1.37036 5.14372 2 3 0.162563 5.00409e-06 31.9079 2 
2.20651 0.000281511 -1 0.922276 0.193563 0.0146942 0.51456 318408 5 1009.98 0.111453 6.18649 2 2 37.4579 1.0553 5.95777 2 3 0.159097 5.23443e-06 31.2079 2 
2.22121 0.000279365 -1 0.925152 0.193298 0.0146942 0.518246 318119 4 558.832 0.214813 7.14176 2 2 45.8591 0.320091 11.9695 2 3 0.150228 4.74054e-06 31.6452 2 
2.2359 0.000275495 -1 0.928037 0.193067 0.0146942 0.521891 317859 3 154.906 0.223043 8.85578 2 3 142.063 0.168306 9.45063 2 3 0.131717 4.36774e-06 31.1263 2 
2.2506 0.000272496 -1 0.930945 0.192854 0.0146942 0.5253 317746 3 86.3042 0.243345 7.07842 2 2 37.746 0.427573 9.39573 2 3 0.127643 4.27781e-06 31.0164 2 
2.26529 0.000273683 -1 0.933851 0.192655 0.0146942 0.529185 317348 5 520.646 0.239193 4.65113 2 2 46.6903 0.654137 8.44848 2 3 0.102089 4.27969e-06 28.7865 2 
2.27999 0.000272714 -1 0.936751 0.192523 0.0146942 0.532825 317102 4 2267.43 0.332579 9.08678 2 2 34.4322 1.01045 5.83747 2 3 0.115422 4.04114e-06 30.5676 2 
2.29468 0.000274336 -1 0.939573 0.192351 0.0146942 0.536474 316854 4 557.056 0.13102 8.07495 2 2 124.464 1.48913 9.14229 2 3 0.129709 3.93236e-06 32.0705 2 
2.30937 0.000279766 -1 0.942298 0.192125 0.0146942 0.540108 316618 4 3365.8 0.388196 9.6496 2 2 46.4501 0.789986 7.66803 2 3 0.145347 4.23603e-06 32.4949 2 
2.32407 0.000271734 -1 0.94503 0.191873 0.0146942 0.543977 316249 5 997.968 0.294322 5.08228 2 2 66.4235 1.15486 7.58398 2 3 0.157122 4.52462e-06 32.6251 2 
2.33876 0.000266378 -1 0.947782 0.191722 0.0146942 0.54734 316176 4 983.017 0.172748 8.68535 2 2 41.1511 1.18254 5.89906 2 2 0.154868 8.5739e-05 42.5002 2 
2.35346 0.000262537 -1 0.950555 0.191612 0.0146942 0.550753 316076 3 482.86 0.34776 11.1561 2 2 54.6579 1.0659 7.16091 2 3 0.15075 6.41434e-06 28.6441 2 
2.36815 0.000261186 -1 0.953368 0.191522 0.0146942 0.554409 315839 4 660.684 0.185774 7.7224 2 2 129.562 1.01326 11.3078 2 3 0.121772 7.29766e-06 25.5538 2 
2.38284 0.000263155 -1 0.956197 0.191436 0.0146942 0.5578 315755 3 157.693 0.224459 8.8898 2 2 36.734 0.598729 7.83283 2 3 0.123485 4.04319e-06 31.2582 2 
2.39754 0.00026632 -1 0.959051 0.191337 0.0146942 0.561184 315675 3 53.8782 0.197004 6.49101 2 2 48.486 0.549605 9.39254 2 3 0.101978 4.01796e-06 29.3878 2 
2.41223 0.000270286 -1 0.961904 0.191241 0.0146942 0.564573 315594 3 36.288 0.195213 5.70713 2 2 34.4635 0.479316 8.47947 2 3 0.105447 3.99421e-06 29.7761 2 
2.42693 0.000275144 -1 0.964765 0.191157 0.0146942 0.568192 315386 4 1850.26 0.284841 8.97754 2 2 126.043 1.45403 9.31051 2 3 0.122632 4.5559e-06 29.9693 2 
2.44162 0.000276285 -1 0.967614 0.191054 0.0146942 0.571784 315196 4 666.68 0.345134 6.62952 2 2 45.0823 0.35922 11.2027 2 3 0.139625 4.31853e-06 31.8573 2 
2.45632 0.000268328 -1 0.970457 0.190853 0.0146942 0.57563 314869 5 2957.26 0.416194 5.89276 2 2 50.7997 0.433702 10.8227 2 3 0.152144 4.35955e-06 32.6792 2 
2.47101 0.00028891 -1 0.973264 0.190803 0.0146942 0.579226 314682 4 928.432 0.134291 9.11856 2 2 71.39 0.971988 8.57015 2 3 0.1516 4.65666e-06 31.9307 2 
2.4857 0.000290516 -1 0.975989 0.19088 0.0146942 0.582814 314502 4 1040.78 0.231318 8.19006 2 2 34.3586 0.451427 8.72417 2 3 0.153378 4.45518e-06 32.5311 2 
2.5004 0.000289689 -1 0.978711 0.190936 0.0146942 0.586151 314458 3 513.381 0.359024 11.2661 2 2 99.5853 1.53104 8.065 2 3 0.13189 4.07727e-06 31.8626 2 
2.51509 0.000274847 -1 0.981463 0.190908 0.0146942 0.589501 314408 3 588.041 0.353749 11.846 2 2 31.5942 0.511717 7.85757 2 3 0.114768 4.13412e-06 30.2793 2 
2.52979 0.000260966 -1 0.984243 0.190815 0.0146942 0.593098 314228 4 628.969 0.224093 7.27864 2 2 37.4909 0.438995 9.2413 2 3 0.106506 4.07383e-06 29.6795 2 
2.54448 0.000257224 -1 0.987054 0.190817 0.0146942 0.596455 314176 3 211.205 0.116463 12.1947 2 2 39.3609 0.431449 9.55141 2 3 0.100506 3.99131e-06 29.3107 2 
2.55917 0.000255794 -1 0.989871 0.190736 0.0146942 0.600048 314002 4 2134.54 0.250805 9.60489 2 2 40.2641 0.438492 9.58249 2 3 0.111532 4.04841e-06 30.2022 2 
2.57387 0.000274891 -1 0.992704 0.190762 0.0146942 0.603371 313969 3 154.182 0.179533 9.50524 2 2 121.492 1.66215 8.54947 2 3 0.131738 4.06033e-06 31.8946 2 
2.58856 0.000281982 -1 0.995535 0.190893 0.0146942 0.606628 313972 4 2933.04 0.429748 9.08921 2 2 49.161 0.480825 10.1115 2 2 0.145974 9.91406e-05 38.3717 2 
2.60326 0.000277315 -1 0.998377 0.190891 0.0146942 0.609906 313963 4 629.45 0.293386 6.80582 2 2 47.7481 0.75688 7.94264 2 2 0.148154 9.02197e-05 40.5234 2 
2.61795 0.000276166 -1 1.00121 0.190838 0.0146942 0.61318 313957 4 955.623 0.340269 7.27975 2 2 70.8223 1.27349 7.45739 2 2 0.14293 7.57315e-05 43.4433 2 
2.63265 0.000295911 -1 1.00404 0.190828 0.0146942 0.616197 314081 3 135.586 0.222609 8.47665 2 2 31.5046 0.483977 8.06816 2 2 0.139599 7.78881e-05 42.3355 2 
2.64734 0.000307444 -1 1.00684 0.190913 0.0146942 0.619451 314085 4 1184.99 0.257724 8.23455 2 2 86.2187 0.696022 11.1298 2 2 0.121117 8.29726e-05 38.2063 2 
2.66203 0.00030421 -1 1.00959 0.191012 0.0146942 0.622722 314079 4 598.692 0.133221 8.18762 2 2 28.3621 1.0727 5.14199 2 2 0.111436 8.42935e-05 36.3593 2 
2.67673 0.000302531 -1 1.01232 0.191112 0.0146942 0.626033 314054 3 55.3689 0.153351 7.12076 2 2 38.2971 1.09538 5.91289 2 3 0.0996468 5.06122e-06 27.0024 2 
2.69142 0.000302347 -1 1.01509 0.19118 0.0146942 0.629594 313904 4 610.489 0.102217 8.79101 2 2 35.065 1.3207 5.1527 2 3 0.101074 7.93528e-06 23.3539 2 
2.70612 0.000307776 -1 1.01788 0.191219 0.0146942 0.633166 313750 4 682.571 0.304161 6.88274 2 2 38.6307 0.562288 8.28871 2 3 0.108593 6.90706e-06 25.0516 2 
2.72081 0.000315059 -1 1.0207 0.191257 0.0146942 0.636444 313743 4 2888.92 0.432045 9.04277 2 2 28.777 0.465039 7.86643 2 2 0.123852 9.90074e-05 35.3686 2 
2.7355 0.00033536 -1 1.02352 0.191323 0.0146942 0.639734 313730 4 137.146 0.271589 4.74043 2 2 107.427 1.42181 8.69231 2 2 0.138839 9.88962e-05 37.4685 2 
2.7502 0.000341965 -1 1.02636 0.191372 0.0146942 0.643333 313567 4 136.66 0.210794 5.04598 2 2 42.5955 0.537426 8.90271 2 3 0.140666 5.49234e-06 29.4766 2 
2.76489 0.000345599 -1 1.02919 0.191537 0.0146942 0.646647 313544 4 601.837 0.328652 6.54163 2 2 43.0955 0.416682 10.1698 2 2 0.135733 9.92112e-05 36.9882 2 
2.77959 0.000347741 -1 1.03204 0.19169 0.0146942 0.649964 313519 4 877.451 0.240407 7.77265 2 2 23.992 0.383924 7.90515 2 2 0.133835 9.99971e-05 36.584 2 
2.79428 0.000347121 -1 1.03488 0.191719 0.0146942 0.653564 313359 4 1158.82 0.172452 9.05393 2 2 45.4507 0.391835 10.7701 2 3 0.117843 4.49369e-06 29.7099 2 
2.80898 0.000344123 -1 1.03772 0.191788 0.0146942 0.657178 313194 4 632.858 0.171982 7.78853 2 2 86.2775 1.34178 8.01877 2 3 0.104352 4.20898e-06 29.1591 2 
2.82367 0.000345738 -1 1.04052 0.191957 0.0146942 0.660788 313032 4 695.705 0.215834 7.53488 2 2 34.5401 0.438172 8.8785 2 3 0.0979573 3.95583e-06 29.1474 2 
2.83836 0.000343029 -1 1.04326 0.192035 0.0146942 0.664159 312985 3 31.9134 0.0903842 7.06795 2 2 34.7633 0.889222 6.25252 2 3 0.094724 4.26498e-06 28.1092 2 
2.85306 0.000346364 -1 1.04603 0.192121 0.0146942 0.667976 312730 4 592.548 0.196146 7.41371 2 3 30.2568 0.390624 4.26273 2 3 0.10798 4.29395e-06 29.2974 2 
2.86775 0.000348634 -1 1.04882 0.192206 0.0146942 0.671753 312496 4 2713.96 0.373673 9.23162 2 3 33.3232 0.351973 4.5577 2 3 0.114585 3.49133e-06 32.0169 2 
2.88245 0.000352492 -1 1.05164 0.192255 0.0146942 0.675074 312475 3 124.084 0.146094 9.47025 2 2 105.257 1.27184 9.09726 2 3 0.13041 3.29413e-06 34.0819 2 
2.89714 0.00035917 -1 1.05448 0.192304 0.0146942 0.678632 312346 3 140.647 0.189119 9.06006 2 2 32.9363 0.496127 8.1478 2 3 0.134617 3.24693e-06 34.6106 2 
2.91183 0.000363519 -1 1.05733 0.192398 0.0146942 0.682012 312299 3 98.6538 0.286168 7.01182 2 2 37.0476 0.368662 10.0246 2 3 0.133016 3.33275e-06 34.1743 2 
2.92653 0.000365563 -1 1.06018 0.19247 0.0146942 0.685284 312303 3 84.222 0.161041 8.05681 2 2 48.5908 0.674099 8.49015 2 3 0.136287 3.23039e-06 34.8124 2 
2.94122 0.000368896 -1 1.06304 0.192468 0.0146942 0.689021 312095 5 881.691 0.211192 5.29819 2 2 20.8326 0.64498 5.68328 2 3 0.121244 2.64649e-06 35.7819 2 
2.95592 0.000365619 -1 1.0659 0.192507 0.0146942 0.692738 311899 5 1216.49 0.167676 5.91736 2 2 39.9663 0.869558 6.7795 2 3 0.107512 2.94998e-06 33.1547 2 
2.97061 0.000362052 -1 1.06874 0.192694 0.0146942 0.695926 311941 4 660.037 0.153144 8.10247 2 2 69.3731 0.648144 10.3457 2 2 0.0990538 9.76079e-05 31.8561 2 
2.98531 0.00036173 -1 1.07157 0.192835 0.0146942 0.699349 311879 5 656.693 0.194328 5.07885 2 2 35.3294 0.590627 7.73413 2 2 0.0921573 9.49131e-05 31.1603 2 
3 0.000356985 -1 1.07433 0.192943 0.0146942 0.702303 312025 3 30.8135 0.118865 6.37622 2 2 32.7872 0.687642 6.90512 2 2 0.0954089 9.03212e-05 32.5012 2 

# Multigrid, 214 steps, 5.63861 CPU, 0.7059 real, 3.1e+05 points.step/s, 23 var
