0 0 0
1.12e-06 2.50942e-10 1
2.71946e-05 3.69475e-05 2
7.59553e-05 2.89345e-05 5
0.00014534 2.63519e-05 3
0.000233473 2.43931e-05 1
0.00033865 2.27861e-05 1
0.000459322 2.15636e-05 1
0.000594081 2.08031e-05 1
0.000741645 2.05421e-05 1
0.000900851 2.07963e-05 1
0.00107064 2.15632e-05 1
0.00125005 2.28471e-05 1
0.00143821 2.46472e-05 2
0.00163431 2.69832e-05 3
0.00183765 2.98277e-05 3
0.00204756 3.31009e-05 2
0.00226344 3.66994e-05 3
0.00248475 4.05997e-05 2
0.002711 4.48636e-05 2
0.00294174 4.96904e-05 1
0.00317656 5.52345e-05 2
0.00341508 6.15449e-05 1
0.00365698 6.85639e-05 2
0.00390195 7.6169e-05 2
0.0041497 8.41685e-05 2
0.00439999 9.23071e-05 2
0.00465258 0.000100311 2
0.00490726 0.000108061 2
0.00516384 0.00011546 2
0.00542216 0.000122825 2
0.00568205 0.000130499 4
0.00594337 0.0001387 1
0.00620599 0.000147597 2
0.00646979 0.000157264 2
0.00673467 0.000167582 2
0.00700052 0.000178177 3
0.00726726 0.000188944 3
0.00753481 0.000199801 3
0.00780309 0.000210588 3
0.00807204 0.000221584 3
0.0083416 0.000232661 3
0.00861171 0.000244179 3
0.00888231 0.000255796 3
0.00915338 0.00026774 1
0.00942486 0.000279926 2
0.00969671 0.000292046 2
0.00996891 0.000304047 2
0.0102414 0.000316108 2
0.0105142 0.000327936 2
0.0107873 0.00033994 2
0.0110605 0.000351706 2
0.011334 0.000363622 2
0.0116077 0.000375324 4
0.0118816 0.000386995 3
0.0121556 0.000398639 1
0.0124298 0.000409969 3
0.0127041 0.000421252 2
0.0129785 0.000432558 2
0.013253 0.000443716 2
0.0135277 0.000454807 2
0.0138024 0.000465771 2
0.0140772 0.000476508 1
0.0143521 0.000485529 4
0.014627 0.000493931 3
0.014902 0.000501719 3
0.0151771 0.000508937 1
0.0154522 0.000515788 1
0.0157273 0.000522277 4
0.0160025 0.000528429 3
0.0162778 0.000534235 4
0.016553 0.00053994 3
0.0168284 0.000545174 3
0.0171037 0.000550346 3
0.017379 0.000555338 1
0.0176544 0.000560304 3
0.0179298 0.000564767 3
0.0182053 0.000568937 3
0.0184807 0.000572636 3
0.0187562 0.000575917 3
0.0190316 0.000578319 3
0.0193071 0.00058016 4
0.0195826 0.000581497 4
0.0198581 0.000582006 3
0.0201337 0.000582084 1
0.0204092 0.000581709 2
0.0206847 0.000580868 1
0.0209603 0.000579652 2
0.0212358 0.000578097 4
0.0215114 0.000576144 4
0.0217869 0.000573709 3
0.0220625 0.000570723 3
0.0223381 0.000567145 3
0.0226137 0.00056298 3
0.0228892 0.000558259 2
0.0231648 0.000553029 3
0.0234404 0.000547343 3
0.023716 0.000541247 3
0.0239916 0.000534778 3
0.0242672 0.00052813 3
0.0245428 0.000520921 4
0.0248184 0.000513486 2
0.025094 0.000505646 1
0.0253696 0.000497228 4
0.0256452 0.000487899 3
0.0259208 0.000477693 4
0.0261964 0.000466995 3
0.026472 0.000456102 3
0.0267476 0.000445062 3
0.0270233 0.000434008 1
0.0272989 0.000422989 4
0.0275745 0.000412114 2
0.0278501 0.000401054 2
0.0281257 0.000390029 4
0.0284013 0.000378918 2
0.0286769 0.00036775 1
0.0289526 0.000356237 1
0.0292282 0.000344676 3
0.0295038 0.000332767 1
0.0297794 0.000320741 2
0.030055 0.000308571 2
0.0303306 0.000296334 2
0.0306063 0.000284126 2
0.0308819 0.000272036 2
0.0311575 0.000260115 2
0.0314331 0.00024846 2
0.0317087 0.000236966 2
0.0319844 0.000225623 2
0.03226 0.000214494 1
0.0325356 0.000203516 1
0.0328112 0.000192696 1
0.0330868 0.000182049 2
0.0333625 0.000171586 2
0.0336381 0.000161312 2
0.0339137 0.000151233 2
0.0341893 0.000141358 2
0.0344649 0.000131706 2
0.0347406 0.000122303 2
0.0350162 0.000113215 1
0.0352918 0.000104403 1
0.0355674 9.59697e-05 1
0.035843 8.79089e-05 1
0.0361187 8.02349e-05 4
0.0363943 7.29867e-05 2
0.0366699 6.62112e-05 2
0.0369455 5.99061e-05 2
0.0372211 5.40407e-05 2
0.0374968 4.85473e-05 2
0.0377724 4.34709e-05 2
0.038048 3.88427e-05 2
0.0383236 3.47035e-05 2
0.0385992 3.10885e-05 2
0.0388749 2.80504e-05 2
0.0391505 2.56254e-05 1
0.0394261 2.38213e-05 1
0.0397017 2.26111e-05 1
0.0399774 2.19766e-05 2
0.040253 2.18758e-05 2
0.0405286 2.22634e-05 2
0.0408042 2.30666e-05 3
0.0410798 2.42892e-05 3
0.0413555 2.59226e-05 3
0.0416311 2.80146e-05 3
0.0419067 3.05868e-05 2
0.0421823 3.37023e-05 2
0.0424579 3.73586e-05 1
0.0427336 4.15794e-05 2
0.0430092 4.63044e-05 1
0.0432848 5.14507e-05 2
0.0435604 5.70211e-05 2
0.043836 6.29953e-05 2
0.0441117 6.93104e-05 2
0.0443873 7.59323e-05 2
0.0446629 8.28076e-05 2
0.0449385 8.99417e-05 1
0.0452141 9.73925e-05 2
0.0454898 0.000105195 1
0.0457654 0.000113383 2
0.046041 0.000121977 4
0.0463166 0.00013098 2
0.0465923 0.000140372 1
0.0468679 0.000150113 1
0.0471435 0.000160159 1
0.0474191 0.000170461 1
0.0476947 0.000180981 1
0.0479704 0.000191688 1
0.048246 0.000202554 1
0.0485216 0.000213564 1
0.0487972 0.000224697 1
0.0490728 0.000235943 1
0.0493485 0.000247292 1
0.0496241 0.000258736 1
0.0498997 0.000270217 1
0.0501753 0.000281768 2
0.0504509 0.000293512 1
0.0507266 0.000305169 2
0.0510022 0.000316899 1
0.0512778 0.000328643 2
0.0515534 0.000340391 2
0.051829 0.000352124 1
0.0521047 0.000363906 1
0.0523803 0.000375436 2
0.0526559 0.000386928 4
0.0529315 0.00039829 3
0.0532072 0.0004095 2
0.0534828 0.000420548 2
0.0537584 0.000431414 2
0.054034 0.000442084 2
0.0543096 0.000452528 1
0.0545853 0.000462711 1
0.0548609 0.000472599 1
0.0551365 0.000482163 2
0.0554121 0.000491394 1
0.0556877 0.000498877 4
0.0559634 0.000505773 4
0.056239 0.000512162 3
0.0565146 0.000518257 2
0.0567902 0.00052418 3
0.0570658 0.000529878 1
0.0573415 0.000535278 4
0.0576171 0.000540364 2
0.0578927 0.000545132 2
0.0581683 0.000549535 2
0.058444 0.000553678 1
0.0587196 0.000557137 2
0.0589952 0.000560244 1
0.0592708 0.000562882 3
0.0595464 0.000565036 1
0.0598221 0.000566706 3
0.0600977 0.000567902 4
0.0603733 0.000568643 5
0.0606489 0.00056887 3
0.0609245 0.00056853 1
0.0612002 0.000567692 3
0.0614758 0.000566455 2
0.0617514 0.000564848 1
0.062027 0.000562855 5
0.0623026 0.000560448 5
0.0625783 0.00055758 3
0.0628539 0.00055421 3
0.0631295 0.000550316 2
0.0634051 0.000545902 2
0.0636807 0.000540988 2
0.0639564 0.000535603 2
0.064232 0.000529781 1
0.0645076 0.000523545 2
0.0647832 0.00051693 2
0.0650589 0.000509959 2
0.0653345 0.000502655 4
0.0656101 0.000495167 4
0.0658857 0.000487126 5
0.0661613 0.00047885 3
0.066437 0.000470068 3
0.0667126 0.000460709 3
0.0669882 0.000450782 3
0.0672638 0.000439927 4
0.0675394 0.000429024 2
0.0678151 0.000418069 2
0.0680907 0.000407103 1
0.0683663 0.000396182 1
0.0686419 0.000385321 1
0.0689175 0.00037448 2
0.0691932 0.000363569 2
0.0694688 0.000352518 2
0.0697444 0.000341299 1
0.07002 0.000329901 1
0.0702957 0.000318331 1
0.0705713 0.000306641 1
0.0708469 0.000294898 4
0.0711225 0.000283162 2
0.0713981 0.000271486 1
0.0716738 0.000260012 2
0.0719494 0.000248525 3
0.072225 0.000237243 3
0.0725006 0.00022613 3
0.0727762 0.000215198 3
0.0730519 0.000204415 1
0.0733275 0.000193729 2
0.0736031 0.000183198 1
0.0738787 0.000172664 2
0.0741543 0.00016231 1
0.07443 0.000152186 2
0.0747056 0.000142244 1
0.0749812 0.000132621 2
0.0752568 0.000123321 1
0.0755324 0.000114358 1
0.0758081 0.000105744 1
0.0760837 9.74875e-05 1
0.0763593 8.96122e-05 1
0.0766349 8.21634e-05 1
0.0769106 7.51293e-05 4
0.0771862 6.84791e-05 2
0.0774618 6.21986e-05 2
0.0777374 5.63221e-05 2
0.078013 5.08971e-05 2
0.0782887 4.59565e-05 2
0.0785643 4.15364e-05 2
0.0788399 3.75406e-05 2
0.0791155 3.39817e-05 2
0.0793911 3.08925e-05 2
0.0796668 2.83015e-05 2
0.0799424 2.62126e-05 2
0.080218 2.46301e-05 2
0.0804936 2.35764e-05 2
0.0807692 2.30667e-05 2
0.0810449 2.31035e-05 2
0.0813205 2.36618e-05 2
0.0815961 2.47241e-05 2
0.0818717 2.6273e-05 2
0.0821473 2.82895e-05 2
0.082423 3.07589e-05 2
0.0826986 3.36684e-05 2
0.0829742 3.70005e-05 2
0.0832498 4.07249e-05 2
0.0835255 4.48476e-05 1
0.0838011 4.93811e-05 1
0.0840767 5.43384e-05 1
0.0843523 5.9636e-05 1
0.0846279 6.52541e-05 2
0.0849036 7.121e-05 2
0.0851792 7.75101e-05 2
0.0854548 8.41541e-05 2
0.0857304 9.11565e-05 2
0.086006 9.85414e-05 1
0.0862817 0.000106302 4
0.0865573 0.000114465 1
0.0868329 0.000123037 1
0.0871085 0.000131989 1
0.0873841 0.000141282 1
0.0876598 0.00015087 1
0.0879354 0.000160706 3
0.088211 0.000170754 2
0.0884866 0.000180987 1
0.0887623 0.000191384 1
0.0890379 0.000201945 1
0.0893135 0.000212666 1
0.0895891 0.000223608 1
0.0898647 0.000234624 1
0.0901404 0.000245821 1
0.090416 0.000257128 1
0.0906916 0.000268575 2
0.0909672 0.00028014 1
0.0912428 0.000291763 1
0.0915185 0.000303405 1
0.0917941 0.00031505 1
0.0920697 0.000326713 4
0.0923453 0.000338326 2
0.0926209 0.000349788 2
0.0928966 0.000361214 2
0.0931722 0.000372536 1
0.0934478 0.000383824 2
0.0937234 0.000394844 2
0.093999 0.000405776 2
0.0942747 0.000416584 2
0.0945503 0.000427079 2
0.0948259 0.000437431 1
0.0951015 0.000447573 1
0.0953772 0.000457475 1
0.0956528 0.000465719 4
0.0959284 0.000473482 3
0.096204 0.000480823 3
0.0964796 0.000487797 3
0.0967553 0.000494588 4
0.0970309 0.000501146 3
0.0973065 0.000507558 5
0.0975821 0.000513498 3
0.0978577 0.000519221 4
0.0981334 0.000524639 3
0.098409 0.000529756 3
0.0986846 0.000534521 3
0.0989602 0.000538882 1
0.0992358 0.000542815 2
0.0995115 0.000546302 1
0.0997871 0.000549522 2
0.100063 0.000551826 1
0.100338 0.00055384 2
0.100614 0.000555365 4
0.10089 0.000556374 2
0.101165 0.000556822 4
0.101441 0.000556792 1
0.101716 0.000556365 3
0.101992 0.000555569 3
0.102268 0.00055441 1
0.102543 0.000552869 4
0.102819 0.000550899 5
0.103095 0.000548452 3
0.10337 0.000545488 2
0.103646 0.00054199 2
0.103921 0.000537966 2
0.104197 0.000533441 2
0.104473 0.000528444 2
0.104748 0.000523113 2
0.105024 0.000517272 2
0.1053 0.000511053 2
0.105575 0.000504589 2
0.105851 0.000497594 5
0.106126 0.000490371 3
0.106402 0.000482824 1
0.106678 0.000474757 3
0.106953 0.000466076 4
0.107229 0.000456813 3
0.107504 0.00044659 4
0.10778 0.000436236 2
0.108056 0.000425735 2
0.108331 0.000415166 2
0.108607 0.000404596 1
0.108883 0.000394019 1
0.109158 0.000383407 3
0.109434 0.000372738 2
0.109709 0.000361992 2
0.109985 0.00035115 4
0.110261 0.000340204 2
0.110536 0.000329131 2
0.110812 0.000318015 2
0.111088 0.000306681 2
0.111363 0.000295335 1
0.111639 0.000283934 2
0.111914 0.000272526 2
0.11219 0.000261227 2
0.112466 0.000249913 2
0.112741 0.000238774 2
0.113017 0.000227783 2
0.113293 0.000216942 2
0.113568 0.000206217 2
0.113844 0.000195585 2
0.114119 0.000185037 2
0.114395 0.000174585 2
0.114671 0.000164268 1
0.114946 0.000154173 1
0.115222 0.000144251 1
0.115497 0.000134638 1
0.115773 0.000125342 1
0.116049 0.000116383 1
0.116324 0.000107773 1
0.1166 9.95116e-05 1
0.116876 9.15973e-05 1
0.117151 8.4026e-05 1
0.117427 7.67974e-05 1
0.117702 6.99178e-05 1
0.117978 6.33987e-05 4
0.118254 5.72818e-05 2
0.118529 5.16078e-05 2
0.118805 4.64348e-05 2
0.119081 4.17592e-05 2
0.119356 3.75349e-05 2
0.119632 3.37538e-05 2
0.119907 3.04417e-05 2
0.120183 2.76267e-05 2
0.120459 2.53154e-05 2
0.120734 2.3517e-05 2
0.12101 2.22527e-05 1
0.121286 2.15366e-05 2
0.121561 2.13728e-05 1
0.121837 2.17713e-05 2
0.122112 2.26937e-05 2
0.122388 2.40427e-05 2
0.122664 2.57606e-05 2
0.122939 2.78879e-05 2
0.123215 3.04317e-05 2
0.12349 3.33776e-05 2
0.123766 3.67258e-05 2
0.124042 4.04918e-05 1
0.124317 4.46714e-05 1
0.124593 4.92604e-05 1
0.124869 5.42586e-05 1
0.125144 5.96387e-05 2
0.12542 6.53738e-05 2
0.125695 7.14568e-05 2
0.125971 7.78805e-05 2
0.126247 8.46494e-05 4
0.126522 9.17739e-05 1
0.126798 9.92755e-05 1
0.127074 0.000107161 1
0.127349 0.000115429 1
0.127625 0.000124062 1
0.1279 0.000133024 2
0.128176 0.000142275 2
0.128452 0.000151768 1
0.128727 0.000161464 1
0.129003 0.000171333 1
0.129279 0.000181353 1
0.129554 0.000191522 1
0.12983 0.000201843 1
0.130105 0.000212324 1
0.130381 0.000223003 1
0.130657 0.000233802 1
0.130932 0.000244687 1
0.131208 0.000255752 1
0.131483 0.000266929 1
0.131759 0.000278176 1
0.132035 0.000289515 1
0.13231 0.00030078 1
0.132586 0.000312108 1
0.132862 0.000323423 1
0.133137 0.0003347 2
0.133413 0.00034591 1
0.133688 0.000357028 2
0.133964 0.00036803 4
0.13424 0.0003789 2
0.134515 0.000389633 2
0.134791 0.000400295 4
0.135067 0.000410651 2
0.135342 0.000420909 2
0.135618 0.000430968 2
0.135893 0.000440803 3
0.136169 0.000450372 2
0.136445 0.00045966 2
0.13672 0.000467075 4
0.136996 0.000473994 3
0.137272 0.000480478 4
0.137547 0.000486715 3
0.137823 0.000492749 3
0.138098 0.000498539 3
0.138374 0.000504039 5
0.13865 0.000509351 2
0.138925 0.000514151 2
0.139201 0.000518712 2
0.139476 0.000522913 1
0.139752 0.000526729 3
0.140028 0.000530221 3
0.140303 0.000533115 1
0.140579 0.000535669 3
0.140855 0.000537782 3
0.14113 0.000539396 3
0.141406 0.000540501 4
0.141681 0.000541122 5
0.141957 0.000541285 3
0.142233 0.000541002 1
0.142508 0.00054029 2
0.142784 0.000539114 2
0.14306 0.00053756 1
0.143335 0.000535647 4
0.143611 0.000533344 5
0.143886 0.000530614 3
0.144162 0.000527434 3
0.144438 0.000523798 2
0.144713 0.000519707 2
0.144989 0.000515168 2
0.145265 0.000510199 2
0.14554 0.000504818 2
0.145816 0.000499047 2
0.146091 0.000493018 2
0.146367 0.000486435 2
0.146643 0.000479617 2
0.146918 0.000472554 4
0.147194 0.000465026 1
0.14747 0.000457284 4
0.147745 0.000449092 3
0.148021 0.000440321 3
0.148296 0.000431001 3
0.148572 0.000420705 4
0.148848 0.000410302 2
0.149123 0.000399825 2
0.149399 0.000389344 2
0.149674 0.000378883 1
0.14995 0.000368441 1
0.150226 0.000358001 2
0.150501 0.000347603 2
0.150777 0.000336958 2
0.151053 0.000326245 1
0.151328 0.000315393 1
0.151604 0.000304414 1
0.151879 0.000293331 3
0.152155 0.000282182 2
0.152431 0.00027101 2
0.152706 0.00025986 1
0.152982 0.000248832 2
0.153258 0.000237847 2
0.153533 0.000226941 2
0.153809 0.000216238 1
0.154084 0.000205685 1
0.15436 0.00019529 1
0.154636 0.000185029 1
0.154911 0.000174872 1
0.155187 0.000164817 1
0.155463 0.000154902 1
0.155738 0.00014518 1
0.156014 0.000135708 1
0.156289 0.000126527 1
0.156565 0.000117666 1
0.156841 0.000109137 1
0.157116 0.00010097 1
0.157392 9.31053e-05 1
0.157667 8.56252e-05 1
0.157943 7.85563e-05 1
0.158219 7.18816e-05 1
0.158494 6.55758e-05 1
0.15877 5.95602e-05 1
0.159046 5.39117e-05 4
0.159321 4.86995e-05 2
0.159597 4.3902e-05 2
0.159872 3.94664e-05 2
0.160148 3.54775e-05 2
0.160424 3.20321e-05 2
0.160699 2.91208e-05 2
0.160975 2.67134e-05 2
0.161251 2.48438e-05 2
0.161526 2.35914e-05 1
0.161802 2.28485e-05 2
0.162077 2.25487e-05 2
0.162353 2.27047e-05 2
0.162629 2.32118e-05 2
0.162904 2.4142e-05 2
0.16318 2.55633e-05 3
0.163456 2.75042e-05 3
0.163731 2.98779e-05 2
0.164007 3.26083e-05 2
0.164282 3.57665e-05 2
0.164558 3.93868e-05 2
0.164834 4.34385e-05 1
0.165109 4.78182e-05 2
0.165385 5.25224e-05 1
0.16566 5.75811e-05 2
0.165936 6.29768e-05 2
0.166212 6.86624e-05 2
0.166487 7.46587e-05 4
0.166763 8.09987e-05 1
0.167039 8.76961e-05 2
0.167314 9.47558e-05 1
0.16759 0.000102186 2
0.167865 0.000109992 1
0.168141 0.000118166 1
0.168417 0.000126697 1
0.168692 0.000135553 1
0.168968 0.000144703 1
0.169244 0.000154113 1
0.169519 0.000163752 1
0.169795 0.000173589 3
0.17007 0.000183601 2
0.170346 0.000193768 1
0.170622 0.00020408 1
0.170897 0.000214523 2
0.171173 0.000225106 2
0.171449 0.000235815 1
0.171724 0.000246696 1
0.172 0.000257633 1
0.172275 0.000268684 1
0.172551 0.000279772 1
0.172827 0.00029088 1
0.173102 0.000301995 2
0.173378 0.00031309 4
0.173653 0.000324138 2
0.173929 0.00033512 2
0.174205 0.000346029 2
0.17448 0.000356858 1
0.174756 0.000367586 2
0.175032 0.000378184 2
0.175307 0.000388627 1
0.175583 0.000398898 1
0.175858 0.000408988 2
0.176134 0.000418896 2
0.17641 0.000428603 2
0.176685 0.000438058 2
0.176961 0.00044592 4
0.177237 0.000453407 3
0.177512 0.00046032 3
0.177788 0.000466921 4
0.178063 0.000473298 5
0.178339 0.000479539 3
0.178615 0.000485322 2
0.17889 0.000490907 4
0.179166 0.00049621 2
0.179442 0.000501239 3
0.179717 0.000505964 1
0.179993 0.000510355 3
0.180268 0.000514387 3
0.180544 0.000518034 1
0.18082 0.000521274 3
0.181095 0.000524076 1
0.181371 0.000526431 3
0.181646 0.00052833 3
0.181922 0.00052978 4
0.182198 0.000530744 2
0.182473 0.00053121 4
0.182749 0.000531167 3
0.183025 0.000530721 1
0.1833 0.000529948 2
0.183576 0.00052885 2
0.183851 0.000527411 4
0.184127 0.000525584 3
0.184403 0.000523312 5
0.184678 0.000520541 3
0.184954 0.00051725 2
0.18523 0.000513351 2
0.185505 0.000509062 2
0.185781 0.000504325 2
0.186056 0.000499176 2
0.186332 0.000493647 2
0.186608 0.000487769 2
0.186883 0.000481566 2
0.187159 0.000475057 5
0.187435 0.000468253 3
0.18771 0.00046115 1
0.187986 0.000453736 3
0.188261 0.000445746 4
0.188537 0.000437169 3
0.188813 0.000428021 3
0.189088 0.000417903 4
0.189364 0.000407679 2
0.18964 0.000397379 2
0.189915 0.00038708 3
0.190191 0.000376814 1
0.190466 0.000366585 2
0.190742 0.000356374 2
0.191018 0.000346146 2
0.191293 0.00033593 2
0.191569 0.000325477 2
0.191844 0.000314956 1
0.19212 0.000304311 4
0.192396 0.00029357 2
0.192671 0.000282746 2
0.192947 0.000271854 1
0.193223 0.000260934 2
0.193498 0.000250043 2
0.193774 0.000239293 2
0.194049 0.000228564 2
0.194325 0.000218035 2
0.194601 0.000207677 3
0.194876 0.000197481 1
0.195152 0.000187407 3
0.195428 0.000177436 1
0.195703 0.000167554 2
0.195979 0.000157784 1
0.196254 0.000148232 1
0.19653 0.000138777 1
0.196806 0.000129641 1
0.197081 0.000120808 1
0.197357 0.000112302 1
0.197633 0.000104136 1
0.197908 9.63113e-05 1
0.198184 8.88285e-05 1
0.198459 8.16832e-05 1
0.198735 7.48741e-05 1
0.199011 6.84036e-05 1
0.199286 6.22747e-05 1
0.199562 5.64959e-05 1
0.199837 5.10803e-05 1
0.200113 4.60462e-05 1
0.200389 4.14159e-05 4
0.200664 3.72435e-05 2
0.20094 3.35528e-05 2
0.201216 3.04022e-05 2
0.201491 2.7839e-05 1
0.201767 2.58187e-05 1
0.202042 2.42196e-05 1
0.202318 2.30349e-05 1
0.202594 2.2336e-05 1
0.202869 2.21299e-05 2
0.203145 2.23544e-05 1
0.203421 2.29936e-05 1
0.203696 2.40787e-05 2
0.203972 2.56392e-05 2
0.204247 2.76679e-05 2
0.204523 3.0091e-05 2
0.204799 3.28739e-05 2
0.205074 3.60129e-05 2
0.20535 3.95372e-05 1
0.205626 4.34463e-05 1
0.205901 4.7703e-05 1
0.206177 5.23081e-05 1
0.206452 5.72793e-05 4
0.206728 6.26294e-05 2
0.207004 6.83585e-05 2
0.207279 7.44584e-05 2
0.207555 8.09171e-05 2
0.20783 8.77244e-05 1
0.208106 9.48786e-05 1
0.208382 0.000102374 1
0.208657 0.000110203 1
0.208933 0.000118356 1
0.209209 0.000126821 2
0.209484 0.000135581 2
0.20976 0.000144648 2
0.210035 0.000153915 2
0.210311 0.000163362 2
0.210587 0.000173012 2
0.210862 0.000182816 2
0.211138 0.000192764 2
0.211414 0.000202874 3
0.211689 0.000213028 3
0.211965 0.000223369 3
0.21224 0.000233844 1
0.212516 0.000244422 2
0.212792 0.000255084 1
0.213067 0.000265822 1
0.213343 0.000276625 2
0.213619 0.000287535 2
0.213894 0.000298328 2
0.21417 0.00030915 2
0.214445 0.000319934 2
0.214721 0.000330666 4
0.214997 0.000341325 1
0.215272 0.000351894 3
0.215548 0.00036235 2
0.215823 0.000372677 2
0.216099 0.000382856 1
0.216375 0.000392872 3
0.21665 0.000402802 5
0.216926 0.00041237 2
0.217202 0.000421796 2
0.217477 0.000430955 2
0.217753 0.000438201 4
0.218028 0.000444989 3
0.218304 0.000451375 3
0.21858 0.000457699 4
0.218855 0.000463488 3
0.219131 0.000469226 3
0.219407 0.000474739 4
0.219682 0.000479974 2
0.219958 0.000484927 2
0.220233 0.000489611 1
0.220509 0.000494 1
0.220785 0.00049806 1
0.22106 0.000501767 1
0.221336 0.000505113 2
0.221612 0.000508072 1
0.221887 0.000510629 2
0.222163 0.0005127 2
0.222438 0.000514368 3
0.222714 0.000515458 4
0.22299 0.000516101 1
0.223265 0.000516313 3
0.223541 0.000516103 2
0.223816 0.000515499 1
0.224092 0.000514523 2
0.224368 0.00051313 1
0.224643 0.000511369 4
0.224919 0.000509239 5
0.225195 0.000506706 3
0.22547 0.000503748 3
0.225746 0.000500355 2
0.226021 0.000496528 2
0.226297 0.000492182 2
0.226573 0.000487506 2
0.226848 0.000482437 2
0.227124 0.000476997 2
0.2274 0.000471214 2
0.227675 0.000465177 2
0.227951 0.000458675 2
0.228226 0.000451953 4
0.228502 0.000444927 1
0.228778 0.000437599 4
0.229053 0.000429919 5
0.229329 0.000421634 3
0.229605 0.000412766 3
0.22988 0.000402801 4
0.230156 0.000392744 3
0.230431 0.000382621 3
0.230707 0.000372501 2
0.230983 0.000362416 1
0.231258 0.000352367 1
0.231534 0.000342337 2
0.231809 0.000332288 2
0.232085 0.000322168 2
0.232361 0.000311931 2
0.232636 0.00030155 1
0.232912 0.000291053 3
0.233188 0.000280488 2
0.233463 0.000269867 2
0.233739 0.000259267 2
0.234014 0.000248606 1
0.23429 0.000238052 2
0.234566 0.000227555 2
0.234841 0.00021717 2
0.235117 0.000207004 2
0.235393 0.000196992 1
0.235668 0.000187182 1
0.235944 0.000177512 1
0.236219 0.000167946 2
0.236495 0.000158497 1
0.236771 0.000149174 2
0.237046 0.000139997 1
0.237322 0.000131043 1
0.237598 0.000122312 1
0.237873 0.000113884 1
0.238149 0.00010579 1
0.238424 9.8056e-05 1
0.2387 9.06392e-05 1
0.238976 8.35597e-05 1
0.239251 7.68174e-05 1
0.239527 7.04113e-05 1
0.239803 6.43336e-05 1
0.240078 5.86096e-05 1
0.240354 5.32338e-05 1
0.240629 4.82147e-05 1
0.240905 4.35656e-05 1
0.241181 3.93037e-05 1
0.241456 3.54454e-05 4
0.241732 3.20621e-05 2
0.242007 2.9172e-05 2
0.242283 2.67068e-05 2
0.242559 2.46547e-05 2
0.242834 2.30931e-05 2
0.24311 2.20438e-05 1
0.243386 2.14936e-05 1
0.243661 2.14541e-05 2
0.243937 2.18663e-05 2
0.244212 2.26696e-05 2
0.244488 2.38951e-05 2
0.244764 2.55729e-05 2
0.245039 2.76921e-05 1
0.245315 3.02334e-05 1
0.245591 3.31859e-05 1
0.245866 3.65459e-05 1
0.246142 4.03113e-05 1
0.246417 4.44766e-05 4
0.246693 4.90343e-05 1
0.246969 5.39274e-05 1
0.247244 5.91758e-05 2
0.24752 6.47869e-05 2
0.247796 7.07505e-05 2
0.248071 7.70485e-05 1
0.248347 8.3675e-05 2
0.248622 9.06218e-05 1
0.248898 9.78896e-05 1
0.249174 0.000105476 1
0.249449 0.000113376 1
0.249725 0.000121582 1
0.25 0.000130081 1
0.250276 0.000138854 1
0.250552 0.000147878 1
0.250827 0.000157124 1
0.251103 0.000166572 1
0.251379 0.000176194 1
0.251654 0.000185972 1
0.25193 0.000195884 3
0.252205 0.000205917 3
0.252481 0.000216109 3
0.252757 0.000226441 1
0.253032 0.000236864 1
0.253308 0.000247348 2
0.253584 0.000257886 1
0.253859 0.000268471 1
0.254135 0.000279089 2
0.25441 0.000289714 2
0.254686 0.000300319 4
0.254962 0.000310893 3
0.255237 0.000321412 1
0.255513 0.000331863 1
0.255789 0.000342209 1
0.256064 0.000352425 1
0.25634 0.000362495 1
0.256615 0.000372406 1
0.256891 0.000382143 1
0.257167 0.000391728 1
0.257442 0.00040114 1
0.257718 0.000410357 1
0.257993 0.000419386 4
0.258269 0.000426615 4
0.258545 0.000433514 3
0.25882 0.000440042 3
0.259096 0.000446225 4
0.259372 0.000452235 3
0.259647 0.000458029 1
0.259923 0.000463597 3
0.260198 0.00046889 4
0.260474 0.000473901 2
0.26075 0.000478638 2
0.261025 0.000483081 3
0.261301 0.000487209 2
0.261577 0.000491006 2
0.261852 0.00049445 1
0.262128 0.000497521 2
0.262403 0.000500191 1
0.262679 0.000502443 2
0.262955 0.000504267 2
0.26323 0.000505636 4
0.263506 0.000506543 2
0.263782 0.000506982 4
0.264057 0.000507028 1
0.264333 0.00050671 3
0.264608 0.000506049 1
0.264884 0.000505067 2
0.26516 0.000503731 4
0.265435 0.00050201 3
0.265711 0.000499768 4
0.265986 0.000497148 2
0.266262 0.000494051 2
0.266538 0.000490487 2
0.266813 0.000486473 1
0.267089 0.000482038 1
0.267365 0.000477207 2
0.26764 0.000472003 1
0.267916 0.000466449 2
0.268191 0.000460571 2
0.268467 0.000454388 2
0.268743 0.000447911 4
0.269018 0.000441142 1
0.269294 0.000434072 3
0.26957 0.000426655 1
0.269845 0.000418654 4
0.270121 0.000410071 3
0.270396 0.000400957 3
0.270672 0.000390947 4
0.270948 0.000380983 2
0.271223 0.000370864 2
0.271499 0.000360886 2
0.271775 0.000350991 1
0.27205 0.000341164 2
0.272326 0.000331371 2
0.272601 0.000321563 2
0.272877 0.000311686 2
0.273153 0.000301712 2
0.273428 0.000291605 1
0.273704 0.000281386 1
0.273979 0.000271096 1
0.274255 0.000260748 1
0.274531 0.000250371 3
0.274806 0.000240015 1
0.275082 0.000229729 2
0.275358 0.000219565 2
0.275633 0.00020959 2
0.275909 0.000199706 2
0.276184 0.000190038 3
0.27646 0.000180587 1
0.276736 0.000171185 3
0.277011 0.000161915 3
0.277287 0.000152735 1
0.277563 0.000143668 2
0.277838 0.000134761 1
0.278114 0.000126071 2
0.278389 0.000117651 1
0.278665 0.000109558 2
0.278941 0.000101744 1
0.279216 9.42768e-05 2
0.279492 8.71385e-05 1
0.279768 8.03198e-05 2
0.280043 7.38251e-05 2
0.280319 6.76575e-05 2
0.280594 6.18241e-05 1
0.28087 5.63332e-05 1
0.281146 5.11946e-05 2
0.281421 4.64181e-05 2
0.281697 4.20158e-05 2
0.281973 3.80022e-05 2
0.282248 3.43965e-05 2
0.282524 3.12184e-05 2
0.282799 2.84863e-05 2
0.283075 2.62168e-05 4
0.283351 2.44176e-05 2
0.283626 2.30954e-05 1
0.283902 2.2243e-05 2
0.284177 2.18574e-05 1
0.284453 2.1924e-05 2
0.284729 2.24266e-05 2
0.285004 2.33515e-05 2
0.28528 2.46898e-05 2
0.285556 2.64323e-05 2
0.285831 2.85756e-05 2
0.286107 3.11239e-05 4
0.286382 3.40743e-05 2
0.286658 3.74334e-05 1
0.286934 4.11945e-05 1
0.287209 4.53486e-05 1
0.287485 4.98791e-05 1
0.287761 5.47683e-05 1
0.288036 5.99985e-05 1
0.288312 6.55567e-05 1
0.288587 7.14348e-05 1
0.288863 7.76308e-05 1
0.289139 8.41462e-05 1
0.289414 9.09837e-05 1
0.28969 9.81448e-05 1
0.289966 0.00010563 1
0.290241 0.000113431 1
0.290517 0.000121537 1
0.290792 0.000129928 1
0.291068 0.000138611 1
0.291344 0.000147497 1
0.291619 0.000156589 1
0.291895 0.000165837 1
0.29217 0.000175258 1
0.292446 0.000184832 2
0.292722 0.000194593 2
0.292997 0.000204453 1
0.293273 0.000214439 1
0.293549 0.000224529 1
0.293824 0.000234715 1
0.2941 0.000244987 1
0.294375 0.00025533 1
0.294651 0.000265714 2
0.294927 0.000276108 2
0.295202 0.000286492 2
0.295478 0.000296858 2
0.295754 0.000307187 4
0.296029 0.000317455 1
0.296305 0.000327641 2
0.29658 0.000337722 1
0.296856 0.000347685 2
0.297132 0.000357518 2
0.297407 0.000367199 1
0.297683 0.000376741 3
0.297959 0.000386122 1
0.298234 0.000395324 1
0.29851 0.000404297 2
0.298785 0.000411485 4
0.299061 0.000418261 1
0.299337 0.000424648 4
0.299612 0.000430723 5
0.299888 0.00043665 3
0.300163 0.000442384 3
0.300439 0.000447913 4
0.300715 0.000453187 2
0.30099 0.000458201 2
0.301266 0.00046297 1
0.301542 0.000467573 1
0.301817 0.00047179 1
0.302093 0.000475711 1
0.302368 0.000479322 3
0.302644 0.000482596 1
0.30292 0.000485505 3
0.303195 0.000487968 3
0.303471 0.000490094 3
0.303747 0.000491534 3
0.304022 0.000492646 4
0.304298 0.000493301 1
0.304573 0.000493541 3
0.304849 0.000493384 2
0.305125 0.000492857 1
0.3054 0.000491938 2
0.305676 0.000490695 2
0.305952 0.000489141 4
0.306227 0.000487238 5
0.306503 0.000484943 3
0.306778 0.000482327 2
0.307054 0.00047917 2
0.30733 0.000475573 2
0.307605 0.000471542 2
0.307881 0.000467097 2
0.308156 0.000462262 2
0.308432 0.000457066 2
0.308708 0.000451534 2
0.308983 0.000445689 2
0.309259 0.000439622 2
0.309535 0.000433035 4
0.30981 0.000426323 1
0.310086 0.000419314 3
0.310361 0.000411991 4
0.310637 0.000404101 3
0.310913 0.000395648 3
0.311188 0.000386047 4
0.311464 0.00037637 3
0.31174 0.000366634 3
0.312015 0.000356908 3
0.312291 0.000347229 3
0.312566 0.000337674 2
0.312842 0.000328081 2
0.313118 0.000318479 2
0.313393 0.000308823 2
0.313669 0.000299075 2
0.313945 0.000289219 1
0.31422 0.000279246 4
0.314496 0.000269196 1
0.314771 0.000259115 2
0.315047 0.000248962 2
0.315323 0.000238852 1
0.315598 0.000228781 2
0.315874 0.000218815 2
0.316149 0.000209 2
0.316425 0.000199363 2
0.316701 0.000189912 1
0.316976 0.000180632 1
0.317252 0.0001715 1
0.317528 0.000162476 1
0.317803 0.000153575 2
0.318079 0.000144743 1
0.318354 0.000136037 2
0.31863 0.0001275 1
0.318906 0.000119178 1
0.319181 0.000111124 1
0.319457 0.000103383 1
0.319733 9.59796e-05 1
0.320008 8.8918e-05 1
0.320284 8.21952e-05 1
0.320559 7.58035e-05 1
0.320835 6.97368e-05 1
0.321111 6.39898e-05 1
0.321386 5.85689e-05 1
0.321662 5.34451e-05 1
0.321938 4.86639e-05 1
0.322213 4.42235e-05 2
0.322489 4.01441e-05 2
0.322764 3.64475e-05 2
0.32304 3.31572e-05 2
0.323316 3.02936e-05 2
0.323591 2.78728e-05 1
0.323867 2.59076e-05 1
0.324143 2.44045e-05 1
0.324418 2.33512e-05 1
0.324694 2.27511e-05 4
0.324969 2.25932e-05 2
0.325245 2.28627e-05 4
0.325521 2.35542e-05 2
0.325796 2.46578e-05 2
0.326072 2.61713e-05 2
0.326347 2.80952e-05 2
0.326623 3.04272e-05 1
0.326899 3.31658e-05 1
0.327174 3.63074e-05 1
0.32745 3.98481e-05 1
0.327726 4.3777e-05 1
0.328001 4.80799e-05 1
0.328277 5.2741e-05 1
0.328552 5.7744e-05 1
0.328828 6.30753e-05 1
0.329104 6.87253e-05 1
0.329379 7.46891e-05 1
0.329655 8.09647e-05 1
0.329931 8.75533e-05 1
0.330206 9.44563e-05 1
0.330482 0.000101676 1
0.330757 0.000109209 1
0.331033 0.000117049 1
0.331309 0.000125181 1
0.331584 0.000133583 1
0.33186 0.000142229 1
0.332136 0.00015109 1
0.332411 0.000160139 1
0.332687 0.000169336 2
0.332962 0.000178666 2
0.333238 0.000188161 1
0.333514 0.000197799 1
0.333789 0.000207533 2
0.334065 0.000217341 1
0.33434 0.000227223 1
0.334616 0.00023718 1
0.334892 0.000247205 1
0.335167 0.000257277 2
0.335443 0.000267375 2
0.335719 0.000277475 1
0.335994 0.000287578 4
0.33627 0.000297652 1
0.336545 0.000307681 2
0.336821 0.000317617 1
0.337097 0.000327444 2
0.337372 0.000337144 2
0.337648 0.000346711 2
0.337924 0.000356136 2
0.338199 0.000365436 1
0.338475 0.000374601 5
0.33875 0.000383607 2
0.339026 0.000392426 2
0.339302 0.000401012 2
0.339577 0.000407793 4
0.339853 0.000414209 3
0.340129 0.000420292 4
0.340404 0.000426118 3
0.34068 0.000431781 3
0.340955 0.000437255 1
0.341231 0.00044253 4
0.341507 0.000447549 2
0.341782 0.000452312 2
0.342058 0.000456837 1
0.342333 0.0004611 1
0.342609 0.000465073 1
0.342885 0.000468733 1
0.34316 0.000472056 3
0.343436 0.000475015 1
0.343712 0.000477587 2
0.343987 0.000479754 2
0.344263 0.00048149 2
0.344538 0.000482817 4
0.344814 0.000483737 2
0.34509 0.00048422 4
0.345365 0.000484239 1
0.345641 0.000483898 3
0.345917 0.000483259 1
0.346192 0.00048233 2
0.346468 0.000481083 4
0.346743 0.000479478 3
0.347019 0.000477467 5
0.347295 0.000475011 3
0.34757 0.000472091 2
0.347846 0.000468716 2
0.348122 0.000464912 2
0.348397 0.000460705 2
0.348673 0.000456125 2
0.348948 0.000451197 2
0.349224 0.000445943 2
0.3495 0.000440385 2
0.349775 0.000434536 2
0.350051 0.000428403 2
0.350326 0.000421988 4
0.350602 0.000415287 1
0.350878 0.000408291 3
0.351153 0.000400928 4
0.351429 0.000393064 3
0.351705 0.000384491 3
0.35198 0.000374778 4
0.352256 0.000365065 2
0.352531 0.000355366 2
0.352807 0.000345743 2
0.353083 0.000336292 1
0.353358 0.00032681 2
0.353634 0.00031745 2
0.35391 0.000308093 2
0.354185 0.000298681 2
0.354461 0.000289169 2
0.354736 0.000279588 2
0.355012 0.000269843 1
0.355288 0.000259997 2
0.355563 0.000250172 2
0.355839 0.000240336 2
0.356115 0.000230529 1
0.35639 0.000220802 3
0.356666 0.000211191 2
0.356941 0.000201726 2
0.357217 0.000192421 2
0.357493 0.00018332 3
0.357768 0.00017433 1
0.358044 0.000165433 3
0.358319 0.000156682 1
0.358595 0.000148007 3
0.358871 0.000139415 2
0.359146 0.000130948 2
0.359422 0.000122655 2
0.359698 0.000114596 1
0.359973 0.00010684 1
0.360249 9.93758e-05 1
0.360524 9.22368e-05 1
0.3608 8.54071e-05 1
0.361076 7.89078e-05 2
0.361351 7.27203e-05 2
0.361627 6.68419e-05 2
0.361903 6.1278e-05 2
0.362178 5.60367e-05 1
0.362454 5.11269e-05 2
0.362729 4.65612e-05 2
0.363005 4.2353e-05 2
0.363281 3.85227e-05 2
0.363556 3.50751e-05 2
0.363832 3.20317e-05 2
0.364108 2.9409e-05 1
0.364383 2.72161e-05 1
0.364659 2.54596e-05 1
0.364934 2.41414e-05 1
0.36521 2.32662e-05 1
0.365486 2.28259e-05 1
0.365761 2.28172e-05 1
0.366037 2.32295e-05 1
0.366312 2.40556e-05 2
0.366588 2.52901e-05 2
0.366864 2.69292e-05 2
0.367139 2.89751e-05 2
0.367415 3.14216e-05 1
0.367691 3.42658e-05 1
0.367966 3.75006e-05 1
0.368242 4.11131e-05 1
0.368517 4.50896e-05 1
0.368793 4.94128e-05 1
0.369069 5.4067e-05 1
0.369344 5.90407e-05 1
0.36962 6.43261e-05 1
0.369896 6.99201e-05 1
0.370171 7.58223e-05 1
0.370447 8.2036e-05 1
0.370722 8.85646e-05 1
0.370998 9.54095e-05 1
0.371274 0.000102569 1
0.371549 0.000110035 1
0.371825 0.000117795 1
0.372101 0.000125831 1
0.372376 0.000134117 1
0.372652 0.000142628 1
0.372927 0.000151334 1
0.373203 0.00016019 2
0.373479 0.000169222 2
0.373754 0.000178427 1
0.37403 0.000187756 1
0.374306 0.000197176 2
0.374581 0.000206698 1
0.374857 0.000216328 1
0.375132 0.00022606 1
0.375408 0.000235873 2
0.375684 0.000245741 2
0.375959 0.000255645 2
0.376235 0.000265571 1
0.37651 0.000275518 4
0.376786 0.00028546 2
0.377062 0.000295366 1
0.377337 0.000305201 2
0.377613 0.000314938 1
0.377889 0.000324569 2
0.378164 0.000334082 2
0.37844 0.000343465 1
0.378715 0.000352726 1
0.378991 0.000361861 1
0.379267 0.000370852 1
0.379542 0.000379671 2
0.379818 0.000386735 4
0.380094 0.000393418 1
0.380369 0.000399731 3
0.380645 0.000405713 2
0.38092 0.000411595 4
0.381196 0.000417185 4
0.381472 0.000422771 2
0.381747 0.000428087 4
0.382023 0.000433168 2
0.382299 0.000438018 3
0.382574 0.000442655 1
0.38285 0.000447035 3
0.383125 0.000451139 3
0.383401 0.000454946 1
0.383677 0.000458527 2
0.383952 0.000461526 1
0.384228 0.000464324 2
0.384503 0.000466741 2
0.384779 0.000468705 2
0.385055 0.000470194 4
0.38533 0.000471237 2
0.385606 0.000471865 4
0.385882 0.000472102 1
0.386157 0.000471974 3
0.386433 0.000471454 3
0.386708 0.000470725 1
0.386984 0.000469616 3
0.38726 0.000468188 4
0.387535 0.000466399 5
0.387811 0.000464212 3
0.388087 0.0004616 2
0.388362 0.000458644 2
0.388638 0.000455096 2
0.388913 0.000451221 2
0.389189 0.000446962 2
0.389465 0.000442343 2
0.38974 0.00043739 2
0.390016 0.000432121 2
0.390292 0.000426554 2
0.390567 0.000420699 2
0.390843 0.000414562 4
0.391118 0.000408143 1
0.391394 0.000401436 3
0.39167 0.000394436 2
0.391945 0.000386903 4
0.392221 0.000378837 3
0.392496 0.000370282 1
0.392772 0.00036088 4
0.393048 0.000351399 3
0.393323 0.000341994 2
0.393599 0.000332657 1
0.393875 0.00032339 1
0.39415 0.000314168 2
0.394426 0.000304958 2
0.394701 0.000295721 2
0.394977 0.000286479 2
0.395253 0.0002771 2
0.395528 0.000267636 1
0.395804 0.000258091 1
0.39608 0.000248514 3
0.396355 0.000238953 2
0.396631 0.000229416 2
0.396906 0.000219915 1
0.397182 0.000210487 2
0.397458 0.000201189 1
0.397733 0.000192044 2
0.398009 0.000183075 2
0.398285 0.000174279 1
0.39856 0.000165631 2
0.398836 0.000157144 1
0.399111 0.000148672 2
0.399387 0.000140333 1
0.399663 0.000132091 2
0.399938 0.000123978 1
0.400214 0.000116044 1
0.400489 0.000108342 1
0.400765 0.000100924 1
0.401041 9.38279e-05 1
0.401316 8.70728e-05 1
0.401592 8.06599e-05 1
0.401868 7.45907e-05 1
0.402143 6.88293e-05 1
0.402419 6.33749e-05 1
0.402694 5.82195e-05 1
0.40297 5.33636e-05 1
0.403246 4.88146e-05 1
0.403521 4.45868e-05 1
0.403797 4.07012e-05 2
0.404073 3.7181e-05 2
0.404348 3.40483e-05 2
0.404624 3.13233e-05 2
0.404899 2.90212e-05 1
0.405175 2.71488e-05 1
0.405451 2.57131e-05 1
0.405726 2.47101e-05 1
0.406002 2.41397e-05 1
0.406278 2.39931e-05 1
0.406553 2.4262e-05 1
0.406829 2.49388e-05 1
0.407104 2.60189e-05 2
0.40738 2.74996e-05 2
0.407656 2.93821e-05 2
0.407931 3.16604e-05 2
0.408207 3.43314e-05 1
0.408482 3.73887e-05 1
0.408758 4.08213e-05 1
0.409034 4.46157e-05 1
0.409309 4.87537e-05 1
0.409585 5.32167e-05 1
0.409861 5.79888e-05 1
0.410136 6.30591e-05 1
0.410412 6.84216e-05 1
0.410687 7.4074e-05 1
0.410963 8.00191e-05 1
0.411239 8.62616e-05 1
0.411514 9.28074e-05 1
0.41179 9.96585e-05 1
0.412066 0.000106815 1
0.412341 0.00011427 1
0.412617 0.000122009 1
0.412892 0.000130011 1
0.413168 0.000138249 1
0.413444 0.000146689 2
0.413719 0.000155321 2
0.413995 0.000164137 1
0.414271 0.000173095 1
0.414546 0.000182147 2
0.414822 0.000191283 2
0.415097 0.000200511 1
0.415373 0.000209833 1
0.415649 0.000219237 1
0.415924 0.00022871 2
0.4162 0.000238235 1
0.416476 0.000247813 2
0.416751 0.000257425 1
0.417027 0.000267072 2
0.417302 0.000276724 4
0.417578 0.000286347 2
0.417854 0.000295897 2
0.418129 0.00030535 2
0.418405 0.000314646 2
0.41868 0.000323884 2
0.418956 0.000333004 1
0.419232 0.000342029 4
0.419507 0.000350943 2
0.419783 0.000359724 2
0.420059 0.000368344 2
0.420334 0.000376753 2
0.42061 0.000383527 4
0.420885 0.000389937 1
0.421161 0.00039601 3
0.421437 0.000401765 4
0.421712 0.000407343 3
0.421988 0.000412762 1
0.422264 0.000418007 3
0.422539 0.000423021 4
0.422815 0.000427803 2
0.42309 0.000432367 2
0.423366 0.000436699 1
0.423642 0.000440784 1
0.423917 0.000444601 1
0.424193 0.000448118 3
0.424469 0.000451305 1
0.424744 0.000454131 3
0.42502 0.000456574 3
0.425295 0.000458627 3
0.425571 0.000460294 3
0.425847 0.000461544 4
0.426122 0.000462362 5
0.426398 0.000462731 3
0.426673 0.000462738 1
0.426949 0.000462459 2
0.427225 0.000461904 2
0.4275 0.000461067 1
0.427776 0.000459922 4
0.428052 0.000458423 3
0.428327 0.000456528 5
0.428603 0.000454202 3
0.428878 0.000451433 2
0.429154 0.000448232 2
0.42943 0.00044462 2
0.429705 0.000440621 2
0.429981 0.000436266 2
0.430257 0.000431575 2
0.430532 0.000426575 2
0.430808 0.000421373 2
0.431083 0.000415806 2
0.431359 0.000409969 2
0.431635 0.000403864 4
0.43191 0.000397488 1
0.432186 0.000390832 3
0.432462 0.000383833 4
0.432737 0.000376425 5
0.433013 0.000368463 3
0.433288 0.000360009 3
0.433564 0.000350539 4
0.43384 0.000341127 2
0.434115 0.000331787 2
0.434391 0.000322563 2
0.434666 0.000313512 2
0.434942 0.000304478 2
0.435218 0.000295476 2
0.435493 0.000286454 2
0.435769 0.000277368 2
0.436045 0.000268192 2
0.43632 0.000258916 1
0.436596 0.000249576 1
0.436871 0.000240232 1
0.437147 0.0002309 1
0.437423 0.000221557 1
0.437698 0.000212325 3
0.437974 0.0002032 1
0.43825 0.000194212 1
0.438525 0.000185376 1
0.438801 0.000176733 1
0.439076 0.000168173 1
0.439352 0.000159776 1
0.439628 0.000151482 2
0.439903 0.000143277 1
0.440179 0.000135153 2
0.440455 0.000127127 1
0.44073 0.000119248 1
0.441006 0.000111528 1
0.441281 0.000104059 1
0.441557 9.68914e-05 1
0.441833 9.00544e-05 1
0.442108 8.35546e-05 1
0.442384 7.73858e-05 1
0.442659 7.15332e-05 1
0.442935 6.5983e-05 1
0.443211 6.07264e-05 1
0.443486 5.57638e-05 1
0.443762 5.11019e-05 1
0.444038 4.67534e-05 1
0.444313 4.27345e-05 1
0.444589 3.90656e-05 2
0.444864 3.57663e-05 2
0.44514 3.28542e-05 2
0.445416 3.03448e-05 2
0.445691 2.82494e-05 1
0.445967 2.65755e-05 1
0.446243 2.53253e-05 1
0.446518 2.44971e-05 1
0.446794 2.40823e-05 1
0.447069 2.40778e-05 1
0.447345 2.44768e-05 1
0.447621 2.52728e-05 1
0.447896 2.64617e-05 2
0.448172 2.80411e-05 2
0.448448 3.00121e-05 2
0.448723 3.23744e-05 2
0.448999 3.51232e-05 1
0.449274 3.82476e-05 1
0.44955 4.17323e-05 1
0.449826 4.55601e-05 1
0.450101 4.97098e-05 1
0.450377 5.41638e-05 1
0.450652 5.89086e-05 1
0.450928 6.39383e-05 1
0.451204 6.92533e-05 1
0.451479 7.48589e-05 1
0.451755 8.07628e-05 1
0.452031 8.69741e-05 1
0.452306 9.34975e-05 1
0.452582 0.000100333 1
0.452857 0.000107475 1
0.453133 0.000114911 1
0.453409 0.000122605 1
0.453684 0.000130552 1
0.45396 0.000138728 2
0.454236 0.000147117 2
0.454511 0.000155684 1
0.454787 0.000164382 1
0.455062 0.00017318 2
0.455338 0.000182088 1
0.455614 0.000191103 1
0.455889 0.000200219 1
0.456165 0.000209422 2
0.456441 0.000218701 1
0.456716 0.000228054 2
0.456992 0.000237472 1
0.457267 0.000246947 2
0.457543 0.000256463 4
0.457819 0.000265996 2
0.458094 0.000275505 2
0.45837 0.000284947 2
0.458646 0.000294308 2
0.458921 0.00030358 2
0.459197 0.000312762 2
0.459472 0.000321843 1
0.459748 0.000330823 1
0.460024 0.000339706 1
0.460299 0.000348472 1
0.460575 0.000357092 2
0.46085 0.000364091 4
0.461126 0.00037072 1
0.461402 0.000376984 3
0.461677 0.000382918 2
0.461953 0.000388599 4
0.462229 0.000394159 3
0.462504 0.000399576 3
0.46278 0.00040491 2
0.463055 0.000409953 4
0.463331 0.000414795 2
0.463607 0.000419447 3
0.463882 0.000423887 1
0.464158 0.000428086 3
0.464434 0.000432032 2
0.464709 0.000435702 1
0.464985 0.000439064 2
0.46526 0.000442169 1
0.465536 0.000444752 2
0.465812 0.000447029 2
0.466087 0.000448922 2
0.466363 0.000450362 4
0.466639 0.000451332 1
0.466914 0.000451884 4
0.46719 0.000452067 3
0.467465 0.000451862 1
0.467741 0.000451365 2
0.468017 0.000450623 2
0.468292 0.000449618 1
0.468568 0.00044831 4
0.468843 0.000446642 5
0.469119 0.000444569 3
0.469395 0.00044206 2
0.46967 0.000439113 2
0.469946 0.00043575 2
0.470222 0.000431993 2
0.470497 0.000427876 2
0.470773 0.000423427 2
0.471048 0.00041867 2
0.471324 0.00041363 2
0.4716 0.000408318 2
0.471875 0.000402741 2
0.472151 0.0003969 2
0.472427 0.00039079 4
0.472702 0.000384404 3
0.472978 0.000377731 2
0.473253 0.000370636 4
0.473529 0.000363019 3
0.473805 0.000354922 3
0.47408 0.000345846 4
0.474356 0.000336804 2
0.474632 0.000327763 3
0.474907 0.000318779 2
0.475183 0.0003099 2
0.475458 0.000301093 2
0.475734 0.000292304 2
0.47601 0.000283492 2
0.476285 0.000274629 2
0.476561 0.000265697 2
0.476836 0.000256687 2
0.477112 0.000247659 1
0.477388 0.000238492 1
0.477663 0.000229383 1
0.477939 0.000220346 3
0.478215 0.000211374 1
0.47849 0.00020247 1
0.478766 0.000193664 1
0.479041 0.000184994 1
0.479317 0.000176477 1
0.479593 0.000168117 1
0.479868 0.0001599 1
0.480144 0.000151856 2
0.48042 0.000143842 1
0.480695 0.000135934 2
0.480971 0.000128115 1
0.481246 0.000120412 2
0.481522 0.000112861 1
0.481798 0.000105519 1
0.482073 9.84501e-05 1
0.482349 9.16937e-05 1
0.482625 8.52653e-05 1
0.4829 7.91699e-05 1
0.483176 7.34029e-05 1
0.483451 6.79498e-05 1
0.483727 6.27927e-05 1
0.484003 5.79233e-05 1
0.484278 5.33199e-05 1
0.484554 4.90077e-05 1
0.484829 4.49949e-05 1
0.485105 4.1304e-05 2
0.485381 3.79631e-05 2
0.485656 3.5005e-05 2
0.485932 3.24317e-05 2
0.486208 3.02709e-05 1
0.486483 2.85286e-05 1
0.486759 2.7205e-05 1
0.487034 2.62943e-05 1
0.48731 2.5793e-05 1
0.487586 2.56913e-05 1
0.487861 2.5985e-05 1
0.488137 2.66669e-05 1
0.488413 2.77308e-05 1
0.488688 2.91719e-05 2
0.488964 3.09886e-05 2
0.489239 3.31827e-05 2
0.489515 3.57451e-05 2
0.489791 3.86715e-05 1
0.490066 4.19519e-05 1
0.490342 4.55742e-05 1
0.490618 4.95226e-05 1
0.490893 5.37796e-05 1
0.491169 5.83295e-05 1
0.491444 6.31614e-05 1
0.49172 6.82681e-05 1
0.491996 7.36491e-05 1
0.492271 7.93077e-05 1
0.492547 8.52519e-05 1
0.492822 9.14868e-05 1
0.493098 9.80184e-05 1
0.493374 0.000104845 1
0.493649 0.000111961 1
0.493925 0.000119351 1
0.494201 0.000126988 2
0.494476 0.000134868 2
0.494752 0.000142975 1
0.495027 0.00015126 1
0.495303 0.000159668 2
0.495579 0.00016817 2
0.495854 0.000176768 2
0.49613 0.000185461 1
0.496406 0.000194237 1
0.496681 0.00020309 2
0.496957 0.000212016 1
0.497232 0.000221024 2
0.497508 0.000230106 1
0.497784 0.000239265 2
0.498059 0.000248479 1
0.498335 0.000257705 4
0.498611 0.000266903 2
0.498886 0.000276047 2
0.499162 0.000285121 2
0.499437 0.000294117 2
0.499713 0.000303031 2
0.499989 0.00031185 1
0.500264 0.000320597 4
0.50054 0.000329258 2
0.500815 0.000337811 2
0.501091 0.000346226 2
0.501367 0.000354454 2
0.501642 0.00036113 4
0.501918 0.000367461 1
0.502194 0.000373458 3
0.502469 0.000379152 4
0.502745 0.00038464 3
0.50302 0.000389993 1
0.503296 0.000395191 3
0.503572 0.000400203 4
0.503847 0.000404979 2
0.504123 0.000409535 2
0.504399 0.000413902 1
0.504674 0.000418062 1
0.50495 0.000421984 1
0.505225 0.00042564 3
0.505501 0.000429008 1
0.505777 0.000432058 2
0.506052 0.000434757 1
0.506328 0.000437086 2
0.506604 0.000439042 1
0.506879 0.000440591 4
0.507155 0.00044172 1
0.50743 0.000442473 4
0.507706 0.000442837 3
0.507982 0.000442825 1
0.508257 0.000442533 2
0.508533 0.000441993 2
0.508809 0.000441193 1
0.509084 0.000440105 2
0.50936 0.000438679 4
0.509635 0.000436875 5
0.509911 0.000434657 3
0.510187 0.0004321 2
0.510462 0.000429045 2
0.510738 0.000425598 2
0.511013 0.000421784 2
0.511289 0.000417633 2
0.511565 0.000413169 2
0.51184 0.00040842 2
0.512116 0.000403401 2
0.512392 0.000398121 2
0.512667 0.000392583 2
0.512943 0.000386786 2
0.513218 0.000380726 4
0.513494 0.000374397 3
0.51377 0.000367796 2
0.514045 0.000360839 4
0.514321 0.000353272 3
0.514597 0.000345283 3
0.514872 0.000336145 4
0.515148 0.000327104 2
0.515423 0.000318116 2
0.515699 0.000309231 2
0.515975 0.000300484 2
0.51625 0.000291882 2
0.516526 0.000283255 2
0.516802 0.000274608 2
0.517077 0.00026591 2
0.517353 0.000257141 2
0.517628 0.000248296 2
0.517904 0.000239385 1
0.51818 0.000230463 1
0.518455 0.000221661 1
0.518731 0.000212808 1
0.519006 0.000204061 1
0.519282 0.000195403 3
0.519558 0.000186865 1
0.519833 0.000178465 1
0.520109 0.000170208 1
0.520385 0.000162089 1
0.52066 0.000154098 2
0.520936 0.000146222 1
0.521211 0.000138437 2
0.521487 0.000130733 1
0.521763 0.000123118 2
0.522038 0.000115631 1
0.522314 0.000108321 1
0.52259 0.000101232 1
0.522865 9.44135e-05 1
0.523141 8.79044e-05 1
0.523416 8.17245e-05 1
0.523692 7.58963e-05 1
0.523968 7.0337e-05 1
0.524243 6.50798e-05 1
0.524519 6.01031e-05 1
0.524795 5.54031e-05 1
0.52507 5.0986e-05 1
0.525346 4.68652e-05 1
0.525621 4.30583e-05 1
0.525897 3.95847e-05 1
0.526173 3.64641e-05 1
0.526448 3.37155e-05 1
0.526724 3.13512e-05 1
0.526999 2.93796e-05 1
0.527275 2.78059e-05 1
0.527551 2.66297e-05 1
0.527826 2.58507e-05 1
0.528102 2.54648e-05 1
0.528378 2.54654e-05 1
0.528653 2.58564e-05 1
0.528929 2.6635e-05 1
0.529204 2.78001e-05 1
0.52948 2.93495e-05 1
0.529756 3.12808e-05 1
0.530031 3.35869e-05 1
0.530307 3.62628e-05 1
0.530583 3.92956e-05 1
0.530858 4.26671e-05 1
0.531134 4.63623e-05 1
0.531409 5.03609e-05 1
0.531685 5.4645e-05 1
0.531961 5.92015e-05 1
0.532236 6.40236e-05 1
0.532512 6.91129e-05 1
0.532788 7.44754e-05 1
0.533063 8.01217e-05 1
0.533339 8.60614e-05 1
0.533614 9.23016e-05 1
0.53389 9.88421e-05 1
0.534166 0.000105679 1
0.534441 0.00011279 2
0.534717 0.000120184 2
0.534992 0.000127856 1
0.535268 0.000135756 1
0.535544 0.000143818 2
0.535819 0.000152012 2
0.536095 0.000160328 2
0.536371 0.000168756 1
0.536646 0.000177274 1
0.536922 0.00018587 2
0.537197 0.000194543 1
0.537473 0.000203306 2
0.537749 0.000212161 1
0.538024 0.000221109 2
0.5383 0.000230136 4
0.538576 0.000239227 2
0.538851 0.000248352 2
0.539127 0.000257465 2
0.539402 0.000266523 2
0.539678 0.000275514 2
0.539954 0.000284435 2
0.540229 0.000293287 2
0.540505 0.000302056 1
0.540781 0.000310741 1
0.541056 0.000319353 1
0.541332 0.000327874 1
0.541607 0.000336273 1
0.541883 0.000344496 2
0.542159 0.000350838 4
0.542434 0.00035688 3
0.54271 0.000362629 2
0.542985 0.000368118 3
0.543261 0.000373468 4
0.543537 0.000378708 3
0.543812 0.000383808 3
0.544088 0.000388749 4
0.544364 0.000393483 2
0.544639 0.000398025 2
0.544915 0.000402408 1
0.54519 0.000406599 3
0.545466 0.000410571 3
0.545742 0.000414305 1
0.546017 0.000417771 3
0.546293 0.000420948 1
0.546569 0.000423796 3
0.546844 0.000426287 3
0.54712 0.00042841 2
0.547395 0.000430105 1
0.547671 0.000431416 4
0.547947 0.000432344 1
0.548222 0.000432862 4
0.548498 0.000432941 3
0.548774 0.000432718 1
0.549049 0.000432268 2
0.549325 0.000431587 1
0.5496 0.000430651 2
0.549876 0.00042941 4
0.550152 0.000427809 5
0.550427 0.000425805 2
0.550703 0.000423372 2
0.550979 0.000420515 2
0.551254 0.000417262 2
0.55153 0.000413641 2
0.551805 0.000409685 2
0.552081 0.000405422 2
0.552357 0.000400876 2
0.552632 0.000396065 2
0.552908 0.000391001 2
0.553183 0.000385687 2
0.553459 0.000380121 2
0.553735 0.000374294 4
0.55401 0.000368197 3
0.554286 0.000361823 2
0.554562 0.000355139 1
0.554837 0.000347942 4
0.555113 0.000340283 3
0.555388 0.00033222 3
0.555664 0.000323375 4
0.55594 0.000314619 4
0.556215 0.000305905 3
0.556491 0.000297279 3
0.556767 0.000288762 2
0.557042 0.000280302 2
0.557318 0.000271922 2
0.557593 0.000263367 2
0.557869 0.000254807 2
0.558145 0.00024619 2
0.55842 0.000237522 1
0.558696 0.000228835 1
0.558972 0.00022015 1
0.559247 0.000211529 1
0.559523 0.000203012 1
0.559798 0.000194583 3
0.560074 0.000186299 1
0.56035 0.000178037 1
0.560625 0.000169945 1
0.560901 0.000161996 1
0.561176 0.000154182 1
0.561452 0.00014649 2
0.561728 0.000138912 1
0.562003 0.00013143 2
0.562279 0.000124042 1
0.562555 0.000116761 2
0.56283 0.000109622 1
0.563106 0.000102674 1
0.563381 9.59814e-05 1
0.563657 8.95758e-05 1
0.563933 8.34742e-05 1
0.564208 7.77127e-05 1
0.564484 7.22247e-05 1
0.56476 6.70431e-05 1
0.565035 6.21419e-05 1
0.565311 5.75112e-05 1
0.565586 5.31502e-05 1
0.565862 4.90649e-05 1
0.566138 4.5273e-05 1
0.566413 4.17966e-05 1
0.566689 3.8659e-05 1
0.566965 3.58831e-05 1
0.56724 3.3484e-05 1
0.567516 3.14741e-05 1
0.567791 2.98569e-05 1
0.568067 2.86301e-05 1
0.568343 2.77888e-05 1
0.568618 2.7326e-05 1
0.568894 2.72368e-05 1
0.569169 2.75218e-05 1
0.569445 2.81804e-05 1
0.569721 2.92109e-05 1
0.569996 3.0612e-05 1
0.570272 3.2381e-05 2
0.570548 3.45181e-05 2
0.570823 3.70121e-05 2
0.571099 3.98534e-05 1
0.571374 4.30299e-05 1
0.57165 4.65265e-05 1
0.571926 5.03263e-05 1
0.572201 5.4412e-05 1
0.572477 5.87689e-05 1
0.572753 6.33861e-05 1
0.573028 6.82594e-05 1
0.573304 7.3389e-05 1
0.573579 7.87809e-05 1
0.573855 8.44447e-05 1
0.574131 9.03886e-05 1
0.574406 9.66198e-05 1
0.574682 0.000103133 1
0.574958 0.000109951 1
0.575233 0.000117055 1
0.575509 0.000124418 1
0.575784 0.000132004 1
0.57606 0.00013976 2
0.576336 0.000147663 2
0.576611 0.000155692 2
0.576887 0.000163827 1
0.577162 0.000172041 1
0.577438 0.000180321 1
0.577714 0.000188674 2
0.577989 0.00019711 1
0.578265 0.000205642 2
0.578541 0.000214267 1
0.578816 0.000222984 2
0.579092 0.000231772 1
0.579367 0.000240583 4
0.579643 0.000249382 2
0.579919 0.000258149 2
0.580194 0.000266873 2
0.58047 0.000275543 2
0.580746 0.000284149 1
0.581021 0.000292681 1
0.581297 0.000301144 1
0.581572 0.000309541 4
0.581848 0.000317843 2
0.582124 0.000326027 2
0.582399 0.000334045 2
0.582675 0.000340564 4
0.582951 0.000346765 1
0.583226 0.000352655 3
0.583502 0.000358272 3
0.583777 0.000363651 4
0.584053 0.000368923 3
0.584329 0.000374049 3
0.584604 0.000379006 2
0.58488 0.000383746 4
0.585155 0.00038828 2
0.585431 0.00039264 3
0.585707 0.000396821 3
0.585982 0.000400803 3
0.586258 0.000404564 1
0.586534 0.000408074 2
0.586809 0.000411301 1
0.587085 0.000414209 2
0.58736 0.000416768 1
0.587636 0.00041897 2
0.587912 0.000420778 1
0.588187 0.00042222 4
0.588463 0.000423299 1
0.588739 0.000423991 4
0.589014 0.00042431 3
0.58929 0.000424279 1
0.589565 0.000423985 2
0.589841 0.000423466 1
0.590117 0.000422716 2
0.590392 0.000421693 1
0.590668 0.000420347 4
0.590944 0.00041863 5
0.591219 0.000416507 2
0.591495 0.000413968 2
0.59177 0.000411024 2
0.592046 0.000407702 2
0.592322 0.000404032 2
0.592597 0.00040005 2
0.592873 0.000395783 2
0.593149 0.000391255 2
0.593424 0.000386478 2
0.5937 0.000381456 2
0.593975 0.000376185 2
0.594251 0.000370663 2
0.594527 0.000364883 4
0.594802 0.000358938 3
0.595078 0.000352559 2
0.595353 0.000345983 2
0.595629 0.000338884 4
0.595905 0.000331299 3
0.59618 0.000323314 3
0.596456 0.000314458 4
0.596732 0.000305718 2
0.597007 0.000297089 2
0.597283 0.000288587 1
0.597558 0.000280186 2
0.597834 0.000271842 2
0.59811 0.000263507 2
0.598385 0.000255142 2
0.598661 0.000246725 2
0.598937 0.000238248 2
0.599212 0.000229796 1
0.599488 0.000221226 1
0.599763 0.000212731 1
0.600039 0.000204333 2
0.600315 0.000196054 2
0.60059 0.000187874 3
0.600866 0.000179788 1
0.601142 0.000171819 1
0.601417 0.000163986 1
0.601693 0.000156287 1
0.601968 0.000148707 2
0.602244 0.000141237 1
0.60252 0.000133859 2
0.602795 0.000126568 1
0.603071 0.000119361 2
0.603346 0.000112262 1
0.603622 0.000105316 2
0.603898 9.86164e-05 1
0.604173 9.21382e-05 1
0.604449 8.59783e-05 1
0.604725 8.01353e-05 1
0.605 7.46014e-05 1
0.605276 6.93612e-05 1
0.605551 6.43988e-05 1
0.605827 5.96982e-05 1
0.606103 5.52495e-05 1
0.606378 5.10569e-05 1
0.606654 4.71373e-05 1
0.60693 4.35148e-05 1
0.607205 4.0215e-05 1
0.607481 3.72621e-05 1
0.607756 3.46762e-05 1
0.608032 3.24691e-05 1
0.608308 3.06458e-05 1
0.608583 2.92047e-05 1
0.608859 2.814e-05 1
0.609135 2.7444e-05 1
0.60941 2.71135e-05 1
0.609686 2.71408e-05 1
0.609961 2.75323e-05 1
0.610237 2.82905e-05 1
0.610513 2.94205e-05 1
0.610788 3.09246e-05 2
0.611064 3.28042e-05 2
0.611339 3.50503e-05 2
0.611615 3.76542e-05 1
0.611891 4.06042e-05 1
0.612166 4.38788e-05 1
0.612442 4.74589e-05 1
0.612718 5.13227e-05 1
0.612993 5.5452e-05 1
0.613269 5.98334e-05 1
0.613544 6.44616e-05 1
0.61382 6.93382e-05 1
0.614096 7.44722e-05 1
0.614371 7.98755e-05 1
0.614647 8.55614e-05 1
0.614923 9.15425e-05 1
0.615198 9.78126e-05 1
0.615474 0.00010442 1
0.615749 0.000111347 1
0.616025 0.00011852 2
0.616301 0.000125889 2
0.616576 0.000133435 2
0.616852 0.000141143 1
0.617128 0.00014898 1
0.617403 0.000156922 1
0.617679 0.000164949 1
0.617954 0.00017306 1
0.61823 0.000181259 1
0.618506 0.000189554 1
0.618781 0.00019795 1
0.619057 0.000206444 1
0.619332 0.000215022 4
0.619608 0.000223669 2
0.619884 0.000232358 2
0.620159 0.000241047 2
0.620435 0.000249702 2
0.620711 0.000258314 2
0.620986 0.000266879 2
0.621262 0.000275391 1
0.621537 0.000283841 1
0.621813 0.000292221 1
0.622089 0.000300543 1
0.622364 0.000308791 1
0.62264 0.000316938 1
0.622916 0.000324935 2
0.623191 0.000331165 4
0.623467 0.000337128 3
0.623742 0.000342819 1
0.624018 0.000348251 2
0.624294 0.00035348 4
0.624569 0.00035862 3
0.624845 0.000363634 2
0.625121 0.000368495 2
0.625396 0.000373163 4
0.625672 0.000377652 2
0.625947 0.000381993 3
0.626223 0.000386175 1
0.626499 0.000390173 1
0.626774 0.000393972 1
0.62705 0.000397547 3
0.627325 0.000400867 1
0.627601 0.000403891 3
0.627877 0.000406585 1
0.628152 0.000408928 2
0.628428 0.000410905 1
0.628704 0.000412521 2
0.628979 0.000413717 4
0.629255 0.000414557 1
0.62953 0.000415003 4
0.629806 0.000415057 1
0.630082 0.000414859 3
0.630357 0.000414455 3
0.630633 0.000413835 1
0.630909 0.000412957 2
0.631184 0.000411769 4
0.63146 0.00041022 5
0.631735 0.000408271 3
0.632011 0.000405902 2
0.632287 0.000403127 2
0.632562 0.000399974 2
0.632838 0.000396479 2
0.633114 0.000392675 2
0.633389 0.000388589 2
0.633665 0.000384242 2
0.63394 0.00037965 2
0.634216 0.00037482 2
0.634492 0.00036975 2
0.634767 0.000364434 2
0.635043 0.000358866 4
0.635318 0.000353129 3
0.635594 0.000346961 2
0.63587 0.000340587 2
0.636145 0.000333802 4
0.636421 0.000326564 3
0.636697 0.000318928 1
0.636972 0.000310373 4
0.637248 0.000301934 3
0.637523 0.000293554 2
0.637799 0.000285259 1
0.638075 0.000277073 2
0.63835 0.000268956 2
0.638626 0.000260842 2
0.638902 0.000252761 2
0.639177 0.000244512 2
0.639453 0.000236258 2
0.639728 0.000227968 2
0.640004 0.000219664 1
0.64028 0.000211373 1
0.640555 0.00020316 1
0.640831 0.00019507 1
0.641107 0.000187089 1
0.641382 0.000179256 1
0.641658 0.000171446 1
0.641933 0.000163792 3
0.642209 0.000156268 1
0.642485 0.000148858 2
0.64276 0.000141562 1
0.643036 0.000134356 2
0.643312 0.000127239 1
0.643587 0.000120205 2
0.643863 0.000113277 1
0.644138 0.00010649 2
0.644414 9.99015e-05 1
0.64469 9.3558e-05 1
0.644965 8.75008e-05 1
0.645241 8.17564e-05 1
0.645516 7.63274e-05 1
0.645792 7.12026e-05 1
0.646068 6.62986e-05 1
0.646343 6.16485e-05 1
0.646619 5.72445e-05 1
0.646895 5.30906e-05 1
0.64717 4.91972e-05 2
0.647446 4.55873e-05 2
0.647721 4.22867e-05 2
0.647997 3.93224e-05 2
0.648273 3.67167e-05 1
0.648548 3.44821e-05 1
0.648824 3.26249e-05 1
0.6491 3.11457e-05 1
0.649375 3.00357e-05 1
0.649651 2.92847e-05 1
0.649926 2.88801e-05 1
0.650202 2.88204e-05 1
0.650478 2.91071e-05 1
0.650753 2.97455e-05 1
0.651029 3.07405e-05 1
0.651305 3.20959e-05 2
0.65158 3.38107e-05 2
0.651856 3.58817e-05 2
0.652131 3.83024e-05 1
0.652407 4.10557e-05 1
0.652683 4.4123e-05 1
0.652958 4.74873e-05 1
0.653234 5.11287e-05 1
0.653509 5.50319e-05 1
0.653785 5.91859e-05 1
0.654061 6.35854e-05 1
0.654336 6.82305e-05 1
0.654612 7.31263e-05 1
0.654888 7.82822e-05 1
0.655163 8.36987e-05 1
0.655439 8.94088e-05 1
0.655714 9.54297e-05 1
0.65599 0.000101758 1
0.656266 0.000108368 1
0.656541 0.000115214 2
0.656817 0.000122273 2
0.657093 0.000129526 2
0.657368 0.000136944 1
0.657644 0.000144489 1
0.657919 0.000152129 1
0.658195 0.000159854 1
0.658471 0.000167667 1
0.658746 0.000175574 1
0.659022 0.000183582 1
0.659298 0.000191693 1
0.659573 0.000199904 1
0.659849 0.000208202 1
0.660124 0.000216576 2
0.6604 0.000224976 4
0.660676 0.000233376 2
0.660951 0.000241766 2
0.661227 0.000250138 2
0.661502 0.000258475 1
0.661778 0.000266767 1
0.662054 0.000274996 1
0.662329 0.000283164 1
0.662605 0.000291272 1
0.662881 0.000299302 4
0.663156 0.000307227 2
0.663432 0.000315008 2
0.663707 0.000321316 4
0.663983 0.000327332 3
0.664259 0.000333078 1
0.664534 0.000338581 2
0.66481 0.000343855 4
0.665086 0.000349031 3
0.665361 0.000354082 3
0.665637 0.000358977 2
0.665912 0.00036367 4
0.666188 0.000368172 2
0.666464 0.000372516 2
0.666739 0.000376701 3
0.667015 0.000380715 1
0.667291 0.000384541 3
0.667566 0.000388153 1
0.667842 0.000391512 3
0.668117 0.000394582 3
0.668393 0.000397331 3
0.668669 0.000399741 3
0.668944 0.000401774 3
0.66922 0.000403454 3
0.669495 0.000404789 4
0.669771 0.000405753 2
0.670047 0.000406357 4
0.670322 0.000406647 3
0.670598 0.000406631 1
0.670874 0.000406386 2
0.671149 0.00040593 1
0.671425 0.000405241 2
0.6717 0.000404275 1
0.671976 0.000402978 4
0.672252 0.000401305 5
0.672527 0.000399229 2
0.672803 0.000396751 2
0.673079 0.000393892 2
0.673354 0.000390682 2
0.67363 0.000387156 2
0.673905 0.000383344 2
0.674181 0.000379275 2
0.674457 0.000375067 2
0.674732 0.000370448 2
0.675008 0.000365659 2
0.675284 0.000360626 2
0.675559 0.000355343 2
0.675835 0.000349806 4
0.67611 0.000344011 3
0.676386 0.000337959 2
0.676662 0.000331662 2
0.676937 0.000324926 4
0.677213 0.000317744 3
0.677488 0.000310178 3
0.677764 0.00030166 4
0.67804 0.000293287 2
0.678315 0.000284987 2
0.678591 0.000276778 1
0.678867 0.000268678 2
0.679142 0.000260648 2
0.679418 0.000252702 2
0.679693 0.0002446 2
0.679969 0.000236503 2
0.680245 0.000228379 2
0.68052 0.000220244 1
0.680796 0.00021212 1
0.681072 0.000204044 1
0.681347 0.000196055 2
0.681623 0.000188205 2
0.681898 0.000180506 2
0.682174 0.000172913 3
0.68245 0.000165398 1
0.682725 0.000157967 1
0.683001 0.000150688 1
0.683277 0.000143439 1
0.683552 0.000136317 2
0.683828 0.000129293 1
0.684103 0.000122365 2
0.684379 0.000115542 1
0.684655 0.000108837 2
0.68493 0.000102287 1
0.685206 9.59409e-05 1
0.685482 8.98501e-05 1
0.685757 8.40474e-05 1
0.686033 7.85501e-05 1
0.686308 7.33584e-05 1
0.686584 6.84412e-05 1
0.68686 6.37683e-05 1
0.687135 5.93172e-05 1
0.687411 5.50876e-05 1
0.687686 5.10986e-05 1
0.687962 4.73722e-05 2
0.688238 4.39371e-05 2
0.688513 4.08184e-05 2
0.688789 3.80412e-05 2
0.689065 3.56245e-05 1
0.68934 3.35755e-05 1
0.689616 3.18974e-05 1
0.689891 3.05928e-05 1
0.690167 2.96407e-05 1
0.690443 2.90396e-05 1
0.690718 2.87798e-05 1
0.690994 2.88621e-05 1
0.69127 2.92813e-05 1
0.691545 3.00503e-05 1
0.691821 3.11777e-05 1
0.692096 3.26694e-05 1
0.692372 3.45265e-05 2
0.692648 3.6737e-05 2
0.692923 3.92861e-05 1
0.693199 4.21576e-05 1
0.693475 4.53287e-05 1
0.69375 4.87763e-05 1
0.694026 5.2484e-05 1
0.694301 5.64385e-05 1
0.694577 6.06337e-05 1
0.694853 6.50695e-05 1
0.695128 6.97543e-05 1
0.695404 7.47035e-05 1
0.695679 7.99171e-05 1
0.695955 8.54563e-05 1
0.696231 9.13213e-05 1
0.696506 9.74575e-05 1
0.696782 0.000103833 2
0.697058 0.000110449 1
0.697333 0.000117292 1
0.697609 0.000124341 1
0.697884 0.000131561 1
0.69816 0.000138924 1
0.698436 0.00014641 1
0.698711 0.000154003 1
0.698987 0.000161696 1
0.699263 0.000169482 1
0.699538 0.00017736 1
0.699814 0.000185322 1
0.700089 0.000193362 1
0.700365 0.000201474 3
0.700641 0.000209655 2
0.700916 0.00021787 2
0.701192 0.000226102 2
0.701468 0.000234348 2
0.701743 0.000242597 1
0.702019 0.000250835 1
0.702294 0.000259044 1
0.70257 0.000267198 1
0.702846 0.000275291 1
0.703121 0.000283325 1
0.703397 0.000291279 1
0.703672 0.000299136 1
0.703948 0.000306857 4
0.704224 0.000312935 4
0.704499 0.000318761 3
0.704775 0.000324336 1
0.705051 0.00032967 2
0.705326 0.000334785 4
0.705602 0.000339802 3
0.705877 0.000344717 3
0.706153 0.0003495 2
0.706429 0.000354132 4
0.706704 0.000358578 2
0.70698 0.000362868 3
0.707256 0.000367035 1
0.707531 0.000371046 3
0.707807 0.000374877 3
0.708082 0.000378506 1
0.708358 0.000381905 3
0.708634 0.000385042 1
0.708909 0.000387882 3
0.709185 0.000390394 3
0.709461 0.000392563 2
0.709736 0.000394388 1
0.710012 0.00039582 4
0.710287 0.000396912 1
0.710563 0.000397675 4
0.710839 0.000398031 1
0.711114 0.000398067 3
0.71139 0.000397891 3
0.711665 0.000397524 1
0.711941 0.000396938 3
0.712217 0.000396082 1
0.712492 0.000394907 5
0.712768 0.000393366 5
0.713044 0.000391434 2
0.713319 0.000389102 2
0.713595 0.00038649 2
0.71387 0.000383364 2
0.714146 0.000379994 2
0.714422 0.000376345 2
0.714697 0.000372441 2
0.714973 0.000368298 2
0.715249 0.000363924 2
0.715524 0.000359319 2
0.7158 0.000354477 2
0.716075 0.000349389 2
0.716351 0.000344049 2
0.716627 0.000338451 4
0.716902 0.000332681 3
0.717178 0.000326509 2
0.717454 0.000320119 1
0.717729 0.000313295 4
0.718005 0.00030609 3
0.71828 0.000298581 3
0.718556 0.000290319 4
0.718832 0.000282186 2
0.719107 0.00027411 2
0.719383 0.000266111 2
0.719658 0.000258197 2
0.719934 0.000250316 2
0.72021 0.000242486 2
0.720485 0.000234514 2
0.720761 0.000226564 2
0.721037 0.000218607 2
0.721312 0.000210661 1
0.721588 0.000202748 1
0.721863 0.000194904 1
0.722139 0.000187189 2
0.722415 0.000179624 2
0.72269 0.000172223 2
0.722966 0.000164828 1
0.723242 0.000157553 1
0.723517 0.000150383 3
0.723793 0.000143322 1
0.724068 0.00013636 3
0.724344 0.0001295 1
0.72462 0.000122738 3
0.724895 0.000116084 1
0.725171 0.000109543 3
0.725447 0.000103146 2
0.725722 9.69312e-05 1
0.725998 9.09439e-05 2
0.726273 8.52266e-05 2
0.726549 7.98002e-05 1
0.726825 7.46648e-05 1
0.7271 6.98348e-05 2
0.727376 6.52371e-05 2
0.727652 6.08768e-05 2
0.727927 5.67325e-05 1
0.728203 5.28021e-05 1
0.728478 4.91051e-05 2
0.728754 4.5682e-05 2
0.72903 4.25619e-05 2
0.729305 3.97694e-05 2
0.729581 3.73225e-05 2
0.729856 3.52366e-05 1
0.730132 3.35142e-05 1
0.730408 3.21527e-05 1
0.730683 3.11443e-05 1
0.730959 3.04788e-05 1
0.731235 3.01428e-05 1
0.73151 3.01259e-05 1
0.731786 3.04307e-05 1
0.732061 3.10616e-05 1
0.732337 3.2028e-05 1
0.732613 3.33411e-05 1
0.732888 3.50065e-05 1
0.733164 3.70259e-05 1
0.73344 3.93917e-05 1
0.733715 4.20831e-05 1
0.733991 4.50756e-05 1
0.734266 4.83467e-05 1
0.734542 5.18732e-05 1
0.734818 5.56374e-05 1
0.735093 5.96308e-05 1
0.735369 6.38567e-05 1
0.735645 6.83275e-05 2
0.73592 7.30421e-05 2
0.736196 7.80525e-05 1
0.736471 8.33585e-05 1
0.736747 8.89222e-05 2
0.737023 9.47311e-05 1
0.737298 0.000100789 2
0.737574 0.000107098 2
0.737849 0.000113644 1
0.738125 0.000120399 1
0.738401 0.000127339 1
0.738676 0.000134436 1
0.738952 0.00014167 1
0.739228 0.000149022 2
0.739503 0.000156474 2
0.739779 0.000164015 1
0.740054 0.000171635 1
0.74033 0.000179326 1
0.740606 0.00018709 2
0.740881 0.000194928 1
0.741157 0.00020284 4
0.741433 0.000210786 2
0.741708 0.000218754 1
0.741984 0.000226757 2
0.742259 0.000234779 1
0.742535 0.000242805 2
0.742811 0.000250805 2
0.743086 0.000258756 2
0.743362 0.00026665 2
0.743638 0.000274485 2
0.743913 0.000282244 2
0.744189 0.000289909 5
0.744464 0.000297453 2
0.74474 0.000303543 4
0.745016 0.000309401 3
0.745291 0.000315024 1
0.745567 0.000320419 2
0.745842 0.000325604 1
0.746118 0.000330678 4
0.746394 0.000335641 3
0.746669 0.000340462 3
0.746945 0.000345119 2
0.747221 0.00034958 4
0.747496 0.000353881 2
0.747772 0.000358059 1
0.748047 0.000362096 1
0.748323 0.000365966 1
0.748599 0.000369647 3
0.748874 0.00037311 1
0.74915 0.000376319 2
0.749426 0.000379238 1
0.749701 0.00038184 2
0.749977 0.000384111 1
0.750252 0.000386052 2
0.750528 0.000387624 1
0.750804 0.000388867 4
0.751079 0.000389792 1
0.751355 0.000390381 4
0.751631 0.000390624 1
0.751906 0.000390628 3
0.752182 0.00039044 3
0.752457 0.000390044 1
0.752733 0.000389406 2
0.753009 0.00038847 4
0.753284 0.000387186 2
0.75356 0.000385619 5
0.753835 0.000383479 3
0.754111 0.000381024 2
0.754387 0.000378217 2
0.754662 0.000375094 2
0.754938 0.000371692 2
0.755214 0.000368036 2
0.755489 0.000364146 2
0.755765 0.00036003 2
0.75604 0.000355684 2
0.756316 0.000351105 2
0.756592 0.000346282 2
0.756867 0.000341208 2
0.757143 0.000335879 4
0.757419 0.000330295 3
0.757694 0.000324465 2
0.75797 0.0003184 2
0.758245 0.000311988 1
0.758521 0.000305158 4
0.758797 0.00029805 3
0.759072 0.000290516 3
0.759348 0.000282308 4
0.759624 0.000274247 3
0.759899 0.000266253 1
0.760175 0.000258336 3
0.76045 0.000250497 2
0.760726 0.000242689 2
0.761002 0.000234871 2
0.761277 0.000227038 2
0.761553 0.000219206 2
0.761828 0.000211398 2
0.762104 0.000203633 1
0.76238 0.000195935 1
0.762655 0.000188331 2
0.762931 0.00018091 2
0.763207 0.000173549 2
0.763482 0.000166366 2
0.763758 0.000159272 3
0.764033 0.000152234 1
0.764309 0.000145261 1
0.764585 0.000138374 2
0.76486 0.000131589 1
0.765136 0.000124901 2
0.765412 0.000118323 1
0.765687 0.000111865 2
0.765963 0.000105544 1
0.766238 9.93803e-05 2
0.766514 9.34082e-05 1
0.76679 8.76664e-05 1
0.767065 8.21927e-05 1
0.767341 7.70064e-05 1
0.767617 7.21088e-05 1
0.767892 6.74725e-05 1
0.768168 6.30716e-05 1
0.768443 5.88948e-05 1
0.768719 5.49246e-05 2
0.768995 5.11675e-05 1
0.76927 4.76415e-05 1
0.769546 4.44011e-05 1
0.769822 4.14491e-05 1
0.770097 3.88365e-05 2
0.770373 3.65745e-05 2
0.770648 3.46674e-05 2
0.770924 3.31164e-05 1
0.7712 3.19142e-05 1
0.771475 3.10546e-05 1
0.771751 3.05301e-05 1
0.772026 3.03348e-05 1
0.772302 3.04696e-05 1
0.772578 3.09272e-05 1
0.772853 3.17162e-05 1
0.773129 3.28434e-05 1
0.773405 3.43154e-05 1
0.77368 3.61376e-05 1
0.773956 3.83024e-05 1
0.774231 4.07963e-05 1
0.774507 4.36021e-05 1
0.774783 4.6694e-05 1
0.775058 5.00491e-05 1
0.775334 5.36545e-05 1
0.77561 5.75035e-05 1
0.775885 6.16084e-05 1
0.776161 6.59385e-05 1
0.776436 7.0508e-05 1
0.776712 7.53225e-05 1
0.776988 8.03689e-05 1
0.777263 8.56526e-05 1
0.777539 9.11966e-05 1
0.777815 9.70252e-05 2
0.77809 0.000103139 2
0.778366 0.000109517 1
0.778641 0.000116133 1
0.778917 0.000122951 1
0.779193 0.00012994 2
0.779468 0.000137063 2
0.779744 0.000144286 2
0.780019 0.000151583 1
0.780295 0.000158939 1
0.780571 0.000166349 1
0.780846 0.000173822 1
0.781122 0.000181371 1
0.781398 0.000189012 4
0.781673 0.000196751 1
0.781949 0.000204558 2
0.782224 0.000212411 1
0.7825 0.000220305 2
0.782776 0.000228221 1
0.783051 0.00023614 2
0.783327 0.000244029 2
0.783603 0.000251863 2
0.783878 0.000259635 2
0.784154 0.000267352 2
0.784429 0.000275005 1
0.784705 0.00028259 4
0.784981 0.00029007 2
0.785256 0.000297441 2
0.785532 0.000302926 4
0.785808 0.000308227 3
0.786083 0.00031335 2
0.786359 0.000318292 3
0.786634 0.000323114 4
0.78691 0.000327863 3
0.787186 0.000332501 2
0.787461 0.000337003 2
0.787737 0.000341325 4
0.788012 0.0003455 2
0.788288 0.000349567 3
0.788564 0.000353512 1
0.788839 0.000357309 1
0.789115 0.000360938 1
0.789391 0.000364372 3
0.789666 0.000367573 1
0.789942 0.000370509 3
0.790217 0.00037315 3
0.790493 0.000375479 2
0.790769 0.000377491 1
0.791044 0.000379136 2
0.79132 0.000380455 4
0.791596 0.000381537 2
0.791871 0.00038212 4
0.792147 0.000382393 3
0.792422 0.00038242 1
0.792698 0.000382268 2
0.792974 0.000381928 1
0.793249 0.000381369 2
0.793525 0.000380541 1
0.793801 0.000379389 4
0.794076 0.000377871 5
0.794352 0.000375965 2
0.794627 0.000373673 2
0.794903 0.000371022 2
0.795179 0.000368051 2
0.795454 0.000364796 2
0.79573 0.000361378 2
0.796005 0.000357577 2
0.796281 0.000353619 2
0.796557 0.000349443 2
0.796832 0.000345046 2
0.797108 0.000340417 2
0.797384 0.000335546 2
0.797659 0.000330427 2
0.797935 0.000325056 4
0.79821 0.000319434 3
0.798486 0.000313649 3
0.798762 0.000307508 3
0.799037 0.000301054 4
0.799313 0.000294238 3
0.799589 0.000287119 3
0.799864 0.000279773 3
0.80014 0.000271809 4
0.800415 0.000263942 2
0.800691 0.000256144 1
0.800967 0.000248417 1
0.801242 0.000240731 2
0.801518 0.000233056 2
0.801794 0.00022538 2
0.802069 0.000217768 2
0.802345 0.000210074 2
0.80262 0.00020245 2
0.802896 0.000194881 1
0.803172 0.000187391 1
0.803447 0.000180009 2
0.803723 0.000172778 2
0.803998 0.0001657 2
0.804274 0.000158727 2
0.80455 0.000151869 2
0.804825 0.000145019 1
0.805101 0.000138289 3
0.805377 0.000131661 1
0.805652 0.000125131 3
0.805928 0.00011871 1
0.806203 0.000112399 3
0.806479 0.000106217 1
0.806755 0.000100176 3
0.80703 9.43114e-05 2
0.807306 8.86603e-05 1
0.807582 8.32542e-05 2
0.807857 7.8124e-05 2
0.808133 7.32775e-05 1
0.808408 6.87031e-05 1
0.808684 6.43708e-05 2
0.80896 6.02747e-05 2
0.809235 5.63698e-05 1
0.809511 5.2688e-05 1
0.809787 4.92373e-05 2
0.810062 4.60326e-05 2
0.810338 4.30955e-05 2
0.810613 4.04642e-05 2
0.810889 3.81685e-05 2
0.811165 3.62179e-05 2
0.81144 3.4609e-05 2
0.811716 3.33336e-05 2
0.811991 3.23902e-05 1
0.812267 3.17744e-05 1
0.812543 3.14814e-05 1
0.812818 3.15043e-05 1
0.813094 3.18476e-05 1
0.81337 3.25122e-05 1
0.813645 3.35006e-05 1
0.813921 3.48163e-05 1
0.814196 3.64633e-05 1
0.814472 3.84405e-05 1
0.814748 4.0741e-05 1
0.815023 4.33584e-05 1
0.815299 4.62788e-05 2
0.815575 4.94763e-05 1
0.81585 5.2947e-05 1
0.816126 5.66493e-05 1
0.816401 6.05754e-05 1
0.816677 6.47144e-05 1
0.816953 6.90435e-05 1
0.817228 7.35664e-05 1
0.817504 7.83145e-05 2
0.81778 8.33265e-05 2
0.818055 8.86259e-05 1
0.818331 9.42198e-05 1
0.818606 0.000100097 1
0.818882 0.00010624 1
0.819158 0.000112621 1
0.819433 0.000119205 1
0.819709 0.000125951 1
0.819985 0.000132818 1
0.82026 0.000139771 1
0.820536 0.000146791 1
0.820811 0.000153873 1
0.821087 0.000161024 1
0.821363 0.000168257 1
0.821638 0.000175586 1
0.821914 0.000183021 3
0.822189 0.00019056 2
0.822465 0.000198153 1
0.822741 0.000205792 2
0.823016 0.000213469 1
0.823292 0.000221175 2
0.823568 0.000228875 2
0.823843 0.000236544 2
0.824119 0.000244162 2
0.824394 0.000251729 2
0.82467 0.000259247 1
0.824946 0.000266714 1
0.825221 0.000274122 4
0.825497 0.000281443 2
0.825773 0.000287332 4
0.826048 0.000293025 3
0.826324 0.00029852 1
0.826599 0.000303816 2
0.826875 0.000308932 1
0.827151 0.000313918 4
0.827426 0.000318809 3
0.827702 0.000323571 3
0.827978 0.00032818 2
0.828253 0.000332599 4
0.828529 0.000336859 2
0.828804 0.000340999 1
0.82908 0.00034501 1
0.829356 0.000348878 1
0.829631 0.00035259 1
0.829907 0.000356118 3
0.830182 0.000359423 3
0.830458 0.00036247 2
0.830734 0.000365228 2
0.831009 0.000367763 2
0.831285 0.000369828 2
0.831561 0.000371604 1
0.831836 0.000373061 4
0.832112 0.00037421 1
0.832387 0.000375035 4
0.832663 0.000375522 1
0.832939 0.000375772 3
0.833214 0.000375841 3
0.83349 0.000375715 1
0.833766 0.000375371 2
0.834041 0.000374755 1
0.834317 0.000373819 4
0.834592 0.000372519 2
0.834868 0.000370837 5
0.835144 0.000368774 3
0.835419 0.000366355 2
0.835695 0.000363615 2
0.835971 0.000360592 2
0.836246 0.00035732 2
0.836522 0.000353818 2
0.836797 0.000350198 2
0.837073 0.000346196 2
0.837349 0.000342035 2
0.837624 0.000337642 2
0.8379 0.000333006 2
0.838175 0.00032812 2
0.838451 0.000322979 3
0.838727 0.000317592 4
0.839002 0.000311969 3
0.839278 0.000306127 3
0.839554 0.000300041 1
0.839829 0.000293564 4
0.840105 0.000286754 3
0.84038 0.000279666 3
0.840656 0.000271734 4
0.840932 0.000263952 3
0.841207 0.000256223 2
0.841483 0.000248544 2
0.841759 0.000240937 2
0.842034 0.000233376 2
0.84231 0.000225909 2
0.842585 0.000218327 2
0.842861 0.000210806 2
0.843137 0.000203329 2
0.843412 0.000195918 1
0.843688 0.000188589 1
0.843964 0.000181362 2
0.844239 0.00017425 2
0.844515 0.000167263 2
0.84479 0.000160419 2
0.845066 0.000153697 2
0.845342 0.000147041 1
0.845617 0.000140427 3
0.845893 0.000133873 1
0.846168 0.000127403 3
0.846444 0.000121085 1
0.84672 0.000114807 3
0.846995 0.000108675 3
0.847271 0.000102688 1
0.847547 9.68691e-05 1
0.847822 9.12407e-05 1
0.848098 8.5831e-05 1
0.848373 8.06673e-05 1
0.848649 7.57654e-05 1
0.848925 7.11258e-05 1
0.8492 6.6736e-05 1
0.849476 6.25755e-05 1
0.849752 5.86275e-05 1
0.850027 5.48754e-05 1
0.850303 5.13328e-05 1
0.850578 4.8036e-05 1
0.850854 4.50199e-05 1
0.85113 4.23116e-05 1
0.851405 3.99162e-05 2
0.851681 3.78444e-05 1
0.851957 3.61031e-05 1
0.852232 3.46847e-05 1
0.852508 3.35783e-05 1
0.852783 3.27637e-05 2
0.853059 3.22466e-05 2
0.853335 3.2047e-05 1
0.85361 3.21693e-05 1
0.853886 3.26214e-05 1
0.854161 3.34259e-05 1
0.854437 3.45953e-05 1
0.854713 3.61455e-05 2
0.854988 3.80689e-05 2
0.855264 4.03334e-05 1
0.85554 4.29131e-05 1
0.855815 4.57545e-05 2
0.856091 4.87792e-05 2
0.856366 5.20067e-05 2
0.856642 5.54407e-05 1
0.856918 5.90501e-05 1
0.857193 6.28413e-05 2
0.857469 6.68565e-05 2
0.857745 7.11405e-05 2
0.85802 7.57154e-05 2
0.858296 8.05908e-05 2
0.858571 8.57705e-05 1
0.858847 9.12533e-05 1
0.859123 9.70211e-05 1
0.859398 0.000103038 1
0.859674 0.000109259 1
0.85995 0.000115644 1
0.860225 0.000122158 1
0.860501 0.000128782 1
0.860776 0.000135506 1
0.861052 0.000142328 2
0.861328 0.000149245 2
0.861603 0.000156262 2
0.861879 0.000163378 1
0.862155 0.000170596 1
0.86243 0.000177916 4
0.862706 0.00018531 1
0.862981 0.000192746 2
0.863257 0.000200228 1
0.863533 0.000207751 2
0.863808 0.000215301 2
0.864084 0.000222854 2
0.864359 0.000230389 2
0.864635 0.000237888 2
0.864911 0.000245345 1
0.865186 0.000252766 1
0.865462 0.000260142 1
0.865738 0.000267469 4
0.866013 0.00027472 2
0.866289 0.000281896 2
0.866564 0.000287237 4
0.86684 0.000292423 3
0.867116 0.000297449 2
0.867391 0.000302313 3
0.867667 0.000307025 4
0.867943 0.000311682 3
0.868218 0.000316241 3
0.868494 0.000320671 2
0.868769 0.000324928 4
0.869045 0.000329046 2
0.869321 0.000333069 1
0.869596 0.00033698 1
0.869872 0.000340764 3
0.870148 0.000344411 3
0.870423 0.000347894 1
0.870699 0.000351167 3
0.870974 0.000354199 1
0.87125 0.000356961 3
0.871526 0.000359434 1
0.871801 0.000361611 2
0.872077 0.000363484 1
0.872352 0.000365062 2
0.872628 0.00036629 4
0.872904 0.000367169 2
0.873179 0.000367721 4
0.873455 0.000368095 3
0.873731 0.000368145 1
0.874006 0.000368076 2
0.874282 0.000367791 1
0.874557 0.000367244 2
0.874833 0.000366391 1
0.875109 0.000365191 4
0.875384 0.00036363 5
0.87566 0.000361707 3
0.875936 0.000359438 2
0.876211 0.000356859 2
0.876487 0.000354001 2
0.876762 0.000350974 2
0.877038 0.000347574 2
0.877314 0.000344018 2
0.877589 0.000340249 2
0.877865 0.000336263 2
0.878141 0.000332052 2
0.878416 0.000327607 2
0.878692 0.000322916 2
0.878967 0.000317973 3
0.879243 0.000312782 4
0.879519 0.000307426 3
0.879794 0.000301719 3
0.88007 0.000295863 2
0.880345 0.000289761 1
0.880621 0.000283326 4
0.880897 0.000276606 3
0.881172 0.000269657 3
0.881448 0.000261957 4
0.881724 0.000254365 2
0.881999 0.000246791 1
0.882275 0.000239239 1
0.88255 0.000231738 2
0.882826 0.000224337 2
0.883102 0.000216855 2
0.883377 0.000209437 2
0.883653 0.000202072 2
0.883929 0.000194781 2
0.884204 0.000187576 1
0.88448 0.000180468 1
0.884755 0.000173467 2
0.885031 0.000166637 2
0.885307 0.000159855 2
0.885582 0.000153223 2
0.885858 0.000146688 2
0.886134 0.000140199 1
0.886409 0.000133748 3
0.886685 0.00012737 1
0.88696 0.000121095 3
0.887236 0.000114947 1
0.887512 0.000108936 2
0.887787 0.00010308 1
0.888063 9.73938e-05 2
0.888338 9.18954e-05 1
0.888614 8.65969e-05 1
0.88889 8.15151e-05 1
0.889165 7.6691e-05 1
0.889441 7.20795e-05 1
0.889717 6.77246e-05 1
0.889992 6.36075e-05 1
0.890268 5.97141e-05 1
0.890543 5.60347e-05 1
0.890819 5.2569e-05 1
0.891095 4.93194e-05 1
0.89137 4.63114e-05 1
0.891646 4.35873e-05 1
0.891922 4.11748e-05 1
0.892197 3.90901e-05 1
0.892473 3.73378e-05 1
0.892748 3.59118e-05 1
0.893024 3.47966e-05 1
0.8933 3.39796e-05 1
0.893575 3.34473e-05 1
0.893851 3.32087e-05 1
0.894127 3.32666e-05 1
0.894402 3.36101e-05 1
0.894678 3.42603e-05 1
0.894953 3.52346e-05 1
0.895229 3.65755e-05 1
0.895505 3.82751e-05 1
0.89578 4.03049e-05 1
0.896056 4.26458e-05 2
0.896331 4.52957e-05 2
0.896607 4.81892e-05 1
0.896883 5.12725e-05 1
0.897158 5.45354e-05 1
0.897434 5.79938e-05 1
0.89771 6.16656e-05 2
0.897985 6.55593e-05 1
0.898261 6.96891e-05 1
0.898536 7.40761e-05 1
0.898812 7.87365e-05 1
0.899088 8.36748e-05 1
0.899363 8.88831e-05 1
0.899639 9.43418e-05 1
0.899915 0.000100027 1
0.90019 0.000105914 1
0.900466 0.000111982 1
0.900741 0.000118211 1
0.901017 0.000124587 1
0.901293 0.000131092 1
0.901568 0.000137717 1
0.901844 0.000144451 1
0.90212 0.000151292 1
0.902395 0.000158235 1
0.902671 0.000165274 4
0.902946 0.000172401 2
0.903222 0.000179582 1
0.903498 0.00018679 2
0.903773 0.000194027 1
0.904049 0.000201301 2
0.904325 0.000208604 1
0.9046 0.000215924 2
0.904876 0.000223242 1
0.905151 0.000230547 2
0.905427 0.00023783 1
0.905703 0.000245094 2
0.905978 0.000252322 2
0.906254 0.0002595 1
0.906529 0.000266607 4
0.906805 0.000273637 2
0.907081 0.00027898 4
0.907356 0.000284179 3
0.907632 0.000289233 2
0.907908 0.000294142 1
0.908183 0.000298921 4
0.908459 0.000303641 3
0.908734 0.000308259 3
0.90901 0.000312742 2
0.909286 0.000317073 4
0.909561 0.000321233 2
0.909837 0.000325264 2
0.910113 0.000329204 3
0.910388 0.000333038 1
0.910664 0.000336732 3
0.910939 0.000340267 2
0.911215 0.000343612 1
0.911491 0.000346732 2
0.911766 0.000349678 1
0.912042 0.000352195 2
0.912318 0.000354476 1
0.912593 0.000356426 2
0.912869 0.000358074 1
0.913144 0.000359433 4
0.91342 0.000360525 1
0.913696 0.000361359 4
0.913971 0.000361903 1
0.914247 0.000362152 3
0.914522 0.000362192 3
0.914798 0.00036204 1
0.915074 0.000361661 2
0.915349 0.000361012 1
0.915625 0.000360046 4
0.915901 0.00035873 2
0.916176 0.000357049 5
0.916452 0.000355014 3
0.916727 0.000352756 2
0.917003 0.000350047 2
0.917279 0.000347155 2
0.917554 0.000344036 2
0.91783 0.000340704 2
0.918106 0.000337164 2
0.918381 0.000333409 2
0.918657 0.000329431 2
0.918932 0.000325218 2
0.919208 0.00032076 2
0.919484 0.000316052 3
0.919759 0.000311097 3
0.920035 0.000305906 4
0.920311 0.000300493 3
0.920586 0.000294883 3
0.920862 0.000289102 2
0.921137 0.000282985 3
0.921413 0.000276547 4
0.921689 0.00026984 3
0.921964 0.000262998 3
0.92224 0.000255267 4
0.922515 0.00024769 3
0.922791 0.000240135 1
0.923067 0.000232622 2
0.923342 0.00022518 2
0.923618 0.000217789 2
0.923894 0.000210439 2
0.924169 0.000203145 2
0.924445 0.000195934 2
0.92472 0.000188825 2
0.924996 0.000181825 1
0.925272 0.000174936 2
0.925547 0.000168161 2
0.925823 0.000161557 2
0.926099 0.000154972 2
0.926374 0.000148537 2
0.92665 0.000142198 2
0.926925 0.000135905 1
0.927201 0.000129644 3
0.927477 0.000123449 1
0.927752 0.000117359 3
0.928028 0.000111403 1
0.928304 0.000105591 2
0.928579 9.99401e-05 1
0.928855 9.44599e-05 2
0.92913 8.91624e-05 1
0.929406 8.40597e-05 1
0.929682 7.91665e-05 1
0.929957 7.44969e-05 1
0.930233 7.00624e-05 1
0.930508 6.58636e-05 1
0.930784 6.18951e-05 1
0.93106 5.8148e-05 1
0.931335 5.46174e-05 1
0.931611 5.13088e-05 1
0.931887 4.82396e-05 1
0.932162 4.54225e-05 1
0.932438 4.28868e-05 1
0.932713 4.06671e-05 1
0.932989 3.87874e-05 1
0.933265 3.72199e-05 1
0.93354 3.59693e-05 1
0.933816 3.50382e-05 1
0.934092 3.43906e-05 1
0.934367 3.39877e-05 1
0.934643 3.3856e-05 1
0.934918 3.40148e-05 1
0.935194 3.44702e-05 1
0.93547 3.52591e-05 1
0.935745 3.64077e-05 1
0.936021 3.79095e-05 1
0.936297 3.97471e-05 1
0.936572 4.19124e-05 1
0.936848 4.43912e-05 1
0.937123 4.71549e-05 1
0.937399 5.01669e-05 1
0.937675 5.3388e-05 1
0.93795 5.67938e-05 1
0.938226 6.03777e-05 1
0.938501 6.41429e-05 1
0.938777 6.81061e-05 1
0.939053 7.22887e-05 1
0.939328 7.67112e-05 1
0.939604 8.13874e-05 1
0.93988 8.63241e-05 1
0.940155 9.15184e-05 1
0.940431 9.69615e-05 1
0.940706 0.000102638 1
0.940982 0.000108528 1
0.941258 0.000114608 1
0.941533 0.000120855 1
0.941809 0.000127245 1
0.942085 0.000133758 1
0.94236 0.000140377 1
0.942636 0.000147089 1
0.942911 0.000153884 1
0.943187 0.00016076 4
0.943463 0.000167708 2
0.943738 0.000174695 2
0.944014 0.000181712 1
0.94429 0.00018878 2
0.944565 0.000195907 1
0.944841 0.000203086 2
0.945116 0.000210301 1
0.945392 0.00021754 2
0.945668 0.000224781 2
0.945943 0.000232007 2
0.946219 0.000239215 2
0.946494 0.000246386 4
0.94677 0.000253511 2
0.947046 0.000260563 2
0.947321 0.000267542 2
0.947597 0.000272743 4
0.947873 0.000277805 3
0.948148 0.000282719 2
0.948424 0.000287478 3
0.948699 0.000292087 4
0.948975 0.000296648 3
0.949251 0.000301138 3
0.949526 0.000305517 2
0.949802 0.000309767 2
0.950078 0.000313863 4
0.950353 0.000317841 1
0.950629 0.000321736 1
0.950904 0.000325529 1
0.95118 0.000329192 1
0.951456 0.000332707 3
0.951731 0.000336053 1
0.952007 0.000339194 2
0.952283 0.000342101 1
0.952558 0.000344748 2
0.952834 0.000347118 1
0.953109 0.000349201 2
0.953385 0.000350999 1
0.953661 0.000352463 2
0.953936 0.000353649 4
0.954212 0.000354568 2
0.954488 0.000355187 4
0.954763 0.000355479 3
0.955039 0.000355545 3
0.955314 0.000355422 1
0.95559 0.000355082 2
0.955866 0.000354485 1
0.956141 0.000353594 2
0.956417 0.000352381 4
0.956692 0.000350835 5
0.956968 0.000348962 3
0.957244 0.000346781 2
0.957519 0.000344322 2
0.957795 0.00034161 2
0.958071 0.000338667 2
0.958346 0.000335501 2
0.958622 0.000332117 2
0.958897 0.000328516 2
0.959173 0.000324689 2
0.959449 0.000320631 2
0.959724 0.000316335 2
0.96 0.000311795 2
0.960276 0.000307009 3
0.960551 0.000301987 2
0.960827 0.000296743 4
0.961102 0.000291298 2
0.961378 0.000285672 2
0.961654 0.000279903 1
0.961929 0.000273815 4
0.962205 0.000267457 3
0.962481 0.000260862 3
0.962756 0.000254068 3
0.963032 0.000246598 4
0.963307 0.0002392 2
0.963583 0.000231788 1
0.963859 0.000224397 1
0.964134 0.000217065 2
0.96441 0.000209792 2
0.964685 0.000202574 2
0.964961 0.00019543 2
0.965237 0.000188387 2
0.965512 0.000181455 1
0.965788 0.000174633 1
0.966064 0.000167921 2
0.966339 0.000161348 2
0.966615 0.000154841 2
0.96689 0.000148472 2
0.967166 0.000142222 2
0.967442 0.000136064 2
0.967717 0.000129952 1
0.967993 0.000123887 1
0.968269 0.000117907 3
0.968544 0.000112052 1
0.96882 0.000106333 3
0.969095 0.000100768 3
0.969371 9.53681e-05 1
0.969647 9.01415e-05 3
0.969922 8.51011e-05 2
0.970198 8.02537e-05 2
0.970474 7.56122e-05 1
0.970749 7.119e-05 1
0.971025 6.69988e-05 2
0.9713 6.30438e-05 2
0.971576 5.93217e-05 2
0.971852 5.58274e-05 2
0.972127 5.25647e-05 1
0.972403 4.9521e-05 1
0.972678 4.67231e-05 1
0.972954 4.41881e-05 1
0.97323 4.19295e-05 1
0.973505 3.9965e-05 1
0.973781 3.83127e-05 1
0.974057 3.69717e-05 1
0.974332 3.59273e-05 1
0.974608 3.51726e-05 2
0.974883 3.4713e-05 2
0.975159 3.45396e-05 1
0.975435 3.46191e-05 1
0.97571 3.49418e-05 1
0.975986 3.55777e-05 1
0.976262 3.65533e-05 1
0.976537 3.78749e-05 1
0.976813 3.95474e-05 1
0.977088 4.15574e-05 1
0.977364 4.3884e-05 1
0.97764 4.6501e-05 2
0.977915 4.93741e-05 2
0.978191 5.24642e-05 1
0.978467 5.57358e-05 1
0.978742 5.91779e-05 1
0.979018 6.27847e-05 1
0.979293 6.65682e-05 1
0.979569 7.05488e-05 1
0.979845 7.47503e-05 1
0.98012 7.91924e-05 1
0.980396 8.38864e-05 1
0.980671 8.8835e-05 1
0.980947 9.40335e-05 1
0.981223 9.94686e-05 1
0.981498 0.000105123 1
0.981774 0.000110975 1
0.98205 0.000117004 1
0.982325 0.000123185 1
0.982601 0.000129498 1
0.982876 0.000135924 1
0.983152 0.000142448 4
0.983428 0.000149054 2
0.983703 0.000155734 1
0.983979 0.000162483 1
0.984255 0.000169266 1
0.98453 0.000176071 1
0.984806 0.000182928 1
0.985081 0.000189846 2
0.985357 0.000196821 1
0.985633 0.00020384 2
0.985908 0.000210889 2
0.986184 0.00021795 2
0.98646 0.000225004 2
0.986735 0.000232047 2
0.987011 0.000239059 2
0.987286 0.000246025 4
0.987562 0.000252921 2
0.987838 0.000259748 2
0.988113 0.000264955 4
0.988389 0.000270037 3
0.988664 0.000274982 2
0.98894 0.000279786 1
0.989216 0.000284463 4
0.989491 0.000289076 3
0.989767 0.000293616 3
0.990043 0.000298048 2
0.990318 0.000302353 2
0.990594 0.000306498 4
0.990869 0.000310513 2
0.991145 0.000314432 1
0.991421 0.000318243 1
0.991696 0.000321932 1
0.991972 0.000325487 1
0.992248 0.000328887 3
0.992523 0.000332099 3
0.992799 0.00033509 2
0.993074 0.000337831 2
0.99335 0.000340301 2
0.993626 0.000342488 1
0.993901 0.000344388 2
0.994177 0.00034597 1
0.994453 0.000347273 4
0.994728 0.000348309 1
0.995004 0.00034906 4
0.995279 0.000349508 1
0.995555 0.000349746 3
0.995831 0.000349806 1
0.996106 0.000349661 3
0.996382 0.000349282 1
0.996658 0.000348626 2
0.996933 0.000347658 5
0.997209 0.000346356 2
0.997484 0.00034472 5
0.99776 0.000342766 3
0.998036 0.00034052 2
0.998311 0.00033808 2
0.998587 0.000335274 2
0.998862 0.000332303 2
0.999138 0.000329115 2
0.999414 0.000325712 2
0.999689 0.000322088 2
0.999965 0.000318239 2
