0.799923 0
0.79997 0.0078125

0.799972 0.0078125
0.800108 0.015625

0.800101 0.015625
0.800335 0.0234375

0.800338 0.0234375
0.800677 0.03125

0.800677 0.03125
0.801111 0.0390625

0.801112 0.0390625
0.801643 0.046875

0.801645 0.046875
0.802268 0.0546875

0.802266 0.0546875
0.802979 0.0625

0.802982 0.0625
0.803785 0.0703125

0.803758 0.0703125
0.804688 0.0780606

0.804688 0.0780918
0.804691 0.078125

0.804707 0.078125
0.805807 0.0859375

0.805805 0.0859375
0.807049 0.09375

0.807071 0.09375
0.808418 0.101562

0.808416 0.101562
0.809823 0.109375

0.809803 0.109375
0.811313 0.117188

0.811265 0.117188
0.8125 0.122694

0.8125 0.122708
0.813014 0.125

0.813072 0.125
0.815053 0.132812

0.815092 0.132812
0.817115 0.140625

0.81703 0.140625
0.819187 0.148438

0.819157 0.148438
0.820312 0.152075

0.820312 0.15196
0.821675 0.15625

0.821758 0.15625
0.824386 0.164062

0.824278 0.164062
0.82707 0.171875

0.827026 0.171875
0.828125 0.174612

0.828125 0.174382
0.830255 0.179688

0.83029 0.179688
0.833605 0.1875

0.833451 0.1875
0.835938 0.19285

0.835938 0.192721
0.837142 0.195312

0.837231 0.195312
0.841189 0.203125

0.841019 0.203125
0.84375 0.208093

0.84375 0.207917
0.84541 0.210938

0.84541 0.210938
0.850186 0.21875

0.850081 0.21875
0.851562 0.221045

0.851562 0.22079
0.855378 0.226562

0.855246 0.226562
0.859375 0.23219

0.859375 0.232122
0.861033 0.234375

0.861006 0.234375
0.867188 0.241879

0.867188 0.241887
0.867445 0.242188

0.867404 0.242188
0.874594 0.25

0.874586 0.25
0.875 0.250424

0.875 0.250437
0.882661 0.257812

0.882679 0.257812
0.882812 0.257933

0.882812 0.257918
0.890625 0.264567

0.890625 0.264589
0.891976 0.265625

0.892035 0.265625
0.898438 0.270408

0.898438 0.270407
0.903153 0.273438

0.903152 0.273438
0.90625 0.275411

0.90625 0.275389
0.914062 0.279686

0.914062 0.279736
0.917288 0.28125

0.917521 0.28125
0.921875 0.283294

0.921875 0.283304
0.929688 0.286443

0.929688 0.286537
0.9375 0.289032

0.9375 0.289017
0.937686 0.289062

0.93816 0.289062
0.945312 0.290816

0.945312 0.290808
0.953125 0.292425

0.953125 0.292457
0.960938 0.29374

0.960938 0.293738
0.96875 0.29463

0.96875 0.294631
0.976562 0.295134

0.976562 0.295142
0.984375 0.295238

0.984375 0.295228
0.992188 0.294923

0.992188 0.295028
1 0.294129

1 0.294171
1.00781 0.292385

1.00781 0.292105
1.01562 0.289906

1.02344 0.288216
1.01854 0.289062

1.01562 0.289536
1.01837 0.289062

1.03125 0.287525
1.02354 0.289062

1.03125 0.287409
1.03906 0.284125

1.04688 0.280506
1.04476 0.28125

1.03906 0.283045
1.04417 0.28125

1.05469 0.278809
1.04846 0.28125

1.05469 0.277421
1.0625 0.2738

1.07031 0.271668
1.06675 0.273438

1.0625 0.273506
1.06264 0.273438

1.07812 0.265544
1.07798 0.265625

1.07031 0.270068
1.07812 0.265625

1.08594 0.261906
1.07972 0.265625

1.09375 0.256183
1.0914 0.257812

1.08594 0.260993
1.09053 0.257812

1.09375 0.255796
1.10156 0.25086

1.10938 0.246023
1.10376 0.25

1.10156 0.250789
1.10273 0.25

1.11719 0.239594
1.11409 0.242188

1.10938 0.244888
1.11275 0.242188

1.125 0.231374
1.12177 0.234375

1.11719 0.239294
1.12276 0.234375

1.13281 0.225211
1.13141 0.226562

1.125 0.232075
1.13092 0.226562

1.14062 0.216226
1.13835 0.21875

1.13281 0.22476
1.13854 0.21875

1.14844 0.207277
1.14559 0.210938

1.14062 0.216501
1.14545 0.210938

1.15625 0.196331
1.1514 0.203125

1.14844 0.207176
1.15151 0.203125

1.16406 0.187041
1.16374 0.1875

1.1625 0.1875
1.15695 0.195312

1.15625 0.196332
1.15696 0.195312

1.17188 0.173987
1.1686 0.179688

1.16406 0.184927
1.16777 0.179688

1.17969 0.162138
1.17862 0.164062

1.17659 0.164062
1.17194 0.171875

1.17188 0.173578
1.17285 0.171875

1.1875 0.147122
1.18689 0.148438

1.18488 0.148438
1.18091 0.15625

1.17969 0.160165
1.18185 0.15625

1.19531 0.129183
1.19377 0.132812

1.19192 0.132812
1.18833 0.140625

1.1875 0.145097
1.18957 0.140625

1.20312 0.108783
1.20296 0.109375

1.20227 0.109375
1.19882 0.117188

1.1981 0.117188
1.19544 0.125

1.19531 0.128099
1.19663 0.125

1.21094 0.0803842
1.20954 0.0859375

1.20901 0.0859375
1.20623 0.09375

1.20595 0.09375
1.20399 0.101562

1.20312 0.10714
1.2047 0.101562

1.21875 0.0288633
1.21854 0.03125

1.21853 0.03125
1.21745 0.0390625

1.21744 0.0390625
1.21605 0.046875

1.21595 0.046875
1.21446 0.0546875

1.21445 0.0546875
1.2131 0.0625

1.21306 0.0625
1.21195 0.0703125

1.21205 0.0703125
1.21106 0.078125

1.21094 0.0803625
1.2115 0.078125

1.21997 0
1.21993 0.0078125

1.22002 0.0078125
1.21972 0.015625

1.2196 0.015625
1.21911 0.0234375

1.21875 0.0291127
1.21925 0.0234375

