0.914452 0
0.914465 0.0078125

0.914465 0.0078125
0.914502 0.015625

0.914502 0.015625
0.914564 0.0234375

0.914564 0.0234375
0.914652 0.03125

0.914651 0.03125
0.914765 0.0390625

0.914765 0.0390625
0.914905 0.046875

0.914905 0.046875
0.915073 0.0546875

0.915073 0.0546875
0.91527 0.0625

0.915269 0.0625
0.915496 0.0703125

0.915496 0.0703125
0.915754 0.078125

0.915753 0.078125
0.916045 0.0859375

0.916044 0.0859375
0.91637 0.09375

0.91637 0.09375
0.916733 0.101562

0.916732 0.101562
0.917135 0.109375

0.917134 0.109375
0.917579 0.117188

0.917578 0.117188
0.918067 0.125

0.918066 0.125
0.918604 0.132812

0.918603 0.132812
0.919193 0.140625

0.919192 0.140625
0.919837 0.148438

0.919836 0.148438
0.920542 0.15625

0.920541 0.15625
0.921312 0.164062

0.92131 0.164062
0.921875 0.169309

0.921875 0.169302
0.922152 0.171875

0.92215 0.171875
0.92307 0.179688

0.923069 0.179688
0.924074 0.1875

0.924072 0.1875
0.925171 0.195312

0.925169 0.195312
0.926369 0.203125

0.926367 0.203125
0.927678 0.210938

0.927675 0.210938
0.929106 0.21875

0.929094 0.21875
0.929688 0.221698

0.929688 0.221665
0.930674 0.226562

0.93067 0.226562
0.932402 0.234375

0.932398 0.234375
0.934301 0.242188

0.934297 0.242188
0.936387 0.25

0.936361 0.25
0.9375 0.253837

0.9375 0.253779
0.938698 0.257812

0.93869 0.257812
0.941274 0.265625

0.941265 0.265625
0.94413 0.273438

0.944066 0.273438
0.945312 0.27646

0.945312 0.276331
0.947341 0.28125

0.947324 0.28125
0.95096 0.289062

0.950868 0.289062
0.953125 0.293297

0.953125 0.29317
0.9551 0.296875

0.955055 0.296875
0.959886 0.304688

0.959707 0.304688
0.960938 0.306505

0.960938 0.306226
0.965544 0.3125

0.965444 0.3125
0.96875 0.316411

0.96875 0.316179
0.972602 0.320312

0.972408 0.320312
0.976562 0.32422

0.976562 0.324163
0.981692 0.328125

0.98118 0.328125
0.984375 0.330385

0.984375 0.330086
0.992188 0.334719

0.992188 0.334782
0.994806 0.335938

0.99465 0.335938
1 0.338297

1 0.338111
1.00781 0.340477

1.00781 0.340492
1.01562 0.342077

1.01562 0.342071
1.02344 0.342857

1.02344 0.342846
1.03125 0.342867

1.03125 0.342851
1.03906 0.342162

1.03906 0.342142
1.04688 0.340815

1.04688 0.340795
1.05469 0.338911

1.05469 0.338901
1.0625 0.336519

1.07031 0.333631
1.06413 0.335938

1.0625 0.336542
1.06412 0.335938

1.07031 0.333571
1.07812 0.330195

1.08594 0.326456
1.08252 0.328125

1.07812 0.330221
1.08242 0.328125

1.08594 0.326363
1.09375 0.322157

1.10156 0.317658
1.09704 0.320312

1.09375 0.322177
1.09693 0.320312

1.10156 0.317588
1.10938 0.312586

1.11719 0.307263
1.10949 0.3125

1.10938 0.312555
1.10946 0.3125

1.125 0.301673
1.12083 0.304688

1.11719 0.30723
1.12074 0.304688

1.13281 0.295713
1.13131 0.296875

1.125 0.301603
1.13114 0.296875

1.13281 0.295603
1.14062 0.289237

1.14844 0.282536
1.14083 0.289062

1.14062 0.289216
1.14081 0.289062

1.15625 0.275492
1.14987 0.28125

1.14844 0.282497
1.14985 0.28125

1.16406 0.268084
1.15842 0.273438

1.15625 0.275424
1.15838 0.273438

1.17188 0.260235
1.16654 0.265625

1.16406 0.268008
1.16649 0.265625

1.17969 0.251981
1.17425 0.257812

1.17188 0.2602
1.17418 0.257812

1.1875 0.243329
1.18155 0.25

1.17969 0.251972
1.1815 0.25

1.19531 0.234282
1.19524 0.234375

1.19515 0.234375
1.18851 0.242188

1.1875 0.243305
1.18848 0.242188

1.20312 0.22449
1.20152 0.226562

1.19531 0.23416
1.20147 0.226562

1.21094 0.214126
1.20753 0.21875

1.20312 0.224394
1.20749 0.21875

1.21875 0.203125
1.21327 0.210938

1.21094 0.214092
1.21322 0.210938

1.22656 0.191257
1.22398 0.195312

1.21875 0.203106
1.22396 0.195312

1.23438 0.178474
1.23368 0.179688

1.23364 0.179688
1.22892 0.1875

1.22656 0.191184
1.2289 0.1875

1.24219 0.164367
1.23812 0.171875

1.23438 0.178378
1.2381 0.171875

1.25 0.148747
1.24636 0.15625

1.24635 0.15625
1.24234 0.164062

1.24219 0.164354
1.24234 0.164062

1.25781 0.130991
1.25708 0.132812

1.25706 0.132812
1.25371 0.140625

1.2537 0.140625
1.25014 0.148438

1.25 0.148734
1.25014 0.148438

1.26562 0.110066
1.26314 0.117188

1.26313 0.117188
1.26019 0.125

1.25781 0.130926
1.26019 0.125

1.27344 0.0836135
1.27286 0.0859375

1.27286 0.0859375
1.27072 0.09375

1.27072 0.09375
1.26838 0.101562

1.26838 0.101562
1.26586 0.109375

1.26562 0.110056
1.26586 0.109375

1.28125 0.0423368
1.28067 0.046875

1.28067 0.046875
1.27948 0.0546875

1.27948 0.0546875
1.2781 0.0625

1.2781 0.0625
1.27654 0.0703125

1.27654 0.0703125
1.27479 0.078125

1.27344 0.0835733
1.27479 0.078125

1.28394 0
1.28385 0.0078125

1.28385 0.0078125
1.28357 0.015625

1.28357 0.015625
1.28312 0.0234375

1.28312 0.0234375
1.28248 0.03125

1.28248 0.03125
1.28167 0.0390625

1.28125 0.0423164
1.28167 0.0390625

