t sb -1 xb vb dt perf.t perf.speed
0 0 -1 0.5 0 0.00134247 0 0 
0.00134247 0 -1 0.5 -0.000370771 0.00134247 0.00811 126264 1 346.584 46.192 7.50311 4 
0.00390324 3.50686e-06 -1 0.499998 -0.000797119 0.00256077 0.013501 151692 1 62.2284 11.084 5.61423 4 1 75.1035 15.0926 4.97618 4 1 0.000407188 5.9356e-09 68601 4 
0.00757493 -3.69566e-05 -1 0.499995 0.00192319 0.00367169 0.020706 148363 4 24.4594 6.1264 1.41355 4 1 93.743 19.012 4.93074 4 1 0.000702992 2.39415e-08 29362.9 4 
0.0122506 -7.64377e-05 -1 0.500004 0.00572034 0.00467566 0.02596 157781 1 5.33037 2.52504 2.111 4 1 29.1198 1.9674 14.8012 4 1 0.00173758 2.14647e-07 8095.08 4 
0.0178456 -9.21436e-05 -1 0.500036 0.0100227 0.00559504 0.031614 161954 1 2.72741 1.29841 2.10058 4 1 13.5488 6.68138 2.02785 4 1 0.00297439 6.41087e-07 4639.6 4 
0.0242727 -6.94944e-05 -1 0.500099 0.0135779 0.00642706 0.038365 160146 3 4.61728 2.10908 1.29847 4 2 19.1979 7.86524 1.56232 4 1 0.00433303 1.37457e-06 3152.29 4 
0.0314604 -3.33137e-05 -1 0.500195 0.0169129 0.00718775 0.04405 162724 2 3.46605 1.57051 1.48558 4 1 14.7916 5.00168 2.95733 4 1 0.00535877 2.32324e-06 2306.6 4 
0.0393345 -1.1248e-06 -1 0.500326 0.020388 0.00787411 0.050461 162343 1 3.40229 0.718945 4.73234 4 1 13.8027 2.30642 5.98445 4 1 0.00643196 3.54848e-06 1812.6 4 
0.0478178 1.97669e-05 -1 0.500496 0.0240516 0.00848328 0.055758 165286 1 3.36708 0.187956 17.9142 4 1 5.02642 0.772266 6.50866 4 1 0.00757503 5.00286e-06 1514.14 4 
0.0568736 2.39647e-05 -1 0.500711 0.0280056 0.00905577 0.061007 167850 1 3.44788 0.628044 5.48987 4 1 11.2033 0.466881 23.996 4 1 0.00873058 7.17696e-06 1216.47 4 
0.0664603 1.16325e-05 -1 0.500975 0.0323062 0.00958673 0.066989 168147 1 3.69026 0.984717 3.74754 4 1 10.1438 0.998158 10.1625 4 1 0.00992364 9.8866e-06 1003.75 4 
0.0765067 -1.29229e-05 -1 0.501296 0.0370667 0.0100464 0.072489 169515 2 3.59203 0.643987 2.36174 4 1 5.77476 1.0407 5.54894 4 1 0.0110875 1.29561e-05 855.779 4 
0.0869852 -3.6453e-05 -1 0.501681 0.0421354 0.0104785 0.0775 171768 1 3.39585 0.750734 4.52337 4 1 9.43788 0.449898 20.9778 4 1 0.0123463 1.65714e-05 745.04 4 
0.0978546 -5.32325e-05 -1 0.502135 0.0473842 0.0108695 0.083559 171567 3 871.04 0.304415 14.1968 2 1 9.216 0.346682 26.5835 4 1 0.0137792 2.04049e-05 675.292 4 
0.10906 -5.84944e-05 -1 0.502663 0.0526512 0.0112052 0.089712 171215 4 894.763 0.345696 7.13269 2 1 15.9572 0.85514 18.6603 4 1 0.015019 2.41333e-05 622.335 4 
0.120578 -4.96426e-05 -1 0.503267 0.057974 0.0115177 0.095408 171726 2 14.6091 0.304845 6.92265 2 1 4.6558 1.06321 4.37901 4 1 0.016082 2.78036e-05 578.413 4 
0.132378 -3.67787e-05 -1 0.503949 0.0632695 0.0118009 0.101107 172174 2 14.7875 0.347546 6.52292 2 1 7.0088 1.11769 6.27076 4 1 0.0170267 3.13818e-05 542.567 4 
0.144478 -2.18217e-05 -1 0.504713 0.0685433 0.0120997 0.106429 173186 2 13.4308 0.310404 6.57789 2 1 4.699 0.913191 5.14569 4 1 0.0178672 3.5133e-05 508.56 4 
0.156786 -7.39431e-06 -1 0.505556 0.0737805 0.0123083 0.111824 173988 2 11.7966 0.255162 6.79939 2 1 5.3469 0.63996 8.35506 4 1 0.0185324 3.79068e-05 488.892 4 
0.169312 3.81994e-06 -1 0.506481 0.0789379 0.0125252 0.118478 172859 4 851.643 0.243294 7.69187 2 1 5.48672 0.474335 11.5672 4 1 0.0187384 4.03954e-05 463.875 4 
0.182062 8.24819e-06 -1 0.507489 0.0842002 0.0127508 0.124156 173201 2 9.19026 0.138347 8.15042 2 1 5.45251 0.284073 19.194 4 1 0.0190969 4.29584e-05 444.543 4 
0.194989 6.38934e-06 -1 0.508581 0.0894834 0.0129263 0.130078 173188 4 951.136 0.160683 8.77139 2 1 5.07909 0.34371 14.7772 4 1 0.0194282 4.51954e-05 429.87 4 
0.208096 4.19094e-07 -1 0.509759 0.0948347 0.0131075 0.136308 172785 4 796.015 0.229057 7.67794 2 1 6.43126 0.318773 20.1751 4 1 0.0199439 4.78047e-05 417.196 4 
0.221328 -2.68013e-06 -1 0.51102 0.100197 0.0132318 0.141512 173667 2 20.71 0.328993 7.93407 2 1 5.59469 0.435816 12.8373 4 1 0.0201167 5.11564e-05 393.24 4 
0.234687 -3.38986e-06 -1 0.512366 0.105551 0.013359 0.1475 173559 4 1009.65 0.542892 6.56695 2 1 6.76766 0.475378 14.2364 4 1 0.0230448 5.50107e-05 418.916 4 
0.248176 4.89996e-07 -1 0.513799 0.110888 0.0134893 0.154222 172634 4 590.258 0.110491 8.54926 2 1 7.37289 0.400247 18.4208 4 1 0.0248422 5.92626e-05 419.188 4 
0.261799 6.43913e-06 -1 0.515319 0.116159 0.0136229 0.159595 173239 2 16.0604 0.466629 5.86667 2 1 6.93428 0.384944 18.0137 4 1 0.0261469 6.38861e-05 409.274 4 
0.27549 1.44614e-05 -1 0.516919 0.121357 0.013691 0.165172 173589 2 13.82 0.517319 5.16862 2 1 6.42779 0.288887 22.2502 4 1 0.0270879 6.7796e-05 399.55 4 
0.28932 2.33458e-05 -1 0.518608 0.126445 0.01383 0.172559 172092 5 632.294 0.328712 4.53754 2 1 8.02334 0.264571 30.3259 4 1 0.0261714 7.38782e-05 354.251 4 
0.303221 2.26025e-05 -1 0.520377 0.13144 0.0139009 0.178505 172096 4 852.881 0.332065 7.11896 2 1 16.8262 0.383692 43.8534 4 1 0.0300223 7.89436e-05 380.301 4 
0.317194 1.8113e-05 -1 0.522224 0.136431 0.0139729 0.185202 171402 5 814.945 0.351975 4.70894 2 1 12.4856 0.617933 20.2054 4 1 0.0341023 8.44862e-05 403.643 4 
0.33124 1.00838e-05 -1 0.524146 0.141377 0.0140461 0.190841 171703 3 23.3138 0.2312 4.65452 2 1 12.8588 0.620314 20.7295 4 1 0.0326515 8.93489e-05 365.438 4 
0.345361 3.51441e-06 -1 0.526142 0.146328 0.0141204 0.196745 171755 4 1084.97 0.361308 7.40261 2 1 16.2024 0.763145 21.2311 4 1 0.0377977 9.59681e-05 393.857 4 
0.359481 3.74373e-07 -1 0.528192 0.151212 0.0141204 0.203181 171355 4 838.782 0.183637 8.22096 2 1 16.0827 0.714115 22.5212 4 1 0.0341374 9.7854e-05 348.861 4 
0.373677 1.97122e-06 -1 0.530312 0.155939 0.0141963 0.209128 171378 4 982.071 0.324479 7.41718 2 1 15.2736 1.04318 14.6413 4 1 0.0348675 9.78887e-05 356.196 4 
0.387951 5.75641e-06 -1 0.532513 0.160551 0.0142735 0.218048 169064 5 1055.53 0.307956 5.09326 2 1 17.0747 1.35669 12.5855 4 2 0.0366521 9.43325e-07 197.115 3 
0.402224 4.7777e-06 -1 0.534783 0.164881 0.0142735 0.224482 168780 2 32.815 0.447462 8.56364 2 1 16.8882 1.51763 11.1281 4 2 0.0394259 2.5739e-05 39.1377 2 
0.416577 6.95061e-06 -1 0.537147 0.169388 0.0143524 0.230582 168756 4 947.926 0.25703 7.79287 2 1 17.8363 1.42279 12.5362 4 2 0.0373133 9.80552e-05 19.5073 2 
0.430929 9.96227e-07 -1 0.539587 0.173579 0.0143524 0.236938 168550 2 26.7868 0.391619 8.27044 2 1 19.0584 1.46605 12.9998 4 3 0.0370396 5.56615e-06 18.8092 2 
0.445362 9.5145e-06 -1 0.542106 0.1778 0.014433 0.242919 168616 4 955.976 0.356279 7.19721 2 1 26.4859 0.854176 31.0076 4 2 0.0429636 9.08942e-05 21.7411 2 
0.459795 1.21224e-05 -1 0.544691 0.18183 0.014433 0.249507 168268 3 30.2119 0.198991 5.33476 2 1 16.3619 1.53469 10.6614 4 2 0.0391735 6.53493e-05 24.4836 2 
0.474228 1.82009e-05 -1 0.547333 0.185594 0.014433 0.255666 168219 4 1008.6 0.223375 8.1973 2 1 18.5036 1.21454 15.235 4 2 0.0437044 4.86914e-05 29.9596 2 
0.488744 1.84543e-05 -1 0.550044 0.189427 0.0145159 0.26206 168023 5 884.66 0.260709 5.08305 2 1 19.8267 1.30928 15.1433 4 2 0.0460792 5.58658e-05 28.7197 2 
0.50326 1.48715e-05 -1 0.552797 0.192946 0.0145159 0.269126 167416 4 610.991 0.376488 6.34703 2 1 23.5266 0.838786 28.0484 4 2 0.0485175 5.1456e-05 30.7066 2 
0.517776 1.37245e-05 -1 0.555575 0.196526 0.0145159 0.275297 167383 4 930.871 0.206001 8.19889 2 1 27.4987 1.49479 18.3964 4 2 0.0392068 3.87317e-05 31.8161 2 
0.532292 1.90624e-05 -1 0.558407 0.199943 0.0145159 0.284005 165856 4 995.485 0.410934 7.01561 2 2 27.0974 0.128719 14.5092 4 2 0.0414806 3.53159e-05 34.2718 2 
0.546808 2.0507e-05 -1 0.561297 0.20319 0.0145159 0.29185 164907 4 934.348 0.272086 7.6551 2 2 25.3254 0.213049 10.9028 3 2 0.0405184 3.37163e-05 34.6662 2 
0.56141 2.42401e-05 -1 0.564253 0.206186 0.0146023 0.298243 164805 4 824.325 0.369819 6.87111 2 2 26.8919 0.333361 8.9816 2 2 0.0401721 3.49312e-05 33.9122 2 
0.576012 4.35234e-05 -1 0.567261 0.209028 0.0146023 0.305175 164417 5 1021.2 0.218717 5.41808 2 2 22.815 0.519694 6.62578 2 2 0.0491657 3.64664e-05 36.7185 2 
0.590615 3.52659e-05 -1 0.570307 0.211745 0.0146023 0.311211 164519 3 22.8351 0.237797 4.5793 2 2 24.773 0.781628 5.62976 2 2 0.0480277 3.78026e-05 35.6439 2 
0.605217 3.2925e-05 -1 0.573414 0.214466 0.0146023 0.3181 164175 3 1034.23 0.438691 13.3092 2 2 21.2817 1.06466 4.47092 2 2 0.0516298 4.04115e-05 35.7435 2 
0.619819 2.14278e-05 -1 0.576538 0.216979 0.0146023 0.327202 162737 4 1125.44 0.199499 8.66653 2 2 26.9087 0.822898 5.71839 2 2 0.0457433 4.43778e-05 32.1056 2 
0.634422 2.7902e-05 -1 0.579676 0.219341 0.0146023 0.334316 162337 4 870.824 0.199849 8.12469 2 2 25.4393 0.868527 5.41204 2 2 0.0417813 4.94147e-05 29.0779 2 
0.649024 3.56157e-05 -1 0.582863 0.221449 0.0146023 0.347421 159161 5 953.671 0.240985 5.24181 2 2 31.4867 0.717426 6.62483 2 2 0.0394708 6.14631e-05 25.3414 2 
0.663626 4.47994e-05 -1 0.586102 0.223439 0.0146023 0.359485 156669 5 500.261 0.217013 4.70481 2 2 30.1233 0.858359 5.92403 2 2 0.046111 8.22499e-05 23.6774 2 
0.678321 5.07456e-05 -1 0.589398 0.225289 0.0146942 0.368293 155702 5 601.879 0.209296 4.91756 2 2 29.7004 0.594742 7.0667 2 2 0.0433757 8.88694e-05 22.0926 2 
0.693015 5.39222e-05 -1 0.592734 0.227055 0.0146942 0.374686 155778 5 950.007 0.104182 6.19422 2 2 25.351 0.632293 6.33197 2 2 0.0485095 7.14563e-05 26.0551 2 
0.707709 5.11991e-05 -1 0.59608 0.228679 0.0146942 0.382133 155422 4 856.069 0.236435 7.7571 2 2 23.8867 0.777292 5.54353 2 2 0.0483781 5.12213e-05 30.7326 2 
0.722403 5.07274e-05 -1 0.599401 0.230201 0.0146942 0.391101 154477 2 28.0578 0.455791 7.84592 2 2 25.6315 0.762819 5.79664 2 2 0.0418666 3.91201e-05 32.714 2 
0.737097 6.309e-05 -1 0.60272 0.231464 0.0146942 0.397026 154751 4 974.042 0.336173 7.33675 2 2 25.9591 0.973222 5.16463 2 2 0.0466809 3.78655e-05 35.1114 2 
0.751791 5.43113e-05 -1 0.606082 0.232782 0.0146942 0.404208 154534 3 478.754 0.204067 13.2876 2 2 27.7702 1.07614 5.07991 2 2 0.0430642 3.96063e-05 32.9743 2 
0.766486 5.22195e-05 -1 0.60949 0.23382 0.0146942 0.414195 153280 4 984.533 0.351362 7.2756 2 2 26.4598 1.09596 4.91356 2 3 0.0504474 6.65089e-06 19.6481 2 
0.78118 4.95603e-05 -1 0.612955 0.234869 0.0146942 0.42886 150427 5 905.331 0.0723386 6.59914 2 2 23.2072 0.857527 5.20221 2 3 0.0474182 8.22864e-06 17.9283 2 
0.795874 5.04707e-05 -1 0.616441 0.235752 0.0146942 0.435765 150393 3 32.9095 0.352058 4.5384 2 2 23.3327 0.584745 6.31684 2 3 0.0448617 5.1596e-06 20.563 2 
0.810568 6.18236e-05 -1 0.619893 0.236499 0.0146942 0.441934 150611 4 1446.9 0.271209 8.54641 2 2 21.2922 0.499743 6.52735 2 2 0.0492972 6.93592e-05 26.6599 2 
0.825262 6.96254e-05 -1 0.623309 0.237168 0.0146942 0.449263 150433 4 842.154 0.320867 7.15759 2 2 20.2207 0.3211 7.93557 2 2 0.0484161 6.98477e-05 26.3281 2 
0.839956 7.01075e-05 -1 0.626772 0.237704 0.0146942 0.455823 150515 4 958.881 0.446467 6.8076 2 2 25.1921 0.507846 7.04313 2 2 0.0425039 5.28406e-05 28.3616 2 
0.854651 7.41876e-05 -1 0.630263 0.238214 0.0146942 0.464719 149837 4 255.01 0.254258 5.62757 2 2 24.74 0.547213 6.72391 2 2 0.0463965 3.83122e-05 34.7996 2 
0.869345 8.10063e-05 -1 0.633789 0.238756 0.0146942 0.473003 149377 4 858.641 0.200505 8.0895 2 2 27.008 0.670224 6.348 2 2 0.0478048 4.33468e-05 33.2091 2 
0.884039 9.22923e-05 -1 0.637326 0.239107 0.0146942 0.486284 147404 5 1236.9 0.13448 6.2049 2 2 27.524 0.853147 5.67994 2 2 0.0469352 4.71739e-05 31.5427 2 
0.898733 9.34885e-05 -1 0.64081 0.239484 0.0146942 0.4958 146640 4 1120.61 0.312668 7.73736 2 2 22.2524 0.723034 5.54765 2 2 0.0450818 4.98838e-05 30.0622 2 
0.913427 8.94225e-05 -1 0.644213 0.239703 0.0146942 0.503818 146339 3 52.9849 0.311478 5.54083 2 2 19.7596 1.10208 4.23431 2 2 0.0515521 5.28893e-05 31.2205 2 
0.928121 9.85202e-05 -1 0.647682 0.239763 0.0146942 0.512241 145931 4 760.334 0.125796 8.81727 2 3 30.38 0.885015 3.24997 2 2 0.054318 6.94201e-05 27.9724 2 
0.942816 0.000104238 -1 0.651197 0.239836 0.0146942 0.52279 144945 4 360.801 0.111554 7.54129 2 2 29.4215 1.33597 4.69283 2 2 0.0618906 8.23562e-05 27.4135 2 
0.95751 0.000107244 -1 0.654759 0.239869 0.0146942 0.534483 143690 5 844.67 0.223562 5.19347 2 2 31.8141 0.664225 6.92074 2 2 0.0601515 6.73366e-05 29.888 2 
0.972204 0.000114761 -1 0.658343 0.239815 0.0146942 0.542728 143394 4 890.887 0.232873 7.86459 2 2 28.2405 0.424227 8.159 2 2 0.0527725 5.68596e-05 30.465 2 
0.986898 0.000123927 -1 0.661927 0.239715 0.0146942 0.549581 143469 5 1376.68 0.328287 5.30293 2 2 25.989 0.534948 6.9701 2 2 0.0466347 5.91535e-05 28.0779 2 
1.00159 0.000138003 -1 0.665335 0.23965 0.0146942 0.555866 143689 5 1624.27 0.209092 5.99879 2 2 21.3093 0.935387 4.77297 2 2 0.0567523 8.02479e-05 26.5935 2 
1.01629 0.000139082 -1 0.668782 0.239444 0.0146942 0.562224 143886 5 769.533 0.184222 5.2988 2 2 43.4507 1.34137 5.69147 2 2 0.0675708 8.09231e-05 28.8964 2 
1.03098 0.000135369 -1 0.672257 0.239179 0.0146942 0.568955 143983 5 910.842 0.308471 4.94363 2 2 27.6538 1.29103 4.62817 2 2 0.075707 8.28394e-05 30.2308 2 
1.04567 0.000144846 -1 0.675769 0.238821 0.0146942 0.576927 143769 5 718.235 0.345913 4.60744 2 2 27.7604 1.44416 4.38435 2 2 0.0828153 8.27924e-05 31.6272 2 
1.06037 0.000151253 -1 0.679298 0.238569 0.0146942 0.585892 143317 5 1803.47 0.282411 5.76827 2 2 29.0836 1.46986 4.44822 2 2 0.0726269 7.34303e-05 31.4493 2 
1.07506 0.000144148 -1 0.682872 0.2382 0.0146942 0.592586 143426 4 75.8277 0.255943 4.14879 2 2 25.9374 1.5402 4.1037 2 3 0.0689557 7.03442e-06 21.4017 2 
1.08976 0.000142427 -1 0.686351 0.237808 0.0146942 0.599748 143420 4 780.511 0.240787 7.54547 2 2 36.1932 1.20374 5.48337 2 3 0.0675847 9.06031e-06 19.539 2 
1.10445 0.000138729 -1 0.689744 0.237215 0.0146942 0.606584 143492 4 818.95 0.227843 7.74293 2 2 32.2694 0.744856 6.58202 2 3 0.0753589 5.46535e-06 23.9794 2 
1.11915 0.000137348 -1 0.693162 0.236726 0.0146942 0.613576 143526 4 1563.44 0.178661 9.67192 2 2 35.0627 0.458375 8.74606 2 2 0.0706207 8.70339e-05 28.4854 2 
1.13384 0.000135495 -1 0.696624 0.236009 0.0146942 0.619956 143701 4 856.549 0.208702 8.00399 2 2 24.7197 0.610546 6.36301 2 2 0.0665274 9.17523e-05 26.9272 2 
1.14853 0.000142855 -1 0.700107 0.23548 0.0146942 0.626294 143881 4 701.011 0.148557 8.28815 2 2 35.9819 0.715553 7.09122 2 2 0.0707657 7.91357e-05 29.9037 2 
1.16323 0.000144386 -1 0.703627 0.234851 0.0146942 0.63313 143945 4 707.369 0.37575 6.58698 2 2 37.6135 0.710737 7.27474 2 2 0.0850642 7.01209e-05 34.8297 2 
1.17792 0.000149889 -1 0.707127 0.234146 0.0146942 0.640214 143952 4 806.012 0.398036 6.70818 2 2 45.2559 0.696035 8.06347 2 2 0.0927883 6.58715e-05 37.5317 2 
1.19262 0.000143116 -1 0.710541 0.233464 0.0146942 0.646975 144030 5 1268.78 0.147849 6.11946 2 2 47.289 0.635701 8.62489 2 2 0.0770698 6.39742e-05 34.7088 2 
1.20731 0.000136676 -1 0.713859 0.232863 0.0146942 0.653416 144178 4 1006.15 0.35599 7.29132 2 2 33.1649 0.573413 7.60511 2 2 0.0555521 6.80474e-05 28.5723 2 
1.222 0.000130986 -1 0.717177 0.232259 0.0146942 0.659792 144336 4 1876.09 0.412568 8.21183 2 2 25.4953 0.63756 6.32367 2 2 0.0689598 5.95309e-05 34.0351 2 
1.2367 0.000118445 -1 0.720547 0.231556 0.0146942 0.66698 144316 3 138.331 0.228026 8.46535 2 2 33.5738 0.813701 6.42345 2 2 0.0859274 5.21229e-05 40.6024 2 
1.25139 0.000120246 -1 0.723966 0.230949 0.0146942 0.673311 144480 5 1014.33 0.199067 5.51361 2 2 52.799 0.762545 8.32109 2 2 0.0989537 4.55522e-05 46.6081 2 
1.26609 0.000125797 -1 0.727415 0.230234 0.0146942 0.680038 144557 4 930.257 0.297775 7.47616 2 2 35.4842 0.637092 7.46305 2 2 0.112566 4.80373e-05 48.4077 2 
1.28078 0.000125254 -1 0.730867 0.229558 0.0146942 0.686117 144768 3 59.5322 0.130107 7.70579 2 2 39.9605 0.541312 8.59195 2 2 0.123006 4.71562e-05 51.0732 2 
1.29548 0.00012899 -1 0.734242 0.228895 0.0146942 0.692553 144902 4 2773.59 0.426621 8.97946 2 2 43.0951 0.606599 8.42874 2 2 0.118348 5.87513e-05 44.8819 2 
1.31017 0.000149562 -1 0.737582 0.228235 0.0146942 0.699864 144851 4 711.4 0.324387 6.84325 2 2 45.058 0.722563 7.89675 2 2 0.101233 8.23348e-05 35.0646 2 
1.32486 0.000149333 -1 0.740856 0.227594 0.0146942 0.710239 144177 4 763.662 0.35472 6.81168 2 2 46.1949 1.13626 6.37615 2 2 0.0940318 9.11546e-05 32.118 2 
1.33956 0.000151283 -1 0.744133 0.226961 0.0146942 0.717138 144218 4 807.374 0.153833 8.51151 2 2 39.5011 0.927737 6.52517 2 2 0.107783 8.20588e-05 36.2421 2 
1.35425 0.000150698 -1 0.74743 0.22627 0.0146942 0.723202 144424 4 716.111 0.335234 6.79842 2 2 33.5825 1.10942 5.50185 2 2 0.120589 6.67472e-05 42.5047 2 
1.36895 0.000150206 -1 0.750757 0.225689 0.0146942 0.7292 144641 4 1595.47 0.40923 7.90187 2 2 55.9333 1.34546 6.44762 2 2 0.130571 5.363e-05 49.3424 2 
1.38364 0.000131284 -1 0.754113 0.224992 0.0146942 0.736463 144605 4 753.866 0.320233 6.96558 2 2 35.8282 1.63128 4.68649 2 3 0.129519 7.30374e-06 26.0773 2 
1.39834 0.000123091 -1 0.757437 0.224282 0.0146942 0.742972 144716 3 43.5079 0.156649 6.5245 2 2 39.8503 1.12461 5.9527 2 3 0.127722 8.52139e-06 24.6557 2 
1.41303 0.000129257 -1 0.760722 0.223608 0.0146942 0.749883 144748 4 806 0.23598 7.64478 2 2 51.2957 0.520388 9.92835 2 2 0.127141 9.42883e-05 36.7209 2 
1.42772 0.000135517 -1 0.764 0.222896 0.0146942 0.756888 144761 4 724.781 0.291149 7.06355 2 2 79.1899 0.990644 8.94079 2 2 0.125882 8.31431e-05 38.9106 2 
1.44242 0.000125199 -1 0.76723 0.222182 0.0146942 0.763059 144932 4 160.741 0.175054 5.50476 2 2 54.1769 0.784663 8.30932 2 2 0.108376 7.39602e-05 38.2796 2 
1.45711 0.000121824 -1 0.77044 0.221532 0.0146942 0.769512 145048 4 539.74 0.294516 6.54288 2 2 53.9715 0.839561 8.01781 2 2 0.0985027 5.49688e-05 42.3317 2 
1.47181 0.000122025 -1 0.773663 0.220615 0.0146942 0.776337 145092 7 2446.73 0.341625 3.55402 2 2 55.9343 0.813823 8.29037 2 2 0.124021 5.45363e-05 47.6876 2 
1.4865 0.000136559 -1 0.776917 0.219843 0.0146942 0.783319 145106 4 191.945 0.342321 4.86615 2 2 71.5811 0.761349 9.69632 2 2 0.12319 6.15994e-05 44.7197 2 
1.50119 0.000142226 -1 0.780181 0.218991 0.0146942 0.789603 145248 5 1109.81 0.434058 4.80331 2 2 56.6364 0.475293 10.9161 2 2 0.137572 6.20024e-05 47.1043 2 
1.51589 0.000149333 -1 0.783401 0.218288 0.0146942 0.795937 145378 4 767.622 0.093471 9.51958 2 2 45.0754 0.786602 7.56994 2 2 0.150726 5.40745e-05 52.7956 2 
1.53058 0.000153279 -1 0.786577 0.217597 0.0146942 0.802637 145441 5 2869.99 0.126893 7.42828 2 2 50.6713 1.73978 5.39677 2 2 0.164987 6.75666e-05 49.4149 2 
1.54528 0.000148217 -1 0.789768 0.216825 0.0146942 0.808559 145642 3 172.605 0.120258 11.2801 2 3 125.562 0.863824 5.25788 2 2 0.166606 9.08785e-05 42.8168 2 
1.55997 0.000147592 -1 0.79293 0.215986 0.0146942 0.81604 145561 5 720.957 0.169502 5.31798 2 3 30.4997 0.740097 3.4541 2 2 0.155897 9.64262e-05 40.2088 2 
1.57467 0.000150825 -1 0.796068 0.215159 0.0146942 0.821959 145759 4 130.847 0.127951 5.65497 2 2 49.7585 0.798058 7.89616 2 2 0.160616 8.07158e-05 44.6082 2 
1.58936 0.000154809 -1 0.799195 0.21435 0.0146942 0.827779 145971 3 106.708 0.14103 9.11233 2 2 38.7685 0.498146 8.82188 2 2 0.168672 6.21956e-05 52.0765 2 
1.60405 0.000157239 -1 0.802347 0.213662 0.0146942 0.834146 146085 4 2502 0.189891 10.7139 2 2 43.6694 0.592786 8.58301 2 2 0.169502 5.29596e-05 56.5738 2 
1.61875 0.000150985 -1 0.805511 0.212838 0.0146942 0.840487 146201 5 555.157 0.326375 4.42731 2 2 48.8457 1.02894 6.88999 2 2 0.164737 6.47084e-05 50.4563 2 
1.63344 0.000143007 -1 0.80869 0.212093 0.0146942 0.846986 146288 5 860.156 0.276803 4.99438 2 2 60.8182 1.2843 6.8815 2 2 0.169285 7.7985e-05 46.5911 2 
1.64814 0.000131287 -1 0.811807 0.21138 0.0146942 0.853254 146414 4 648.547 0.24063 7.20523 2 2 63.4215 1.33854 6.8834 2 2 0.160656 9.07596e-05 42.0728 2 
1.66283 0.000123265 -1 0.814905 0.210735 0.0146942 0.860382 146391 5 670.763 0.323177 4.60708 2 3 151.248 0.380064 7.35548 2 3 0.165675 3.38659e-06 36.5733 2 
1.67752 0.00011749 -1 0.817966 0.210165 0.0146942 0.867326 146399 4 1787.94 0.327909 8.5931 2 2 71.621 1.50737 6.89304 2 3 0.163664 3.46354e-06 36.153 2 
1.69222 0.000102408 -1 0.821011 0.209577 0.0146942 0.873779 146490 4 575.19 0.38073 6.23445 2 2 67.0805 1.6132 6.44843 2 3 0.169803 6.25331e-06 30.0569 2 
1.70691 8.90266e-05 -1 0.824018 0.208867 0.0146942 0.880781 146488 4 3525.07 0.22682 11.1653 2 2 41.5582 1.54465 5.18697 2 3 0.179634 8.53005e-06 27.615 2 
1.72161 9.77983e-05 -1 0.82705 0.208127 0.0146942 0.887791 146485 4 1284.27 0.19493 9.00936 2 2 67.0748 0.670244 10.0038 2 3 0.173487 5.70885e-06 31.2061 2 
1.7363 9.91401e-05 -1 0.830098 0.207405 0.0146942 0.893682 146665 3 170.975 0.209444 9.34591 2 2 52.3506 0.556517 9.69888 2 2 0.194235 9.24147e-05 45.8451 2 
1.751 9.78281e-05 -1 0.833179 0.20672 0.0146942 0.900043 146766 4 1688.44 0.2321 9.23533 2 2 39.4448 0.539648 8.54948 2 2 0.204066 9.82568e-05 45.5727 2 
1.76569 0.000111459 -1 0.83627 0.206189 0.0146942 0.906361 146873 4 631.812 0.188374 7.61013 2 3 159.321 0.281154 8.27516 2 2 0.219646 9.82238e-05 47.2882 2 
1.78038 0.00011301 -1 0.83936 0.205549 0.0146942 0.913098 146911 4 660.702 0.428882 6.26494 2 2 51.0501 0.794184 8.01748 2 2 0.24259 9.30163e-05 51.0689 2 
1.79508 9.76419e-05 -1 0.842387 0.204957 0.0146942 0.919466 147007 4 716.316 0.418995 6.43019 2 2 38.9109 0.674885 7.59312 2 2 0.224083 7.78581e-05 53.6479 2 
1.80977 9.09872e-05 -1 0.845397 0.204552 0.0146942 0.928109 146741 4 1112.93 0.224784 8.38834 2 2 55.2228 1.04858 7.25703 2 2 0.21983 8.72923e-05 50.1829 2 
1.82447 9.10846e-05 -1 0.848365 0.204039 0.0146942 0.935841 146623 4 674.918 0.447793 6.23079 2 2 63.5605 0.677307 9.68726 2 2 0.208102 8.79203e-05 48.6512 2 
1.83916 9.46319e-05 -1 0.851274 0.203756 0.0146942 0.941871 146772 4 729.43 0.280613 7.14034 2 2 60.3729 0.56075 10.3762 2 2 0.194366 7.52018e-05 50.8388 2 
1.85385 9.37569e-05 -1 0.854177 0.202946 0.0146942 0.948998 146748 5 3489.04 0.358825 6.27429 2 2 51.8304 0.696014 8.62945 2 2 0.202576 8.92999e-05 47.6286 2 
1.86855 0.000121528 -1 0.857125 0.202378 0.0146942 0.954776 146933 3 305.775 0.313613 9.916 2 2 82.2521 1.31339 7.91364 2 2 0.193438 8.95184e-05 46.4852 2 
1.88324 0.000142649 -1 0.860092 0.201832 0.0146942 0.961032 147042 5 1449.73 0.122676 6.52387 2 2 150.41 1.62285 9.6272 2 2 0.203641 8.82938e-05 48.025 2 
1.89794 0.000141945 -1 0.863095 0.201416 0.0146942 0.968004 147041 4 421.351 0.294983 6.14769 2 2 56.3663 1.10315 7.14814 2 3 0.210744 3.54952e-06 39.0118 2 
1.91263 0.000127846 -1 0.866113 0.200991 0.0146942 0.974526 147107 4 965.846 0.327691 7.36819 2 2 69.5753 1.24477 7.47625 2 3 0.219148 4.07223e-06 37.7545 2 
1.92733 0.000111482 -1 0.869158 0.200584 0.0146942 0.981336 147130 3 100.778 0.210415 7.82402 2 2 32.532 0.682641 6.90334 2 3 0.239682 4.30445e-06 38.1861 2 
1.94202 0.000106145 -1 0.872147 0.200092 0.0146942 0.988349 147122 4 665.782 0.309416 6.81079 2 2 30.7001 0.597266 7.16946 2 3 0.236615 4.13195e-06 38.5445 2 
1.95671 0.000103696 -1 0.875102 0.199725 0.0146942 0.995164 147144 4 703.126 0.232772 7.41354 2 2 89.4511 1.82736 6.9965 2 3 0.228933 4.03377e-06 38.4296 2 
1.97141 0.000103176 -1 0.877978 0.19943 0.0146942 1.00229 147119 4 619.258 0.142565 8.11829 2 2 46.59 0.754489 7.85815 2 3 0.211873 4.19827e-06 36.9546 2 
1.9861 0.000103913 -1 0.880811 0.198677 0.0146942 1.0097 147053 7 3880.55 0.416727 3.68983 2 2 41.0925 0.824642 7.05909 2 3 0.177628 4.22616e-06 34.7687 2 
2.0008 0.000124356 -1 0.883639 0.198297 0.0146942 1.01692 147017 3 361.073 0.290228 10.7552 2 2 69.8929 0.855064 9.04102 2 3 0.173982 4.14091e-06 34.7645 2 
2.01549 0.000116882 -1 0.886494 0.198228 0.0146942 1.02389 147016 5 3595.62 0.386721 6.21835 2 3 143.297 0.586013 6.25331 2 3 0.178264 5.79381e-06 31.3353 2 
2.03018 9.86544e-05 -1 0.889388 0.197713 0.0146942 1.03077 147028 4 1145.4 0.306503 7.81862 2 2 68.8039 1.26726 7.36842 2 3 0.188586 7.9948e-06 28.6792 2 
2.04488 0.000109851 -1 0.892317 0.197183 0.0146942 1.03865 146898 5 734.437 0.356011 4.60149 2 2 46.8168 1.31485 5.9671 2 3 0.198274 5.54912e-06 32.9367 2 
2.05957 0.000121491 -1 0.89526 0.196807 0.0146942 1.04467 147032 3 218.183 0.273051 9.27952 2 2 43.4619 1.2486 5.89988 2 2 0.198792 9.08269e-05 46.7834 2 
2.07427 0.000124862 -1 0.898232 0.196513 0.0146942 1.05162 147035 3 134.659 0.268432 7.94573 2 2 45.8501 0.834742 7.41129 2 2 0.227392 7.06677e-05 56.7253 2 
2.08896 0.000123566 -1 0.901213 0.196273 0.0146942 1.0575 147185 3 121.245 0.258559 7.76905 2 2 139.024 1.51499 9.57942 2 2 0.221161 8.16906e-05 52.0317 2 
2.10366 0.000121065 -1 0.904185 0.196048 0.0146942 1.06378 147278 4 648.444 0.29977 6.81979 2 2 52.0077 0.945486 7.41662 2 2 0.204229 9.58793e-05 46.1525 2 
2.11835 0.000119084 -1 0.907022 0.195824 0.0146942 1.07088 147259 4 680.497 0.14579 8.26561 2 2 36.3919 0.779037 6.83477 2 3 0.166634 4.36216e-06 33.6786 2 
2.13304 0.000124032 -1 0.909794 0.195552 0.0146942 1.07783 147259 4 2873.71 0.189599 11.0956 2 2 148.689 1.77188 9.16058 2 3 0.154672 4.45474e-06 32.6234 2 
2.14774 0.000123765 -1 0.912574 0.195271 0.0146942 1.08546 147167 4 641.188 0.282732 6.90085 2 2 97.403 0.664567 12.1064 2 3 0.156477 4.71783e-06 32.1294 2 
2.16243 0.000125648 -1 0.915374 0.194897 0.0146942 1.0924 147170 4 3414.42 0.26746 10.6295 2 2 64.5359 0.433035 12.2079 2 3 0.173809 5.0412e-06 32.5472 2 
2.17713 0.000123022 -1 0.918181 0.194535 0.0146942 1.09963 147133 3 289.973 0.356864 9.3315 2 2 67.1691 0.747315 9.48053 2 3 0.176521 5.5739e-06 31.6382 2 
2.19182 0.000119975 -1 0.921036 0.1942 0.0146942 1.10627 147176 4 558.518 0.20767 7.20138 2 2 42.3371 1.48315 5.34279 2 3 0.183779 6.19723e-06 30.9528 2 
2.20651 0.000116021 -1 0.923913 0.193914 0.0146942 1.11342 147150 4 742.918 0.411104 6.51999 2 3 144.492 0.408068 7.07463 2 3 0.198886 6.18599e-06 31.7979 2 
2.22121 0.000115586 -1 0.926818 0.193703 0.0146942 1.12061 147120 3 97.7638 0.192184 7.98277 2 2 31.93 0.353061 9.50986 2 3 0.195136 5.55619e-06 32.7481 2 
2.2359 0.000114842 -1 0.929732 0.19351 0.0146942 1.12743 147138 3 113.045 0.199465 8.2755 2 2 43.7273 0.454332 9.81047 2 3 0.184985 5.23541e-06 32.8142 2 
2.2506 0.000116154 -1 0.932661 0.193338 0.0146942 1.13474 147093 3 58.2432 0.207841 6.54392 2 2 50.9211 0.621598 9.05095 2 3 0.163267 5.06727e-06 31.8206 2 
2.26529 0.000118616 -1 0.935557 0.193144 0.0146942 1.14177 147084 5 2926.86 0.189468 6.88293 2 2 146.559 1.76201 9.12015 2 3 0.130623 4.7442e-06 30.1962 2 
2.27999 0.000118755 -1 0.938415 0.192947 0.0146942 1.14899 147051 4 742.196 0.38131 6.64217 2 2 78.3745 0.907111 9.29516 2 3 0.14678 4.21e-06 32.6684 2 
2.29468 0.000118409 -1 0.941142 0.192651 0.0146942 1.15646 146987 4 3493.11 0.424498 9.52432 2 2 79.2208 0.897336 9.39598 2 3 0.162824 4.3176e-06 33.5345 2 
2.30937 0.000107837 -1 0.943892 0.192434 0.0146942 1.16361 146963 4 1072.42 0.231886 8.24656 2 2 51.9023 1.01134 7.16381 2 3 0.17476 4.60219e-06 33.6119 2 
2.32407 0.00010431 -1 0.946648 0.192263 0.0146942 1.17122 146883 5 717.693 0.234753 4.97812 2 2 47.9869 0.982957 6.98705 2 2 0.175796 8.47641e-05 45.5406 2 
2.33876 0.000101329 -1 0.949427 0.192205 0.0146942 1.17795 146912 4 570.639 0.228538 7.06888 2 2 158.401 1.27628 11.1405 2 3 0.171228 4.83025e-06 32.85 2 
2.35346 9.80137e-05 -1 0.95223 0.192104 0.0146942 1.18455 146959 3 306.639 0.301659 10.0547 2 2 44.3765 1.08724 6.38873 2 3 0.174395 6.92605e-06 29.31 2 
2.36815 9.61966e-05 -1 0.955071 0.192013 0.0146942 1.19186 146917 4 707.485 0.197962 7.73186 2 2 32.9363 0.672739 6.99703 2 3 0.169433 7.5805e-06 28.1687 2 
2.38284 9.94234e-05 -1 0.957931 0.191928 0.0146942 1.19863 146942 3 42.8371 0.196731 6.01611 2 2 47.5373 0.59775 8.9178 2 3 0.154014 4.25929e-06 33.068 2 
2.39754 0.000102447 -1 0.960803 0.191842 0.0146942 1.2053 146977 4 3255.97 0.259781 10.5808 2 2 35.6899 0.517788 8.30227 2 3 0.126623 4.59778e-06 30.1987 2 
2.41223 0.000106067 -1 0.963662 0.191812 0.0146942 1.212 147009 3 273.361 0.355987 9.1573 2 2 135.087 1.83035 8.59091 2 3 0.135635 4.85099e-06 30.3516 2 
2.42693 0.000110686 -1 0.96652 0.191547 0.0146942 1.21965 146928 5 3394.02 0.421868 6.04098 2 2 79.5188 0.90853 9.35546 2 3 0.153653 4.92075e-06 31.4898 2 
2.44162 0.000132662 -1 0.969363 0.191372 0.0146942 1.22712 146867 4 699.849 0.334594 6.76272 2 2 63.4497 0.543718 10.8026 2 3 0.164418 4.9757e-06 32.0897 2 
2.45632 0.000129961 -1 0.97219 0.191325 0.0146942 1.2344 146830 4 1156.13 0.394487 7.35773 2 2 38.1933 0.560606 8.25401 2 3 0.168924 5.31319e-06 31.6795 2 
2.47101 0.000116605 -1 0.974933 0.191458 0.0146942 1.2415 146815 4 599.846 0.21716 7.24962 2 2 37.7109 0.443326 9.22299 2 3 0.168987 5.55336e-06 31.2199 2 
2.4857 0.0001139 -1 0.977681 0.191445 0.0146942 1.24869 146791 4 670.611 0.294908 6.90552 2 3 139.507 0.183323 9.12977 2 3 0.161047 5.16294e-06 31.4788 2 
2.5004 0.000104832 -1 0.980432 0.191446 0.0146942 1.25537 146826 3 76.2018 0.161553 7.78425 2 2 22.9291 0.477437 6.93003 2 3 0.154505 4.40762e-06 32.7275 2 
2.51509 0.00010264 -1 0.983211 0.191453 0.0146942 1.26245 146812 3 327.697 0.230793 11.2396 2 2 44.6375 0.585976 8.72791 2 3 0.14811 4.19264e-06 32.812 2 
2.52979 9.94898e-05 -1 0.986023 0.191425 0.0146942 1.2696 146793 4 682.485 0.24699 7.25026 2 2 45.8158 0.815279 7.49643 2 3 0.135397 3.97331e-06 32.4204 2 
2.54448 0.000100775 -1 0.988858 0.191376 0.0146942 1.27645 146808 4 2882.94 0.328132 9.68159 2 2 32.8305 0.529964 7.87074 2 3 0.12368 3.67208e-06 32.2946 2 
2.55917 0.000124112 -1 0.99169 0.1915 0.0146942 1.28348 146800 4 3309.97 0.433298 9.34888 2 2 126.053 1.72824 8.54032 2 3 0.14087 3.56778e-06 34.0518 2 
2.57387 0.000116543 -1 0.994531 0.19152 0.0146942 1.28936 146926 3 189.404 0.163966 10.4925 2 2 60.5942 0.696302 9.32861 2 2 0.155694 9.69884e-05 40.066 2 
2.58856 0.00010932 -1 0.997374 0.19151 0.0146942 1.2957 146997 3 228.34 0.152173 11.4485 2 2 85.238 1.21847 8.36391 2 2 0.158817 9.13529e-05 41.6954 2 
2.60326 0.0001091 -1 1.00022 0.19146 0.0146942 1.3022 147049 4 1187.46 0.426722 7.26304 2 2 32.218 0.569704 7.52012 2 2 0.159683 7.46399e-05 46.2534 2 
2.61795 0.000123489 -1 1.00306 0.191478 0.0146942 1.30853 147120 4 660.771 0.284579 6.94164 2 2 31.2234 0.573263 7.38012 2 2 0.160781 7.82086e-05 45.3408 2 
2.63265 0.00013075 -1 1.00589 0.191534 0.0146942 1.3149 147186 4 602.498 0.181104 7.59463 2 2 117.38 0.951174 11.1088 2 2 0.138395 8.77806e-05 39.7065 2 
2.64734 0.000127992 -1 1.00865 0.191605 0.0146942 1.32141 147237 4 684.419 0.379794 6.51544 2 2 29.1495 0.956477 5.5205 2 2 0.136569 8.69206e-05 39.6382 2 
2.66203 0.000121689 -1 1.0114 0.191737 0.0146942 1.32785 147294 3 74.5259 0.15293 7.86933 2 2 42.8945 1.09085 6.27075 2 2 0.130849 9.36203e-05 37.3853 2 
2.67673 0.000119897 -1 1.01416 0.191836 0.0146942 1.33517 147253 4 347.481 0.112052 7.4624 2 2 43.4407 1.056 6.4138 2 3 0.121731 4.01261e-06 31.1883 2 
2.69142 0.000125955 -1 1.01697 0.191959 0.0146942 1.34205 147261 4 2830.26 0.176256 11.2569 2 2 37.7634 1.21869 5.56659 2 3 0.132778 7.5282e-06 26.0303 2 
2.70612 0.000127351 -1 1.01978 0.191956 0.0146942 1.34925 147234 4 2970.87 0.440587 9.06177 2 2 125.706 1.71097 8.5715 2 3 0.144657 6.47085e-06 28.1704 2 
2.72081 0.000149898 -1 1.02262 0.192011 0.0146942 1.35622 147232 4 183.9 0.245475 5.23171 2 2 41.6614 0.715885 7.62861 2 3 0.148665 4.24023e-06 32.7295 2 
2.7355 0.000157384 -1 1.02545 0.192059 0.0146942 1.36377 147169 4 172.496 0.328572 4.78671 2 2 44.6935 0.484318 9.60631 2 3 0.158879 4.24605e-06 33.4473 2 
2.7502 0.000161973 -1 1.02831 0.192154 0.0146942 1.3701 147236 3 134.429 0.192072 8.87856 2 2 76.3458 1.08772 8.37788 2 2 0.155954 9.76649e-05 39.9604 2 
2.76489 0.000163753 -1 1.03116 0.192302 0.0146942 1.37635 147311 4 1307.71 0.308028 8.07199 2 2 26.1912 0.375004 8.35718 2 2 0.151566 9.57769e-05 39.7805 2 
2.77959 0.000158839 -1 1.03402 0.192454 0.0146942 1.3833 147311 4 621.821 0.196551 7.49976 2 2 99.1254 1.59797 7.87605 2 2 0.13435 9.81098e-05 37.0053 2 
2.79428 0.000164293 -1 1.03686 0.192529 0.0146942 1.3897 147370 4 676.805 0.223528 7.41794 2 2 30.0979 0.3179 9.73021 2 2 0.123815 9.83013e-05 35.4901 2 
2.80898 0.000164373 -1 1.03969 0.192682 0.0146942 1.3964 147396 4 593.341 0.195807 7.41941 2 2 40.7693 0.420336 9.84845 2 2 0.121769 9.69531e-05 35.4395 2 
2.82367 0.000165525 -1 1.04246 0.19278 0.0146942 1.4029 147443 3 71.7448 0.145889 7.89326 2 2 42.7216 0.530277 8.97579 2 2 0.115504 9.36785e-05 35.1139 2 
2.83836 0.000169555 -1 1.04523 0.192865 0.0146942 1.4094 147490 5 3074.68 0.0747327 8.37255 2 2 39.0123 1.13383 5.86579 2 2 0.125554 9.46086e-05 36.4293 2 
2.85306 0.000167322 -1 1.04802 0.192922 0.0146942 1.41609 147516 4 2372.87 0.244972 9.92063 2 3 26.2782 0.477815 3.80287 2 2 0.13802 8.94381e-05 39.2834 2 
2.86775 0.000174099 -1 1.05085 0.19301 0.0146942 1.42241 147581 4 653.02 0.41252 6.30769 2 3 105.64 0.704135 5.31363 2 2 0.142327 9.39623e-05 38.9195 2 
2.88245 0.000182529 -1 1.05369 0.193118 0.0146942 1.43358 147145 3 148.354 0.156947 9.81406 2 2 39.3822 1.21019 5.70458 2 2 0.148826 8.3032e-05 42.3367 2 
2.89714 0.000185618 -1 1.05655 0.193188 0.0146942 1.44227 146969 3 121.83 0.313319 7.29888 2 2 34.3026 0.528336 8.05766 2 2 0.150054 6.82405e-05 46.8924 2 
2.91183 0.000185947 -1 1.05941 0.193156 0.0146942 1.44923 146969 4 1245.41 0.36559 7.63976 2 2 32.5879 0.57178 7.54943 2 2 0.14124 6.39467e-05 46.9969 2 
2.92653 0.00018808 -1 1.06228 0.193247 0.0146942 1.45938 146648 5 638.905 0.184057 5.10619 2 2 48.2203 0.760855 7.96093 2 2 0.133208 7.0081e-05 43.5978 2 
2.94122 0.00018767 -1 1.06515 0.193363 0.0146942 1.46562 146723 3 61.3777 0.168591 7.14044 2 2 80.8269 0.916949 9.3887 2 2 0.116511 7.48939e-05 39.4421 2 
2.95592 0.000186557 -1 1.06802 0.193478 0.0146942 1.4813 145861 5 759.774 0.266097 4.91054 2 2 37.9638 0.978558 6.22862 2 2 0.115497 7.34752e-05 39.6474 2 
2.97061 0.000179033 -1 1.07086 0.193622 0.0146942 1.4875 145942 3 530.151 0.406272 10.9277 2 2 40.821 1.24683 5.72188 2 2 0.112837 7.66155e-05 38.3766 2 
2.98531 0.000172516 -1 1.07365 0.193726 0.0146942 1.49395 145997 5 660.651 0.310987 4.62856 2 2 39.9721 1.22075 5.72223 2 2 0.11151 8.23462e-05 36.7989 2 
3 0.000166672 -1 1.07643 0.193698 0.0146942 1.51028 145096 5 2838.05 0.270102 6.37233 2 2 38.4551 1.27951 5.4822 2 2 0.127846 8.44958e-05 38.8979 2 

# Multigrid, 214 steps, 1.48621 CPU, 1.52 real, 1.44e+05 points.step/s, 23 var
