0 0.00999774
0.0338878 0.00999196
0.0677756 0.00997526
0.101663 0.00994807
0.135551 0.00991069
0.169439 0.00986308
0.203327 0.00980509
0.237215 0.0097371
0.271102 0.00965972
0.30499 0.00957296
0.338878 0.00947677
0.372766 0.00937154
0.406653 0.00925728
0.440541 0.00913427
0.474429 0.00900277
0.508317 0.00886315
0.542205 0.0087158
0.576092 0.00856088
0.60998 0.00839836
0.643868 0.00822829
0.677756 0.00805089
0.711644 0.00786629
0.745531 0.0076744
0.779419 0.00747799
0.813307 0.00727757
0.847195 0.00707179
0.881082 0.0068598
0.91497 0.00664162
0.948858 0.00641782
0.982746 0.00618888
1.01663 0.00595508
1.05052 0.00571674
1.08441 0.00547411
1.1183 0.00522752
1.15218 0.00497735
1.18607 0.00472385
1.21996 0.00446735
1.25385 0.0042081
1.28774 0.0039464
1.32162 0.0036823
1.35551 0.00341512
1.3894 0.00314714
1.42329 0.00287941
1.45717 0.0026117
1.49106 0.00234346
1.52495 0.00207443
1.55884 0.00180472
1.59273 0.00153464
1.62661 0.00126454
1.6605 0.000994735
1.69439 0.000725496
1.72828 0.000457142
1.76216 0.00018998
1.79605 7.53393e-05
1.82994 0.000339184
1.86383 0.000600891
1.89772 0.000860172
1.9316 0.00111677
1.96549 0.00137051
1.99938 0.00162119
2.03327 0.00186851
2.06716 0.00211222
2.10104 0.00235222
2.13493 0.00258842
2.16882 0.00282065
2.20271 0.00304869
2.23659 0.00327231
2.27048 0.00349124
2.30437 0.00370533
2.33826 0.00391459
2.37215 0.00411893
2.40603 0.00431788
2.43992 0.00451139
2.47381 0.00469935
2.5077 0.0048816
2.54158 0.00505798
2.57547 0.00522832
2.60936 0.0053925
2.64325 0.0055504
2.67714 0.00570186
2.71102 0.0058468
2.74491 0.00598522
2.7788 0.00611697
2.81269 0.0062419
2.84657 0.00635993
2.88046 0.00647104
2.91435 0.00657526
2.94824 0.00667258
2.98213 0.00676302
3.01601 0.00684653
3.0499 0.00692305
3.08379 0.0069925
3.11768 0.00705486
3.15156 0.00711011
3.18545 0.00715823
3.21934 0.00719928
3.25323 0.00723326
3.28712 0.00726011
3.321 0.00727991
3.35489 0.00729272
3.38878 0.00729846
3.42267 0.00729706
3.45655 0.00728859
3.49044 0.00727323
3.52433 0.00725116
3.55822 0.00722251
3.59211 0.00718733
3.62599 0.00714562
3.65988 0.00709738
3.69377 0.00704264
3.72766 0.0069815
3.76154 0.00691413
3.79543 0.00684067
3.82932 0.0067612
3.86321 0.00667582
3.8971 0.00658478
3.93098 0.00648825
3.96487 0.00638615
3.99876 0.00627862
4.03265 0.00616592
4.06653 0.00604814
4.10042 0.00592545
4.13431 0.00579801
4.1682 0.00566594
4.20209 0.00552941
4.23597 0.00538855
4.26986 0.0052435
4.30375 0.00509446
4.33764 0.00494162
4.37152 0.00478515
4.40541 0.00462521
4.4393 0.00446198
4.47319 0.00429555
4.50708 0.00412614
4.54096 0.00395401
4.57485 0.00377892
4.60874 0.00360099
4.64263 0.00342209
4.67651 0.00324238
4.7104 0.00306142
4.74429 0.00287887
4.77818 0.00269467
4.81207 0.00250891
4.84595 0.00232187
4.87984 0.00213394
4.91373 0.00194541
4.94762 0.00175637
4.9815 0.00156694
5.01539 0.00137723
5.04928 0.00118747
5.08317 0.000997888
5.11706 0.000808681
5.15094 0.000620019
5.18483 0.000432062
5.21872 0.000244983
5.25261 5.89951e-05
5.28649 0.000125516
5.32038 0.000308793
5.35427 0.000490384
5.38816 0.000670103
5.42205 0.000847792
5.45593 0.00102326
5.48982 0.00119635
5.52371 0.00136701
5.5576 0.0015352
5.59149 0.00170072
5.62537 0.00186332
5.65926 0.0020229
5.69315 0.00217938
5.72704 0.00233263
5.76092 0.00248254
5.79481 0.00262897
5.8287 0.00277177
5.86259 0.0029108
5.89648 0.00304603
5.93036 0.00317745
5.96425 0.00330482
5.99814 0.00342794
6.03203 0.00354676
6.06591 0.00366126
6.0998 0.00377137
6.13369 0.00387704
6.16758 0.00397821
6.20147 0.00407475
6.23535 0.00416656
6.26924 0.0042535
6.30313 0.00433553
6.33702 0.00441275
6.3709 0.0044853
6.40479 0.00455319
6.43868 0.00461638
6.47257 0.00467479
6.50646 0.00472836
6.54034 0.00477706
6.57423 0.00482087
6.60812 0.00485978
6.64201 0.00489377
6.67589 0.00492281
6.70978 0.00494691
6.74367 0.00496609
6.77756 0.00498038
6.81145 0.00498968
6.84533 0.00499417
6.87922 0.00499392
6.91311 0.00498882
6.947 0.00497886
6.98088 0.00496416
7.01477 0.00494477
7.04866 0.00492073
7.08255 0.00489213
7.11644 0.00485914
7.15032 0.00482167
7.18421 0.00477953
7.2181 0.00473305
7.25199 0.00468243
7.28587 0.00462749
7.31976 0.00456849
7.35365 0.00450544
7.38754 0.00443847
7.42143 0.00436767
7.45531 0.00429316
7.4892 0.00421503
7.52309 0.00413338
7.55698 0.00404825
7.59086 0.00395968
7.62475 0.0038675
7.65864 0.00377305
7.69253 0.00367664
7.72642 0.00357786
7.7603 0.00347628
7.79419 0.00337183
7.82808 0.00326459
7.86197 0.00315476
7.89585 0.00304257
7.92974 0.00292821
7.96363 0.00281178
7.99752 0.00269331
8.03141 0.0025729
8.06529 0.00245079
8.09918 0.00232721
8.13307 0.00220231
8.16696 0.0020762
8.20084 0.00194903
8.23473 0.00182101
8.26862 0.00169219
8.30251 0.00156265
8.3364 0.00143254
8.37028 0.00130198
8.40417 0.00117105
8.43806 0.0010399
8.47195 0.000908613
8.50583 0.000777318
8.53972 0.000646124
8.57361 0.000515155
8.6075 0.000384547
8.64139 0.000254431
8.67527 0.000124953
8.70916 6.19205e-06
8.74305 0.000131572
8.77694 0.000258415
8.81082 0.000384082
8.84471 0.000508403
8.8786 0.000631274
8.91249 0.000752746
8.94638 0.00087264
8.98026 0.000990692
9.01415 0.00110674
9.04804 0.00122075
9.08193 0.00133278
9.11582 0.00144284
9.1497 0.00155086
9.18359 0.00165671
9.21748 0.00176024
9.25137 0.00186133
9.28525 0.00195986
9.31914 0.00205577
9.35303 0.002149
9.38692 0.00223949
9.42081 0.00232717
9.45469 0.00241199
9.48858 0.00249391
9.52247 0.00257286
9.55636 0.00264883
9.59024 0.00272176
9.62413 0.00279137
9.65802 0.00285755
9.69191 0.00292061
9.7258 0.00298073
9.75968 0.00303775
9.79357 0.00309153
9.82746 0.003142
9.86135 0.00318913
9.89523 0.00323291
9.92912 0.00327331
9.96301 0.00331031
9.9969 0.0033439
10.0308 0.00337406
10.0647 0.00340078
10.0986 0.00342406
10.1324 0.0034439
10.1663 0.0034603
10.2002 0.00347327
10.2341 0.00348283
10.268 0.00348901
10.3019 0.00349182
10.3358 0.00349128
10.3697 0.00348739
10.4036 0.00348019
10.4374 0.0034697
10.4713 0.00345596
10.5052 0.00343899
10.5391 0.00341885
10.573 0.00339557
10.6069 0.00336919
10.6408 0.00333976
10.6747 0.00330733
10.7085 0.00327196
10.7424 0.00323371
10.7763 0.00319263
10.8102 0.0031488
10.8441 0.00310228
10.878 0.00305314
10.9119 0.00300142
10.9458 0.0029472
10.9796 0.00289054
11.0135 0.00283153
11.0474 0.00277024
11.0813 0.00270676
11.1152 0.00264114
11.1491 0.00257347
11.183 0.00250384
11.2169 0.00243232
11.2507 0.00235899
11.2846 0.00228398
11.3185 0.00220737
11.3524 0.00212912
11.3863 0.00204928
11.4202 0.0019681
11.4541 0.00188571
11.488 0.00180213
11.5218 0.00171743
11.5557 0.00163171
11.5896 0.00154506
11.6235 0.00145756
11.6574 0.00136931
11.6913 0.00128038
11.7252 0.00119087
11.7591 0.00110085
11.793 0.00101042
11.8268 0.000919669
11.8607 0.000828703
11.8946 0.000737619
11.9285 0.000646505
11.9624 0.000555439
11.9963 0.000464496
12.0302 0.000373752
12.0641 0.000283288
12.0979 0.000193184
12.1318 0.000103535
12.1657 1.44157e-05
12.1996 7.40185e-05
12.2335 0.000161862
12.2674 0.000248942
12.3013 0.000335178
12.3352 0.000420516
12.369 0.000504778
12.4029 0.000587875
12.4368 0.000669812
12.4707 0.000750561
12.5046 0.000830023
12.5385 0.000908109
12.5724 0.000984769
12.6063 0.00105995
12.6401 0.00113359
12.674 0.0012056
12.7079 0.00127591
12.7418 0.00134444
12.7757 0.00141114
12.8096 0.00147597
12.8435 0.00153888
12.8774 0.00159984
12.9112 0.0016588
12.9451 0.00171575
12.979 0.00177064
13.0129 0.00182343
13.0468 0.0018741
13.0807 0.0019226
13.1146 0.0019689
13.1485 0.002013
13.1823 0.00205483
13.2162 0.00209439
13.2501 0.00213166
13.284 0.00216662
13.3179 0.00219925
13.3518 0.00222956
13.3857 0.00225751
13.4196 0.0022831
13.4535 0.00230632
13.4873 0.00232717
13.5212 0.00234564
13.5551 0.00236173
13.589 0.00237544
13.6229 0.00238678
13.6568 0.00239575
13.6907 0.00240236
13.7246 0.00240663
13.7584 0.00240858
13.7923 0.00240822
13.8262 0.00240555
13.8601 0.00240062
13.894 0.00239343
13.9279 0.00238399
13.9618 0.00237232
13.9957 0.00235844
14.0295 0.00234238
14.0634 0.00232415
14.0973 0.00230378
14.1312 0.00228133
14.1651 0.00225683
14.199 0.00223032
14.2329 0.00220185
14.2668 0.00217147
14.3006 0.00213921
14.3345 0.00210513
14.3684 0.00206926
14.4023 0.00203165
14.4362 0.00199235
14.4701 0.00195141
14.504 0.00190887
14.5379 0.0018648
14.5717 0.00181924
14.6056 0.00177225
14.6395 0.0017239
14.6734 0.00167424
14.7073 0.00162334
14.7412 0.00157124
14.7751 0.00151802
14.809 0.00146372
14.8429 0.00140841
14.8767 0.00135215
14.9106 0.001295
14.9445 0.00123702
14.9784 0.00117827
15.0123 0.00111881
15.0462 0.00105871
15.0801 0.000998014
15.114 0.000936799
15.1478 0.000875121
15.1817 0.00081304
15.2156 0.000750618
15.2495 0.000687918
15.2834 0.000624999
15.3173 0.000561925
15.3512 0.000498757
15.3851 0.000435557
15.4189 0.000372383
15.4528 0.000309297
15.4867 0.000246356
15.5206 0.000183623
15.5545 0.000121155
15.5884 5.90143e-05
15.6223 4.61808e-06
15.6562 6.38383e-05
15.69 0.000124703
15.7239 0.000185
15.7578 0.00024467
15.7917 0.000303654
15.8256 0.000361967
15.8595 0.000419553
15.8934 0.000476319
15.9273 0.000532178
15.9611 0.000587093
15.995 0.000641066
16.0289 0.000694093
16.0628 0.000746133
16.0967 0.00079712
16.1306 0.000846984
16.1645 0.000895662
16.1984 0.000943103
16.2323 0.000989271
16.2661 0.00103414
16.3 0.00107768
16.3339 0.00111987
16.3678 0.00116069
16.4017 0.0012001
16.4356 0.0012381
16.4695 0.00127464
16.5034 0.00130971
16.5372 0.00134329
16.5711 0.00137535
16.605 0.00140586
16.6389 0.00143482
16.6728 0.00146221
16.7067 0.001488
16.7406 0.00151218
16.7745 0.00153474
16.8083 0.00155567
16.8422 0.00157496
16.8761 0.0015926
16.91 0.00160859
16.9439 0.00162293
16.9778 0.0016356
17.0117 0.00164663
17.0456 0.00165599
17.0794 0.00166371
17.1133 0.00166978
17.1472 0.00167421
17.1811 0.00167701
17.215 0.0016782
17.2489 0.00167777
17.2828 0.00167575
17.3167 0.00167214
17.3505 0.00166696
17.3844 0.00166022
17.4183 0.00165195
17.4522 0.00164216
17.4861 0.00163086
17.52 0.00161809
17.5539 0.00160386
17.5878 0.0015882
17.6216 0.00157113
17.6555 0.00155268
17.6894 0.00153288
17.7233 0.00151175
17.7572 0.00148933
17.7911 0.00146564
17.825 0.00144072
17.8589 0.0014146
17.8928 0.00138731
17.9266 0.00135888
17.9605 0.00132936
17.9944 0.00129877
18.0283 0.00126716
18.0622 0.00123456
18.0961 0.00120101
18.13 0.00116656
18.1639 0.00113123
18.1977 0.00109507
18.2316 0.00105812
18.2655 0.00102042
18.2994 0.000982017
18.3333 0.000942947
18.3672 0.000903255
18.4011 0.000862984
18.435 0.000822175
18.4688 0.000780872
18.5027 0.000739119
18.5366 0.000696959
18.5705 0.000654435
18.6044 0.000611592
18.6383 0.000568472
18.6722 0.000525119
18.7061 0.000481578
18.7399 0.00043789
18.7738 0.000394101
18.8077 0.000350252
18.8416 0.000306385
18.8755 0.000262544
18.9094 0.000218769
18.9433 0.000175103
18.9772 0.000131586
19.011 8.82597e-05
19.0449 4.51654e-05
19.0788 7.10562e-06
19.1127 4.00661e-05
19.1466 8.22614e-05
19.1805 0.000124082
19.2144 0.000165477
19.2483 0.000206444
19.2822 0.000246913
19.316 0.000286833
19.3499 0.000326203
19.3838 0.000365024
19.4177 0.000403286
19.4516 0.000440917
19.4855 0.000477817
19.5194 0.00051393
19.5533 0.000549258
19.5871 0.000583813
19.621 0.000617589
19.6549 0.000650557
19.6888 0.000682673
19.7227 0.000713893
19.7566 0.000744177
19.7905 0.000773496
19.8244 0.000801828
19.8582 0.000829157
19.8921 0.00085547
19.926 0.000880754
19.9599 0.000904999
19.9938 0.000928193
20.0277 0.000950325
20.0616 0.000971385
20.0955 0.000991363
20.1293 0.00101025
20.1632 0.00102803
20.1971 0.00104471
20.231 0.00106026
20.2649 0.00107469
20.2988 0.00108799
20.3327 0.00110015
20.3666 0.00111117
20.4004 0.00112105
20.4343 0.00112979
20.4682 0.0011374
20.5021 0.00114386
20.536 0.00114919
20.5699 0.00115338
20.6038 0.00115644
20.6377 0.00115837
20.6716 0.00115918
20.7054 0.00115889
20.7393 0.00115751
20.7732 0.00115504
20.8071 0.00115149
20.841 0.00114686
20.8749 0.00114116
20.9088 0.0011344
20.9427 0.00112659
20.9765 0.00111774
21.0104 0.00110792
21.0443 0.00109716
21.0782 0.0010854
21.1121 0.00107268
21.146 0.00105901
21.1799 0.00104441
21.2138 0.0010289
21.2476 0.0010125
21.2815 0.000995231
21.3154 0.000977117
21.3493 0.000958181
21.3832 0.000938449
21.4171 0.000917945
21.451 0.000896695
21.4849 0.000874725
21.5187 0.000852063
21.5526 0.000828735
21.5865 0.00080477
21.6204 0.0007802
21.6543 0.000755049
21.6882 0.000729348
21.7221 0.000703125
21.756 0.000676409
21.7898 0.00064923
21.8237 0.000621616
21.8576 0.000593599
21.8915 0.000565207
21.9254 0.000536472
21.9593 0.000507426
21.9932 0.000478099
22.0271 0.000448516
22.061 0.000418703
22.0948 0.000388694
22.1287 0.00035852
22.1626 0.000328214
22.1965 0.000297813
22.2304 0.000267346
22.2643 0.000236825
22.2982 0.000206264
22.3321 0.000175688
22.3659 0.000145129
22.3998 0.000114622
22.4337 8.42053e-05
22.4676 5.39157e-05
22.5015 4.05754e-05
22.5354 4.05981e-05
22.5693 3.93174e-05
22.6032 6.49004e-05
22.637 9.38798e-05
22.6709 0.000122576
22.7048 0.000150925
22.7387 0.000179018
22.7726 0.000206766
22.8065 0.000234097
22.8404 0.000260974
22.8743 0.000287352
22.9081 0.000313168
22.942 0.000338336
22.9759 0.000362789
23.0098 0.000386522
23.0437 0.000409627
23.0776 0.000432239
23.1115 0.000454459
23.1454 0.000476326
23.1792 0.000497817
23.2131 0.000518867
23.247 0.000539469
23.2809 0.000559533
23.3148 0.000578984
23.3487 0.000597773
23.3826 0.000615859
23.4165 0.000633203
23.4503 0.000649773
23.4842 0.000665546
23.5181 0.000680505
23.552 0.000694643
23.5859 0.000707956
23.6198 0.000720444
23.6537 0.000732107
23.6876 0.000742946
23.7215 0.000752964
23.7553 0.000762163
23.7892 0.00077057
23.8231 0.000778179
23.857 0.000784979
23.8909 0.000790973
23.9248 0.000796163
23.9587 0.000800549
23.9926 0.000804128
24.0264 0.000806897
24.0603 0.000808855
24.0942 0.000810004
24.1281 0.000810347
24.162 0.000809892
24.1959 0.000808651
24.2298 0.000806638
24.2637 0.000803867
24.2975 0.000800354
24.3314 0.000796116
24.3653 0.000791167
24.3992 0.000785522
24.4331 0.000779195
24.467 0.000772195
24.5009 0.000764534
24.5348 0.000756221
24.5686 0.000747265
24.6025 0.000737676
24.6364 0.000727463
24.6703 0.000716634
24.7042 0.0007052
24.7381 0.000693183
24.772 0.000680603
24.8059 0.000667437
24.8397 0.000653657
24.8736 0.000639297
24.9075 0.000624428
24.9414 0.000609079
24.9753 0.000593241
