t sb -1 xb vb dt perf.t perf.speed
0 0 -1 0.5 0 0.00379709 0 0 
0.00379709 0 -1 0.5 -0.00101629 0.00379709 0.002522 101507 2 86.9925 5.27414 4.0613 4 
0.0110343 -7.36703e-05 -1 0.499994 0.00399617 0.00723721 0.004505 113651 6 7.64974 1.56608 1.30258 5 2 11.1335 7.07128 1.25478 5 1 0.000325773 9.55204e-10 341051 4 
0.0214126 -0.000134209 -1 0.500034 0.0109678 0.0103784 0.00519 147977 1 2.194 0.571141 3.84143 5 1 3.42532 3.31465 1.03339 5 1 0.0014259 2.66409e-08 53522.9 4 
0.0346508 -0.000102003 -1 0.500173 0.0176074 0.0132382 0.006408 159800 4 2.59297 0.525531 1.49039 5 4 8.71879 1.80751 1.48199 5 1 0.00298417 1.2848e-07 23226.8 4 
0.0504239 -4.55338e-05 -1 0.500438 0.0247502 0.0157731 0.007423 172437 2 1.74107 0.358254 2.20452 5 1 3.08487 0.558629 5.52221 5 1 0.00467326 3.55835e-07 13133.2 4 
0.0685195 6.91835e-06 -1 0.500867 0.032652 0.0180956 0.007789 197201 1 1.58934 0.242156 6.5633 5 1 1.91176 0.0618928 30.8882 5 1 0.00684699 7.9262e-07 8638.43 4 
0.0887366 4.40809e-05 -1 0.501498 0.0412793 0.0202171 0.008131 220391 1 1.73931 0.0477949 36.3911 5 1 1.83848 0.309841 5.93362 5 1 0.00954601 1.58446e-06 6024.79 4 
0.11096 4.74007e-05 -1 0.502377 0.0506515 0.0222234 0.008465 241937 1 1.80951 0.189859 9.53083 5 1 1.55095 0.436713 3.55143 5 1 0.0127145 2.8315e-06 4490.37 4 
0.134836 1.57875e-05 -1 0.503541 0.0607288 0.0238764 0.009667 238337 2 2.03684 0.114793 4.21231 5 1 1.59383 0.405253 3.93293 5 1 0.0161947 4.43751e-06 3649.51 4 
0.160418 -1.92437e-05 -1 0.505048 0.0714332 0.0255818 0.013322 192163 2 2.35071 0.0718034 5.72172 4 1 1.35813 0.193131 7.03216 5 1 0.0203518 6.72071e-06 3028.22 4 
0.187462 -4.1739e-05 -1 0.506934 0.0825597 0.0270436 0.016785 167769 3 218.375 0.135102 11.7358 3 1 6.49356 0.0965003 67.2906 5 1 0.0247951 9.38482e-06 2642.04 4 
0.215871 -5.95968e-05 -1 0.509251 0.0937599 0.0284095 0.017997 170695 2 6.74282 0.0781727 9.28738 2 1 3.08421 0.204804 15.0593 5 1 0.0292895 1.24196e-05 2358.33 4 
0.24549 -3.09352e-05 -1 0.512021 0.104947 0.0296184 0.018396 180909 4 8.12419 0.0951056 3.04014 2 1 2.68324 0.329294 8.14846 5 1 0.0332119 1.54046e-05 2155.97 4 
0.276095 9.02103e-06 -1 0.515254 0.116072 0.0306057 0.018744 191208 3 7.75017 0.106538 4.17448 2 1 3.39376 0.345699 9.8171 5 1 0.0354889 1.77178e-05 2003.01 4 
0.307769 5.54188e-05 -1 0.518971 0.127235 0.0316733 0.019534 196580 4 224.589 0.0577622 7.89653 2 1 4.0714 0.33588 12.1216 5 1 0.0357737 1.96792e-05 1817.85 4 
0.340205 6.35607e-05 -1 0.523177 0.138065 0.0324365 0.020103 203751 4 142.559 0.0868404 6.36529 2 1 4.81551 0.261093 18.4437 5 1 0.0357749 2.09849e-05 1704.79 4 
0.373453 8.46172e-05 -1 0.527879 0.148649 0.0332474 0.020439 212926 3 7.45827 0.0756553 4.61955 2 1 5.38507 0.280237 19.2161 5 1 0.0422386 2.17094e-05 1945.64 4 
0.407564 0.000125686 -1 0.533084 0.159181 0.034111 0.020927 220194 6 273.004 0.0649704 4.01706 2 1 5.69816 0.271732 20.9697 5 1 0.0486847 2.21881e-05 2194.18 4 
0.442129 0.000158149 -1 0.538741 0.169212 0.0345658 0.022443 216727 4 14.3616 0.0677391 3.81584 2 1 6.29113 0.185583 33.8992 5 1 0.0463049 2.20891e-05 2096.28 4 
0.477655 0.000193774 -1 0.544882 0.178738 0.035526 0.023355 219225 6 149.058 0.0318742 4.08934 2 1 5.49733 0.138736 39.6243 5 1 0.0574744 2.34123e-05 2454.88 4 
0.513689 0.000190873 -1 0.551303 0.187671 0.0360335 0.024196 222185 4 267.436 0.0736511 7.76266 2 1 10.4742 0.160357 65.3181 5 1 0.0494937 2.6189e-05 1889.87 4 
0.550252 0.000213983 -1 0.557933 0.196034 0.0365634 0.024989 225379 4 12.4611 0.0490329 3.99271 2 1 8.46707 0.178162 47.5245 5 1 0.0417903 3.01789e-05 1384.75 4 
0.586816 0.000237661 -1 0.564913 0.203199 0.0365634 0.025723 228900 5 226.163 0.0500847 5.38199 2 1 10.8786 0.203874 53.3596 5 1 0.0528062 3.34416e-05 1579.06 4 
0.623942 0.000230951 -1 0.572294 0.209768 0.0371259 0.027098 226733 5 122.809 0.053995 4.69219 2 1 10.5191 0.255336 41.197 5 1 0.0656277 4.10926e-05 1597.07 4 
0.661657 0.00024851 -1 0.580175 0.215487 0.0377152 0.028462 224861 5 10.1465 0.0613616 2.77769 2 1 10.0665 0.241587 41.6683 5 2 0.0681867 5.85075e-07 341.385 3 
0.699372 0.000277431 -1 0.58848 0.220441 0.0377152 0.030824 215936 6 11.0981 0.0608511 2.38139 2 2 9.94003 0.18544 7.32136 4 2 0.0702024 1.17561e-05 77.2759 2 
0.737716 0.000313461 -1 0.597039 0.224674 0.0383438 0.03132 220690 5 222.64 0.0618933 5.14271 2 2 10.8973 0.260853 6.46342 3 2 0.061119 4.69869e-05 36.0661 2 
0.77606 0.000356462 -1 0.605365 0.227438 0.0383438 0.032458 220839 5 292.079 0.0535904 5.58834 2 5 12.0347 0.259453 2.15415 4 2 0.0703766 4.70898e-05 38.659 2 
0.815076 0.000376037 -1 0.614159 0.22967 0.0390165 0.034828 213162 4 143.745 0.0352196 7.99285 2 2 9.29672 0.206746 6.70574 4 2 0.0612916 2.70889e-05 47.5669 2 
0.854093 0.00040013 -1 0.623127 0.231398 0.0390165 0.03574 214885 5 164.841 0.0585479 4.89678 2 2 11.0651 0.183531 7.76465 3 2 0.0585721 2.27529e-05 50.7372 2 
0.893109 0.000443814 -1 0.632336 0.232672 0.0390165 0.036205 219196 7 13.5675 0.0564045 2.18862 2 2 9.44727 0.156025 7.78138 2 2 0.0631105 2.86283e-05 46.9519 2 
0.932862 0.000478259 -1 0.641477 0.23364 0.0397527 0.036871 222180 6 233.559 0.049799 4.09131 2 2 12.3452 0.237491 7.20982 2 2 0.0742265 4.70138e-05 39.7344 2 
0.972614 0.000512136 -1 0.650091 0.233824 0.0397527 0.037906 222867 5 13.9483 0.0542133 3.03447 2 2 12.7713 0.236415 7.34986 2 2 0.069659 4.90524e-05 37.6841 2 
1.01237 0.000550217 -1 0.659142 0.233307 0.0397527 0.039295 221504 9 181.985 0.0430623 2.52861 2 3 12.9516 0.136698 4.55883 2 2 0.07261 2.95848e-05 49.5409 2 
1.05212 0.000572252 -1 0.668554 0.232824 0.0397527 0.041717 214781 5 235.45 0.0321438 5.92871 2 2 10.7558 0.237019 6.73645 2 2 0.0749928 2.63318e-05 53.3666 2 
1.09187 0.000590236 -1 0.678212 0.232434 0.0397527 0.042148 218658 4 241.906 0.0590921 7.99888 2 2 12.3959 0.249847 7.04371 2 2 0.0940813 2.41921e-05 62.3612 2 
1.13163 0.000607619 -1 0.68751 0.231942 0.0397527 0.04257 222504 5 274.501 0.0322215 6.11054 2 3 13.3785 0.165783 4.32138 2 2 0.077588 2.55485e-05 55.108 2 
1.17224 0.000612606 -1 0.696352 0.231006 0.0406168 0.043015 226154 7 430.477 0.0491834 3.65731 2 3 12.5752 0.147294 4.40329 2 2 0.0916776 2.87992e-05 56.4211 2 
1.21286 0.000617508 -1 0.705386 0.229506 0.0406168 0.043429 229892 6 186.204 0.0511945 3.92158 2 3 8.81937 0.0579991 5.33751 2 2 0.103456 3.01785e-05 58.5502 2 
1.25348 0.00065106 -1 0.714596 0.228299 0.0406168 0.043821 233678 6 218.649 0.0571793 3.95444 2 2 24.2893 0.221214 10.4786 2 2 0.121096 4.17011e-05 53.888 2 
1.29409 0.000645102 -1 0.724093 0.226819 0.0406168 0.044211 237407 5 15.3546 0.0554997 3.07885 2 3 8.68802 0.129933 4.05883 2 2 0.141806 5.96312e-05 48.7652 2 
1.33471 0.000684318 -1 0.733533 0.225678 0.0406168 0.044602 241065 5 234.741 0.0576751 5.27133 2 3 16.6839 0.0973251 5.55509 2 2 0.148845 5.97136e-05 49.9264 2 
1.37533 0.00073115 -1 0.742418 0.224453 0.0406168 0.044978 244742 5 213.559 0.0414108 5.52689 2 2 16.3311 0.238715 8.27117 2 2 0.129758 6.3175e-05 45.3205 2 
1.41594 0.000756684 -1 0.75121 0.223349 0.0406168 0.045369 248275 5 37.9489 0.0576381 3.66183 2 3 16.5071 0.126722 5.06921 2 2 0.119789 3.76307e-05 56.4206 2 
1.45656 0.00079692 -1 0.760121 0.221782 0.0406168 0.045757 251765 5 422.406 0.0604335 5.87341 2 3 30.2073 0.108804 6.52364 2 2 0.128641 4.23101e-05 55.1401 2 
1.49718 0.000811772 -1 0.769175 0.220517 0.0406168 0.049645 237204 6 48.1714 0.0495982 3.14693 2 3 26.4461 0.100944 6.39872 2 2 0.121114 4.33137e-05 52.8793 2 
1.53779 0.000842871 -1 0.778425 0.219337 0.0406168 0.050112 240102 6 199.345 0.0574723 3.89067 2 3 16.5037 0.0877229 5.73002 2 2 0.141039 5.12176e-05 52.4759 2 
1.57841 0.000886849 -1 0.7872 0.218035 0.0406168 0.051844 237019 6 27.9898 0.0551905 2.82394 2 3 51.9261 0.120971 7.54341 2 2 0.155784 3.98632e-05 62.5136 2 
1.61903 0.000928854 -1 0.795795 0.216578 0.0406168 0.052838 237405 8 645.646 0.052795 3.24284 2 3 20.5887 0.144701 5.22058 2 2 0.15092 4.32695e-05 59.0584 2 
1.65964 0.000967138 -1 0.804357 0.215179 0.0406168 0.053787 237976 6 178.254 0.0534639 3.86512 2 3 30.5556 0.19983 5.3474 2 2 0.130257 5.08972e-05 50.5886 2 
1.70026 0.00100681 -1 0.813001 0.213445 0.0406168 0.054722 238588 6 398.992 0.0512157 4.45239 2 3 12.5039 0.147896 4.38897 2 2 0.151579 6.89918e-05 46.8729 2 
1.74088 0.000966188 -1 0.821801 0.211573 0.0406168 0.05605 237502 5 29.3972 0.0411932 3.72131 2 2 19.9821 0.216243 9.61279 2 2 0.184932 8.10117e-05 47.7784 2 
1.78149 0.000993366 -1 0.830729 0.209597 0.0406168 0.056695 239316 5 141.746 0.0597729 4.73152 2 3 57.9184 0.0579961 9.99553 2 2 0.181934 6.96167e-05 51.1211 2 
1.82211 0.000993059 -1 0.839667 0.208029 0.0406168 0.057739 239422 6 162.76 0.0345202 4.09492 2 3 19.4973 0.185537 4.71898 2 2 0.168737 5.98134e-05 53.1136 2 
1.86273 0.000975276 -1 0.847973 0.206872 0.0406168 0.058645 240089 4 55.2816 0.0261838 6.77855 2 3 10.9658 0.157842 4.11092 2 2 0.167741 6.99702e-05 48.9625 2 
1.90335 0.000965356 -1 0.855853 0.205374 0.0406168 0.059351 241546 12 922.947 0.0471946 2.27828 2 3 21.0167 0.0969301 6.00761 2 2 0.22429 9.94804e-05 47.4828 2 
1.94396 0.000985601 -1 0.863882 0.204379 0.0406168 0.059878 243696 7 183.978 0.0523508 3.21033 2 3 19.2126 0.154412 4.99231 2 3 0.263867 2.2406e-06 49.0162 2 
1.98458 0.000952799 -1 0.872086 0.202375 0.0406168 0.060333 246101 5 240.826 0.0360999 5.81888 2 3 45.3909 0.144181 6.80279 2 3 0.296818 2.33506e-06 50.2803 2 
2.0252 0.000945849 -1 0.880478 0.201157 0.0406168 0.0608 248421 4 27.5337 0.0330507 5.37243 2 3 13.7805 0.178711 4.25635 2 3 0.297419 2.52566e-06 49.0152 2 
2.06581 0.000962221 -1 0.889027 0.200696 0.0406168 0.061573 249460 4 34.0708 0.0346894 5.59817 2 3 13.555 0.0636099 5.97299 2 3 0.297079 3.11339e-06 45.6961 2 
2.10643 0.000981525 -1 0.897775 0.200316 0.0406168 0.062091 251502 4 141.266 0.0484139 7.34966 2 3 13.4413 0.150498 4.46996 2 3 0.338644 3.14543e-06 47.5723 2 
2.14705 0.0010022 -1 0.90613 0.199772 0.0406168 0.062811 252695 5 163.616 0.0366871 5.36862 2 3 14.5879 0.128796 4.83835 2 2 0.335828 9.24931e-05 60.2564 2 
2.18766 0.00102539 -1 0.91369 0.199336 0.0406168 0.063799 252794 6 1004.85 0.0379235 5.46008 2 2 27.2697 0.209846 11.3996 2 3 0.311923 1.61618e-06 57.7899 2 
2.22828 0.00105072 -1 0.921241 0.198767 0.0406168 0.064391 254445 4 195.997 0.0405883 8.33609 2 3 13.1637 0.0694635 5.7439 2 3 0.317557 1.84872e-06 55.5883 2 
2.2689 0.00103424 -1 0.929092 0.197944 0.0406168 0.064988 256047 5 204.076 0.0428282 5.44017 2 2 44.0947 0.228868 13.8804 2 3 0.330385 1.90944e-06 55.7235 2 
2.30951 0.00100745 -1 0.937197 0.197342 0.0406168 0.065408 258317 4 195.107 0.0280938 9.12883 2 2 14.1136 0.229943 7.83445 2 2 0.313722 7.9704e-05 62.7383 2 
2.35013 0.00100808 -1 0.945532 0.196946 0.0406168 0.06584 260510 4 27.7702 0.0568252 4.70175 2 2 15.6243 0.23351 8.17991 2 2 0.314222 6.44909e-05 69.8022 2 
2.39075 0.00104379 -1 0.954007 0.197579 0.0406168 0.066339 262410 4 97.4344 0.0357921 7.22323 2 3 12.8441 0.0664676 5.78138 2 2 0.335461 8.66896e-05 62.2067 2 
2.43136 0.00106322 -1 0.962503 0.197576 0.0406168 0.067342 262303 11 1436.7 0.0442744 2.57105 2 3 19.2336 0.152979 5.00967 2 3 0.401665 2.22096e-06 56.5511 2 
2.47198 0.00109061 -1 0.970607 0.197507 0.0406168 0.067819 264233 5 188.335 0.0286245 5.80281 2 3 9.36835 0.188378 3.67743 2 3 0.364875 2.21423e-06 54.8244 2 
2.5126 0.00110428 -1 0.97816 0.197782 0.0406168 0.068275 266218 5 192.693 0.0392407 5.47301 2 3 39.0466 0.181514 5.99181 2 3 0.331196 2.39791e-06 51.6913 2 
2.55321 0.00113299 -1 0.985738 0.197861 0.0406168 0.068744 268125 6 261.274 0.0311099 4.50851 2 3 14.0515 0.159691 4.44782 2 3 0.3223 2.38636e-06 51.3068 2 
2.59383 0.00111314 -1 0.993635 0.198096 0.0406168 0.069245 269882 5 160.296 0.0271708 5.67759 2 3 14.9433 0.217157 4.09787 2 3 0.319188 2.24719e-06 52.1758 2 
2.63445 0.00111569 -1 1.00182 0.199468 0.0406168 0.069766 271536 3 59.074 0.0551482 10.2319 2 3 16.728 0.0819396 5.88821 2 3 0.317548 2.14738e-06 52.881 2 
2.67507 0.00112798 -1 1.01026 0.20044 0.0406168 0.071661 267928 3 64.2707 0.0602506 10.2176 2 3 18.3458 0.0763151 6.21788 2 3 0.38364 2.17124e-06 56.1141 2 
2.71568 0.00115976 -1 1.0188 0.20059 0.0406168 0.073325 265339 11 1342.69 0.0496073 2.529 2 3 26.1576 0.156204 5.51191 2 2 0.410927 9.45416e-05 65.9281 2 
2.7563 0.00119203 -1 1.02719 0.200557 0.0406168 0.074138 265883 4 154.217 0.0419788 7.7853 2 3 7.70586 0.238184 3.18642 2 2 0.350547 8.56658e-05 63.969 2 
2.79692 0.00121497 -1 1.03541 0.200988 0.0406168 0.075786 263479 6 176.998 0.0595297 3.79204 2 2 11.8941 0.190155 7.90883 2 3 0.302147 1.57644e-06 57.6562 2 
2.83753 0.00125792 -1 1.04319 0.201696 0.0406168 0.076234 265288 6 271.338 0.0378685 4.39075 2 3 38.3547 0.161605 6.19139 2 2 0.304742 9.64373e-05 56.2139 2 
2.87815 0.00122516 -1 1.05102 0.202156 0.0406168 0.07668 267084 4 36.9166 0.0451845 5.34636 2 4 8.78091 0.211467 2.53848 2 2 0.313477 8.5082e-05 60.6994 2 
2.91877 0.00125549 -1 1.0592 0.202034 0.0406168 0.077373 268000 13 1364.32 0.0548068 2.17851 2 3 15.5861 0.217712 4.15226 2 2 0.320608 6.82064e-05 68.5606 2 
2.95938 0.0012941 -1 1.06758 0.203343 0.0406168 0.077929 269373 6 55.5308 0.0404402 3.33391 3 3 20.5753 0.104661 5.8146 2 2 0.326886 6.758e-05 69.5487 2 
3 0.00132337 -1 1.07616 0.20417 0.0406168 0.078704 269974 3 85.186 0.055499 11.5353 2 3 18.9879 0.0812014 6.16081 2 2 0.37175 9.42264e-05 62.8115 2 

# Multigrid, 83 steps, 0.051075 CPU, 0.08068 real, 2.63e+05 points.step/s, 23 var
