0.912245 0
0.914008 0.0625

0.91341 0.0625
0.919894 0.125

0.920824 0.125
0.93091 0.1875

0.9375 0.217186
0.931872 0.25

0.889515 0.25
0.919371 0.3125

0.931321 0.3125
0.9375 0.315806

0.9375 0.174194
0.939647 0.1875

0.9375 0.212104
0.941572 0.1875

0.9375 0.304985
0.947763 0.3125

0.958881 0.3125
1 0.322536

1.0625 0.310704
1.03839 0.3125

1 0.316491
1.04934 0.3125

1.125 0.292501
1.07341 0.3125

1.0625 0.318805
1.07888 0.3125

1.1875 0.243465
1.18104 0.25

1.125 0.290087
1.17368 0.25

1.25 0.14312
1.22711 0.1875

1.1875 0.234802
1.22617 0.1875

1.27996 0
1.27448 0.0625

1.27487 0.0625
1.25767 0.125

1.25 0.140099
1.25775 0.125

