0 0 0
1.12e-06 2.54369e-10 1
2.71946e-05 3.68117e-05 2
7.59553e-05 2.8832e-05 5
0.00014534 2.6495e-05 3
0.000233473 2.50674e-05 1
0.00033865 2.42508e-05 1
0.000459322 2.39266e-05 1
0.000594081 2.39741e-05 1
0.000741645 2.42452e-05 1
0.000900851 2.46576e-05 1
0.00107064 2.5194e-05 1
0.00125005 2.59412e-05 1
0.00143821 2.71024e-05 1
0.00163431 2.88647e-05 1
0.00183765 3.13483e-05 1
0.00204756 3.45138e-05 2
0.00226344 3.82132e-05 1
0.00248475 4.22539e-05 2
0.002711 4.65553e-05 2
0.00294174 5.11175e-05 2
0.00317656 5.60305e-05 2
0.00341508 6.14037e-05 2
0.00365698 6.73025e-05 2
0.00390195 7.37092e-05 1
0.0041497 8.05057e-05 1
0.00439999 8.75763e-05 2
0.00465258 9.49097e-05 2
0.00490726 0.000102279 2
0.00516384 0.000109833 2
0.00542216 0.000117609 2
0.00568205 0.000125796 1
0.00594337 0.000134465 2
0.00620599 0.00014377 4
0.00646979 0.000153758 2
0.00673467 0.000164212 2
0.00700052 0.000175065 2
0.00726726 0.00018599 2
0.00753481 0.000196764 2
0.00780309 0.00020751 2
0.00807204 0.000218323 2
0.0083416 0.00022925 1
0.00861171 0.000240407 1
0.00888231 0.000252046 1
0.00915338 0.000263878 1
0.00942486 0.000276113 2
0.00969671 0.000288384 2
0.00996891 0.000300853 2
0.0102414 0.000313126 2
0.0105142 0.000325465 2
0.0107873 0.000337555 2
0.0110605 0.000349731 2
0.011334 0.000361655 2
0.0116077 0.000373607 4
0.0118816 0.000385556 3
0.0121556 0.000397126 3
0.0124298 0.000408553 1
0.0127041 0.000419937 1
0.0129785 0.000431049 2
0.013253 0.000442188 2
0.0135277 0.000453335 2
0.0138024 0.00046406 2
0.0140772 0.000474518 2
0.0143521 0.000484508 2
0.014627 0.000494061 2
0.014902 0.00050283 4
0.0151771 0.000511142 2
0.0154522 0.000518919 4
0.0157273 0.000526205 3
0.0160025 0.00053325 3
0.0162778 0.000539644 3
0.016553 0.000545855 4
0.0168284 0.000551846 2
0.0171037 0.0005576 3
0.017379 0.000563071 3
0.0176544 0.000568199 3
0.0179298 0.000572913 4
0.0182053 0.000577127 2
0.0184807 0.000580922 2
0.0187562 0.0005838 3
0.0190316 0.000586012 3
0.0193071 0.000587534 3
0.0195826 0.000588423 3
0.0198581 0.000588707 3
0.0201337 0.000588431 2
0.0204092 0.000587659 1
0.0206847 0.000586479 2
0.0209603 0.000585093 2
0.0212358 0.000583113 3
0.0215114 0.000580891 2
0.0217869 0.000578264 2
0.0220625 0.000575175 2
0.0223381 0.000571709 2
0.0226137 0.000567449 2
0.0228892 0.000562722 2
0.0231648 0.00055743 2
0.0234404 0.000551606 2
0.023716 0.000545302 2
0.0239916 0.000538832 1
0.0242672 0.000531633 2
0.0245428 0.00052419 4
0.0248184 0.000516409 3
0.025094 0.000508279 2
0.0253696 0.000499764 4
0.0256452 0.000490809 3
0.0259208 0.000481389 4
0.0261964 0.000471514 3
0.026472 0.000461226 3
0.0267476 0.000450618 3
0.0270233 0.000439759 3
0.0272989 0.000428722 2
0.0275745 0.000417577 2
0.0278501 0.000406383 2
0.0281257 0.00039518 2
0.0284013 0.000384052 2
0.0286769 0.000372759 2
0.0289526 0.000361267 2
0.0292282 0.000349642 4
0.0295038 0.000337761 2
0.0297794 0.000325623 2
0.030055 0.000313233 2
0.0303306 0.000300687 2
0.0306063 0.000288012 2
0.0308819 0.000275382 2
0.0311575 0.000262787 2
0.0314331 0.000250357 3
0.0317087 0.000238177 3
0.0319844 0.000226316 3
0.03226 0.000214782 3
0.0325356 0.00020353 1
0.0328112 0.000192478 2
0.0330868 0.000181677 1
0.0333625 0.000170958 2
0.0336381 0.000160395 2
0.0339137 0.000149943 2
0.0341893 0.000139622 2
0.0344649 0.000129479 2
0.0347406 0.000119604 2
0.0350162 0.000110126 1
0.0352918 0.000101031 1
0.0355674 9.24374e-05 4
0.035843 8.43509e-05 2
0.0361187 7.6765e-05 2
0.0363943 6.96781e-05 2
0.0366699 6.2998e-05 2
0.0369455 5.67094e-05 2
0.0372211 5.07933e-05 2
0.0374968 4.52619e-05 2
0.0377724 4.01069e-05 2
0.038048 3.53329e-05 2
0.0383236 3.09902e-05 2
0.0385992 2.71556e-05 2
0.0388749 2.38765e-05 2
0.0391505 2.12048e-05 1
0.0394261 1.91399e-05 2
0.0397017 1.76616e-05 2
0.0399774 1.67241e-05 2
0.040253 1.62712e-05 2
0.0405286 1.62477e-05 2
0.0408042 1.66251e-05 3
0.0410798 1.73951e-05 3
0.0413555 1.85719e-05 3
0.0416311 2.01951e-05 3
0.0419067 2.23105e-05 3
0.0421823 2.49695e-05 2
0.0424579 2.82185e-05 2
0.0427336 3.209e-05 1
0.0430092 3.65904e-05 2
0.0432848 4.16882e-05 1
0.0435604 4.73295e-05 2
0.043836 5.34456e-05 2
0.0441117 5.99604e-05 2
0.0443873 6.68012e-05 2
0.0446629 7.39375e-05 2
0.0449385 8.13472e-05 2
0.0452141 8.89377e-05 3
0.0454898 9.68271e-05 1
0.0457654 0.00010508 2
0.046041 0.000113736 1
0.0463166 0.000122816 1
0.0465923 0.000132325 4
0.0468679 0.000142245 2
0.0471435 0.000152546 2
0.0474191 0.000163179 2
0.0476947 0.000174083 2
0.0479704 0.000185194 2
0.048246 0.000196456 2
0.0485216 0.000207831 2
0.0487972 0.000219297 2
0.0490728 0.000230847 2
0.0493485 0.000242488 2
0.0496241 0.000254228 3
0.0498997 0.000266099 1
0.0501753 0.00027814 2
0.0504509 0.00029031 1
0.0507266 0.000302552 1
0.0510022 0.000314792 4
0.0512778 0.000326995 3
0.0515534 0.000339149 2
0.051829 0.000351232 2
0.0521047 0.000363211 2
0.0523803 0.000375032 2
0.0526559 0.000386678 1
0.0529315 0.00039813 1
0.0532072 0.000409384 1
0.0534828 0.000420467 1
0.0537584 0.000431341 2
0.054034 0.000441979 2
0.0543096 0.000452362 1
0.0545853 0.000462473 1
0.0548609 0.000472295 2
0.0551365 0.000481799 2
0.0554121 0.000490929 2
0.0556877 0.000499677 4
0.0559634 0.000508037 4
0.056239 0.00051597 2
0.0565146 0.000523455 3
0.0567902 0.000530498 1
0.0570658 0.000537087 2
0.0573415 0.000543282 5
0.0576171 0.000549105 3
0.0578927 0.000554544 1
0.0581683 0.000559575 3
0.058444 0.000564167 2
0.0587196 0.000568286 2
0.0589952 0.000571891 3
0.0592708 0.000574938 2
0.0595464 0.000577308 2
0.0598221 0.000579055 3
0.0600977 0.000580314 3
0.0603733 0.000580783 4
0.0606489 0.000580806 5
0.0609245 0.000580329 3
0.0612002 0.000579418 1
0.0614758 0.000578131 3
0.0617514 0.000576486 5
0.062027 0.000574498 3
0.0623026 0.000572117 3
0.0625783 0.000569288 3
0.0628539 0.000565953 3
0.0631295 0.000562062 3
0.0634051 0.000557572 3
0.0636807 0.000552578 1
0.0639564 0.000546778 3
0.064232 0.000540536 1
0.0645076 0.000533798 3
0.0647832 0.000526635 2
0.0650589 0.000519101 4
0.0653345 0.000511235 2
0.0656101 0.00050314 4
0.0658857 0.000494569 5
0.0661613 0.000485772 3
0.066437 0.00047661 3
0.0667126 0.000467054 4
0.0669882 0.00045712 3
0.0672638 0.000446942 3
0.0675394 0.000436306 2
0.0678151 0.00042549 2
0.0680907 0.000414462 2
0.0683663 0.000403376 2
0.0686419 0.000392073 2
0.0689175 0.000380817 1
0.0691932 0.000369526 1
0.0694688 0.000358146 1
0.0697444 0.000346635 2
0.07002 0.00033499 2
0.0702957 0.00032314 2
0.0705713 0.000311108 2
0.0708469 0.000298938 2
0.0711225 0.000286657 2
0.0713981 0.00027438 2
0.0716738 0.0002621 2
0.0719494 0.000249905 3
0.072225 0.000237878 1
0.0725006 0.00022607 2
0.0727762 0.000214513 1
0.0730519 0.000203209 2
0.0733275 0.000192166 1
0.0736031 0.000181345 2
0.0738787 0.000170724 1
0.0741543 0.00016028 2
0.07443 0.000150012 1
0.0747056 0.000139927 2
0.0749812 0.000130057 2
0.0752568 0.000120446 1
0.0755324 0.000111146 1
0.0758081 0.000102212 1
0.0760837 9.36915e-05 1
0.0763593 8.56328e-05 4
0.0766349 7.80241e-05 2
0.0769106 7.08617e-05 2
0.0771862 6.41272e-05 2
0.0774618 5.77864e-05 2
0.0777374 5.18457e-05 2
0.078013 4.62977e-05 2
0.0782887 4.11074e-05 2
0.0785643 3.62663e-05 2
0.0788399 3.18168e-05 2
0.0791155 2.78174e-05 2
0.0793911 2.4325e-05 2
0.0796668 2.13832e-05 2
0.0799424 1.90171e-05 2
0.080218 1.72304e-05 1
0.0804936 1.60057e-05 2
0.0807692 1.53118e-05 1
0.0810449 1.5122e-05 2
0.0813205 1.54044e-05 2
0.0815961 1.61414e-05 2
0.0818717 1.73261e-05 2
0.0821473 1.89609e-05 2
0.082423 2.10602e-05 2
0.0826986 2.36489e-05 2
0.0829742 2.67578e-05 2
0.0832498 3.04111e-05 2
0.0835255 3.46126e-05 1
0.0838011 3.93586e-05 1
0.0840767 4.46187e-05 1
0.0843523 5.03528e-05 1
0.0846279 5.65068e-05 1
0.0849036 6.30419e-05 2
0.0851792 6.99145e-05 2
0.0854548 7.71061e-05 2
0.0857304 8.46156e-05 2
0.086006 9.24615e-05 2
0.0862817 0.000100605 2
0.0865573 0.00010913 1
0.0868329 0.000118059 4
0.0871085 0.000127392 2
0.0873841 0.000137112 3
0.0876598 0.00014719 3
0.0879354 0.000157587 3
0.088211 0.00016826 3
0.0884866 0.000179162 3
0.0887623 0.000190251 3
0.0890379 0.000201491 3
0.0893135 0.000212887 3
0.0895891 0.000224337 3
0.0898647 0.000235959 3
0.0901404 0.000247632 3
0.090416 0.000259508 1
0.0906916 0.000271506 2
0.0909672 0.000283623 1
0.0912428 0.000295796 2
0.0915185 0.000307959 2
0.0917941 0.000320083 1
0.0920697 0.00033215 1
0.0923453 0.00034413 4
0.0926209 0.000355976 2
0.0928966 0.000367691 2
0.0931722 0.000379281 2
0.0934478 0.000390709 1
0.0937234 0.000401911 1
0.093999 0.000412841 2
0.0942747 0.000423496 2
0.0945503 0.000433915 2
0.0948259 0.000444129 1
0.0951015 0.000454145 2
0.0953772 0.000463961 1
0.0956528 0.000473537 1
0.0959284 0.000482819 4
0.096204 0.000491731 2
0.0964796 0.000500268 3
0.0967553 0.00050842 4
0.0970309 0.000516136 3
0.0973065 0.000523384 3
0.0975821 0.000530137 5
0.0978577 0.00053644 3
0.0981334 0.000542345 3
0.098409 0.00054791 1
0.0986846 0.000552886 2
0.0989602 0.000557511 3
0.0992358 0.000561652 2
0.0995115 0.000565294 2
0.0997871 0.000568424 2
0.100063 0.00057104 3
0.100338 0.000573142 3
0.100614 0.00057463 3
0.10089 0.000575563 5
0.101165 0.000575968 3
0.101441 0.000575861 3
0.101716 0.000575278 1
0.101992 0.000574241 3
0.102268 0.000572818 4
0.102543 0.000571034 5
0.102819 0.000568866 3
0.103095 0.000566255 3
0.10337 0.000563148 2
0.103646 0.000559506 2
0.103921 0.000555302 2
0.104197 0.00055052 2
0.104473 0.000545163 1
0.104748 0.000539251 3
0.105024 0.000532931 1
0.1053 0.000525968 3
0.105575 0.000518707 2
0.105851 0.000511083 5
0.106126 0.000503122 3
0.106402 0.000494843 3
0.106678 0.000486249 4
0.106953 0.000477321 3
0.107229 0.000468042 4
0.107504 0.000458422 3
0.10778 0.000448472 3
0.108056 0.000438247 3
0.108331 0.000427806 3
0.108607 0.000416991 2
0.108883 0.000406023 2
0.109158 0.000394896 2
0.109434 0.000383678 2
0.109709 0.000372415 1
0.109985 0.000361106 2
0.110261 0.00034972 2
0.110536 0.000338226 2
0.110812 0.000326598 2
0.111088 0.000314853 3
0.111363 0.00030298 2
0.111639 0.000290996 2
0.111914 0.00027895 2
0.11219 0.000266895 2
0.112466 0.000254881 2
0.112741 0.00024297 1
0.113017 0.000231215 1
0.113293 0.000219661 1
0.113568 0.00020832 1
0.113844 0.000197211 1
0.114119 0.000186334 1
0.114395 0.000175665 1
0.114671 0.000165183 1
0.114946 0.000154881 1
0.115222 0.000144771 1
0.115497 0.000134884 1
0.115773 0.000125258 1
0.116049 0.000115927 1
0.116324 0.000106923 1
0.1166 9.83021e-05 1
0.116876 9.00929e-05 4
0.117151 8.23088e-05 2
0.117427 7.49514e-05 2
0.117702 6.8015e-05 2
0.117978 6.1486e-05 2
0.118254 5.53471e-05 2
0.118529 4.95675e-05 2
0.118805 4.41731e-05 2
0.119081 3.91986e-05 2
0.119356 3.46484e-05 2
0.119632 3.05376e-05 2
0.119907 2.69055e-05 2
0.120183 2.38104e-05 2
0.120459 2.12857e-05 2
0.120734 1.9343e-05 1
0.12101 1.79658e-05 2
0.121286 1.71347e-05 1
0.121561 1.68173e-05 2
0.121837 1.69725e-05 2
0.122112 1.75722e-05 2
0.122388 1.85986e-05 2
0.122664 2.00517e-05 2
0.122939 2.19457e-05 2
0.123215 2.43055e-05 2
0.12349 2.71584e-05 2
0.123766 3.05304e-05 2
0.124042 3.44381e-05 1
0.124317 3.88909e-05 1
0.124593 4.38719e-05 1
0.124869 4.93581e-05 1
0.125144 5.53023e-05 2
0.12542 6.16712e-05 2
0.125695 6.83438e-05 2
0.125971 7.53646e-05 2
0.126247 8.27297e-05 2
0.126522 9.04324e-05 2
0.126798 9.84771e-05 2
0.127074 0.000106871 2
0.127349 0.000115624 4
0.127625 0.000124738 1
0.1279 0.000134217 3
0.128176 0.00014404 3
0.128452 0.000154181 3
0.128727 0.000164603 3
0.129003 0.000175269 3
0.129279 0.000186172 3
0.129554 0.000197183 3
0.12983 0.000208374 3
0.130105 0.000219695 3
0.130381 0.00023113 2
0.130657 0.000242678 2
0.130932 0.000254369 1
0.131208 0.000266125 3
0.131483 0.000278041 2
0.131759 0.000290013 2
0.132035 0.000301967 2
0.13231 0.000313866 1
0.132586 0.00032571 1
0.132862 0.00033749 4
0.133137 0.000349219 2
0.133413 0.0003607 2
0.133688 0.000372121 3
0.133964 0.000383503 1
0.13424 0.00039461 1
0.134515 0.000405585 3
0.134791 0.000416312 2
0.135067 0.000426806 2
0.135342 0.00043709 2
0.135618 0.000447183 1
0.135893 0.000457073 2
0.136169 0.000466743 2
0.136445 0.000476129 2
0.13672 0.000485219 4
0.136996 0.000493756 3
0.137272 0.000502068 4
0.137547 0.000509732 3
0.137823 0.000517071 4
0.138098 0.000523757 3
0.138374 0.000530045 5
0.13865 0.000535912 3
0.138925 0.000541393 3
0.139201 0.000546482 1
0.139476 0.000551165 2
0.139752 0.000555436 1
0.140028 0.000559279 2
0.140303 0.000562675 2
0.140579 0.000565619 2
0.140855 0.00056782 3
0.14113 0.000569605 3
0.141406 0.000570847 4
0.141681 0.000571535 5
0.141957 0.00057162 3
0.142233 0.000571177 3
0.142508 0.000570282 1
0.142784 0.00056898 3
0.14306 0.000567269 4
0.143335 0.000565225 3
0.143611 0.000562636 3
0.143886 0.000559488 3
0.144162 0.000555937 3
0.144438 0.000551849 2
0.144713 0.000547202 2
0.144989 0.000541998 1
0.145265 0.000536361 2
0.14554 0.000530031 2
0.145816 0.000523371 2
0.146091 0.000516322 2
0.146367 0.000508921 5
0.146643 0.000501199 3
0.146918 0.000493182 4
0.147194 0.000484879 3
0.14747 0.000476281 4
0.147745 0.000467351 2
0.148021 0.000458074 4
0.148296 0.000448455 3
0.148572 0.000438499 3
0.148848 0.000428264 2
0.149123 0.000417769 2
0.149399 0.000407052 2
0.149674 0.000396168 2
0.14995 0.000385191 2
0.150226 0.000374172 1
0.150501 0.000363125 1
0.150777 0.00035201 1
0.151053 0.000340786 2
0.151328 0.00032946 2
0.151604 0.000317966 2
0.151879 0.0003063 2
0.152155 0.000294485 2
0.152431 0.000282575 2
0.152706 0.000270628 3
0.152982 0.00025871 2
0.153258 0.000246884 2
0.153533 0.000235217 2
0.153809 0.000223759 2
0.154084 0.000212524 3
0.15436 0.00020154 1
0.154636 0.000190795 2
0.154911 0.000180274 1
0.155187 0.000169937 2
0.155463 0.000159777 1
0.155738 0.000149787 2
0.156014 0.000139987 1
0.156289 0.000130403 2
0.156565 0.000121069 1
0.156841 0.000112054 1
0.157116 0.000103395 1
0.157392 9.51274e-05 1
0.157667 8.7274e-05 4
0.157943 7.98434e-05 2
0.158219 7.28291e-05 2
0.158494 6.6201e-05 2
0.15877 5.99589e-05 2
0.159046 5.40999e-05 2
0.159321 4.86e-05 2
0.159597 4.34902e-05 2
0.159872 3.88167e-05 2
0.160148 3.45948e-05 2
0.160424 3.0829e-05 2
0.160699 2.75551e-05 2
0.160975 2.48178e-05 2
0.161251 2.2649e-05 2
0.161526 2.1057e-05 1
0.161802 2.0019e-05 2
0.162077 1.95069e-05 2
0.162353 1.94799e-05 2
0.162629 1.98996e-05 2
0.162904 2.07381e-05 2
0.16318 2.19858e-05 2
0.163456 2.36506e-05 2
0.163731 2.57493e-05 2
0.164007 2.83188e-05 2
0.164282 3.13919e-05 2
0.164558 3.49924e-05 2
0.164834 3.91376e-05 2
0.165109 4.38208e-05 1
0.165385 4.90267e-05 2
0.16566 5.47116e-05 1
0.165936 6.08291e-05 2
0.166212 6.73295e-05 2
0.166487 7.4173e-05 2
0.166763 8.13335e-05 2
0.167039 8.88076e-05 2
0.167314 9.65322e-05 2
0.16759 0.000104596 2
0.167865 0.000113025 2
0.168141 0.000121827 4
0.168417 0.00013101 1
0.168692 0.000140562 3
0.168968 0.000150456 2
0.169244 0.000160656 1
0.169519 0.00017112 1
0.169795 0.0001818 1
0.17007 0.000192655 1
0.170346 0.000203652 2
0.170622 0.00021477 2
0.170897 0.000225998 2
0.171173 0.000237338 2
0.171449 0.000248789 1
0.171724 0.000260404 3
0.172 0.000272145 2
0.172275 0.000283959 2
0.172551 0.000295767 2
0.172827 0.000307536 1
0.173102 0.000319255 4
0.173378 0.000330908 2
0.173653 0.00034246 2
0.173929 0.000353935 2
0.174205 0.000365336 2
0.17448 0.00037656 1
0.174756 0.000387674 3
0.175032 0.000398532 2
0.175307 0.000409145 2
0.175583 0.000419552 2
0.175858 0.000429791 1
0.176134 0.000439867 2
0.17641 0.000449771 1
0.176685 0.000459455 2
0.176961 0.000468863 2
0.177237 0.000477906 4
0.177512 0.000486553 2
0.177788 0.000494794 4
0.178063 0.000502604 3
0.178339 0.000509944 3
0.178615 0.000516815 3
0.17889 0.00052322 4
0.179166 0.000529231 3
0.179442 0.000534887 1
0.179717 0.000540162 4
0.179993 0.000545045 3
0.180268 0.000549519 2
0.180544 0.000553573 3
0.18082 0.000557191 3
0.181095 0.000560343 3
0.181371 0.000562998 3
0.181646 0.000565123 3
0.181922 0.000566694 3
0.182198 0.000567607 3
0.182473 0.00056791 1
0.182749 0.000567671 3
0.183025 0.000566945 2
0.1833 0.000565784 1
0.183576 0.000564281 4
0.183851 0.000562432 4
0.184127 0.000560183 3
0.184403 0.000557471 3
0.184678 0.000554328 3
0.184954 0.00055046 2
0.18523 0.000546141 2
0.185505 0.000541267 1
0.185781 0.000535845 3
0.186056 0.000529916 3
0.186332 0.000523545 2
0.186608 0.000516783 2
0.186883 0.000509667 5
0.187159 0.000502325 3
0.187435 0.000494476 1
0.18771 0.000486403 2
0.187986 0.000478035 4
0.188261 0.000469353 4
0.188537 0.000460327 3
0.188813 0.000450951 4
0.189088 0.000441239 3
0.189364 0.000431203 3
0.18964 0.000420909 2
0.189915 0.000410384 2
0.190191 0.000399662 2
0.190466 0.000388796 2
0.190742 0.000377856 2
0.191018 0.000366889 1
0.191293 0.000355897 1
0.191569 0.000344836 1
0.191844 0.000333658 1
0.19212 0.000322356 2
0.192396 0.000310887 3
0.192671 0.000299247 3
0.192947 0.000287471 3
0.193223 0.000275627 3
0.193498 0.000263787 2
0.193774 0.000252017 2
0.194049 0.000240384 1
0.194325 0.000228932 2
0.194601 0.000217704 1
0.194876 0.000206705 2
0.195152 0.000195928 1
0.195428 0.000185359 2
0.195703 0.000175027 1
0.195979 0.000164823 1
0.196254 0.000154815 1
0.19653 0.000144984 1
0.196806 0.000135357 1
0.197081 0.000125974 1
0.197357 0.000116881 1
0.197633 0.000108129 1
0.197908 9.9766e-05 1
0.198184 9.1816e-05 1
0.198459 8.42931e-05 1
0.198735 7.71979e-05 4
0.199011 7.05166e-05 2
0.199286 6.42308e-05 2
0.199562 5.83246e-05 2
0.199837 5.27883e-05 2
0.200113 4.76082e-05 2
0.200389 4.28337e-05 2
0.200664 3.84985e-05 2
0.20094 3.46037e-05 2
0.201216 3.1161e-05 2
0.201491 2.82193e-05 2
0.201767 2.5825e-05 2
0.202042 2.3987e-05 1
0.202318 2.27081e-05 2
0.202594 2.1971e-05 2
0.202869 2.17309e-05 2
0.203145 2.1944e-05 2
0.203421 2.2577e-05 2
0.203696 2.3616e-05 2
0.203972 2.50669e-05 2
0.204247 2.69424e-05 2
0.204523 2.92796e-05 2
0.204799 3.211e-05 2
0.205074 3.54656e-05 2
0.20535 3.93678e-05 2
0.205626 4.38175e-05 1
0.205901 4.88005e-05 2
0.206177 5.42804e-05 1
0.206452 6.02119e-05 2
0.206728 6.65401e-05 2
0.207004 7.3219e-05 2
0.207279 8.01427e-05 2
0.207555 8.73605e-05 2
0.20783 9.48838e-05 2
0.208106 0.00010272 2
0.208382 0.000110883 4
0.208657 0.000119404 1
0.208933 0.000128254 1
0.209209 0.000137492 1
0.209484 0.000147119 1
0.20976 0.000157037 1
0.210035 0.000167277 2
0.210311 0.000177767 2
0.210587 0.000188456 2
0.210862 0.000199328 2
0.211138 0.000210257 2
0.211414 0.000221315 2
0.211689 0.000232462 2
0.211965 0.000243719 3
0.21224 0.000255084 1
0.212516 0.000266569 1
0.212792 0.00027811 2
0.213067 0.000289695 2
0.213343 0.000301204 1
0.213619 0.000312766 1
0.213894 0.000324313 4
0.21417 0.0003358 2
0.214445 0.000347175 2
0.214721 0.000358516 3
0.214997 0.000369645 1
0.215272 0.00038072 2
0.215548 0.000391643 2
0.215823 0.000402271 2
0.216099 0.000412728 2
0.216375 0.000422784 2
0.21665 0.000432818 2
0.216926 0.00044268 2
0.217202 0.000452345 1
0.217477 0.000461759 1
0.217753 0.000470839 4
0.218028 0.000479549 2
0.218304 0.000487958 4
0.21858 0.000495769 3
0.218855 0.000503195 3
0.219131 0.000510209 4
0.219407 0.00051661 5
0.219682 0.000522648 3
0.219958 0.000528305 3
0.220233 0.000533616 3
0.220509 0.000538569 1
0.220785 0.000543149 3
0.22106 0.00054734 2
0.221336 0.00055112 2
0.221612 0.000554451 2
0.221887 0.000557287 2
0.222163 0.000559587 3
0.222438 0.000561233 3
0.222714 0.000562155 4
0.22299 0.00056268 5
0.223265 0.000562554 3
0.223541 0.000561937 3
0.223816 0.000560902 1
0.224092 0.000559518 3
0.224368 0.000557769 4
0.224643 0.000555707 3
0.224919 0.000553041 3
0.225195 0.00055011 3
0.22547 0.00054649 3
0.225746 0.000542457 3
0.226021 0.000537892 2
0.226297 0.00053279 2
0.226573 0.000527167 2
0.226848 0.000521079 3
0.227124 0.000514569 3
0.2274 0.000507685 3
0.227675 0.000500464 2
0.227951 0.000493001 5
0.228226 0.00048509 3
0.228502 0.000476986 2
0.228778 0.00046859 4
0.229053 0.000459955 3
0.229329 0.000450801 3
0.229605 0.000441382 4
0.22988 0.000431621 3
0.230156 0.000421574 2
0.230431 0.000411269 2
0.230707 0.000400749 2
0.230983 0.000390076 2
0.231258 0.000379325 2
0.231534 0.000368548 2
0.231809 0.000357758 1
0.232085 0.000346911 1
0.232361 0.000335966 1
0.232636 0.000324877 2
0.232912 0.000313656 2
0.233188 0.000302275 2
0.233463 0.000290764 2
0.233739 0.000279168 2
0.234014 0.000267542 2
0.23429 0.000255946 3
0.234566 0.000244438 2
0.234841 0.00023308 1
0.235117 0.000221921 1
0.235393 0.000210986 2
0.235668 0.000200298 1
0.235944 0.000189818 3
0.236219 0.000179557 3
0.236495 0.0001695 1
0.236771 0.000159618 1
0.237046 0.000149892 1
0.237322 0.000140327 1
0.237598 0.000130956 1
0.237873 0.000121826 1
0.238149 0.000112977 1
0.238424 0.000104484 1
0.2387 9.63876e-05 1
0.238976 8.87151e-05 1
0.239251 8.14761e-05 4
0.239527 7.46484e-05 2
0.239803 6.82251e-05 2
0.240078 6.21968e-05 2
0.240354 5.65494e-05 2
0.240629 5.12743e-05 2
0.240905 4.63743e-05 2
0.241181 4.1864e-05 2
0.241456 3.77608e-05 2
0.241732 3.41407e-05 2
0.242007 3.10495e-05 2
0.242283 2.84788e-05 2
0.242559 2.64229e-05 2
0.242834 2.49049e-05 1
0.24311 2.39252e-05 2
0.243386 2.34724e-05 2
0.243661 2.35089e-05 2
0.243937 2.40003e-05 2
0.244212 2.49127e-05 2
0.244488 2.62278e-05 2
0.244764 2.79335e-05 2
0.245039 3.00628e-05 2
0.245315 3.26565e-05 2
0.245591 3.57529e-05 2
0.245866 3.93543e-05 2
0.246142 4.34662e-05 2
0.246417 4.80978e-05 1
0.246693 5.32417e-05 2
0.246969 5.88632e-05 2
0.247244 6.49113e-05 2
0.24752 7.13391e-05 2
0.247796 7.8027e-05 2
0.248071 8.50271e-05 2
0.248347 9.23337e-05 2
0.248622 9.99435e-05 2
0.248898 0.000107875 4
0.249174 0.000116108 1
0.249449 0.000124707 2
0.249725 0.000133668 2
0.25 0.000142992 1
0.250276 0.000152663 1
0.250552 0.000162649 2
0.250827 0.0001729 2
0.251103 0.000183367 1
0.251379 0.000194 1
0.251654 0.000204759 2
0.25193 0.000215616 2
0.252205 0.000226557 2
0.252481 0.000237575 1
0.252757 0.000248732 3
0.253032 0.000260003 2
0.253308 0.000271359 2
0.253584 0.000282739 2
0.253859 0.00029413 1
0.254135 0.000305538 4
0.25441 0.000316952 2
0.254686 0.000328336 2
0.254962 0.000339644 2
0.255237 0.000350883 2
0.255513 0.000362056 3
0.255789 0.000373122 1
0.256064 0.000384008 2
0.25634 0.000394636 2
0.256615 0.000405021 2
0.256891 0.000415201 2
0.257167 0.000425203 2
0.257442 0.00043504 2
0.257718 0.000444699 1
0.257993 0.000454137 1
0.258269 0.00046328 4
0.258545 0.000472083 2
0.25882 0.000480518 2
0.259096 0.000488545 4
0.259372 0.000496125 3
0.259647 0.000503229 3
0.259923 0.000509874 3
0.260198 0.00051606 4
0.260474 0.000521857 4
0.26075 0.000527299 1
0.261025 0.000532374 3
0.261301 0.000537071 2
0.261577 0.00054138 1
0.261852 0.000545293 2
0.262128 0.000548779 2
0.262403 0.000551799 2
0.262679 0.000554236 3
0.262955 0.000556116 3
0.26323 0.000557438 4
0.263506 0.000558185 5
0.263782 0.000558369 3
0.264057 0.000558031 3
0.264333 0.000557246 1
0.264608 0.000556092 3
0.264884 0.000554551 4
0.26516 0.000552633 5
0.265435 0.000550319 3
0.265711 0.000547575 3
0.265986 0.000544363 3
0.266262 0.000540645 3
0.266538 0.000536391 2
0.266813 0.000531687 2
0.267089 0.000526236 1
0.267365 0.000520383 2
0.26764 0.00051408 2
0.267916 0.000507373 2
0.268191 0.000500312 5
0.268467 0.000492931 3
0.268743 0.000485256 3
0.269018 0.000477302 3
0.269294 0.000469088 2
0.26957 0.0004606 4
0.269845 0.000451797 5
0.270121 0.000442658 4
0.270396 0.000433183 3
0.270672 0.000423369 3
0.270948 0.000413285 2
0.271223 0.000402962 2
0.271499 0.000392448 2
0.271775 0.000381801 2
0.27205 0.000371099 2
0.272326 0.000360392 1
0.272601 0.00034968 1
0.272877 0.000338917 1
0.273153 0.00032805 2
0.273428 0.000317035 2
0.273704 0.000305876 2
0.273979 0.000294552 2
0.274255 0.0002831 2
0.274531 0.000271572 3
0.274806 0.000260027 2
0.275082 0.000248529 2
0.275358 0.000237148 2
0.275633 0.000225912 1
0.275909 0.000214931 1
0.276184 0.000204196 1
0.27646 0.000193689 2
0.276736 0.00018342 1
0.277011 0.000173366 3
0.277287 0.000163502 2
0.277563 0.000153801 2
0.277838 0.000144262 2
0.278114 0.00013491 2
0.278389 0.000125778 2
0.278665 0.000116913 2
0.278941 0.000108362 2
0.279216 0.000100201 1
0.279492 9.24336e-05 2
0.279768 8.51013e-05 1
0.280043 7.821e-05 1
0.280319 7.17528e-05 4
0.280594 6.57102e-05 2
0.28087 6.00577e-05 2
0.281146 5.47764e-05 2
0.281421 4.98553e-05 2
0.281697 4.52957e-05 2
0.281973 4.11007e-05 2
0.282248 3.73383e-05 2
0.282524 3.40609e-05 2
0.282799 3.12696e-05 2
0.283075 2.89768e-05 2
0.283351 2.72153e-05 2
0.283626 2.6005e-05 1
0.283902 2.53348e-05 2
0.284177 2.51813e-05 2
0.284453 2.55081e-05 2
0.284729 2.62755e-05 2
0.285004 2.74483e-05 2
0.28528 2.89899e-05 2
0.285556 3.093e-05 2
0.285831 3.32904e-05 2
0.286107 3.61025e-05 2
0.286382 3.93834e-05 2
0.286658 4.31546e-05 2
0.286934 4.74478e-05 1
0.287209 5.2277e-05 2
0.287485 5.76149e-05 1
0.287761 6.34241e-05 2
0.288036 6.96488e-05 2
0.288312 7.62332e-05 2
0.288587 8.30748e-05 2
0.288863 9.02109e-05 2
0.289139 9.76374e-05 4
0.289414 0.000105351 2
0.28969 0.00011336 2
0.289966 0.000121697 1
0.290241 0.000130346 2
0.290517 0.000139368 1
0.290792 0.000148748 1
0.291068 0.000158466 1
0.291344 0.000168482 1
0.291619 0.000178744 2
0.291895 0.000189203 2
0.29217 0.000199812 2
0.292446 0.000210532 2
0.292722 0.000221372 2
0.292997 0.000232219 2
0.293273 0.000243197 1
0.293549 0.000254274 2
0.293824 0.000265441 2
0.2941 0.000276647 2
0.294375 0.000287873 2
0.294651 0.000299127 1
0.294927 0.000310466 1
0.295202 0.000321698 4
0.295478 0.000332943 2
0.295754 0.000344146 2
0.296029 0.000355289 2
0.296305 0.000366307 1
0.29658 0.000377127 2
0.296856 0.000387678 2
0.297132 0.000397976 2
0.297407 0.00040805 2
0.297683 0.000417932 2
0.297959 0.000427646 2
0.298234 0.000437271 2
0.29851 0.000446562 1
0.298785 0.000455696 2
0.299061 0.000464569 4
0.299337 0.000472958 3
0.299612 0.000481062 4
0.299888 0.000488747 3
0.300163 0.000495957 3
0.300439 0.000502682 4
0.300715 0.000508913 5
0.30099 0.000514715 3
0.301266 0.000520153 2
0.301542 0.000525337 2
0.301817 0.00053006 1
0.302093 0.000534324 2
0.302368 0.000538314 2
0.302644 0.000541918 2
0.30292 0.000545097 2
0.303195 0.000547804 3
0.303471 0.000549996 3
0.303747 0.000551665 3
0.304022 0.000552484 4
0.304298 0.000552809 3
0.304573 0.000552583 1
0.304849 0.000551897 3
0.305125 0.000550809 3
0.3054 0.000549372 1
0.305676 0.00054768 4
0.305952 0.000545543 3
0.306227 0.000542883 3
0.306503 0.000539874 3
0.306778 0.000536394 3
0.307054 0.000532423 2
0.30733 0.000527942 2
0.307605 0.000522944 1
0.307881 0.000517428 2
0.308156 0.000511454 3
0.308432 0.000505061 3
0.308708 0.000498292 3
0.308983 0.00049119 5
0.309259 0.000483789 3
0.309535 0.000476171 4
0.30981 0.000468149 3
0.310086 0.00045994 4
0.310361 0.00045152 3
0.310637 0.000442596 3
0.310913 0.000433423 4
0.311188 0.000423906 3
0.311464 0.000414072 3
0.31174 0.000403974 2
0.312015 0.000393656 2
0.312291 0.000383179 2
0.312566 0.000372617 2
0.312842 0.000362041 1
0.313118 0.000351467 1
0.313393 0.000340872 1
0.313669 0.00033019 1
0.313945 0.000319372 2
0.31422 0.000308436 2
0.314496 0.000297339 2
0.314771 0.000286094 2
0.315047 0.000274746 3
0.315323 0.000263355 3
0.315598 0.000251984 3
0.315874 0.000240708 2
0.316149 0.000229581 2
0.316425 0.000218656 2
0.316701 0.000207969 2
0.316976 0.000197533 2
0.317252 0.000187328 1
0.317528 0.00017733 3
0.317803 0.000167529 3
0.318079 0.00015789 3
0.318354 0.000148397 1
0.31863 0.000139059 1
0.318906 0.00012991 1
0.319181 0.000121001 2
0.319457 0.000112388 1
0.319733 0.000104107 1
0.320008 9.62305e-05 1
0.320284 8.87889e-05 1
0.320559 8.17913e-05 1
0.320835 7.52329e-05 1
0.321111 6.90934e-05 4
0.321386 6.33477e-05 2
0.321662 5.79712e-05 2
0.321938 5.29482e-05 2
0.322213 4.82759e-05 2
0.322489 4.39646e-05 2
0.322764 4.00387e-05 2
0.32304 3.6534e-05 2
0.323316 3.34826e-05 2
0.323591 3.09587e-05 2
0.323867 2.9013e-05 2
0.324143 2.76354e-05 2
0.324418 2.67846e-05 1
0.324694 2.64004e-05 2
0.324969 2.65198e-05 2
0.325245 2.71036e-05 2
0.325521 2.80974e-05 2
0.325796 2.94593e-05 2
0.326072 3.11818e-05 3
0.326347 3.32899e-05 3
0.326623 3.58349e-05 3
0.326899 3.8846e-05 3
0.327174 4.23356e-05 2
0.32745 4.63203e-05 2
0.327726 5.08216e-05 1
0.328001 5.58412e-05 2
0.328277 6.13599e-05 2
0.328552 6.73301e-05 2
0.328828 7.36964e-05 2
0.329104 8.03314e-05 2
0.329379 8.72756e-05 4
0.329655 9.45107e-05 2
0.329931 0.000102021 2
0.330206 0.000109805 2
0.330482 0.000117877 1
0.330757 0.000126266 2
0.331033 0.000134994 1
0.331309 0.000144075 2
0.331584 0.0001535 2
0.33186 0.000163242 2
0.332136 0.00017326 2
0.332411 0.000183501 2
0.332687 0.00019394 2
0.332962 0.00020451 2
0.333238 0.000215145 2
0.333514 0.000225851 3
0.333789 0.000236594 3
0.334065 0.000247511 2
0.33434 0.000258503 2
0.334616 0.00026952 2
0.334892 0.000280565 2
0.335167 0.000291659 4
0.335443 0.000302807 2
0.335719 0.00031398 2
0.335994 0.000325131 2
0.33627 0.000336262 2
0.336545 0.000347351 3
0.336821 0.000358339 1
0.337097 0.000369139 2
0.337372 0.000379664 2
0.337648 0.000389924 2
0.337924 0.000399963 2
0.338199 0.000409821 2
0.338475 0.000419526 2
0.33875 0.000429084 2
0.339026 0.000438472 1
0.339302 0.000447643 2
0.339577 0.000456517 4
0.339853 0.000465066 3
0.340129 0.000473271 4
0.340404 0.000481079 3
0.34068 0.000488428 3
0.340955 0.000495308 3
0.341231 0.000501739 4
0.341507 0.000507721 2
0.341782 0.000513314 3
0.342058 0.000518548 1
0.342333 0.000523411 3
0.342609 0.000527904 2
0.342885 0.000532028 2
0.34316 0.000535774 3
0.343436 0.000539115 3
0.343712 0.000542006 3
0.343987 0.000544397 3
0.344263 0.000546169 3
0.344538 0.000547358 4
0.344814 0.000547973 5
0.34509 0.00054803 3
0.345365 0.000547585 3
0.345641 0.000546702 1
0.345917 0.000545469 3
0.346192 0.000543863 4
0.346468 0.00054191 5
0.346743 0.000539588 3
0.347019 0.000536859 3
0.347295 0.000533677 3
0.34757 0.000530104 3
0.347846 0.000525908 2
0.348122 0.000521177 2
0.348397 0.00051592 1
0.348673 0.00051017 2
0.348948 0.000503982 3
0.349224 0.000497399 3
0.3495 0.000490469 2
0.349775 0.000483235 5
0.350051 0.000475721 3
0.350326 0.000467947 3
0.350602 0.000459931 2
0.350878 0.000451651 4
0.351153 0.000443063 3
0.351429 0.000434137 4
0.351705 0.000424865 3
0.35198 0.000415248 3
0.352256 0.000405353 2
0.352531 0.000395221 2
0.352807 0.000384899 2
0.353083 0.000374461 2
0.353358 0.000363986 2
0.353634 0.000353521 1
0.35391 0.000343065 1
0.354185 0.000332563 1
0.354461 0.000321954 1
0.354736 0.000311197 2
0.355012 0.000300306 2
0.355288 0.000289254 2
0.355563 0.000278074 2
0.355839 0.000266819 2
0.356115 0.000255553 2
0.35639 0.000244341 2
0.356666 0.000233254 3
0.356941 0.000222297 2
0.357217 0.000211596 2
0.357493 0.000201133 2
0.357768 0.000190913 1
0.358044 0.000180901 3
0.358319 0.000171106 1
0.358595 0.000161512 3
0.358871 0.000152101 2
0.359146 0.000142864 2
0.359422 0.000133809 2
0.359698 0.000124971 2
0.359973 0.000116393 2
0.360249 0.000108123 2
0.360524 0.000100207 2
0.3608 9.26807e-05 1
0.361076 8.5565e-05 1
0.361351 7.88827e-05 2
0.361627 7.26368e-05 2
0.361903 6.6808e-05 4
0.362178 6.13718e-05 2
0.362454 5.6303e-05 2
0.362729 5.15867e-05 2
0.363005 4.7222e-05 2
0.363281 4.32216e-05 2
0.363556 3.96117e-05 2
0.363832 3.64199e-05 2
0.364108 3.37136e-05 2
0.364383 3.15477e-05 2
0.364659 2.99223e-05 2
0.364934 2.88163e-05 1
0.36521 2.81905e-05 2
0.365486 2.80833e-05 2
0.365761 2.84587e-05 2
0.366037 2.92702e-05 2
0.366312 3.04891e-05 2
0.366588 3.20795e-05 2
0.366864 3.40654e-05 2
0.367139 3.64456e-05 2
0.367415 3.92214e-05 2
0.367691 4.24248e-05 2
0.367966 4.6105e-05 2
0.368242 5.02979e-05 1
0.368517 5.50206e-05 1
0.368793 6.02543e-05 1
0.369069 6.596e-05 2
0.369344 7.20808e-05 2
0.36962 7.8562e-05 4
0.369896 8.52989e-05 2
0.370171 9.23347e-05 2
0.370447 9.96231e-05 2
0.370722 0.000107203 2
0.370998 0.000115066 2
0.371274 0.000123225 2
0.371549 0.000131703 1
0.371825 0.000140524 1
0.372101 0.000149691 1
0.372376 0.000159187 1
0.372652 0.000168972 1
0.372927 0.000179017 2
0.373203 0.000189239 2
0.373479 0.000199609 2
0.373754 0.000210093 2
0.37403 0.000220697 2
0.374306 0.000231379 1
0.374581 0.000242161 2
0.374857 0.000253013 2
0.375132 0.000263896 2
0.375408 0.000274812 2
0.375684 0.000285772 1
0.375959 0.000296777 1
0.376235 0.00030781 4
0.37651 0.000318831 2
0.376786 0.000329849 2
0.377062 0.000340849 2
0.377337 0.000351757 1
0.377613 0.000362494 2
0.377889 0.000372968 2
0.378164 0.000383182 2
0.37844 0.000393235 2
0.378715 0.00040294 2
0.378991 0.000412541 2
0.379267 0.000421989 2
0.379542 0.000431274 1
0.379818 0.000440362 2
0.380094 0.000449183 4
0.380369 0.000457717 2
0.380645 0.000465946 2
0.38092 0.000473817 4
0.381196 0.00048126 3
0.381472 0.000488246 3
0.381747 0.000494778 4
0.382023 0.000500845 3
0.382299 0.000506564 4
0.382574 0.000511769 2
0.38285 0.000516686 2
0.383125 0.000521239 2
0.383401 0.000525433 2
0.383677 0.000529265 2
0.383952 0.000532711 2
0.384228 0.000535735 2
0.384503 0.000538297 3
0.384779 0.000540357 3
0.385055 0.00054184 4
0.38533 0.000542669 5
0.385606 0.000542908 3
0.385882 0.000542636 3
0.386157 0.000541917 1
0.386433 0.000540833 3
0.386708 0.000539415 3
0.386984 0.00053767 4
0.38726 0.000535547 3
0.387535 0.000533065 3
0.387811 0.000529986 3
0.388087 0.000526537 3
0.388362 0.000522618 2
0.388638 0.000518213 2
0.388913 0.000513312 1
0.389189 0.000507911 2
0.389465 0.000502063 3
0.38974 0.000495802 3
0.390016 0.000489166 3
0.390292 0.000482196 2
0.390567 0.000474922 5
0.390843 0.000467366 3
0.391118 0.000459546 4
0.391394 0.000451465 5
0.39167 0.000443095 3
0.391945 0.000434416 3
0.392221 0.000425411 4
0.392496 0.000416077 2
0.392772 0.000406436 2
0.393048 0.000396538 2
0.393323 0.000386423 2
0.393599 0.000376149 2
0.393875 0.000365794 2
0.39415 0.000355425 1
0.394426 0.000345067 1
0.394701 0.000334695 1
0.394977 0.000324247 1
0.395253 0.00031367 2
0.395528 0.000302949 2
0.395804 0.000292112 2
0.39608 0.000281146 2
0.396355 0.000270091 3
0.396631 0.000258994 2
0.396906 0.000247916 3
0.397182 0.000236919 2
0.397458 0.000226059 2
0.397733 0.000215392 1
0.398009 0.000204947 2
0.398285 0.000194754 1
0.39856 0.000184799 2
0.398836 0.000175057 1
0.399111 0.000165506 3
0.399387 0.00015614 2
0.399663 0.000146937 2
0.399938 0.000137891 2
0.400214 0.000129029 2
0.400489 0.000120397 2
0.400765 0.000112035 2
0.401041 0.000104017 2
0.401316 9.63906e-05 2
0.401592 8.91845e-05 1
0.401868 8.2408e-05 1
0.402143 7.60565e-05 1
0.402419 7.01112e-05 2
0.402694 6.45564e-05 4
0.40297 5.93671e-05 2
0.403246 5.4529e-05 2
0.403521 5.00372e-05 2
0.403797 4.58989e-05 2
0.404073 4.21343e-05 2
0.404348 3.87764e-05 2
0.404624 3.58647e-05 2
0.404899 3.34382e-05 2
0.405175 3.15317e-05 1
0.405451 3.01593e-05 1
0.405726 2.93507e-05 1
0.406002 2.91011e-05 1
0.406278 2.93083e-05 1
0.406553 2.99173e-05 2
0.406829 3.09321e-05 2
0.407104 3.23713e-05 2
0.40738 3.41969e-05 2
0.407656 3.63779e-05 3
0.407931 3.89291e-05 3
0.408207 4.18914e-05 2
0.408482 4.53159e-05 2
0.408758 4.92332e-05 2
0.409034 5.36594e-05 1
0.409309 5.86032e-05 2
0.409585 6.40344e-05 1
0.409861 6.98279e-05 4
0.410136 7.60136e-05 2
0.410412 8.25529e-05 2
0.410687 8.94019e-05 2
0.410963 9.65271e-05 2
0.411239 0.000103914 2
0.411514 0.00011157 2
0.41179 0.000119511 2
0.412066 0.000127762 2
0.412341 0.000136334 1
0.412617 0.000145237 1
0.412892 0.000154459 1
0.413168 0.000163978 1
0.413444 0.000173757 3
0.413719 0.000183756 2
0.413995 0.000193931 2
0.414271 0.000204244 2
0.414546 0.000214658 2
0.414822 0.00022519 1
0.415097 0.000235821 2
0.415373 0.000246525 2
0.415649 0.000257244 2
0.415924 0.000267968 2
0.4162 0.000278726 1
0.416476 0.000289589 4
0.416751 0.000300454 2
0.417027 0.000311339 2
0.417302 0.000322203 3
0.417578 0.000333129 3
0.417854 0.000344003 1
0.418129 0.000354732 2
0.418405 0.000365208 2
0.41868 0.000375412 2
0.418956 0.000385373 2
0.419232 0.000395193 2
0.419507 0.000404729 2
0.419783 0.000414182 2
0.420059 0.000423483 1
0.420334 0.000432603 1
0.42061 0.000441498 2
0.420885 0.000450093 4
0.421161 0.000458375 3
0.421437 0.000466331 4
0.421712 0.000473903 2
0.421988 0.000481046 4
0.422264 0.000487743 3
0.422539 0.000494009 5
0.422815 0.000499831 2
0.42309 0.000505259 2
0.423366 0.000510318 1
0.423642 0.000515 2
0.423917 0.00051931 2
0.424193 0.000523256 2
0.424469 0.000526833 3
0.424744 0.000530015 3
0.42502 0.000532753 3
0.425295 0.000534924 3
0.425571 0.000536648 3
0.425847 0.000537731 4
0.426122 0.000538264 5
0.426398 0.000538275 3
0.426673 0.000537817 3
0.426949 0.000536943 1
0.427225 0.000535718 3
0.4275 0.000534115 4
0.427776 0.000532147 5
0.428052 0.000529798 3
0.428327 0.000527043 3
0.428603 0.000523848 3
0.428878 0.000520182 2
0.429154 0.000516022 2
0.42943 0.000511353 2
0.429705 0.000506184 1
0.429981 0.000500532 2
0.430257 0.000494458 2
0.430532 0.000488002 2
0.430808 0.00048121 2
0.431083 0.000474116 5
0.431359 0.000466749 3
0.431635 0.000459131 3
0.43191 0.000451277 4
0.432186 0.000443171 5
0.432462 0.000434763 3
0.432737 0.000426021 4
0.433013 0.000416936 3
0.433288 0.000407508 3
0.433564 0.000397807 3
0.43384 0.000387878 2
0.434115 0.000377778 2
0.434391 0.000367578 2
0.434666 0.000357355 2
0.434942 0.000347147 1
0.435218 0.000336951 1
0.435493 0.000326716 1
0.435769 0.000316366 1
0.436045 0.000305857 2
0.43632 0.000295219 2
0.436596 0.000284426 2
0.436871 0.000273513 2
0.437147 0.000262536 2
0.437423 0.000251562 2
0.437698 0.000240654 2
0.437974 0.000229875 3
0.43825 0.000219266 2
0.438525 0.000208863 1
0.438801 0.000198682 2
0.439076 0.000188729 2
0.439352 0.000178986 1
0.439628 0.000169444 3
0.439903 0.000160104 3
0.440179 0.000150945 3
0.440455 0.000141958 1
0.44073 0.000133154 1
0.441006 0.000124565 1
0.441281 0.000116235 2
0.441557 0.000108208 2
0.441833 0.000100529 1
0.442108 9.32278e-05 1
0.442384 8.63239e-05 1
0.442659 7.98257e-05 1
0.442935 7.37509e-05 1
0.443211 6.80673e-05 1
0.443486 6.27821e-05 2
0.443762 5.78817e-05 4
0.444038 5.33382e-05 2
0.444313 4.91479e-05 2
0.444589 4.53168e-05 2
0.444864 4.18666e-05 2
0.44514 3.88288e-05 2
0.445416 3.62388e-05 2
0.445691 3.413e-05 2
0.445967 3.25286e-05 1
0.446243 3.14464e-05 1
0.446518 3.08802e-05 1
0.446794 3.08109e-05 1
0.447069 3.12061e-05 1
0.447345 3.20314e-05 2
0.447621 3.32532e-05 2
0.447896 3.48505e-05 2
0.448172 3.68187e-05 2
0.448448 3.91583e-05 2
0.448723 4.19049e-05 2
0.448999 4.5091e-05 1
0.449274 4.87454e-05 1
0.44955 5.28857e-05 1
0.449826 5.75171e-05 1
0.450101 6.26283e-05 1
0.450377 6.81916e-05 4
0.450652 7.4167e-05 2
0.450928 8.05068e-05 2
0.451204 8.7116e-05 2
0.451479 9.40266e-05 2
0.451755 0.000101232 2
0.452031 0.00010872 2
0.452306 0.000116487 2
0.452582 0.000124542 2
0.452857 0.0001329 1
0.453133 0.000141575 1
0.453409 0.000150563 1
0.453684 0.000159847 1
0.45396 0.000169394 2
0.454236 0.000179172 2
0.454511 0.000189144 2
0.454787 0.000199277 2
0.455062 0.000209565 2
0.455338 0.000219957 1
0.455614 0.000230462 2
0.455889 0.000241039 2
0.456165 0.000251638 2
0.456441 0.000262253 2
0.456716 0.000272899 1
0.456992 0.000283585 1
0.457267 0.000294309 4
0.457543 0.000305049 2
0.457819 0.000315834 3
0.458094 0.000326654 3
0.45837 0.000337486 1
0.458646 0.000348073 2
0.458921 0.000358474 2
0.459197 0.00036862 2
0.459472 0.000378525 2
0.459748 0.000388221 2
0.460024 0.000397737 2
0.460299 0.000407097 2
0.460575 0.000416301 2
0.46085 0.000425323 1
0.461126 0.000434131 2
0.461402 0.000442668 4
0.461677 0.000450924 2
0.461953 0.000458889 4
0.462229 0.000466512 3
0.462504 0.000473725 3
0.46278 0.000480508 3
0.463055 0.000486867 4
0.463331 0.000492783 2
0.463607 0.000498303 2
0.463882 0.00050345 4
0.464158 0.000508221 2
0.464434 0.00051262 2
0.464709 0.000516658 2
0.464985 0.000520336 2
0.46526 0.000523634 3
0.465536 0.000526519 3
0.465812 0.000528954 3
0.466087 0.000530905 3
0.466363 0.000532304 4
0.466639 0.000533156 5
0.466914 0.000533384 3
0.46719 0.000533076 3
0.467465 0.000532339 1
0.467741 0.000531246 3
0.468017 0.000529825 3
0.468292 0.000528077 4
0.468568 0.000526042 3
0.468843 0.000523401 3
0.469119 0.000520408 3
0.469395 0.000516963 2
0.46967 0.000513063 2
0.469946 0.000508699 2
0.470222 0.000503868 1
0.470497 0.000498566 2
0.470773 0.000492837 3
0.471048 0.000486709 3
0.471324 0.000480215 3
0.4716 0.000473389 5
0.471875 0.000466257 3
0.472151 0.000458842 3
0.472427 0.000451164 2
0.472702 0.00044323 4
0.472978 0.000435024 3
0.473253 0.000426512 3
0.473529 0.000417681 4
0.473805 0.000408531 2
0.47408 0.000399074 2
0.474356 0.000389379 2
0.474632 0.000379481 2
0.474907 0.000369436 2
0.475183 0.0003593 2
0.475458 0.00034914 1
0.475734 0.000338985 1
0.47601 0.000328821 1
0.476285 0.000318608 1
0.476561 0.000308276 2
0.476836 0.000297802 2
0.477112 0.000287223 2
0.477388 0.000276524 2
0.477663 0.000265741 3
0.477939 0.00025492 2
0.478215 0.000244124 3
0.47849 0.000233415 2
0.478766 0.000222841 2
0.479041 0.000212451 1
0.479317 0.00020227 2
0.479593 0.000192328 1
0.479868 0.000182611 2
0.480144 0.000173119 1
0.48042 0.000163798 3
0.480695 0.000154655 2
0.480971 0.000145692 2
0.481246 0.000136908 3
0.481522 0.000128322 1
0.481798 0.000119967 1
0.482073 0.000111893 1
0.482349 0.00010415 1
0.482625 9.67757e-05 1
0.4829 8.97872e-05 1
0.483176 8.32183e-05 1
0.483451 7.7065e-05 1
0.483727 7.13117e-05 1
0.484003 6.59401e-05 1
0.484278 6.09301e-05 1
0.484554 5.62688e-05 4
0.484829 5.1953e-05 2
0.485105 4.79871e-05 2
0.485381 4.4389e-05 2
0.485656 4.11845e-05 2
0.485932 3.84066e-05 2
0.486208 3.60906e-05 2
0.486483 3.42671e-05 2
0.486759 3.29564e-05 1
0.487034 3.21649e-05 1
0.48731 3.1885e-05 1
0.487586 3.20888e-05 1
0.487861 3.27422e-05 1
0.488137 3.38087e-05 2
0.488413 3.52573e-05 2
0.488688 3.70708e-05 2
0.488964 3.92534e-05 2
0.489239 4.18211e-05 2
0.489515 4.47949e-05 2
0.489791 4.82157e-05 1
0.490066 5.21142e-05 1
0.490342 5.64203e-05 1
0.490618 6.12059e-05 4
0.490893 6.6469e-05 1
0.491169 7.2179e-05 2
0.491444 7.82839e-05 2
0.49172 8.47319e-05 2
0.491996 9.14768e-05 2
0.492271 9.85075e-05 2
0.492547 0.00010579 2
0.492822 0.000113341 2
0.493098 0.000121175 2
0.493374 0.000129301 2
0.493649 0.00013773 1
0.493925 0.000146461 1
0.494201 0.000155456 1
0.494476 0.000164748 2
0.494752 0.000174287 2
0.495027 0.000184039 2
0.495303 0.000193971 2
0.495579 0.000204054 2
0.495854 0.000214277 1
0.49613 0.000224616 2
0.496406 0.000235043 2
0.496681 0.000245497 2
0.496957 0.000255945 2
0.497232 0.000266404 1
0.497508 0.000276899 4
0.497784 0.000287442 2
0.498059 0.000298022 2
0.498335 0.00030868 3
0.498611 0.000319386 3
0.498886 0.000330083 1
0.499162 0.000340669 1
0.499437 0.000351049 2
0.499713 0.000361246 2
0.499989 0.000371146 2
0.500264 0.00038085 2
0.50054 0.000390384 2
0.500815 0.000399764 2
0.501091 0.000408987 2
0.501367 0.00041803 1
0.501642 0.000426868 2
0.501918 0.000435445 4
0.502194 0.000443754 3
0.502469 0.000451793 4
0.502745 0.000459511 2
0.50302 0.000466848 4
0.503296 0.000473778 3
0.503572 0.000480297 3
0.503847 0.000486377 5
0.504123 0.000492042 3
0.504399 0.000497327 2
0.504674 0.000502233 1
0.50495 0.000506767 2
0.505225 0.00051094 2
0.505501 0.000514759 2
0.505777 0.00051821 3
0.506052 0.000521257 3
0.506328 0.000523857 3
0.506604 0.00052597 3
0.506879 0.000527489 3
0.507155 0.000528455 4
0.50743 0.000528894 5
0.507706 0.000528838 3
0.507982 0.000528339 3
0.508257 0.000527458 1
0.508533 0.000526219 3
0.508809 0.000524635 4
0.509084 0.000522689 5
0.50936 0.00052035 3
0.509635 0.000517593 3
0.509911 0.000514395 3
0.510187 0.000510736 3
0.510462 0.0005066 2
0.510738 0.000501988 2
0.511013 0.000496906 2
0.511289 0.000491378 2
0.511565 0.000485445 2
0.51184 0.000479144 2
0.512116 0.000472509 2
0.512392 0.000465574 5
0.512667 0.000458364 3
0.512943 0.000450901 4
0.513218 0.000443195 2
0.513494 0.000435237 4
0.51377 0.000426985 3
0.514045 0.000418414 3
0.514321 0.000409515 4
0.514597 0.000400298 2
0.514872 0.000390802 2
0.515148 0.000381093 2
0.515423 0.000371233 2
0.515699 0.000361276 2
0.515975 0.000351287 2
0.51625 0.000341306 1
0.516526 0.000331327 1
0.516802 0.000321312 1
0.517077 0.000311182 1
0.517353 0.000300901 2
0.517628 0.000290462 2
0.517904 0.000279911 2
0.51818 0.000269265 2
0.518455 0.000258587 2
0.518731 0.000247936 2
0.519006 0.000237362 2
0.519282 0.000226903 2
0.519558 0.000216598 2
0.519833 0.000206476 3
0.520109 0.000196555 1
0.520385 0.000186839 2
0.52066 0.000177336 2
0.520936 0.000168041 1
0.521211 0.000158921 3
0.521487 0.000149992 3
0.521763 0.000141268 1
0.522038 0.000132746 1
0.522314 0.000124433 1
0.52259 0.000116361 1
0.522865 0.000108575 1
0.523141 0.000101123 1
0.523416 9.40396e-05 1
0.523692 8.73425e-05 1
0.523968 8.10382e-05 1
0.524243 7.51207e-05 1
0.524519 6.96045e-05 2
0.524795 6.44452e-05 1
0.52507 5.96603e-05 2
0.525346 5.52499e-05 4
0.525621 5.11954e-05 2
0.525897 4.75058e-05 2
0.526173 4.41959e-05 2
0.526448 4.12934e-05 2
0.526724 3.88279e-05 2
0.526999 3.68274e-05 2
0.527275 3.53137e-05 1
0.527551 3.42967e-05 1
0.527826 3.37757e-05 1
0.528102 3.3736e-05 1
0.528378 3.41539e-05 1
0.528653 3.49981e-05 1
0.528929 3.6242e-05 2
0.529204 3.78651e-05 2
0.52948 3.98489e-05 2
0.529756 4.22141e-05 2
0.530031 4.49788e-05 2
0.530307 4.81654e-05 1
0.530583 5.18011e-05 1
0.530858 5.59023e-05 1
0.531134 6.04779e-05 4
0.531409 6.55104e-05 1
0.531685 7.09812e-05 2
0.531961 7.67836e-05 2
0.532236 8.29505e-05 2
0.532512 8.94569e-05 2
0.532788 9.62649e-05 2
0.533063 0.000103347 2
0.533339 0.000110696 2
0.533614 0.000118323 2
0.53389 0.000126241 2
0.534166 0.000134461 1
0.534441 0.000142982 1
0.534717 0.000151792 1
0.534992 0.000160869 1
0.535268 0.000170187 3
0.535544 0.00017972 2
0.535819 0.000189439 2
0.536095 0.000199342 2
0.536371 0.000209376 1
0.536646 0.000219548 2
0.536922 0.000229816 2
0.537197 0.000240121 2
0.537473 0.000250491 2
0.537749 0.000260855 1
0.538024 0.000271259 4
0.5383 0.000281705 2
0.538576 0.000292175 2
0.538851 0.000302717 3
0.539127 0.000313317 3
0.539402 0.000323922 3
0.539678 0.000334415 1
0.539954 0.000344713 2
0.540229 0.000354768 2
0.540505 0.000364591 2
0.540781 0.000374218 2
0.541056 0.000383677 2
0.541332 0.000392988 2
0.541607 0.000402151 2
0.541883 0.000411144 1
0.542159 0.000419937 2
0.542434 0.000428485 4
0.54271 0.000436779 2
0.542985 0.000444816 1
0.543261 0.000452557 4
0.543537 0.000459953 3
0.543812 0.000466955 3
0.544088 0.00047356 3
0.544364 0.000479738 5
0.544639 0.000485585 3
0.544915 0.000490901 3
0.54519 0.000495921 4
0.545466 0.000500565 2
0.545742 0.000504849 2
0.546017 0.000508779 2
0.546293 0.000512349 3
0.546569 0.00051553 3
0.546844 0.000518291 3
0.54712 0.000520595 3
0.547395 0.000522414 3
0.547671 0.000523692 4
0.547947 0.000524362 5
0.548222 0.0005245 3
0.548498 0.000524191 3
0.548774 0.000523488 1
0.549049 0.000522445 3
0.549325 0.00052107 4
0.5496 0.000519348 5
0.549876 0.000517223 3
0.550152 0.000514655 3
0.550427 0.000511634 3
0.550703 0.00050817 2
0.550979 0.000504266 2
0.551254 0.000499918 2
0.55153 0.000495124 1
0.551805 0.000489883 2
0.552081 0.000484237 3
0.552357 0.000478212 3
0.552632 0.000471833 2
0.552908 0.000465133 5
0.553183 0.000458134 3
0.553459 0.000450855 3
0.553735 0.000443316 2
0.55401 0.000435526 4
0.554286 0.000427471 4
0.554562 0.000419113 3
0.554837 0.000410435 4
0.555113 0.000401443 2
0.555388 0.000392153 2
0.555664 0.000382641 2
0.55594 0.000372942 2
0.556215 0.000363111 2
0.556491 0.000353204 2
0.556767 0.000343278 1
0.557042 0.000333361 1
0.557318 0.000323436 1
0.557593 0.000313461 1
0.557869 0.000303367 2
0.558145 0.000293128 2
0.55842 0.000282753 2
0.558696 0.0002723 2
0.558972 0.000261777 2
0.559247 0.000251235 3
0.559523 0.000240722 2
0.559798 0.000230292 2
0.560074 0.000219996 2
0.56035 0.000209874 1
0.560625 0.000199957 1
0.560901 0.000190261 2
0.561176 0.000180793 2
0.561452 0.00017154 1
0.561728 0.000162476 2
0.562003 0.000153572 2
0.562279 0.000144835 2
0.562555 0.000136287 2
0.56283 0.000127945 2
0.563106 0.000119834 1
0.563381 0.000111992 2
0.563657 0.000104473 1
0.563933 9.73156e-05 2
0.564208 9.05436e-05 2
0.564484 8.41665e-05 1
0.56476 7.81798e-05 1
0.565035 7.25701e-05 2
0.565311 6.73273e-05 2
0.565586 6.24383e-05 2
0.565862 5.78979e-05 2
0.566138 5.37063e-05 2
0.566413 4.98717e-05 4
0.566689 4.64003e-05 2
0.566965 4.33259e-05 2
0.56724 4.06734e-05 2
0.567516 3.84764e-05 2
0.567791 3.67589e-05 2
0.568067 3.55379e-05 1
0.568343 3.48168e-05 1
0.568618 3.4588e-05 1
0.568894 3.48307e-05 1
0.569169 3.55149e-05 1
0.569445 3.66096e-05 1
0.569721 3.80885e-05 2
0.569996 3.99346e-05 2
0.570272 4.21479e-05 2
0.570548 4.47435e-05 2
0.570823 4.77439e-05 2
0.571099 5.11181e-05 1
0.571374 5.49411e-05 4
0.57165 5.92388e-05 2
0.571926 6.39972e-05 1
0.572201 6.91988e-05 2
0.572477 7.48057e-05 2
0.572753 8.07833e-05 2
0.573028 8.70968e-05 2
0.573304 9.37153e-05 2
0.573579 0.000100618 2
0.573855 0.000107798 2
0.574131 0.000115251 2
0.574406 0.000122981 2
0.574682 0.000130991 1
0.574958 0.000139287 1
0.575233 0.000147865 1
0.575509 0.000156715 1
0.575784 0.000165821 2
0.57606 0.000175158 2
0.576336 0.000184698 2
0.576611 0.000194436 2
0.576887 0.000204313 1
0.577162 0.000214333 2
0.577438 0.000224448 2
0.577714 0.000234591 2
0.577989 0.000244746 2
0.578265 0.000254932 2
0.578541 0.00026517 4
0.578816 0.000275466 2
0.579092 0.000285806 2
0.579367 0.00029624 3
0.579643 0.000306739 3
0.579919 0.000317253 3
0.580194 0.000327667 1
0.58047 0.000337904 3
0.580746 0.00034792 2
0.581021 0.00035773 2
0.581297 0.000367364 2
0.581572 0.000376844 2
0.581848 0.000386179 2
0.582124 0.000395359 2
0.582399 0.000404363 1
0.582675 0.00041317 2
0.582951 0.000421737 2
0.583226 0.000430065 4
0.583502 0.000438149 2
0.583777 0.000445948 4
0.584053 0.000453411 3
0.584329 0.000460498 4
0.584604 0.0004672 3
0.58488 0.000473512 1
0.585155 0.000479397 4
0.585431 0.000484892 2
0.585707 0.000490013 1
0.585982 0.000494755 3
0.586258 0.000499138 2
0.586534 0.000503171 1
0.586809 0.000506863 2
0.587085 0.000510184 2
0.58736 0.000513097 3
0.587636 0.000515563 3
0.587912 0.000517475 3
0.588187 0.000518873 3
0.588463 0.00051976 4
0.588739 0.000520143 5
0.589014 0.000520057 3
0.58929 0.000519542 1
0.589565 0.000518667 3
0.589841 0.000517429 3
0.590117 0.000515845 4
0.590392 0.000513892 5
0.590668 0.000511542 3
0.590944 0.000508776 3
0.591219 0.000505577 3
0.591495 0.000501929 3
0.59177 0.000497824 3
0.592046 0.000493264 2
0.592322 0.00048826 2
0.592597 0.000482829 2
0.592873 0.000477013 2
0.593149 0.000470847 2
0.593424 0.000464361 2
0.5937 0.000457585 5
0.593975 0.000450546 3
0.594251 0.000443255 4
0.594527 0.00043572 2
0.594802 0.000427925 4
0.595078 0.000419833 3
0.595353 0.000411419 3
0.595629 0.00040268 4
0.595905 0.000393631 2
0.59618 0.000384323 2
0.596456 0.000374827 2
0.596732 0.000365203 2
0.597007 0.0003555 2
0.597283 0.000345769 2
0.597558 0.000336041 1
0.597834 0.000326302 1
0.59811 0.000316514 1
0.598385 0.000306604 1
0.598661 0.000296542 2
0.598937 0.000286327 2
0.599212 0.00027601 2
0.599488 0.000265611 2
0.599763 0.000255191 2
0.600039 0.000244804 2
0.600315 0.000234498 2
0.60059 0.000224308 2
0.600866 0.000214269 3
0.601142 0.000204403 2
0.601417 0.000194727 2
0.601693 0.000185254 2
0.601968 0.000175984 2
0.602244 0.000166915 1
0.60252 0.000158015 3
0.602795 0.000149301 3
0.603071 0.000140787 1
0.603346 0.000132476 1
0.603622 0.000124377 1
0.603898 0.000116524 1
0.604173 0.000108961 1
0.604449 0.000101731 1
0.604725 9.48641e-05 1
0.605 8.83747e-05 1
0.605276 8.22653e-05 1
0.605551 7.65286e-05 1
0.605827 7.11548e-05 1
0.606103 6.6136e-05 1
0.606378 6.14675e-05 1
0.606654 5.71507e-05 1
0.60693 5.31922e-05 1
0.607205 4.96208e-05 4
0.607481 4.64485e-05 2
0.607756 4.36841e-05 2
0.608032 4.13513e-05 2
0.608308 3.94724e-05 2
0.608583 3.80675e-05 1
0.608859 3.71441e-05 1
0.609135 3.67e-05 1
0.60941 3.67214e-05 1
0.609686 3.71851e-05 1
0.609961 3.80636e-05 1
0.610237 3.93339e-05 2
0.610513 4.09784e-05 2
0.610788 4.29939e-05 2
0.611064 4.53895e-05 2
0.611339 4.8166e-05 2
0.611615 5.13613e-05 1
0.611891 5.49997e-05 4
0.612166 5.90881e-05 2
0.612442 6.35537e-05 1
0.612718 6.84569e-05 1
0.612993 7.37967e-05 1
0.613269 7.95337e-05 1
0.613544 8.5626e-05 1
0.61382 9.20317e-05 2
0.614096 9.87194e-05 2
0.614371 0.000105681 2
0.614647 0.000112918 1
0.614923 0.00012044 1
0.615198 0.000128251 1
0.615474 0.000136349 1
0.615749 0.000144727 1
0.616025 0.000153371 1
0.616301 0.000162262 1
0.616576 0.000171376 1
0.616852 0.00018069 1
0.617128 0.000190205 2
0.617403 0.000199872 2
0.617679 0.000209694 1
0.617954 0.00021964 1
0.61823 0.000229643 2
0.618506 0.000239685 2
0.618781 0.000249773 1
0.619057 0.000259909 4
0.619332 0.000270096 2
0.619608 0.000280319 2
0.619884 0.00029056 2
0.620159 0.000300861 3
0.620435 0.000311223 3
0.620711 0.00032158 1
0.620986 0.000331823 2
0.621262 0.000341844 2
0.621537 0.000351629 2
0.621813 0.000361205 2
0.622089 0.000370606 2
0.622364 0.000379856 2
0.62264 0.000388963 2
0.622916 0.000397912 1
0.623191 0.000406677 2
0.623467 0.000415229 2
0.623742 0.000423527 4
0.624018 0.00043157 1
0.624294 0.000439361 4
0.624569 0.000446863 3
0.624845 0.000454022 3
0.625121 0.000460807 3
0.625396 0.000467216 5
0.625672 0.000473224 2
0.625947 0.000478863 2
0.626223 0.000484137 4
0.626499 0.000489032 2
0.626774 0.000493554 2
0.62705 0.000497716 1
0.627325 0.000501531 2
0.627601 0.000504978 3
0.627877 0.00050803 3
0.628152 0.000510658 3
0.628428 0.000512835 3
0.628704 0.000514534 3
0.628979 0.00051566 4
0.629255 0.000516231 5
0.62953 0.000516311 3
0.629806 0.000515951 1
0.630082 0.000515229 3
0.630357 0.000514172 2
0.630633 0.000512791 4
0.630909 0.000511052 5
0.631184 0.000508903 3
0.63146 0.000506316 3
0.631735 0.000503285 3
0.632011 0.000499817 2
0.632287 0.000495916 2
0.632562 0.000491584 2
0.632838 0.000486827 1
0.633114 0.000481647 2
0.633389 0.000476087 2
0.633665 0.000470169 3
0.63394 0.000463913 2
0.634216 0.000457345 5
0.634492 0.000450485 3
0.634767 0.000443345 2
0.635043 0.000435941 2
0.635318 0.000428285 2
0.635594 0.000420367 4
0.63587 0.000412152 3
0.636145 0.000403623 4
0.636421 0.000394788 2
0.636697 0.000385671 2
0.636972 0.000376349 2
0.637248 0.000366855 2
0.637523 0.000357242 2
0.637799 0.000347561 2
0.638075 0.000337863 1
0.63835 0.000328168 1
0.638626 0.000318462 1
0.638902 0.000308702 1
0.639177 0.000298823 2
0.639453 0.000288805 2
0.639728 0.000278658 2
0.640004 0.000268444 2
0.64028 0.000258172 2
0.640555 0.000247891 2
0.640831 0.000237649 2
0.641107 0.000227497 3
0.641382 0.000217476 2
0.641658 0.000207621 1
0.641933 0.000197953 1
0.642209 0.000188496 1
0.642485 0.000179249 2
0.64276 0.000170209 2
0.643036 0.000161364 1
0.643312 0.000152682 1
0.643587 0.000144174 1
0.643863 0.000135862 1
0.644138 0.000127763 1
0.644414 0.000119896 1
0.64469 0.0001123 1
0.644965 0.00010502 1
0.645241 9.80926e-05 1
0.645516 9.15398e-05 1
0.645792 8.53671e-05 1
0.646068 7.95695e-05 1
0.646343 7.41334e-05 1
0.646619 6.90468e-05 1
0.646895 6.43025e-05 1
0.64717 5.98985e-05 1
0.647446 5.5841e-05 1
0.647721 5.21411e-05 1
0.647997 4.88154e-05 1
0.648273 4.58853e-05 4
0.648548 4.3373e-05 2
0.648824 4.13022e-05 1
0.6491 3.96917e-05 1
0.649375 3.85547e-05 1
0.649651 3.78835e-05 1
0.649926 3.7693e-05 1
0.650202 3.79609e-05 1
0.650478 3.86601e-05 1
0.650753 3.97655e-05 1
0.651029 4.1256e-05 2
0.651305 4.31188e-05 2
0.65158 4.53556e-05 2
0.651856 4.79315e-05 4
0.652131 5.09047e-05 2
0.652407 5.43108e-05 2
0.652683 5.8158e-05 2
0.652958 6.24446e-05 1
0.653234 6.71671e-05 2
0.653509 7.22994e-05 1
0.653785 7.78207e-05 2
0.654061 8.36946e-05 2
0.654336 8.98923e-05 2
0.654612 9.63927e-05 2
0.654888 0.000103176 2
0.655163 0.000110233 1
0.655439 0.000117562 1
0.655714 0.000125164 1
0.65599 0.000133038 1
0.656266 0.000141185 1
0.656541 0.000149598 1
0.656817 0.000158269 1
0.657093 0.000167179 1
0.657368 0.000176308 1
0.657644 0.000185656 2
0.657919 0.000195166 1
0.658195 0.000204843 2
0.658471 0.000214638 2
0.658746 0.000224484 2
0.659022 0.000234357 2
0.659298 0.000244272 2
0.659573 0.000254246 1
0.659849 0.000264283 4
0.660124 0.000274374 2
0.6604 0.000284496 1
0.660676 0.000294705 3
0.660951 0.000304969 3
0.661227 0.000315241 3
0.661502 0.000325407 3
0.661778 0.000335382 3
0.662054 0.000345146 2
0.662329 0.000354719 2
0.662605 0.000364127 2
0.662881 0.000373385 2
0.663156 0.000382498 2
0.663432 0.00039145 2
0.663707 0.000400218 1
0.663983 0.000408783 2
0.664259 0.000417103 4
0.664534 0.000425182 1
0.66481 0.000433024 4
0.665086 0.000440583 3
0.665361 0.0004478 3
0.665637 0.000454656 4
0.665912 0.000461146 3
0.666188 0.000467267 5
0.666464 0.000472982 2
0.666739 0.000478323 2
0.667015 0.000483304 3
0.667291 0.00048792 2
0.667566 0.000492174 2
0.667842 0.000496074 1
0.668117 0.000499624 2
0.668393 0.0005028 2
0.668669 0.00050557 3
0.668944 0.000507902 3
0.66922 0.000509768 3
0.669495 0.000511074 4
0.669771 0.000511866 5
0.670047 0.000512169 3
0.670322 0.000512017 3
0.670598 0.000511471 1
0.670874 0.000510557 3
0.671149 0.000509324 3
0.671425 0.000507758 4
0.6717 0.000505819 4
0.671976 0.000503475 3
0.672252 0.000500708 3
0.672527 0.000497505 3
0.672803 0.000493862 2
0.673079 0.000489781 2
0.673354 0.00048527 1
0.67363 0.000480331 2
0.673905 0.000474992 2
0.674181 0.000469289 2
0.674457 0.000463251 2
0.674732 0.000456907 2
0.675008 0.00045028 5
0.675284 0.000443388 2
0.675559 0.000436238 4
0.675835 0.000428836 2
0.67611 0.000421171 4
0.676386 0.000413211 3
0.676662 0.000404942 3
0.676937 0.000396361 4
0.677213 0.000387487 2
0.677488 0.000378369 2
0.677764 0.000369074 2
0.67804 0.000359659 2
0.678315 0.000350168 2
0.678591 0.000340649 2
0.678867 0.000331129 1
0.679142 0.000321598 1
0.679418 0.000312016 1
0.679693 0.000302328 2
0.679969 0.000292486 2
0.680245 0.000282492 2
0.68052 0.000272376 2
0.680796 0.000262217 2
0.681072 0.000252042 2
0.681347 0.000241907 2
0.681623 0.000231855 2
0.681898 0.000221922 1
0.682174 0.000212129 3
0.68245 0.0002025 2
0.682725 0.000193051 1
0.683001 0.000183797 2
0.683277 0.000174745 2
0.683552 0.000165894 2
0.683828 0.000157236 2
0.684103 0.000148751 1
0.684379 0.000140452 3
0.684655 0.000132358 3
0.68493 0.000124483 1
0.685206 0.000116844 2
0.685482 0.00010948 1
0.685757 0.000102437 2
0.686033 9.57519e-05 1
0.686308 8.9445e-05 1
0.686584 8.35191e-05 1
0.68686 7.79626e-05 2
0.687135 7.27638e-05 2
0.687411 6.79087e-05 2
0.687686 6.33913e-05 2
0.687962 5.92142e-05 2
0.688238 5.53876e-05 2
0.688513 5.19281e-05 2
0.688789 4.88533e-05 2
0.689065 4.61857e-05 4
0.68934 4.39577e-05 2
0.689616 4.21898e-05 2
0.689891 4.08839e-05 2
0.690167 4.00467e-05 2
0.690443 3.96737e-05 1
0.690718 3.97537e-05 1
0.690994 4.0264e-05 1
0.69127 4.11828e-05 2
0.691545 4.24857e-05 2
0.691821 4.41595e-05 2
0.692096 4.62e-05 2
0.692372 4.86157e-05 4
0.692648 5.14204e-05 2
0.692923 5.45666e-05 1
0.693199 5.81385e-05 1
0.693475 6.21628e-05 1
0.69375 6.66324e-05 1
0.694026 7.15253e-05 1
0.694301 7.68134e-05 1
0.694577 8.24653e-05 1
0.694853 8.84499e-05 1
0.695128 9.4742e-05 2
0.695404 0.000101321 2
0.695679 0.000108175 1
0.695955 0.000115302 1
0.696231 0.000122701 1
0.696506 0.000130373 1
0.696782 0.000138315 1
0.697058 0.000146523 1
0.697333 0.000154985 1
0.697609 0.000163688 1
0.697884 0.000172613 1
0.69816 0.00018176 1
0.698436 0.000191077 1
0.698711 0.000200571 1
0.698987 0.000210201 1
0.699263 0.000219897 2
0.699538 0.000229636 2
0.699814 0.000239428 4
0.700089 0.000249284 2
0.700365 0.000259205 2
0.700641 0.000269179 3
0.700916 0.000279189 3
0.701192 0.000289285 3
0.701468 0.00029946 2
0.701743 0.000309655 1
0.702019 0.000319758 2
0.702294 0.000329657 2
0.70257 0.000339334 2
0.702846 0.000348818 2
0.703121 0.000358148 2
0.703397 0.000367347 2
0.703672 0.000376416 2
0.703948 0.000385341 1
0.704224 0.000394098 2
0.704499 0.000402657 2
0.704775 0.000410979 4
0.705051 0.000419063 1
0.705326 0.000426917 2
0.705602 0.000434502 4
0.705877 0.00044178 3
0.706153 0.000448713 3
0.706429 0.000455296 3
0.706704 0.000461527 4
0.70698 0.000467366 2
0.707256 0.000472833 4
0.707531 0.000477938 3
0.707807 0.000482676 3
0.708082 0.000487053 2
0.708358 0.000491078 1
0.708634 0.00049476 2
0.708909 0.000498077 2
0.709185 0.000501 2
0.709461 0.000503501 3
0.709736 0.000505553 3
0.710012 0.000507059 3
0.710287 0.000508067 4
0.710563 0.00050859 5
0.710839 0.000508612 3
0.711114 0.000508219 1
0.71139 0.000507491 3
0.711665 0.000506444 2
0.711941 0.00050507 4
0.712217 0.000503326 5
0.712492 0.000501163 3
0.712768 0.000498559 3
0.713044 0.000495513 2
0.713319 0.000492038 2
0.713595 0.000488142 2
0.71387 0.000483831 2
0.714146 0.000479111 2
0.714422 0.000473994 2
0.714697 0.000468511 2
0.714973 0.00046269 2
0.715249 0.000456548 2
0.715524 0.000450109 5
0.7158 0.000443392 3
0.716075 0.000436405 3
0.716351 0.000429158 2
0.716627 0.000421656 2
0.716902 0.000413885 4
0.717178 0.00040581 3
0.717454 0.000397419 4
0.717729 0.000388723 2
0.718005 0.000379757 2
0.71828 0.0003706 2
0.718556 0.000361296 2
0.718832 0.000351898 2
0.719107 0.000342447 2
0.719383 0.000332983 1
0.719658 0.000323517 1
0.719934 0.000314031 1
0.72021 0.00030448 2
0.720485 0.000294822 2
0.720761 0.000285014 2
0.721037 0.000275076 2
0.721312 0.000265086 2
0.721588 0.000255052 2
0.721863 0.000245015 2
0.722139 0.000235021 2
0.722415 0.000225124 1
0.72269 0.000215357 3
0.722966 0.000205753 2
0.723242 0.000196329 1
0.723517 0.000187104 1
0.723793 0.000178079 2
0.724068 0.000169252 2
0.724344 0.000160619 1
0.72462 0.000152167 1
0.724895 0.000143877 1
0.725171 0.000135775 1
0.725447 0.000127898 1
0.725722 0.000120267 1
0.725998 0.000112902 1
0.726273 0.00010584 1
0.726549 9.91196e-05 1
0.726825 9.27656e-05 1
0.7271 8.67875e-05 1
0.727376 8.11763e-05 1
0.727652 7.59162e-05 1
0.727927 7.09921e-05 1
0.728203 6.63963e-05 1
0.728478 6.21319e-05 1
0.728754 5.82089e-05 1
0.72903 5.46438e-05 1
0.729305 5.1454e-05 2
0.729581 4.86605e-05 2
0.729856 4.62818e-05 1
0.730132 4.43376e-05 1
0.730408 4.28435e-05 4
0.730683 4.18067e-05 2
0.730959 4.12273e-05 1
0.731235 4.10966e-05 1
0.73151 4.13977e-05 1
0.731786 4.21097e-05 2
0.732061 4.32038e-05 2
0.732337 4.468e-05 4
0.732613 4.65185e-05 2
0.732888 4.87266e-05 2
0.733164 5.13045e-05 2
0.73344 5.42847e-05 2
0.733715 5.76837e-05 2
0.733991 6.15114e-05 1
0.734266 6.57698e-05 1
0.734542 7.04501e-05 1
0.734818 7.55329e-05 1
0.735093 8.09908e-05 1
0.735369 8.67939e-05 1
0.735645 9.29109e-05 1
0.73592 9.93165e-05 1
0.736196 0.000105995 1
0.736471 0.000112937 1
0.736747 0.000120141 1
0.737023 0.000127607 1
0.737298 0.000135337 1
0.737574 0.000143329 1
0.737849 0.000151578 1
0.738125 0.000160074 1
0.738401 0.0001688 1
0.738676 0.000177762 1
0.738952 0.000186915 1
0.739228 0.000196244 1
0.739503 0.000205715 1
0.739779 0.000215268 2
0.740054 0.000224866 2
0.74033 0.000234513 2
0.740606 0.00024422 1
0.740881 0.000253989 4
0.741157 0.000263819 2
0.741433 0.000273694 3
0.741708 0.000283672 3
0.741984 0.000293731 3
0.742259 0.000303824 1
0.742535 0.000313897 1
0.742811 0.00032376 3
0.743086 0.000333422 2
0.743362 0.0003429 2
0.743638 0.000352221 2
0.743913 0.000361404 2
0.744189 0.000370454 2
0.744464 0.00037936 2
0.74474 0.0003881 1
0.745016 0.000396655 2
0.745291 0.000404999 1
0.745567 0.000413103 4
0.745842 0.000420965 3
0.746118 0.000428582 4
0.746394 0.000435916 3
0.746669 0.000442917 3
0.746945 0.00044957 3
0.747221 0.00045587 4
0.747496 0.00046178 5
0.747772 0.00046731 3
0.748047 0.000472481 3
0.748323 0.000477288 3
0.748599 0.000481734 2
0.748874 0.000485831 1
0.74915 0.000489591 2
0.749426 0.000493006 2
0.749701 0.000496052 2
0.749977 0.000498695 3
0.750252 0.000500907 3
0.750528 0.000502663 3
0.750804 0.000503948 4
0.751079 0.000504672 5
0.751355 0.000504903 3
0.751631 0.000504699 3
0.751906 0.00050412 1
0.752182 0.00050319 3
0.752457 0.00050195 3
0.752733 0.00050039 3
0.753009 0.000498457 2
0.753284 0.000496107 1
0.75356 0.000493321 2
0.753835 0.000490106 2
0.754111 0.00048647 1
0.754387 0.000482414 1
0.754662 0.000477947 1
0.754938 0.000473079 2
0.755214 0.000467831 2
0.755489 0.000462237 2
0.755765 0.000456324 2
0.75604 0.000450116 2
0.756316 0.000443632 4
0.756592 0.000436888 2
0.756867 0.000429882 3
0.757143 0.000422619 2
0.757419 0.000415086 4
0.757694 0.000407257 3
0.75797 0.000399113 3
0.758245 0.000390661 4
0.758521 0.00038192 2
0.758797 0.000372934 2
0.759072 0.000363797 2
0.759348 0.000354568 2
0.759624 0.000345288 2
0.759899 0.00033598 2
0.760175 0.000326667 1
0.76045 0.000317339 1
0.760726 0.000307959 1
0.761002 0.000298478 2
0.761277 0.000288849 2
0.761553 0.000279074 2
0.761828 0.00026918 2
0.762104 0.000259242 2
0.76238 0.000249285 2
0.762655 0.000239365 2
0.762931 0.000229526 2
0.763207 0.000219806 1
0.763482 0.000210229 3
0.763758 0.00020082 2
0.764033 0.000191595 1
0.764309 0.000182568 2
0.764585 0.000173745 2
0.76486 0.00016512 2
0.765136 0.000156685 3
0.765412 0.000148435 1
0.765687 0.000140348 1
0.765963 0.000132452 1
0.766238 0.000124786 1
0.766514 0.00011737 1
0.76679 0.000110232 1
0.767065 0.000103408 1
0.767341 9.69349e-05 1
0.767617 9.08351e-05 1
0.767892 8.51102e-05 1
0.768168 7.9747e-05 1
0.768443 7.47274e-05 1
0.768719 7.00369e-05 1
0.768995 6.56703e-05 1
0.76927 6.16333e-05 1
0.769546 5.79396e-05 1
0.769822 5.46087e-05 2
0.770097 5.16601e-05 2
0.770373 4.91152e-05 2
0.770648 4.69922e-05 1
0.770924 4.53085e-05 1
0.7712 4.40746e-05 1
0.771475 4.32929e-05 4
0.771751 4.2959e-05 2
0.772026 4.30619e-05 1
0.772302 4.35995e-05 2
0.772578 4.45342e-05 2
0.772853 4.58485e-05 4
0.773129 4.75312e-05 2
0.773405 4.95358e-05 2
0.77368 5.19057e-05 2
0.773956 5.46789e-05 2
0.774231 5.78636e-05 1
0.774507 6.14735e-05 1
0.774783 6.55134e-05 1
0.775058 6.998e-05 1
0.775334 7.4856e-05 1
0.77561 8.01148e-05 1
0.775885 8.57241e-05 1
0.776161 9.16523e-05 1
0.776436 9.7872e-05 1
0.776712 0.000104364 1
0.776988 0.000111118 1
0.777263 0.00011813 1
0.777539 0.000125398 1
0.777815 0.000132924 1
0.77809 0.000140708 1
0.778366 0.000148747 1
0.778641 0.000157034 1
0.778917 0.000165559 1
0.779193 0.000174326 1
0.779468 0.000183287 1
0.779744 0.000192448 1
0.780019 0.000201766 1
0.780295 0.00021117 2
0.780571 0.000220628 2
0.780846 0.000230149 4
0.781122 0.000239741 2
0.781398 0.000249406 2
0.781673 0.000259132 3
0.781949 0.000268902 1
0.782224 0.000278786 3
0.7825 0.000288769 2
0.782776 0.000298795 1
0.783051 0.000308749 2
0.783327 0.000318522 2
0.783603 0.000328098 2
0.783878 0.000337502 2
0.784154 0.000346769 2
0.784429 0.000355916 2
0.784705 0.000364941 2
0.784981 0.000373826 1
0.785256 0.000382554 2
0.785532 0.000391094 1
0.785808 0.000399435 2
0.786083 0.000407543 4
0.786359 0.000415415 1
0.786634 0.000423059 2
0.78691 0.000430437 4
0.787186 0.000437511 3
0.787461 0.00044425 3
0.787737 0.000450651 3
0.788012 0.000456706 5
0.788288 0.000462371 4
0.788564 0.000467665 3
0.788839 0.000472603 3
0.789115 0.00047718 3
0.789391 0.000481405 2
0.789666 0.000485286 1
0.789942 0.000488833 2
0.790217 0.000492018 2
0.790493 0.000494816 2
0.790769 0.000497196 3
0.791044 0.000499063 3
0.79132 0.000500461 3
0.791596 0.00050139 4
0.791871 0.000501847 5
0.792147 0.000501862 3
0.792422 0.000501438 3
0.792698 0.000500672 3
0.792974 0.000499596 1
0.793249 0.000498178 4
0.793525 0.000496384 5
0.793801 0.000494186 3
0.794076 0.00049157 3
0.794352 0.000488535 3
0.794627 0.000485087 2
0.794903 0.000481234 2
0.795179 0.000476982 2
0.795454 0.000472334 2
0.79573 0.0004673 2
0.796005 0.000461911 2
0.796281 0.000456192 2
0.796557 0.000450161 2
0.796832 0.000443842 2
0.797108 0.000437249 5
0.797384 0.000430395 2
0.797659 0.00042328 2
0.797935 0.000415906 4
0.79821 0.000408258 5
0.798486 0.000400301 3
0.798762 0.000392029 4
0.799037 0.000383459 2
0.799313 0.000374627 2
0.799589 0.000365622 2
0.799864 0.000356492 2
0.80014 0.000347285 2
0.800415 0.000338038 2
0.800691 0.000328785 1
0.800967 0.00031953 1
0.801242 0.000310252 1
0.801518 0.000300908 2
0.801794 0.000291457 2
0.802069 0.000281858 2
0.802345 0.000272134 2
0.80262 0.000262318 2
0.802896 0.000252493 2
0.803172 0.000242678 2
0.803447 0.00023292 2
0.803723 0.000223257 1
0.803998 0.000213719 1
0.804274 0.00020434 1
0.80455 0.00019514 3
0.804825 0.000186132 2
0.805101 0.000177321 2
0.805377 0.000168709 2
0.805652 0.00016029 2
0.805928 0.000152065 1
0.806203 0.000144026 3
0.806479 0.000136167 1
0.806755 0.00012852 3
0.80703 0.000121123 2
0.807306 0.000113995 1
0.807582 0.000107152 2
0.807857 0.000100625 1
0.808133 9.44398e-05 2
0.808408 8.86195e-05 2
0.808684 8.31647e-05 1
0.80896 7.80603e-05 2
0.809235 7.3294e-05 2
0.809511 6.88534e-05 2
0.809787 6.47381e-05 2
0.810062 6.09586e-05 2
0.810338 5.75308e-05 2
0.810613 5.44737e-05 2
0.810889 5.18081e-05 2
0.811165 4.95514e-05 2
0.81144 4.77197e-05 2
0.811716 4.6325e-05 2
0.811991 4.53723e-05 2
0.812267 4.48615e-05 1
0.812543 4.4783e-05 1
0.812818 4.51207e-05 1
0.813094 4.58559e-05 1
0.81337 4.69709e-05 2
0.813645 4.84519e-05 2
0.813921 5.02954e-05 2
0.814196 5.2505e-05 2
0.814472 5.50891e-05 2
0.814748 5.80674e-05 2
0.815023 6.14577e-05 1
0.815299 6.52702e-05 1
0.815575 6.95062e-05 1
0.81585 7.41564e-05 1
0.816126 7.92004e-05 1
0.816401 8.46081e-05 1
0.816677 9.03467e-05 1
0.816953 9.63855e-05 1
0.817228 0.0001027 1
0.817504 0.000109272 1
0.81778 0.000116094 1
0.818055 0.000123164 1
0.818331 0.000130486 1
0.818606 0.00013806 1
0.818882 0.000145889 1
0.819158 0.000153969 1
0.819433 0.000162294 1
0.819709 0.000170871 1
0.819985 0.00017967 1
0.82026 0.000188654 1
0.820536 0.000197797 1
0.820811 0.000207054 1
0.821087 0.000216385 2
0.821363 0.000225779 2
0.821638 0.000235241 2
0.821914 0.000244773 4
0.822189 0.000254367 1
0.822465 0.00026401 3
0.822741 0.000273765 3
0.823016 0.000283617 3
0.823292 0.000293521 1
0.823568 0.000303382 2
0.823843 0.000313092 2
0.824119 0.000322628 2
0.824394 0.000332001 2
0.82467 0.000341235 2
0.824946 0.000350344 2
0.825221 0.00035933 2
0.825497 0.000368181 2
0.825773 0.000376877 2
0.826048 0.000385396 1
0.826324 0.000393727 2
0.826599 0.000401838 4
0.826875 0.000409726 1
0.827151 0.000417398 2
0.827426 0.000424813 4
0.827702 0.00043193 3
0.827978 0.000438717 3
0.828253 0.00044517 3
0.828529 0.000451279 5
0.828804 0.000457002 4
0.82908 0.00046236 3
0.829356 0.000467366 3
0.829631 0.000472014 3
0.829907 0.000476315 2
0.830182 0.000480279 1
0.830458 0.000483916 2
0.830734 0.000487207 2
0.831009 0.000490126 2
0.831285 0.000492642 3
0.831561 0.000494732 3
0.831836 0.000496375 3
0.832112 0.000497486 4
0.832387 0.000498114 5
0.832663 0.000498289 3
0.832939 0.000498062 3
0.833214 0.00049745 1
0.83349 0.000496521 3
0.833766 0.000495279 3
0.834041 0.000493704 3
0.834317 0.000491744 2
0.834592 0.000489367 1
0.834868 0.000486563 2
0.835144 0.00048335 2
0.835419 0.000479742 1
0.835695 0.000475735 1
0.835971 0.000471333 2
0.836246 0.000466543 2
0.836522 0.000461379 2
0.836797 0.000455876 2
0.837073 0.000450059 2
0.837349 0.000443954 2
0.837624 0.000437581 4
0.8379 0.000430946 2
0.838175 0.000424051 3
0.838451 0.000416895 2
0.838727 0.000409469 4
0.839002 0.000401749 3
0.839278 0.000393716 3
0.839554 0.000385381 4
0.839829 0.00037677 2
0.840105 0.000367931 2
0.84038 0.000358957 2
0.840656 0.000349905 2
0.840932 0.000340811 2
0.841207 0.000331693 1
0.841483 0.000322568 1
0.841759 0.000313426 1
0.842034 0.000304233 1
0.84231 0.000294944 2
0.842585 0.000285512 2
0.842861 0.000275938 2
0.843137 0.000266253 2
0.843412 0.000256536 2
0.843688 0.000246805 2
0.843964 0.000237109 2
0.844239 0.00022749 2
0.844515 0.00021799 1
0.84479 0.000208632 3
0.845066 0.000199443 2
0.845342 0.000190443 1
0.845617 0.000181639 2
0.845893 0.00017304 2
0.846168 0.000164641 2
0.846444 0.000156432 3
0.84672 0.000148407 3
0.846995 0.000140564 1
0.847271 0.000132889 3
0.847547 0.000125421 3
0.847822 0.000118211 1
0.848098 0.000111284 1
0.848373 0.000104663 1
0.848649 9.83766e-05 1
0.848925 9.2453e-05 1
0.8492 8.69002e-05 1
0.849476 8.171e-05 1
0.849752 7.68639e-05 1
0.850027 7.23431e-05 1
0.850303 6.81386e-05 1
0.850578 6.42537e-05 1
0.850854 6.07017e-05 1
0.85113 5.75051e-05 2
0.851405 5.46856e-05 2
0.851681 5.22636e-05 2
0.851957 5.02563e-05 1
0.852232 4.86783e-05 1
0.852508 4.75384e-05 1
0.852783 4.68379e-05 1
0.853059 4.65738e-05 1
0.853335 4.67311e-05 1
0.85361 4.72917e-05 1
0.853886 4.82364e-05 1
0.854161 4.9549e-05 1
0.854437 5.12191e-05 2
0.854713 5.32467e-05 2
0.854988 5.5643e-05 2
0.855264 5.84242e-05 2
0.85554 6.16051e-05 2
0.855815 6.52037e-05 1
0.856091 6.9227e-05 1
0.856366 7.36693e-05 1
0.856642 7.85143e-05 1
0.856918 8.37362e-05 1
0.857193 8.93006e-05 1
0.857469 9.51726e-05 1
0.857745 0.000101323 1
0.85802 0.00010773 1
0.858296 0.000114382 1
0.858571 0.000121274 1
0.858847 0.00012841 1
0.859123 0.000135793 1
0.859398 0.000143427 1
0.859674 0.000151313 1
0.85995 0.000159446 1
0.860225 0.000167837 1
0.860501 0.000176442 1
0.860776 0.000185271 1
0.861052 0.000194283 1
0.861328 0.000203403 2
0.861603 0.000212596 2
0.861879 0.000221862 4
0.862155 0.000231206 2
0.86243 0.000240625 1
0.862706 0.000250104 3
0.862981 0.00025963 1
0.863257 0.000269281 3
0.863533 0.000279044 2
0.863808 0.000288873 1
0.864084 0.000298654 2
0.864359 0.000308278 2
0.864635 0.000317731 2
0.864911 0.000327031 2
0.865186 0.000336209 2
0.865462 0.000345284 2
0.865738 0.00035425 2
0.866013 0.000363089 2
0.866289 0.000371776 1
0.866564 0.000380294 2
0.86684 0.00038862 1
0.867116 0.000396733 2
0.867391 0.000404637 4
0.867667 0.000412334 1
0.867943 0.000419793 4
0.868218 0.000426976 3
0.868494 0.000433848 3
0.868769 0.000440403 3
0.869045 0.000446623 1
0.869321 0.000452461 5
0.869596 0.000457916 3
0.869872 0.00046302 3
0.870148 0.000467775 2
0.870423 0.000472187 2
0.870699 0.000476265 1
0.870974 0.000480019 2
0.87125 0.000483435 2
0.871526 0.000486493 2
0.871801 0.000489161 2
0.872077 0.000491412 3
0.872352 0.000493222 3
0.872628 0.000494505 4
0.872904 0.000495313 5
0.873179 0.000495677 3
0.873455 0.000495625 3
0.873731 0.000495191 1
0.874006 0.000494387 3
0.874282 0.000493268 3
0.874557 0.000491811 4
0.874833 0.000489979 4
0.875109 0.000487751 3
0.875384 0.000485123 3
0.87566 0.000482099 3
0.875936 0.000478679 3
0.876211 0.000474866 3
0.876487 0.000470659 2
0.876762 0.000466067 2
0.877038 0.000461095 2
0.877314 0.000455776 2
0.877589 0.000450137 2
0.877865 0.000444196 2
0.878141 0.000437979 2
0.878416 0.000431499 5
0.878692 0.00042476 2
0.878967 0.00041776 2
0.879243 0.000410498 4
0.879519 0.000402954 5
0.879794 0.0003951 3
0.88007 0.000386937 4
0.880345 0.000378484 2
0.880621 0.000369787 2
0.880897 0.000360938 2
0.881172 0.000351989 2
0.881448 0.000342985 2
0.881724 0.000333952 2
0.881999 0.000324919 1
0.882275 0.000315881 2
0.88255 0.000306813 2
0.882826 0.000297673 2
0.883102 0.000288416 2
0.883377 0.000279007 2
0.883653 0.000269472 2
0.883929 0.00025985 2
0.884204 0.000250224 2
0.88448 0.000240616 2
0.884755 0.000231073 2
0.885031 0.000221628 2
0.885307 0.000212317 1
0.885582 0.000203165 1
0.885858 0.000194193 3
0.886134 0.000185415 2
0.886409 0.000176832 2
0.886685 0.000168442 2
0.88696 0.000160242 2
0.887236 0.000152228 3
0.887512 0.000144403 3
0.887787 0.000136773 1
0.888063 0.000129335 1
0.888338 0.000122131 1
0.888614 0.000115205 1
0.88889 0.000108574 1
0.889165 0.000102251 1
0.889441 9.62584e-05 1
0.889717 9.06143e-05 1
0.889992 8.53274e-05 1
0.890268 8.03908e-05 1
0.890543 7.57881e-05 1
0.890819 7.15064e-05 1
0.891095 6.75414e-05 1
0.89137 6.39014e-05 1
0.891646 6.06026e-05 2
0.891922 5.76695e-05 2
0.892197 5.51241e-05 2
0.892473 5.29844e-05 2
0.892748 5.1263e-05 1
0.893024 4.9969e-05 1
0.8933 4.9105e-05 1
0.893575 4.86679e-05 1
0.893851 4.86459e-05 1
0.894127 4.90244e-05 1
0.894402 4.97866e-05 1
0.894678 5.0917e-05 1
0.894953 5.24063e-05 1
0.895229 5.4253e-05 2
0.895505 5.64638e-05 2
0.89578 5.90483e-05 2
0.896056 6.20267e-05 2
0.896331 6.54151e-05 1
0.896607 6.92215e-05 1
0.896883 7.34462e-05 1
0.897158 7.80756e-05 1
0.897434 8.30863e-05 1
0.89771 8.84474e-05 1
0.897985 9.4124e-05 1
0.898261 0.000100086 1
0.898536 0.000106308 1
0.898812 0.000112776 1
0.899088 0.000119484 1
0.899363 0.00012643 1
0.899639 0.000133621 1
0.899915 0.00014106 1
0.90019 0.000148748 1
0.900466 0.000156687 1
0.900741 0.000164886 1
0.901017 0.000173322 1
0.901293 0.000181962 1
0.901568 0.000190785 1
0.901844 0.000199744 1
0.90212 0.000208794 2
0.902395 0.000217923 2
0.902671 0.00022713 2
0.902946 0.000236414 4
0.903222 0.000245764 1
0.903498 0.000255167 3
0.903773 0.000264607 1
0.904049 0.000274158 3
0.904325 0.000283806 2
0.9046 0.000293501 1
0.904876 0.000303136 2
0.905151 0.000312611 2
0.905427 0.00032191 2
0.905703 0.000331053 2
0.905978 0.000340064 2
0.906254 0.000348956 2
0.906529 0.000357726 2
0.906805 0.000366359 2
0.907081 0.000374831 1
0.907356 0.000383129 2
0.907632 0.000391233 1
0.907908 0.000399121 4
0.908183 0.000406791 3
0.908459 0.000414241 4
0.908734 0.000421432 3
0.90901 0.000428321 3
0.909286 0.000434892 3
0.909561 0.00044114 3
0.909837 0.000447056 5
0.910113 0.000452592 3
0.910388 0.000457772 4
0.910664 0.000462615 3
0.910939 0.000467116 2
0.911215 0.000471279 2
0.911491 0.00047511 1
0.911766 0.000478615 2
0.912042 0.000481777 2
0.912318 0.000484573 2
0.912593 0.000486974 2
0.912869 0.000488954 2
0.913144 0.000490497 2
0.91342 0.000491588 4
0.913696 0.000492141 5
0.913971 0.000492232 3
0.914247 0.000491908 3
0.914522 0.000491251 3
0.914798 0.000490289 1
0.915074 0.000489025 4
0.915349 0.000487434 5
0.915625 0.000485459 3
0.915901 0.000483063 3
0.916176 0.000480243 3
0.916452 0.00047702 2
0.916727 0.000473411 2
0.917003 0.000469425 1
0.917279 0.000465054 2
0.917554 0.000460312 2
0.91783 0.000455211 2
0.918106 0.000449786 2
0.918381 0.00044406 2
0.918657 0.000438051 2
0.918932 0.000431777 5
0.919208 0.000425239 2
0.919484 0.000418442 4
0.919759 0.00041138 2
0.920035 0.000404049 4
0.920311 0.000396432 3
0.920586 0.000388507 3
0.920862 0.000380286 4
0.921137 0.000371802 2
0.921413 0.00036311 2
0.921689 0.000354301 2
0.921964 0.000345425 2
0.92224 0.000336515 2
0.922515 0.000327586 1
0.922791 0.000318651 1
0.923067 0.000309697 1
0.923342 0.00030069 2
0.923618 0.000291594 2
0.923894 0.00028237 2
0.924169 0.000272995 2
0.924445 0.000263507 2
0.92472 0.000253954 2
0.924996 0.000244423 2
0.925272 0.000234934 1
0.925547 0.000225538 1
0.925823 0.000216266 1
0.926099 0.000207143 1
0.926374 0.00019819 3
0.92665 0.000189423 2
0.926925 0.00018085 1
0.927201 0.000172478 2
0.927477 0.000164304 2
0.927752 0.000156319 3
0.928028 0.000148514 3
0.928304 0.000140891 1
0.928579 0.000133454 2
0.928855 0.000126206 1
0.92913 0.000119201 3
0.929406 0.000112482 1
0.929682 0.000106075 2
0.929957 9.99929e-05 2
0.930233 9.42581e-05 1
0.930508 8.88793e-05 1
0.930784 8.38571e-05 2
0.93106 7.9179e-05 2
0.931335 7.48251e-05 2
0.931611 7.0783e-05 2
0.931887 6.70501e-05 2
0.932162 6.3639e-05 2
0.932438 6.05727e-05 2
0.932713 5.78752e-05 2
0.932989 5.5571e-05 2
0.933265 5.3678e-05 2
0.93354 5.22076e-05 2
0.933816 5.11652e-05 2
0.934092 5.05504e-05 1
0.934367 5.03573e-05 1
0.934643 5.05722e-05 1
0.934918 5.11781e-05 1
0.935194 5.21588e-05 1
0.93547 5.35009e-05 2
0.935745 5.51958e-05 2
0.936021 5.72458e-05 2
0.936297 5.9661e-05 2
0.936572 6.24569e-05 2
0.936848 6.56464e-05 2
0.937123 6.92463e-05 1
0.937399 7.32611e-05 1
0.937675 7.76844e-05 1
0.93795 8.24983e-05 1
0.938226 8.76738e-05 1
0.938501 9.31775e-05 1
0.938777 9.8976e-05 1
0.939053 0.000105041 1
0.939328 0.000111352 1
0.939604 0.000117897 1
0.93988 0.000124673 1
0.940155 0.000131685 1
0.940431 0.000138939 1
0.940706 0.000146439 1
0.940982 0.000154187 1
0.941258 0.000162202 1
0.941533 0.000170446 2
0.941809 0.000178928 1
0.942085 0.000187616 1
0.94236 0.000196437 2
0.942636 0.000205353 2
0.942911 0.000214361 4
0.943187 0.00022346 2
0.943463 0.000232642 1
0.943738 0.000241887 3
0.944014 0.000251182 1
0.94429 0.000260514 1
0.944565 0.000269959 3
0.944841 0.000279509 3
0.945116 0.000289124 3
0.945392 0.000298677 3
0.945668 0.000308077 3
0.945943 0.000317304 3
0.946219 0.000326383 3
0.946494 0.000335346 3
0.94677 0.000344207 2
0.947046 0.00035296 1
0.947321 0.000361588 2
0.947597 0.000370063 1
0.947873 0.000378368 2
0.948148 0.000386482 1
0.948424 0.000394385 4
0.948699 0.000402078 2
0.948975 0.000409565 2
0.949251 0.000416815 4
0.949526 0.000423787 3
0.949802 0.000430453 3
0.950078 0.000436805 3
0.950353 0.000442829 5
0.950629 0.000448478 3
0.950904 0.000453766 3
0.95118 0.000458705 3
0.951456 0.000463295 2
0.951731 0.000467548 2
0.952007 0.00047148 1
0.952283 0.000475096 2
0.952558 0.000478383 2
0.952834 0.00048131 2
0.953109 0.000483848 2
0.953385 0.000485972 2
0.953661 0.000487587 3
0.953936 0.000488748 4
0.954212 0.000489465 5
0.954488 0.000489753 3
0.954763 0.000489641 3
0.955039 0.000489158 1
0.955314 0.000488312 3
0.95559 0.000487156 3
0.955866 0.000485666 4
0.956141 0.000483807 4
0.956417 0.000481561 3
0.956692 0.00047893 3
0.956968 0.000475917 3
0.957244 0.000472524 3
0.957519 0.000468747 2
0.957795 0.000464585 2
0.958071 0.00046004 2
0.958346 0.000455122 2
0.958622 0.000449869 2
0.958897 0.000444303 2
0.959173 0.000438448 2
0.959449 0.000432325 2
0.959724 0.000425943 5
0.96 0.000419306 2
0.960276 0.00041241 4
0.960551 0.000405249 2
0.960827 0.000397809 4
0.961102 0.000390065 3
0.961378 0.000382021 4
0.961654 0.000373699 2
0.961929 0.000365147 2
0.962205 0.00035646 2
0.962481 0.000347692 2
0.962756 0.000338883 2
0.963032 0.000330054 2
0.963307 0.000321227 1
0.963583 0.000312393 2
0.963859 0.000303524 2
0.964134 0.000294577 2
0.96441 0.000285511 2
0.964685 0.000276291 2
0.964961 0.000266943 2
0.965237 0.000257516 2
0.965512 0.000248097 2
0.965788 0.000238703 2
0.966064 0.000229378 2
0.966339 0.000220155 2
0.966615 0.000211071 1
0.96689 0.00020215 1
0.967166 0.000193411 1
0.967442 0.000184865 3
0.967717 0.000176513 2
0.967993 0.00016835 2
0.968269 0.00016037 2
0.968544 0.000152568 2
0.96882 0.000144949 2
0.969095 0.000137522 1
0.969371 0.000130284 1
0.969647 0.000123277 1
0.969922 0.000116544 1
0.970198 0.000110101 1
0.970474 0.000103961 1
0.970749 9.81422e-05 1
0.971025 9.26656e-05 1
0.9713 8.75388e-05 1
0.971576 8.27557e-05 1
0.971852 7.83025e-05 1
0.972127 7.41669e-05 1
0.972403 7.0343e-05 1
0.972678 6.68393e-05 1
0.972954 6.36712e-05 2
0.97323 6.08624e-05 2
0.973505 5.84339e-05 2
0.973781 5.64027e-05 1
0.974057 5.47821e-05 1
0.974332 5.35799e-05 1
0.974608 5.27973e-05 1
0.974883 5.2432e-05 1
0.975159 5.24715e-05 1
0.975435 5.29018e-05 1
0.97571 5.37063e-05 1
0.975986 5.48721e-05 1
0.976262 5.63907e-05 1
0.976537 5.82624e-05 2
0.976813 6.04942e-05 2
0.977088 6.30964e-05 2
0.977364 6.60874e-05 2
0.97764 6.94818e-05 1
0.977915 7.32864e-05 1
0.978191 7.74968e-05 1
0.978467 8.20983e-05 1
0.978742 8.70662e-05 1
0.979018 9.23688e-05 1
0.979293 9.79744e-05 1
0.979569 0.000103852 1
0.979845 0.00010998 1
0.98012 0.000116345 1
0.980396 0.000122943 1
0.980671 0.000129775 1
0.980947 0.000136846 1
0.981223 0.000144167 1
0.981498 0.000151739 1
0.981774 0.000159582 1
0.98205 0.000167666 1
0.982325 0.000175964 1
0.982601 0.000184457 1
0.982876 0.000193109 1
0.983152 0.000201876 2
0.983428 0.000210742 2
0.983703 0.0002197 2
0.983979 0.000228742 4
0.984255 0.000237854 3
0.98453 0.000247018 1
0.984806 0.000256225 1
0.985081 0.000265547 3
0.985357 0.000274973 2
0.985633 0.000284465 1
0.985908 0.000293922 2
0.986184 0.000303243 2
0.98646 0.000312407 2
0.986735 0.000321427 2
0.987011 0.000330328 2
0.987286 0.000339125 2
0.987562 0.000347817 2
0.987838 0.000356388 2
0.988113 0.000364816 1
0.988389 0.000373086 2
0.988664 0.000381175 1
0.98894 0.000389062 4
0.989216 0.000396747 2
0.989491 0.00040423 2
0.989767 0.00041148 4
0.990043 0.000418458 3
0.990318 0.000425139 3
0.990594 0.000431517 2
0.990869 0.000437581 1
0.991145 0.000443283 5
0.991421 0.000448635 3
0.991696 0.00045365 4
0.991972 0.000458322 3
0.992248 0.000462663 2
0.992523 0.000466684 1
0.992799 0.000470395 2
0.993074 0.00047378 2
0.99335 0.000476819 2
0.993626 0.000479483 2
0.993901 0.000481749 2
0.994177 0.000483599 2
0.994453 0.000485018 2
0.994728 0.000485923 4
0.995004 0.000486371 3
0.995279 0.000486372 1
0.995555 0.000486018 3
0.995831 0.000485348 1
0.996106 0.000484376 3
0.996382 0.000483091 4
0.996658 0.000481451 5
0.996933 0.000479414 3
0.997209 0.000476967 3
0.997484 0.000474121 3
0.99776 0.000470896 2
0.998036 0.000467304 2
0.998311 0.000463343 2
0.998587 0.000459012 2
0.998862 0.000454314 2
0.999138 0.000449267 2
0.999414 0.000443906 2
0.999689 0.000438254 2
0.999965 0.000432332 2
