0.914589 0
0.914602 0.0078125

0.914602 0.0078125
0.914639 0.015625

0.914639 0.015625
0.914703 0.0234375

0.914702 0.0234375
0.914792 0.03125

0.914792 0.03125
0.914907 0.0390625

0.914907 0.0390625
0.91505 0.046875

0.91505 0.046875
0.91522 0.0546875

0.91522 0.0546875
0.91542 0.0625

0.915419 0.0625
0.915649 0.0703125

0.915649 0.0703125
0.915911 0.078125

0.91591 0.078125
0.916205 0.0859375

0.916205 0.0859375
0.916534 0.09375

0.916534 0.09375
0.916901 0.101562

0.9169 0.101562
0.917307 0.109375

0.917306 0.109375
0.917754 0.117188

0.917754 0.117188
0.918247 0.125

0.918246 0.125
0.918787 0.132812

0.918786 0.132812
0.91938 0.140625

0.919378 0.140625
0.920027 0.148438

0.920026 0.148438
0.920735 0.15625

0.920734 0.15625
0.921508 0.164062

0.921505 0.164062
0.921875 0.167476

0.921875 0.167465
0.922352 0.171875

0.922351 0.171875
0.923274 0.179688

0.923273 0.179688
0.924281 0.1875

0.924279 0.1875
0.92538 0.195312

0.925378 0.195312
0.926579 0.203125

0.926576 0.203125
0.927889 0.210938

0.927884 0.210938
0.929321 0.21875

0.92931 0.21875
0.929688 0.220617

0.929688 0.220574
0.930897 0.226562

0.930893 0.226562
0.932627 0.234375

0.932622 0.234375
0.934526 0.242188

0.934518 0.242188
0.936619 0.25

0.936597 0.25
0.9375 0.253027

0.9375 0.252954
0.93895 0.257812

0.938937 0.257812
0.941525 0.265625

0.941508 0.265625
0.944397 0.273438

0.944341 0.273438
0.945312 0.275774

0.945312 0.275629
0.947651 0.28125

0.947614 0.28125
0.951292 0.289062

0.951214 0.289062
0.953125 0.292609

0.953125 0.292454
0.955507 0.296875

0.95542 0.296875
0.960323 0.304688

0.960141 0.304688
0.960938 0.305847

0.960938 0.305555
0.966096 0.3125

0.965969 0.3125
0.96875 0.315813

0.96875 0.315593
0.973108 0.320312

0.972896 0.320312
0.976562 0.323777

0.976562 0.323611
0.982239 0.328125

0.981694 0.328125
0.984375 0.330071

0.984375 0.32984
0.992188 0.334633

0.992188 0.334551
0.995224 0.335938

0.994977 0.335938
1 0.338231

1 0.338132
1.00781 0.340608

1.00781 0.340573
1.01562 0.342143

1.01562 0.342129
1.02344 0.342892

1.02344 0.342879
1.03125 0.342893

1.03125 0.342879
1.03906 0.342199

1.03906 0.342183
1.04688 0.340869

1.04688 0.340854
1.05469 0.338964

1.05469 0.338947
1.0625 0.336543

1.07031 0.33365
1.06415 0.335938

1.0625 0.336547
1.06414 0.335938

1.07031 0.333626
1.07812 0.330257

1.08594 0.326495
1.08258 0.328125

1.07812 0.330235
1.08247 0.328125

1.08594 0.326447
1.09375 0.322248

1.10156 0.317694
1.09711 0.320312

1.09375 0.322222
1.097 0.320312

1.10156 0.317643
1.10938 0.312688

1.11719 0.307403
1.10967 0.3125

1.10938 0.312678
1.10965 0.3125

1.125 0.301778
1.12098 0.304688

1.11719 0.307348
1.12089 0.304688

1.13281 0.295824
1.13146 0.296875

1.125 0.301708
1.13128 0.296875

1.13281 0.295715
1.14062 0.289366

1.14844 0.282685
1.14099 0.289062

1.14062 0.289348
1.14097 0.289062

1.15625 0.275649
1.15004 0.28125

1.14844 0.28264
1.15001 0.28125

1.16406 0.268247
1.15859 0.273438

1.15625 0.275576
1.15855 0.273438

1.17188 0.260408
1.16671 0.265625

1.16406 0.26817
1.16665 0.265625

1.17969 0.252155
1.17442 0.257812

1.17188 0.260368
1.17435 0.257812

1.1875 0.243513
1.18171 0.25

1.17969 0.252147
1.18166 0.25

1.19531 0.234375
1.18868 0.242188

1.1875 0.243489
1.18864 0.242188

1.20312 0.224697
1.20168 0.226562

1.19531 0.234359
1.20163 0.226562

1.21094 0.214343
1.20769 0.21875

1.20312 0.224599
1.20765 0.21875

1.21875 0.203349
1.21343 0.210938

1.21094 0.214304
1.21338 0.210938

1.22656 0.191492
1.22413 0.195312

1.22411 0.195312
1.21889 0.203125

1.21875 0.203329
1.21889 0.203125

1.23438 0.178742
1.23383 0.179688

1.2338 0.179688
1.22908 0.1875

1.22656 0.191425
1.22906 0.1875

1.24219 0.164658
1.23827 0.171875

1.23438 0.178649
1.23826 0.171875

1.25 0.149071
1.24652 0.15625

1.24651 0.15625
1.2425 0.164062

1.24219 0.164633
1.2425 0.164062

1.25781 0.131393
1.25724 0.132812

1.25723 0.132812
1.25387 0.140625

1.25387 0.140625
1.2503 0.148438

1.25 0.14905
1.2503 0.148438

1.26562 0.110537
1.2633 0.117188

1.2633 0.117188
1.26036 0.125

1.25781 0.131327
1.26036 0.125

1.27344 0.0843077
1.27303 0.0859375

1.27303 0.0859375
1.27089 0.09375

1.27089 0.09375
1.26856 0.101562

1.26855 0.101562
1.26603 0.109375

1.26562 0.110518
1.26602 0.109375

1.28125 0.0437379
1.28085 0.046875

1.28085 0.046875
1.27966 0.0546875

1.27966 0.0546875
1.27828 0.0625

1.27828 0.0625
1.27671 0.0703125

1.27671 0.0703125
1.27496 0.078125

1.27344 0.0842603
1.27496 0.078125

1.28412 0
1.28403 0.0078125

1.28403 0.0078125
1.28376 0.015625

1.28376 0.015625
1.2833 0.0234375

1.2833 0.0234375
1.28267 0.03125

1.28267 0.03125
1.28185 0.0390625

1.28125 0.0437143
1.28185 0.0390625

