0 0.00985624
0.0338878 0.00985005
0.0677756 0.00983327
0.101663 0.00980582
0.135551 0.00976861
0.169439 0.00972181
0.203327 0.00966556
0.237215 0.00959999
0.271102 0.00952521
0.30499 0.00944139
0.338878 0.00934865
0.372766 0.00924717
0.406653 0.00913708
0.440541 0.00901854
0.474429 0.0088917
0.508317 0.00875672
0.542205 0.00861379
0.576092 0.00846311
0.60998 0.0083048
0.643868 0.00813717
0.677756 0.00796234
0.711644 0.0077804
0.745531 0.00759159
0.779419 0.00739601
0.813307 0.00719395
0.847195 0.00698554
0.881082 0.00677118
0.91497 0.00655103
0.948858 0.00632554
0.982746 0.00609493
1.01663 0.00585966
1.05052 0.00561996
1.08441 0.00537629
1.1183 0.00512882
1.15218 0.00487801
1.18607 0.004624
1.21996 0.00436724
1.25385 0.00410786
1.28774 0.00384628
1.32162 0.00358263
1.35551 0.0033173
1.3894 0.00305042
1.42329 0.00278248
1.45717 0.0025135
1.49106 0.0022438
1.52495 0.00197343
1.55884 0.00170273
1.59273 0.00143175
1.62661 0.00116084
1.6605 0.000890094
1.69439 0.000619903
1.72828 0.000350384
1.76216 0.000118013
1.79605 0.000193453
1.82994 0.000450138
1.86383 0.000711848
1.89772 0.000970882
1.9316 0.00122719
1.96549 0.00148152
1.99938 0.00173297
2.03327 0.00198146
2.06716 0.00222671
2.10104 0.00246856
2.13493 0.00270674
2.16882 0.00294106
2.20271 0.00317124
2.23659 0.00339706
2.27048 0.00361827
2.30437 0.00383465
2.33826 0.00404602
2.37215 0.00425219
2.40603 0.00445393
2.43992 0.00465049
2.47381 0.0048414
2.5077 0.00502651
2.54158 0.00520579
2.57547 0.0053791
2.60936 0.00554643
2.64325 0.00570764
2.67714 0.00586268
2.71102 0.00601141
2.74491 0.00615376
2.7788 0.00628955
2.81269 0.00641869
2.84657 0.00654102
2.88046 0.00665644
2.91435 0.00676478
2.94824 0.00686599
2.98213 0.00695991
3.01601 0.00704654
3.0499 0.00712575
3.08379 0.00719754
3.11768 0.00726184
3.15156 0.0073187
3.18545 0.00736808
3.21934 0.00741005
3.25323 0.00744462
3.28712 0.00747186
3.321 0.00749182
3.35489 0.00750459
3.38878 0.00751023
3.42267 0.00750883
3.45655 0.00750049
3.49044 0.00748529
3.52433 0.00746333
3.55822 0.00743471
3.59211 0.00739952
3.62599 0.00735786
3.65988 0.00730983
3.69377 0.00725552
3.72766 0.00719505
3.76154 0.0071285
3.79543 0.00705598
3.82932 0.00697758
3.86321 0.00689343
3.8971 0.0068036
3.93098 0.00670824
3.96487 0.00660742
3.99876 0.00650131
4.03265 0.00638998
4.06653 0.00627356
4.10042 0.00615216
4.13431 0.00602596
4.1682 0.00589504
4.20209 0.00575952
4.23597 0.00561948
4.26986 0.00547509
4.30375 0.00532655
4.33764 0.00517425
4.37152 0.00501793
4.40541 0.00485778
4.4393 0.00469391
4.47319 0.00452655
4.50708 0.00435578
4.54096 0.00418186
4.57485 0.0040049
4.60874 0.00382515
4.64263 0.00364272
4.67651 0.00345789
4.7104 0.00327077
4.74429 0.00308165
4.77818 0.00289065
4.81207 0.00269805
4.84595 0.00250398
4.87984 0.00230876
4.91373 0.00211248
4.94762 0.00191548
4.9815 0.00171785
5.01539 0.00151991
5.04928 0.00132178
5.08317 0.00112388
5.11706 0.000926459
5.15094 0.000729584
5.18483 0.000533348
5.21872 0.000338059
5.25261 0.000143801
5.28649 9.06704e-05
5.32038 0.000248468
5.35427 0.000438288
5.38816 0.000625872
5.42205 0.000811176
5.45593 0.000993979
5.48982 0.00117424
5.52371 0.00135178
5.5576 0.00152657
5.59149 0.00169847
5.62537 0.00186745
5.65926 0.00203337
5.69315 0.00219619
5.72704 0.00235578
5.76092 0.00251205
5.79481 0.0026649
5.8287 0.00281424
5.86259 0.00295997
5.89648 0.003102
5.93036 0.00324027
5.96425 0.0033747
5.99814 0.00350522
6.03203 0.00363175
6.06591 0.00375423
6.0998 0.00387255
6.13369 0.00398664
6.16758 0.00409663
6.20147 0.0042023
6.23535 0.00430348
6.26924 0.0044001
6.30313 0.00449204
6.33702 0.00457919
6.3709 0.00466147
6.40479 0.00473879
6.43868 0.00481103
6.47257 0.00487825
6.50646 0.00494027
6.54034 0.00499705
6.57423 0.0050485
6.60812 0.00509459
6.64201 0.0051353
6.67589 0.00517061
6.70978 0.00520051
6.74367 0.00522502
6.77756 0.00524414
6.81145 0.00525792
6.84533 0.00526638
6.87922 0.00526958
6.91311 0.00526759
6.947 0.00526044
6.98088 0.00524819
7.01477 0.00523092
7.04866 0.00520875
7.08255 0.00518171
7.11644 0.00514992
7.15032 0.00511343
7.18421 0.00507236
7.2181 0.00502677
7.25199 0.00497679
7.28587 0.00492248
7.31976 0.00486396
7.35365 0.00480129
7.38754 0.00473462
7.42143 0.00466399
7.45531 0.00458953
7.4892 0.00451132
7.52309 0.00442949
7.55698 0.00434409
7.59086 0.00425526
7.62475 0.00416307
7.65864 0.00406766
7.69253 0.00396911
7.72642 0.00386761
7.7603 0.00376312
7.79419 0.00365583
7.82808 0.00354585
7.86197 0.00343346
7.89585 0.00331849
7.92974 0.00320107
7.96363 0.00308127
7.99752 0.00295926
8.03141 0.00283509
8.06529 0.00270894
8.09918 0.00258088
8.13307 0.00245107
8.16696 0.00231959
8.20084 0.00218692
8.23473 0.00205291
8.26862 0.00191769
8.30251 0.00178132
8.3364 0.001644
8.37028 0.00150578
8.40417 0.00136685
8.43806 0.00122728
8.47195 0.00108725
8.50583 0.00094683
8.53972 0.000806214
8.57361 0.000665469
8.6075 0.000524802
8.64139 0.000384283
8.67527 0.000244128
8.70916 0.000104412
8.74305 5.0209e-05
8.77694 0.000182867
8.81082 0.000319446
8.84471 0.000454459
8.8786 0.000587867
8.91249 0.000719558
8.94638 0.000849496
8.98026 0.000977592
9.01415 0.00110381
9.04804 0.00122808
9.08193 0.00135037
9.11582 0.00147059
9.1497 0.00158871
9.18359 0.00170463
9.21748 0.00181829
9.25137 0.0019296
9.28525 0.0020385
9.31914 0.00214487
9.35303 0.00224867
9.38692 0.0023498
9.42081 0.00244819
9.45469 0.00254376
9.48858 0.00263645
9.52247 0.00272617
9.55636 0.00281285
9.59024 0.00289641
9.62413 0.00297677
9.65802 0.00305384
9.69191 0.00312758
9.7258 0.00319788
9.75968 0.00326469
9.79357 0.00332794
9.82746 0.00338757
9.86135 0.00344353
9.89523 0.00349577
9.92912 0.00354426
9.96301 0.00358895
9.9969 0.00362984
10.0308 0.00366688
10.0647 0.0037001
10.0986 0.00372952
10.1324 0.00375511
10.1663 0.00377686
10.2002 0.00379478
10.2341 0.00380888
10.268 0.0038192
10.3019 0.00382577
10.3358 0.0038286
10.3697 0.00382772
10.4036 0.00382317
10.4374 0.00381499
10.4713 0.00380323
10.5052 0.00378794
10.5391 0.00376919
10.573 0.00374702
10.6069 0.00372149
10.6408 0.00369265
10.6747 0.00366057
10.7085 0.00362531
10.7424 0.00358692
10.7763 0.00354549
10.8102 0.00350106
10.8441 0.00345372
10.878 0.00340351
10.9119 0.00335053
10.9458 0.00329482
10.9796 0.00323646
11.0135 0.00317552
11.0474 0.00311207
11.0813 0.00304618
11.1152 0.00297792
11.1491 0.00290736
11.183 0.00283458
11.2169 0.00275963
11.2507 0.00268261
11.2846 0.00260358
11.3185 0.00252263
11.3524 0.00243982
11.3863 0.00235526
11.4202 0.00226899
11.4541 0.00218112
11.488 0.00209172
11.5218 0.00200089
11.5557 0.00190868
11.5896 0.00181521
11.6235 0.00172053
11.6574 0.00162475
11.6913 0.00152794
11.7252 0.00143022
11.7591 0.00133172
11.793 0.0012329
11.8268 0.00113346
11.8607 0.00103352
11.8946 0.00093316
11.9285 0.000832471
11.9624 0.000731546
11.9963 0.000630497
12.0302 0.000529368
12.0641 0.000428325
12.0979 0.000327401
12.1318 0.000226765
12.1657 0.000126454
12.1996 2.66469e-05
12.2335 8.33756e-05
12.2674 0.000181467
12.3013 0.000278467
12.3352 0.000374345
12.369 0.000469059
12.4029 0.000562586
12.4368 0.000654866
12.4707 0.000745856
12.5046 0.000835487
12.5385 0.000923713
12.5724 0.00101046
12.6063 0.0010957
12.6401 0.00117937
12.674 0.00126142
12.7079 0.00134181
12.7418 0.00142048
12.7757 0.00149736
12.8096 0.00157242
12.8435 0.00164557
12.8774 0.00171678
12.9112 0.00178597
12.9451 0.00185311
12.979 0.00191813
13.0129 0.00198098
13.0468 0.00204162
13.0807 0.00209998
13.1146 0.00215602
13.1485 0.00220967
13.1823 0.00226087
13.2162 0.00230958
13.2501 0.00235573
13.284 0.00239928
13.3179 0.00244017
13.3518 0.00247838
13.3857 0.00251387
13.4196 0.00254661
13.4535 0.00257659
13.4873 0.00260379
13.5212 0.00262821
13.5551 0.00264983
13.589 0.00266868
13.6229 0.00268474
13.6568 0.00269803
13.6907 0.00270858
13.7246 0.0027164
13.7584 0.00272149
13.7923 0.00272387
13.8262 0.00272358
13.8601 0.00272063
13.894 0.00271506
13.9279 0.0027069
13.9618 0.00269618
13.9957 0.00268295
14.0295 0.00266727
14.0634 0.00264915
14.0973 0.00262863
14.1312 0.00260576
14.1651 0.00258058
14.199 0.00255313
14.2329 0.00252346
14.2668 0.00249162
14.3006 0.00245764
14.3345 0.00242158
14.3684 0.00238349
14.4023 0.00234341
14.4362 0.0023014
14.4701 0.00225749
14.504 0.00221175
14.5379 0.00216422
14.5717 0.00211496
14.6056 0.00206402
14.6395 0.00201145
14.6734 0.0019573
14.7073 0.00190164
14.7412 0.00184451
14.7751 0.00178599
14.809 0.00172611
14.8429 0.00166496
14.8767 0.00160258
14.9106 0.00153905
14.9445 0.00147447
14.9784 0.00140899
15.0123 0.00134251
15.0462 0.00127512
15.0801 0.00120688
15.114 0.00113787
15.1478 0.00106813
15.1817 0.000997775
15.2156 0.000926843
15.2495 0.000855442
15.2834 0.000783628
15.3173 0.000711482
15.3512 0.00063906
15.3851 0.000566453
15.4189 0.00049371
15.4528 0.000420934
15.4867 0.000348171
15.5206 0.000275515
15.5545 0.00020301
15.5884 0.000130749
15.6223 5.87807e-05
15.6562 1.49389e-05
15.69 8.57287e-05
15.7239 0.000156128
15.7578 0.000225812
15.7917 0.000294753
15.8256 0.000362909
15.8595 0.000430258
15.8934 0.000496757
15.9273 0.000562383
15.9611 0.000627091
15.995 0.000690856
16.0289 0.000753632
16.0628 0.000815391
16.0967 0.000876086
16.1306 0.00093577
16.1645 0.000994312
16.1984 0.00105166
16.2323 0.00110776
16.2661 0.00116257
16.3 0.00121604
16.3339 0.00126812
16.3678 0.00131875
16.4017 0.0013679
16.4356 0.00141549
16.4695 0.00146148
16.5034 0.0015058
16.5372 0.0015484
16.5711 0.00158922
16.605 0.00162821
16.6389 0.00166535
16.6728 0.0017006
16.7067 0.00173388
16.7406 0.00176517
16.7745 0.00179444
16.8083 0.00182166
16.8422 0.00184683
16.8761 0.00186994
16.91 0.00189099
16.9439 0.00190997
16.9778 0.0019269
17.0117 0.00194179
17.0456 0.00195467
17.0794 0.00196553
17.1133 0.00197437
17.1472 0.00198122
17.1811 0.0019861
17.215 0.00198903
17.2489 0.00199002
17.2828 0.0019891
17.3167 0.00198629
17.3505 0.00198162
17.3844 0.00197511
17.4183 0.00196679
17.4522 0.00195669
17.4861 0.00194484
17.52 0.00193129
17.5539 0.00191605
17.5878 0.00189914
17.6216 0.0018806
17.6555 0.00186046
17.6894 0.00183876
17.7233 0.00181551
17.7572 0.00179075
17.7911 0.00176451
17.825 0.00173683
17.8589 0.00170773
17.8928 0.00167725
17.9266 0.00164541
17.9605 0.00161226
17.9944 0.00157782
18.0283 0.00154212
18.0622 0.00150521
18.0961 0.00146711
18.13 0.00142785
18.1639 0.00138749
18.1977 0.00134605
18.2316 0.00130359
18.2655 0.00126012
18.2994 0.00121571
18.3333 0.00117039
18.3672 0.00112421
18.4011 0.00107722
18.435 0.00102948
18.4688 0.00098101
18.5027 0.000931893
18.5366 0.000882165
18.5705 0.000831891
18.6044 0.000781114
18.6383 0.000729903
18.6722 0.000678305
18.7061 0.000626383
18.7399 0.000574186
18.7738 0.000521783
18.8077 0.000469214
18.8416 0.000416549
18.8755 0.00036383
18.9094 0.00031112
18.9433 0.000258457
18.9772 0.000205905
19.011 0.000153501
19.0449 0.000101298
19.0788 4.93324e-05
19.1127 9.35803e-06
19.1466 5.66979e-05
19.1805 0.000107434
19.2144 0.000157654
19.2483 0.000207337
19.2822 0.00025645
19.316 0.000304974
19.3499 0.000352875
19.3838 0.000400135
19.4177 0.000446724
19.4516 0.000492623
19.4855 0.000537841
19.5194 0.000582314
19.5533 0.000626011
19.5871 0.000668911
19.621 0.000710978
19.6549 0.000752182
19.6888 0.000792486
19.7227 0.000831855
19.7566 0.000870244
19.7905 0.000907618
19.8244 0.000943931
19.8582 0.000979148
19.8921 0.00101323
19.926 0.00104613
19.9599 0.00107782
19.9938 0.00110826
20.0277 0.00113742
20.0616 0.00116528
20.0955 0.00119179
20.1293 0.00121694
20.1632 0.0012407
20.1971 0.00126305
20.231 0.00128397
20.2649 0.00130345
20.2988 0.00132147
20.3327 0.00133803
20.3666 0.00135312
20.4004 0.00136674
20.4343 0.00137891
20.4682 0.0013896
20.5021 0.00139882
20.536 0.00140658
20.5699 0.00141287
20.6038 0.00141771
20.6377 0.00142112
20.6716 0.0014231
20.7054 0.00142367
20.7393 0.00142285
20.7732 0.00142068
20.8071 0.00141715
20.841 0.00141228
20.8749 0.00140609
20.9088 0.00139861
20.9427 0.00138985
20.9765 0.00137984
21.0104 0.00136859
21.0443 0.00135613
21.0782 0.0013425
21.1121 0.00132771
21.146 0.00131177
21.1799 0.00129471
21.2138 0.00127656
21.2476 0.00125733
21.2815 0.00123705
21.3154 0.00121574
21.3493 0.00119343
21.3832 0.00117014
21.4171 0.00114589
21.451 0.00112071
21.4849 0.00109463
21.5187 0.00106766
21.5526 0.00103984
21.5865 0.0010112
21.6204 0.000981752
21.6543 0.000951535
21.6882 0.000920581
21.7221 0.000888913
21.756 0.000856571
21.7898 0.00082358
21.8237 0.00078998
21.8576 0.0007558
21.8915 0.000721081
21.9254 0.000685854
21.9593 0.000650164
21.9932 0.00061404
22.0271 0.00057753
22.061 0.000540667
22.0948 0.000503498
22.1287 0.000466056
22.1626 0.000428391
22.1965 0.000390533
22.2304 0.000352535
22.2643 0.000314427
22.2982 0.00027626
22.3321 0.000238066
22.3659 0.000199893
22.3998 0.000161771
22.4337 0.000123747
22.4676 8.58521e-05
22.5015 4.81321e-05
22.5354 1.24085e-05
22.5693 2.96252e-05
22.6032 6.6482e-05
22.637 0.000102954
22.6709 0.000139044
22.7048 0.000174747
22.7387 0.000210057
22.7726 0.000244965
22.8065 0.000279458
22.8404 0.00031352
22.8743 0.000347134
22.9081 0.000380282
22.942 0.00041294
22.9759 0.000445089
23.0098 0.000476703
23.0437 0.000507762
23.0776 0.000538238
23.1115 0.000568108
23.1454 0.000597343
23.1792 0.000625916
23.2131 0.000653797
23.247 0.00068096
23.2809 0.000707393
23.3148 0.000733073
23.3487 0.000757919
23.3826 0.000781896
23.4165 0.000804971
23.4503 0.000827111
23.4842 0.00084828
23.5181 0.000868455
23.552 0.000887604
23.5859 0.000905708
23.6198 0.000922745
23.6537 0.000938701
23.6876 0.000953563
23.7215 0.000967323
23.7553 0.000979999
23.7892 0.000991568
23.8231 0.00100202
23.857 0.00101137
23.8909 0.00101962
23.9248 0.00102678
23.9587 0.00103285
23.9926 0.00103784
24.0264 0.00104177
24.0603 0.00104464
24.0942 0.00104646
24.1281 0.00104726
24.162 0.00104704
24.1959 0.00104582
24.2298 0.00104361
24.2637 0.00104043
24.2975 0.00103629
24.3314 0.00103121
24.3653 0.00102521
24.3992 0.0010183
24.4331 0.00101049
24.467 0.00100181
24.5009 0.000992273
24.5348 0.00098189
24.5686 0.000970678
24.6025 0.000958656
24.6364 0.000945838
24.6703 0.00093224
24.7042 0.000917877
24.7381 0.000902798
24.772 0.000886956
24.8059 0.000870428
24.8397 0.000853198
24.8736 0.000835284
24.9075 0.000816702
24.9414 0.000797469
24.9753 0.000777602
