0 0.00999774
0.0338878 0.00999197
0.0677756 0.00997528
0.101663 0.00994802
0.135551 0.00991039
0.169439 0.00986258
0.203327 0.00980476
0.237215 0.00973712
0.271102 0.00965989
0.30499 0.00957329
0.338878 0.00947748
0.372766 0.00937267
0.406653 0.00925907
0.440541 0.00913687
0.474429 0.00900628
0.508317 0.00886752
0.542205 0.0087208
0.576092 0.00856634
0.60998 0.00840437
0.643868 0.0082351
0.677756 0.00805877
0.711644 0.00787564
0.745531 0.00768598
0.779419 0.00749001
0.813307 0.00728792
0.847195 0.00707994
0.881082 0.00686633
0.91497 0.00664733
0.948858 0.0064232
0.982746 0.00619419
1.01663 0.00596057
1.05052 0.00572262
1.08441 0.00548061
1.1183 0.00523476
1.15218 0.00498535
1.18607 0.00473265
1.21996 0.00447695
1.25385 0.00421851
1.28774 0.00395762
1.32162 0.00369458
1.35551 0.00342975
1.3894 0.00316342
1.42329 0.0028958
1.45717 0.0026271
1.49106 0.00235755
1.52495 0.00208742
1.55884 0.00181697
1.59273 0.00154647
1.62661 0.00127619
1.6605 0.00100643
1.69439 0.000737418
1.72828 0.000469427
1.76216 0.000202711
1.79605 6.24302e-05
1.82994 0.000325807
1.86383 0.000587123
1.89772 0.000846137
1.9316 0.00110261
1.96549 0.00135632
1.99938 0.00160704
2.03327 0.00185453
2.06716 0.00209859
2.10104 0.00233901
2.13493 0.00257557
2.16882 0.00280809
2.20271 0.00303636
2.23659 0.0032602
2.27048 0.00347942
2.30437 0.00369386
2.33826 0.00390334
2.37215 0.00410768
2.40603 0.00430673
2.43992 0.00450034
2.47381 0.00468837
2.5077 0.00487066
2.54158 0.00504709
2.57547 0.00521752
2.60936 0.00538184
2.64325 0.00553993
2.67714 0.00569168
2.71102 0.005837
2.74491 0.00597579
2.7788 0.00610796
2.81269 0.00623344
2.84657 0.00635215
2.88046 0.00646402
2.91435 0.00656899
2.94824 0.00666701
2.98213 0.00675803
3.01601 0.00684202
3.0499 0.00691894
3.08379 0.00698877
3.11768 0.00705149
3.15156 0.0071071
3.18545 0.00715558
3.21934 0.00719694
3.25323 0.00723119
3.28712 0.00725833
3.321 0.00727841
3.35489 0.00729145
3.38878 0.00729747
3.42267 0.00729652
3.45655 0.00728865
3.49044 0.00727393
3.52433 0.00725243
3.55822 0.00722421
3.59211 0.00718937
3.62599 0.00714795
3.65988 0.00710002
3.69377 0.00704566
3.72766 0.006985
3.76154 0.00691815
3.79543 0.0068452
3.82932 0.00676629
3.86321 0.00668153
3.8971 0.00659103
3.93098 0.00649493
3.96487 0.00639335
3.99876 0.00628643
4.03265 0.00617431
4.06653 0.00605713
4.10042 0.00593504
4.13431 0.00580819
4.1682 0.00567674
4.20209 0.00554082
4.23597 0.00540061
4.26986 0.00525627
4.30375 0.00510796
4.33764 0.00495587
4.37152 0.00480016
4.40541 0.00464102
4.4393 0.00447861
4.47319 0.00431312
4.50708 0.00414473
4.54096 0.00397362
4.57485 0.00380001
4.60874 0.00362412
4.64263 0.00344612
4.67651 0.00326612
4.7104 0.00308431
4.74429 0.00290087
4.77818 0.00271596
4.81207 0.00252978
4.84595 0.00234252
4.87984 0.00215437
4.91373 0.00196551
4.94762 0.00177614
4.9815 0.00158645
5.01539 0.00139662
5.04928 0.00120684
5.08317 0.00101728
5.11706 0.000828121
5.15094 0.000639543
5.18483 0.000451726
5.21872 0.000264847
5.25261 7.90814e-05
5.28649 0.000105376
5.32038 0.000288383
5.35427 0.000469761
5.38816 0.000649349
5.42205 0.000826987
5.45593 0.00100252
5.48982 0.0011758
5.52371 0.00134668
5.5576 0.00151501
5.59149 0.00168064
5.62537 0.00184344
5.65926 0.00200326
5.69315 0.00215998
5.72704 0.00231347
5.76092 0.00246359
5.79481 0.00261023
5.8287 0.00275328
5.86259 0.00289263
5.89648 0.00302818
5.93036 0.00315983
5.96425 0.00328749
5.99814 0.00341104
6.03203 0.00353042
6.06591 0.00364554
6.0998 0.00375632
6.13369 0.00386268
6.16758 0.00396455
6.20147 0.00406187
6.23535 0.00415457
6.26924 0.00424261
6.30313 0.00432594
6.33702 0.0044045
6.3709 0.00447826
6.40479 0.00454718
6.43868 0.00461123
6.47257 0.00467038
6.50646 0.00472461
6.54034 0.00477391
6.57423 0.00481825
6.60812 0.00485764
6.64201 0.00489207
6.67589 0.00492154
6.70978 0.00494606
6.74367 0.00496564
6.77756 0.0049803
6.81145 0.00499006
6.84533 0.00499495
6.87922 0.004995
6.91311 0.00499023
6.947 0.00498068
6.98088 0.00496642
7.01477 0.00494748
7.04866 0.00492391
7.08255 0.00489578
7.11644 0.00486313
7.15032 0.00482602
7.18421 0.00478453
7.2181 0.00473872
7.25199 0.00468867
7.28587 0.00463447
7.31976 0.00457619
7.35365 0.00451392
7.38754 0.00444776
7.42143 0.00437779
7.45531 0.00430411
7.4892 0.00422682
7.52309 0.00414601
7.55698 0.0040618
7.59086 0.00397428
7.62475 0.00388358
7.65864 0.00378983
7.69253 0.00369308
7.72642 0.00359347
7.7603 0.0034911
7.79419 0.0033861
7.82808 0.00327859
7.86197 0.00316868
7.89585 0.0030565
7.92974 0.00294217
7.96363 0.00282582
7.99752 0.00270758
8.03141 0.00258756
8.06529 0.0024659
8.09918 0.00234272
8.13307 0.00221815
8.16696 0.00209232
8.20084 0.00196536
8.23473 0.00183741
8.26862 0.00170861
8.30251 0.00157907
8.3364 0.00144891
8.37028 0.00131827
8.40417 0.00118727
8.43806 0.00105605
8.47195 0.000924738
8.50583 0.000793459
8.53972 0.000662339
8.57361 0.000531505
8.6075 0.00040108
8.64139 0.000271189
8.67527 0.000141953
8.70916 1.34917e-05
8.74305 0.000114077
8.77694 0.000240623
8.81082 0.000366039
8.84471 0.000490213
8.8786 0.000613036
8.91249 0.0007344
8.94638 0.0008542
8.98026 0.000972331
9.01415 0.0010887
9.04804 0.0012032
9.08193 0.00131573
9.11582 0.00142622
9.1497 0.00153455
9.18359 0.00164065
9.21748 0.00174443
9.25137 0.00184581
9.28525 0.00194471
9.31914 0.00204104
9.35303 0.00213475
9.38692 0.00222574
9.42081 0.00231396
9.45469 0.00239935
9.48858 0.00248183
9.52247 0.00256137
9.55636 0.00263789
9.59024 0.00271135
9.62413 0.0027817
9.65802 0.0028489
9.69191 0.0029129
9.7258 0.00297366
9.75968 0.00303115
9.79357 0.00308534
9.82746 0.00313619
9.86135 0.00318369
9.89523 0.00322781
9.92912 0.00326853
9.96301 0.00330583
9.9969 0.00333971
10.0308 0.00337015
10.0647 0.00339716
10.0986 0.00342073
10.1324 0.00344086
10.1663 0.00345756
10.2002 0.00347083
10.2341 0.0034807
10.268 0.00348716
10.3019 0.00349024
10.3358 0.00348997
10.3697 0.00348636
10.4036 0.00347944
10.4374 0.00346925
10.4713 0.00345581
10.5052 0.00343916
10.5391 0.00341935
10.573 0.00339641
10.6069 0.00337039
10.6408 0.00334134
10.6747 0.00330931
10.7085 0.00327434
10.7424 0.0032365
10.7763 0.00319583
10.8102 0.0031524
10.8441 0.00310628
10.878 0.00305751
10.9119 0.00300618
10.9458 0.00295233
10.9796 0.00289606
11.0135 0.00283742
11.0474 0.00277648
11.0813 0.00271333
11.1152 0.00264804
11.1491 0.00258069
11.183 0.00251135
11.2169 0.0024401
11.2507 0.00236704
11.2846 0.00229223
11.3185 0.00221577
11.3524 0.00213774
11.3863 0.00205821
11.4202 0.00197729
11.4541 0.00189506
11.488 0.00181162
11.5218 0.00172702
11.5557 0.00164138
11.5896 0.00155477
11.6235 0.0014673
11.6574 0.00137905
11.6913 0.00129012
11.7252 0.0012006
11.7591 0.00111057
11.793 0.00102013
11.8268 0.000929361
11.8607 0.000838361
11.8946 0.000747215
11.9285 0.000656013
11.9624 0.000564842
11.9963 0.00047379
12.0302 0.000382944
12.0641 0.000292389
12.0979 0.000202209
12.1318 0.00011249
12.1657 2.3313e-05
12.1996 6.5175e-05
12.2335 0.00015303
12.2674 0.000240099
12.3013 0.000326307
12.3352 0.000411575
12.369 0.00049583
12.4029 0.000578996
12.4368 0.000661004
12.4707 0.000741785
12.5046 0.000821269
12.5385 0.000899391
12.5724 0.000976084
12.6063 0.00105129
12.6401 0.00112494
12.674 0.00119697
12.7079 0.00126734
12.7418 0.00133598
12.7757 0.00140285
12.8096 0.00146788
12.8435 0.00153104
12.8774 0.00159228
12.9112 0.00165154
12.9451 0.0017088
12.979 0.001764
13.0129 0.00181711
13.0468 0.0018681
13.0807 0.00191692
13.1146 0.00196355
13.1485 0.00200797
13.1823 0.00205012
13.2162 0.00209
13.2501 0.00212758
13.284 0.00216284
13.3179 0.00219578
13.3518 0.00222637
13.3857 0.0022546
13.4196 0.00228046
13.4535 0.00230394
13.4873 0.00232505
13.5212 0.00234376
13.5551 0.00236009
13.589 0.00237404
13.6229 0.0023856
13.6568 0.00239479
13.6907 0.00240161
13.7246 0.00240607
13.7584 0.0024082
13.7923 0.00240799
13.8262 0.00240547
13.8601 0.00240066
13.894 0.00239357
13.9279 0.00238424
13.9618 0.00237269
13.9957 0.00235894
14.0295 0.00234302
14.0634 0.00232497
14.0973 0.00230482
14.1312 0.00228259
14.1651 0.00225833
14.199 0.00223208
14.2329 0.00220387
14.2668 0.00217375
14.3006 0.00214175
14.3345 0.00210792
14.3684 0.00207231
14.4023 0.00203497
14.4362 0.00199594
14.4701 0.00195525
14.504 0.00191299
14.5379 0.00186917
14.5717 0.00182386
14.6056 0.00177713
14.6395 0.00172902
14.6734 0.00167959
14.7073 0.0016289
14.7412 0.001577
14.7751 0.00152396
14.809 0.00146984
14.8429 0.00141468
14.8767 0.00135856
14.9106 0.00130153
14.9445 0.00124366
14.9784 0.001185
15.0123 0.00112562
15.0462 0.00106558
15.0801 0.00100495
15.114 0.000943779
15.1478 0.000882138
15.1817 0.000820087
15.2156 0.000757689
15.2495 0.000695007
15.2834 0.000632103
15.3173 0.000569039
15.3512 0.000505877
15.3851 0.000442678
15.4189 0.000379504
15.4528 0.000316413
15.4867 0.000253468
15.5206 0.000190726
15.5545 0.000128247
15.5884 6.60886e-05
15.6223 4.30853e-06
15.6562 5.69073e-05
15.69 0.000117764
15.7239 0.000178076
15.7578 0.000237789
15.7917 0.000296849
15.8256 0.000355206
15.8595 0.000412808
15.8934 0.000469605
15.9273 0.000525549
15.9611 0.000580593
15.995 0.00063469
16.0289 0.000687794
16.0628 0.000739862
16.0967 0.000790851
16.1306 0.00084072
16.1645 0.000889428
16.1984 0.000936939
16.2323 0.000983215
16.2661 0.00102822
16.3 0.00107192
16.3339 0.00111429
16.3678 0.00115529
16.4017 0.00119489
16.4356 0.00123306
16.4695 0.00126979
16.5034 0.00130504
16.5372 0.00133879
16.5711 0.00137101
16.605 0.0014017
16.6389 0.00143082
16.6728 0.00145837
16.7067 0.00148432
16.7406 0.00150867
16.7745 0.0015314
16.8083 0.00155251
16.8422 0.00157197
16.8761 0.00158979
16.91 0.00160597
16.9439 0.00162049
16.9778 0.00163335
17.0117 0.00164456
17.0456 0.00165411
17.0794 0.00166202
17.1133 0.00166827
17.1472 0.00167289
17.1811 0.00167587
17.215 0.00167722
17.2489 0.00167696
17.2828 0.0016751
17.3167 0.00167164
17.3505 0.00166661
17.3844 0.00166003
17.4183 0.0016519
17.4522 0.00164225
17.4861 0.00163109
17.52 0.00161846
17.5539 0.00160437
17.5878 0.00158884
17.6216 0.0015719
17.6555 0.00155359
17.6894 0.00153391
17.7233 0.00151291
17.7572 0.00149061
17.7911 0.00146705
17.825 0.00144224
17.8589 0.00141624
17.8928 0.00138907
17.9266 0.00136076
17.9605 0.00133135
17.9944 0.00130088
18.0283 0.00126938
18.0622 0.00123689
18.0961 0.00120346
18.13 0.0011691
18.1639 0.00113388
18.1977 0.00109782
18.2316 0.00106097
18.2655 0.00102337
18.2994 0.000985055
18.3333 0.000946075
18.3672 0.000906468
18.4011 0.000866277
18.435 0.000825546
18.4688 0.000784316
18.5027 0.000742631
18.5366 0.000700535
18.5705 0.000658071
18.6044 0.000615281
18.6383 0.00057221
18.6722 0.0005289
18.7061 0.000485396
18.7399 0.00044174
18.7738 0.000397975
18.8077 0.000354144
18.8416 0.000310289
18.8755 0.000266453
18.9094 0.000222678
18.9433 0.000179006
18.9772 0.000135477
19.011 9.21316e-05
19.0449 4.90112e-05
19.0788 6.15506e-06
19.1127 3.64238e-05
19.1466 7.86376e-05
19.1805 0.000120471
19.2144 0.000161886
19.2483 0.000202846
19.2822 0.000243316
19.316 0.000283259
19.3499 0.000322642
19.3838 0.000361432
19.4177 0.000399596
19.4516 0.000437101
19.4855 0.000473918
19.5194 0.000510015
19.5533 0.000545362
19.5871 0.00057993
19.621 0.000613692
19.6549 0.00064662
19.6888 0.00067869
19.7227 0.000709878
19.7566 0.000740159
19.7905 0.000769512
19.8244 0.000797915
19.8582 0.000825347
19.8921 0.00085179
19.926 0.000877226
19.9599 0.000901636
19.9938 0.000925005
20.0277 0.000947318
20.0616 0.000968561
20.0955 0.000988722
20.1293 0.00100779
20.1632 0.00102575
20.1971 0.0010426
20.231 0.00105832
20.2649 0.00107292
20.2988 0.00108638
20.3327 0.0010987
20.3666 0.00110988
20.4004 0.00111991
20.4343 0.00112879
20.4682 0.00113652
20.5021 0.00114311
20.536 0.00114855
20.5699 0.00115285
20.6038 0.00115601
20.6377 0.00115804
20.6716 0.00115895
20.7054 0.00115873
20.7393 0.0011574
20.7732 0.00115497
20.8071 0.00115145
20.841 0.00114685
20.8749 0.00114117
20.9088 0.00113445
20.9427 0.00112668
20.9765 0.00111789
21.0104 0.00110808
21.0443 0.00109728
21.0782 0.00108551
21.1121 0.00107277
21.146 0.0010591
21.1799 0.00104451
21.2138 0.00102902
21.2476 0.00101265
21.2815 0.000995425
21.3154 0.000977367
21.3493 0.0009585
21.3832 0.000938847
21.4171 0.000918432
21.451 0.00089728
21.4849 0.000875418
21.5187 0.00085287
21.5526 0.000829664
21.5865 0.000805827
21.6204 0.000781385
21.6543 0.000756367
21.6882 0.0007308
21.7221 0.000704714
21.756 0.000678137
21.7898 0.000651097
21.8237 0.000623625
21.8576 0.00059575
21.8915 0.0005675
21.9254 0.000538907
21.9593 0.00051
21.9932 0.000480809
22.0271 0.000451364
22.061 0.000421695
22.0948 0.000391832
22.1287 0.000361805
22.1626 0.000331645
22.1965 0.000301381
22.2304 0.000271044
22.2643 0.000240661
22.2982 0.000210264
22.3321 0.000179882
22.3659 0.000149543
22.3998 0.000119276
22.4337 8.91106e-05
22.4676 5.90742e-05
22.5015 2.91953e-05
22.5354 5.32942e-07
22.5693 3.00153e-05
22.6032 5.92587e-05
22.637 8.82366e-05
22.6709 0.000116925
22.7048 0.000145297
22.7387 0.000173329
22.7726 0.000200996
22.8065 0.000228273
22.8404 0.000255137
22.8743 0.000281565
22.9081 0.000307536
22.942 0.000333028
22.9759 0.00035802
23.0098 0.00038249
23.0437 0.000406418
23.0776 0.000429786
23.1115 0.000452575
23.1454 0.000474768
23.1792 0.000496348
23.2131 0.000517299
23.247 0.000537605
23.2809 0.000557251
23.3148 0.000576224
23.3487 0.00059451
23.3826 0.000612096
23.4165 0.000628971
23.4503 0.000645124
23.4842 0.000660544
23.5181 0.000675222
23.552 0.000689148
23.5859 0.000702315
23.6198 0.000714716
23.6537 0.000726344
23.6876 0.000737194
23.7215 0.00074726
23.7553 0.000756539
23.7892 0.000765027
23.8231 0.000772722
23.857 0.000779622
23.8909 0.000785727
23.9248 0.000791035
23.9587 0.000795549
23.9926 0.000799268
24.0264 0.000802196
24.0603 0.000804335
24.0942 0.000805688
24.1281 0.000806261
24.162 0.000806057
24.1959 0.000805084
24.2298 0.000803346
24.2637 0.000800851
24.2975 0.000797608
24.3314 0.000793624
24.3653 0.000788909
24.3992 0.000783472
24.4331 0.000777324
24.467 0.000770475
24.5009 0.000762938
24.5348 0.000754724
24.5686 0.000745847
24.6025 0.000736319
24.6364 0.000726154
24.6703 0.000715366
24.7042 0.000703971
24.7381 0.000691983
24.772 0.000679418
24.8059 0.000666293
24.8397 0.000652624
24.8736 0.000638428
24.9075 0.000623722
24.9414 0.000608524
24.9753 0.000592852
