0 0.00996391
0.0338878 0.00995781
0.0677756 0.00994067
0.101663 0.00991285
0.135551 0.0098748
0.169439 0.00982673
0.203327 0.00976845
0.237215 0.00970057
0.271102 0.00962327
0.30499 0.00953676
0.338878 0.00944123
0.372766 0.00933685
0.406653 0.00922379
0.440541 0.00910221
0.474429 0.00897229
0.508317 0.0088342
0.542205 0.00868813
0.576092 0.00853426
0.60998 0.00837281
0.643868 0.00820398
0.677756 0.00802803
0.711644 0.00784521
0.745531 0.00765577
0.779419 0.00746
0.813307 0.00725813
0.847195 0.0070504
0.881082 0.00683704
0.91497 0.00661832
0.948858 0.00639451
0.982746 0.00616586
1.01663 0.00593263
1.05052 0.00569511
1.08441 0.00545355
1.1183 0.00520822
1.15218 0.00495939
1.18607 0.00470732
1.21996 0.00445227
1.25385 0.0041945
1.28774 0.0039343
1.32162 0.00367194
1.35551 0.00340771
1.3894 0.00314188
1.42329 0.0028747
1.45717 0.00260644
1.49106 0.00233734
1.52495 0.00206769
1.55884 0.00179777
1.59273 0.00152786
1.62661 0.00125826
1.6605 0.000989217
1.69439 0.000720966
1.72828 0.000453763
1.76216 0.00018783
1.79605 7.6416e-05
1.82994 0.000338887
1.86383 0.000599243
1.89772 0.000857263
1.9316 0.00111274
1.96549 0.00136544
1.99938 0.00161516
2.03327 0.00186165
2.06716 0.00210472
2.10104 0.00234415
2.13493 0.00257973
2.16882 0.00281128
2.20271 0.0030386
2.23659 0.00326152
2.27048 0.00347987
2.30437 0.00369345
2.33826 0.0039021
2.37215 0.00410566
2.40603 0.00430398
2.43992 0.0044969
2.47381 0.00468429
2.5077 0.00486602
2.54158 0.00504197
2.57547 0.00521199
2.60936 0.00537598
2.64325 0.00553381
2.67714 0.00568538
2.71102 0.00583057
2.74491 0.00596929
2.7788 0.00610144
2.81269 0.00622693
2.84657 0.00634569
2.88046 0.00645764
2.91435 0.00656272
2.94824 0.0066609
2.98213 0.00675212
3.01601 0.00683632
3.0499 0.00691349
3.08379 0.00698357
3.11768 0.00704654
3.15156 0.00710239
3.18545 0.00715111
3.21934 0.00719272
3.25323 0.00722721
3.28712 0.00725462
3.321 0.00727495
3.35489 0.00728825
3.38878 0.00729455
3.42267 0.0072939
3.45655 0.00728635
3.49044 0.00727196
3.52433 0.00725079
3.55822 0.00722291
3.59211 0.00718841
3.62599 0.00714735
3.65988 0.00709982
3.69377 0.00704593
3.72766 0.00698575
3.76154 0.00691941
3.79543 0.006847
3.82932 0.00676863
3.86321 0.00668451
3.8971 0.00659468
3.93098 0.00649926
3.96487 0.00639838
3.99876 0.00629217
4.03265 0.00618077
4.06653 0.00606432
4.10042 0.00594296
4.13431 0.00581684
4.1682 0.00568611
4.20209 0.00555092
4.23597 0.00541143
4.26986 0.0052678
4.30375 0.00512018
4.33764 0.00496875
4.37152 0.00481367
4.40541 0.0046551
4.4393 0.00449322
4.47319 0.00432822
4.50708 0.00416027
4.54096 0.00398957
4.57485 0.00381629
4.60874 0.00364061
4.64263 0.0034627
4.67651 0.00328275
4.7104 0.00310096
4.74429 0.00291751
4.77818 0.00273262
4.81207 0.00254646
4.84595 0.00235921
4.87984 0.00217104
4.91373 0.00198211
4.94762 0.00179263
4.9815 0.0016028
5.01539 0.00141283
5.04928 0.00122293
5.08317 0.00103327
5.11706 0.000844039
5.15094 0.000655372
5.18483 0.000467433
5.21872 0.00028038
5.25261 9.43984e-05
5.28649 8.99845e-05
5.32038 0.000273124
5.35427 0.000454616
5.38816 0.000634314
5.42205 0.000812058
5.45593 0.000987696
5.48982 0.00116106
5.52371 0.00133201
5.5576 0.00150039
5.59149 0.00166607
5.62537 0.0018289
5.65926 0.00198877
5.69315 0.00214556
5.72704 0.00229914
5.76092 0.0024494
5.79481 0.00259623
5.8287 0.00273951
5.86259 0.00287913
5.89648 0.003015
5.93036 0.00314701
5.96425 0.00327507
5.99814 0.00339909
6.03203 0.00351898
6.06591 0.00363466
6.0998 0.00374605
6.13369 0.00385307
6.16758 0.00395567
6.20147 0.00405375
6.23535 0.00414728
6.26924 0.00423614
6.30313 0.00432037
6.33702 0.00439984
6.3709 0.00447452
6.40479 0.00454436
6.43868 0.00460934
6.47257 0.00466941
6.50646 0.00472456
6.54034 0.00477476
6.57423 0.00482
6.60812 0.00486027
6.64201 0.00489556
6.67589 0.00492588
6.70978 0.00495123
6.74367 0.00497163
6.77756 0.00498708
6.81145 0.00499762
6.84533 0.00500326
6.87922 0.00500405
6.91311 0.00500001
6.947 0.00499118
6.98088 0.00497761
7.01477 0.00495935
7.04866 0.00493646
7.08255 0.00490898
7.11644 0.00487697
7.15032 0.00484051
7.18421 0.00479967
7.2181 0.0047545
7.25199 0.0047051
7.28587 0.00465153
7.31976 0.00459388
7.35365 0.00453226
7.38754 0.00446673
7.42143 0.00439741
7.45531 0.00432432
7.4892 0.00424767
7.52309 0.00416747
7.55698 0.00408385
7.59086 0.00399686
7.62475 0.00390666
7.65864 0.00381335
7.69253 0.00371706
7.72642 0.00361786
7.7603 0.0035159
7.79419 0.00341125
7.82808 0.00330409
7.86197 0.00319448
7.89585 0.0030826
7.92974 0.00296856
7.96363 0.00285245
7.99752 0.00273438
8.03141 0.0026145
8.06529 0.00249293
8.09918 0.00236982
8.13307 0.00224531
8.16696 0.00211954
8.20084 0.00199262
8.23473 0.00186465
8.26862 0.00173576
8.30251 0.00160606
8.3364 0.00147569
8.37028 0.00134479
8.40417 0.00121354
8.43806 0.00108209
8.47195 0.000950571
8.50583 0.000819109
8.53972 0.00068776
8.57361 0.000556643
8.6075 0.000425931
8.64139 0.000295695
8.67527 0.000166054
8.70916 3.71459e-05
8.74305 9.05729e-05
8.77694 0.000217473
8.81082 0.000343237
8.84471 0.000467795
8.8786 0.000591036
8.91249 0.000712838
8.94638 0.000833059
8.98026 0.000951594
9.01415 0.00106834
9.04804 0.00118326
9.08193 0.00129625
9.11582 0.00140719
9.1497 0.00151599
9.18359 0.00162257
9.21748 0.00172684
9.25137 0.00182878
9.28525 0.00192823
9.31914 0.00202516
9.35303 0.00211946
9.38692 0.00221111
9.42081 0.00230002
9.45469 0.00238615
9.48858 0.00246942
9.52247 0.00254976
9.55636 0.00262711
9.59024 0.00270142
9.62413 0.00277264
9.65802 0.00284072
9.69191 0.00290562
9.7258 0.00296728
9.75968 0.00302569
9.79357 0.0030808
9.82746 0.00313257
9.86135 0.003181
9.89523 0.00322604
9.92912 0.00326767
9.96301 0.00330589
9.9969 0.00334068
10.0308 0.00337202
10.0647 0.00339991
10.0986 0.00342435
10.1324 0.00344534
10.1663 0.00346288
10.2002 0.00347698
10.2341 0.00348764
10.268 0.0034949
10.3019 0.00349876
10.3358 0.00349924
10.3697 0.00349637
10.4036 0.00349018
10.4374 0.00348069
10.4713 0.00346795
10.5052 0.00345198
10.5391 0.00343283
10.573 0.00341054
10.6069 0.00338515
10.6408 0.0033567
10.6747 0.00332526
10.7085 0.00329087
10.7424 0.00325359
10.7763 0.00321346
10.8102 0.00317056
10.8441 0.00312494
10.878 0.00307666
10.9119 0.0030258
10.9458 0.00297242
10.9796 0.00291658
11.0135 0.00285835
11.0474 0.0027978
11.0813 0.00273502
11.1152 0.00267009
11.1491 0.00260306
11.183 0.00253402
11.2169 0.00246304
11.2507 0.00239022
11.2846 0.00231563
11.3185 0.00223936
11.3524 0.00216148
11.3863 0.0020821
11.4202 0.00200129
11.4541 0.00191914
11.488 0.00183573
11.5218 0.00175115
11.5557 0.0016655
11.5896 0.00157885
11.6235 0.0014913
11.6574 0.00140294
11.6913 0.00131389
11.7252 0.00122424
11.7591 0.00113408
11.793 0.00104347
11.8268 0.000952509
11.8607 0.000861269
11.8946 0.000769857
11.9285 0.000678342
11.9624 0.000586821
11.9963 0.000495393
12.0302 0.000404164
12.0641 0.00031323
12.0979 0.000222678
12.1318 0.000132596
12.1657 4.30534e-05
12.1996 4.59291e-05
12.2335 0.000134244
12.2674 0.000221748
12.3013 0.000308366
12.3352 0.000394028
12.369 0.000478674
12.4029 0.000562241
12.4368 0.000644664
12.4707 0.000725876
12.5046 0.000805818
12.5385 0.000884403
12.5724 0.000961565
12.6063 0.00103726
12.6401 0.00111142
12.674 0.00118396
12.7079 0.00125484
12.7418 0.001324
12.7757 0.00139139
12.8096 0.00145695
12.8435 0.00152066
12.8774 0.00158245
12.9112 0.00164228
12.9451 0.00170012
12.979 0.00175591
13.0129 0.00180963
13.0468 0.00186123
13.0807 0.00191068
13.1146 0.00195794
13.1485 0.00200299
13.1823 0.0020458
13.2162 0.00208634
13.2501 0.00212459
13.284 0.00216053
13.3179 0.00219413
13.3518 0.00222538
13.3857 0.00225427
13.4196 0.00228078
13.4535 0.00230491
13.4873 0.00232664
13.5212 0.00234599
13.5551 0.00236293
13.589 0.00237749
13.6229 0.00238965
13.6568 0.00239942
13.6907 0.00240682
13.7246 0.00241185
13.7584 0.00241452
13.7923 0.00241485
13.8262 0.00241286
13.8601 0.00240856
13.894 0.00240197
13.9279 0.00239311
13.9618 0.00238202
13.9957 0.00236872
14.0295 0.00235323
14.0634 0.0023356
14.0973 0.00231585
14.1312 0.00229401
14.1651 0.00227013
14.199 0.00224424
14.2329 0.00221637
14.2668 0.00218658
14.3006 0.00215491
14.3345 0.00212139
14.3684 0.00208608
14.4023 0.00204902
14.4362 0.00201025
14.4701 0.00196983
14.504 0.00192781
14.5379 0.00188423
14.5717 0.00183916
14.6056 0.00179264
14.6395 0.00174472
14.6734 0.00169548
14.7073 0.00164495
14.7412 0.00159319
14.7751 0.00154028
14.809 0.00148625
14.8429 0.00143118
14.8767 0.00137512
14.9106 0.00131814
14.9445 0.0012603
14.9784 0.00120167
15.0123 0.00114229
15.0462 0.00108224
15.0801 0.00102156
15.114 0.000960305
15.1478 0.000898548
15.1817 0.000836354
15.2156 0.0007738
15.2495 0.000710958
15.2834 0.0006479
15.3173 0.00058469
15.3512 0.000521385
15.3851 0.000458034
15.4189 0.000394686
15.4528 0.000331391
15.4867 0.000268205
15.5206 0.000205187
15.5545 0.000142404
15.5884 7.99206e-05
15.6223 1.7806e-05
15.6562 4.36665e-05
15.69 0.000104801
15.7239 0.000165406
15.7578 0.000225428
15.7917 0.000284809
15.8256 0.000343493
15.8595 0.000401427
15.8934 0.000458557
15.9273 0.000514826
15.9611 0.000570183
15.995 0.000624585
16.0289 0.000677993
16.0628 0.000730367
16.0967 0.00078167
16.1306 0.000831862
16.1645 0.000880905
16.1984 0.00092876
16.2323 0.000975391
16.2661 0.00102076
16.3 0.00106483
16.3339 0.00110757
16.3678 0.00114895
16.4017 0.00118893
16.4356 0.0012275
16.4695 0.00126463
16.5034 0.00130028
16.5372 0.00133443
16.5711 0.00136707
16.605 0.00139817
16.6389 0.00142771
16.6728 0.00145567
16.7067 0.00148204
16.7406 0.00150681
16.7745 0.00152995
16.8083 0.00155148
16.8422 0.00157136
16.8761 0.0015896
16.91 0.00160618
16.9439 0.00162111
16.9778 0.00163438
17.0117 0.00164598
17.0456 0.00165593
17.0794 0.00166421
17.1133 0.00167084
17.1472 0.00167582
17.1811 0.00167916
17.215 0.00168086
17.2489 0.00168094
17.2828 0.00167941
17.3167 0.00167628
17.3505 0.00167157
17.3844 0.00166529
17.4183 0.00165746
17.4522 0.0016481
17.4861 0.00163723
17.52 0.00162486
17.5539 0.00161103
17.5878 0.00159576
17.6216 0.00157907
17.6555 0.00156099
17.6894 0.00154154
17.7233 0.00152076
17.7572 0.00149867
17.7911 0.00147531
17.825 0.0014507
17.8589 0.00142488
17.8928 0.00139788
17.9266 0.00136974
17.9605 0.00134048
17.9944 0.00131016
18.0283 0.00127879
18.0622 0.00124643
18.0961 0.0012131
18.13 0.00117885
18.1639 0.00114372
18.1977 0.00110774
18.2316 0.00107096
18.2655 0.00103342
18.2994 0.000995155
18.3333 0.000956211
18.3672 0.00091663
18.4011 0.000876456
18.435 0.000835731
18.4688 0.000794495
18.5027 0.000752791
18.5366 0.000710661
18.5705 0.000668146
18.6044 0.000625291
18.6383 0.000582141
18.6722 0.000538744
18.7061 0.000495147
18.7399 0.000451403
18.7738 0.000407554
18.8077 0.000363626
18.8416 0.000319657
18.8755 0.000275687
18.9094 0.000231761
18.9433 0.000187948
18.9772 0.000144269
19.011 0.000100763
19.0449 5.74688e-05
19.0788 1.44282e-05
19.1127 2.81601e-05
19.1466 7.05384e-05
19.1805 0.000112565
19.2144 0.000154172
19.2483 0.00019532
19.2822 0.000235974
19.316 0.000276101
19.3499 0.000315667
19.3838 0.00035464
19.4177 0.000392992
19.4516 0.000430697
19.4855 0.000467712
19.5194 0.000504009
19.5533 0.000539568
19.5871 0.000574348
19.621 0.000608321
19.6549 0.000641463
19.6888 0.000673747
19.7227 0.00070515
19.7566 0.000735651
19.7905 0.000765226
19.8244 0.000793856
19.8582 0.000821519
19.8921 0.000848196
19.926 0.000873868
19.9599 0.000898517
19.9938 0.000922125
20.0277 0.000944679
20.0616 0.000966163
20.0955 0.000986565
20.1293 0.00100587
20.1632 0.00102408
20.1971 0.00104117
20.231 0.00105714
20.2649 0.00107197
20.2988 0.00108568
20.3327 0.00109824
20.3666 0.00110965
20.4004 0.00111992
20.4343 0.00112903
20.4682 0.001137
20.5021 0.00114381
20.536 0.00114947
20.5699 0.00115399
20.6038 0.00115736
20.6377 0.0011596
20.6716 0.0011607
20.7054 0.00116069
20.7393 0.00115955
20.7732 0.00115731
20.8071 0.00115397
20.841 0.00114955
20.8749 0.00114405
20.9088 0.00113749
20.9427 0.00112988
20.9765 0.00112125
21.0104 0.00111159
21.0443 0.00110094
21.0782 0.0010893
21.1121 0.00107671
21.146 0.00106316
21.1799 0.00104869
21.2138 0.00103332
21.2476 0.00101707
21.2815 0.000999951
21.3154 0.000981996
21.3493 0.000963227
21.3832 0.000943667
21.4171 0.000923339
21.451 0.00090227
21.4849 0.000880484
21.5187 0.000858007
21.5526 0.000834866
21.5865 0.000811089
21.6204 0.000786701
21.6543 0.000761732
21.6882 0.000736208
21.7221 0.000710158
21.756 0.000683612
21.7898 0.000656597
21.8237 0.000629144
21.8576 0.000601281
21.8915 0.00057304
21.9254 0.000544449
21.9593 0.00051554
21.9932 0.000486344
22.0271 0.000456888
22.061 0.000427201
22.0948 0.000397308
22.1287 0.000367238
22.1626 0.000337018
22.1965 0.000306694
22.2304 0.000276299
22.2643 0.000245854
22.2982 0.000215397
22.3321 0.00018496
22.3659 0.00015456
22.3998 0.000124225
22.4337 9.39844e-05
22.4676 6.38663e-05
22.5015 3.3907e-05
22.5354 4.15139e-06
22.5693 2.53326e-05
22.6032 5.46754e-05
22.637 8.37613e-05
22.6709 0.00011255
22.7048 0.000141016
22.7387 0.000169133
22.7726 0.000196881
22.8065 0.000224239
22.8404 0.000251186
22.8743 0.000277702
22.9081 0.000303766
22.942 0.000329357
22.9759 0.000354453
23.0098 0.000379031
23.0437 0.00040307
23.0776 0.000426549
23.1115 0.000449451
23.1454 0.000471756
23.1792 0.00049345
23.2131 0.000514515
23.247 0.000534937
23.2809 0.000554702
23.3148 0.000573796
23.3487 0.000592205
23.3826 0.000609915
23.4165 0.000626917
23.4503 0.000643197
23.4842 0.000658745
23.5181 0.000673551
23.552 0.000687606
23.5859 0.0007009
23.6198 0.000713427
23.6537 0.000725179
23.6876 0.000736151
23.7215 0.000746338
23.7553 0.000755737
23.7892 0.000764343
23.8231 0.000772156
23.857 0.000779173
23.8909 0.000785393
23.9248 0.000790817
23.9587 0.000795445
23.9926 0.000799278
24.0264 0.000802318
24.0603 0.000804567
24.0942 0.000806029
24.1281 0.000806709
24.162 0.00080661
24.1959 0.000805737
24.2298 0.000804098
24.2637 0.0008017
24.2975 0.000798549
24.3314 0.000794655
24.3653 0.000790026
24.3992 0.000784673
24.4331 0.000778606
24.467 0.000771836
24.5009 0.000764375
24.5348 0.000756235
24.5686 0.000747428
24.6025 0.000737969
24.6364 0.000727871
24.6703 0.000717148
24.7042 0.000705814
24.7381 0.000693886
24.772 0.000681379
24.8059 0.000668308
24.8397 0.000654691
24.8736 0.000640545
24.9075 0.000625886
24.9414 0.000610732
24.9753 0.000595102
