0 0.00996391
0.0338878 0.00995781
0.0677756 0.00994068
0.101663 0.00991286
0.135551 0.00987481
0.169439 0.00982672
0.203327 0.00976841
0.237215 0.0097005
0.271102 0.00962317
0.30499 0.00953665
0.338878 0.00944111
0.372766 0.00933672
0.406653 0.00922363
0.440541 0.00910201
0.474429 0.00897203
0.508317 0.00883388
0.542205 0.00868774
0.576092 0.00853383
0.60998 0.00837236
0.643868 0.00820355
0.677756 0.00802766
0.711644 0.00784497
0.745531 0.00765571
0.779419 0.00746012
0.813307 0.00725839
0.847195 0.00705076
0.881082 0.00683749
0.91497 0.0066188
0.948858 0.00639492
0.982746 0.00616613
1.01663 0.00593276
1.05052 0.00569515
1.08441 0.00545356
1.1183 0.00520828
1.15218 0.00495956
1.18607 0.00470768
1.21996 0.00445287
1.25385 0.00419537
1.28774 0.00393541
1.32162 0.00367326
1.35551 0.0034092
1.3894 0.00314352
1.42329 0.00287651
1.45717 0.00260844
1.49106 0.00233954
1.52495 0.00207008
1.55884 0.00180031
1.59273 0.00153051
1.62661 0.00126097
1.6605 0.000991977
1.69439 0.000723804
1.72828 0.000456714
1.76216 0.000190933
1.79605 7.36561e-05
1.82994 0.00033624
1.86383 0.000596676
1.89772 0.000854735
1.9316 0.00111022
1.96549 0.00136293
1.99938 0.00161267
2.03327 0.0018592
2.06716 0.00210231
2.10104 0.00234181
2.13493 0.00257749
2.16882 0.00280916
2.20271 0.00303661
2.23659 0.00325967
2.27048 0.00347813
2.30437 0.00369183
2.33826 0.00390059
2.37215 0.00410424
2.40603 0.00430265
2.43992 0.00449566
2.47381 0.00468313
2.5077 0.00486493
2.54158 0.00504093
2.57547 0.005211
2.60936 0.00537502
2.64325 0.00553287
2.67714 0.00568445
2.71102 0.00582966
2.74491 0.0059684
2.7788 0.00610056
2.81269 0.00622607
2.84657 0.00634483
2.88046 0.0064568
2.91435 0.00656189
2.94824 0.00666007
2.98213 0.00675135
3.01601 0.00683563
3.0499 0.00691289
3.08379 0.00698308
3.11768 0.00704617
3.15156 0.00710215
3.18545 0.00715102
3.21934 0.00719276
3.25323 0.0072274
3.28712 0.00725495
3.321 0.00727545
3.35489 0.00728892
3.38878 0.0072954
3.42267 0.00729492
3.45655 0.00728755
3.49044 0.00727333
3.52433 0.00725233
3.55822 0.00722462
3.59211 0.00719026
3.62599 0.00714935
3.65988 0.00710197
3.69377 0.00704821
3.72766 0.00698817
3.76154 0.00692194
3.79543 0.00684968
3.82932 0.00677147
3.86321 0.00668734
3.8971 0.00659748
3.93098 0.00650203
3.96487 0.00640113
3.99876 0.00629495
4.03265 0.00618363
4.06653 0.00606727
4.10042 0.00594605
4.13431 0.00582009
4.1682 0.00568954
4.20209 0.00555453
4.23597 0.00541521
4.26986 0.00527176
4.30375 0.00512432
4.33764 0.00497309
4.37152 0.00481825
4.40541 0.00465996
4.4393 0.00449837
4.47319 0.00433363
4.50708 0.00416591
4.54096 0.00399537
4.57485 0.00382224
4.60874 0.00364667
4.64263 0.00346888
4.67651 0.00328903
4.7104 0.0031073
4.74429 0.00292389
4.77818 0.00273901
4.81207 0.00255285
4.84595 0.00236562
4.87984 0.00217749
4.91373 0.00198864
4.94762 0.00179922
4.9815 0.00160943
5.01539 0.00141944
5.04928 0.00122946
5.08317 0.00103971
5.11706 0.000850388
5.15094 0.000661658
5.18483 0.000473688
5.21872 0.000286618
5.25261 0.000100605
5.28649 8.5263e-05
5.32038 0.000268459
5.35427 0.000450002
5.38816 0.000629754
5.42205 0.000807555
5.45593 0.000983255
5.48982 0.00115669
5.52371 0.00132771
5.5576 0.00149617
5.59149 0.00166195
5.62537 0.0018249
5.65926 0.0019849
5.69315 0.00214182
5.72704 0.00229554
5.76092 0.00244594
5.79481 0.00259292
5.8287 0.00273634
5.86259 0.00287612
5.89648 0.00301214
5.93036 0.00314431
5.96425 0.00327254
5.99814 0.00339674
6.03203 0.00351681
6.06591 0.00363267
6.0998 0.00374425
6.13369 0.00385147
6.16758 0.00395427
6.20147 0.00405257
6.23535 0.00414632
6.26924 0.0042354
6.30313 0.00431986
6.33702 0.00439957
6.3709 0.0044745
6.40479 0.00454459
6.43868 0.00460982
6.47257 0.00467015
6.50646 0.00472557
6.54034 0.00477604
6.57423 0.00482156
6.60812 0.00486211
6.64201 0.00489769
6.67589 0.0049283
6.70978 0.00495393
6.74367 0.00497462
6.77756 0.00499036
6.81145 0.00500119
6.84533 0.00500712
6.87922 0.00500819
6.91311 0.00500444
6.947 0.0049959
6.98088 0.00498261
7.01477 0.00496464
7.04866 0.00494201
7.08255 0.0049148
7.11644 0.00488307
7.15032 0.00484687
7.18421 0.00480627
7.2181 0.00476134
7.25199 0.00471216
7.28587 0.00465881
7.31976 0.00460137
7.35365 0.00453991
7.38754 0.00447457
7.42143 0.00440539
7.45531 0.00433248
7.4892 0.00425594
7.52309 0.00417585
7.55698 0.00409232
7.59086 0.00400546
7.62475 0.00391537
7.65864 0.00382216
7.69253 0.00372597
7.72642 0.00362685
7.7603 0.00352498
7.79419 0.00342041
7.82808 0.00331331
7.86197 0.00320374
7.89585 0.00309186
7.92974 0.00297782
7.96363 0.00286171
7.99752 0.00274367
8.03141 0.00262384
8.06529 0.00250234
8.09918 0.00237928
8.13307 0.00225478
8.16696 0.00212895
8.20084 0.00200193
8.23473 0.00187386
8.26862 0.00174491
8.30251 0.00161521
8.3364 0.00148488
8.37028 0.00135404
8.40417 0.00122282
8.43806 0.00109133
8.47195 0.000959669
8.50583 0.000827983
8.53972 0.000696404
8.57361 0.000565081
8.6075 0.000434158
8.64139 0.000303774
8.67527 0.00017405
8.70916 4.50974e-05
8.74305 8.28029e-05
8.77694 0.000209979
8.81082 0.000336001
8.84471 0.000460763
8.8786 0.000584164
8.91249 0.000706112
8.94638 0.000826515
8.98026 0.000945282
9.01415 0.00106231
9.04804 0.00117751
9.08193 0.00129078
9.11582 0.00140203
9.1497 0.00151115
9.18359 0.00161806
9.21748 0.00172266
9.25137 0.00182494
9.28525 0.00192471
9.31914 0.00202197
9.35303 0.00211659
9.38692 0.00220855
9.42081 0.00229777
9.45469 0.0023842
9.48858 0.00246777
9.52247 0.00254841
9.55636 0.00262606
9.59024 0.00270068
9.62413 0.0027722
9.65802 0.00284059
9.69191 0.0029058
9.7258 0.00296779
9.75968 0.00302652
9.79357 0.00308195
9.82746 0.00313406
9.86135 0.00318281
9.89523 0.00322818
9.92912 0.00327015
9.96301 0.00330869
9.9969 0.0033438
10.0308 0.00337547
10.0647 0.00340368
10.0986 0.00342844
10.1324 0.00344975
10.1663 0.00346761
10.2002 0.00348202
10.2341 0.00349301
10.268 0.00350058
10.3019 0.00350474
10.3358 0.00350553
10.3697 0.00350296
10.4036 0.00349706
10.4374 0.00348786
10.4713 0.00347539
10.5052 0.00345969
10.5391 0.0034408
10.573 0.00341876
10.6069 0.00339361
10.6408 0.0033654
10.6747 0.00333418
10.7085 0.00330001
10.7424 0.00326293
10.7763 0.00322301
10.8102 0.0031803
10.8441 0.00313487
10.878 0.00308677
10.9119 0.00303607
10.9458 0.00298285
10.9796 0.00292718
11.0135 0.00286909
11.0474 0.00280869
11.0813 0.00274604
11.1152 0.00268122
11.1491 0.0026143
11.183 0.00254536
11.2169 0.00247449
11.2507 0.00240175
11.2846 0.00232724
11.3185 0.00225103
11.3524 0.00217321
11.3863 0.00209388
11.4202 0.00201311
11.4541 0.00193099
11.488 0.00184761
11.5218 0.00176304
11.5557 0.00167739
11.5896 0.00159073
11.6235 0.00150315
11.6574 0.00141475
11.6913 0.00132561
11.7252 0.00123587
11.7591 0.0011456
11.793 0.0010549
11.8268 0.000963846
11.8607 0.000872521
11.8946 0.000781007
11.9285 0.000689373
11.9624 0.000597703
11.9963 0.000506086
12.0302 0.000414623
12.0641 0.00032342
12.0979 0.00023258
12.1318 0.000142195
12.1657 5.23543e-05
12.1996 3.69569e-05
12.2335 0.00012554
12.2674 0.000213345
12.3013 0.000300285
12.3352 0.000386274
12.369 0.000471242
12.4029 0.00055512
12.4368 0.000637848
12.4707 0.000719362
12.5046 0.000799601
12.5385 0.000878498
12.5724 0.000955988
12.6063 0.001032
12.6401 0.00110648
12.674 0.00117936
12.7079 0.00125059
12.7418 0.00132009
12.7757 0.00138783
12.8096 0.00145376
12.8435 0.00151781
12.8774 0.00157996
12.9112 0.00164015
12.9451 0.00169835
12.979 0.0017545
13.0129 0.00180858
13.0468 0.00186055
13.0807 0.00191036
13.1146 0.00195799
13.1485 0.00200341
13.1823 0.00204658
13.2162 0.00208749
13.2501 0.0021261
13.284 0.00216241
13.3179 0.00219638
13.3518 0.002228
13.3857 0.00225726
13.4196 0.00228414
13.4535 0.00230864
13.4873 0.00233075
13.5212 0.00235046
13.5551 0.00236777
13.589 0.00238269
13.6229 0.00239521
13.6568 0.00240533
13.6907 0.00241307
13.7246 0.00241844
13.7584 0.00242144
13.7923 0.0024221
13.8262 0.00242042
13.8601 0.00241642
13.894 0.00241014
13.9279 0.00240158
13.9618 0.00239078
13.9957 0.00237777
14.0295 0.00236256
14.0634 0.00234519
14.0973 0.00232569
14.1312 0.00230409
14.1651 0.00228045
14.199 0.00225478
14.2329 0.00222713
14.2668 0.00219754
14.3006 0.00216606
14.3345 0.00213272
14.3684 0.00209757
14.4023 0.00206067
14.4362 0.00202204
14.4701 0.00198176
14.504 0.00193986
14.5379 0.0018964
14.5717 0.00185142
14.6056 0.00180499
14.6395 0.00175715
14.6734 0.00170797
14.7073 0.0016575
14.7412 0.00160579
14.7751 0.00155291
14.809 0.00149891
14.8429 0.00144386
14.8767 0.00138781
14.9106 0.00133082
14.9445 0.00127294
14.9784 0.00121423
15.0123 0.00115476
15.0462 0.00109459
15.0801 0.0010338
15.114 0.000972443
15.1478 0.000910603
15.1817 0.000848341
15.2156 0.000785719
15.2495 0.000722791
15.2834 0.00065961
15.3173 0.000596228
15.3512 0.000532704
15.3851 0.000469095
15.4189 0.000405467
15.4528 0.000341887
15.4867 0.000278427
15.5206 0.000215157
15.5545 0.000152147
15.5884 8.94601e-05
15.6223 2.71528e-05
15.6562 3.44675e-05
15.69 9.59419e-05
15.7239 0.000156873
15.7578 0.000217199
15.7917 0.000276864
15.8256 0.000335819
15.8595 0.000394019
15.8934 0.000451426
15.9273 0.000507996
15.9611 0.000563681
15.995 0.000618435
16.0289 0.000672213
16.0628 0.000724969
16.0967 0.000776658
16.1306 0.000827236
16.1645 0.000876663
16.1984 0.000924899
16.2323 0.000971907
16.2661 0.00101765
16.3 0.0010621
16.3339 0.00110522
16.3678 0.00114698
16.4017 0.00118735
16.4356 0.00122631
16.4695 0.00126382
16.5034 0.00129986
16.5372 0.0013344
16.5711 0.00136742
16.605 0.00139891
16.6389 0.00142884
16.6728 0.0014572
16.7067 0.00148396
16.7406 0.00150911
16.7745 0.00153264
16.8083 0.00155454
16.8422 0.0015748
16.8761 0.0015934
16.91 0.00161035
16.9439 0.00162563
16.9778 0.00163925
17.0117 0.0016512
17.0456 0.00166149
17.0794 0.00167012
17.1133 0.00167708
17.1472 0.00168239
17.1811 0.00168606
17.215 0.00168808
17.2489 0.00168848
17.2828 0.00168725
17.3167 0.00168442
17.3505 0.00168
17.3844 0.00167399
17.4183 0.00166643
17.4522 0.00165733
17.4861 0.0016467
17.52 0.00163457
17.5539 0.00162097
17.5878 0.00160591
17.6216 0.00158942
17.6555 0.00157154
17.6894 0.00155227
17.7233 0.00153166
17.7572 0.00150973
17.7911 0.00148652
17.825 0.00146205
17.8589 0.00143636
17.8928 0.00140949
17.9266 0.00138145
17.9605 0.0013523
17.9944 0.00132206
18.0283 0.00129077
18.0622 0.00125847
18.0961 0.00122519
18.13 0.00119099
18.1639 0.00115588
18.1977 0.00111992
18.2316 0.00108315
18.2655 0.00104561
18.2994 0.00100733
18.3333 0.000968366
18.3672 0.000928753
18.4011 0.000888532
18.435 0.00084774
18.4688 0.000806418
18.5027 0.000764609
18.5366 0.00072236
18.5705 0.000679725
18.6044 0.000636748
18.6383 0.000593479
18.6722 0.000549947
18.7061 0.000506197
18.7399 0.000462293
18.7738 0.000418267
18.8077 0.000374157
18.8416 0.000330002
18.8755 0.000285842
18.9094 0.000241726
18.9433 0.000197691
18.9772 0.000153778
19.011 0.000110051
19.0449 6.6524e-05
19.0788 2.32333e-05
19.1127 1.94207e-05
19.1466 6.20706e-05
19.1805 0.000104355
19.2144 0.000146238
19.2483 0.000187681
19.2822 0.000228647
19.316 0.00026911
19.3499 0.000309016
19.3838 0.000348323
19.4177 0.000387
19.4516 0.000425036
19.4855 0.000462388
19.5194 0.000499028
19.5533 0.000534925
19.5871 0.00057005
19.621 0.000604374
19.6549 0.000637871
19.6888 0.000670515
19.7227 0.00070228
19.7566 0.000733144
19.7905 0.000763084
19.8244 0.000792079
19.8582 0.000820108
19.8921 0.000847151
19.926 0.000873189
19.9599 0.000898204
19.9938 0.000922179
20.0277 0.000945098
20.0616 0.000966947
20.0955 0.000987712
20.1293 0.00100738
20.1632 0.00102594
20.1971 0.00104339
20.231 0.00105971
20.2649 0.00107489
20.2988 0.00108894
20.3327 0.00110184
20.3666 0.00111359
20.4004 0.00112418
20.4343 0.00113362
20.4682 0.0011419
20.5021 0.00114903
20.536 0.001155
20.5699 0.00115982
20.6038 0.0011635
20.6377 0.00116602
20.6716 0.00116741
20.7054 0.00116767
20.7393 0.00116681
20.7732 0.00116483
20.8071 0.00116174
20.841 0.00115756
20.8749 0.0011523
20.9088 0.00114597
20.9427 0.00113859
20.9765 0.00113016
21.0104 0.00112071
21.0443 0.00111025
21.0782 0.0010988
21.1121 0.00108637
21.146 0.00107299
21.1799 0.00105868
21.2138 0.00104345
21.2476 0.00102733
21.2815 0.00101033
21.3154 0.000992493
21.3493 0.000973826
21.3832 0.000954358
21.4171 0.000934112
21.451 0.000913114
21.4849 0.000891388
21.5187 0.000868962
21.5526 0.000845861
21.5865 0.000822112
21.6204 0.000797742
21.6543 0.00077278
21.6882 0.000747254
21.7221 0.000721191
21.756 0.000694622
21.7898 0.000667574
21.8237 0.00064008
21.8576 0.000612166
21.8915 0.000583863
21.9254 0.0005552
21.9593 0.000526204
21.9932 0.000496904
22.0271 0.000467329
22.061 0.000437509
22.0948 0.000407473
22.1287 0.000377256
22.1626 0.000346902
22.1965 0.000316432
22.2304 0.000285875
22.2643 0.000255262
22.2982 0.000224625
22.3321 0.000193996
22.3659 0.00016339
22.3998 0.000132846
22.4337 0.0001024
22.4676 7.20687e-05
22.5015 4.18821e-05
22.5354 1.18698e-05
22.5693 1.76433e-05
22.6032 4.72383e-05
22.637 7.65748e-05
22.6709 0.000105618
22.7048 0.000134344
22.7387 0.000162731
22.7726 0.000190757
22.8065 0.000218401
22.8404 0.000245643
22.8743 0.00027246
22.9081 0.00029883
22.942 0.00032473
22.9759 0.000350137
23.0098 0.000375028
23.0437 0.000399382
23.0776 0.000423179
23.1115 0.000446399
23.1454 0.000469025
23.1792 0.000491039
23.2131 0.000512426
23.247 0.00053317
23.2809 0.000553257
23.3148 0.000572673
23.3487 0.000591404
23.3826 0.000609437
23.4165 0.000626758
23.4503 0.000643358
23.4842 0.000659224
23.5181 0.000674346
23.552 0.000688716
23.5859 0.000702325
23.6198 0.000715164
23.6537 0.000727228
23.6876 0.000738509
23.7215 0.000749003
23.7553 0.000758705
23.7892 0.00076761
23.8231 0.000775717
23.857 0.000783024
23.8909 0.000789528
23.9248 0.00079523
23.9587 0.00080013
23.9926 0.000804229
24.0264 0.000807529
24.0603 0.000810033
24.0942 0.000811743
24.1281 0.000812664
24.162 0.000812801
24.1959 0.000812158
24.2298 0.000810742
24.2637 0.000808559
24.2975 0.000805617
24.3314 0.000801924
24.3653 0.000797489
24.3992 0.000792322
24.4331 0.000786434
24.467 0.000779834
24.5009 0.000772534
24.5348 0.000764548
24.5686 0.000755886
24.6025 0.000746563
24.6364 0.000736593
24.6703 0.000725988
24.7042 0.000714765
24.7381 0.000702938
24.772 0.000690523
24.8059 0.000677535
24.8397 0.000663993
24.8736 0.000649911
24.9075 0.000635308
24.9414 0.000620202
24.9753 0.00060461
