t sb -1 xb vb dt perf.t perf.speed
0 0 -1 0.5 0 0.000474636 0 0 
0.000474636 0 -1 0.5 -0.000143007 0.000474636 0.010031 408334 1 1682.76 205.18 8.20136 4 
0.00138056 2.33182e-06 -1 0.5 -0.000135382 0.000905927 0.017222 475671 1 276.042 70.0086 3.94298 4 1 327.271 94.3885 3.46727 4 1 0.000577545 1.43732e-08 40182.2 4 
0.00267867 -3.00245e-06 -1 0.499999 -2.17309e-05 0.0012981 0.023871 514767 1 130.086 32.1493 4.04632 4 1 485.926 114.411 4.24719 4 1 0.00059493 7.48615e-08 7947.06 4 
0.00433282 -1.32338e-05 -1 0.499999 0.000704908 0.00165415 0.030055 545134 1 53.4022 23.1502 2.30677 4 1 275.191 26.3722 10.4349 4 1 0.00103119 3.36295e-07 3066.34 4 
0.00631146 -2.78818e-05 -1 0.500001 0.00188851 0.00197864 0.035954 569617 1 26.4622 17.3259 1.52732 4 1 38.8151 19.0217 2.04057 4 1 0.00180101 1.02968e-06 1749.1 4 
0.00858457 -4.30617e-05 -1 0.500005 0.00350472 0.00227311 0.041499 592207 1 20.6199 9.97292 2.06759 4 1 29.0858 2.45644 11.8406 4 1 0.00274824 2.41599e-06 1137.52 4 
0.0111261 -5.48276e-05 -1 0.500013 0.00539249 0.00254156 0.047059 609278 1 18.8457 3.72818 5.05495 4 1 38.5257 8.75756 4.39914 4 1 0.00381168 4.69209e-06 812.362 4 
0.0139091 -6.0227e-05 -1 0.500028 0.00743383 0.00278294 0.052574 623274 1 16.9041 0.907436 18.6284 4 1 39.8422 17.1581 2.32206 4 1 0.00482034 7.75929e-06 621.234 4 
0.0169132 -5.78008e-05 -1 0.50005 0.00947664 0.00300412 0.058134 634121 1 14.5302 4.04459 3.59252 4 1 27.6969 20.7351 1.33575 4 1 0.00574801 1.15485e-05 497.729 4 
0.0201208 -4.81185e-05 -1 0.500081 0.0113866 0.00320762 0.063649 643529 1 13.1219 5.76988 2.27421 4 1 38.4499 20.3245 1.8918 4 1 0.00651829 1.57844e-05 412.959 4 
0.0235109 -3.31557e-05 -1 0.500119 0.0131991 0.00339008 0.069227 650844 1 11.7165 5.91728 1.98004 4 1 24.9356 18.3689 1.35749 4 1 0.00710215 2.00895e-05 353.526 4 
0.027067 -1.6464e-05 -1 0.500166 0.0148391 0.00355614 0.074792 657183 1 58.9779 2.75406 21.4149 4 1 19.194 13.9415 1.37675 4 1 0.00759515 2.45114e-05 309.861 4 
0.0307739 -1.45316e-06 -1 0.500221 0.0164432 0.0037069 0.080387 662396 1 42.3312 1.83102 23.1189 4 1 35.0735 7.8913 4.44458 4 1 0.00792739 2.86389e-05 276.805 4 
0.0346151 9.18583e-06 -1 0.500284 0.018027 0.00384117 0.085963 667078 1 22.9754 0.798185 28.7846 4 1 20.6451 3.44186 5.99824 4 1 0.00825401 3.27505e-05 252.027 4 
0.0385848 1.36667e-05 -1 0.500355 0.0196631 0.00396973 0.091475 671659 1 9.9786 1.61684 6.17167 4 1 22.5468 1.00268 22.4866 4 1 0.00859568 3.68798e-05 233.073 4 
0.0426695 1.19052e-05 -1 0.500435 0.0214243 0.00408471 0.097155 674551 1 7.76467 2.67459 2.90313 4 1 20.705 3.58372 5.77753 4 1 0.00931193 4.08168e-05 228.14 4 
0.0468525 5.07927e-06 -1 0.500524 0.0233483 0.00418293 0.102729 677822 1 11.6721 3.19156 3.65717 4 1 17.7311 4.82951 3.67141 4 1 0.0100865 4.44682e-05 226.824 4 
0.0511324 -4.82038e-06 -1 0.500624 0.0255388 0.00427992 0.109319 674430 2 2879.3 4.77338 24.5601 3 1 17.0304 4.29334 3.9667 4 1 0.0109563 4.88442e-05 224.312 4 
0.0554946 -1.41621e-05 -1 0.500734 0.0277237 0.00436223 0.114645 678826 1 39.2981 1.84155 21.3397 3 1 25.4448 3.28117 7.7548 4 1 0.0118943 5.32181e-05 223.502 4 
0.0599358 -2.03155e-05 -1 0.500857 0.0300448 0.00444118 0.12003 682496 1 32.2834 1.6767 19.2541 3 1 17.6452 1.11279 15.8566 4 1 0.0126921 5.72501e-05 221.696 4 
0.0644451 -2.3657e-05 -1 0.500992 0.0323332 0.0045093 0.127026 677153 3 2975.72 2.90971 10.0751 2 1 12.6086 0.900937 13.995 4 1 0.0135674 6.10899e-05 222.089 4 
0.0690176 -2.3647e-05 -1 0.50114 0.0346885 0.00457252 0.132161 681835 1 28.8482 3.33949 8.63852 2 1 10.0568 2.04154 4.92609 4 1 0.0144031 6.44483e-05 223.482 4 
0.0736552 -2.0602e-05 -1 0.5013 0.0370124 0.00463763 0.137348 685907 1 19.1558 3.26627 5.86474 2 1 32.466 2.80266 11.584 4 1 0.0153323 6.79964e-05 225.487 4 
0.0783449 -1.50024e-05 -1 0.501473 0.0392967 0.00468966 0.142616 689292 1 21.1632 3.41607 6.19519 2 1 30.3672 3.25383 9.33277 4 1 0.0162317 7.08126e-05 229.22 4 
0.0830802 -7.70999e-06 -1 0.501659 0.0414599 0.00473526 0.15037 680987 4 3196.03 1.39874 6.91382 2 1 27.9183 3.23477 8.63069 4 1 0.0171433 7.33248e-05 233.799 4 
0.087862 -1.84973e-06 -1 0.501857 0.0435954 0.00478184 0.155539 684690 1 26.1643 3.417 7.65711 2 1 8.42095 1.60225 5.2557 4 1 0.0180368 7.57177e-05 238.212 4 
0.0926834 1.83607e-06 -1 0.502067 0.0457248 0.00482142 0.160698 688198 1 28.747 3.6494 7.87717 2 1 37.6886 0.841236 44.8014 4 1 0.0190693 7.7625e-05 245.659 4 
0.097537 3.50909e-06 -1 0.502289 0.0478553 0.00485362 0.165935 691162 1 22.5938 3.92141 5.76165 2 1 10.7341 0.784413 13.6842 4 1 0.0201512 7.96623e-05 252.958 4 
0.102423 3.1608e-06 -1 0.502523 0.0500271 0.0048863 0.173474 684737 4 3162.6 0.937527 7.62105 2 1 7.56922 1.19934 6.31118 4 1 0.0212807 8.1732e-05 260.372 4 
0.107343 1.71401e-06 -1 0.502769 0.0522428 0.00491949 0.178662 687779 1 19.1888 2.61465 7.33896 2 1 15.3327 1.42936 10.727 4 1 0.0224932 8.41732e-05 267.226 4 
0.112288 1.60545e-07 -1 0.503027 0.0544399 0.00494471 0.183802 690830 1 23.7107 2.69164 8.80905 2 1 14.7251 0.734745 20.0411 4 1 0.0237613 8.58834e-05 276.669 4 
0.117258 -1.70022e-06 -1 0.503297 0.0566481 0.00497025 0.189154 692938 1 22.2176 3.04995 7.28458 2 1 16.8815 0.802413 21.0384 4 1 0.0250281 8.77173e-05 285.327 4 
0.122254 -3.96316e-06 -1 0.50358 0.0588716 0.00499609 0.194308 695638 1 32.5152 3.48994 9.31684 2 1 15.9273 0.613553 25.9592 4 1 0.0263723 8.95245e-05 294.582 4 
0.127267 -6.36287e-06 -1 0.503876 0.0611136 0.0050135 0.199524 697981 1 27.5209 3.87664 7.09918 2 1 18.5289 0.535365 34.6098 4 1 0.0277479 9.20134e-05 301.564 4 
0.132298 -8.2029e-06 -1 0.504184 0.0633323 0.00503106 0.206424 694493 3 3012.03 2.71612 10.3507 2 1 12.1575 0.579835 20.9672 4 1 0.0291754 9.4221e-05 309.648 4 
0.137347 -8.58955e-06 -1 0.504504 0.0655069 0.00504877 0.213176 691710 3 3195.9 2.8088 10.4398 2 1 12.2505 0.96568 12.6859 4 1 0.0306632 9.70159e-05 316.064 4 
0.142414 -7.83885e-06 -1 0.504836 0.067822 0.00506664 0.219166 691494 2 38.1062 0.959437 6.30216 2 1 41.8557 1.15802 36.1441 4 1 0.0321669 9.7706e-05 329.222 4 
0.147489 -6.99482e-06 -1 0.505181 0.0700254 0.00507564 0.226423 687421 2 33.7122 0.763018 6.647 2 1 12.8377 1.09475 11.7266 4 2 0.0338674 1.32727e-06 159.739 3 
0.152583 -5.76943e-06 -1 0.505538 0.0722407 0.00509377 0.233911 682926 3 2873.9 2.9846 9.8748 2 1 17.6153 0.993018 17.7392 4 2 0.0355452 1.19058e-05 54.64 2 
0.157686 -4.41104e-06 -1 0.505907 0.0743782 0.0051029 0.239645 683678 1 38.5921 3.17598 12.1512 2 1 17.8729 1.27288 14.0413 4 2 0.0372758 3.35657e-05 33.3246 2 
0.162798 -2.22446e-06 -1 0.506288 0.0764559 0.00511208 0.247705 677968 4 3287.62 1.03213 7.51255 2 1 36.0885 1.68326 21.4396 4 2 0.0390865 3.41978e-05 33.8076 2 
0.16792 -1.10324e-06 -1 0.50668 0.0785764 0.0051213 0.256045 671882 4 3184.57 0.894356 7.72476 2 1 22.4845 0.977543 23.001 4 2 0.0409242 3.49258e-05 34.2308 2 
0.17305 -9.71521e-08 -1 0.507084 0.080669 0.00513058 0.263002 669683 2 53.9017 0.963888 7.47804 2 1 12.5516 0.748409 16.771 4 2 0.0429437 3.56443e-05 34.71 2 
0.17819 -3.34911e-07 -1 0.5075 0.0827497 0.00513991 0.271527 663742 4 3295.53 1.15215 7.31313 2 1 12.4255 0.718056 17.3043 4 2 0.0450432 4.17875e-05 32.8316 2 
0.183339 -1.34972e-06 -1 0.507927 0.084838 0.00514929 0.284005 649003 4 3243.82 0.431492 9.31153 2 1 35.8374 1.28291 27.9345 4 2 0.0472311 4.73995e-05 31.5666 2 
0.188489 -1.89237e-06 -1 0.508364 0.086951 0.00514929 0.292583 643975 4 2594.52 3.72828 5.13614 2 1 69.1116 1.98774 34.7688 4 2 0.0493776 4.55885e-05 32.9107 2 
0.193647 -3.10014e-06 -1 0.508814 0.0889867 0.00515874 0.300139 641409 3 2891.64 3.56284 9.32788 2 1 41.9981 2.18048 19.261 4 2 0.0518326 4.59658e-05 33.5803 2 
0.198806 -5.08743e-06 -1 0.509274 0.0910658 0.00515874 0.308517 637268 4 3174.49 3.23598 5.59651 2 1 36.6052 1.00568 36.3984 4 2 0.0541367 4.82824e-05 33.4851 2 
0.203974 -7.38091e-06 -1 0.509745 0.0930286 0.00516825 0.316926 633283 4 3225.71 0.952762 7.62799 2 1 31.0741 1.21634 25.5471 4 2 0.0568218 5.20766e-05 33.0321 2 
0.209143 -9.11782e-06 -1 0.510226 0.0950861 0.00516825 0.325257 629656 4 3129 0.730327 8.09044 2 1 70.2989 3.0262 23.2301 4 2 0.0553926 5.51905e-05 31.6806 2 
0.21432 -9.58632e-06 -1 0.510719 0.0971434 0.00517784 0.331957 629286 2 85.176 1.40105 7.79709 2 1 32.5311 1.97846 16.4427 4 2 0.0564897 5.85193e-05 31.0695 2 
0.219498 -9.29622e-06 -1 0.511223 0.0991786 0.00517784 0.340379 625750 4 3030.21 3.0455 5.61634 2 1 33.4468 1.16354 28.7457 4 2 0.0573627 6.10182e-05 30.6609 2 
0.224686 -9.20725e-06 -1 0.511737 0.101142 0.0051875 0.347082 625466 2 161.746 2.16518 8.64311 2 1 94.6263 2.22663 42.4976 4 2 0.0591653 6.28896e-05 30.6721 2 
0.229873 -9.02688e-06 -1 0.512262 0.103109 0.0051875 0.353737 625278 2 168.77 1.77257 9.75765 2 1 71.0888 2.03488 34.9351 4 2 0.0606348 6.12818e-05 31.4554 2 
0.235061 -9.01311e-06 -1 0.512797 0.105068 0.0051875 0.361296 623533 3 3053.81 3.17077 9.8755 2 1 60.7116 1.31699 46.0988 4 2 0.0625875 5.99654e-05 32.3068 2 
0.240248 -9.03812e-06 -1 0.513341 0.106963 0.0051875 0.36969 620455 4 3017.02 0.965416 7.4768 2 1 65.4818 2.09106 31.3151 4 2 0.0634557 5.77621e-05 33.1447 2 
0.245446 -8.64576e-06 -1 0.513897 0.108871 0.00519727 0.378101 617486 4 2939.59 0.723813 7.98298 2 1 105.886 2.55753 41.4016 4 2 0.0628586 5.6947e-05 33.2236 2 
0.250643 -8.41734e-06 -1 0.514461 0.110774 0.00519727 0.38646 614729 4 2977.78 1.36005 6.84044 2 1 104.796 1.28443 81.59 4 2 0.0625354 5.58941e-05 33.4488 2 
0.25584 -9.33368e-06 -1 0.515034 0.112637 0.00519727 0.393177 614644 2 171.371 2.14033 8.94804 2 1 76.5854 1.82435 41.9796 4 2 0.0630353 5.94132e-05 32.5724 2 
0.261037 -1.08141e-05 -1 0.515616 0.114492 0.00519727 0.402588 610450 4 3102.31 0.710171 8.12981 2 1 118.263 3.47705 34.0124 4 3 0.0621091 9.34767e-06 18.7997 2 
0.266235 -1.16428e-05 -1 0.516208 0.116346 0.00519727 0.412606 605556 4 3349.08 1.54863 6.81938 2 1 64.9498 2.26842 28.6322 4 3 0.0583185 2.10839e-05 14.0373 2 
0.271432 -1.09663e-05 -1 0.516811 0.118196 0.00519727 0.42139 602653 3 3392.22 3.40454 9.98792 2 1 105.623 2.21814 47.618 4 3 0.0549758 3.12112e-05 12.0768 2 
0.276639 -1.25761e-05 -1 0.517426 0.120037 0.00520719 0.429019 601484 2 122.267 2.86232 6.53575 2 1 74.8374 2.30891 32.4124 4 3 0.0498339 4.16609e-05 10.6153 2 
0.281846 -1.3769e-05 -1 0.51805 0.121823 0.00520719 0.437336 599411 3 559.311 0.746159 9.08393 2 1 58.1082 2.0514 28.3261 4 3 0.0507248 3.15958e-05 11.7093 2 
0.287053 -1.36332e-05 -1 0.518685 0.123643 0.00520719 0.446566 596194 4 3167.83 2.76508 5.81787 2 1 219.104 2.65397 82.5572 4 3 0.0470421 1.89309e-05 13.5448 2 
0.292261 -1.47823e-05 -1 0.519328 0.125372 0.00520719 0.454829 594368 3 2925.87 2.69761 10.2745 2 1 131.127 5.23287 25.0583 4 3 0.0583684 2.01053e-05 14.2656 2 
0.297468 -1.5558e-05 -1 0.519982 0.127078 0.00520719 0.46307 592636 3 184.18 0.564985 6.88232 2 1 72.7329 4.11311 17.6832 4 3 0.0657388 1.95134e-05 14.991 2 
0.302675 -1.5863e-05 -1 0.520645 0.128799 0.00520719 0.471304 590973 3 512.427 1.45252 7.06594 2 1 60.5365 4.00985 15.097 4 3 0.0595729 1.64386e-05 15.3601 2 
0.307882 -1.62976e-05 -1 0.521316 0.130498 0.00520719 0.484387 583467 4 3205.82 0.577045 8.63341 2 1 209.987 13.3507 15.7286 4 3 0.0537145 1.46689e-05 15.4134 2 
0.313089 -1.70661e-05 -1 0.521997 0.132172 0.00520719 0.493535 580952 4 2858.45 0.79979 7.73195 2 1 113.846 5.95762 19.1093 4 3 0.0556968 1.75402e-05 14.6982 2 
0.318297 -1.73588e-05 -1 0.522687 0.133802 0.00520719 0.502584 578642 4 4531.08 0.855744 8.53031 2 1 76.0245 3.6601 20.7711 4 3 0.0739531 2.17216e-05 15.0437 2 
0.323504 -1.69124e-05 -1 0.523386 0.135471 0.00520719 0.511654 576390 4 4380.58 1.24032 7.70903 2 1 183.455 4.89002 37.5162 4 3 0.0740538 1.95819e-05 15.5799 2 
0.328711 -1.67365e-05 -1 0.524093 0.137036 0.00520719 0.520642 574306 4 2545.4 1.47254 6.44796 2 1 128.501 5.49502 23.3851 4 3 0.0688885 1.56523e-05 16.3879 2 
0.333918 -1.72392e-05 -1 0.524808 0.138697 0.00520719 0.529669 572252 4 3678.21 3.13309 5.8535 2 1 228.4 4.67451 48.8607 4 3 0.0596225 9.14393e-06 18.6821 2 
0.339125 -1.50608e-05 -1 0.525531 0.140216 0.00520719 0.538697 570265 4 3083.49 1.96846 6.29113 2 1 90.1057 3.28982 27.3892 4 3 0.0597541 8.88059e-06 18.8788 2 
0.344333 -1.57156e-05 -1 0.526262 0.141845 0.00520719 0.548015 568043 4 3822 1.25081 7.43489 2 1 183.855 3.35224 54.8455 4 3 0.0652377 1.12668e-05 17.957 2 
0.34955 -1.6936e-05 -1 0.527003 0.143399 0.00521742 0.556265 566982 3 758.243 1.36718 8.21601 2 1 163.821 4.26282 38.4303 4 3 0.0854625 1.36429e-05 18.4342 2 
0.354767 -1.729e-05 -1 0.527752 0.144909 0.00521742 0.565377 565088 4 2962.37 1.08206 7.23347 2 1 204.145 5.5811 36.5779 4 3 0.0794714 1.45739e-05 17.6013 2 
0.359985 -1.77695e-05 -1 0.528508 0.146441 0.00521742 0.573678 564052 3 2733.69 2.30145 10.5905 2 1 216.069 2.95218 73.1896 4 3 0.0754776 1.37083e-05 17.6581 2 
0.365202 -1.80134e-05 -1 0.529269 0.147988 0.00521742 0.581997 563027 3 332.73 0.806965 7.44296 2 1 303.627 7.0684 42.9555 4 3 0.0688066 9.30217e-06 19.4842 2 
0.37042 -1.8001e-05 -1 0.530038 0.14949 0.00521742 0.590392 561959 3 253.502 0.911746 6.52684 2 1 187.609 6.28148 29.8671 4 3 0.0711088 7.496e-06 21.1689 2 
0.375637 -1.79863e-05 -1 0.530815 0.150941 0.00521742 0.599837 559939 4 3776.48 1.64707 6.9198 2 1 97.0093 4.47058 21.6995 4 3 0.0735625 7.71388e-06 21.2061 2 
0.380855 -1.92844e-05 -1 0.531599 0.152421 0.00521742 0.6093 557965 4 3303.37 1.05856 7.47412 2 1 88.1984 3.51494 25.0924 4 3 0.0709894 7.85516e-06 20.8295 2 
0.386072 -1.85072e-05 -1 0.532391 0.153816 0.00521742 0.617019 557623 2 444.859 3.05771 12.0618 2 1 79.5222 3.87572 20.5181 4 3 0.0938264 8.35718e-06 22.3918 2 
0.391289 -1.8955e-05 -1 0.533192 0.155233 0.00521742 0.625583 556537 3 2897.89 2.31094 10.7836 2 1 187.945 5.8733 31.9999 4 3 0.09084 8.01842e-06 22.4593 2 
0.396507 -2.0832e-05 -1 0.534002 0.156625 0.00521742 0.633313 556212 2 297.694 3.49479 9.22943 2 1 213.967 10.143 21.095 4 3 0.0839662 7.699e-06 22.1763 2 
0.401724 -2.10611e-05 -1 0.53482 0.15801 0.00521742 0.641831 555212 3 1191.51 1.13164 10.1733 2 1 171.728 4.25127 40.3945 4 3 0.0882984 6.57384e-06 23.7709 2 
0.406942 -2.09882e-05 -1 0.535645 0.15932 0.00521742 0.652265 552610 4 2838.03 1.76106 6.33593 2 2 471.927 0.992739 21.8032 3 3 0.0740578 6.60029e-06 22.3874 2 
0.412159 -2.14968e-05 -1 0.536479 0.160689 0.00521742 0.662323 550402 4 3670.16 0.950776 7.88228 2 2 257.611 3.61043 8.447 2 3 0.100712 6.44399e-06 25.002 2 
0.417376 -2.16698e-05 -1 0.537319 0.162014 0.00521742 0.672156 548444 4 2879.97 0.948552 7.42304 2 2 293.396 2.65755 10.5072 2 3 0.102539 7.03189e-06 24.4308 2 
0.422594 -2.08942e-05 -1 0.538167 0.163284 0.00521742 0.686068 543293 4 5769.25 1.31532 8.13809 2 2 413.509 2.39117 13.1504 2 3 0.0802462 1.06351e-05 19.6138 2 
0.427811 -1.98769e-05 -1 0.539021 0.164499 0.00521742 0.695075 542146 3 3578.42 3.35212 10.2201 2 2 181.667 4.05692 6.69174 2 3 0.0856752 1.41665e-05 18.2193 2 
0.433029 -2.20549e-05 -1 0.539882 0.165819 0.00521742 0.704929 540378 4 5280.96 1.15486 8.22329 2 2 217.391 4.80469 6.72648 2 3 0.122785 1.69858e-05 19.3354 2 
0.438246 -2.25997e-05 -1 0.540748 0.167031 0.00521742 0.714805 538642 4 4503.79 2.33619 6.62624 2 2 242.054 1.96006 11.1128 2 3 0.11342 1.70158e-05 18.8197 2 
0.443464 -2.42754e-05 -1 0.541621 0.168255 0.00521742 0.724659 536970 4 3905.53 2.14599 6.5315 2 2 388.24 2.64639 12.1122 2 3 0.101324 1.97998e-05 17.2326 2 
0.448681 -2.47174e-05 -1 0.542497 0.169456 0.00521742 0.734511 535344 4 4249.59 1.21111 7.69645 2 2 410.071 3.96768 10.1663 2 3 0.0869654 1.7113e-05 17.1925 2 
0.453898 -2.52802e-05 -1 0.543379 0.170646 0.00521742 0.743499 534381 3 439.982 1.32269 6.92882 2 2 325.094 3.70274 9.37007 2 3 0.0947153 1.2272e-05 19.7622 2 
0.459116 -2.48736e-05 -1 0.544266 0.171779 0.00521742 0.753321 532851 4 2813.53 1.54488 6.53265 2 2 201.319 4.90268 6.40805 2 3 0.126 1.50038e-05 20.3262 2 
0.464333 -2.41552e-05 -1 0.545161 0.17294 0.00521742 0.763169 531342 4 3596.6 1.76624 6.71754 2 2 132.205 2.72168 6.96956 2 3 0.115884 1.71065e-05 18.9214 2 
0.469551 -2.52549e-05 -1 0.546061 0.174059 0.00521742 0.773 529884 4 3545.08 0.626128 8.67443 2 2 230.075 3.5776 8.01935 2 3 0.105844 1.92743e-05 17.6426 2 
0.474768 -2.46088e-05 -1 0.546968 0.175162 0.00521742 0.782805 528479 4 2636.74 2.76905 5.555 2 2 402.363 5.93293 8.23521 2 3 0.0861407 2.1186e-05 15.9607 2 
0.479986 -2.43163e-05 -1 0.54788 0.176185 0.00521742 0.791735 527692 3 2532.01 3.27641 9.17675 2 2 161.761 3.51977 6.77923 2 3 0.108694 2.22932e-05 16.9568 2 
0.485203 -2.58782e-05 -1 0.548798 0.177297 0.00521742 0.802429 525764 5 2714.63 1.21805 4.67314 2 2 153.93 3.91946 6.26683 2 3 0.105392 2.20483e-05 16.8452 2 
0.49042 -2.69549e-05 -1 0.549722 0.178349 0.00521742 0.811417 524988 3 2485.12 3.52374 8.90119 2 2 223.27 4.6074 6.96125 2 3 0.140291 2.04111e-05 19.0132 2 
0.495638 -2.86589e-05 -1 0.550652 0.17938 0.00521742 0.821278 523672 4 2853.22 1.09699 7.14139 2 2 384.436 6.48887 7.6971 2 3 0.129586 2.79845e-05 16.6679 2 
0.500855 -2.95385e-05 -1 0.551589 0.18039 0.00521742 0.830309 522909 3 3629.29 2.49431 11.3316 2 2 313.445 5.90869 7.28342 2 3 0.115069 5.10809e-05 13.1089 2 
0.506073 -3.00792e-05 -1 0.552532 0.18141 0.00521742 0.83929 522194 3 2357.77 2.96125 9.26848 2 2 305.157 4.58958 8.15408 2 3 0.12404 5.69271e-05 12.9642 2 
0.51129 -3.08332e-05 -1 0.55348 0.182372 0.00521742 0.849099 520985 4 3427.39 1.74617 6.65609 2 2 710.894 6.52027 10.4417 2 3 0.104981 3.07682e-05 15.0546 2 
0.516507 -3.08514e-05 -1 0.554432 0.183323 0.00521742 0.85892 519797 4 6614.66 2.0628 7.5251 2 2 465.032 4.94026 9.70212 2 3 0.14693 3.79074e-05 15.7083 2 
0.521725 -2.96164e-05 -1 0.555387 0.18428 0.00521742 0.867875 519153 3 1392.39 3.48275 7.36681 2 2 460.754 4.72066 9.87946 2 3 0.128077 2.8077e-05 16.5847 2 
0.526942 -2.92674e-05 -1 0.556347 0.185159 0.00521742 0.881617 515707 4 5942.63 2.23373 7.18186 2 2 557.153 8.31538 8.18551 2 3 0.122326 2.41271e-05 17.1793 2 
0.53216 -2.78431e-05 -1 0.557311 0.186022 0.00521742 0.891114 514807 4 2606.8 0.703666 7.80163 2 2 428.162 6.46443 8.1384 2 3 0.14099 3.24054e-05 16.3251 2 
0.537377 -2.83233e-05 -1 0.558281 0.186843 0.00521742 0.899754 514416 3 531.526 2.18404 6.2434 2 2 210.469 5.37127 6.25973 2 3 0.154348 3.0489e-05 17.1706 2 
0.542595 -2.90923e-05 -1 0.559256 0.1877 0.00521742 0.909212 513570 4 4426.74 0.966142 8.22737 2 2 194.036 3.09086 7.92321 2 3 0.134404 2.52383e-05 17.463 2 
0.547812 -3.04479e-05 -1 0.560236 0.188534 0.00521742 0.918649 512753 4 3752.58 1.04762 7.73628 2 2 546.705 4.67411 10.815 2 3 0.123694 2.44603e-05 17.1644 2 
0.553029 -2.90163e-05 -1 0.56122 0.189355 0.00521742 0.928094 511948 4 3305.07 1.92091 6.44049 2 2 512.061 4.64426 10.5003 2 3 0.129905 2.29754e-05 17.8151 2 
0.558247 -2.97452e-05 -1 0.562209 0.190145 0.00521742 0.936774 511577 3 739.096 2.05014 7.11714 2 2 326.129 4.709 8.32205 2 3 0.165947 2.13165e-05 19.8191 2 
0.563464 -3.0573e-05 -1 0.563202 0.190959 0.00521742 0.945441 511220 3 3013.7 1.94701 11.5676 2 2 328.088 7.22656 6.73798 2 3 0.147822 2.07164e-05 19.252 2 
0.568682 -3.04104e-05 -1 0.5642 0.191761 0.00521742 0.954079 510884 3 1486.96 2.6583 8.23946 2 2 480.462 6.55957 8.55838 2 3 0.130661 2.04141e-05 18.5669 2 
0.573899 -3.06934e-05 -1 0.5652 0.192557 0.00521742 0.962899 510459 3 1830.94 3.47101 8.0799 2 2 554.477 10.6074 7.22997 2 3 0.148188 1.52979e-05 21.317 2 
0.579117 -3.17577e-05 -1 0.566204 0.193186 0.00521742 0.972582 509588 4 4045.05 1.77381 6.91042 2 2 494.01 6.52333 8.70228 2 3 0.132623 1.41067e-05 21.1056 2 
0.584334 -2.9506e-05 -1 0.567207 0.193952 0.00521742 0.981463 509150 3 3434.09 1.90067 12.1797 2 2 279.91 3.79983 8.58277 2 3 0.164561 1.47181e-05 22.361 2 
0.589551 -2.98394e-05 -1 0.568213 0.194662 0.00521742 0.990333 508726 3 762.868 3.58716 5.96897 2 2 216.372 3.09894 8.3559 2 3 0.169346 1.22924e-05 23.9725 2 
0.594769 -2.97612e-05 -1 0.569224 0.195347 0.00521742 1.00004 507883 4 3248.38 1.12787 7.32575 2 2 364.189 3.35387 10.4205 2 3 0.148021 1.11028e-05 23.7117 2 
0.599986 -2.95201e-05 -1 0.570242 0.19601 0.00521742 1.00971 507078 4 8084.85 1.72929 8.26896 2 2 755.756 10.8559 8.3437 2 3 0.140369 1.41415e-05 21.4911 2 
0.605204 -2.73091e-05 -1 0.571264 0.196647 0.00521742 1.01939 506281 4 2750.18 2.01828 6.07567 2 2 499.097 5.27049 9.73121 2 3 0.153413 2.08545e-05 19.4486 2 
0.610421 -2.5121e-05 -1 0.572291 0.197289 0.00521742 1.02923 505420 4 6716.09 2.9689 6.89652 2 2 776.077 10.0115 8.80448 2 3 0.154855 2.43225e-05 18.5342 2 
0.615638 -2.95142e-05 -1 0.573322 0.197774 0.00521742 1.03902 504597 4 3121.56 1.242 7.08048 2 2 478.534 8.7301 7.40367 2 3 0.16196 3.00088e-05 17.5409 2 
0.620856 -3.0583e-05 -1 0.574356 0.198361 0.00521742 1.04971 503364 5 3752.15 1.1528 5.04087 2 2 784.363 7.06953 10.5333 2 3 0.17551 3.0785e-05 17.8644 2 
0.626073 -2.94002e-05 -1 0.575394 0.198931 0.00521742 1.05869 502960 3 1107.31 2.64821 7.47778 2 2 309.058 8.81576 5.92093 2 3 0.169735 2.97921e-05 17.8604 2 
0.631291 -2.90683e-05 -1 0.576435 0.199484 0.00521742 1.06849 502183 4 4824.69 1.56641 7.44973 2 2 484.558 4.24323 10.6862 2 3 0.193779 2.21537e-05 20.6041 2 
0.636508 -3.0299e-05 -1 0.577478 0.200091 0.00521742 1.08323 499132 5 4010.99 1.18295 5.08227 2 2 468.847 6.18335 8.7077 2 3 0.164434 1.90993e-05 20.4955 2 
0.641726 -3.1124e-05 -1 0.578522 0.200627 0.00521742 1.09469 497644 5 3837.15 1.03766 5.1712 2 3 723.131 1.13957 8.59327 2 3 0.156271 1.53753e-05 21.6613 2 
0.646943 -3.21193e-05 -1 0.579564 0.201141 0.00521742 1.1037 497295 3 2394.36 2.78568 9.50794 2 2 490.161 8.78997 7.46751 2 3 0.170644 1.67904e-05 21.6609 2 
0.65216 -3.40371e-05 -1 0.58061 0.201638 0.00521742 1.11352 496588 4 3463.98 3.42512 5.6393 2 2 498.423 8.77021 7.53866 2 3 0.196535 1.88561e-05 21.8439 2 
0.657378 -3.49438e-05 -1 0.581659 0.20216 0.00521742 1.12335 495889 4 3979.81 1.99046 6.68693 2 2 368.865 5.42532 8.24558 2 3 0.171062 2.16095e-05 19.9298 2 
0.662595 -3.73533e-05 -1 0.582711 0.202601 0.00521742 1.13231 495582 3 1047.02 2.72326 7.27146 2 2 702.529 7.39674 9.74567 2 3 0.180487 2.35363e-05 19.7198 2 
0.667813 -3.77636e-05 -1 0.583767 0.203047 0.00521742 1.14212 494911 4 2451.03 0.830274 7.37109 2 2 381.068 6.01755 7.95778 2 3 0.168318 2.15828e-05 19.8308 2 
0.67303 -3.80644e-05 -1 0.584826 0.203499 0.00521742 1.15191 494262 4 2515.57 2.04856 5.91967 2 2 281.179 5.30203 7.28233 2 3 0.186329 1.88788e-05 21.4504 2 
0.678248 -3.88396e-05 -1 0.585887 0.203905 0.00521742 1.16171 493617 4 2525.77 1.47499 6.43282 2 2 524.961 6.60837 8.91284 2 3 0.216356 1.70549e-05 23.3224 2 
0.683465 -3.77812e-05 -1 0.58695 0.204322 0.00521742 1.17159 492951 4 8555.66 1.05565 9.48818 2 2 470.671 6.06282 8.81093 2 3 0.186521 2.58281e-05 19.3291 2 
0.688682 -3.61251e-05 -1 0.588016 0.204751 0.00521742 1.18162 492234 4 7540.44 1.86841 7.97041 2 2 663.312 8.28027 8.95028 2 3 0.164777 6.95716e-05 13.3297 2 
0.6939 -3.61084e-05 -1 0.589086 0.205048 0.00521742 1.19297 490985 4 7190.35 1.40069 8.46451 2 3 1001.63 2.88577 7.02774 2 3 0.173007 8.11907e-05 12.8682 2 
0.699117 -3.80997e-05 -1 0.590155 0.205504 0.00521742 1.20301 490289 4 1071.04 1.73791 4.98247 2 2 1237.61 11.0473 10.5843 2 3 0.183826 4.10675e-05 16.4805 2 
0.704335 -3.94778e-05 -1 0.591223 0.205865 0.00521742 1.21327 489518 4 5308.76 1.56278 7.63438 2 2 457.012 11.3717 6.33945 2 3 0.219692 5.39388e-05 15.97 2 
0.709552 -4.02618e-05 -1 0.592295 0.206194 0.00521742 1.22324 488879 4 2068.78 1.77719 5.84111 2 2 402.143 7.42149 7.36113 2 3 0.222725 3.86338e-05 17.9308 2 
0.714769 -3.92582e-05 -1 0.593369 0.206529 0.00521742 1.23316 488270 4 4189.44 3.35373 5.94507 2 2 868.744 11.7685 8.59181 2 3 0.198123 4.32512e-05 16.6078 2 
0.719987 -3.89995e-05 -1 0.594447 0.20685 0.00521742 1.24319 487623 4 4405.39 3.46945 5.9694 2 2 458.921 9.21893 7.05551 2 3 0.227601 4.91433e-05 16.6688 2 
0.725204 -4.04645e-05 -1 0.595527 0.207071 0.00521742 1.25437 486542 5 1797.14 1.95902 3.91299 2 2 554.133 8.42726 8.10893 2 3 0.192051 3.34774e-05 17.9015 2 
0.730422 -3.95584e-05 -1 0.596609 0.207392 0.00521742 1.26519 485619 4 4017.13 2.57778 6.28301 2 2 848.92 11.5765 8.56337 2 3 0.168571 2.9224e-05 17.9342 2 
0.735639 -3.88271e-05 -1 0.597693 0.20766 0.00521742 1.27518 485025 4 3859.39 1.4603 7.17 2 2 555.55 8.80934 7.94127 2 3 0.197547 3.95041e-05 17.1005 2 
0.740857 -3.66219e-05 -1 0.598778 0.207955 0.00521742 1.28533 484382 4 4199.33 0.996157 8.05774 2 2 481.983 9.34921 7.18006 2 3 0.233824 4.18547e-05 17.7439 2 
0.746074 -3.75118e-05 -1 0.599865 0.20822 0.00521742 1.29575 483647 4 2713.25 1.03447 7.15637 2 2 422.421 7.84716 7.33697 2 3 0.200139 4.46251e-05 16.4911 2 
0.751291 -3.81434e-05 -1 0.600951 0.208459 0.00521742 1.30655 482784 4 1806.91 0.725808 7.06364 2 3 854.122 1.77934 7.82985 2 3 0.218133 4.46092e-05 16.9733 2 
0.756509 -3.85064e-05 -1 0.602033 0.208692 0.00521742 1.31601 482429 4 2122.34 1.12934 6.58412 2 2 587.142 8.74321 8.19476 2 3 0.21448 4.1972e-05 17.2243 2 
0.761726 -3.90942e-05 -1 0.603115 0.20882 0.00521742 1.32549 482068 4 9707.17 3.12821 7.46361 2 2 291.897 6.28445 6.81525 2 3 0.228846 3.44158e-05 18.8045 2 
0.766944 -4.28996e-05 -1 0.604199 0.209062 0.00521742 1.33497 481713 4 4428.25 0.975311 8.20866 2 2 484.07 7.46345 8.05349 2 3 0.247299 4.1488e-05 18.1315 2 
0.772161 -4.45826e-05 -1 0.605286 0.209279 0.00521742 1.34442 481373 4 2205.93 1.40491 6.29486 2 2 657.9 12.5825 7.23098 2 3 0.299003 7.4007e-05 15.927 2 
0.777379 -4.42367e-05 -1 0.606376 0.209499 0.00521742 1.35484 480693 4 7475.61 1.43706 8.49264 2 2 543.945 12.6124 6.56718 2 4 0.307365 6.83294e-06 14.5634 2 
0.782596 -4.46879e-05 -1 0.607471 0.209642 0.00521742 1.36531 480008 4 3619.13 1.76291 6.73121 2 2 1170.69 11.2444 10.2036 2 4 0.346155 9.29343e-06 13.8923 2 
0.787813 -4.35594e-05 -1 0.608567 0.209756 0.00521742 1.37653 479073 4 1579.64 1.1035 6.151 2 3 1461.96 2.44459 8.42514 2 4 0.317239 9.69426e-06 13.4499 2 
0.793031 -4.14929e-05 -1 0.609664 0.209853 0.00521742 1.38612 478711 3 1877.4 3.51419 8.11417 2 2 734.251 12.6602 7.61556 2 4 0.286629 8.08338e-06 13.7225 2 
0.798248 -4.13048e-05 -1 0.610762 0.209962 0.00521742 1.39556 478407 4 4583.87 1.40261 7.5609 2 2 633.985 8.70354 8.53477 2 3 0.256732 8.84412e-05 14.2651 2 
0.803466 -4.11892e-05 -1 0.61186 0.210058 0.00521742 1.40454 478268 3 4007.75 2.37423 11.9067 2 2 1015.16 7.74386 11.4495 2 3 0.254922 9.12271e-05 14.0851 2 
0.808683 -4.36659e-05 -1 0.612953 0.210156 0.00521742 1.4144 477826 4 2515.18 0.841367 7.39428 2 2 452.46 8.43925 7.32214 2 3 0.258555 9.45644e-05 13.9833 2 
0.8139 -4.47758e-05 -1 0.614044 0.210191 0.00521742 1.42425 477400 4 2140.4 1.00814 6.78802 2 2 825.615 13.1186 7.93313 2 3 0.252366 8.97155e-05 14.1163 2 
0.819118 -4.6358e-05 -1 0.615138 0.210231 0.00521742 1.43489 476715 4 2771.72 1.01729 7.22481 2 3 982.54 2.7944 7.05809 2 3 0.234247 6.25349e-05 15.5304 2 
0.824335 -4.78772e-05 -1 0.616233 0.210294 0.00521742 1.4447 476311 4 4307.76 0.95641 8.19222 2 2 867.552 11.125 8.83077 2 3 0.244511 4.76424e-05 17.2492 2 
0.829553 -4.97248e-05 -1 0.61733 0.210326 0.00521742 1.45452 475911 4 3003.93 0.591651 8.44124 2 2 573.403 11.7106 6.99747 2 3 0.252044 4.66066e-05 17.5527 2 
0.83477 -5.06252e-05 -1 0.618429 0.210302 0.00521742 1.46433 475522 4 1997.78 0.662167 7.41131 2 2 401.75 7.49364 7.32203 2 3 0.251217 4.96688e-05 17.1654 2 
0.839988 -5.06345e-05 -1 0.619528 0.210187 0.00521742 1.47415 475133 4 10396.5 2.04282 8.44626 2 2 1025.39 10.3956 9.93159 2 3 0.26657 7.07922e-05 15.5576 2 
0.845205 -4.76498e-05 -1 0.620626 0.210262 0.00521742 1.48623 474028 4 2637.83 0.540234 8.35923 2 2 540.111 7.61881 8.41972 2 3 0.248246 7.07663e-05 15.1944 2 
0.850422 -4.79998e-05 -1 0.621724 0.210235 0.00521742 1.49608 473645 4 7672.96 1.73158 8.15887 2 2 507.097 8.99778 7.50719 2 3 0.290652 6.5437e-05 16.438 2 
0.85564 -5.11231e-05 -1 0.622821 0.210214 0.00521742 1.50595 473259 4 6748.93 0.843212 9.45855 2 2 816.639 9.6079 9.21936 2 3 0.242672 5.69899e-05 16.2084 2 
0.860857 -5.16627e-05 -1 0.623913 0.210257 0.00521742 1.51579 472888 4 2291.05 0.841278 7.22394 2 2 798.91 10.7106 8.6366 2 3 0.215707 6.43445e-05 14.9664 2 
0.866075 -5.25559e-05 -1 0.625002 0.210262 0.00521742 1.52644 472272 4 3909.38 1.65823 6.96813 2 3 926.385 1.96209 7.78678 2 3 0.240576 8.0256e-05 14.4187 2 
0.871292 -5.22312e-05 -1 0.626094 0.210255 0.00521742 1.53816 471336 4 4226.41 1.44218 7.35762 2 3 1268.95 3.60374 7.0615 2 4 0.265116 9.04367e-06 13.085 2 
0.87651 -4.94042e-05 -1 0.627189 0.210217 0.00521742 1.54902 470676 3 5221.73 3.58482 11.3357 2 3 1730.7 2.74115 8.57886 2 4 0.280306 8.94332e-06 13.3056 2 
0.881727 -4.69798e-05 -1 0.628285 0.210234 0.00521742 1.55985 470035 4 3409.84 2.15492 6.30704 2 2 599.697 8.41079 8.44398 2 4 0.290508 8.60508e-06 13.555 2 
0.886944 -4.6287e-05 -1 0.629384 0.210143 0.00521742 1.56968 469700 3 1186.28 3.57996 6.91996 2 3 1440.49 3.93549 7.15325 2 3 0.254009 9.70935e-05 13.7791 2 
0.892162 -4.54598e-05 -1 0.630484 0.209987 0.00521742 1.58198 468639 3 1832.04 3.12366 8.37061 2 3 477.722 2.08647 6.11769 2 3 0.282875 7.91184e-05 15.2911 2 
0.897379 -4.37416e-05 -1 0.631584 0.209888 0.00521742 1.59264 468073 4 2928.45 1.03738 7.28912 2 3 979.285 3.95925 6.27719 2 3 0.272579 6.243e-05 16.3443 2 
0.902597 -4.13482e-05 -1 0.632684 0.209832 0.00521742 1.60331 467512 4 2319.38 1.38998 6.39132 2 3 1274.62 1.92538 8.71541 2 3 0.228861 5.71055e-05 15.8842 2 
0.907814 -4.13539e-05 -1 0.633782 0.209761 0.00521742 1.61337 467136 4 5195.51 1.30904 7.93722 2 2 706.01 9.1541 8.78209 2 3 0.24734 5.947e-05 16.0817 2 
0.913031 -4.06076e-05 -1 0.634877 0.209651 0.00521742 1.6243 466515 5 11897.6 1.22394 6.27393 2 2 714.875 11.8715 7.76002 2 3 0.306766 6.57248e-05 16.7119 2 
0.918249 -4.30428e-05 -1 0.635963 0.209478 0.00521742 1.63418 466199 4 10915.6 1.81173 8.81025 2 2 508.419 11.9072 6.53442 2 3 0.288905 7.62057e-05 15.5927 2 
0.923466 -4.14453e-05 -1 0.63705 0.209296 0.00521742 1.64503 465616 4 9521.8 1.33931 9.18246 2 3 1161.24 2.17513 8.11234 2 3 0.277027 8.09847e-05 15.0675 2 
0.928684 -4.01673e-05 -1 0.638138 0.209273 0.00521742 1.65366 465662 3 2387.86 3.31063 8.96808 2 2 457.647 11.396 6.33708 2 3 0.282834 8.38373e-05 14.9979 2 
0.933901 -3.81405e-05 -1 0.639227 0.209053 0.00521742 1.66316 465467 4 4484.57 1.07321 8.04006 2 2 513.868 11.1958 6.77481 2 3 0.301609 8.26381e-05 15.3965 2 
0.939119 -3.73292e-05 -1 0.640317 0.209019 0.00521742 1.67345 465050 4 6637.08 2.19436 7.41596 2 3 899.462 1.99095 7.67315 2 3 0.290689 5.39377e-05 17.5326 2 
0.944336 -4.16803e-05 -1 0.641407 0.208844 0.00521742 1.68694 463760 4 1875.63 1.84048 5.65007 2 2 633.196 12.4064 7.14408 2 3 0.246781 4.70968e-05 17.3689 2 
0.949553 -4.095e-05 -1 0.642497 0.208797 0.00521742 1.69641 463585 4 4884.09 2.29927 6.78889 2 2 801.341 13.9742 7.57259 2 3 0.235331 5.03137e-05 16.7236 2 
0.954771 -3.80135e-05 -1 0.64359 0.208671 0.00521742 1.70666 463202 4 4824.15 0.913159 8.52548 2 3 596.562 1.56183 7.25561 2 3 0.255657 5.51591e-05 16.673 2 
0.959988 -3.74717e-05 -1 0.644683 0.208557 0.00521742 1.71617 463021 4 4009.79 1.30799 7.44097 2 2 477.424 13.7212 5.89869 2 3 0.286216 6.68973e-05 16.2341 2 
0.965206 -3.77212e-05 -1 0.645774 0.208414 0.00521742 1.72643 462641 4 2328.27 0.57844 7.96515 2 3 1537.99 2.77399 8.21517 2 3 0.313673 7.74251e-05 15.9416 2 
0.970423 -3.76819e-05 -1 0.646856 0.208271 0.00521742 1.73671 462262 4 3200.25 1.01415 7.49497 2 3 668.78 3.32181 5.86097 2 3 0.298393 7.84646e-05 15.6089 2 
0.975641 -3.78213e-05 -1 0.647936 0.208136 0.00521742 1.74711 461856 4 3985.15 1.11052 7.7398 2 3 1366.33 2.79617 7.87645 2 3 0.286278 7.96478e-05 15.3181 2 
0.980858 -3.9471e-05 -1 0.649018 0.207975 0.00521742 1.75725 461522 4 2245 0.690433 7.55134 2 2 774.266 10.5749 8.55672 2 3 0.327951 8.01514e-05 15.9943 2 
0.986075 -4.08203e-05 -1 0.650101 0.207852 0.00521742 1.76786 461069 3 3702.97 3.48235 10.2069 2 3 909.315 3.2047 6.57117 2 3 0.27896 5.4604e-05 17.2229 2 
0.991293 -4.07351e-05 -1 0.651185 0.207717 0.00521742 1.77895 460496 5 12881.7 1.24339 6.35438 2 3 1226.79 3.86846 6.81937 2 3 0.300566 4.94911e-05 18.2447 2 
0.99651 -4.07881e-05 -1 0.652271 0.207547 0.00521742 1.78841 460350 4 11672.5 3.20993 7.76546 2 2 474.937 14.492 5.72472 2 3 0.296563 5.01396e-05 18.0847 2 
1.00173 -4.13054e-05 -1 0.653357 0.207358 0.00521742 1.7979 460200 4 9741.28 1.20487 9.48241 2 2 805.295 11.7179 8.28995 2 3 0.304906 7.78803e-05 15.7608 2 
1.00695 -4.09435e-05 -1 0.654443 0.207185 0.00521742 1.80912 459609 4 4009.65 2.67092 6.2246 2 3 858.607 3.21355 6.44075 2 4 0.308062 4.60976e-06 16.0783 2 
1.01216 -4.11542e-05 -1 0.655529 0.206995 0.00521742 1.81954 459228 4 2721.1 0.65125 8.03988 2 2 1286.94 11.0277 10.8028 2 4 0.305645 5.44047e-06 15.3956 2 
1.01738 -4.26237e-05 -1 0.656612 0.206799 0.00521742 1.83006 458826 4 7404.42 2.0638 7.73937 2 2 730.916 9.01678 9.00343 2 4 0.320924 5.45384e-06 15.5749 2 
1.0226 -4.38659e-05 -1 0.657691 0.206622 0.00521742 1.83951 458695 4 2268.91 1.28301 6.4848 2 2 995.922 12.2557 9.01453 2 3 0.332024 8.10878e-05 15.9982 2 
1.02781 -4.49946e-05 -1 0.658757 0.206495 0.00521742 1.84818 458762 3 2184.62 2.6383 9.3904 2 2 683.145 8.99796 8.71333 2 3 0.306523 8.04227e-05 15.6205 2 
1.03303 -4.42703e-05 -1 0.659824 0.206314 0.00521742 1.85767 458622 3 5291.38 3.274 11.7354 2 3 814.152 2.26684 7.10823 2 3 0.296708 8.05545e-05 15.4435 2 
1.03825 -3.99552e-05 -1 0.660893 0.206071 0.00521742 1.86792 458299 4 4219.88 2.70001 6.28758 2 3 1306.88 2.99793 7.58237 2 3 0.281012 7.80344e-05 15.3278 2 
1.04347 -4.06126e-05 -1 0.661966 0.205948 0.00521742 1.87859 457875 3 1952.13 2.21127 9.59303 2 3 1134 2.52605 7.65696 2 4 0.302869 1.76231e-05 11.4497 2 
1.04868 -4.22377e-05 -1 0.663041 0.205771 0.00521742 1.88931 457444 4 3230.27 0.777969 8.02729 2 3 768.26 1.9667 7.3101 2 3 0.337208 9.89026e-05 15.0509 2 
1.0539 -4.29722e-05 -1 0.664118 0.205595 0.00521742 1.90002 457023 4 5401.24 2.1193 7.10519 2 3 1298.08 1.84791 8.88942 2 3 0.319403 9.09169e-05 15.2019 2 
1.05912 -4.50833e-05 -1 0.665195 0.205437 0.00521742 1.91072 456608 4 5008.68 1.08457 8.2436 2 3 1590.88 3.25728 7.87519 2 3 0.309504 6.3766e-05 16.9314 2 
1.06434 -4.65034e-05 -1 0.666273 0.205212 0.00521742 1.92141 456199 4 3130.07 0.761832 8.00615 2 3 1008.83 3.44335 6.64169 2 3 0.304844 8.63578e-05 15.2262 2 
1.06955 -4.66859e-05 -1 0.667351 0.204998 0.00521742 1.93207 455801 5 12665.1 1.25981 6.31627 2 2 1088.32 10.5498 10.1568 2 3 0.330234 7.49445e-05 16.3943 2 
1.07477 -4.82331e-05 -1 0.668427 0.204744 0.00521742 1.94275 455403 4 11065.2 3.17117 7.68573 2 3 1567.41 1.98722 9.23944 2 3 0.387958 7.77396e-05 17.0889 2 
1.07999 -4.55056e-05 -1 0.669498 0.204616 0.00521742 1.95347 455002 5 10368.7 1.68731 5.72409 2 2 612.082 10.8993 7.49386 2 3 0.462122 7.93834e-05 17.9891 2 
1.08521 -4.06101e-05 -1 0.670556 0.204366 0.00521742 1.96328 454814 4 2873.88 2.22215 5.99686 2 2 531.94 11.415 6.82642 2 3 0.483279 6.91759e-05 19.1168 2 
1.09042 -3.86734e-05 -1 0.671615 0.204098 0.00521742 1.97308 454632 4 7833.49 1.01378 9.37569 2 2 773.383 10.5821 8.54893 2 3 0.556339 6.53902e-05 20.4147 2 
1.09564 -3.7923e-05 -1 0.672675 0.20376 0.00521742 1.98378 454245 4 2054.84 0.828494 7.05703 2 3 1105.69 2.25465 7.8859 2 3 0.580953 7.01384e-05 20.2331 2 
1.10086 -3.70407e-05 -1 0.673734 0.203383 0.00521742 1.9944 453879 4 5874.96 1.3369 8.14191 2 3 877.262 1.83662 7.81693 2 3 0.474193 7.0721e-05 18.8568 2 
1.10608 -3.66629e-05 -1 0.674794 0.203101 0.00521742 2.00505 453512 4 2296.06 1.1817 6.63924 2 3 1077.27 2.62868 7.42783 2 3 0.425697 7.66904e-05 17.706 2 
1.11129 -3.60952e-05 -1 0.675854 0.202807 0.00521742 2.01567 453154 4 4430.4 1.15875 7.86345 2 3 766.371 2.08356 7.16492 2 3 0.402601 8.16971e-05 17.0173 2 
1.11651 -3.4138e-05 -1 0.676914 0.202558 0.00521742 2.02628 452802 4 2500.31 0.865637 7.33102 2 3 888.429 3.11847 6.58002 2 3 0.404458 7.24537e-05 17.7393 2 
1.12173 -3.34686e-05 -1 0.677973 0.202248 0.00521742 2.0361 452631 4 5980.2 1.95462 7.43726 2 2 1322.79 13.024 10.0779 2 3 0.406973 6.7683e-05 18.1842 2 
1.12695 -3.60798e-05 -1 0.679034 0.202028 0.00521742 2.04679 452268 4 2482.98 0.634066 7.9106 2 3 994.562 2.75357 7.12162 2 3 0.374913 7.19376e-05 17.3377 2 
1.13216 -3.76785e-05 -1 0.680095 0.201724 0.00521742 2.05745 451915 4 5319.28 1.24298 8.08811 2 3 839.908 3.72251 6.08787 2 3 0.365578 7.54608e-05 16.9207 2 
1.13738 -3.87626e-05 -1 0.681154 0.201448 0.00521742 2.0681 451568 4 3227.36 1.7211 6.58052 2 3 2167.31 2.83204 9.14691 2 3 0.368745 7.96579e-05 16.666 2 
1.1426 -3.76863e-05 -1 0.682198 0.201153 0.00521742 2.07886 451201 4 4861.57 2.18711 6.86636 2 3 966.023 3.26198 6.66554 2 3 0.360154 9.63038e-05 15.522 2 
1.14782 -3.59725e-05 -1 0.683239 0.200853 0.00521742 2.0895 450863 5 14330.2 1.15901 6.58314 2 2 1788.1 12.9942 11.7306 2 3 0.384919 8.11664e-05 16.8008 2 
1.15303 -3.62568e-05 -1 0.684281 0.200458 0.00521742 2.10018 450522 4 5018.74 1.42164 7.70817 2 3 1021.61 2.60732 7.31752 2 3 0.403739 7.00015e-05 17.9335 2 
1.15825 -3.78269e-05 -1 0.685325 0.20008 0.00521742 2.11186 449969 4 11132.8 2.73768 7.98556 2 3 1238.63 5.26208 6.1744 2 4 0.390869 6.43107e-06 15.7014 2 
1.16347 -3.52039e-05 -1 0.686369 0.19981 0.00521742 2.12253 449636 4 9506.86 2.15242 8.15225 2 3 1496.49 3.82541 7.31362 2 3 0.355863 7.47418e-05 16.8231 2 
1.16869 -3.23464e-05 -1 0.687413 0.199542 0.00521742 2.13327 449292 4 2563.82 1.72905 6.2054 2 3 916.324 3.72208 6.2674 2 3 0.331065 6.59918e-05 17.1188 2 
1.1739 -3.15344e-05 -1 0.688456 0.199215 0.00521742 2.14308 449148 4 2550.33 2.37848 5.72235 2 2 547.939 10.047 7.38495 2 3 0.389377 4.69062e-05 20.2479 2 
1.17912 -3.03255e-05 -1 0.6895 0.198891 0.00521742 2.15289 449003 4 2854.3 1.32955 6.80688 2 2 598.72 10.7943 7.44756 2 3 0.336883 5.77146e-05 18.0052 2 
1.18434 -3.08838e-05 -1 0.690543 0.198606 0.00521742 2.16272 448857 4 5278.54 1.60366 7.57443 2 2 1360.08 14.4366 9.70619 2 3 0.369001 6.59102e-05 17.7565 2 
1.18955 -3.18028e-05 -1 0.691586 0.198307 0.00521742 2.17257 448708 4 3737.88 0.911056 8.00332 2 2 662.197 12.2307 7.35815 2 3 0.40456 7.19799e-05 17.7797 2 
1.19477 -3.31082e-05 -1 0.692627 0.19799 0.00521742 2.18235 448573 3 1957.01 3.5299 8.21504 2 3 1421.41 1.5246 9.76911 2 3 0.418292 7.17877e-05 17.9946 2 
1.19999 -3.6325e-05 -1 0.693665 0.197704 0.00521742 2.19288 448286 4 6694.48 1.95131 7.65328 2 3 1189.55 2.89375 7.43545 2 3 0.39549 5.62806e-05 19.154 2 
1.20521 -3.85664e-05 -1 0.694685 0.197453 0.00521742 2.20317 448053 4 5360.95 0.892922 8.80252 2 3 942.096 2.42708 7.29464 2 3 0.354087 3.9426e-05 20.7862 2 
1.21042 -3.82672e-05 -1 0.695703 0.197188 0.00521742 2.21341 447831 4 1527.24 1.06838 6.14888 2 3 1306.87 4.1052 6.82809 2 3 0.357698 3.44946e-05 21.8066 2 
1.21564 -3.7943e-05 -1 0.696724 0.196953 0.00521742 2.22468 447403 4 4710.56 2.35464 6.68786 2 3 712.133 3.32916 5.98056 2 4 0.356422 1.06184e-05 13.5356 2 
1.22086 -3.77817e-05 -1 0.697747 0.196659 0.00521742 2.2361 446950 4 5707.34 2.04303 7.27009 2 3 1606.64 6.07748 6.41798 2 4 0.376194 1.3497e-05 12.9209 2 
1.22608 -3.66908e-05 -1 0.698771 0.19636 0.00521742 2.24717 446570 5 15772.2 0.801767 7.22385 2 3 2415.69 3.09817 9.20404 2 3 0.367824 8.22858e-05 16.473 2 
1.23129 -3.72403e-05 -1 0.699797 0.196 0.00521742 2.2575 446342 4 4184.97 2.07459 6.70178 2 3 996.053 1.84706 8.13955 2 3 0.392296 8.59395e-05 16.5885 2 
1.23651 -3.77977e-05 -1 0.700823 0.195685 0.00521742 2.26799 446083 4 6558.86 1.55568 8.058 2 3 1859.23 3.85601 7.84148 2 3 0.412255 7.26299e-05 17.8382 2 
1.24173 -3.88226e-05 -1 0.70185 0.195368 0.00521742 2.27852 445819 4 11077.6 2.32684 8.30654 2 3 704.922 2.4535 6.5986 2 3 0.430434 8.85049e-05 16.9426 2 
1.24695 -4.05078e-05 -1 0.702876 0.195051 0.00521742 2.28837 445691 4 3275.65 1.67044 6.65452 2 2 881.757 13.9294 7.95625 2 3 0.40838 7.86145e-05 17.3189 2 
1.25216 -4.06472e-05 -1 0.703903 0.194777 0.00521742 2.2992 445373 4 2697.59 1.22993 6.84343 2 2 1306.11 14.1399 9.61097 2 4 0.446988 8.3633e-06 15.2048 2 
1.25738 -4.05009e-05 -1 0.704928 0.194441 0.00521742 2.31086 444897 4 3575.91 1.03991 7.65769 2 3 629.811 1.37632 7.70601 2 4 0.42592 1.08149e-05 14.0872 2 
1.2626 -4.03866e-05 -1 0.705952 0.194139 0.00521742 2.32251 444430 4 3386.95 0.687501 8.37787 2 3 818.443 2.65727 6.75332 2 4 0.379253 1.04183e-05 13.8128 2 
1.26782 -4.03766e-05 -1 0.706966 0.193821 0.00521742 2.33333 444123 4 5204.44 1.90361 7.23101 2 2 789.758 12.5651 7.92801 2 4 0.405449 9.26896e-06 14.4619 2 
1.27303 -4.36729e-05 -1 0.707966 0.193548 0.00521742 2.34497 443666 4 5342.81 1.04347 8.45907 2 3 1416.47 2.22472 8.60288 2 4 0.387344 6.87582e-06 15.4061 2 
1.27825 -4.27862e-05 -1 0.708967 0.193302 0.00521742 2.35668 443200 4 2633.77 0.75789 7.67791 2 3 1225.21 4.00748 6.73668 2 4 0.378351 6.01244e-06 15.8384 2 
1.28347 -4.20954e-05 -1 0.709968 0.193008 0.00521742 2.36838 442740 4 6109.66 0.909724 9.05267 2 3 1114.21 3.43551 6.87055 2 4 0.410721 4.67331e-06 17.2179 2 
1.28869 -4.1679e-05 -1 0.71097 0.192753 0.00521742 2.38005 442290 4 2714.13 0.932561 7.34494 2 3 878.617 4.83603 5.66375 2 4 0.433802 5.01619e-06 17.1486 2 
1.2939 -4.13451e-05 -1 0.711973 0.192491 0.00521742 2.38984 442192 4 2879.1 0.908046 7.50391 2 2 829.957 11.9778 8.32415 2 3 0.447482 9.94829e-05 16.5073 2 
1.29912 -4.04006e-05 -1 0.712975 0.192192 0.00521742 2.40151 441749 4 1841.25 0.665615 7.25224 2 3 1342.27 2.76912 7.85537 2 4 0.436042 4.8909e-06 17.2796 2 
1.30434 -4.07499e-05 -1 0.713979 0.191899 0.00521742 2.41307 441330 5 18122 0.64893 7.74822 2 3 1055.56 2.06376 7.99726 2 3 0.416989 8.6723e-05 16.8784 2 
1.30956 -4.07524e-05 -1 0.714984 0.191731 0.00521742 2.42378 441070 4 15799.1 2.60116 8.82808 2 3 866.731 3.869 6.07335 2 3 0.406727 6.92244e-05 18.0446 2 
1.31477 -4.03372e-05 -1 0.715991 0.191368 0.00521742 2.43447 440815 4 13890.8 3.08684 8.19037 2 3 1004.55 2.94387 6.98797 2 3 0.448709 6.33027e-05 19.2094 2 
1.31999 -4.05415e-05 -1 0.716998 0.191039 0.00521742 2.4451 440575 4 5619.48 2.81445 6.6846 2 3 1355.08 6.50167 5.92898 2 3 0.461433 5.94762e-05 19.7965 2 
1.32521 -4.06695e-05 -1 0.718004 0.190695 0.00521742 2.45489 440485 4 10815.7 2.45683 8.14554 2 2 1854.35 11.7547 12.56 2 3 0.405803 4.95083e-05 20.1626 2 
1.33043 -4.03966e-05 -1 0.719008 0.190439 0.00521742 2.46553 440247 4 7254.15 2.31107 7.48502 2 3 1273.45 4.10902 6.7673 2 3 0.468563 5.21504e-05 20.7891 2 
1.33564 -3.8543e-05 -1 0.720008 0.190094 0.00521742 2.4762 440003 4 4468.14 2.05283 6.83036 2 3 806.062 3.15159 6.34765 2 3 0.377171 4.68883e-05 20.0366 2 
1.34086 -3.94559e-05 -1 0.720989 0.18987 0.00521742 2.48693 439752 4 3016.36 1.31845 6.916 2 3 1036.67 3.03367 6.9913 2 3 0.455839 5.03538e-05 20.8414 2 
1.34608 -4.13269e-05 -1 0.721973 0.1896 0.00521742 2.49875 439311 5 6533.78 1.16441 5.62098 2 3 886.001 5.34893 5.4919 2 3 0.435203 4.91336e-05 20.6905 2 
1.35129 -4.13098e-05 -1 0.722956 0.189306 0.00521742 2.51009 438958 5 2783.54 1.04724 4.84073 2 2 588.918 12.0951 6.97788 2 3 0.462758 4.60597e-05 21.578 2 
1.35651 -4.22268e-05 -1 0.72394 0.18902 0.00521742 2.521 438683 4 3456.42 1.23902 7.26753 2 3 697.527 3.09569 6.0851 2 3 0.479613 5.15197e-05 21.0365 2 
1.36173 -4.27387e-05 -1 0.724923 0.188766 0.00521742 2.53105 438559 4 6114.84 2.3774 7.12149 2 2 1434.96 14.5993 9.9141 2 3 0.461316 5.08061e-05 20.8622 2 
1.36695 -4.4394e-05 -1 0.725908 0.188496 0.00521742 2.54177 438321 4 5616.95 1.10116 8.45108 2 3 1218.4 2.23628 8.16747 2 3 0.435795 5.07696e-05 20.4751 2 
1.37216 -4.3111e-05 -1 0.726892 0.188176 0.00521742 2.55246 438091 4 6677.08 2.12631 7.48583 2 3 1647.22 4.70249 7.04923 2 3 0.418729 5.89812e-05 19.2194 2 
1.37738 -3.82147e-05 -1 0.727876 0.187894 0.00521742 2.56372 437764 4 2072.3 1.2343 6.40115 2 3 778.556 2.26637 7.00357 2 3 0.39832 7.06985e-05 17.794 2 
1.3826 -3.55092e-05 -1 0.72886 0.187623 0.00521742 2.57641 437197 4 3004.55 0.895146 7.61152 2 3 1050.49 2.33782 7.65937 2 4 0.453107 5.9456e-06 16.615 2 
1.38782 -3.46447e-05 -1 0.729845 0.187375 0.00521742 2.59052 436396 5 17817.2 0.691485 7.6245 2 3 1154.4 4.66607 6.27771 2 4 0.484544 9.19844e-06 15.1497 2 
1.39303 -3.29681e-05 -1 0.730828 0.187025 0.00521742 2.60284 435905 5 16052.9 1.86139 6.12552 2 3 1193.76 3.9089 6.73422 2 4 0.476539 1.23161e-05 14.0251 2 
1.39825 -3.67878e-05 -1 0.731812 0.186744 0.00521742 2.6141 435595 4 6003.25 2.63862 6.90641 2 3 869.062 3.1066 6.54017 2 4 0.414542 1.2936e-05 13.3796 2 
1.40347 -3.35427e-05 -1 0.732795 0.186483 0.00521742 2.62452 435427 4 6088.8 2.87107 6.78613 2 2 1002.88 14.1038 8.4325 2 4 0.510409 1.19263e-05 14.3831 2 
1.40869 -3.05642e-05 -1 0.733772 0.186313 0.00521742 2.63576 435123 4 7021.32 2.43512 7.32782 2 3 1985.09 2.78696 8.93065 2 4 0.431067 1.00878e-05 14.3776 2 
1.4139 -2.93384e-05 -1 0.734734 0.186042 0.00521742 2.64724 434784 4 8812.3 2.4939 7.70997 2 3 1929.65 3.05168 8.58315 2 4 0.511455 7.63171e-06 16.0896 2 
1.41912 -2.97781e-05 -1 0.735698 0.185775 0.00521742 2.65878 434437 4 6999.59 1.50573 8.25718 2 3 1789.28 5.84578 6.73925 2 4 0.469098 7.12974e-06 16.0158 2 
1.42434 -3.07224e-05 -1 0.736663 0.185438 0.00521742 2.67026 434104 4 2695.32 1.44983 6.56634 2 3 1030.5 3.59713 6.59219 2 4 0.474102 6.8583e-06 16.2149 2 
1.42956 -3.29926e-05 -1 0.737627 0.185124 0.00521742 2.68398 433411 4 3283.29 1.2374 7.17711 2 2 729.915 11.9578 7.81287 2 3 0.433722 9.03348e-05 16.8701 2 
1.43477 -3.43689e-05 -1 0.738591 0.184837 0.00521742 2.69464 433216 4 2294.64 1.14088 6.69682 2 3 1306.08 2.00301 8.67153 2 3 0.442668 8.70583e-05 17.1958 2 
1.43999 -3.58535e-05 -1 0.739555 0.184516 0.00521742 2.70532 433020 4 4143.94 1.89365 6.83956 2 3 876.78 2.03793 7.5492 2 3 0.49113 7.48405e-05 18.7221 2 
1.44521 -3.86897e-05 -1 0.740519 0.18421 0.00521742 2.71597 432830 4 7104.75 1.35918 8.50292 2 3 1482.85 3.34012 7.62861 2 3 0.547991 7.69923e-05 19.2357 2 
1.45043 -3.99562e-05 -1 0.741484 0.183952 0.00521742 2.72757 432491 4 4875.37 1.43599 7.63333 2 3 1189.66 5.44689 6.02224 2 4 0.532751 6.846e-06 16.7021 2 
1.45564 -3.96456e-05 -1 0.742448 0.183673 0.00521742 2.73917 432154 4 6257.07 2.22391 7.28305 2 3 1332.26 4.1842 6.82851 2 4 0.571838 1.10073e-05 15.0973 2 
1.46086 -3.24909e-05 -1 0.743413 0.183419 0.00521742 2.7508 431816 4 2309.64 1.05601 6.83863 2 3 1297.72 3.69965 7.05245 2 4 0.661109 1.45785e-05 14.5928 2 
1.46608 -2.89405e-05 -1 0.744377 0.183055 0.00521742 2.76249 431472 4 21989.8 2.01507 10.2208 2 3 940.327 2.16836 7.56919 2 4 0.744214 1.82782e-05 14.205 2 
1.4713 -2.90222e-05 -1 0.745341 0.182785 0.00521742 2.77416 431134 4 3904.95 1.43836 7.21833 2 3 978.15 2.53018 7.2848 2 4 0.728619 1.89883e-05 13.996 2 
1.47651 -2.88717e-05 -1 0.746302 0.18252 0.00521742 2.7858 430802 5 17292.3 0.791652 7.37672 2 2 786.898 11.8305 8.15562 2 4 0.6878 1.89909e-05 13.7952 2 
1.48173 -2.7477e-05 -1 0.747262 0.18219 0.00521742 2.79743 430475 4 6593.45 1.96154 7.61428 2 3 1096.57 2.88319 7.24527 2 4 0.605701 1.61133e-05 13.9241 2 
1.48695 -2.57967e-05 -1 0.74821 0.18185 0.00521742 2.80907 430149 4 7323.88 2.20755 7.5894 2 3 1518.88 7.78634 5.79958 2 4 0.554283 1.20608e-05 14.6416 2 
1.49217 -2.53749e-05 -1 0.749149 0.181504 0.00521742 2.82071 429826 4 6664.61 1.99367 7.60379 2 3 883.138 1.79252 7.89807 2 4 0.521288 1.1123e-05 14.7134 2 
1.49738 -2.52742e-05 -1 0.750089 0.181168 0.00521742 2.83242 429496 4 10222.4 1.73863 8.75663 2 3 1412.56 2.08398 8.78425 2 4 0.526066 1.1243e-05 14.7075 2 
1.5026 -2.25628e-05 -1 0.75103 0.180798 0.00521742 2.84409 429174 4 5330.32 1.2846 8.02595 2 3 1626.41 5.8573 6.52396 2 4 0.535825 1.15275e-05 14.6833 2 
1.50782 -2.11659e-05 -1 0.75197 0.180496 0.00521742 2.85573 428859 4 3182.06 2.23728 6.14111 2 3 1248.19 3.42461 7.14316 2 4 0.461076 9.87837e-06 14.6985 2 
1.51303 -2.19676e-05 -1 0.752911 0.180154 0.00521742 2.86733 428552 4 2637.79 0.929289 7.29915 2 3 1666.08 4.1096 7.40115 2 4 0.464485 9.73212e-06 14.7806 2 
1.51825 -2.2427e-05 -1 0.753851 0.179847 0.00521742 2.87892 428249 4 2754.43 1.47802 6.57034 2 3 787.202 1.63429 7.83884 2 4 0.45399 1.00599e-05 14.5751 2 
1.52347 -2.42259e-05 -1 0.754791 0.179512 0.00521742 2.89052 427947 4 3642.38 1.29357 7.28448 2 3 907.04 2.73825 6.91913 2 4 0.460118 1.11098e-05 14.2656 2 
1.52869 -2.64009e-05 -1 0.755731 0.179194 0.00521742 2.90224 427631 4 7313.3 1.56245 8.27136 2 3 1291.34 3.07894 7.48537 2 4 0.483209 1.25874e-05 13.9975 2 
1.5339 -2.94547e-05 -1 0.756672 0.178916 0.00521742 2.91441 427251 4 3237.18 0.978698 7.58367 2 3 852.751 2.22232 7.26672 2 4 0.50178 1.3062e-05 13.9999 2 
1.53912 -3.0728e-05 -1 0.757611 0.178606 0.00521742 2.92548 427034 4 3020.47 1.76144 6.43505 2 2 1050.37 12.9757 8.99717 2 4 0.512839 1.43809e-05 13.742 2 
1.54434 -3.21799e-05 -1 0.75855 0.178282 0.00521742 2.93669 426799 4 3040.65 1.51175 6.69686 2 3 1138.24 2.98978 7.24767 2 4 0.547203 1.5627e-05 13.6794 2 
1.54956 -3.28789e-05 -1 0.759488 0.177912 0.00521742 2.9487 426449 5 6503.73 0.993832 5.79656 2 3 1382.22 4.20776 6.89989 2 4 0.523735 1.61349e-05 13.4226 2 
1.55477 -3.09251e-05 -1 0.760426 0.17753 0.00521742 2.95993 426216 4 22031.9 2.92787 9.31376 2 3 1269.86 4.46424 6.57662 2 4 0.471869 1.2978e-05 13.8087 2 
1.55999 -3.01554e-05 -1 0.76136 0.177374 0.00521742 2.97229 425821 5 17722.7 0.902975 7.22056 2 3 1066.57 2.41268 7.61781 2 4 0.459942 1.0603e-05 14.4317 2 
1.56521 -3.13212e-05 -1 0.762292 0.17715 0.00521742 2.98391 425536 4 16366.9 3.63128 8.19363 2 3 1404.03 2.67008 8.07143 2 4 0.463161 8.36561e-06 15.3394 2 
1.57043 -3.41386e-05 -1 0.76321 0.176783 0.00521742 2.99528 425288 5 9048.59 1.11256 6.05412 2 3 802.114 2.66742 6.69959 2 3 0.518494 9.10419e-05 17.8581 2 
1.57564 -3.19223e-05 -1 0.764123 0.176511 0.00521742 3.00582 425159 4 6975.01 3.62164 6.6246 2 3 1555.15 5.1048 6.7287 2 3 0.503723 8.9658e-05 17.7774 2 
1.58086 -2.74421e-05 -1 0.765037 0.176318 0.00521742 3.01635 425032 4 6393.88 2.64301 7.0132 2 3 1192.56 4.75166 6.30781 2 3 0.454552 9.08756e-05 17.1019 2 
1.58608 -2.37997e-05 -1 0.765952 0.176046 0.00521742 3.0286 424667 4 5786.6 1.65024 7.69518 2 3 818.451 2.70237 6.71556 2 4 0.454629 1.04024e-05 14.4588 2 
1.5913 -2.02881e-05 -1 0.766868 0.175759 0.00521742 3.04069 424324 4 6636.12 2.71104 7.03387 2 3 873.235 2.68756 6.87477 2 4 0.481886 1.04076e-05 14.6689 2 
1.59651 -1.94469e-05 -1 0.767784 0.175489 0.00521742 3.05196 424100 4 5017.57 1.27496 7.92044 2 3 1574.52 4.71435 6.93812 2 4 0.543844 8.82934e-06 15.7538 2 
1.60173 -2.11615e-05 -1 0.7687 0.175229 0.00521742 3.0624 423992 4 3777.5 2.7106 6.10991 2 2 1177.66 14.5099 9.00901 2 4 0.597548 9.49091e-06 15.8404 2 
1.60695 -2.35157e-05 -1 0.769617 0.175003 0.00521742 3.07374 423761 4 6614.48 0.93394 9.17369 2 3 1734.51 4.90028 7.07379 2 4 0.564338 9.8911e-06 15.4552 2 
1.61217 -2.6204e-05 -1 0.770533 0.174736 0.00521742 3.08907 422983 4 7492.72 0.713427 10.1233 2 3 1080 2.74289 7.32946 2 4 0.538713 8.6014e-06 15.8197 2 
1.61738 -2.76746e-05 -1 0.77145 0.174508 0.00521742 3.10041 422758 4 3593.58 0.826158 8.12112 2 3 1216.48 2.42404 7.94673 2 4 0.547192 1.02532e-05 15.1992 2 
1.6226 -2.74298e-05 -1 0.772367 0.174321 0.00521742 3.11173 422536 4 3889.75 0.781953 8.39818 2 3 1353.03 3.63202 7.19536 2 4 0.542675 1.13696e-05 14.7808 2 
1.62782 -2.713e-05 -1 0.773284 0.17412 0.00521742 3.12298 422324 4 4011.94 1.82714 6.84535 2 3 858.462 4.53558 5.74156 2 4 0.462251 1.2201e-05 13.9515 2 
1.63304 -2.52324e-05 -1 0.7742 0.173909 0.00521742 3.13424 422115 4 4264.77 2.05138 6.75247 2 3 1205.72 3.02429 7.35993 2 4 0.445682 1.35679e-05 13.4626 2 
1.63825 -2.09483e-05 -1 0.775116 0.173625 0.00521742 3.14572 421877 4 3861.25 1.86763 6.7431 2 3 936.344 3.57366 6.39893 2 4 0.463172 1.50301e-05 13.2494 2 
1.64347 -1.66507e-05 -1 0.776029 0.173395 0.00521742 3.15774 421568 5 23772.1 0.964568 7.55696 2 3 1616.68 3.34465 7.84797 2 4 0.450526 1.28799e-05 13.6758 2 
1.64869 -1.44287e-05 -1 0.776941 0.173186 0.00521742 3.16909 421350 4 6623.72 1.28333 8.47599 2 3 1102.76 2.64941 7.46639 2 4 0.477436 1.54624e-05 13.2559 2 
1.65391 -1.16037e-05 -1 0.777849 0.173007 0.00521742 3.18074 421094 4 11069.7 2.20585 8.41666 2 3 1140.15 2.89231 7.33229 2 4 0.478102 1.42911e-05 13.5243 2 
1.65912 -1.18924e-05 -1 0.778745 0.172719 0.00521742 3.19324 420729 5 14594.2 0.963074 6.85653 2 3 1224.73 3.93882 6.77472 2 4 0.495141 1.74218e-05 12.984 2 
1.66434 -1.00423e-05 -1 0.779639 0.172465 0.00521742 3.20494 420471 4 9226.7 2.00535 8.23595 2 3 1189.48 2.45389 7.85538 2 4 0.542055 1.92666e-05 12.9512 2 
1.66956 -1.15298e-05 -1 0.780532 0.172262 0.00521742 3.21659 420222 4 7536.62 1.99696 7.83794 2 3 1259.02 3.70453 6.97857 2 4 0.618778 2.01362e-05 13.24 2 
1.67477 -1.33224e-05 -1 0.781426 0.172029 0.00521742 3.22827 419970 4 6252.83 1.73649 7.74642 2 3 1133.09 2.9099 7.30234 2 4 0.651287 1.92845e-05 13.5563 2 
1.67999 -1.47683e-05 -1 0.782319 0.171816 0.00521742 3.23994 419721 4 4910.86 1.39206 7.70682 2 3 1400.62 4.16821 6.95222 2 4 0.587636 1.806e-05 13.4307 2 
1.68521 -1.52777e-05 -1 0.783214 0.17159 0.00521742 3.25162 419474 4 6541.7 1.39397 8.27673 2 3 875.692 4.79598 5.67316 2 4 0.581744 1.75146e-05 13.5 2 
1.69043 -1.39317e-05 -1 0.784111 0.171431 0.00521742 3.26333 419223 4 4381.29 1.15982 7.83976 2 3 1455.01 2.98778 7.86754 2 4 0.566123 1.53941e-05 13.8481 2 
1.69564 -1.10601e-05 -1 0.785007 0.171261 0.00521742 3.27504 418975 4 3857.45 1.63127 6.97338 2 3 1099.62 5.11542 5.99037 2 4 0.487401 1.35252e-05 13.778 2 
1.70086 -9.77402e-06 -1 0.785904 0.171123 0.00521742 3.2907 418226 4 7892.77 2.13878 7.79409 2 3 1274.33 3.74817 6.97945 2 4 0.559963 1.36329e-05 14.2362 2 
1.70608 -1.19818e-05 -1 0.786801 0.170927 0.00521742 3.30237 417988 4 6796.63 2.31343 7.36223 2 3 1437.13 3.04655 7.78447 2 4 0.489823 1.34315e-05 13.8191 2 
1.7113 -9.4759e-06 -1 0.787698 0.170668 0.00521742 3.31402 417755 4 4638.66 0.898245 8.47714 2 3 1126.45 3.59769 6.79042 2 4 0.525833 1.24961e-05 14.3225 2 
1.71651 -8.54435e-06 -1 0.788594 0.170472 0.00521742 3.32571 417517 4 5445.36 2.23338 7.02694 2 3 1389.83 4.02056 7.01819 2 4 0.51375 1.08974e-05 14.7353 2 
1.72173 -4.32159e-06 -1 0.789491 0.170329 0.00521742 3.33738 417286 4 4899.35 1.25806 7.89967 2 3 1398.01 4.67775 6.68587 2 4 0.534623 1.12068e-05 14.7789 2 
1.72695 -2.95896e-06 -1 0.790386 0.170135 0.00521742 3.34983 416957 5 4956.55 1.70993 4.92538 2 3 1622 4.01327 7.39352 2 4 0.543971 1.10535e-05 14.8942 2 
1.73217 -4.50535e-06 -1 0.791281 0.169894 0.00521742 3.36148 416731 5 23718.7 1.25649 7.16451 2 2 1171.57 14.2175 9.0776 2 4 0.533214 1.01469e-05 15.1406 2 
1.73738 -6.21878e-06 -1 0.792173 0.169622 0.00521742 3.3731 416509 4 11539.1 1.95516 8.76491 2 3 1517.86 3.30204 7.71762 2 4 0.573515 9.70959e-06 15.5896 2 
1.7426 -9.04848e-06 -1 0.793063 0.169419 0.00521742 3.38472 416290 4 14883.8 2.11858 9.15519 2 3 1393.66 2.55485 8.17077 2 4 0.661229 7.2925e-06 17.3528 2 
1.74782 -1.06145e-05 -1 0.793949 0.169334 0.00521742 3.39726 415958 5 15227.8 2.06127 5.93882 2 3 2144.16 4.15888 8.01851 2 4 0.760148 8.12183e-06 17.4909 2 
1.75304 -1.43797e-05 -1 0.794826 0.169094 0.00521742 3.40892 415737 4 9418.79 3.13023 7.40636 2 3 1468.68 2.11647 8.8533 2 4 0.762731 8.5969e-06 17.2587 2 
1.75825 -1.39372e-05 -1 0.795702 0.168871 0.00521742 3.4197 415624 4 7820.68 2.47087 7.50065 2 2 820.144 13.5765 7.77234 2 4 0.649183 7.18209e-06 17.3392 2 
1.76347 -1.39788e-05 -1 0.796578 0.168684 0.00521742 3.43133 415410 4 7079.18 2.83467 7.0692 2 3 852.358 2.38267 7.09882 2 4 0.674582 8.24485e-06 16.9127 2 
1.76869 -1.21583e-05 -1 0.797455 0.168583 0.00521742 3.44292 415201 4 5594.13 2.01162 7.26184 2 3 1424.42 2.67101 8.10938 2 4 0.653314 1.01828e-05 15.9152 2 
1.77391 -1.08947e-05 -1 0.798331 0.168447 0.00521742 3.45439 415008 4 4347.51 1.37345 7.50079 2 3 1401.72 4.9712 6.55742 2 4 0.668753 1.04133e-05 15.9191 2 
1.77912 -9.65726e-06 -1 0.799207 0.168329 0.00521742 3.46562 414845 4 4273.05 1.65455 7.12877 2 3 688.268 1.51795 7.68246 2 4 0.576737 8.78354e-06 16.0076 2 
1.78434 -8.7898e-06 -1 0.800085 0.168196 0.00521742 3.47608 414776 4 2742.35 0.98177 7.2699 2 2 1039.43 13.921 8.64099 2 4 0.505093 2.08223e-05 12.4799 2 
1.78956 -7.19585e-06 -1 0.800964 0.16809 0.00521742 3.49134 414135 4 7267.51 1.46999 8.38528 2 3 1088.9 3.07813 7.07241 2 4 0.520715 1.01363e-05 15.055 2 
1.79478 -5.55639e-06 -1 0.801845 0.167995 0.00521742 3.50251 413984 4 6300.66 3.28133 6.61963 2 3 746.318 2.31991 6.852 2 4 0.536831 1.12025e-05 14.7955 2 
1.79999 -4.0794e-06 -1 0.802725 0.167851 0.00521742 3.51371 413830 4 6801.65 2.46644 7.24663 2 3 1842.64 4.93991 7.19847 2 4 0.561055 1.18919e-05 14.738 2 
1.80521 -1.41467e-06 -1 0.803606 0.16768 0.00521742 3.52487 413682 4 6662.63 2.91509 6.9143 2 3 945.959 4.07035 6.14818 2 4 0.575001 1.24421e-05 14.662 2 
1.81043 1.3931e-06 -1 0.804487 0.16754 0.00521742 3.53604 413534 4 6129.57 2.23483 7.2368 2 3 1097.64 3.13588 7.04747 2 4 0.580353 1.28372e-05 14.5816 2 
1.81565 4.83944e-06 -1 0.805368 0.167502 0.00521742 3.54737 413368 4 20963 3.6109 8.7289 2 3 1435.05 2.3191 8.52149 2 4 0.654066 1.4367e-05 14.6071 2 
1.82086 9.94559e-06 -1 0.806249 0.167106 0.00521742 3.5588 413191 4 18749.1 3.26713 8.7037 2 3 1444.95 2.94052 7.8912 2 4 0.752582 1.47816e-05 15.0213 2 
1.82608 1.19391e-05 -1 0.807127 0.166885 0.00521742 3.57027 413011 4 13180.2 1.75425 9.31017 2 3 1551.68 3.96384 7.31524 2 4 0.860333 1.09361e-05 16.7475 2 
1.8313 8.18414e-06 -1 0.808004 0.166739 0.00521742 3.58193 412810 4 12279.1 3.06337 7.95686 2 3 976.602 4.13052 6.18354 2 4 0.866338 1.10016e-05 16.7517 2 
1.83652 2.89362e-06 -1 0.808878 0.166566 0.00521742 3.59357 412613 4 14845.3 2.57246 8.71586 2 3 2121.18 4.82376 7.60439 2 4 0.783572 1.16944e-05 16.0889 2 
1.84173 -3.02241e-06 -1 0.80975 0.166425 0.00521742 3.60517 412421 4 9244.34 2.68584 7.65947 2 3 1298.83 4.31496 6.70181 2 4 0.711153 1.35011e-05 15.1495 2 
1.84695 -7.77818e-06 -1 0.810617 0.166253 0.00521742 3.61682 412225 4 7625.45 2.1283 7.73674 2 3 793.81 2.57893 6.7519 2 4 0.712842 1.51825e-05 14.7202 2 
1.85217 -9.5939e-06 -1 0.811479 0.166124 0.00521742 3.62851 412026 4 6922.52 1.82564 7.84715 2 3 952.606 2.77399 7.00276 2 4 0.681761 1.11228e-05 15.7346 2 
1.85738 -8.39351e-06 -1 0.812341 0.166021 0.00521742 3.64017 411832 4 5411.76 1.49326 7.75891 2 3 1539.63 2.78413 8.20809 2 4 0.732772 1.29739e-05 15.4161 2 
1.8626 -8.15268e-06 -1 0.813204 0.165945 0.00521742 3.6518 411642 4 4127.11 1.02616 7.96357 2 3 1329.13 2.68987 7.90578 2 4 0.614589 8.40271e-06 16.4453 2 
1.86782 -7.94606e-06 -1 0.814066 0.165806 0.00521742 3.66343 411453 4 4009.24 1.0341 7.89086 2 3 1361.09 3.61926 7.21809 2 4 0.547029 6.90317e-06 16.778 2 
1.87304 -7.95052e-06 -1 0.814927 0.165686 0.00521742 3.67507 411264 4 7304.8 1.53735 8.30251 2 3 1164.61 3.61784 6.85347 2 4 0.54512 6.01269e-06 17.3523 2 
1.87825 -1.29504e-05 -1 0.81579 0.165598 0.00521742 3.69084 410617 4 6046.38 2.82812 6.79985 2 3 1039.2 1.93332 8.13077 2 4 0.568718 6.29889e-06 17.3344 2 
1.88347 -1.70139e-05 -1 0.816654 0.165483 0.00521742 3.70263 410416 4 7475.75 1.91272 7.9068 2 3 1390.33 4.1358 6.95322 2 4 0.581496 6.40525e-06 17.3581 2 
1.88869 -1.92954e-05 -1 0.817519 0.165397 0.00521742 3.71436 410222 4 7881.39 2.38094 7.58514 2 3 1375.16 5.2969 6.37936 2 4 0.583554 6.46785e-06 17.3313 2 
1.89391 -2.05491e-05 -1 0.818385 0.16538 0.00521742 3.72605 410034 4 7363.4 2.64601 7.26309 2 3 1329.67 4.29521 6.76478 2 4 0.603109 6.7356e-06 17.2984 2 
1.89912 -2.11801e-05 -1 0.819253 0.165243 0.00521742 3.73855 409758 5 27209.6 2.00606 6.70619 2 3 1489.89 2.44369 8.47949 2 4 0.665758 7.08251e-06 17.5098 2 
1.90434 -2.17618e-05 -1 0.82012 0.165222 0.00521742 3.75031 409566 4 13308.5 3.42566 7.8949 2 3 1153.95 3.33573 7.01992 2 4 0.751909 7.64163e-06 17.7111 2 
1.90956 -1.91618e-05 -1 0.820988 0.165126 0.00521742 3.76353 409215 5 16462.2 0.682193 7.52516 2 3 1816.13 4.35773 7.46957 2 4 0.828767 6.0083e-06 19.2717 2 
1.91478 -1.84894e-05 -1 0.821856 0.165078 0.00521742 3.77553 409000 4 12025.2 2.44958 8.37047 2 3 1620.21 3.87861 7.47536 2 4 0.930825 6.4099e-06 19.5211 2 
1.91999 -1.61616e-05 -1 0.822724 0.164836 0.00521742 3.78756 408782 4 10777.3 3.39615 7.50551 2 3 992.201 3.78968 6.39733 2 4 0.918579 6.47313e-06 19.4089 2 
1.92521 -1.64337e-05 -1 0.823591 0.16461 0.00521742 3.79935 408592 4 11098.9 3.26656 7.63479 2 3 1789.96 6.03746 6.66801 2 4 0.78828 5.87675e-06 19.1375 2 
1.93043 -1.72868e-05 -1 0.824456 0.164518 0.00521742 3.81107 408410 4 9787.28 2.24503 8.12568 2 3 2156.38 2.77672 9.19174 2 4 0.749145 6.74607e-06 18.2549 2 
1.93565 -1.69254e-05 -1 0.825319 0.164399 0.00521742 3.82394 408107 4 7755.96 3.11944 7.06138 2 3 1678.04 3.55443 7.78653 2 4 0.663368 7.38814e-06 17.3103 2 
1.94086 -1.52269e-05 -1 0.82618 0.164281 0.00521742 3.83656 407832 4 6907 2.97822 6.93958 2 3 961.974 3.08666 6.77992 2 4 0.697974 6.79437e-06 17.9029 2 
1.94608 -1.39286e-05 -1 0.827038 0.164179 0.00521742 3.84941 407534 4 5553.19 2.16816 7.11399 2 3 1493.73 2.83589 8.07596 2 4 0.661932 6.16212e-06 18.1038 2 
1.9513 -1.31412e-05 -1 0.827889 0.164106 0.00521742 3.86024 407452 4 4261.1 1.4701 7.33742 2 2 593.933 13.2059 6.70633 2 4 0.69298 5.87354e-06 18.5334 2 
1.95652 -1.29284e-05 -1 0.828741 0.164022 0.00521742 3.87153 407322 4 7325.36 1.5127 8.34198 2 3 1004.02 2.40905 7.46962 2 4 0.555324 6.38376e-06 17.1738 2 
1.96173 -1.13656e-05 -1 0.829592 0.163879 0.00521742 3.88692 406763 4 5495.35 1.19225 8.23961 2 3 1472.54 3.35001 7.60339 2 4 0.568482 6.52244e-06 17.1821 2 
1.96695 -9.72817e-06 -1 0.830443 0.163815 0.00521742 3.89822 406635 4 6581.12 2.18096 7.41162 2 3 1167.9 5.49093 5.96926 2 4 0.556554 6.71312e-06 16.9686 2 
1.97217 -9.07967e-06 -1 0.831294 0.163783 0.00521742 3.91031 406425 5 7962.69 0.401295 7.23634 2 3 1141.15 3.22982 7.06949 2 4 0.553373 7.05675e-06 16.7341 2 
1.97739 -8.76888e-06 -1 0.832146 0.16377 0.00521742 3.92255 406201 5 9501.03 0.531547 7.08673 2 3 1227.88 3.8084 6.85706 2 4 0.55829 7.5866e-06 16.4704 2 
1.9826 -8.23911e-06 -1 0.833001 0.163765 0.00521742 3.93494 405963 5 8285.31 0.484951 7.02299 2 3 1171.75 2.67318 7.5963 2 4 0.587884 1.318e-05 14.5326 2 
1.98782 -7.03458e-06 -1 0.833858 0.163774 0.00521742 3.94737 405723 5 7089.09 0.531159 6.68456 2 3 1955.53 2.42211 9.31158 2 4 0.651494 9.43792e-06 16.2091 2 
1.99304 -4.78068e-06 -1 0.834717 0.163791 0.00521742 3.95989 405474 5 21582.8 0.793901 7.70669 2 3 1055.29 2.96418 7.08743 2 4 0.724397 8.99716e-06 16.8449 2 
1.99826 -3.71561e-06 -1 0.835576 0.163775 0.00521742 3.97295 405172 5 21143.4 0.496471 8.43056 2 3 1496.52 4.2042 7.08707 2 4 0.812293 7.26946e-06 18.2832 2 
2.00347 -3.38959e-06 -1 0.836435 0.163685 0.00521742 3.9856 404913 5 11371.6 0.619216 7.12518 2 3 2528.19 5.05222 7.93918 2 4 0.894265 8.10673e-06 18.2245 2 
2.00869 -1.87234e-06 -1 0.837295 0.163577 0.00521742 3.99824 404658 5 10014.1 0.416923 7.51816 2 3 1467.67 3.87379 7.23598 2 4 0.957375 9.90507e-06 17.6322 2 
2.01391 -9.83292e-07 -1 0.838154 0.163496 0.00521742 4.01075 404417 5 11500 0.599696 7.1871 2 3 1779.15 2.96778 8.43194 2 4 0.881827 1.11614e-05 16.7655 2 
2.01912 -1.82905e-06 -1 0.839013 0.163389 0.00521742 4.02334 404169 5 13773 0.668014 7.29203 2 3 2269.06 6.37403 7.08724 2 4 0.744643 1.2642e-05 15.5788 2 
2.02434 -1.92607e-06 -1 0.839871 0.163233 0.00521742 4.03587 403930 5 9131.59 0.582569 6.90303 2 3 836.318 2.88078 6.62146 2 4 0.717299 1.47697e-05 14.8451 2 
2.02956 -1.22338e-06 -1 0.840728 0.163141 0.00521742 4.0484 403691 5 7659.92 0.494161 6.88765 2 3 1278.43 3.07086 7.46689 2 4 0.687789 1.28099e-05 15.2222 2 
2.03478 -5.61024e-07 -1 0.841583 0.163063 0.00521742 4.06011 403536 4 7180.14 3.43423 6.76201 2 3 966.934 2.74568 7.0618 2 4 0.728431 1.48835e-05 14.8738 2 
2.03999 -5.23423e-08 -1 0.842438 0.162932 0.00521742 4.07176 403387 4 5751.46 2.73227 6.77351 2 3 1560.94 3.95624 7.33445 2 4 0.710051 1.30148e-05 15.2832 2 
2.04521 3.50257e-06 -1 0.84329 0.162788 0.00521742 4.08676 402909 4 6786.06 1.71886 7.92673 2 2 503.415 9.73506 7.19107 2 4 0.679569 1.35348e-05 14.9691 2 
2.05043 1.52632e-06 -1 0.844139 0.162714 0.00521742 4.09844 402760 4 4128.65 0.932442 8.1573 2 3 1123.6 4.70691 6.20333 2 4 0.522382 8.70755e-06 15.6503 2 
2.05565 4.62052e-07 -1 0.844984 0.162698 0.00521742 4.11012 402612 4 3067.62 1.03225 7.38337 2 3 1367.12 3.16893 7.5561 2 4 0.537886 6.40908e-06 17.0206 2 
2.06086 4.46179e-08 -1 0.845827 0.162746 0.00521742 4.11995 402646 4 7409.92 2.04372 7.75976 2 2 1087.79 13.8011 8.878 2 3 0.542989 8.40072e-05 18.6277 2 
2.06608 -1.10252e-07 -1 0.846671 0.162774 0.00521742 4.13063 402597 4 9466.05 3.59298 7.16438 2 3 1355.41 3.85776 7.05632 2 3 0.54057 7.34189e-05 19.4543 2 
2.0713 3.33987e-06 -1 0.847516 0.16284 0.00521742 4.14206 402475 5 9923.15 0.839396 6.52434 2 3 951.96 4.67058 5.88504 2 3 0.557342 7.15116e-05 19.8266 2 
2.07652 7.38078e-06 -1 0.848363 0.162861 0.00521742 4.15353 402349 5 8442.07 0.736942 6.48341 2 3 913.503 3.66055 6.29585 2 3 0.60041 7.38105e-05 20.1115 2 
2.08173 9.5802e-06 -1 0.849213 0.162962 0.00521742 4.16505 402219 5 29225.5 1.16744 7.58064 2 3 1881.94 3.63267 8.03143 2 3 0.667091 7.70872e-05 20.5306 2 
2.08695 1.13599e-05 -1 0.850065 0.16295 0.00521742 4.17598 402148 4 7817.09 1.53314 8.45018 2 3 1128.02 4.95804 6.10476 2 3 0.737131 7.90306e-05 21.0499 2 
2.09217 1.01039e-05 -1 0.850918 0.162943 0.00521742 4.1875 402019 4 18957 3.17543 8.79005 2 3 1487.64 6.66276 6.06663 2 3 0.825254 7.78202e-05 21.9701 2 
2.09739 4.81932e-06 -1 0.851772 0.162791 0.00521742 4.19785 402004 4 11501.6 3.03615 7.84528 2 3 2714.53 6.50188 7.47398 2 3 0.94993 8.62931e-05 22.2453 2 
2.1026 -1.37409e-06 -1 0.852626 0.162632 0.00521742 4.20909 401903 4 12102.7 3.52177 7.6565 2 3 1374.54 2.70917 7.9758 2 4 0.949667 5.91516e-06 20.0171 2 
2.10782 -4.97405e-06 -1 0.853479 0.162619 0.00521742 4.22112 401728 5 11453.9 0.934298 6.57194 2 3 2724.68 10.9365 6.29234 2 4 0.847578 5.15177e-06 20.1398 2 
2.11304 -7.31045e-06 -1 0.854332 0.162543 0.00521742 4.23226 401639 5 12099.1 1.35087 6.17203 2 3 1299.29 8.489 5.34913 2 3 0.714619 9.10409e-05 19.8737 2 
2.11826 -1.34164e-05 -1 0.855185 0.162459 0.00521742 4.24331 401558 5 9239.34 1.00558 6.20361 2 3 693.748 3.79321 5.6763 2 3 0.681703 8.89704e-05 19.7144 2 
2.12347 -1.42592e-05 -1 0.856037 0.162385 0.00521742 4.2536 401550 4 7612.74 2.8116 7.21351 2 3 1294.97 3.94742 6.89681 2 3 0.661582 8.89663e-05 19.5188 2 
2.12869 -1.09844e-05 -1 0.856889 0.162394 0.00521742 4.26495 401441 4 7228.44 2.83576 7.10548 2 3 1222.01 3.74319 6.88565 2 4 0.701564 5.21317e-06 19.1532 2 
2.13391 -8.00338e-06 -1 0.857741 0.162404 0.00521742 4.2763 401334 4 5811.49 2.23 7.14489 2 3 1596.01 2.57268 8.5287 2 4 0.703446 5.09699e-06 19.2743 2 
2.13913 -6.25459e-06 -1 0.858593 0.162394 0.00521742 4.29198 400822 5 6635.12 1.2154 5.59018 2 2 844.039 13.9141 7.78851 2 4 0.693347 5.52437e-06 18.8221 2 
2.14434 -4.32166e-06 -1 0.859443 0.162286 0.00521742 4.30398 400657 4 3920.62 2.99241 6.01635 2 2 1065.46 12.8909 9.09133 2 4 0.51454 4.68998e-06 18.1996 2 
2.14956 3.89062e-07 -1 0.860291 0.162116 0.00521742 4.31509 400574 5 7702.09 2.0111 5.20757 2 3 1457.87 3.19482 7.69881 2 3 0.514085 8.60268e-05 18.1468 2 
2.15478 1.05589e-05 -1 0.861136 0.162231 0.00521742 4.32536 400569 4 7985.05 3.46608 6.92803 2 3 1556.94 4.95199 6.79982 2 3 0.517809 7.08713e-05 19.4044 2 
2.16 1.49186e-05 -1 0.86198 0.162332 0.00521742 4.3365 400485 5 10335.2 0.610191 7.01086 2 3 1049.08 2.72813 7.27191 2 3 0.515004 7.43405e-05 19.0632 2 
2.16521 1.478e-05 -1 0.862822 0.162434 0.00521742 4.34755 400409 5 10994.8 0.708664 6.8889 2 3 826.504 3.66532 6.08664 2 3 0.51604 8.03616e-05 18.5871 2 
2.17043 1.46617e-05 -1 0.863665 0.162507 0.00521742 4.35788 400401 5 9276.33 0.618895 6.84151 2 2 1008.14 11.571 9.33417 2 3 0.556853 8.65754e-05 18.5972 2 
2.17565 1.43508e-05 -1 0.864511 0.162618 0.00521742 4.36989 400237 5 29371.9 1.31582 7.40879 2 3 1889.61 2.26936 9.40784 2 4 0.641307 1.03107e-05 15.7923 2 
2.18086 1.66037e-05 -1 0.865359 0.162586 0.00521742 4.38111 400147 4 8528.75 2.31473 7.79106 2 3 1271.77 2.95303 7.55174 2 4 0.722782 7.96501e-06 17.3562 2 
2.18608 1.34191e-05 -1 0.866208 0.162431 0.00521742 4.39235 400055 4 19144.6 3.40637 8.65842 2 3 1501.29 2.98473 7.95279 2 4 0.775074 7.06146e-06 18.2017 2 
2.1913 6.91907e-06 -1 0.867058 0.16258 0.00521742 4.40465 399868 5 12048.1 0.557188 7.36179 2 3 3015.87 5.02937 8.43269 2 4 0.831935 8.15224e-06 17.8732 2 
2.19652 3.9834e-06 -1 0.867909 0.162518 0.00521742 4.41595 399773 4 10410.4 2.6956 7.88321 2 3 1533.16 3.99979 7.26413 2 4 0.908952 8.86254e-06 17.8956 2 
2.20173 2.65659e-06 -1 0.868761 0.162605 0.00521742 4.42796 399613 5 12490.6 0.761183 6.96656 2 3 2054.38 5.68305 7.1236 2 4 0.858496 8.27781e-06 17.9455 2 
2.20695 6.8675e-07 -1 0.869612 0.162513 0.00521742 4.43992 399459 5 14734.3 0.646455 7.43975 2 3 2397.62 4.03152 8.40951 2 4 0.713202 8.45205e-06 17.0437 2 
2.21217 3.5878e-07 -1 0.870463 0.162513 0.00521742 4.45217 399280 5 9922.75 0.604847 6.96622 2 3 928.505 2.76172 6.95347 2 4 0.687172 8.66178e-06 16.7828 2 
2.21739 1.94344e-06 -1 0.871314 0.162487 0.00521742 4.46361 399175 4 8501.67 3.54558 6.99768 2 3 1247.57 4.22016 6.6616 2 4 0.656177 8.01648e-06 16.9145 2 
2.2226 1.60415e-06 -1 0.872165 0.162496 0.00521742 4.47517 399059 4 6758.13 2.72518 7.0568 2 3 1217.08 3.05659 7.35689 2 4 0.687324 9.60659e-06 16.3549 2 
2.22782 1.16064e-06 -1 0.873016 0.16246 0.00521742 4.48681 398936 4 7140.6 1.93676 7.79229 2 3 1042.95 2.66643 7.31326 2 4 0.649039 8.625e-06 16.5626 2 
2.23304 4.09856e-06 -1 0.873867 0.162335 0.00521742 4.49924 398745 5 7004.66 1.11236 5.75213 2 3 1535.08 2.42399 8.5875 2 4 0.694098 1.10751e-05 15.8223 2 
2.23826 1.02856e-05 -1 0.874716 0.162303 0.00521742 4.51087 398624 4 4430.54 1.781 7.06233 2 3 842.78 3.43747 6.25881 2 4 0.548024 8.19845e-06 16.0793 2 
2.24347 1.39391e-05 -1 0.875565 0.162386 0.00521742 4.52148 398595 4 3562.95 0.990259 7.74489 2 3 1666.7 4.03459 7.44765 2 3 0.480072 9.14268e-05 17.3811 2 
2.24869 1.4789e-05 -1 0.876413 0.162479 0.00521742 4.53209 398565 4 6851.37 2.15092 7.51257 2 3 999.124 2.91576 6.99771 2 3 0.478952 6.80436e-05 19.1647 2 
2.25391 1.37347e-05 -1 0.87726 0.162555 0.00521742 4.54274 398533 4 9592.38 2.33096 8.00936 2 3 1506.23 2.34287 8.63073 2 3 0.4744 6.81499e-05 19.0938 2 
2.25913 1.13211e-05 -1 0.878107 0.162547 0.00521742 4.55338 398501 4 12015.8 2.01651 8.78594 2 3 1378.77 4.15676 6.92222 2 3 0.528979 7.44304e-05 19.2263 2 
2.26434 9.28762e-06 -1 0.878956 0.162609 0.00521742 4.56396 398475 4 10784.9 1.82426 8.76864 2 3 1258.92 3.08069 7.42079 2 3 0.580687 7.85805e-05 19.4779 2 
2.26956 5.08522e-06 -1 0.879806 0.16268 0.00521742 4.57457 398446 4 8527.2 1.9417 8.14059 2 3 1329.38 2.80335 7.79814 2 3 0.57294 7.83766e-05 19.4077 2 
2.27478 1.04233e-06 -1 0.880654 0.162867 0.00521742 4.58612 398336 5 23615.3 1.0183 7.46558 2 3 1036.23 3.74264 6.51767 2 3 0.601546 7.89728e-05 19.6757 2 
2.28 -1.02786e-06 -1 0.881503 0.162977 0.00521742 4.59767 398226 5 25440.3 0.900344 7.76645 2 3 1219.36 2.5052 7.86616 2 3 0.663576 8.33304e-05 19.9693 2 
2.28521 -4.88596e-06 -1 0.882353 0.163189 0.00521742 4.60838 398189 4 12461 1.7181 9.22839 2 3 2518.79 4.7522 8.09281 2 3 0.729371 8.82993e-05 20.2145 2 
2.29043 -7.85013e-06 -1 0.883205 0.163256 0.00521742 4.61904 398157 4 9792.03 1.53305 8.93983 2 3 1616.45 2.99278 8.14384 2 3 0.840644 9.62243e-05 20.5957 2 
2.29565 -1.09873e-05 -1 0.884058 0.163316 0.00521742 4.62965 398130 4 12891 2.51664 8.45992 2 3 1382.94 3.71349 7.1946 2 3 0.874237 9.8029e-05 20.7376 2 
2.30087 -1.14241e-05 -1 0.884912 0.163168 0.00521742 4.64124 398018 4 13346.7 2.12156 8.90594 2 3 2369.36 3.09546 9.1475 2 4 0.805603 7.48235e-06 18.1143 2 
2.30608 -7.94684e-06 -1 0.885765 0.163169 0.00521742 4.65186 397990 4 10446.4 1.55599 9.0519 2 3 2346.57 9.56197 6.26078 2 3 0.681823 9.6216e-05 19.2077 2 
2.3113 -5.43174e-06 -1 0.886618 0.163154 0.00521742 4.6635 397875 5 9505.55 1.21145 6.01083 2 3 1661.74 3.97383 7.47799 2 3 0.598613 9.0044e-05 18.8031 2 
2.31652 -2.37951e-06 -1 0.887471 0.163146 0.00521742 4.67456 397809 5 7945.05 1.02277 5.99879 2 3 1002.07 4.19639 6.20403 2 3 0.601615 8.03247e-05 19.5655 2 
2.32174 -5.57528e-07 -1 0.888324 0.163133 0.00521742 4.68478 397815 4 7546.59 3.33626 6.89641 2 3 1174.45 2.87841 7.41699 2 3 0.591248 8.00057e-05 19.4782 2 
2.32695 3.24513e-06 -1 0.889177 0.163111 0.00521742 4.69421 397889 4 6116.49 2.32868 7.15893 2 2 1647.97 13.073 11.2276 2 3 0.607379 9.37799e-05 18.6402 2 
2.33217 6.74496e-06 -1 0.89003 0.163111 0.00521742 4.7046 397881 4 5877.22 1.90662 7.45121 2 2 538.924 14.3862 6.12055 2 4 0.618161 4.8563e-06 18.8886 2 
2.33739 1.09935e-05 -1 0.890882 0.163136 0.00521742 4.71581 397804 4 4514.31 1.40119 7.53396 2 3 1338.68 4.17556 6.84416 2 4 0.580182 4.81321e-06 18.633 2 
2.3426 1.17159e-05 -1 0.891734 0.163172 0.00521742 4.72609 397805 4 3427.84 0.958859 7.73244 2 3 1541.34 5.02125 6.74574 2 3 0.439259 7.26557e-05 18.2173 2 
2.34782 1.12097e-05 -1 0.892585 0.163169 0.00521742 4.73666 397783 4 9449.73 2.22362 8.07402 2 3 1558.77 3.56215 7.59201 2 3 0.439462 6.19187e-05 19.2176 2 
2.35304 1.13273e-05 -1 0.893437 0.163234 0.00521742 4.74719 397763 4 12529.4 2.34731 8.54751 2 3 1427.7 4.51044 6.81511 2 3 0.436662 8.6235e-05 17.172 2 
2.35826 1.00657e-05 -1 0.894292 0.163412 0.00521742 4.75773 397743 4 12527.2 2.95753 8.06735 2 3 1174.71 2.97118 7.33951 2 3 0.45026 9.243e-05 16.9518 2 
2.36347 1.12599e-05 -1 0.895148 0.163576 0.00521742 4.76828 397721 4 8989.22 2.13119 8.05888 2 3 2041.31 4.95823 7.43922 2 3 0.510464 8.83265e-05 17.9456 2 
2.36869 1.2899e-05 -1 0.896005 0.163797 0.00521742 4.77881 397702 4 9978.11 1.84012 8.58125 2 3 968.22 2.81896 7.00318 2 3 0.490945 7.36051e-05 18.8238 2 
2.37391 1.30324e-05 -1 0.896864 0.1639 0.00521742 4.79013 397617 5 28454.6 0.796716 8.13898 2 3 1149.67 4.24202 6.47144 2 3 0.53075 9.33882e-05 17.8457 2 
2.37913 1.24271e-05 -1 0.897722 0.164084 0.00521742 4.80073 397593 4 11689.5 1.79754 8.98007 2 3 3150.6 9.91807 6.82321 2 3 0.765134 5.45062e-05 24.123 2 
2.38434 1.33617e-05 -1 0.89858 0.164287 0.00521742 4.81136 397566 4 14662.2 2.23244 9.00232 2 3 1787.2 3.08617 8.33523 2 3 0.672406 6.05403e-05 22.3115 2 
2.38956 1.27701e-05 -1 0.899436 0.164306 0.00521742 4.82201 397537 4 12837.9 2.64448 8.34716 2 3 3740.7 8.63009 7.56797 2 3 0.800379 9.1853e-05 20.5779 2 
2.39478 9.58527e-06 -1 0.900293 0.164366 0.00521742 4.83363 397429 4 12234.3 2.3886 8.45978 2 3 3607.38 9.90474 7.14139 2 4 0.820901 6.77154e-06 18.6595 2 
2.4 7.95389e-06 -1 0.901151 0.16435 0.00521742 4.84526 397320 4 10984 2.17477 8.43019 2 3 2102.75 11.4845 5.67839 2 4 0.826479 4.98906e-06 20.1745 2 
2.40521 1.00386e-05 -1 0.902008 0.164463 0.00521742 4.8559 397293 4 10993.5 2.49529 8.14711 2 3 2011.39 5.47621 7.16153 2 3 0.741527 8.44209e-05 20.6328 2 
2.41043 1.41654e-05 -1 0.902866 0.164443 0.00521742 4.86655 397265 4 9188.9 2.34345 7.9132 2 3 989.739 3.19304 6.76767 2 3 0.650882 7.81946e-05 20.2663 2 
2.41565 1.49664e-05 -1 0.903723 0.16448 0.00521742 4.87714 397242 4 8302.24 2.28101 7.76724 2 3 1003.77 2.26423 7.62495 2 3 0.596802 7.90621e-05 19.6165 2 
2.42087 1.64978e-05 -1 0.904581 0.16449 0.00521742 4.88779 397216 4 6837.83 1.87304 7.77307 2 3 1760.29 4.29939 7.42551 2 3 0.624942 8.45528e-05 19.4792 2 
2.42608 1.8226e-05 -1 0.90544 0.164597 0.00521742 4.89842 397189 4 6233.66 1.17772 8.52953 2 3 1421.64 1.9382 9.01841 2 3 0.592204 8.63e-05 19.0029 2 
2.4313 1.97968e-05 -1 0.906298 0.164658 0.00521742 4.90907 397162 4 3901.93 1.07705 7.7582 2 3 1214.35 4.40278 6.50938 2 3 0.636972 8.39079e-05 19.6535 2 
2.43652 1.99501e-05 -1 0.907156 0.164611 0.00521742 4.91902 397191 4 12127.1 3.16883 7.86528 2 2 1023.1 11.7294 9.33946 2 3 0.578528 7.91927e-05 19.4035 2 
2.44174 2.01281e-05 -1 0.908014 0.164727 0.00521742 4.93032 397112 4 8612.2 2.01323 8.08734 2 3 1569.5 3.95366 7.34944 2 3 0.467591 7.77035e-05 18.189 2 
2.44695 1.94724e-05 -1 0.908875 0.164905 0.00521742 4.94151 397041 4 12127.6 1.92706 8.90677 2 3 1081.78 2.7972 7.2857 2 3 0.457639 7.45357e-05 18.3113 2 
2.45217 2.10087e-05 -1 0.909739 0.165086 0.00521742 4.95244 396992 4 15330.1 2.31431 9.02154 2 3 1708.8 4.3687 7.31329 2 3 0.447619 7.90554e-05 17.8235 2 
2.45739 2.39032e-05 -1 0.910604 0.165226 0.00521742 4.9632 396957 4 11536.5 1.90012 8.8272 2 3 1416.3 3.37713 7.48519 2 3 0.438674 8.07103e-05 17.5821 2 
2.46261 2.63927e-05 -1 0.91147 0.165387 0.00521742 4.97397 396921 4 11030.5 1.75123 8.90866 2 3 1224.07 3.19254 7.26479 2 3 0.43057 8.64788e-05 17.0757 2 
2.46782 2.88699e-05 -1 0.912338 0.165526 0.00521742 4.98534 396837 4 14363.4 3.01661 8.30681 2 3 1019.67 4.2042 6.23628 2 3 0.420742 8.92842e-05 16.7654 2 
2.47304 2.79157e-05 -1 0.913207 0.165505 0.00521742 4.99784 396664 4 16203 2.70637 8.79635 2 3 3414.72 3.44022 9.97523 2 4 0.768201 5.94445e-06 18.9601 2 
2.47826 2.66013e-05 -1 0.914076 0.165565 0.00521742 5.00871 396621 4 15366.2 2.33261 9.0091 2 3 1572.64 3.83064 7.43223 2 3 0.716822 8.35197e-05 20.4742 2 
2.48348 2.27349e-05 -1 0.914943 0.165643 0.00521742 5.0214 396434 5 13494.5 2.0689 5.79273 2 3 3799.88 6.49468 8.36381 2 3 0.75552 6.76392e-05 22.3537 2 
2.48869 1.98786e-05 -1 0.91581 0.165754 0.00521742 5.03294 396339 5 17512.5 2.03684 6.12179 2 3 3811.39 6.34361 8.43818 2 3 0.79452 6.95125e-05 22.5258 2 
2.49391 1.51991e-05 -1 0.916673 0.165959 0.00521742 5.04408 396276 5 10779.6 0.700046 6.87853 2 3 1614.64 4.12941 7.31244 2 3 0.790805 7.16851e-05 22.2611 2 
2.49913 1.49076e-05 -1 0.917538 0.166063 0.00521742 5.05524 396212 5 12917 0.8442 6.86979 2 3 977.736 7.3897 5.09563 2 3 0.815256 6.97061e-05 22.6991 2 
2.50434 1.56929e-05 -1 0.918403 0.166133 0.00521742 5.06633 396153 5 9772.44 0.976483 6.31056 2 3 2170.62 3.04143 8.93653 2 3 0.791469 6.45814e-05 23.0555 2 
2.50956 1.66043e-05 -1 0.919268 0.166239 0.00521742 5.07663 396155 4 8170.41 3.61026 6.89726 2 3 1898.96 3.23797 8.37043 2 3 0.716884 6.62456e-05 22.1189 2 
2.51478 1.76047e-05 -1 0.920134 0.166313 0.00521742 5.08619 396217 4 6970.14 2.44231 7.30904 2 2 813.23 14.1314 7.58601 2 3 0.640058 7.4741e-05 20.4591 2 
2.52 1.89732e-05 -1 0.921001 0.166397 0.00521742 5.09645 396222 4 5255.27 1.70482 7.45125 2 3 1317.35 2.89245 7.69389 2 3 0.624856 8.01254e-05 19.8306 2 
2.52521 1.92828e-05 -1 0.921867 0.166538 0.00521742 5.10698 396208 4 3462.46 1.18867 7.3465 2 3 1328.78 4.80968 6.51296 2 3 0.606615 8.96808e-05 18.912 2 
2.53043 1.77584e-05 -1 0.922734 0.166712 0.00521742 5.11751 396192 4 3161.64 0.932588 7.63054 2 3 1228.19 4.10044 6.69081 2 3 0.63945 9.83708e-05 18.6629 2 
2.53565 1.64845e-05 -1 0.923604 0.166918 0.00521742 5.12999 396027 5 12464.6 0.808532 6.88013 2 3 1383.63 3.4284 7.38997 2 4 0.668079 1.05016e-05 15.8816 2 
2.54087 2.17375e-05 -1 0.924477 0.167201 0.00521742 5.14178 395916 4 12292.1 2.44596 8.41964 2 3 1361.02 3.50581 7.295 2 4 0.6915 8.87883e-06 16.7055 2 
2.54608 2.90372e-05 -1 0.925352 0.167344 0.00521742 5.1543 395749 5 14885.9 0.965054 6.88089 2 3 1399.11 5.47869 6.34441 2 4 0.711153 8.47355e-06 17.0206 2 
2.5513 3.2461e-05 -1 0.92623 0.167429 0.00521742 5.165 395722 4 12107.9 3.5323 7.65161 2 3 809.724 2.36256 6.99818 2 3 0.719887 9.64616e-05 19.542 2 
2.55652 3.55429e-05 -1 0.927108 0.167531 0.00521742 5.17671 395618 4 12116.3 3.14722 7.87701 2 3 1044.63 3.03504 7.00809 2 4 0.71757 1.15984e-05 15.7713 2 
2.56174 3.87639e-05 -1 0.927987 0.167655 0.00521742 5.18839 395517 5 31765.9 1.34173 7.49651 2 3 974.731 2.60099 7.20967 2 3 0.705951 8.77515e-05 20.0373 2 
2.56695 4.14455e-05 -1 0.928867 0.167878 0.00521742 5.20009 395415 4 12529.3 1.74048 9.21116 2 3 3435.84 14.6063 6.17301 2 4 0.81014 5.74285e-06 19.3802 2 
2.57217 4.20369e-05 -1 0.929748 0.167925 0.00521742 5.21078 395390 4 15837 3.28526 8.33251 2 3 1322.28 3.62366 7.14593 2 3 0.719771 9.10057e-05 19.9239 2 
2.57739 4.36555e-05 -1 0.930627 0.167921 0.00521742 5.22235 395298 5 14054.1 0.979077 6.78262 2 3 3913.89 8.93732 7.59394 2 3 0.72039 7.35705e-05 21.3938 2 
2.58261 4.25079e-05 -1 0.931507 0.168119 0.00521742 5.23387 395211 5 16080.2 1.02524 6.90388 2 3 3821.53 9.81525 7.30206 2 3 0.7752 8.9432e-05 20.5419 2 
2.58782 4.06428e-05 -1 0.932387 0.168142 0.00521742 5.24456 395186 4 11319.2 3.42446 7.58238 2 3 1421.49 4.43344 6.84438 2 3 0.771328 9.5342e-05 20.0748 2 
2.59304 3.6148e-05 -1 0.933266 0.168071 0.00521742 5.25618 395092 4 13241.8 3.42825 7.88349 2 3 1194.81 9.82455 4.95445 2 4 0.821199 6.25392e-06 19.0359 2 
2.59826 3.20459e-05 -1 0.93414 0.168083 0.00521742 5.26781 394997 4 10068 3.13877 7.52568 2 3 2261.4 5.32088 7.5185 2 4 0.843778 5.27051e-06 20.0029 2 
2.60348 3.01634e-05 -1 0.935014 0.168213 0.00521742 5.27945 394902 4 8707.12 2.72609 7.51767 2 3 1987.5 4.06899 7.87542 2 4 0.771788 5.37502e-06 19.4661 2 
2.60869 2.88154e-05 -1 0.935889 0.168414 0.00521742 5.29158 394771 4 7421.64 2.22873 7.59645 2 3 1370.93 2.37457 8.32676 2 4 0.704113 4.73958e-06 19.6325 2 
2.61391 2.71095e-05 -1 0.936765 0.168604 0.00521742 5.30382 394632 4 5660.76 2.05962 7.24056 2 3 1290.7 3.45802 7.20001 2 4 0.634003 5.03175e-06 18.8405 2 
2.61913 2.61976e-05 -1 0.937641 0.168773 0.00521742 5.31512 394564 4 3852.7 1.96864 6.6512 2 3 1056.33 5.01698 5.94911 2 4 0.650168 6.38942e-06 17.8604 2 
2.62435 2.38449e-05 -1 0.93852 0.169031 0.00521742 5.32647 394492 4 8725.45 1.74658 8.40717 2 3 1188.64 2.41382 7.89675 2 4 0.601328 6.22964e-06 17.6263 2 
2.62956 2.66613e-05 -1 0.939402 0.169199 0.00521742 5.33792 394413 4 6825.14 2.85437 6.99278 2 3 1112.93 3.84371 6.61565 2 4 0.555129 6.89847e-06 16.8426 2 
2.63478 2.88046e-05 -1 0.940286 0.169246 0.00521742 5.34918 394348 5 13372 0.808826 6.97699 2 3 1594.66 3.57632 7.63972 2 3 0.550147 9.52818e-05 17.94 2 
2.64 2.87201e-05 -1 0.941172 0.169415 0.00521742 5.36112 394234 5 16652.1 0.841146 7.23302 2 3 1494.79 3.43792 7.57579 2 3 0.539309 7.56417e-05 19.2468 2 
2.64522 2.7716e-05 -1 0.942059 0.169522 0.00521742 5.37283 394137 5 12811 0.489717 7.64764 2 3 1134.5 4.17694 6.47612 2 3 0.524332 5.92887e-05 20.6797 2 
2.65043 2.70285e-05 -1 0.942947 0.169686 0.00521742 5.38399 394081 5 13353.6 0.593003 7.42178 2 3 1195.35 3.35736 7.08759 2 3 0.504912 6.20889e-05 20.1095 2 
2.65565 2.821e-05 -1 0.943837 0.169891 0.00521742 5.39512 394027 5 29455.9 0.909461 7.98137 2 3 1446.58 2.68513 8.13689 2 3 0.483372 6.62041e-05 19.3999 2 
2.66087 2.82624e-05 -1 0.944728 0.169997 0.00521742 5.40548 394030 4 13254.3 2.64243 8.41567 2 3 3625.23 5.18158 8.87751 2 3 0.808851 7.7645e-05 21.84 2 
2.66609 3.08977e-05 -1 0.945621 0.170083 0.00521742 5.41585 394032 4 16714.5 2.87437 8.73248 2 3 1827.04 6.12562 6.68138 2 3 0.709459 8.41927e-05 20.3494 2 
2.6713 3.41713e-05 -1 0.946513 0.170163 0.00521742 5.42625 394031 4 15003.6 3.4024 8.14896 2 3 4211.57 4.9345 9.48565 2 3 0.804937 9.03099e-05 20.7336 2 
2.67652 3.62357e-05 -1 0.947406 0.170228 0.00521742 5.43653 394040 4 13662.8 3.2012 8.08271 2 3 3941.51 8.37584 7.77818 2 3 0.864935 9.2192e-05 21.091 2 
2.68174 3.57772e-05 -1 0.948297 0.170337 0.00521742 5.44761 393990 5 12681.7 0.444488 7.7815 2 3 2035.57 5.7067 7.09198 2 3 0.843769 7.57743e-05 22.3306 2 
2.68695 3.52867e-05 -1 0.949188 0.170458 0.00521742 5.45921 393903 5 12242.5 0.698135 7.0597 2 3 2169.61 6.04254 7.10756 2 3 0.875509 6.06947e-05 24.3428 2 
2.69217 3.65026e-05 -1 0.950077 0.170555 0.00521742 5.47119 393790 5 10665.6 0.461394 7.46076 2 3 1001.14 2.85159 7.05454 2 3 0.871498 7.74344e-05 22.4101 2 
2.69739 3.64912e-05 -1 0.950965 0.170688 0.00521742 5.48356 393648 5 9291.14 0.316671 7.82514 2 3 2137.6 3.69031 8.33594 2 4 0.874229 4.69162e-06 20.7767 2 
2.70261 3.64239e-05 -1 0.951851 0.170821 0.00521742 5.49478 393589 4 7557.1 2.34368 7.53553 2 3 724.958 3.08823 6.16881 2 4 0.858783 3.97844e-06 21.5547 2 
2.70782 3.71568e-05 -1 0.952738 0.170933 0.00521742 5.50508 393597 4 5444.33 2.44756 6.86756 2 3 1301.01 3.41202 7.25142 2 3 0.802421 8.00856e-05 21.5584 2 
2.71304 3.53074e-05 -1 0.953626 0.17105 0.00521742 5.51462 393659 4 10467.6 2.87409 7.76849 2 2 708.844 13.1899 7.33086 2 3 0.71732 8.48432e-05 20.3719 2 
2.71826 3.64119e-05 -1 0.954517 0.171103 0.00521742 5.52516 393649 4 7287.46 2.53259 7.32407 2 3 1535.35 4.71465 6.87997 2 3 0.602717 8.80752e-05 18.9854 2 
2.72348 3.48629e-05 -1 0.95541 0.171235 0.00521742 5.53653 393581 5 14454.8 0.74705 7.2 2 3 1286.66 3.71271 7.0241 2 3 0.538928 8.96697e-05 18.1814 2 
2.72869 3.32455e-05 -1 0.956305 0.171453 0.00521742 5.54787 393515 5 19732.1 0.999543 7.22893 2 3 1758.71 6.37955 6.5083 2 3 0.466488 8.37054e-05 17.7295 2 
2.73391 3.37059e-05 -1 0.957202 0.171631 0.00521742 5.56022 393377 5 16744.7 0.888838 7.16162 2 3 1505.17 5.6605 6.43048 2 4 0.430229 7.78286e-06 15.3335 2 
2.73913 3.61413e-05 -1 0.958101 0.171789 0.00521742 5.57087 393360 5 26682.9 1.26338 7.32723 2 2 1181.19 13.1496 9.47769 2 3 0.450259 6.49193e-05 19.0705 2 
2.74435 3.89759e-05 -1 0.959002 0.171924 0.00521742 5.58249 393275 5 34114.4 1.10194 7.90963 2 3 1526.15 3.0598 7.93052 2 3 0.403143 5.91439e-05 18.9605 2 
2.74956 4.21082e-05 -1 0.959903 0.171986 0.00521742 5.59404 393196 5 20227.4 0.812543 7.57214 2 3 1817.72 4.26214 7.52719 2 3 0.513913 5.92438e-05 20.547 2 
2.75478 4.35731e-05 -1 0.960805 0.17208 0.00521742 5.60562 393114 5 17568.4 1.01052 7.04755 2 3 2963.05 6.42161 7.72737 2 3 0.620223 8.23426e-05 19.6023 2 
2.76 4.42023e-05 -1 0.961708 0.172169 0.00521742 5.61717 393035 5 15385.6 0.80771 7.17748 2 3 3044.06 6.7331 7.67502 2 3 0.754975 9.59983e-05 19.8864 2 
2.76522 4.42398e-05 -1 0.96261 0.172304 0.00521742 5.62967 392890 5 14112.8 0.695267 7.26929 2 3 1629.76 4.18359 7.3034 2 4 0.807931 5.78229e-06 19.3339 2 
2.77043 4.47579e-05 -1 0.963513 0.17228 0.00521742 5.64215 392747 5 15427.3 0.913247 7.00713 2 3 1244.11 3.35613 7.18357 2 4 0.944264 6.09982e-06 19.8355 2 
2.77565 4.22833e-05 -1 0.964414 0.1723 0.00521742 5.65469 392600 5 11840.7 0.871641 6.70823 2 3 2226.9 10.3232 5.99738 2 4 0.972438 5.81852e-06 20.2191 2 
2.78087 3.96448e-05 -1 0.965314 0.172398 0.00521742 5.6672 392456 5 11216.2 0.739379 6.85797 2 3 1034.86 3.1889 6.87196 2 4 1.01245 5.8594e-06 20.3883 2 
2.78609 3.9494e-05 -1 0.966214 0.172545 0.00521742 5.6797 392314 5 9354.43 0.614446 6.86288 2 3 2252.83 5.04792 7.64196 2 4 0.988087 7.50796e-06 19.0466 2 
2.7913 3.97164e-05 -1 0.967114 0.172689 0.00521742 5.69134 392231 4 7351.3 3.54433 6.7485 2 3 1090.38 2.22112 7.88865 2 4 0.970652 8.20426e-06 18.5462 2 
2.79652 4.28693e-05 -1 0.96801 0.172815 0.00521742 5.7031 392140 4 5319.63 2.18243 7.02644 2 3 1405.91 1.78517 9.23476 2 4 0.930953 9.78766e-06 17.5615 2 
2.80174 4.26061e-05 -1 0.968907 0.172968 0.00521742 5.71506 392036 4 5319.75 1.13112 8.28125 2 3 1188.33 2.74661 7.56334 2 4 0.923605 1.00618e-05 17.4062 2 
2.80696 4.04382e-05 -1 0.969807 0.173114 0.00521742 5.72637 391978 4 13012.3 2.28216 8.68964 2 3 1463.14 5.33148 6.4985 2 4 0.894774 1.20514e-05 16.507 2 
2.81217 3.89225e-05 -1 0.97071 0.173238 0.00521742 5.7388 391842 5 15678.2 0.832021 7.16197 2 3 1552.75 4.05659 7.26072 2 4 0.870584 9.44373e-06 17.4248 2 
2.81739 3.94041e-05 -1 0.971615 0.173413 0.00521742 5.75091 391730 5 20464.8 1.33154 6.87592 2 3 1979.64 3.97239 7.92827 2 4 0.808534 9.6845e-06 16.9983 2 
2.82261 4.27374e-05 -1 0.972521 0.173574 0.00521742 5.76292 391624 5 17002.2 1.24266 6.71785 2 3 1439.72 5.82669 6.27507 2 4 0.716126 7.38269e-06 17.6479 2 
2.82783 4.56123e-05 -1 0.97343 0.173685 0.00521742 5.77398 391583 5 23178.6 1.38671 6.99231 2 3 1285.39 3.95788 6.8737 2 3 0.654305 9.57701e-05 18.9751 2 
2.83304 4.67402e-05 -1 0.97434 0.173852 0.00521742 5.78432 391591 4 19249.3 3.57427 8.56657 2 3 1967.55 3.92338 7.94491 2 3 0.57585 8.47882e-05 18.9376 2 
2.83826 4.36738e-05 -1 0.97525 0.173812 0.00521742 5.7954 391549 5 16482.6 2.09807 6.01231 2 3 4317.87 11.247 7.26793 2 3 0.853368 9.45827e-05 20.8181 2 
2.84348 3.99505e-05 -1 0.976162 0.173773 0.00521742 5.80653 391504 5 19667.9 2.55004 5.99022 2 3 2521.48 4.97188 7.97465 2 3 0.60307 9.6429e-05 18.4241 2 
2.84869 3.50861e-05 -1 0.977072 0.173768 0.00521742 5.81912 391361 5 16391.1 2.50253 5.79757 2 3 3945.86 5.45087 8.97894 2 4 0.741031 5.26637e-06 19.3678 2 
2.85391 2.87996e-05 -1 0.977983 0.173995 0.00521742 5.83207 391194 5 13629.4 0.69596 7.21736 2 3 1836.84 3.51291 8.05629 2 4 0.744926 5.03532e-06 19.612 2 
2.85913 2.89366e-05 -1 0.978894 0.174148 0.00521742 5.84428 391078 5 12560.1 0.9853 6.62346 2 3 855.532 5.41563 5.40583 2 4 0.836351 5.29346e-06 19.9371 2 
2.86435 3.05214e-05 -1 0.979806 0.174216 0.00521742 5.8564 390968 5 14044.8 1.35547 6.35455 2 3 886.872 3.35234 6.41955 2 4 0.972658 6.36898e-06 19.7684 2 
2.86956 3.30053e-05 -1 0.980718 0.174261 0.00521742 5.86843 390864 5 10260.4 1.08489 6.23959 2 3 2262.19 7.24566 6.78397 2 4 1.04225 6.1037e-06 20.328 2 
2.87478 3.48342e-05 -1 0.981629 0.174299 0.00521742 5.87978 390807 4 8540.66 3.22666 7.17273 2 3 1399.78 5.2921 6.41915 2 4 1.05719 5.26687e-06 21.1665 2 
2.88 3.76259e-05 -1 0.982539 0.174463 0.00521742 5.89135 390734 4 6341.17 1.95667 7.54506 2 3 1308.16 3.54075 7.17555 2 4 1.02384 5.96032e-06 20.3582 2 
2.88522 3.90875e-05 -1 0.983447 0.174589 0.00521742 5.90219 390711 4 4528.29 1.90765 6.98006 2 2 1113.62 14.1484 8.87186 2 4 0.996055 6.43995e-06 19.8313 2 
2.89043 3.84073e-05 -1 0.984354 0.17472 0.00521742 5.91384 390633 4 6583.45 1.13994 8.71752 2 3 1331.95 3.54637 7.21498 2 4 0.962294 7.72366e-06 18.7876 2 
2.89565 3.95666e-05 -1 0.985263 0.174858 0.00521742 5.92636 390499 5 10841.5 0.9754 6.44439 2 3 1377 4.41035 6.78401 2 4 0.940465 8.40192e-06 18.2912 2 
2.90087 4.20836e-05 -1 0.986174 0.174976 0.00521742 5.93893 390363 5 16788.1 0.781659 7.35185 2 3 1260.2 4.05954 6.77103 2 4 0.887767 8.31843e-06 18.0744 2 
2.90609 4.29246e-05 -1 0.987087 0.175099 0.00521742 5.95044 390296 5 21606.8 1.65268 6.65703 2 3 1788.29 9.51121 5.72884 2 3 0.822685 9.23571e-05 20.7294 2 
2.9113 4.70887e-05 -1 0.988002 0.175212 0.00521742 5.96295 390164 5 19587.1 1.37313 6.7741 2 3 1327.04 4.30849 6.75336 2 4 0.788236 8.03178e-06 17.6995 2 
2.91652 5.02848e-05 -1 0.988918 0.175311 0.00521742 5.97448 390096 5 41133.1 1.49599 7.72418 2 3 1466.35 3.78994 7.28677 2 3 0.769254 6.61192e-05 22.6593 2 
2.92174 5.41433e-05 -1 0.989836 0.175404 0.00521742 5.98516 390085 4 8952.57 2.56308 7.6877 2 3 2242.02 6.90239 6.87406 2 3 0.695265 5.77405e-05 22.9205 2 
2.92696 5.84176e-05 -1 0.990756 0.175567 0.00521742 5.99776 389948 5 21350.2 0.743329 7.79191 2 3 1347.46 3.37557 7.36302 2 4 0.664306 4.13321e-06 20.0226 2 
2.93217 5.85183e-05 -1 0.991676 0.175596 0.00521742 6.01026 389819 5 25638.4 0.681904 8.22306 2 3 2120.8 6.14931 7.01279 2 4 0.739011 4.20214e-06 20.4784 2 
2.93739 5.72613e-05 -1 0.992596 0.17571 0.00521742 6.02278 389689 5 17435.2 0.747407 7.47436 2 3 1356.42 3.90103 7.03188 2 4 0.692685 4.19239e-06 20.1613 2 
2.94261 5.64044e-05 -1 0.993516 0.175707 0.00521742 6.03531 389558 5 15225.1 0.630122 7.52709 2 3 1628.12 3.06563 8.0982 2 4 0.686961 4.78921e-06 19.4611 2 
2.94783 5.64072e-05 -1 0.994436 0.175652 0.00521742 6.04682 389494 5 14021 0.784449 7.08668 2 3 967.686 3.25366 6.67504 2 3 0.66069 9.73606e-05 18.9324 2 
2.95304 5.64966e-05 -1 0.995355 0.175673 0.00521742 6.05837 389427 5 12556.6 0.811043 6.88598 2 3 2706.95 10.994 6.26771 2 3 0.629284 7.70091e-05 20.1419 2 
2.95826 5.61513e-05 -1 0.996274 0.175766 0.00521742 6.07024 389341 5 10723.9 0.663295 6.9459 2 3 1652.86 7.92898 5.92935 2 3 0.686146 7.2847e-05 21.1188 2 
2.96348 5.60814e-05 -1 0.997192 0.175904 0.00521742 6.0818 389274 4 8671.29 3.2499 7.1871 2 3 1354.26 5.19171 6.38945 2 4 0.863256 4.65974e-06 20.7465 2 
2.9687 5.52373e-05 -1 0.99811 0.175991 0.00521742 6.09323 389216 4 6139.98 2.39721 7.11402 2 3 1378.86 5.11205 6.46113 2 4 1.01741 7.94668e-06 18.9159 2 
2.97391 5.42058e-05 -1 0.999027 0.176088 0.00521742 6.10453 389166 4 4552.85 1.31924 7.66461 2 3 929.843 2.16677 7.5428 2 4 1.02385 1.08855e-05 17.5124 2 
2.97913 5.29303e-05 -1 0.999944 0.176193 0.00521742 6.1158 389120 4 5299.19 1.12884 8.27741 2 3 1526.09 3.11361 7.88446 2 4 1.02495 1.4829e-05 16.2143 2 
2.98435 5.0853e-05 -1 1.00086 0.176326 0.00521742 6.12789 389020 5 12447.1 1.20679 6.34874 2 3 944.853 3.47812 6.47649 2 4 1.12136 2.01781e-05 15.3538 2 
2.98957 4.81562e-05 -1 1.00178 0.176418 0.00521742 6.13919 388971 4 16031.8 3.43891 8.26305 2 3 1444.09 4.41952 6.88767 2 4 1.12029 2.09521e-05 15.2064 2 
2.99478 4.48469e-05 -1 1.0027 0.176496 0.00521742 6.1504 388928 4 19479 3.49861 8.63809 2 3 1128.96 3.19553 7.06933 2 4 0.928328 2.01161e-05 14.6568 2 
3 4.29872e-05 -1 1.00362 0.17656 0.00521742 6.16252 388828 5 19240.3 0.975592 7.22751 2 3 1479.94 6.48322 6.11154 2 4 0.769223 1.59486e-05 14.8195 2 

# Multigrid, 585 steps, 98.5289 CPU, 6.176 real, 3.88e+05 points.step/s, 23 var
