0.799756 0
0.799899 0.015625

0.799875 0.015625
0.800354 0.03125

0.800326 0.03125
0.801245 0.046875

0.801249 0.046875
0.802656 0.0625

0.802681 0.0625
0.804519 0.078125

0.804526 0.078125
0.80673 0.09375

0.806705 0.09375
0.809308 0.109375

0.809187 0.109375
0.812482 0.125

0.812469 0.125
0.8125 0.125119

0.812538 0.125
0.816653 0.140625

0.816744 0.140625
0.821387 0.15625

0.821155 0.15625
0.826608 0.171875

0.826553 0.171875
0.828125 0.175606

0.828125 0.175217
0.8333 0.1875

0.833171 0.1875
0.840926 0.203125

0.840727 0.203125
0.84375 0.208253

0.84375 0.207933
0.850181 0.21875

0.849969 0.21875
0.859375 0.231721

0.859375 0.231823
0.861287 0.234375

0.861083 0.234375
0.875 0.249774

0.875 0.24985
0.875152 0.25

0.875153 0.25
0.890625 0.263646

0.890625 0.26371
0.893431 0.265625

0.893772 0.265625
0.90625 0.273997

0.90625 0.274021
0.921502 0.28125

0.921565 0.28125
0.921875 0.281395

0.922016 0.28125
0.9375 0.28601

0.9375 0.285804
0.953125 0.288855

0.953125 0.288798
0.96875 0.290622

0.96875 0.290612
0.984375 0.291344

0.984375 0.292106
1 0.290244

1 0.289806
1.01562 0.284702

1.03125 0.279252
1.02265 0.28125

1.01562 0.282645
1.02163 0.28125

1.04688 0.278172
1.03415 0.28125

1.04688 0.276961
1.0625 0.269854

1.07812 0.264376
1.07566 0.265625

1.0625 0.267641
1.06647 0.265625

1.07812 0.261601
1.09375 0.2535

1.10938 0.245232
1.10218 0.25

1.09375 0.253713
1.09946 0.25

1.125 0.231213
1.12118 0.234375

1.10938 0.2429
1.11989 0.234375

1.14062 0.216949
1.13881 0.21875

1.125 0.2312
1.13879 0.21875

1.15625 0.199617
1.15341 0.203125

1.14062 0.216796
1.15323 0.203125

1.17188 0.177725
1.1656 0.1875

1.15625 0.199138
1.16533 0.1875

1.1875 0.154044
1.1863 0.15625

1.18405 0.15625
1.17468 0.171875

1.17188 0.177383
1.17535 0.171875

1.20312 0.119355
1.20121 0.125

1.19999 0.125
1.19282 0.140625

1.1875 0.150899
1.1931 0.140625

1.21875 0.0585644
1.2181 0.0625

1.2179 0.0625
1.21387 0.078125

1.21353 0.078125
1.20909 0.09375

1.20892 0.09375
1.20506 0.109375

1.20312 0.118087
1.20608 0.109375

1.22293 0
1.22262 0.015625

1.22257 0.015625
1.22172 0.03125

1.22175 0.03125
1.22036 0.046875

1.21875 0.0583201
1.22064 0.046875

