0.795174 0
0.795185 0.00390625

0.795185 0.00390625
0.795218 0.0078125

0.795218 0.0078125
0.795274 0.0117188

0.795274 0.0117188
0.795353 0.015625

0.795353 0.015625
0.795454 0.0195312

0.795454 0.0195312
0.795578 0.0234375

0.795578 0.0234375
0.795723 0.0273438

0.795723 0.0273438
0.795891 0.03125

0.795891 0.03125
0.796082 0.0351562

0.796082 0.0351562
0.796295 0.0390625

0.796296 0.0390625
0.796528 0.0429688

0.796524 0.0429688
0.796782 0.046875

0.796784 0.046875
0.796875 0.0481034

0.796875 0.048121
0.797072 0.0507812

0.797073 0.0507812
0.797392 0.0546875

0.797392 0.0546875
0.797741 0.0585938

0.797743 0.0585938
0.798118 0.0625

0.798119 0.0625
0.798515 0.0664062

0.798515 0.0664062
0.798929 0.0703125

0.798927 0.0703125
0.79936 0.0742188

0.799359 0.0742188
0.799816 0.078125

0.799817 0.078125
0.800297 0.0820312

0.800283 0.0820312
0.800781 0.085722

0.800781 0.08573
0.800809 0.0859375

0.800822 0.0859375
0.801401 0.0898438

0.801404 0.0898438
0.802008 0.09375

0.802011 0.09375
0.802627 0.0976562

0.802623 0.0976562
0.803252 0.101562

0.803251 0.101562
0.803904 0.105469

0.803887 0.105469
0.8046 0.109375

0.804607 0.109375
0.804688 0.109777

0.804688 0.109744
0.805394 0.113281

0.805404 0.113281
0.806203 0.117188

0.806201 0.117188
0.807001 0.121094

0.806993 0.121094
0.807817 0.125

0.807797 0.125
0.808594 0.12844

0.808594 0.128446
0.8087 0.128906

0.808727 0.128906
0.809702 0.132812

0.809715 0.132812
0.810685 0.136719

0.810664 0.136719
0.811647 0.140625

0.811625 0.140625
0.8125 0.143785

0.8125 0.143779
0.812708 0.144531

0.812746 0.144531
0.813892 0.148438

0.813894 0.148438
0.815025 0.152344

0.81498 0.152344
0.816182 0.15625

0.81618 0.15625
0.816406 0.156928

0.816406 0.156818
0.817519 0.160156

0.817536 0.160156
0.818833 0.164062

0.818772 0.164062
0.820139 0.167969

0.820138 0.167969
0.820312 0.168433

0.820312 0.168296
0.821656 0.171875

0.821652 0.171875
0.823125 0.175781

0.823072 0.175781
0.824219 0.178625

0.824219 0.178585
0.824663 0.179688

0.824724 0.179688
0.826354 0.183594

0.826276 0.183594
0.827972 0.1875

0.827971 0.1875
0.828125 0.187836

0.828125 0.187687
0.829829 0.191406

0.829776 0.191406
0.83163 0.195312

0.831607 0.195312
0.832031 0.196165

0.832031 0.196018
0.833622 0.199219

0.83357 0.199219
0.835604 0.203125

0.83558 0.203125
0.835938 0.203787

0.835938 0.203639
0.837772 0.207031

0.837701 0.207031
0.839844 0.210797

0.839844 0.210798
0.839923 0.210938

0.839987 0.210938
0.842311 0.214844

0.84223 0.214844
0.84375 0.217303

0.84375 0.217205
0.844705 0.21875

0.84469 0.21875
0.847268 0.222656

0.847249 0.222656
0.847656 0.223273

0.847656 0.223193
0.849955 0.226562

0.849891 0.226562
0.851562 0.228906

0.851562 0.228816
0.852737 0.230469

0.85271 0.230469
0.855469 0.234091

0.855469 0.234087
0.85569 0.234375

0.855695 0.234375
0.858825 0.238281

0.858823 0.238281
0.859375 0.238954

0.859375 0.238947
0.862098 0.242188

0.862104 0.242188
0.863281 0.243544

0.863281 0.243521
0.865548 0.246094

0.865572 0.246094
0.867188 0.247845

0.867188 0.247844
0.869228 0.25

0.869253 0.25
0.871094 0.251874

0.871094 0.251897
0.873135 0.253906

0.873148 0.253906
0.875 0.255675

0.875 0.255701
0.87731 0.257812

0.877292 0.257812
0.878906 0.259255

0.878906 0.259268
0.88177 0.261719

0.881738 0.261719
0.882812 0.262614

0.882812 0.262603
0.886573 0.265625

0.886521 0.265625
0.886719 0.265779

0.886719 0.265732
0.890625 0.268712

0.890625 0.268748
0.891732 0.269531

0.891739 0.269531
0.894531 0.271526

0.894531 0.271503
0.897477 0.273438

0.897354 0.273438
0.898438 0.274134

0.898438 0.274043
0.902344 0.276484

0.902344 0.276544
0.903719 0.277344

0.903702 0.277344
0.90625 0.278825

0.90625 0.278763
0.910156 0.280847

0.910156 0.280884
0.910885 0.28125

0.910918 0.28125
0.914062 0.282831

0.914062 0.282837
0.917969 0.284628

0.917969 0.28467
0.91911 0.285156

0.919343 0.285156
0.921875 0.286236

0.921875 0.286272
0.925781 0.287856

0.925781 0.287944
0.929024 0.289062

0.929324 0.289062
0.929688 0.289188

0.929688 0.289139
0.933594 0.29038

0.933594 0.290455
0.9375 0.291718

0.9375 0.291785
0.941406 0.292783

0.941406 0.292806
0.942259 0.292969

0.943 0.292969
0.945312 0.293411

0.945312 0.293395
0.949219 0.294163

0.949219 0.294226
0.953125 0.295011

0.953125 0.295
0.957031 0.295697

0.957031 0.295713
0.960938 0.296311

0.960938 0.296354
0.964844 0.296734

0.964844 0.2967
0.96875 0.296846

0.96875 0.296829
0.972656 0.296845

0.972656 0.296831
0.976562 0.296777

0.976562 0.296771
0.980469 0.296687

0.980469 0.296677
0.984375 0.296593

0.984375 0.296597
0.988281 0.296522

0.988281 0.296561
0.992188 0.296407

0.992188 0.296436
0.996094 0.296067

0.996094 0.296074
1 0.295421

1 0.295403
1.00391 0.294486

1.00391 0.294406
1.00781 0.293421

1.01172 0.292687
1.01004 0.292969

1.00781 0.29326
1.00955 0.292969

1.01172 0.292817
1.01562 0.292392

1.01562 0.292608
1.01953 0.291636

1.01953 0.291419
1.02344 0.2899

1.02734 0.288631
1.02575 0.289062

1.02344 0.289541
1.02521 0.289062

1.02734 0.289036
1.03125 0.288055

1.03125 0.287936
1.03516 0.286307

1.03906 0.284796
1.03792 0.285156

1.03516 0.285829
1.0373 0.285156

1.04297 0.284001
1.03965 0.285156

1.04297 0.283482
1.04688 0.281655

1.05078 0.280409
1.04844 0.28125

1.04688 0.281446
1.04742 0.28125

1.05078 0.280634
1.05469 0.278893

1.05859 0.276797
1.05739 0.277344

1.05469 0.278322
1.05684 0.277344

1.05859 0.277161
1.0625 0.275247

1.06641 0.272804
1.06517 0.273438

1.0625 0.274644
1.06486 0.273438

1.06641 0.273208
1.07031 0.271214

1.07422 0.268708
1.07281 0.269531

1.07031 0.270757
1.07242 0.269531

1.07422 0.268749
1.07812 0.266566

1.08203 0.264255
1.0799 0.265625

1.07812 0.266317
1.07921 0.265625

1.08594 0.261352
1.08535 0.261719

1.08203 0.263884
1.08544 0.261719

1.08594 0.261648
1.08984 0.259118

1.09375 0.25636
1.09175 0.257812

1.08984 0.258684
1.09106 0.257812

1.09766 0.253315
1.09679 0.253906

1.09375 0.256093
1.09688 0.253906

1.09766 0.253437
1.10156 0.250812

1.10547 0.248127
1.10304 0.25

1.10156 0.250535
1.1023 0.25

1.10938 0.244499
1.10757 0.246094

1.10547 0.247678
1.10733 0.246094

1.11328 0.240853
1.11177 0.242188

1.10938 0.244359
1.11189 0.242188

1.11719 0.237366
1.11615 0.238281

1.11328 0.241
1.1164 0.238281

1.12109 0.233867
1.12054 0.234375

1.11719 0.237583
1.12073 0.234375

1.125 0.230225
1.12475 0.230469

1.12109 0.234037
1.1248 0.230469

1.12891 0.226344
1.1287 0.226562

1.125 0.230264
1.12861 0.226562

1.13281 0.222153
1.13236 0.222656

1.12891 0.226226
1.1322 0.222656

1.13672 0.217489
1.13567 0.21875

1.13281 0.221953
1.1356 0.21875

1.14062 0.21275
1.13889 0.214844

1.13672 0.217333
1.13881 0.214844

1.14453 0.20785
1.14234 0.210938

1.14062 0.212753
1.14212 0.210938

1.14844 0.202831
1.14818 0.203125

1.14745 0.203125
1.14465 0.207031

1.14453 0.207923
1.14511 0.207031

1.14844 0.201997
1.15099 0.199219

1.15625 0.190689
1.15577 0.191406

1.15582 0.191406
1.154 0.195312

1.15234 0.198449
1.15458 0.195312

1.16016 0.183496
1.16012 0.183594

1.16016 0.187406
1.16009 0.1875

1.15625 0.190097
1.15831 0.1875

1.16284 0.179688
1.16089 0.183594

1.16016 0.187016
1.16232 0.183594

1.16797 0.17113
1.16762 0.171875

1.16797 0.172389
1.16662 0.175781

1.16406 0.17899
1.16634 0.175781

1.17188 0.160027
1.1718 0.160156

1.17188 0.162803
1.17133 0.164062

1.17188 0.164335
1.17015 0.167969

1.16797 0.169687
1.16878 0.167969

1.16797 0.172466
1.1682 0.171875

1.17578 0.151447
1.17541 0.152344

1.17578 0.155729
1.1756 0.15625

1.17561 0.15625
1.17331 0.160156

1.17188 0.16099
1.17224 0.160156

1.17188 0.164318
1.172 0.164062

1.17969 0.143544
1.17927 0.144531

1.17969 0.147947
1.17947 0.148438

1.1782 0.148438
1.17627 0.152344

1.17578 0.156191
1.17713 0.152344

1.18359 0.132273
1.18322 0.132812

1.18359 0.136604
1.18355 0.136719

1.18157 0.140625
1.17969 0.144531

1.17969 0.147899
1.18113 0.144531

1.1875 0.124258
1.18721 0.125

1.1875 0.129492
1.18576 0.132812

1.18359 0.136395
1.18484 0.132812

1.18359 0.139554
1.18487 0.136719

1.19141 0.116593
1.19128 0.117188

1.19141 0.120174
1.19102 0.121094

1.1893 0.121094
1.18764 0.125

1.18868 0.125
1.18785 0.128906

1.1875 0.12954
1.18783 0.128906

1.19531 0.103952
1.19517 0.105469

1.1942 0.109375
1.1922 0.113281

1.19141 0.116657
1.19211 0.113281

1.19141 0.119181
1.19223 0.117188

1.19922 0.0915571
1.19901 0.09375

1.19922 0.0942628
1.19803 0.0976562

1.19726 0.0976562
1.1956 0.101562

1.19531 0.104598
1.1956 0.101562

1.19531 0.108776
1.19624 0.105469

1.20286 0.0703125
1.20271 0.0742188

1.20312 0.0752768
1.20288 0.078125

1.20283 0.078125
1.20141 0.0820312

1.20088 0.0820312
1.19955 0.0859375

1.19922 0.0897094
1.19972 0.0859375

1.19922 0.0910664
1.19934 0.0898438

1.19922 0.0942405
1.19939 0.09375

1.20703 0.0420561
1.20692 0.0429688

1.20698 0.0429688
1.20591 0.046875

1.20557 0.046875
1.20447 0.0507812

1.20452 0.0507812
1.20395 0.0546875

1.20405 0.0546875
1.20369 0.0585938

1.20366 0.0585938
1.20338 0.0625

1.20334 0.0625
1.20325 0.0664062

1.20348 0.0664062
1.20322 0.0703125

1.20312 0.0758263
1.20326 0.0742188

1.20892 0
1.2089 0.00390625

1.2089 0.00390625
1.20882 0.0078125

1.20883 0.0078125
1.20867 0.0117188

1.20861 0.0117188
1.2085 0.015625

1.20862 0.015625
1.20844 0.0195312

1.20834 0.0195312
1.20807 0.0234375

1.20815 0.0234375
1.20785 0.0273438

1.20774 0.0273438
1.20747 0.03125

1.20753 0.03125
1.20741 0.0351562

1.20745 0.0351562
1.2073 0.0390625

1.20703 0.0421097
1.2074 0.0390625

