t sb -1 xb vb dt perf.t perf.speed
0 0 -1 0.5 0 0.000202385 0 0 
0.000202385 0 -1 0.5 0.000248563 0.000202385 0.004549 225104 1 31.36 158.416 0.19796 4 
0.00491164 -3.22597e-06 -1 0.5 0.00282906 0.00470926 0.01674 122342 12 114.405 3.76637 1.32906 6 6 111.025 14.3818 1.40584 6 2 0.0280387 6.34724e-06 66.464 3 
0.0137207 -2.22118e-05 -1 0.500023 0.00824858 0.00880908 0.026027 118031 5 21.7599 1.17397 1.79308 6 7 99.1176 4.52421 1.55423 7 3 0.0526 7.12791e-05 9.03666 2 
0.0262156 -3.78918e-05 -1 0.500123 0.0158854 0.0124949 0.032323 126721 2 12.0034 0.421324 5.33758 6 4 13.3313 2.55099 1.51196 8 6 0.122197 3.12717e-05 3.96873 2 
0.0421182 -3.83099e-05 -1 0.500371 0.0252871 0.0159026 0.038479 133060 2 12.6929 0.281881 6.71038 6 3 5.52279 1.3522 1.59848 9 7 0.223896 5.54687e-05 3.27448 2 
0.061079 -2.09865e-05 -1 0.500844 0.0360396 0.0189608 0.045746 134307 5 28.2753 0.261682 2.5511 6 2 4.41197 0.802728 2.3444 10 8 0.419819 8.0278e-05 2.91614 2 
0.0828488 -6.87454e-06 -1 0.501621 0.0481782 0.0217698 0.052317 137011 2 56.1929 0.20163 16.6941 6 2 12.3722 0.158832 8.8258 10 10 0.717947 5.41238e-05 2.58387 2 
0.107158 -6.40602e-08 -1 0.502787 0.0613678 0.0243096 0.059919 136718 3 68.7566 0.113207 8.46864 5 2 19.0519 0.240082 8.90818 10 12 1.01244 9.13506e-05 2.17298 2 
0.133698 9.49168e-07 -1 0.504413 0.075372 0.0265398 0.072532 127061 4 99.8729 0.0445231 6.88201 4 2 29.3412 0.362903 8.99174 10 28 1.23977 8.80048e-05 1.40661 2 
0.162361 4.03966e-06 -1 0.506577 0.0900025 0.028663 0.089408 114531 10 157.345 0.107924 2.07192 5 3 48.9509 0.290827 5.52131 9 27 3.68147 9.40136e-05 1.47947 3 
0.192873 9.52246e-06 -1 0.509339 0.10505 0.0305122 0.102787 109586 9 78.8968 0.0912642 2.11986 6 3 25.023 0.399552 3.9712 9 14 5.51177 3.97072e-05 2.32979 4 
0.225139 1.50176e-05 -1 0.512753 0.120351 0.0322658 0.445416 27587.7 9 150.844 0.0748198 2.32899 7 100 44.2041 0.43576 1.04728 100 11 5.03317 5.01028e-05 2.84922 4 
0.258979 2.11891e-05 -1 0.51686 0.135683 0.0338398 1.07278 12408.9 8 207.487 0.0871132 2.6431 6 100 72.1622 0.441614 1.05228 100 12 4.32018 6.41535e-05 2.52555 4 
0.293676 2.79454e-05 -1 0.521605 0.150659 0.0346965 1.68022 8532.2 9 149.038 0.0818233 2.30287 6 100 77.8538 0.393234 1.05431 100 10 8.00275 5.23069e-05 3.29965 4 
0.329285 3.52273e-05 -1 0.52699 0.165143 0.0356095 1.69533 9060.17 10 238.522 0.0601355 2.29002 7 1 78.9869 0.274125 288.142 100 7 4.06052 8.36695e-05 4.67122 4 
0.364895 4.22756e-05 -1 0.532806 0.178617 0.0356095 1.71617 9546.87 9 478.602 0.0602701 2.71218 7 2 210.913 0.238812 29.7182 99 7 4.06481 2.53122e-05 5.54208 4 
0.400504 4.87855e-05 -1 0.539175 0.191008 0.0356095 2.32342 7492.42 13 1040.04 0.0668602 2.10113 6 100 446.799 0.464423 1.0711 100 8 7.9791 3.16505e-05 4.73366 3 
0.434264 5.23473e-05 -1 0.545664 0.201835 0.0337597 2.92709 6297.03 12 375.502 0.0814674 2.01977 6 100 112.479 0.465911 1.0564 100 7 9.90072 6.82802e-05 5.46184 3 
0.46594 5.6318e-05 -1 0.552097 0.211032 0.0316758 3.53539 5503.2 12 303.934 0.0953204 1.95869 6 100 176.106 0.587742 1.05868 100 12 5.56453 6.67228e-05 2.57097 3 
0.49647 6.12386e-05 -1 0.558481 0.218867 0.0305308 4.1437 4942.44 9 278.375 0.100887 2.41163 6 100 175.184 0.66199 1.05737 100 17 5.58022 6.65795e-05 1.94808 3 
0.525924 6.79506e-05 -1 0.564909 0.225631 0.0294533 4.75133 4525.89 7 428.513 0.101044 3.29767 7 100 187.348 0.934416 1.05444 100 16 6.24251 6.33718e-05 2.05159 3 
0.554692 7.68745e-05 -1 0.571398 0.231479 0.0287683 5.35878 4203.94 4 1168.17 0.0843533 10.848 6 100 528.25 0.561574 1.07086 100 18 5.16262 9.96462e-05 1.82773 3 
0.582799 9.37623e-05 -1 0.577858 0.236099 0.028107 5.3754 4381.44 6 429.178 0.121984 3.89992 4 1 173.735 0.43482 399.555 100 16 9.08361 7.96719e-05 2.07043 4 
0.610583 0.000117932 -1 0.584397 0.239938 0.0277839 5.98275 4107.81 8 545.715 0.118642 2.86973 4 100 249.417 1.12414 1.05551 100 14 6.25059 4.89723e-05 2.31586 4 
0.638367 0.000139505 -1 0.591117 0.243069 0.0277839 6.58692 3886.49 7 263.071 0.121329 2.99631 4 100 182.513 1.00756 1.05337 100 12 5.66781 7.62292e-05 2.54649 4 
0.665828 0.000160002 -1 0.59767 0.245402 0.0274609 7.18433 3705.85 7 414.26 0.119767 3.20304 4 100 160.988 0.9243 1.05295 100 9 4.09306 3.00202e-05 3.71976 4 
0.693289 0.000179015 -1 0.604325 0.247129 0.0274609 7.78546 3551.23 9 619.329 0.11661 2.59364 3 100 271.156 0.631998 1.06249 100 8 5.12133 3.32687e-05 4.4506 4 
0.720749 0.000196271 -1 0.611169 0.248309 0.0274609 8.39177 3416.68 16 1304.83 0.129962 1.77872 6 100 570.743 0.56851 1.07156 100 7 7.51598 8.82489e-05 5.06204 4 
0.74821 0.000201938 -1 0.617857 0.248722 0.0274609 8.99888 3299.97 8 460.196 0.12587 2.78854 7 100 202.339 0.768963 1.05731 100 7 8.10273 9.54675e-05 5.05954 4 
0.775671 0.000207892 -1 0.624619 0.248807 0.0274609 9.62771 3190.79 8 315.536 0.117408 2.6833 7 100 210.836 0.882177 1.05629 100 8 5.16929 2.65032e-05 4.58423 4 
0.803132 0.000214052 -1 0.631459 0.248577 0.0274609 10.2449 3098.51 7 372.987 0.11175 3.18676 7 100 164.75 0.848027 1.05411 100 7 6.75553 6.22889e-05 5.23988 4 
0.83094 0.000222166 -1 0.638269 0.248011 0.0278085 10.2578 3194.44 5 469.628 0.11247 5.29839 6 1 182.07 0.47655 382.058 100 7 4.21881 3.31374e-05 5.36127 4 
0.858749 0.000238341 -1 0.645093 0.246896 0.0278085 10.2727 3289.5 12 1574.79 0.0965577 2.24407 5 1 724.706 0.328425 2206.61 100 7 4.27301 5.40934e-05 5.0079 4 
0.886557 0.000245717 -1 0.651839 0.245582 0.0278085 10.8865 3198.09 10 513.737 0.128292 2.29221 5 100 221.589 0.630505 1.06037 100 12 8.85594 4.04893e-05 2.78606 4 
0.914737 0.000251805 -1 0.658722 0.244074 0.0281792 11.5018 3116.03 10 382.233 0.104036 2.27255 5 100 222.91 0.647139 1.06016 100 12 8.56546 4.21502e-05 2.76904 4 
0.942916 0.000257515 -1 0.665529 0.24254 0.0281792 12.114 3043.1 12 407.642 0.114589 1.97664 4 100 225.832 0.688688 1.05964 100 8 5.97439 7.4243e-05 4.10397 4 
0.971486 0.000263153 -1 0.672369 0.240855 0.0285706 12.7215 2978.27 14 464.869 0.100495 1.82725 5 100 303.935 0.630648 1.06373 100 7 5.98073 2.80759e-05 5.77036 4 
1.00006 0.000269002 -1 0.67916 0.239037 0.0285706 12.7435 3053.49 15 1814.71 0.109602 1.91102 5 2 850.147 0.378161 47.4142 99 10 5.3841 7.31867e-05 3.06668 3 
1.02904 0.000272891 -1 0.685978 0.236992 0.0289847 13.3667 2987.72 13 538.339 0.10079 1.93527 5 100 234.394 0.514327 1.06313 100 16 9.60565 6.13905e-05 2.11179 3 
1.05846 0.000276066 -1 0.69288 0.234928 0.0294173 13.9782 2930.27 11 355.364 0.10226 2.09849 5 100 284.267 0.560793 1.06426 100 25 10.8775 9.70687e-05 1.59213 2 
1.08788 0.000280047 -1 0.699682 0.23299 0.0294173 14.5945 2876.69 11 480.367 0.106986 2.14794 5 100 324.492 0.703184 1.06326 100 37 7.75485 9.86908e-05 1.35614 2 
1.11729 0.000286248 -1 0.706422 0.231127 0.0294173 14.6113 2943.48 9 431.643 0.0894634 2.56611 5 1 275.395 0.247631 1112.12 100 20 9.29271 7.94455e-05 1.79227 2 
1.14718 0.000295066 -1 0.713244 0.229229 0.0298842 14.6443 3006.78 8 1871.05 0.0884625 3.47269 5 1 880.356 0.102522 8587.01 100 60 12.0237 8.4079e-05 1.21877 3 
1.17706 0.000306293 -1 0.720017 0.22729 0.0298842 14.6608 3073.22 7 690.871 0.111788 3.47994 4 1 254.121 0.328489 773.608 100 15 15.8234 5.28068e-05 2.31797 4 
1.20695 0.000321485 -1 0.726787 0.225459 0.0298842 14.6761 3139.81 8 331.563 0.0965951 2.76663 4 1 306.006 0.433518 705.867 100 11 16.7139 7.38443e-05 3.06758 4 
1.23496 0.000335657 -1 0.732959 0.223944 0.0280165 15.2824 3082.25 8 561.395 0.111883 2.9011 4 100 281.396 0.672169 1.06223 100 15 16.6823 9.8887e-05 2.23087 3 
1.26298 0.000352956 -1 0.73912 0.222437 0.0280165 15.2977 3146.1 11 636.716 0.110047 2.19803 4 1 296.379 0.339671 872.547 100 12 18.6819 9.36401e-05 2.7648 3 
1.29145 0.000364844 -1 0.745381 0.220826 0.0284758 15.3182 3208.74 12 1444.14 0.117547 2.19171 5 1 656.971 0.173708 3782.04 100 29 18.199 7.22412e-05 1.5355 2 
1.31993 0.000369028 -1 0.751605 0.219367 0.0284758 15.3384 3271.28 11 655.7 0.106067 2.2113 4 1 555.008 0.395254 1404.18 100 29 17.8294 7.29479e-05 1.5339 2 
1.34747 0.000372986 -1 0.757576 0.218209 0.0275421 15.3562 3334.17 11 359.13 0.122971 2.06557 5 1 490.276 0.179275 2734.77 100 22 20.9219 7.27788e-05 1.77059 2 
1.3729 0.000378446 -1 0.763118 0.217412 0.0254235 15.3708 3397.62 8 482.959 0.148475 2.7481 5 1 252.31 0.173776 1451.93 100 14 19.5741 6.52014e-05 2.46175 2 
1.39832 0.000385969 -1 0.768542 0.216625 0.0254235 15.3847 3461.1 8 528.419 0.129788 2.8263 4 1 558.294 0.195211 2859.95 100 12 25.8405 4.3372e-05 3.02871 2 
1.42415 0.000395784 -1 0.774078 0.215765 0.0258336 15.4017 3523.76 11 1530.63 0.142195 2.32565 4 1 708.477 0.305269 2320.82 100 16 34.7302 5.62218e-05 2.30105 3 
1.44667 0.000400207 -1 0.77891 0.215288 0.0225121 15.4203 3585.93 10 391.077 0.1743 2.1632 4 1 356.168 0.482053 738.855 100 20 31.7595 7.22636e-05 1.91491 3 
1.46951 0.000403751 -1 0.783844 0.214612 0.0228432 15.4404 3647.58 10 667.23 0.158939 2.30306 4 1 735.69 0.545812 1347.88 100 25 35.6312 8.27313e-05 1.68022 3 
1.49235 0.000407561 -1 0.788674 0.213983 0.0228432 15.4623 3708.63 8 445.842 0.17154 2.67209 4 2 622.333 0.555028 33.4853 99 16 37.1582 7.89118e-05 2.26234 3 
1.51452 0.00041258 -1 0.793364 0.213572 0.0221713 15.4769 3771.31 8 438.394 0.158583 2.69278 5 1 374.983 0.572522 654.967 99 12 37.1506 4.91664e-05 3.08929 3 
1.53703 0.000417913 -1 0.798079 0.213148 0.0225072 15.4991 3831.98 7 654.589 0.188221 3.20553 4 1 791.386 0.29891 2647.58 99 41 29.8021 9.07773e-05 1.36315 2 
1.55854 0.000424305 -1 0.802641 0.212886 0.0215143 15.5151 3894.02 10 1114.92 0.203881 2.36476 4 1 803.563 0.375483 2140.08 99 18 28.4878 8.68313e-05 2.02509 2 
1.58006 0.000428029 -1 0.80721 0.212511 0.0215143 15.5307 3956.03 12 868.192 0.167789 2.03933 4 1 727.684 0.850629 855.466 99 15 32.7106 5.21828e-05 2.43488 2 
1.6019 0.000430274 -1 0.811842 0.212078 0.0218452 15.5575 4015.05 11 697.289 0.171617 2.12852 4 2 913.743 0.640777 37.7623 98 33 33.5 7.19966e-05 1.48508 2 
1.6208 0.000432676 -1 0.815811 0.212232 0.0188932 15.5771 4075.74 8 449.909 0.264531 2.53414 4 2 479.365 0.623054 27.7377 97 11 21.2641 6.34844e-05 3.17886 3 
1.63969 0.00043571 -1 0.819808 0.212101 0.0188932 15.5907 4137.86 7 1004.28 0.248175 3.27567 3 1 806.814 1.03309 780.973 97 11 23.7512 9.87247e-05 3.08465 3 
1.65885 0.000440921 -1 0.82382 0.211868 0.0191593 15.6056 4199.52 7 1079.63 0.249178 3.30779 3 1 994.985 0.603358 1649.08 97 12 28.377 5.01878e-05 3.01553 3 
1.67801 0.000447811 -1 0.827861 0.211578 0.0191593 15.6191 4261.44 7 812.182 0.257199 3.16164 2 1 949.972 0.785551 1209.31 97 12 19.2673 9.23309e-05 2.77517 3 
1.69564 0.000458715 -1 0.831572 0.211515 0.0176265 15.6325 4323.3 7 983.016 0.221798 3.31851 3 1 684.467 0.113473 6031.96 97 12 21.3673 7.11337e-05 2.8607 3 
1.71326 0.00046962 -1 0.835316 0.211308 0.0176265 15.6502 4383.83 6 607.818 0.296612 3.56394 2 1 663.102 0.441364 1502.39 97 24 31.4091 8.17441e-05 1.7088 3 
1.73042 0.00048258 -1 0.838916 0.21114 0.0171565 15.6666 4444.62 7 870.938 0.32801 3.0843 2 1 973.947 1.31208 742.291 97 20 38.3309 6.10932e-05 1.9493 3 
1.74758 0.000494994 -1 0.842533 0.210933 0.0171565 15.6844 4504.85 7 770.137 0.31731 3.04497 2 1 1252.29 1.30664 958.4 97 24 47.9843 6.68991e-05 1.75383 3 
1.76473 0.000507353 -1 0.846116 0.210719 0.0171565 15.7005 4565.47 6 584.215 0.320805 3.49453 2 1 626.167 0.901735 694.403 97 20 53.8175 5.94301e-05 1.98539 3 
1.78142 0.000520452 -1 0.849618 0.210556 0.0166928 15.7143 4626.62 6 1063.55 0.281872 3.94564 2 1 1087.04 0.599865 1812.14 97 14 54.9113 6.27497e-05 2.65725 3 
1.79789 0.000531113 -1 0.853041 0.21036 0.0164672 15.7277 4687.78 6 749.157 0.311257 3.6608 2 1 1253.78 0.551268 2274.36 97 13 54.9996 8.21005e-05 2.80643 3 
1.8133 0.000540729 -1 0.856264 0.210255 0.0154116 15.7411 4748.85 6 977.854 0.345386 3.76122 2 1 1357.86 0.630638 2153.15 97 13 55.3353 8.51559e-05 2.79987 3 
1.82814 0.000549676 -1 0.859348 0.210082 0.0148337 15.7545 4809.8 6 579.535 0.288602 3.55192 2 1 798.878 1.03731 770.146 97 13 56.6626 6.68729e-05 2.85761 3 
1.84297 0.000556456 -1 0.862476 0.209665 0.0148337 15.7679 4870.64 6 1224.36 0.339601 3.91583 2 1 1298.97 0.222698 5832.87 97 13 60.4751 4.71396e-05 2.95026 3 
1.85819 0.000562933 -1 0.865653 0.209092 0.0152241 15.7817 4931.28 7 1159.35 0.423315 3.09798 3 1 1658.79 1.04345 1589.72 97 13 65.5657 5.75339e-05 2.92351 3 
1.87362 0.000568786 -1 0.868884 0.208592 0.0154298 15.8014 4989.95 6 498.758 0.324503 3.39713 3 2 880.29 1.32976 25.7292 96 13 70.6541 5.99588e-05 2.93104 3 
1.88905 0.0005738 -1 0.872083 0.20831 0.0154298 15.8155 5050.23 7 1099.25 0.270627 3.27742 4 1 1345.45 1.54843 868.909 96 13 74.5264 5.07606e-05 2.98104 3 
1.90367 0.000576288 -1 0.875125 0.208116 0.0146177 15.8287 5110.7 5 1286.83 0.450488 4.91097 3 1 1570.59 0.788937 1990.77 96 12 70.7623 4.9232e-05 3.25934 3 
1.91829 0.00058237 -1 0.878139 0.207705 0.0146177 15.8482 5169.06 8 1888.53 0.345711 2.93208 3 2 1576.37 0.397103 63.0053 95 12 76.6131 5.76458e-05 3.23813 3 
1.93331 0.00058904 -1 0.881248 0.206992 0.0150238 15.8675 5227.29 7 1389.42 0.367606 3.24388 2 2 1415.1 0.0545755 161.025 94 13 87.5719 4.17173e-05 3.06416 3 
1.94877 0.000597801 -1 0.884418 0.206136 0.0154592 15.8866 5285.46 7 1164.81 0.365824 3.16538 2 2 1117.89 0.161506 83.1965 93 13 98.6015 5.53036e-05 3.02591 3 
1.96446 0.00060762 -1 0.887641 0.204801 0.01569 15.9004 5345.29 9 2833.96 0.369762 2.70152 3 1 2211.84 1.54079 1435.52 93 12 106.646 5.56948e-05 3.33819 3 
1.98039 0.000616794 -1 0.890895 0.202486 0.0159313 15.9193 5403.27 9 2224.66 0.29312 2.69858 3 2 1668.16 0.111962 122.063 92 11 91.321 8.5438e-05 3.53251 3 
1.99633 0.000625788 -1 0.894162 0.199651 0.0159313 15.9401 5460.43 11 2938.4 0.298497 2.30683 3 2 2323.48 0.260486 94.4447 91 15 80.145 5.39742e-05 2.57897 3 
2.01226 0.000628459 -1 0.897342 0.197051 0.0159313 15.9541 5519.85 9 3327.77 0.371235 2.74895 2 1 2986.43 0.788699 3786.53 91 13 63.3384 9.04951e-05 2.81591 3 
2.02872 0.000621218 -1 0.90059 0.194981 0.0164624 15.9689 5578.84 9 3077.63 0.339379 2.75249 3 1 2959.05 1.43733 2058.71 91 15 59.8853 6.76631e-05 2.49152 3 
2.04576 0.000617045 -1 0.903888 0.193743 0.01704 15.9889 5635.92 8 1912.21 0.326985 2.95717 3 2 1937.86 1.03383 43.2949 90 15 39.1409 5.59192e-05 2.45285 3 
2.06311 0.000616002 -1 0.907239 0.193287 0.0173498 16.0025 5695.11 8 780.978 0.321479 2.64963 3 1 896.321 1.3038 687.469 90 12 30.9775 5.04689e-05 3.03623 3 
2.08079 0.000619843 -1 0.910611 0.193231 0.0176772 16.0157 5754.34 10 1240.28 0.319961 2.28477 3 1 1372.77 0.332098 4133.62 90 10 34.79 3.73351e-05 3.95306 3 
2.09881 0.00062562 -1 0.914068 0.193337 0.0180238 16.0286 5813.6 10 1560.75 0.254637 2.39189 3 1 1693.96 0.246426 6874.13 90 9 34.2964 8.3692e-05 4.20357 3 
2.1172 0.000631413 -1 0.917578 0.193259 0.0183916 16.0404 5873.17 8 1198.08 0.275738 2.84937 3 1 1606.01 0.3242 4953.74 90 7 19.4313 6.52032e-05 6.05387 3 
2.13598 0.000637201 -1 0.921223 0.19299 0.0187829 16.0554 5931.46 10 656.548 0.190107 2.25854 4 1 702.486 0.739954 949.364 90 16 10.2583 6.39189e-05 2.11515 2 
2.15562 0.000639561 -1 0.925035 0.192536 0.0196367 16.07 5989.79 9 582.429 0.23111 2.38746 4 1 565.181 0.960245 588.58 90 16 14.947 8.33463e-05 2.12988 2 
2.17526 0.000642532 -1 0.928836 0.192194 0.0196367 16.0904 6045.83 8 452.916 0.214405 2.60374 4 2 429.634 0.937969 21.402 89 18 15.8117 7.08307e-05 1.98223 2 
2.19489 0.000645541 -1 0.932565 0.191818 0.0196367 16.1033 6104.59 7 1141.99 0.226365 3.38048 4 1 1086.3 0.452449 2400.93 89 12 14.6244 5.58124e-05 2.82832 2 
2.21453 0.000650158 -1 0.936289 0.191376 0.0196367 16.1151 6163.64 6 1127.45 0.233736 4.11051 4 1 1149.44 0.454611 2528.41 89 10 12.7797 6.58774e-05 3.37892 2 
2.23467 0.00065626 -1 0.940068 0.190768 0.0201402 16.1326 6220.46 7 1025.83 0.187246 3.42054 4 2 1086.19 0.0816156 115.363 88 10 11.5614 5.0107e-05 3.43804 2 
2.25481 0.000662926 -1 0.943851 0.190218 0.0201402 16.1503 6277.04 8 460.514 0.216552 2.60591 3 2 676.772 0.146133 68.053 87 11 10.185 6.238e-05 2.97784 2 
2.27551 0.000672281 -1 0.947759 0.189589 0.0206997 16.1639 6335.12 6 1001.69 0.226549 4.05131 3 1 857.277 0.773561 1108.22 87 14 18.4246 7.96718e-05 2.41629 3 
2.29564 0.000681646 -1 0.951607 0.189164 0.0201247 16.1811 6391.63 6 692.02 0.227177 3.80738 3 1 638.255 0.438188 1456.58 87 23 20.8853 9.50496e-05 1.70709 3 
2.31635 0.000691315 -1 0.955576 0.188851 0.0207166 16.2008 6447.1 9 917.086 0.189749 2.5666 3 1 934.176 0.756348 1235.11 87 27 20.7436 6.80965e-05 1.59625 3 
2.33707 0.000698775 -1 0.959522 0.188551 0.0207166 16.2234 6501.22 8 769.549 0.16157 2.88227 4 2 781.417 0.746585 32.352 86 22 18.3443 7.05544e-05 1.76252 3 
2.35845 0.000704848 -1 0.963485 0.188159 0.0213849 16.2435 6556.21 8 780.902 0.19002 2.8296 3 2 584.354 0.535223 33.0423 85 16 17.1879 7.66872e-05 2.15976 3 
2.37627 0.000710684 -1 0.96678 0.18804 0.0178207 16.2558 6614.25 7 559.037 0.253721 3.00319 2 1 508.118 0.102268 4968.47 85 11 10.5768 7.82057e-05 2.92729 3 
2.39518 0.000719598 -1 0.970263 0.187858 0.0189008 16.268 6672.26 8 336.302 0.17382 2.5753 3 1 845.551 0.106959 7905.35 85 10 11.298 4.05755e-05 3.50327 3 
2.41469 0.000730175 -1 0.973896 0.187721 0.0195105 16.2831 6728.96 9 920.734 0.234939 2.50751 3 1 560.718 0.273802 2047.9 85 20 14.8487 9.82978e-05 1.81534 2 
2.43487 0.000737683 -1 0.977702 0.187446 0.0201832 16.3031 6783.49 11 965.789 0.203641 2.15866 3 2 926.353 0.107949 92.636 84 18 21.9735 7.03226e-05 2.01961 2 
2.45505 0.000742049 -1 0.981552 0.187175 0.0201832 16.3184 6839.9 8 717.7 0.234293 2.72755 3 1 733.832 0.226517 3239.64 84 21 22.0942 7.96776e-05 1.8163 2 
2.47601 0.000747821 -1 0.98557 0.186883 0.0209595 16.3331 6896.42 8 546.597 0.185205 2.71489 4 1 521.865 0.25772 2024.93 84 19 21.5426 5.75782e-05 1.9648 2 
2.49784 0.000754013 -1 0.9896 0.186481 0.0218328 16.3467 6953.32 9 844.044 0.169172 2.57569 3 1 771.327 0.21488 3589.58 84 14 20.6871 6.92911e-05 2.46078 2 
2.51516 0.000758004 -1 0.992756 0.186425 0.0173157 16.3586 7010.85 8 666.407 0.281371 2.64124 3 1 588.039 0.851511 690.583 84 11 9.83725 3.58436e-05 3.1218 2 
2.53381 0.000765527 -1 0.996169 0.186289 0.0186477 16.37 7068.56 6 205.253 0.235847 3.08989 3 1 857.649 1.07472 798.018 84 10 11.7155 9.25634e-05 3.23767 2 
2.55323 0.000775981 -1 0.999729 0.18625 0.0194247 16.3822 7125.78 9 834.705 0.227636 2.48904 3 1 513.462 1.03405 496.554 84 11 8.58991 8.33976e-05 2.8557 2 
2.57354 0.000785145 -1 1.00352 0.186152 0.0203076 16.3998 7180.58 13 919.787 0.19041 1.92037 3 1 908.957 0.307777 2953.3 84 20 15.0728 6.76234e-05 1.85099 3 
2.59486 0.000788514 -1 1.00755 0.18593 0.021323 16.4163 7235.75 12 929.491 0.178228 2.04067 3 1 836.14 0.279388 2992.75 84 17 23.2123 8.26101e-05 2.09176 3 
2.61619 0.000791576 -1 1.01161 0.185755 0.021323 16.4335 7290.48 9 570.897 0.182033 2.44619 4 1 561.739 0.587776 955.702 84 21 24.5597 6.8865e-05 1.8382 3 
2.63751 0.000796474 -1 1.01555 0.185465 0.021323 16.4479 7346.35 8 687.198 0.152259 2.86294 4 1 708.13 0.785844 901.107 84 14 22.4151 9.89767e-05 2.41268 3 
2.65563 0.000800723 -1 1.01884 0.185473 0.0181245 16.4603 7403.04 6 590.255 0.280547 3.57964 4 1 529.367 0.29472 1796.17 84 11 11.1799 5.13178e-05 3.05695 3 
2.67477 0.000805742 -1 1.02231 0.185479 0.0191314 16.4833 7454.8 7 267.774 0.176633 2.84699 4 1 646.428 0.526918 1226.81 84 47 11.8223 8.55944e-05 1.28637 2 
2.69509 0.000811057 -1 1.02602 0.185607 0.0203272 16.4988 7509.86 7 705.454 0.189649 3.23649 4 1 347.706 0.288778 1204.06 84 22 11.4071 7.17458e-05 1.72356 2 
2.71687 0.000816152 -1 1.03007 0.185685 0.0217791 16.514 7564.99 9 861.706 0.180663 2.56284 4 1 713.748 0.594481 1200.62 84 18 11.2557 7.72876e-05 1.93574 2 
2.73865 0.000818985 -1 1.03418 0.18577 0.0217791 16.5341 7617.7 8 928.911 0.164944 2.94327 4 2 875.436 0.298411 54.1632 83 19 16.6677 6.37923e-05 1.92802 2 
2.76043 0.000822305 -1 1.03832 0.185771 0.0217791 16.5553 7669.82 9 934.065 0.193815 2.56579 3 2 762.762 0.525898 38.0841 82 23 23.7206 8.37777e-05 1.72601 2 
2.77886 0.000827843 -1 1.04174 0.185867 0.0184285 16.5687 7725.39 8 509.961 0.238725 2.60738 3 1 435.777 0.514682 846.692 82 16 18.6089 7.95555e-05 2.16554 2 
2.79729 0.000833985 -1 1.04508 0.185807 0.0184285 16.5812 7781.32 8 698.707 0.273782 2.66601 2 1 492.484 0.195647 2517.21 82 14 14.4504 4.58565e-05 2.47029 2 
2.81756 0.000847341 -1 1.04877 0.185884 0.0202713 16.599 7834.71 10 386.383 0.178528 2.15542 3 2 565.054 0.0885134 79.8988 81 13 12.6651 4.17062e-05 2.64073 2 
2.83783 0.000857413 -1 1.05248 0.186076 0.0202713 16.6103 7891.02 7 573.894 0.213705 3.0893 2 1 305.134 0.703797 433.554 81 11 14.6067 6.24198e-05 3.07689 2 
2.8581 0.000872786 -1 1.05625 0.186412 0.0202713 16.6243 7945.96 8 834.483 0.215541 2.80857 2 1 392.543 0.445946 880.248 81 16 10.296 5.26388e-05 2.14146 3 
2.88175 0.000887267 -1 1.06073 0.186612 0.0236499 16.6394 8000.27 12 723.091 0.121605 2.0631 3 1 741.429 0.232199 3193.07 81 13 14.2128 5.10092e-05 2.6233 4 
2.9054 0.000894398 -1 1.06522 0.18673 0.0236499 16.6549 8054.32 11 1205.5 0.164418 2.24586 4 1 969.143 0.448217 2162.22 81 13 21.1483 5.78627e-05 2.67864 4 
2.92117 0.000898918 -1 1.06816 0.187104 0.0157666 16.6677 8109.59 4 547.72 0.396739 6.09556 2 1 705.043 0.396758 1777.01 81 14 13.0011 7.17599e-05 2.37453 3 
2.93693 0.000908694 -1 1.07104 0.187225 0.0157666 16.6813 8164.34 9 616.053 0.281421 2.35039 3 1 549.261 0.488143 1125.2 81 14 12.9503 5.80514e-05 2.41009 3 
2.9527 0.000916596 -1 1.07394 0.187389 0.0157666 16.6948 8219.07 5 504.854 0.345227 4.29548 3 1 554.051 0.247512 2238.48 81 12 8.76756 8.68866e-05 2.61212 3 
2.96847 0.000925869 -1 1.07684 0.187649 0.0157666 16.7225 8266.7 7 257.424 0.289573 2.63797 2 1 570.092 1.31934 432.105 81 10 8.72602 6.9072e-05 3.23707 3 
2.98423 0.000933665 -1 1.07977 0.187987 0.0157666 16.7377 8320.36 6 523.682 0.384672 3.32912 2 1 232.863 0.267304 871.152 81 25 9.5478 8.36261e-05 1.59332 2 
3 0.000941646 -1 1.08273 0.188287 0.0157666 16.7504 8375.2 6 565.29 0.399412 3.35075 2 1 228.67 0.0374846 6100.38 81 17 10.14 8.84672e-05 1.98428 2 

# Multigrid, 137 steps, 134.064 CPU, 16.77 real, 8.36e+03 points.step/s, 24 var
