0 0.00999097
0.0338878 0.00998506
0.0677756 0.00996815
0.101663 0.00994062
0.135551 0.00990275
0.169439 0.00985463
0.203327 0.00979646
0.237215 0.00972848
0.271102 0.0096509
0.30499 0.00956393
0.338878 0.00946779
0.372766 0.00936273
0.406653 0.00924896
0.440541 0.00912666
0.474429 0.00899603
0.508317 0.00885726
0.542205 0.00871054
0.576092 0.00855606
0.60998 0.00839405
0.643868 0.00822475
0.677756 0.00804842
0.711644 0.00786526
0.745531 0.00767549
0.779419 0.00747982
0.813307 0.00727805
0.847195 0.00707041
0.881082 0.00685716
0.91497 0.00663859
0.948858 0.0064149
0.982746 0.00618636
1.01663 0.00595323
1.05052 0.00571574
1.08441 0.00547417
1.1183 0.00522876
1.15218 0.00497979
1.18607 0.00472753
1.21996 0.00447223
1.25385 0.00421417
1.28774 0.00395362
1.32162 0.00369079
1.35551 0.00342598
1.3894 0.00315951
1.42329 0.00289165
1.45717 0.00262268
1.49106 0.00235286
1.52495 0.00208246
1.55884 0.00181176
1.59273 0.00154105
1.62661 0.00127059
1.6605 0.00100064
1.69439 0.000731474
1.72828 0.00046336
1.76216 0.000196552
1.79605 6.85014e-05
1.82994 0.000331897
1.86383 0.000593186
1.89772 0.00085213
1.9316 0.00110849
1.96549 0.00136204
1.99938 0.00161256
2.03327 0.00185983
2.06716 0.00210364
2.10104 0.00234377
2.13493 0.00258004
2.16882 0.00281224
2.20271 0.00304018
2.23659 0.00326369
2.27048 0.00348258
2.30437 0.00369668
2.33826 0.00390584
2.37215 0.00410981
2.40603 0.00430851
2.43992 0.00450179
2.47381 0.00468952
2.5077 0.00487156
2.54158 0.00504777
2.57547 0.00521803
2.60936 0.00538221
2.64325 0.00554019
2.67714 0.00569187
2.71102 0.00583714
2.74491 0.0059759
2.7788 0.00610806
2.81269 0.00623354
2.84657 0.00635225
2.88046 0.00646413
2.91435 0.00656912
2.94824 0.00666715
2.98213 0.00675819
3.01601 0.00684218
3.0499 0.0069191
3.08379 0.00698893
3.11768 0.00705163
3.15156 0.00710721
3.18545 0.00715566
3.21934 0.00719698
3.25323 0.00723118
3.28712 0.00725828
3.321 0.0072783
3.35489 0.00729128
3.38878 0.00729725
3.42267 0.00729625
3.45655 0.00728835
3.49044 0.0072736
3.52433 0.00725206
3.55822 0.00722381
3.59211 0.00718892
3.62599 0.00714748
3.65988 0.00709957
3.69377 0.00704529
3.72766 0.00698473
3.76154 0.00691801
3.79543 0.00684521
3.82932 0.00676647
3.86321 0.00668189
3.8971 0.00659159
3.93098 0.0064957
3.96487 0.00639435
3.99876 0.00628768
4.03265 0.00617581
4.06653 0.00605889
4.10042 0.00593706
4.13431 0.00581048
4.1682 0.00567928
4.20209 0.00554364
4.23597 0.0054037
4.26986 0.00525963
4.30375 0.00511159
4.33764 0.00495975
4.37152 0.00480428
4.40541 0.00464536
4.4393 0.00448314
4.47319 0.00431782
4.50708 0.00414957
4.54096 0.00397855
4.57485 0.00380494
4.60874 0.00362889
4.64263 0.00345066
4.67651 0.00327042
4.7104 0.00308836
4.74429 0.00290466
4.77818 0.0027195
4.81207 0.00253308
4.84595 0.0023456
4.87984 0.00215724
4.91373 0.00196818
4.94762 0.00177861
4.9815 0.00158874
5.01539 0.00139873
5.04928 0.00120877
5.08317 0.00101905
5.11706 0.000829753
5.15094 0.000641056
5.18483 0.000453131
5.21872 0.000266151
5.25261 8.03085e-05
5.28649 0.000104094
5.32038 0.00028716
5.35427 0.000468584
5.38816 0.000648203
5.42205 0.000825849
5.45593 0.00100138
5.48982 0.00117464
5.52371 0.0013455
5.5576 0.00151381
5.59149 0.00167941
5.62537 0.00184218
5.65926 0.00200198
5.69315 0.0021587
5.72704 0.00231219
5.76092 0.00246235
5.79481 0.00260906
5.8287 0.0027522
5.86259 0.00289167
5.89648 0.00302737
5.93036 0.00315918
5.96425 0.00328702
5.99814 0.00341079
6.03203 0.00353039
6.06591 0.00364575
6.0998 0.00375679
6.13369 0.00386341
6.16758 0.00396554
6.20147 0.0040631
6.23535 0.00415605
6.26924 0.00424434
6.30313 0.0043279
6.33702 0.00440669
6.3709 0.00448067
6.40479 0.00454981
6.43868 0.00461406
6.47257 0.0046734
6.50646 0.00472781
6.54034 0.00477727
6.57423 0.00482177
6.60812 0.0048613
6.64201 0.00489586
6.67589 0.00492546
6.70978 0.0049501
6.74367 0.0049698
6.77756 0.00498456
6.81145 0.00499443
6.84533 0.00499941
6.87922 0.00499955
6.91311 0.00499488
6.947 0.00498543
6.98088 0.00497127
7.01477 0.00495242
7.04866 0.00492895
7.08255 0.00490092
7.11644 0.00486838
7.15032 0.00483139
7.18421 0.00479004
7.2181 0.00474437
7.25199 0.00469448
7.28587 0.00464044
7.31976 0.00458233
7.35365 0.00452023
7.38754 0.00445423
7.42143 0.00438442
7.45531 0.0043109
7.4892 0.00423376
7.52309 0.0041531
7.55698 0.00406902
7.59086 0.00398162
7.62475 0.003891
7.65864 0.00379725
7.69253 0.00370052
7.72642 0.00360091
7.7603 0.00349853
7.79419 0.00339352
7.82808 0.00328599
7.86197 0.00317605
7.89585 0.00306382
7.92974 0.00294942
7.96363 0.002833
7.99752 0.00271467
8.03141 0.00259455
8.06529 0.00247278
8.09918 0.00234949
8.13307 0.0022248
8.16696 0.00209884
8.20084 0.00197175
8.23473 0.00184366
8.26862 0.0017147
8.30251 0.00158499
8.3364 0.00145468
8.37028 0.00132388
8.40417 0.00119273
8.43806 0.00106135
8.47195 0.000929889
8.50583 0.000798458
8.53972 0.000667183
8.57361 0.000536189
8.6075 0.000405606
8.64139 0.000275563
8.67527 0.000146177
8.70916 1.756e-05
8.74305 0.000109959
8.77694 0.000236663
8.81082 0.000362239
8.84471 0.000486572
8.8786 0.000609551
8.91249 0.000731066
8.94638 0.000851015
8.98026 0.0009693
9.01415 0.00108582
9.04804 0.00120047
9.08193 0.00131317
9.11582 0.00142381
9.1497 0.00153231
9.18359 0.00163858
9.21748 0.00174253
9.25137 0.00184409
9.28525 0.00194317
9.31914 0.00203971
9.35303 0.00213362
9.38692 0.00222483
9.42081 0.00231329
9.45469 0.00239891
9.48858 0.00248164
9.52247 0.00256143
9.55636 0.00263821
9.59024 0.00271192
9.62413 0.00278253
9.65802 0.00284998
9.69191 0.00291423
9.7258 0.00297524
9.75968 0.00303298
9.79357 0.0030874
9.82746 0.00313849
9.86135 0.00318621
9.89523 0.00323055
9.92912 0.00327148
9.96301 0.00330899
9.9969 0.00334307
10.0308 0.00337371
10.0647 0.0034009
10.0986 0.00342464
10.1324 0.00344494
10.1663 0.0034618
10.2002 0.00347523
10.2341 0.00348524
10.268 0.00349184
10.3019 0.00349506
10.3358 0.00349492
10.3697 0.00349144
10.4036 0.00348465
10.4374 0.00347457
10.4713 0.00346126
10.5052 0.00344473
10.5391 0.00342503
10.573 0.0034022
10.6069 0.00337628
10.6408 0.00334733
10.6747 0.00331539
10.7085 0.00328051
10.7424 0.00324274
10.7763 0.00320215
10.8102 0.0031588
10.8441 0.00311274
10.878 0.00306404
10.9119 0.00301276
10.9458 0.00295898
10.9796 0.00290275
11.0135 0.00284415
11.0474 0.00278325
11.0813 0.00272013
11.1152 0.00265485
11.1491 0.00258751
11.183 0.00251817
11.2169 0.00244692
11.2507 0.00237384
11.2846 0.00229901
11.3185 0.00222252
11.3524 0.00214444
11.3863 0.00206488
11.4202 0.00198391
11.4541 0.00190161
11.488 0.00181809
11.5218 0.00173343
11.5557 0.00164771
11.5896 0.00156103
11.6235 0.00147348
11.6574 0.00138514
11.6913 0.00129611
11.7252 0.00120648
11.7591 0.00111635
11.793 0.00102579
11.8268 0.000934902
11.8607 0.000843775
11.8946 0.000752498
11.9285 0.000661161
11.9624 0.000569852
11.9963 0.000478655
12.0302 0.000387655
12.0641 0.000296944
12.0979 0.000206608
12.1318 0.00011673
12.1657 2.73935e-05
12.1996 6.11563e-05
12.2335 0.000149173
12.2674 0.000236404
12.3013 0.000322767
12.3352 0.000408183
12.369 0.000492587
12.4029 0.000575907
12.4368 0.000658072
12.4707 0.000739007
12.5046 0.000818645
12.5385 0.000896921
12.5724 0.000973772
12.6063 0.00104913
12.6401 0.00112295
12.674 0.00119515
12.7079 0.00126568
12.7418 0.0013345
12.7757 0.00140154
12.8096 0.00146675
12.8435 0.00153009
12.8774 0.00159151
12.9112 0.00165097
12.9451 0.00170841
12.979 0.0017638
13.0129 0.0018171
13.0468 0.00186828
13.0807 0.0019173
13.1146 0.00196412
13.1485 0.00200872
13.1823 0.00205107
13.2162 0.00209115
13.2501 0.00212893
13.284 0.00216439
13.3179 0.00219752
13.3518 0.00222829
13.3857 0.00225671
13.4196 0.00228274
13.4535 0.0023064
13.4873 0.00232767
13.5212 0.00234654
13.5551 0.00236303
13.589 0.00237712
13.6229 0.00238883
13.6568 0.00239815
13.6907 0.00240511
13.7246 0.0024097
13.7584 0.00241194
13.7923 0.00241185
13.8262 0.00240944
13.8601 0.00240473
13.894 0.00239775
13.9279 0.00238852
13.9618 0.00237705
13.9957 0.00236339
14.0295 0.00234755
14.0634 0.00232957
14.0973 0.00230948
14.1312 0.00228732
14.1651 0.00226313
14.199 0.00223693
14.2329 0.00220877
14.2668 0.0021787
14.3006 0.00214674
14.3345 0.00211296
14.3684 0.00207738
14.4023 0.00204007
14.4362 0.00200106
14.4701 0.00196041
14.504 0.00191816
14.5379 0.00187437
14.5717 0.0018291
14.6056 0.00178239
14.6395 0.00173429
14.6734 0.00168488
14.7073 0.00163419
14.7412 0.0015823
14.7751 0.00152925
14.809 0.00147511
14.8429 0.00141994
14.8767 0.00136379
14.9106 0.00130673
14.9445 0.00124883
14.9784 0.00119013
15.0123 0.0011307
15.0462 0.00107061
15.0801 0.00100991
15.114 0.000948677
15.1478 0.000886966
15.1817 0.000824839
15.2156 0.000762361
15.2495 0.000699595
15.2834 0.000636602
15.3173 0.000573443
15.3512 0.000510181
15.3851 0.000446881
15.4189 0.000383604
15.4528 0.000320408
15.4867 0.000257348
15.5206 0.000194488
15.5545 0.000131892
15.5884 6.96181e-05
15.6223 7.72084e-06
15.6562 5.3618e-05
15.69 0.000114592
15.7239 0.000175019
15.7578 0.000234848
15.7917 0.000294024
15.8256 0.000352499
15.8595 0.00041022
15.8934 0.000467135
15.9273 0.000523197
15.9611 0.000578358
15.995 0.000632571
16.0289 0.000685794
16.0628 0.000737982
16.0967 0.000789094
16.1306 0.000839089
16.1645 0.000887925
16.1984 0.000935566
16.2323 0.000981975
16.2661 0.00102711
16.3 0.00107095
16.3339 0.00111346
16.3678 0.00115459
16.4017 0.00119434
16.4356 0.00123265
16.4695 0.00126952
16.5034 0.00130491
16.5372 0.0013388
16.5711 0.00137117
16.605 0.001402
16.6389 0.00143126
16.6728 0.00145895
16.7067 0.00148504
16.7406 0.00150953
16.7745 0.00153239
16.8083 0.00155363
16.8422 0.00157323
16.8761 0.00159117
16.91 0.00160747
16.9439 0.00162211
16.9778 0.0016351
17.0117 0.00164642
17.0456 0.00165609
17.0794 0.0016641
17.1133 0.00167046
17.1472 0.00167518
17.1811 0.00167826
17.215 0.00167971
17.2489 0.00167954
17.2828 0.00167777
17.3167 0.0016744
17.3505 0.00166946
17.3844 0.00166295
17.4183 0.0016549
17.4522 0.00164532
17.4861 0.00163423
17.52 0.00162166
17.5539 0.00160763
17.5878 0.00159217
17.6216 0.00157529
17.6555 0.00155702
17.6894 0.0015374
17.7233 0.00151644
17.7572 0.00149419
17.7911 0.00147066
17.825 0.0014459
17.8589 0.00141993
17.8928 0.00139279
17.9266 0.0013645
17.9605 0.00133512
17.9944 0.00130467
18.0283 0.00127318
18.0622 0.00124071
18.0961 0.00120728
18.13 0.00117293
18.1639 0.0011377
18.1977 0.00110164
18.2316 0.00106478
18.2655 0.00102717
18.2994 0.000988842
18.3333 0.000949842
18.3672 0.000910213
18.4011 0.000869997
18.435 0.000829235
18.4688 0.000787969
18.5027 0.000746244
18.5366 0.000704105
18.5705 0.000661594
18.6044 0.000618754
18.6383 0.000575628
18.6722 0.000532262
18.7061 0.000488699
18.7399 0.000444981
18.7738 0.00040115
18.8077 0.000357252
18.8416 0.000313328
18.8755 0.00026942
18.9094 0.00022557
18.9433 0.000181821
18.9772 0.000138214
19.011 9.47878e-05
19.0449 5.15835e-05
19.0788 8.64181e-06
19.1127 3.38269e-05
19.1466 7.61198e-05
19.1805 0.000118036
19.2144 0.000159538
19.2483 0.000200588
19.2822 0.000241147
19.316 0.000281178
19.3499 0.000320646
19.3838 0.000359521
19.4177 0.000397772
19.4516 0.000435366
19.4855 0.000472273
19.5194 0.00050846
19.5533 0.000543897
19.5871 0.000578557
19.621 0.000612413
19.6549 0.000645437
19.6888 0.000677604
19.7227 0.000708891
19.7566 0.000739272
19.7905 0.000768727
19.8244 0.000797232
19.8582 0.000824768
19.8921 0.000851314
19.926 0.000876853
19.9599 0.000901367
19.9938 0.000924839
20.0277 0.000947255
20.0616 0.0009686
20.0955 0.000988862
20.1293 0.00100803
20.1632 0.00102609
20.1971 0.00104303
20.231 0.00105886
20.2649 0.00107355
20.2988 0.0010871
20.3327 0.00109951
20.3666 0.00111077
20.4004 0.00112089
20.4343 0.00112986
20.4682 0.00113768
20.5021 0.00114434
20.536 0.00114987
20.5699 0.00115424
20.6038 0.00115748
20.6377 0.00115958
20.6716 0.00116055
20.7054 0.0011604
20.7393 0.00115913
20.7732 0.00115676
20.8071 0.0011533
20.841 0.00114875
20.8749 0.00114313
20.9088 0.00113646
20.9427 0.00112874
20.9765 0.00111999
21.0104 0.00111023
21.0443 0.00109947
21.0782 0.00108773
21.1121 0.00107504
21.146 0.0010614
21.1799 0.00104684
21.2138 0.00103138
21.2476 0.00101504
21.2815 0.000997839
21.3154 0.000979805
21.3493 0.000960958
21.3832 0.000941324
21.4171 0.000920925
21.451 0.000899788
21.4849 0.000877937
21.5187 0.000855399
21.5526 0.0008322
21.5865 0.000808367
21.6204 0.000783927
21.6543 0.000758909
21.6882 0.00073334
21.7221 0.000707248
21.756 0.000680663
21.7898 0.000653615
21.8237 0.000626132
21.8576 0.000598243
21.8915 0.000569975
21.9254 0.00054136
21.9593 0.000512429
21.9932 0.000483212
22.0271 0.000453739
22.061 0.00042404
22.0948 0.000394147
22.1287 0.000364087
22.1626 0.000333891
22.1965 0.00030359
22.2304 0.000273213
22.2643 0.00024279
22.2982 0.000212351
22.3321 0.000181925
22.3659 0.000151541
22.3998 0.000121227
22.4337 9.10119e-05
22.4676 6.0925e-05
22.5015 3.09943e-05
22.5354 1.247e-06
22.5693 2.81184e-05
22.6032 5.74166e-05
22.637 8.64504e-05
22.6709 0.000115195
22.7048 0.000143623
22.7387 0.00017171
22.7726 0.000199432
22.8065 0.000226766
22.8404 0.000253688
22.8743 0.000280175
22.9081 0.000306206
22.942 0.000331758
22.9759 0.000356811
23.0098 0.000381343
23.0437 0.000405335
23.0776 0.000428768
23.1115 0.000451623
23.1454 0.000473882
23.1792 0.00049553
23.2131 0.000516549
23.247 0.000536923
23.2809 0.000556639
23.3148 0.000575681
23.3487 0.000594037
23.3826 0.000611692
23.4165 0.000628637
23.4503 0.000644858
23.4842 0.000660347
23.5181 0.000675092
23.552 0.000689086
23.5859 0.00070232
23.6198 0.000714787
23.6537 0.00072648
23.6876 0.000737394
23.7215 0.000747524
23.7553 0.000756865
23.7892 0.000765414
23.8231 0.000773169
23.857 0.000780128
23.8909 0.00078629
23.9248 0.000791655
23.9587 0.000796222
23.9926 0.000799995
24.0264 0.000802974
24.0603 0.000805163
24.0942 0.000806564
24.1281 0.000807183
24.162 0.000807025
24.1959 0.000806094
24.2298 0.000804398
24.2637 0.000801944
24.2975 0.000798739
24.3314 0.000794792
24.3653 0.000790113
24.3992 0.00078471
24.4331 0.000778595
24.467 0.000771778
24.5009 0.000764271
24.5348 0.000756086
24.5686 0.000747236
24.6025 0.000737733
24.6364 0.000727593
24.6703 0.000716828
24.7042 0.000705454
24.7381 0.000693487
24.772 0.000680941
24.8059 0.000667833
24.8397 0.000654179
24.8736 0.000639997
24.9075 0.000625303
24.9414 0.000610116
24.9753 0.000594453
