0 0 0
3.95979e-07 8.94707e-11 1
9.61475e-06 3.98376e-05 4
2.68542e-05 3.1675e-05 3
5.13853e-05 2.89971e-05 3
8.25451e-05 2.63835e-05 2
0.000119731 2.34532e-05 2
0.000162395 2.04439e-05 2
0.000210039 1.7907e-05 2
0.000262211 1.6423e-05 2
0.000318499 1.62626e-05 2
0.000378528 1.71786e-05 2
0.000441959 1.85165e-05 2
0.000508483 1.96377e-05 3
0.000577817 2.03071e-05 3
0.000649707 2.07471e-05 3
0.000723921 2.12851e-05 3
0.000800247 2.2088e-05 3
0.000878492 2.30559e-05 2
0.000958484 2.40395e-05 2
0.00104006 2.50399e-05 3
0.00112308 2.61551e-05 3
0.00120741 2.7469e-05 3
0.00129294 2.90073e-05 3
0.00137955 3.07072e-05 3
0.00146714 3.23545e-05 3
0.00155563 3.36405e-05 3
0.00164493 3.43459e-05 3
0.00173498 3.45903e-05 3
0.00182569 3.4843e-05 3
0.00191702 3.55953e-05 2
0.00200891 3.69839e-05 2
0.0021013 3.87024e-05 3
0.00219415 4.02862e-05 3
0.00228742 4.1543e-05 3
0.00238106 4.24403e-05 3
0.00247506 4.32364e-05 3
0.00256937 4.40352e-05 3
0.00266396 4.50578e-05 3
0.00275881 4.62666e-05 3
0.0028539 4.77071e-05 3
0.0029492 4.94114e-05 3
0.0030447 5.13512e-05 3
0.00314037 5.35488e-05 3
0.00323621 5.56458e-05 3
0.00333219 5.76766e-05 3
0.00342831 5.96803e-05 3
0.00352454 6.17002e-05 3
0.00362089 6.38355e-05 3
0.00371733 6.61181e-05 3
0.00381387 6.85192e-05 3
0.00391049 7.10089e-05 3
0.00400719 7.35941e-05 3
0.00410395 7.62933e-05 3
0.00420078 7.92103e-05 3
0.00429766 8.22818e-05 3
0.00439459 8.55835e-05 3
0.00449157 8.90295e-05 3
0.00458859 9.25328e-05 3
0.00468565 9.60145e-05 2
0.00478275 9.93286e-05 2
0.00487988 0.000102596 2
0.00497704 0.000105772 2
0.00507422 0.000108977 5
0.00517143 0.000112147 4
0.00526865 0.000115475 3
0.0053659 0.000118959 3
0.00546317 0.000122487 1
0.00556045 0.000126146 4
0.00565775 0.000129867 3
0.00575506 0.000133615 5
0.00585239 0.000137329 3
0.00594972 0.00014099 3
0.00604707 0.000144593 2
0.00614442 0.000148079 2
0.00624178 0.000151511 2
0.00633915 0.000154898 2
0.00643653 0.00015829 2
0.00653392 0.000161738 2
0.0066313 0.000165224 2
0.0067287 0.000168775 2
0.0068261 0.000172361 3
0.0069235 0.000175957 3
0.00702091 0.00017952 2
0.00711832 0.000183099 4
0.00721574 0.000186655 3
0.00731315 0.000190207 3
0.00741057 0.000193683 3
0.007508 0.00019712 3
0.00760542 0.000200532 3
0.00770285 0.000203934 4
0.00780027 0.000207366 3
0.0078977 0.000210881 3
0.00799514 0.00021447 3
0.00809257 0.000218144 2
0.00819 0.000221948 3
0.00828744 0.000225964 3
0.00838488 0.0002302 3
0.00848231 0.000234564 3
0.00857975 0.000239013 3
0.00867719 0.000243555 3
0.00877463 0.000248172 6
0.00887207 0.000252889 3
0.00896951 0.000257707 3
0.00906695 0.000262661 3
0.00916439 0.000267781 3
0.00926184 0.000273025 3
0.00935928 0.000278377 3
0.00945672 0.000283774 3
0.00955417 0.000289221 3
0.00965161 0.000294652 3
0.00974905 0.000300001 5
0.0098465 0.000305169 2
0.00994394 0.000310175 2
0.0100414 0.000314989 4
0.0101388 0.000319658 3
0.0102363 0.000324151 4
0.0103337 0.000328472 3
0.0104312 0.000332662 3
0.0105286 0.000336831 3
0.0106261 0.000340957 3
0.0107235 0.000344954 3
0.0108209 0.000348775 3
0.0109184 0.000352589 4
0.0110158 0.000356276 3
0.0111133 0.000359847 3
0.0112107 0.00036326 3
0.0113082 0.000366624 3
0.0114056 0.000369988 3
0.0115031 0.000373373 4
0.0116005 0.000376788 3
0.011698 0.000380252 3
0.0117954 0.000383726 3
0.0118929 0.000387268 5
0.0119903 0.000390923 3
0.0120877 0.000394694 3
0.0121852 0.00039854 4
0.0122826 0.000402495 3
0.0123801 0.000406616 3
0.0124775 0.00041083 3
0.012575 0.000415047 3
0.0126724 0.00041939 3
0.0127699 0.000423739 3
0.0128673 0.00042816 3
0.0129648 0.000432567 3
0.0130622 0.000436985 3
0.0131597 0.000441446 2
0.0132571 0.000445989 2
0.0133546 0.000450571 3
0.013452 0.000455196 3
0.0135494 0.000459886 2
0.0136469 0.000464616 3
0.0137443 0.000469342 3
0.0138418 0.000473993 3
0.0139392 0.000478471 3
0.0140367 0.000482825 3
0.0141341 0.000486987 3
0.0142316 0.000490891 3
0.014329 0.000494485 4
0.0144265 0.000497678 4
0.0145239 0.000500522 3
0.0146214 0.00050322 3
0.0147188 0.00050592 3
0.0148163 0.000508742 3
0.0149137 0.000511736 3
0.0150111 0.000514619 3
0.0151086 0.000517399 3
0.015206 0.000520086 3
0.0153035 0.000523168 3
0.0154009 0.0005268 3
0.0154984 0.000531005 3
0.0155958 0.000535363 3
0.0156933 0.000539527 3
0.0157907 0.000543749 3
0.0158882 0.0005483 2
0.0159856 0.000553119 3
0.0160831 0.000558304 3
0.0161805 0.000563966 3
0.016278 0.000570217 3
0.0163754 0.000577011 3
0.0164728 0.000584203 3
0.0165703 0.000591662 3
0.0166677 0.000599149 4
0.0167652 0.000606549 3
0.0168626 0.000613778 3
0.0169601 0.000620669 3
0.0170575 0.000627052 2
0.017155 0.000632654 2
0.0172524 0.000637216 2
0.0173499 0.000640542 2
0.0174473 0.00064258 3
0.0175448 0.000643389 4
0.0176422 0.000643117 3
0.0177397 0.000641971 3
0.0178371 0.000640134 3
0.0179345 0.000637743 3
0.018032 0.000634946 4
0.0181294 0.000631917 3
0.0182269 0.000628815 3
0.0183243 0.000625798 3
0.0184218 0.00062304 2
0.0185192 0.000620676 2
0.0186167 0.00061876 5
0.0187141 0.000617315 2
0.0188116 0.000616285 3
0.018909 0.000615533 3
0.0190065 0.000615027 3
0.0191039 0.000614717 3
0.0192014 0.000614681 3
0.0192988 0.000614995 3
0.0193962 0.000615513 4
0.0194937 0.000616075 3
0.0195911 0.000616598 3
0.0196886 0.000616965 3
0.019786 0.00061699 4
0.0198835 0.000616642 3
0.0199809 0.000616227 3
0.0200784 0.00061614 3
0.0201758 0.000616439 3
0.0202733 0.000617046 4
0.0203707 0.000617793 3
0.0204682 0.000618563 3
0.0205656 0.000619307 3
0.0206631 0.000620066 3
0.0207605 0.000621028 3
0.020858 0.000622217 4
0.0209554 0.000623741 3
0.0210528 0.000625503 4
0.0211503 0.000627371 3
0.0212477 0.000629026 2
0.0213452 0.000630781 3
0.0214426 0.000633004 3
0.0215401 0.000635278 3
0.0216375 0.000637536 4
0.021735 0.000639527 3
0.0218324 0.000641382 3
0.0219299 0.000642856 3
0.0220273 0.000644027 4
0.0221248 0.000645089 4
0.0222222 0.000646239 3
0.0223197 0.000647467 3
0.0224171 0.000648684 6
0.0225145 0.000649559 3
0.022612 0.000650203 4
0.0227094 0.000651074 4
0.0228069 0.000653063 4
0.0229043 0.000656945 4
0.0230018 0.000662942 3
0.0230992 0.00067054 3
0.0231967 0.000678808 3
0.0232941 0.000687011 4
0.0233916 0.000694786 4
0.023489 0.000702119 3
0.0235865 0.000708863 3
0.0236839 0.00071445 4
0.0237814 0.000718437 3
0.0238788 0.000720622 3
0.0239762 0.000721057 3
0.0240737 0.000720314 3
0.0241711 0.000718551 3
0.0242686 0.000715295 3
0.024366 0.000711688 3
0.0244635 0.000707915 2
0.0245609 0.000703871 3
0.0246584 0.000699736 3
0.0247558 0.000693934 3
0.0248533 0.000687352 3
0.0249507 0.000681587 3
0.0250482 0.000675945 3
0.0251456 0.000670772 3
0.0252431 0.000666692 3
0.0253405 0.00066304 4
0.0254379 0.000658706 3
0.0255354 0.000653569 3
0.0256328 0.000647677 3
0.0257303 0.000641779 3
0.0258277 0.000636008 3
0.0259252 0.000630453 3
0.0260226 0.000625377 3
0.0261201 0.000620335 4
0.0262175 0.000614505 4
0.026315 0.000608372 5
0.0264124 0.000602406 4
0.0265099 0.000597283 4
0.0266073 0.000593295 3
0.0267048 0.00058886 4
0.0268022 0.000583705 4
0.0268996 0.000579484 3
0.0269971 0.000576103 4
0.0270945 0.000573507 3
0.027192 0.000571838 3
0.0272894 0.00057068 3
0.0273869 0.000569679 4
0.0274843 0.000569086 3
0.0275818 0.000569293 3
0.0276792 0.000570229 3
0.0277767 0.000571808 3
0.0278741 0.000573799 3
0.0279716 0.000576043 3
0.028069 0.000578031 3
0.0281665 0.000579592 3
0.0282639 0.000580887 3
0.0283613 0.000581883 4
0.0284588 0.000582344 3
0.0285562 0.000582057 2
0.0286537 0.000581049 3
0.0287511 0.000578831 3
0.0288486 0.000575205 3
0.028946 0.000569908 3
0.0290435 0.000562863 3
0.0291409 0.000554245 3
0.0292384 0.00054433 3
0.0293358 0.000533557 3
0.0294333 0.000522413 3
0.0295307 0.000511277 3
0.0296282 0.000500398 3
0.0297256 0.000489868 3
0.029823 0.000479683 3
0.0299205 0.000469753 3
0.0300179 0.000460121 4
0.0301154 0.000450981 3
0.0302128 0.000442741 3
0.0303103 0.000435869 3
0.0304077 0.000430786 3
0.0305052 0.000427736 3
0.0306026 0.000426986 3
0.0307001 0.000428733 3
0.0307975 0.000432334 3
0.030895 0.00043643 3
0.0309924 0.000440044 3
0.0310899 0.000443171 3
0.0311873 0.000445843 3
0.0312847 0.000447829 3
0.0313822 0.000449099 3
0.0314796 0.000450085 3
0.0315771 0.000450829 3
0.0316745 0.00045054 3
0.031772 0.000448738 3
0.0318694 0.000445651 3
0.0319669 0.000441686 4
0.0320643 0.000436723 3
0.0321618 0.000430751 3
0.0322592 0.000424178 3
0.0323567 0.000417363 3
0.0324541 0.000410469 3
0.0325516 0.00040382 3
0.032649 0.000397658 3
0.0327464 0.000392129 3
0.0328439 0.000387714 4
0.0329413 0.000384927 3
0.0330388 0.00038374 3
0.0331362 0.000384505 3
0.0332337 0.000386551 3
0.0333311 0.000389016 3
0.0334286 0.000391719 3
0.033526 0.000394351 3
0.0336235 0.000396405 3
0.0337209 0.000397263 3
0.0338184 0.000396169 3
0.0339158 0.000393176 3
0.0340133 0.000388455 3
0.0341107 0.000381704 3
0.0342081 0.000374424 3
0.0343056 0.00036886 3
0.034403 0.00036612 3
0.0345005 0.000366611 3
0.0345979 0.000371225 4
0.0346954 0.000380101 4
0.0347928 0.000391087 3
0.0348903 0.000402121 3
0.0349877 0.000413113 4
0.0350852 0.000424744 4
0.0351826 0.000436163 4
0.0352801 0.000446034 3
0.0353775 0.00045216 3
0.035475 0.000452619 5
0.0355724 0.000448578 4
0.0356698 0.000443448 4
0.0357673 0.000438009 4
0.0358647 0.000431652 4
0.0359622 0.000424609 3
0.0360596 0.000417822 3
0.0361571 0.000412169 4
0.0362545 0.00040804 5
0.036352 0.000406597 4
0.0364494 0.00040801 4
0.0365469 0.000412023 4
0.0366443 0.000418502 3
0.0367418 0.000427777 3
0.0368392 0.000440011 3
0.0369367 0.000454837 3
0.0370341 0.000471381 3
0.0371316 0.000488884 4
0.037229 0.000507996 3
0.0373264 0.000528644 3
0.0374239 0.000549557 3
0.0375213 0.000570325 3
0.0376188 0.000589662 4
0.0377162 0.000604822 4
0.0378137 0.000614664 4
0.0379111 0.000619743 4
0.0380086 0.00062052 4
0.038106 0.000617605 4
0.0382035 0.000611812 2
0.0383009 0.000603796 3
0.0383984 0.000594269 5
0.0384958 0.000583642 4
0.0385933 0.0005722 4
0.0386907 0.000560585 3
0.0387881 0.000549567 3
0.0388856 0.000539589 3
0.038983 0.000531804 3
0.0390805 0.000526172 2
0.0391779 0.000522887 2
0.0392754 0.000522117 3
0.0393728 0.000523967 2
0.0394703 0.000527738 3
0.0395677 0.000533953 3
0.0396652 0.000542485 3
0.0397626 0.000552895 3
0.0398601 0.00056441 3
0.0399575 0.00057626 4
0.040055 0.000587905 3
0.0401524 0.000598879 4
0.0402498 0.000608888 4
0.0403473 0.000617765 4
0.0404447 0.000625495 4
0.0405422 0.000632536 4
0.0406396 0.000639396 4
0.0407371 0.000645536 4
0.0408345 0.000650939 4
0.040932 0.000656926 4
0.0410294 0.00066436 3
0.0411269 0.000673528 3
0.0412243 0.00068362 5
0.0413218 0.000696617 4
0.0414192 0.000710969 4
0.0415167 0.000725871 4
0.0416141 0.000740915 4
0.0417115 0.000756135 4
0.041809 0.000771992 3
0.0419064 0.000789152 3
0.0420039 0.000807936 3
0.0421013 0.000828006 3
0.0421988 0.000849069 3
0.0422962 0.000870768 3
0.0423937 0.00089131 3
0.0424911 0.000911197 3
0.0425886 0.000930048 3
0.042686 0.000947629 3
0.0427835 0.000963179 3
0.0428809 0.000978409 3
0.0429784 0.00099533 3
0.0430758 0.00101173 4
0.0431732 0.00102734 4
0.0432707 0.00104163 4
0.0433681 0.00105474 4
0.0434656 0.0010691 4
0.043563 0.0010856 5
0.0436605 0.00110217 3
0.0437579 0.00111861 4
0.0438554 0.00113578 3
0.0439528 0.00115364 3
0.0440503 0.00116996 4
0.0441477 0.00118373 4
0.0442452 0.00119493 3
0.0443426 0.00120378 3
0.0444401 0.00121031 3
0.0445375 0.00121455 3
0.0446349 0.00121667 3
0.0447324 0.00121732 3
0.0448298 0.0012172 3
0.0449273 0.00121749 3
0.0450247 0.00121871 3
0.0451222 0.00121975 3
0.0452196 0.0012213 3
0.0453171 0.00122472 3
0.0454145 0.00122872 3
0.045512 0.00123385 4
0.0456094 0.00124018 3
0.0457069 0.00124732 2
0.0458043 0.00125572 3
0.0459018 0.00126476 3
0.0459992 0.00127565 3
0.0460966 0.00128928 3
0.0461941 0.00130595 4
0.0462915 0.00132625 4
0.046389 0.00134923 3
0.0464864 0.00137248 3
0.0465839 0.00139355 3
0.0466813 0.00141293 3
0.0467788 0.00143389 3
0.0468762 0.0014549 4
0.0469737 0.00147508 3
0.0470711 0.00149512 2
0.0471686 0.00151268 4
0.047266 0.00152698 4
0.0473635 0.00153869 4
0.0474609 0.00154738 5
0.0475583 0.00155189 4
0.0476558 0.00155569 4
0.0477532 0.00156233 4
0.0478507 0.00157025 5
0.0479481 0.00157771 5
0.0480456 0.00158464 5
0.048143 0.00158986 3
0.0482405 0.00159518 5
0.0483379 0.00160118 3
0.0484354 0.00160732 5
0.0485328 0.0016129 4
0.0486303 0.00161502 4
0.0487277 0.00161191 3
0.0488252 0.00160457 3
0.0489226 0.00159569 3
0.04902 0.00158858 3
0.0491175 0.00158433 4
0.0492149 0.00158353 3
0.0493124 0.00158424 3
0.0494098 0.00158639 3
0.0495073 0.00158814 3
0.0496047 0.00158967 3
0.0497022 0.00159282 3
0.0497996 0.00159927 3
0.0498971 0.00160963 3
0.0499945 0.00162425 3
0.050092 0.00164203 3
0.0501894 0.00166278 3
0.0502869 0.00168478 3
0.0503843 0.00170764 3
0.0504817 0.00173233 3
0.0505792 0.00175891 3
0.0506766 0.00178805 4
0.0507741 0.00182069 4
0.0508715 0.00185413 3
0.050969 0.00188262 3
0.0510664 0.00190521 4
0.0511639 0.00191927 3
0.0512613 0.00192528 3
0.0513588 0.00192724 3
0.0514562 0.0019284 3
0.0515537 0.00192731 3
0.0516511 0.00192169 4
0.0517486 0.00191527 4
0.051846 0.00191113 4
0.0519434 0.00191042 4
0.0520409 0.00191392 3
0.0521383 0.00192147 4
0.0522358 0.00193289 4
0.0523332 0.00194766 4
0.0524307 0.00196369 4
0.0525281 0.00197816 4
0.0526256 0.00199561 4
0.052723 0.00201821 3
0.0528205 0.00204421 4
0.0529179 0.00206672 5
0.0530154 0.00208539 4
0.0531128 0.00210471 4
0.0532103 0.00212702 3
0.0533077 0.00215072 5
0.0534051 0.00217151 4
0.0535026 0.00219209 3
0.0536 0.00220972 3
0.0536975 0.00222223 3
0.0537949 0.00223639 3
0.0538924 0.00225759 4
0.0539898 0.00228719 4
0.0540873 0.0023229 5
0.0541847 0.00236302 3
0.0542822 0.00240525 3
0.0543796 0.00244586 3
0.0544771 0.00248383 3
0.0545745 0.00251936 4
0.054672 0.00255297 3
0.0547694 0.0025856 3
0.0548669 0.00261951 3
0.0549643 0.0026579 4
0.0550617 0.0026986 4
0.0551592 0.00274175 4
0.0552566 0.00278796 3
0.0553541 0.00283456 3
0.0554515 0.00287909 4
0.055549 0.00292356 4
0.0556464 0.00296793 4
0.0557439 0.00300773 4
0.0558413 0.00303898 4
0.0559388 0.00306151 4
0.0560362 0.00307564 4
0.0561337 0.0030845 4
0.0562311 0.00308559 4
0.0563286 0.0030861 4
0.056426 0.00308829 3
0.0565234 0.0030892 3
0.0566209 0.00308833 3
0.0567183 0.0030845 4
0.0568158 0.00308262 4
0.0569132 0.00308284 4
0.0570107 0.00308079 4
0.0571081 0.00308458 5
0.0572056 0.00309753 4
0.057303 0.00311191 4
0.0574005 0.00312726 3
0.0574979 0.00314701 4
0.0575954 0.00316801 4
0.0576928 0.0032004 4
0.0577903 0.00325063 4
0.0578877 0.00330721 4
0.0579851 0.00336487 5
0.0580826 0.00343222 5
0.05818 0.00350461 4
0.0582775 0.00357283 4
0.0583749 0.00363265 4
0.0584724 0.00367538 4
0.0585698 0.00370698 4
0.0586673 0.00373911 4
0.0587647 0.00377862 4
0.0588622 0.00382514 4
0.0589596 0.0038651 5
0.0590571 0.00388979 4
0.0591545 0.00390419 4
0.059252 0.00391195 4
0.0593494 0.00392522 4
0.0594468 0.00394883 4
0.0595443 0.00397696 4
0.0596417 0.00399367 4
0.0597392 0.00398913 4
0.0598366 0.00397167 4
0.0599341 0.00395746 5
0.0600315 0.00395516 3
0.060129 0.00397219 3
0.0602264 0.00400857 4
0.0603239 0.00405398 4
0.0604213 0.00409744 4
0.0605188 0.00414122 4
0.0606162 0.00418623 5
0.0607137 0.00423718 6
0.0608111 0.00430481 4
0.0609085 0.00438965 5
0.061006 0.00446905 5
0.0611034 0.00452967 5
0.0612009 0.00456658 5
0.0612983 0.00460205 4
0.0613958 0.00465177 4
0.0614932 0.00471532 4
0.0615907 0.00477316 5
0.0616881 0.00482302 5
0.0617856 0.0048717 5
0.061883 0.00492743 5
0.0619805 0.00499469 5
0.0620779 0.00506853 4
0.0621754 0.00515625 4
0.0622728 0.00526335 5
0.0623702 0.00537934 5
0.0624677 0.00550602 4
0.0625651 0.00564631 4
0.0626626 0.00579629 5
0.06276 0.00596009 4
0.0628575 0.00614079 4
0.0629549 0.00630788 4
0.0630524 0.00645322 4
0.0631498 0.0065553 5
0.0632473 0.0066259 5
0.0633447 0.00670216 5
0.0634422 0.00682393 4
0.0635396 0.00699702 7
0.0636371 0.00720445 4
0.0637345 0.00741863 5
0.0638319 0.00762119 5
0.0639294 0.00779711 6
0.0640268 0.00794249 5
0.0641243 0.00804455 5
0.0642217 0.0080947 5
0.0643192 0.0081183 5
0.0644166 0.00815792 5
0.0645141 0.00820449 5
0.0646115 0.00824797 4
0.064709 0.008295 4
0.0648064 0.00832839 4
0.0649039 0.00834887 4
0.0650013 0.00837221 3
0.0650988 0.008419 3
0.0651962 0.00849874 5
0.0652936 0.00859475 4
0.0653911 0.00870435 3
0.0654885 0.00881943 3
0.065586 0.00893319 3
0.0656834 0.00904149 4
0.0657809 0.00914966 4
0.0658783 0.00925156 4
0.0659758 0.0093497 5
0.0660732 0.00943706 5
0.0661707 0.00951201 3
0.0662681 0.00957568 4
0.0663656 0.00965154 4
0.066463 0.00976692 4
0.0665605 0.00990025 4
0.0666579 0.0100083 5
