t sb -1 xb vb dt perf.t perf.speed
0 0 -1 0.5 0 7.15541e-05 0 0 
7.15541e-05 0 -1 0.5 0.000714088 7.15541e-05 0.011271 363411 1 145.191 577.319 0.251491 4 
0.00173726 -3.5659e-07 -1 0.5 0.00170181 0.0016657 0.033205 246710 8 424.263 30.0978 1.39199 6 2 476.436 110.577 2.07572 4 2 0.0536028 1.92034e-05 52.8329 3 
0.00485072 -7.17645e-06 -1 0.500002 0.00344088 0.00311346 0.053098 231421 6 85.991 10.1327 1.4282 6 3 301.092 18.4375 2.53707 4 3 0.0443968 6.33612e-05 8.88197 2 
0.00928141 -1.34093e-05 -1 0.500015 0.00587537 0.00443069 0.066906 244881 2 33.5521 1.10959 5.49892 6 2 63.228 16.1051 1.9814 5 5 0.0557334 6.7228e-05 3.83454 2 
0.0149031 -1.44345e-05 -1 0.500047 0.00909595 0.00562165 0.091438 223977 3 20.0683 2.93334 1.89838 6 5 37.9166 11.2837 1.27431 7 8 0.11451 7.12282e-05 2.51637 2 
0.0216111 -9.81754e-06 -1 0.50011 0.0132731 0.00670808 0.117644 208901 5 23.0986 1.88455 1.65073 6 2 21.7241 7.04309 1.75626 8 11 0.178698 8.98946e-05 1.99459 2 
0.0293072 -5.58035e-06 -1 0.500213 0.0179872 0.0076961 0.143218 200198 2 42.5516 1.13054 6.13502 6 2 10.4881 0.668495 3.96095 9 15 0.254799 9.77182e-05 1.68946 2 
0.0378931 -3.51969e-06 -1 0.500369 0.0232188 0.00858582 0.17599 186192 2 69.5697 0.476669 12.081 6 2 15.1736 1.27739 3.44653 9 22 0.33134 8.80373e-05 1.45388 2 
0.0472966 -4.16421e-06 -1 0.500587 0.0289336 0.00940351 0.199849 184459 3 324.414 0.578015 8.24873 4 2 21.6807 2.0157 3.27962 9 10 0.418215 8.06317e-05 2.35228 3 
0.0574433 -6.42981e-06 -1 0.500879 0.0349213 0.0101467 0.228497 179258 3 327.578 0.821387 7.36076 3 2 26.3201 1.80601 3.81754 9 14 0.605549 6.55169e-05 1.91987 3 
0.0682615 -9.22307e-06 -1 0.501255 0.0411656 0.0108182 0.258446 174334 3 113.636 0.802349 5.21256 3 2 33.3843 1.54278 4.65178 9 13 1.13401 4.31939e-05 2.18745 4 
0.0797136 -1.12916e-05 -1 0.501726 0.0478424 0.0114521 0.309249 158940 4 279.364 0.661366 4.53348 2 2 33.4678 1.4682 4.77442 9 26 2.15242 9.98432e-05 1.46784 4 
0.0917313 -1.16506e-05 -1 0.5023 0.0545265 0.0120176 0.381828 139455 8 107.124 0.622813 1.90301 3 2 28.3137 1.12612 5.01425 9 38 2.52481 9.33765e-05 1.30807 4 
0.104213 -1.05744e-05 -1 0.502982 0.0615065 0.0124818 0.468954 122281 5 281.777 0.521125 3.52041 3 2 54.5984 1.03392 7.26687 9 49 2.31364 9.12065e-05 1.22994 4 
0.117199 -8.26236e-06 -1 0.503782 0.068652 0.0129856 0.515933 119085 11 292.599 0.539473 1.77245 4 2 65.1327 1.03849 7.91951 9 16 2.27692 7.27797e-05 1.90967 5 
0.130607 -6.7716e-06 -1 0.504706 0.0759795 0.0134084 0.557649 117522 4 249.386 0.393253 5.01822 4 2 61.5463 1.65682 6.09485 9 16 3.56532 6.98923e-05 1.96893 5 
0.144336 -5.45583e-06 -1 0.505752 0.0832729 0.0137292 0.599001 116247 6 281.796 0.490356 2.88339 4 2 92.5261 1.05731 9.35472 9 15 3.08781 5.17389e-05 2.08156 5 
0.158473 -4.06396e-06 -1 0.506933 0.0907286 0.0141369 0.641298 114967 8 310.319 0.349153 2.33668 5 2 112.26 1.32665 9.19887 9 14 3.15796 5.98139e-05 2.17435 5 
0.172897 -2.7529e-06 -1 0.508247 0.0982873 0.014424 0.675817 115155 4 313.266 0.351448 5.46403 4 2 103.838 1.89387 7.40463 9 12 4.41385 8.98194e-05 2.46011 5 
0.187622 -1.30915e-06 -1 0.509698 0.105757 0.0147245 0.708603 115608 4 338.636 0.307964 5.75849 4 3 133.884 0.122068 10.3128 8 10 3.63645 7.98967e-05 2.92291 5 
0.202581 9.8391e-07 -1 0.511285 0.113179 0.0149595 0.745491 115382 10 423.238 0.356758 2.02965 5 3 150.358 0.345808 7.57584 7 9 4.23238 5.25548e-05 3.50839 5 
0.217785 2.66663e-06 -1 0.513008 0.120616 0.0152034 0.773905 116438 4 323.443 0.408651 5.30409 4 3 136.673 0.278001 7.89245 7 8 4.83793 3.32786e-05 4.41888 5 
0.233156 5.0545e-06 -1 0.514862 0.128051 0.0153714 0.799315 117861 5 508 0.379019 4.22124 4 3 203.83 0.900456 6.09446 7 6 3.60294 6.92562e-05 6.10988 5 
0.248788 8.14092e-06 -1 0.516858 0.135395 0.0156319 0.833817 117896 10 2939.68 0.402817 2.43399 6 4 1195.84 1.03301 5.833 6 7 4.85297 2.32973e-05 5.75194 5 
0.264599 9.99767e-06 -1 0.519002 0.142691 0.0158116 0.868121 117956 4 1137 0.154702 9.25904 5 4 461.23 0.911193 4.74326 5 10 9.99729 4.68352e-05 3.41139 4 
0.280503 1.14128e-05 -1 0.521276 0.149796 0.0159035 0.902071 118057 9 917.646 0.299126 2.4402 6 5 673.28 0.816626 3.83031 4 8 7.90201 8.44679e-05 4.18197 4 
0.296595 1.28494e-05 -1 0.523695 0.156856 0.0160917 0.933527 118467 4 711.329 0.184973 7.87482 5 4 466.35 1.40342 4.26954 4 11 6.204 7.1825e-05 2.81037 4 
0.312783 1.43739e-05 -1 0.526241 0.163726 0.0161881 0.98195 116796 5 921.736 0.228211 5.26325 4 4 501.848 1.19642 4.52555 4 22 7.41958 8.55499e-05 1.67672 4 
0.329168 1.73007e-05 -1 0.528923 0.17055 0.0163855 1.03665 114585 4 584.212 0.326103 6.50585 4 5 461.223 0.830563 3.53922 3 27 6.28369 8.18023e-05 1.51685 4 
0.345655 2.16909e-05 -1 0.531724 0.177058 0.0164866 1.10119 111588 5 1219.1 0.26218 5.41362 3 5 565.473 0.858652 3.66201 3 33 6.09239 8.45021e-05 1.40349 4 
0.362244 2.61065e-05 -1 0.534661 0.183294 0.0165897 1.20718 105184 9 3200.16 0.352176 2.75311 3 5 1443.74 0.618102 4.71722 3 50 10.7366 9.18997e-05 1.26285 5 
0.378939 3.17852e-05 -1 0.537728 0.189395 0.0166947 1.26446 103658 8 1471.35 0.344408 2.84335 3 5 794.893 0.631703 4.1683 3 20 9.9034 6.7568e-05 1.8126 6 
0.395634 3.81817e-05 -1 0.540898 0.195249 0.0166947 1.31088 103112 12 1010.01 0.293739 1.97105 3 5 620.81 1.21699 3.47964 2 14 8.46236 9.8344e-05 2.25155 6 
0.412436 4.45766e-05 -1 0.544171 0.200854 0.0168024 1.34765 103339 8 1607.58 0.302922 2.9215 3 6 1039.21 1.08491 3.13967 2 10 8.53842 8.613e-05 3.15953 6 
0.429348 5.13379e-05 -1 0.547567 0.206214 0.0169122 1.38353 103619 8 912.274 0.348946 2.67406 3 5 706.392 1.02181 3.69773 2 10 7.87631 4.04492e-05 3.38019 6 
0.44626 5.86749e-05 -1 0.551051 0.211245 0.0169122 1.42702 103331 15 7082.85 0.303152 1.9554 6 5 3387.34 1.21209 4.88951 2 10 8.01339 4.93208e-05 3.31955 6 
0.463061 6.15086e-05 -1 0.554596 0.215938 0.0168009 1.46351 103554 6 1685.03 0.353325 4.10273 5 5 814.054 1.1271 3.73025 2 10 14.2486 9.12881e-05 3.30625 6 
0.479429 6.47062e-05 -1 0.558127 0.220244 0.0163673 1.50234 103604 8 1689.02 0.317289 2.92262 5 5 1263.39 1.4042 3.89782 2 10 10.498 4.05909e-05 3.47751 6 
0.495483 6.85556e-05 -1 0.561669 0.224195 0.0160546 1.53714 103923 7 1700.16 0.32589 3.39672 3 6 1254.22 0.88235 3.35317 2 9 9.14778 9.34449e-05 3.58533 6 
0.511335 7.40352e-05 -1 0.565207 0.227806 0.0158514 1.57291 104164 9 1036.8 0.335099 2.44251 3 6 851.568 1.38236 2.91698 2 9 7.30301 8.27165e-05 3.54442 6 
0.526889 7.9794e-05 -1 0.56874 0.231051 0.0155542 1.6119 104185 13 6583.97 0.278762 2.16972 5 6 3185.45 0.953802 3.86621 2 9 6.52271 3.80799e-05 3.81527 6 
0.54225 8.33591e-05 -1 0.572291 0.234013 0.0153609 1.6593 103677 8 2388.8 0.374988 2.98896 4 6 1088.09 0.478957 3.62572 2 14 12.9981 5.36859e-05 2.42422 6 
0.557421 8.58058e-05 -1 0.575831 0.236652 0.0151713 1.70051 103573 10 1979.04 0.316097 2.39697 5 4 1456.5 1.06429 6.08223 2 11 10.2049 4.24485e-05 3.08444 6 
0.572406 8.7966e-05 -1 0.579369 0.239048 0.0149851 1.73705 103753 8 1751.29 0.410807 2.8426 4 8 1333.3 1.35668 2.36623 2 8 8.72201 3.62832e-05 4.70559 6 
0.587209 9.06379e-05 -1 0.582909 0.241183 0.0148024 1.77147 104049 9 1009.16 0.388691 2.39537 4 7 845.468 1.61576 2.44562 3 7 6.77736 6.03776e-05 5.26569 6 
0.601921 9.35547e-05 -1 0.586425 0.24305 0.0147121 1.80733 104251 11 5449.15 0.442617 2.35421 4 6 2641.39 1.66103 3.41646 3 7 4.54856 3.57247e-05 5.36133 6 
0.616543 9.58741e-05 -1 0.58998 0.244687 0.0146224 1.84518 104332 10 3412.65 0.422626 2.45875 5 6 1588.76 1.33889 3.25376 3 9 12.5381 3.0353e-05 4.2073 5 
0.631076 9.76222e-05 -1 0.593529 0.246119 0.0145333 1.88885 104089 9 2407.78 0.412861 2.62074 4 5 1708.29 1.88282 3.90437 2 14 9.79264 5.47987e-05 2.3722 4 
0.64561 9.96395e-05 -1 0.597085 0.247333 0.0145333 1.9334 103809 8 1682.14 0.371442 2.86415 4 5 1286.96 0.993732 4.19237 2 18 8.58893 8.1931e-05 1.90071 4 
0.660054 0.00010279 -1 0.60066 0.248462 0.0144441 1.97165 103872 5 1068.25 0.473654 4.68428 4 5 885.072 0.85278 4.01078 2 16 6.42163 5.08818e-05 2.08362 4 
0.674498 0.000108228 -1 0.604215 0.24926 0.0144441 2.00713 104077 7 3525.92 0.447704 3.60256 3 6 1716.44 1.00748 3.45593 2 13 5.15914 6.07771e-05 2.39409 4 
0.688942 0.000113715 -1 0.607794 0.249885 0.0144441 2.06937 102926 8 4236.87 0.425872 3.16024 3 6 1981.74 0.990403 3.54982 2 26 11.8918 9.61731e-05 1.56983 5 
0.703386 0.000118504 -1 0.611418 0.250379 0.0144441 2.12221 102293 8 2484.94 0.383087 2.99573 3 5 1647.63 1.48595 4.06416 2 21 9.22897 6.60524e-05 1.75797 5 
0.71783 0.000122654 -1 0.615 0.250706 0.0144441 2.1615 102329 8 1797.47 0.382629 2.8773 3 5 1315.2 1.41424 3.92368 2 13 8.27074 7.32832e-05 2.44713 5 
0.732274 0.000126953 -1 0.618609 0.250898 0.0144441 2.19318 102718 7 1089.55 0.431086 3.06265 3 6 872.216 0.726079 3.26042 2 9 6.49556 6.94652e-05 3.56711 5 
0.746811 0.000131679 -1 0.622232 0.25096 0.0145367 2.22202 103229 9 2925.66 0.449617 2.65283 4 5 1424.98 0.67299 4.62551 2 7 5.47534 7.72655e-05 4.93081 5 
0.761348 0.000135582 -1 0.625873 0.250896 0.0145367 2.25851 103375 12 4391.66 0.406704 2.16827 5 5 2069.16 1.62377 4.17882 2 10 11.5938 5.55965e-05 3.40344 4 
0.775884 0.000137164 -1 0.629495 0.250704 0.0145367 2.28986 103748 8 2795.23 0.363985 3.05961 5 5 1760.83 1.86437 3.93584 2 9 8.93265 3.60764e-05 3.97472 4 
0.790421 0.000138823 -1 0.633119 0.250408 0.0145367 2.32057 104140 7 1857.34 0.455862 3.27886 4 5 1336.04 1.75447 3.76994 2 9 8.62667 3.28516e-05 4.00076 4 
0.805054 0.000141842 -1 0.63677 0.250007 0.014633 2.34931 104609 8 1222.97 0.426814 2.70488 4 5 963.224 1.84848 3.49448 2 8 6.6963 7.30933e-05 4.17104 4 
0.819687 0.000145598 -1 0.640404 0.249533 0.014633 2.37902 105025 9 3726.96 0.413529 2.7506 4 5 1835.19 1.74532 4.02125 2 8 9.88384 9.77895e-05 4.22259 4 
0.834419 0.000148719 -1 0.644062 0.248974 0.0147318 2.44321 103942 11 4817.48 0.386107 2.35708 5 6 2290.53 0.391316 4.24523 2 24 12.296 7.57475e-05 1.64854 5 
0.849151 0.000150085 -1 0.647702 0.24832 0.0147318 2.49422 103459 8 2659.46 0.453512 2.95819 5 6 1766.89 0.852557 3.57065 2 18 10.0139 5.8631e-05 1.95296 5 
0.863984 0.000151734 -1 0.65137 0.247649 0.0148334 2.52728 103726 4 2273.31 0.436084 8.49713 4 6 1692.67 0.819861 3.56839 2 11 9.08429 8.66315e-05 2.86035 5 
0.878818 0.00015392 -1 0.65502 0.246872 0.0148334 2.56449 103818 11 1384.03 0.420172 2.0883 5 7 1046.69 0.913063 2.73555 3 8 8.667 3.42908e-05 4.73518 5 
0.893756 0.000155802 -1 0.658684 0.246081 0.0149379 2.6017 103908 8 6903.64 0.39525 3.39059 6 5 3415.11 1.37812 4.77335 3 12 12.3787 9.09435e-05 2.67809 4 
0.9088 0.00015746 -1 0.662363 0.245212 0.0150446 2.64559 103732 9 3073.21 0.345056 2.74698 6 5 1441.61 0.862833 4.41148 3 17 13.3598 8.5063e-05 2.02139 3 
0.923845 0.000158577 -1 0.666024 0.2443 0.0150446 2.69291 103430 7 1694.21 0.385797 3.31415 6 5 1274.78 0.682355 4.51113 3 19 10.2777 7.10141e-05 1.86899 4 
0.938999 0.000160413 -1 0.669707 0.243357 0.0151544 2.74852 102828 7 2289.97 0.384078 3.46214 5 5 1695.58 0.967884 4.45348 2 23 8.67168 5.40022e-05 1.68397 5 
0.954266 0.000163345 -1 0.673392 0.242395 0.0152667 2.79376 102629 8 1787.24 0.313621 2.94763 4 5 1331.14 0.850922 4.35378 2 16 11.2779 7.45228e-05 2.1074 5 
0.969647 0.000166878 -1 0.677101 0.241389 0.0153815 2.88155 100923 8 8295.78 0.292197 3.60286 4 5 4101.06 0.769419 5.56348 2 38 17.7889 9.40732e-05 1.37677 5 
0.985146 0.000170396 -1 0.680814 0.240331 0.0154989 2.99471 98477.7 8 3169.49 0.416262 3.05635 3 6 1566.22 1.51839 3.17867 2 52 12.113 9.16439e-05 1.25454 5 
1.00077 0.000174771 -1 0.68455 0.239266 0.015619 3.06145 97668.6 14 2062.37 0.30801 1.87617 3 8 1223.39 1.49441 2.31279 2 25 9.25988 7.96851e-05 1.59444 5 
1.01651 0.000179312 -1 0.688278 0.238188 0.015742 3.11946 97165.5 9 1533.54 0.252612 2.63245 3 9 1038.93 1.27598 2.10579 2 19 9.7716 5.47544e-05 1.88972 5 
1.03225 0.000182143 -1 0.692005 0.237144 0.015742 3.16891 96941.9 8 3601.43 0.35345 3.1697 3 9 1777.2 1.35346 2.22063 2 17 12.684 9.35479e-05 2.00399 5 
1.04812 0.000185551 -1 0.695736 0.236111 0.015869 3.21872 96714.3 14 5456.26 0.395881 1.97545 5 7 2643.83 1.13467 3.02728 2 15 16.3864 7.17965e-05 2.27628 5 
1.06412 0.000187725 -1 0.699501 0.235049 0.015999 3.26126 96708.7 7 2023.89 0.262993 3.59069 4 6 1344.51 1.05038 3.29511 2 14 23.1308 7.53018e-05 2.46579 5 
1.08025 0.000189569 -1 0.703262 0.233984 0.0161324 3.30559 96650.7 7 2417.29 0.327511 3.56932 4 7 1809.65 1.37688 2.78951 2 13 9.6468 3.43066e-05 2.62515 5 
1.09652 0.000193192 -1 0.707036 0.232934 0.0162691 3.3443 96756.8 10 2074.48 0.291801 2.42763 4 7 1551.75 1.02692 2.84567 2 11 9.4484 8.47696e-05 2.87627 5 
1.11279 0.000196861 -1 0.710789 0.231912 0.0162691 3.42196 95758 11 7241.39 0.274143 2.5234 5 6 3640.99 1.16334 3.82459 2 32 13.3199 7.8393e-05 1.45695 5 
1.1292 0.000198663 -1 0.714572 0.230946 0.0164105 3.50003 94792.4 7 3569.72 0.329097 3.77114 4 6 1846.14 1.14611 3.42378 2 32 18.6557 7.22782e-05 1.47611 5 
1.14575 0.000201744 -1 0.718371 0.229933 0.0165558 3.54848 94652.3 10 2907.57 0.300633 2.50351 5 5 1897.8 0.444861 5.32114 2 16 19.9862 7.1382e-05 2.19001 5 
1.16231 0.000203759 -1 0.722152 0.229022 0.0165558 3.59045 94686.7 7 1792.45 0.291175 3.47798 5 5 1337.98 0.901329 4.30837 2 16 20.1428 9.17227e-05 2.15701 4 
1.17902 0.000206038 -1 0.72594 0.228086 0.0167063 3.63614 94623.3 12 10303.5 0.337229 2.36459 4 6 5155.09 1.35303 3.95204 2 15 9.91523 4.76181e-05 2.2624 4 
1.19572 0.000207195 -1 0.72973 0.22719 0.0167063 3.67757 94671.3 11 3445.68 0.287501 2.34847 5 6 1691.37 0.645459 3.71303 2 13 14.6292 8.27994e-05 2.53297 4 
1.21258 0.000208499 -1 0.733523 0.226291 0.0168624 3.71752 94755.6 8 2693.77 0.345604 3.0653 4 5 1583.38 0.841019 4.5181 2 15 16.8167 5.27568e-05 2.32754 4 
1.22945 0.000211422 -1 0.737321 0.225464 0.0168624 3.75257 94962.2 9 1698.53 0.351249 2.56675 4 5 1204.78 0.799 4.32187 2 12 20.5712 4.783e-05 2.94756 4 
1.24647 0.000215435 -1 0.741109 0.224643 0.0170245 3.80885 94634.3 9 8108.09 0.294345 3.11416 4 6 4020.12 1.20336 3.86641 2 25 29.5377 6.43136e-05 1.68455 4 
1.2635 0.000218975 -1 0.744924 0.223893 0.0170245 3.92221 92943.5 7 3218.2 0.339898 3.6986 4 6 1560.74 0.675697 3.63577 2 53 19.6165 8.89403e-05 1.26131 5 
1.28052 0.000223617 -1 0.748704 0.223166 0.0170245 3.97842 92659.9 9 2487.71 0.236959 2.79764 5 6 1372.29 0.7542 3.49403 2 21 19.3353 7.73119e-05 1.80739 5 
1.29755 0.000226496 -1 0.752486 0.222555 0.0170245 4.013 92882.2 5 1706.3 0.320107 5.56355 4 6 1142.05 0.947395 3.26231 2 11 19.5512 8.62914e-05 3.06787 5 
1.31474 0.000232072 -1 0.756273 0.22188 0.0171965 4.05231 92991.9 13 5865.97 0.295288 2.14103 5 5 2912.49 1.11115 4.82723 2 10 19.3782 3.52922e-05 3.74941 5 
1.33194 0.000234048 -1 0.760067 0.221288 0.0171965 4.09786 92957.9 11 3628.95 0.294454 2.35444 5 7 1733.62 1.27087 2.80438 2 12 19.3574 8.52435e-05 2.79479 4 
1.34896 0.000235211 -1 0.763799 0.220729 0.017021 4.15601 92642.7 9 2293.84 0.280187 2.72139 5 5 1204.47 0.552872 4.65194 3 30 31.8028 7.61814e-05 1.53941 3 
1.36483 0.000236474 -1 0.767296 0.220362 0.0158754 4.22004 92207.5 8 1559.82 0.329495 2.88007 5 5 940.931 1.18841 3.79943 2 36 41.9798 7.98934e-05 1.4418 3 
1.38071 0.000238252 -1 0.770753 0.219979 0.0158754 4.26257 92248.6 7 2104.91 0.37318 3.43481 4 6 1372.26 0.877024 3.40725 2 20 46.2474 9.73143e-05 1.92241 3 
1.39628 0.000240521 -1 0.774168 0.219721 0.0155701 4.3401 91544.4 12 5615.02 0.411673 2.21089 4 6 2758.97 1.34551 3.56432 3 29 17.5149 6.58993e-05 1.53834 5 
1.412 0.000241573 -1 0.777605 0.219423 0.0157227 4.40066 91215.3 12 3107.74 0.35027 2.13306 5 5 1675.57 0.764249 4.65785 3 22 19.1539 7.21634e-05 1.76418 5 
1.42742 0.000242595 -1 0.780978 0.219262 0.0154174 4.43947 91340.7 5 2393.75 0.176982 6.7024 4 6 1723.66 0.726486 3.65205 2 13 17.8574 4.20958e-05 2.70951 5 
1.44299 0.000243444 -1 0.784356 0.219058 0.0155701 4.49574 91108.5 6 1921.83 0.184707 4.67238 4 5 1454.49 1.16253 4.16352 3 27 22.0298 9.60763e-05 1.57955 4 
1.45826 0.000244391 -1 0.787687 0.218888 0.0152648 4.54826 90956.9 7 7858.21 0.208409 4.5058 3 7 3998.47 1.0125 3.26426 3 20 21.6566 6.48567e-05 1.88878 5 
1.47322 0.00024537 -1 0.790936 0.218725 0.0149684 4.60166 90791.6 5 2748.32 0.246774 6.44694 3 6 1569.86 1.24638 3.28626 3 19 39.3906 6.00224e-05 2.02377 5 
1.48776 0.000248349 -1 0.794109 0.218631 0.0145407 4.65096 90709.8 6 1929.79 0.313249 4.28157 2 6 1207.36 1.7015 2.98653 3 19 50.7508 7.95921e-05 2.02071 5 
1.50245 0.000250784 -1 0.797293 0.218566 0.0146819 4.70997 90443 10 1450.01 0.424278 2.25617 2 5 1214 1.26522 3.94831 2 21 64.7819 5.70225e-05 1.94246 5 
1.51699 0.000253603 -1 0.800468 0.218533 0.0145394 4.76432 90271 7 1962.2 0.322406 3.47232 2 5 1498.74 1.73567 3.86591 2 23 66.1292 5.55043e-05 1.83729 5 
1.53153 0.000255052 -1 0.803615 0.218554 0.0145394 4.84127 89682.3 9 8246.31 0.337389 3.07305 3 5 4099.99 1.2743 5.02924 2 32 35.1983 9.81096e-05 1.49138 5 
1.54578 0.000257763 -1 0.806726 0.218549 0.014257 4.93617 88787.9 8 3330.26 0.419674 3.07217 2 5 2860.24 0.741467 5.21509 2 41 34.8363 8.87554e-05 1.3691 5 
1.5599 0.000261936 -1 0.809791 0.218539 0.0141186 4.99656 88534.5 9 2330.5 0.454145 2.58375 2 5 2403.24 1.19444 4.57854 2 23 35.0546 8.23151e-05 1.75691 5 
1.57362 0.000266225 -1 0.812791 0.218645 0.0137152 5.04103 88566.1 9 1695.6 0.4693 2.48496 2 6 1514.94 0.976138 3.40263 2 16 34.69 8.02568e-05 2.25026 5 
1.58695 0.000270339 -1 0.815684 0.218723 0.0133307 5.08275 88644.9 8 1799.59 0.357631 2.90213 3 4 1630.92 1.9497 5.37794 2 14 39.4805 9.84053e-05 2.51328 5 
1.59945 0.000273958 -1 0.818408 0.218886 0.0125049 5.12033 88794.2 7 6906.5 0.550712 3.85014 3 5 3398.64 1.24464 4.8669 2 13 30.8144 4.20772e-05 2.82573 5 
1.61207 0.000277778 -1 0.821148 0.218915 0.0126176 5.15728 88952.4 9 2040.51 0.508666 2.51401 3 5 2266.48 1.93525 4.10888 2 12 32.503 4.97794e-05 3.05192 5 
1.62424 0.0002801 -1 0.823814 0.21904 0.0121748 5.19161 89153.1 8 1634.59 0.433634 2.79921 3 5 1464.68 2.02601 3.73096 2 11 31.58 5.86117e-05 3.31924 5 
1.63642 0.000282295 -1 0.826467 0.219152 0.0121748 5.22564 89356.3 8 1902.93 0.499876 2.80266 2 5 2027.7 1.58518 4.18201 2 11 37.0952 5.55708e-05 3.38452 5 
1.64788 0.00028547 -1 0.828982 0.219347 0.0114587 5.26018 89548.2 11 2891.48 0.572884 2.17091 2 5 2354.28 2.03369 4.09935 2 10 42.2202 7.8686e-05 3.74078 5 
1.65924 0.000288406 -1 0.831453 0.219501 0.0113624 5.29183 89786.8 8 1961.13 0.59327 2.75364 2 5 2303.59 2.1785 4.02577 2 10 34.3664 4.01717e-05 3.91942 5 
1.66988 0.000291405 -1 0.833781 0.219685 0.010641 5.32362 90019.9 10 5955.17 0.70936 2.46833 3 5 2894.17 2.15835 4.22163 2 9 38.8295 6.22614e-05 4.40436 5 
1.68052 0.000293085 -1 0.836106 0.219834 0.010641 5.3648 90092.5 7 2507.12 0.716229 3.20851 3 5 2998.82 2.45127 4.14488 2 15 34.1162 5.65982e-05 2.42853 5 
1.69125 0.000294508 -1 0.838467 0.219968 0.0107275 5.40734 90141.2 8 2806.5 0.754099 2.79474 3 5 2239.02 1.40848 4.36779 2 12 43.3291 9.9521e-05 2.95057 5 
1.70198 0.000295687 -1 0.840818 0.220095 0.0107275 5.43782 90389.1 6 2072.34 0.793903 3.71064 4 4 2730.49 2.28964 5.8765 2 10 55.9529 5.51538e-05 3.9868 5 
1.7127 0.000297419 -1 0.843185 0.220228 0.0107275 5.47442 90533.1 5 3203.41 0.674197 5.43707 3 5 2381.55 2.81865 3.84914 2 16 68.8003 8.27261e-05 2.34421 4 
1.72253 0.000299425 -1 0.84534 0.220422 0.00982669 5.50789 90726.5 6 1522.65 0.972459 3.40765 3 6 2083.45 2.39216 3.09029 2 13 66.9694 5.47712e-05 2.93938 4 
1.73236 0.000301216 -1 0.847501 0.220571 0.00982669 5.54054 90931.3 8 2695.27 0.653726 2.83075 2 4 2832.28 3.89959 5.19134 2 13 77.3528 4.62827e-05 3.0109 4 
1.74218 0.000303145 -1 0.849651 0.220714 0.00982669 5.57448 91112.4 8 5274.51 0.969389 2.93063 2 6 2497.5 2.47071 3.16797 2 13 85.5879 8.14334e-05 2.90537 4 
1.75209 0.000305035 -1 0.851836 0.220751 0.00990406 5.62142 91080.2 9 4145.78 0.901872 2.55235 3 7 3440.28 3.80768 2.64409 2 19 85.741 5.11239e-05 2.12622 4 
1.76199 0.000306897 -1 0.854012 0.220782 0.00990406 5.66075 91171 5 4071.84 1.01686 5.25419 2 7 3578.22 3.54633 2.68613 2 18 92.3322 3.84927e-05 2.26174 4 
1.77174 0.000308489 -1 0.856167 0.220899 0.00974809 5.70569 91170.7 9 5158.84 0.940873 2.60284 2 7 4627.95 3.87124 2.752 2 21 95.4973 7.85433e-05 1.94875 4 
1.78157 0.000310627 -1 0.858328 0.22095 0.00982608 5.74879 91199.7 9 3027.15 0.785079 2.50298 2 5 3943.27 3.81265 4.00798 2 21 96.3719 8.18065e-05 1.94582 4 
1.79139 0.000312589 -1 0.860503 0.220998 0.00982608 5.79048 91250.5 8 6403.43 0.927559 3.01914 2 6 5045.34 3.38421 3.37991 2 16 103.347 5.41935e-05 2.46901 4 
1.80021 0.000314483 -1 0.862444 0.221096 0.00882195 5.83012 91332.6 6 5308.51 1.20889 4.04667 2 5 3196.96 2.29019 4.25572 2 20 69.8618 4.73261e-05 2.0345 4 
1.80711 0.000315399 -1 0.863965 0.221322 0.00689532 5.86527 91483.6 6 5990.86 0.979655 4.27631 2 5 4755.5 4.34062 4.05442 2 18 33.9017 9.96041e-05 2.02923 3 
1.81401 0.000316678 -1 0.865484 0.221423 0.00689532 5.91274 91441.9 9 4379.96 1.7949 2.37893 2 9 4266.88 4.99914 2.11685 3 17 37.7681 5.69573e-05 2.20012 4 
1.82106 0.000316388 -1 0.867048 0.221496 0.00705949 5.95841 91428.4 6 2054.34 1.72889 3.2545 2 5 3122.34 7.98688 3.29929 2 20 43.5793 5.42437e-05 1.97354 4 
1.82834 0.00031724 -1 0.868655 0.221582 0.00727738 6.00329 91427.1 8 3526.58 1.80589 2.5783 2 5 3449.69 5.4905 3.62772 2 16 49.379 6.09741e-05 2.34032 4 
1.8358 0.000318358 -1 0.87031 0.221668 0.00746279 6.04221 91516.2 7 2167.64 1.5972 2.80232 2 5 4202.78 5.63423 3.7544 2 15 58.9383 5.04892e-05 2.53793 4 
1.84341 0.000319701 -1 0.871991 0.221746 0.00760912 6.0755 91689 7 2751.76 1.36042 2.96672 2 6 2372.62 4.17499 2.87803 2 12 69.0891 7.68824e-05 3.13424 4 
1.85123 0.00032104 -1 0.873726 0.221837 0.00781477 6.10989 91843.2 11 2610.07 1.34581 1.99012 2 6 3898.54 4.67125 3.0684 2 11 81.7529 6.93919e-05 3.56391 4 
1.85915 0.000321952 -1 0.875477 0.221893 0.00792256 6.13745 92098.2 7 1422.96 1.55201 2.64963 2 6 1774 6.20863 2.56641 2 9 93.804 5.72845e-05 4.90303 4 
1.86724 0.000323143 -1 0.877274 0.221935 0.00809113 6.16765 92311.3 10 2346.46 1.14995 2.14276 3 6 2401.01 5.21235 2.77903 2 9 108.479 3.36077e-05 5.28703 4 
1.87545 0.000324169 -1 0.879088 0.221938 0.00820839 6.19946 92498.4 7 3079.04 1.27313 3.04343 2 6 3741.77 4.95321 3.01785 2 9 125.138 2.52323e-05 5.54545 4 
1.88372 0.000325446 -1 0.880927 0.221933 0.00826874 6.22636 92756.6 8 3580.52 1.38603 2.67006 2 6 2676.93 5.56212 2.79941 2 8 142.337 9.24806e-05 5.93483 4 
1.89205 0.000326765 -1 0.882769 0.221895 0.00833045 6.2526 93022.4 7 2480.33 1.06419 3.0274 3 6 2374.7 4.43262 2.84987 2 8 160.276 9.00579e-05 6.04357 4 
1.90051 0.000327944 -1 0.884649 0.221838 0.00845763 6.28053 93260.9 7 2821.95 1.1948 3.03315 2 6 2994.99 4.41514 2.96421 2 9 181.915 3.15729e-05 5.63862 4 
1.90897 0.000329307 -1 0.886517 0.221753 0.00845763 6.30816 93501.8 7 2617.57 1.32493 2.95675 2 6 2625.08 5.21431 2.82049 2 9 198.649 5.49336e-05 5.35419 4 
1.91736 0.000330706 -1 0.888378 0.221388 0.00839258 6.36174 93358 13 12485.7 1.12435 2.04736 2 9 10349.4 3.94977 2.39782 2 25 184.938 8.38915e-05 1.79363 3 
1.92086 0.000331195 -1 0.889152 0.221787 0.0035037 6.39306 93541.4 10 11189 6.59671 2.10352 2 8 21790.6 23.2021 2.35284 2 7 25.289 4.48684e-05 6.63086 3 
1.92465 0.00033078 -1 0.889991 0.221543 0.00378645 6.41876 93805 9 4322.21 5.43012 2.1005 2 7 15759.7 26.6849 2.48827 2 7 26.8811 8.63494e-05 6.09174 3 
1.9288 0.000331497 -1 0.890907 0.221195 0.00415194 6.44048 94124.6 6 3380.66 3.68429 3.11727 2 4 5196.18 16.6279 4.20447 2 8 33.7854 5.38985e-05 5.30449 3 
1.93336 0.000332053 -1 0.891913 0.220826 0.0045583 6.46291 94431.7 4 2771.28 4.06282 5.1105 2 4 3653.12 13.3211 4.06941 2 9 39.02 3.90286e-05 4.64147 3 
1.93834 0.000331746 -1 0.893009 0.220568 0.00498431 6.48711 94710.9 5 4319.28 1.91328 4.68518 2 4 5421.18 7.10179 5.25631 2 9 44.9766 9.31697e-05 4.28079 3 
1.94373 0.000331303 -1 0.894196 0.220344 0.00538912 6.51021 95004 5 4202.31 2.02083 4.60884 2 4 5406.68 10.7636 4.73416 2 10 55.2268 6.16064e-05 3.93779 3 
1.94944 0.000331051 -1 0.895448 0.220176 0.00570956 6.53303 95299.1 5 3026.96 2.99699 3.989 2 4 3804.26 8.75322 4.56589 2 10 63.9045 9.65036e-05 3.82031 3 
1.95541 0.000331152 -1 0.896764 0.220062 0.00596908 6.59411 95037.6 7 1621.44 2.45384 2.52851 3 4 2025.44 6.96385 4.12969 3 35 71.1123 9.97213e-05 1.46971 3 
1.96159 0.000331514 -1 0.898123 0.219939 0.006181 6.62516 95210.3 6 5371.98 2.18164 3.67473 2 4 5497.45 10.3176 4.80447 2 13 78.7751 8.56345e-05 2.87574 4 
1.968 0.000331962 -1 0.899539 0.219794 0.00640993 6.65461 95404.6 5 4067.98 2.2883 4.46656 2 4 6150.36 6.29897 5.58995 2 13 94.1275 4.13297e-05 3.08344 4 
1.97453 0.000332738 -1 0.900975 0.219624 0.00653164 6.68526 95579.8 7 2838.87 2.27939 2.76815 3 5 2780.58 1.77533 4.35483 2 12 108.058 5.89899e-05 3.32588 4 
1.98115 0.000333399 -1 0.902431 0.21948 0.00661592 6.74059 95402.9 5 1507.75 1.47202 4.00021 3 4 1636.98 3.45843 4.66435 3 34 121.899 7.73338e-05 1.52154 3 
1.9879 0.000333824 -1 0.903907 0.219276 0.00674736 6.79014 95310 5 4930.2 1.01951 5.45625 2 4 4957.87 1.39246 7.72463 3 26 138.846 7.89557e-05 1.73859 3 
1.99473 0.000334492 -1 0.905406 0.219111 0.00683854 6.8293 95363.2 5 3997.88 1.04357 5.20789 2 4 4328.25 4.36084 5.61288 3 21 155.397 8.22328e-05 1.99011 3 
2.00162 0.000335055 -1 0.906907 0.218875 0.00688538 6.85782 95563.9 5 2859.92 0.938669 4.97472 2 4 3068.74 3.54994 5.42231 3 14 171.441 9.42488e-05 2.79983 3 
2.00855 0.000335853 -1 0.908422 0.218644 0.00693319 6.8892 95723.1 5 3555.6 0.859136 5.28896 2 4 3477.34 4.28346 5.33781 3 14 187.869 5.93437e-05 2.91286 3 
2.01554 0.000336564 -1 0.909939 0.218348 0.00698202 6.91915 95900.7 6 2371.45 1.87998 3.28708 2 5 1985.86 0.899086 4.66476 2 14 205.136 4.86311e-05 2.9732 3 
2.02252 0.000336981 -1 0.911461 0.218074 0.00698202 6.94867 96082.8 6 3954.93 0.923832 4.02956 2 5 4506.32 3.85799 4.10669 3 14 220.02 4.70642e-05 2.99511 3 
2.0296 0.000337492 -1 0.913001 0.21766 0.00708321 6.97782 96268.4 5 4145.37 0.890381 5.41499 2 5 3863.76 3.35291 4.0956 2 14 205.796 7.89093e-05 2.87282 3 
2.03668 0.000339206 -1 0.914546 0.215758 0.00708321 7.01638 96323.2 10 20786.8 1.92238 2.5316 2 6 20573.3 5.56191 3.9326 2 15 151.007 7.33208e-05 2.63583 3 
2.03968 0.000341109 -1 0.915192 0.215289 0.00299167 7.0497 96448.9 5 6660.3 7.387 3.89947 2 5 28143.6 21.5219 4.20049 3 21 73.8101 9.37615e-05 1.90883 2 
2.04318 0.000342213 -1 0.915949 0.214543 0.00350483 7.07523 96679.9 5 4674.5 2.70823 4.44027 3 5 29370.1 17.8575 4.39761 2 12 77.0175 7.00193e-05 3.18748 3 
2.04713 0.000342367 -1 0.916797 0.21383 0.0039538 7.09917 96930.8 4 5753.49 3.26044 6.48132 2 5 9133.64 14.1322 3.64827 2 11 91.2007 2.51662e-05 3.9472 3 
2.05147 0.00034074 -1 0.917726 0.21317 0.00433121 7.12334 97176.8 5 4623.54 3.76223 4.14864 2 5 5879.15 7.62232 3.7796 2 11 104.623 8.05634e-05 3.5956 3 
2.05616 0.000338096 -1 0.918728 0.212594 0.00469572 7.14898 97401.3 5 8631.19 3.92176 4.66142 2 5 8921.85 10.3427 3.86513 2 12 118.988 5.5536e-05 3.36959 3 
2.06126 0.000335718 -1 0.919817 0.212083 0.00510183 7.17544 97612.9 6 7982.58 2.69788 3.78896 2 5 9703.91 11.3419 3.8588 2 12 137.177 5.49861e-05 3.4126 3 
2.06672 0.000334349 -1 0.920975 0.211653 0.00545777 7.20355 97800.7 5 6238.37 2.65534 4.7227 2 5 7552.98 9.2353 3.82414 2 10 154.893 4.4908e-05 4.50579 3 
2.07245 0.000333215 -1 0.922188 0.21126 0.00572564 7.22751 98043.2 5 3655.35 1.56565 4.71679 2 5 4697.87 8.22078 3.55957 2 10 172.883 6.85822e-05 4.36671 3 
2.07839 0.000332602 -1 0.923439 0.21089 0.00594586 7.25134 98285.8 5 8221.59 1.42724 5.65057 2 5 8579.97 4.51072 4.52739 2 10 190.856 9.71919e-05 4.259 3 
2.08454 0.000332314 -1 0.924731 0.21055 0.00614405 7.27647 98509.3 5 8324.27 0.849764 6.28362 2 5 10096.2 3.86541 4.82384 2 11 208.893 5.4211e-05 3.96929 3 
2.09089 0.000332748 -1 0.92606 0.210145 0.00635739 7.30343 98706.5 5 6244.7 0.924718 5.83311 2 5 7396.59 2.58587 4.9123 2 12 229.14 4.33285e-05 3.6331 3 
2.09739 0.00033358 -1 0.927423 0.20974 0.00649362 7.34525 98702.1 5 4696.29 1.60033 4.93752 2 5 4294.76 1.74909 4.76459 2 19 245.006 9.43899e-05 2.17567 4 
2.10402 0.000334906 -1 0.928809 0.209361 0.00663686 7.39639 98573.5 6 3339.09 0.874877 3.95318 2 4 3687.21 8.73835 4.53228 2 22 262.577 7.54699e-05 1.98308 4 
2.11081 0.000335684 -1 0.930231 0.208956 0.0067877 7.44627 98463.3 6 7759.64 0.80479 4.61346 2 5 9732.69 4.43436 4.65887 2 23 281.445 8.05167e-05 1.92531 4 
2.11776 0.000336664 -1 0.931679 0.20852 0.00694678 7.4916 98414.2 5 6368.82 1.76358 5.14675 2 5 7057.79 3.43907 4.59669 2 22 301.235 8.4344e-05 1.98544 4 
2.12482 0.000337849 -1 0.933152 0.208121 0.00705793 7.53153 98436.3 5 4018.73 1.69968 4.72873 2 5 4707.48 4.31932 4.05018 2 19 317.416 7.46197e-05 2.23297 4 
2.13193 0.000339285 -1 0.934629 0.207739 0.00711531 7.56856 98495.9 6 5036.56 1.10272 4.07328 2 5 4244.81 2.63373 4.37983 2 17 332.05 5.30398e-05 2.51073 4 
2.13905 0.000340524 -1 0.936108 0.207314 0.00711531 7.60586 98551.4 6 4557.88 1.31846 3.88851 2 4 4390.3 6.01995 5.19667 2 15 346.199 4.26974e-05 2.88799 4 
2.14634 0.000342058 -1 0.937616 0.206826 0.00729621 7.66345 98345.3 6 6442.74 1.21008 4.17872 2 6 8849.54 2.03496 4.04012 2 35 377.722 8.45643e-05 1.54882 3 
2.15377 0.000343805 -1 0.939152 0.206351 0.0074231 7.71187 98258.9 6 4172.42 0.95567 4.04278 2 6 4037.89 3.26294 3.27661 2 28 404.328 8.93434e-05 1.72863 3 
2.16126 0.000345436 -1 0.940692 0.205858 0.00748879 7.75219 98276.2 5 2814.75 1.2259 4.70107 2 5 3444.07 6.47861 3.50847 2 23 423.892 6.6373e-05 1.97643 3 
2.16855 0.000347039 -1 0.942193 0.205464 0.00729343 7.78893 98338.6 5 2737.46 1.2442 4.66113 2 5 3241.53 5.14451 3.62979 2 20 412.414 7.11336e-05 2.17853 3 
2.17584 0.000348535 -1 0.943686 0.204901 0.00729343 7.82868 98362.4 5 5743.48 1.48521 5.21768 2 5 6182.38 2.97112 4.60943 2 22 421.821 6.05277e-05 2.0467 3 
2.1832 0.000350524 -1 0.945193 0.204432 0.00735855 7.87457 98309.4 6 4039.66 1.28826 3.82581 2 6 6765.43 1.84078 3.9284 2 24 437.892 8.23237e-05 1.90653 3 
2.19056 0.000352544 -1 0.946691 0.203917 0.00735855 7.92432 98209 6 3543.48 1.02394 3.88919 2 5 4625.27 4.83985 3.94513 2 25 448.338 7.24829e-05 1.8692 3 
2.19792 0.000354228 -1 0.948191 0.203421 0.00735855 7.96722 98194.4 6 3473.56 0.782766 4.05375 2 5 3578.03 5.20794 3.69314 2 24 462.741 6.1279e-05 1.93457 3 
2.20508 0.000355314 -1 0.949641 0.201062 0.00716145 8.0106 98174 10 26345.9 1.66119 2.63045 2 6 25533.2 3.66174 4.37089 2 21 337.523 7.18681e-05 2.07828 3 
2.21224 0.000353762 -1 0.95108 0.196118 0.00716145 8.04962 98206.9 7 17387.1 1.40876 3.84136 2 6 16253.6 3.70504 4.046 2 20 313.466 6.66837e-05 2.1558 3 
2.2196 0.000352942 -1 0.952516 0.19007 0.00736224 8.08868 98239 7 21732.9 1.09945 4.10871 2 6 22367.2 3.86046 4.23801 2 20 320.301 6.9038e-05 2.15439 3 
2.22711 0.000352325 -1 0.95394 0.185167 0.00750382 8.12919 98253.4 8 9880.53 1.50484 3.00028 3 6 9094.65 2.4227 3.94228 2 20 235.548 7.44711e-05 2.11351 3 
2.23461 0.000350987 -1 0.955322 0.182769 0.00750382 8.16614 98310.3 7 15390.9 0.80582 4.08861 2 5 15423.1 5.83023 4.83612 2 19 214.362 9.51497e-05 2.15951 3 
2.24211 0.000350874 -1 0.956698 0.183046 0.00750382 8.21457 98229.3 9 9435.83 1.48851 2.64513 3 7 10972.7 5.94828 2.92793 3 20 186.66 7.4951e-05 2.0884 4 
2.24969 0.00034873 -1 0.958088 0.184961 0.00757886 8.2612 98170.7 6 7180.41 1.05503 4.35326 2 4 10218.1 5.33402 6.61575 3 23 150.513 8.11206e-05 1.87301 4 
2.25743 0.000348817 -1 0.95952 0.187473 0.00773512 8.30571 98137.8 7 6298.06 1.21042 3.39544 2 5 7870.19 4.22863 4.50772 3 21 145.449 9.88968e-05 1.96649 4 
2.26577 0.0003498 -1 0.961078 0.189865 0.0083435 8.35 98107.7 7 6503.36 1.2314 3.40267 2 5 5443.49 3.69961 4.30075 3 21 158.986 5.74643e-05 2.02656 4 
2.27412 0.000353039 -1 0.962659 0.191734 0.0083435 8.38807 98150.8 7 4537.97 1.3112 3.20331 2 4 4040.76 5.09845 5.30587 2 18 152.071 9.48722e-05 2.21165 4 
2.28227 0.000356607 -1 0.964214 0.193031 0.00815601 8.4254 98202.1 7 3050.84 1.36448 3.00949 2 6 3427.97 1.74098 3.5403 2 17 141.786 4.42056e-05 2.41388 4 
2.28999 0.000359831 -1 0.965699 0.193684 0.00771751 8.47112 98155.7 7 5889.81 1.40173 3.29332 2 6 6767.19 5.41377 3.2821 2 25 125.932 7.15358e-05 1.77756 3 
2.29779 0.000362575 -1 0.967201 0.193772 0.00780232 8.52108 98060.8 9 8316.6 1.51361 2.60344 2 8 9352.99 3.85771 2.64897 2 26 131.696 6.49278e-05 1.74816 3 
2.30577 0.00036488 -1 0.968741 0.193493 0.00797965 8.57381 97935.5 11 5808.99 1.14657 2.17166 2 9 5318.63 3.7067 2.24263 2 26 135.984 7.49201e-05 1.74071 3 
2.31413 0.000366171 -1 0.970355 0.19295 0.00836421 8.63376 97729.9 11 5668.91 1.10777 2.17363 2 10 5031.54 4.34221 2.02488 2 28 142.564 7.96389e-05 1.67231 3 
2.3226 0.000367098 -1 0.971995 0.192469 0.00846747 8.69087 97558.9 11 4664.29 0.959213 2.16357 2 10 3630.65 3.45195 2.00536 2 29 136.956 7.83869e-05 1.64155 3 
2.33118 0.000367639 -1 0.97365 0.1921 0.00857465 8.74741 97396.6 9 3914.49 1.01515 2.503 2 5 3559.98 3.73346 3.94337 2 31 126.998 8.77427e-05 1.58026 3 
2.33998 0.00036819 -1 0.975346 0.191775 0.0088003 8.8171 97091.3 9 7728.46 0.49828 2.92162 3 8 7962.65 3.68962 2.61072 2 37 102.512 7.34278e-05 1.46581 3 
2.34878 0.000368607 -1 0.977027 0.191487 0.0088003 8.86707 97006.1 8 5493.44 0.514337 3.18841 3 7 7834.42 3.93663 2.95984 2 21 109.217 3.38121e-05 2.04156 4 
2.35795 0.000368512 -1 0.978777 0.191089 0.00917215 8.90343 97070 6 4760.27 0.382634 4.81365 3 6 5104.52 4.13575 3.27517 2 12 125.632 9.57708e-05 3.23461 4 
2.36739 0.00036978 -1 0.980568 0.190727 0.00944191 8.93635 97170.7 5 3143.81 0.905793 5.10606 2 6 4288.69 2.42496 3.47752 2 13 139.726 4.60806e-05 3.15208 4 
2.37698 0.000370866 -1 0.982386 0.19043 0.00958497 8.97007 97262.1 7 3673.64 0.684092 3.41079 2 6 4610.8 2.81531 3.43327 2 13 150.749 4.04579e-05 3.20244 4 
2.38687 0.000371943 -1 0.984262 0.190119 0.00988926 9.0501 96854.6 9 4254.59 0.933628 2.54988 2 6 4430.29 3.78683 3.24608 2 39 167.538 8.98932e-05 1.44804 4 
2.39676 0.000373159 -1 0.986146 0.189844 0.00988926 9.1366 96386 8 6976.9 0.607426 3.21752 3 6 8306.12 3.43196 3.66417 2 47 174.491 8.45603e-05 1.36255 4 
2.40664 0.000374611 -1 0.988025 0.189573 0.00988926 9.19611 96207.7 8 4816.02 0.663035 3.03839 3 5 4784.41 3.51858 4.23343 2 30 181.742 7.94012e-05 1.62925 4 
2.41687 0.000376472 -1 0.989975 0.18936 0.0102303 9.24535 96138.2 8 3556.46 0.615284 2.95286 3 6 4301.78 2.31157 3.50717 2 20 202.329 7.27521e-05 2.09996 4 
2.42748 0.000378657 -1 0.991976 0.189182 0.0106023 9.28447 96174.4 6 2545.04 0.601585 4.02161 3 5 3150.97 3.26428 3.95304 2 15 225.292 4.90237e-05 2.78071 4 
2.43808 0.00038113 -1 0.993973 0.18908 0.0106023 9.32659 96179.2 9 2360.05 0.876569 2.40506 2 6 3411.32 2.44071 3.34375 2 15 233.626 7.61336e-05 2.70684 4 
2.44889 0.000383421 -1 0.995999 0.188917 0.0108062 9.37285 96141.5 11 5556.96 0.72767 2.25419 2 8 6133.81 2.32017 2.67779 2 16 251.77 8.8598e-05 2.53133 4 
2.45873 0.000385187 -1 0.997851 0.1888 0.00984133 9.41343 96162.2 10 4023.68 0.964398 2.30164 2 7 4302.99 3.24902 2.79256 2 14 216.893 7.12031e-05 2.90486 4 
2.46914 0.000386794 -1 0.999808 0.188578 0.0104091 9.45303 96192.7 10 3638.19 0.832863 2.31223 2 6 3762.54 2.29521 3.43381 2 15 252.626 6.04527e-05 2.76315 4 
2.47997 0.000388694 -1 1.00186 0.188414 0.010834 9.49494 96199.4 11 3016.64 0.57305 2.17923 3 6 3231.26 2.96821 3.20735 2 16 282.664 4.36648e-05 2.66499 4 
2.4908 0.000390111 -1 1.0039 0.188211 0.010834 9.53633 96211.5 9 2272.06 0.769089 2.42999 2 7 3127.22 2.71057 2.73806 2 16 291.47 3.85513e-05 2.69098 4 
2.50187 0.00039216 -1 1.006 0.1881 0.0110695 9.58274 96172.9 10 2419.14 0.765931 2.23845 2 7 2953.06 2.62656 2.72798 2 16 313.805 6.78359e-05 2.60961 4 
2.51247 0.000393992 -1 1.00798 0.188002 0.0105984 9.62236 96202.6 9 2503.43 0.862468 2.42524 2 7 3327.24 2.68797 2.76572 2 15 296.149 4.94907e-05 2.83008 4 
2.52331 0.000396054 -1 1.00999 0.187876 0.010834 9.66486 96203.4 10 5398.6 0.640891 2.46916 3 7 3946.42 2.56156 2.85355 2 16 318.971 3.79412e-05 2.70888 4 
2.53466 0.000397663 -1 1.01211 0.187576 0.0113499 9.71231 96155 8 3660.85 0.771297 2.88101 4 6 3298.78 1.68228 3.53787 2 18 358.857 6.61113e-05 2.36672 5 
2.54601 0.000399205 -1 1.01424 0.187393 0.0113499 9.78785 95831.5 8 2860.9 0.614464 2.87409 4 8 2707.35 2.05873 2.45396 2 36 366.678 7.94375e-05 1.5315 4 
2.55765 0.00039979 -1 1.01643 0.187115 0.0116409 9.83628 95776 6 2840.19 0.560999 4.14379 3 7 3132.03 2.36523 2.7925 2 22 393.481 8.78017e-05 2.00603 4 
2.56844 0.000400302 -1 1.01847 0.187122 0.0107891 9.87538 95811.6 7 1709.34 0.741009 3.02294 3 6 2481.94 1.93381 3.29657 2 16 343.772 7.91855e-05 2.59927 4 
2.57922 0.000398769 -1 1.02048 0.186935 0.0107891 9.91555 95836.5 6 1874.59 0.849809 3.60798 3 7 2262.42 0.320985 3.5459 3 16 349.996 5.77297e-05 2.6541 4 
2.5906 0.000397459 -1 1.02257 0.186518 0.0113723 9.9555 95863.4 6 3664.48 0.217773 5.06215 3 5 3628.36 2.46336 4.30166 3 17 393.3 4.90142e-05 2.54766 4 
2.60197 0.000397538 -1 1.02466 0.186026 0.0113723 10.0003 95844 8 3300.94 0.543066 2.97148 3 8 3101.53 2.76027 2.40618 2 17 394.176 5.1608e-05 2.54028 4 
2.61368 0.000396634 -1 1.02684 0.185367 0.0117068 10.0466 95809.1 11 2929.45 0.592144 2.16696 2 6 2769.08 2.01155 3.33529 2 18 415.951 6.83063e-05 2.38189 4 
2.62538 0.00039557 -1 1.02902 0.184672 0.0117068 10.0949 95756.4 10 2800.44 0.684659 2.29708 2 7 3741.49 1.84184 2.96853 2 20 408.612 6.47183e-05 2.18783 4 
2.63709 0.000394442 -1 1.03122 0.184035 0.0117068 10.1442 95695.6 10 3229.79 0.590979 2.36461 2 7 2769.01 2.74875 2.68551 2 21 385.226 7.71895e-05 2.0843 4 
2.6488 0.000393424 -1 1.03334 0.183442 0.0117068 10.1886 95680.7 8 2678.3 0.634206 2.83925 2 5 2403.01 2.4825 3.95524 2 20 373.99 8.85911e-05 2.14424 4 
2.66091 0.000392548 -1 1.03553 0.182925 0.0121105 10.235 95646.3 7 3765.71 0.597287 3.48987 2 7 3843.55 2.39607 2.87006 2 21 384.565 7.99615e-05 2.08063 4 
2.6715 0.000392315 -1 1.03745 0.182916 0.0105967 10.2804 95622.4 7 4495.27 0.770075 3.45169 2 5 3373 1.56822 4.64004 2 19 277.641 8.6185e-05 2.20054 5 
2.6821 0.000391199 -1 1.03939 0.182942 0.0105967 10.3282 95576.5 5 2320.49 0.723561 5.02598 2 5 2421.75 3.12238 3.7838 2 21 263.106 9.87191e-05 2.02296 5 
2.6927 0.000393404 -1 1.04135 0.183179 0.0105967 10.3749 95541.5 8 2058.7 0.664147 2.73159 2 4 3126.05 2.91663 5.72175 2 19 247.504 8.84462e-05 2.18429 5 
2.70367 0.000396618 -1 1.04339 0.183423 0.0109751 10.4583 95170.7 8 2448.25 0.652371 2.79766 2 4 2271.96 1.86729 5.90606 2 46 250.575 8.14092e-05 1.38372 4 
2.71465 0.000400016 -1 1.04537 0.183627 0.0109751 10.5088 95103.6 6 2469.33 0.809625 3.80817 2 5 2719.06 1.47866 4.49687 2 25 237.097 9.86893e-05 1.79981 4 
2.72562 0.000405052 -1 1.04736 0.183893 0.0109751 10.5516 95105.8 7 2532.22 0.768598 3.18085 2 4 2728.11 3.04811 5.46963 2 20 223.686 5.02339e-05 2.14997 4 
2.7366 0.000409027 -1 1.04936 0.184077 0.0109751 10.5929 95121.8 6 3764.75 0.802436 4.09155 2 5 2267.39 2.46248 3.91589 2 19 216.191 9.40272e-05 2.16182 4 
2.74805 0.000413728 -1 1.05147 0.184279 0.0114523 10.6406 95080.5 9 3129.92 0.654114 2.56375 3 5 2759.39 2.10915 4.20089 2 21 227.219 5.62726e-05 2.06338 4 
2.75774 0.000415783 -1 1.05328 0.184696 0.0096904 10.6794 95118.2 8 1597.79 1.01558 2.50958 2 7 2377.02 3.74553 2.51397 2 15 159.676 9.78811e-05 2.59519 4 
2.76743 0.000415824 -1 1.05509 0.184964 0.0096904 10.7185 95153.5 7 1559.71 0.832799 2.93427 2 7 1711.82 4.09396 2.3685 2 16 160.689 4.32191e-05 2.57421 4 
2.77754 0.000417574 -1 1.05695 0.18515 0.0101117 10.7573 95190.8 7 1827.24 0.796763 3.02042 2 5 1440.37 2.05744 3.70706 2 17 176.538 6.955e-05 2.38088 4 
2.78765 0.000421364 -1 1.05879 0.185399 0.0101117 10.797 95220.9 6 1848.76 0.748582 3.67655 2 5 1596.99 2.58255 3.61619 2 18 177.996 5.37176e-05 2.30271 4 
2.79777 0.000425371 -1 1.06065 0.185581 0.0101117 10.8395 95224.7 6 1239.58 0.912311 3.32804 2 5 1671.57 1.90951 3.8765 2 20 181.362 5.03753e-05 2.12724 4 
2.80788 0.000429619 -1 1.06252 0.185743 0.0101117 10.8842 95210.6 7 2767.65 0.923742 3.13799 2 5 1741.82 1.96832 3.88492 2 21 185.459 7.94978e-05 2.01017 4 
2.81855 0.000432746 -1 1.06451 0.185764 0.0106735 10.9859 94702.1 11 2938.74 0.685066 2.13905 3 5 2751.58 3.23398 3.85451 2 56 211.677 9.21027e-05 1.29896 4 
2.82863 0.00043406 -1 1.06641 0.185868 0.0100805 11.0805 94262.7 9 3836.14 0.949255 2.51607 2 6 2250.85 2.53742 3.09974 2 52 193.271 8.43826e-05 1.32528 4 
2.83871 0.000435968 -1 1.06828 0.185995 0.0100805 11.1439 94094.3 11 1807.07 0.768489 2.02528 2 5 1884.91 3.30203 3.55879 2 31 199.162 9.8572e-05 1.59736 4 
2.84879 0.000436953 -1 1.07013 0.186142 0.0100805 11.1871 94097.2 6 1670.43 0.922481 3.49123 2 4 1557.63 1.24471 5.9477 2 21 205.243 8.2205e-05 2.01668 4 
2.85887 0.000438662 -1 1.07199 0.186307 0.0100805 11.2341 94067.6 9 1781.64 0.969419 2.30516 2 5 1703.74 1.26781 4.22348 2 21 211.399 8.99871e-05 2.01084 4 
2.86895 0.000440291 -1 1.07386 0.186523 0.0100805 11.2795 94052 7 1642.3 0.81708 2.96404 2 4 1398.53 2.7368 4.75453 2 22 218.109 5.85181e-05 1.9893 4 
2.87903 0.000442263 -1 1.07574 0.186719 0.0100805 11.329 94003.1 9 2117.69 0.930932 2.36044 2 5 1377.12 1.66901 3.83092 2 23 224.951 5.13402e-05 1.94431 4 
2.88911 0.000444457 -1 1.07764 0.186907 0.0100805 11.3813 93931.1 9 2583.05 0.934177 2.41219 3 6 2693.53 2.30797 3.24476 2 24 231.956 6.31008e-05 1.8774 4 
2.89919 0.00044599 -1 1.07954 0.187032 0.0100805 11.4346 93851.6 8 2001.28 0.722458 2.69347 3 6 2840.73 1.0754 3.718 2 25 237.865 8.171e-05 1.81369 4 
2.90928 0.000447788 -1 1.08141 0.187176 0.0100805 11.4864 93784.9 7 2209.05 0.644592 3.19881 3 5 2079.38 1.33416 4.35056 2 25 242.207 7.13405e-05 1.82488 4 
2.91835 0.000449494 -1 1.08309 0.187434 0.00907246 11.5295 93789 6 1836.71 0.745018 3.67547 3 4 1686.16 4.02329 4.52459 2 20 194.748 5.27161e-05 2.12998 4 
2.92742 0.000450283 -1 1.08478 0.187507 0.00907246 11.5707 93809.4 5 2468.38 0.95482 4.81391 3 5 1882.7 3.57201 3.50246 2 19 187.295 9.26129e-05 2.14727 4 
2.93649 0.000452288 -1 1.08648 0.187459 0.00907246 11.6114 93833.6 5 2771.28 0.798745 5.10569 2 5 2054.41 1.61897 4.17532 2 19 175.266 6.6166e-05 2.17799 4 
2.94557 0.00045596 -1 1.08818 0.187188 0.00907246 11.6543 93839 8 4229.78 1.12599 2.798 3 5 3014.67 1.68475 4.4724 2 19 182.003 5.21879e-05 2.20975 4 
2.95464 0.000459198 -1 1.0899 0.186709 0.00907246 11.695 93863 5 4545.75 0.960622 5.43264 2 5 2012.28 1.56909 4.18416 2 19 188.688 6.35412e-05 2.19113 4 
2.96371 0.000462844 -1 1.0916 0.186215 0.00907246 11.7535 93744.5 7 2359.93 1.15472 2.9711 2 4 2430.69 4.82406 4.73783 2 30 195.213 8.67172e-05 1.62835 4 
2.97278 0.000464723 -1 1.09327 0.185808 0.00907246 11.8136 93613.8 7 1904.93 1.06709 2.91424 2 5 2072.4 4.29978 3.44037 2 31 200.996 8.0855e-05 1.60807 4 
2.98186 0.00046468 -1 1.09494 0.185484 0.00907246 11.8606 93588.3 7 1696.98 1.01596 2.88669 2 4 1951.32 3.21892 4.96197 2 23 205.834 8.70771e-05 1.89284 4 
2.99093 0.000464167 -1 1.09661 0.185301 0.00907246 11.9054 93580.3 7 1587.35 0.734389 2.99497 2 5 1958.21 1.32838 4.30237 2 21 209.78 4.84156e-05 2.07032 4 
3 0.000464028 -1 1.09829 0.185312 0.00907246 11.9496 93577 8 1431.66 0.980571 2.48625 2 5 1612.13 2.10875 3.7729 2 20 213.418 9.40292e-05 2.07873 4 

# Multigrid, 273 steps, 191.576 CPU, 12 real, 9.32e+04 points.step/s, 24 var
