0.609375 0.290058
0.603746 0.296875

0.603152 0.296875
0.604613 0.3125

0.607181 0.3125
0.609375 0.31485

0.609375 0.293999
0.625 0.283149

0.609375 0.313595
0.625 0.324289

0.625 0.285576
0.640625 0.282582

0.625 0.321218
0.640625 0.326621

0.640625 0.283157
0.65625 0.282013

0.640625 0.328055
0.640941 0.328125

0.64113 0.328125
0.65625 0.331482

0.65625 0.282061
0.671875 0.281519

0.65625 0.330333
0.671875 0.331381

0.671875 0.281553
0.6875 0.281449

0.671875 0.33148
0.6875 0.332209

0.6875 0.28152
0.703125 0.281644

0.6875 0.332206
0.703125 0.332424

0.703125 0.281678
0.71875 0.281822

0.703125 0.332389
0.71875 0.332174

0.71875 0.281833
0.734375 0.281906

0.71875 0.332144
0.734375 0.331625

0.734375 0.281912
0.75 0.281884

0.734375 0.331592
0.75 0.330896

0.75 0.28188
0.765625 0.281749

0.75 0.330869
0.765625 0.330115

0.765625 0.281745
0.78125 0.281527

0.765625 0.330106
0.78125 0.329366

0.78125 0.281533
0.795322 0.28125

0.78125 0.329362
0.796875 0.328662

0.796875 0.281225
0.8125 0.280789

0.8125 0.328056
0.810645 0.328125

0.796875 0.328625
0.810388 0.328125

0.8125 0.280821
0.828125 0.280189

0.828125 0.327474
0.81521 0.328125

0.828125 0.2802
0.84375 0.279283

0.828125 0.327518
0.84375 0.326008

0.84375 0.279271
0.859375 0.27807

0.84375 0.325879
0.859375 0.323793

0.859375 0.278065
0.875 0.276614

0.859375 0.323646
0.875 0.321536

0.875 0.276606
0.890625 0.274933

0.875 0.321484
0.890625 0.319748

0.890625 0.274954
0.90625 0.273033

0.890625 0.319766
0.90625 0.318473

0.90625 0.272983
0.921875 0.270874

0.90625 0.318482
0.921875 0.317577

0.921875 0.270765
0.9375 0.268786

0.921875 0.317568
0.9375 0.317051

0.9375 0.268946
0.953125 0.266995

0.9375 0.317063
0.953125 0.316931

0.96875 0.264407
0.961894 0.265625

0.953125 0.267317
0.962652 0.265625

0.953125 0.316983
0.96875 0.31711

0.96875 0.264406
0.984375 0.260437

0.96875 0.317131
0.984375 0.317371

0.984375 0.260859
1 0.255013

0.984375 0.317423
1 0.317631

1.01562 0.245548
1.00895 0.25

1 0.255702
1.00921 0.25

1 0.317729
1.01562 0.317608

1.03125 0.225331
1.0261 0.234375

1.01562 0.246229
1.02672 0.234375

1.01562 0.317704
1.03125 0.316867

1.03914 0
1.03918 0.015625

1.03917 0.015625
1.03927 0.03125

1.03927 0.03125
1.03943 0.046875

1.03942 0.046875
1.03966 0.0625

1.03966 0.0625
1.03998 0.078125

1.03998 0.078125
1.04038 0.09375

1.04039 0.09375
1.04086 0.109375

1.04087 0.109375
1.04138 0.125

1.04141 0.125
1.04186 0.140625

1.04192 0.140625
1.04214 0.15625

1.04221 0.15625
1.04194 0.171875

1.04203 0.171875
1.04093 0.1875

1.04109 0.1875
1.03869 0.203125

1.03901 0.203125
1.03432 0.21875

1.03125 0.225354
1.03481 0.21875

1.03125 0.316823
1.04688 0.315165

1.04688 0.315047
1.0625 0.312889

1.07812 0.310325
1.06539 0.3125

1.0625 0.313079
1.06589 0.3125

1.07812 0.31032
1.09375 0.306941

1.09375 0.306947
1.10938 0.302891

1.10938 0.302867
1.125 0.298169

1.14062 0.292753
1.12891 0.296875

1.125 0.298327
1.12912 0.296875

1.14062 0.292663
1.15625 0.286372

1.17188 0.279452
1.16794 0.28125

1.15625 0.286485
1.1677 0.28125

1.17188 0.279252
1.1875 0.271195

1.20312 0.262432
1.19763 0.265625

1.1875 0.271282
1.19724 0.265625

1.20312 0.262205
1.21875 0.251946

1.23438 0.240563
1.22154 0.25

1.21875 0.25201
1.22162 0.25

1.25 0.227714
1.24199 0.234375

1.23438 0.240348
1.24184 0.234375

1.26562 0.21293
1.25969 0.21875

1.25 0.227371
1.25942 0.21875

1.28125 0.195863
1.27498 0.203125

1.26562 0.212679
1.27467 0.203125

1.29688 0.175988
1.28824 0.1875

1.28125 0.19565
1.28795 0.1875

1.3125 0.15251
1.31035 0.15625

1.31014 0.15625
1.29984 0.171875

1.29688 0.175845
1.2997 0.171875

1.32812 0.122439
1.32703 0.125

1.32689 0.125
1.31909 0.140625

1.3125 0.152012
1.31906 0.140625

1.34375 0.0788824
1.33924 0.09375

1.33925 0.09375
1.33357 0.109375

1.32812 0.122051
1.33357 0.109375

1.3544 0
1.35398 0.015625

1.35398 0.015625
1.35274 0.03125

1.35275 0.03125
1.35068 0.046875

1.35068 0.046875
1.34777 0.0625

1.34779 0.0625
1.34399 0.078125

1.34375 0.0788928
1.34398 0.078125

