0 0.00999774
0.0338878 0.00999197
0.0677756 0.00997529
0.101663 0.00994802
0.135551 0.00991038
0.169439 0.00986256
0.203327 0.00980473
0.237215 0.0097371
0.271102 0.00965988
0.30499 0.00957329
0.338878 0.00947749
0.372766 0.0093727
0.406653 0.00925911
0.440541 0.00913691
0.474429 0.00900633
0.508317 0.00886757
0.542205 0.00872085
0.576092 0.00856639
0.60998 0.00840441
0.643868 0.00823513
0.677756 0.0080588
0.711644 0.00787565
0.745531 0.00768594
0.779419 0.00748996
0.813307 0.00728787
0.847195 0.00707991
0.881082 0.00686632
0.91497 0.00664735
0.948858 0.00642324
0.982746 0.00619426
1.01663 0.00596066
1.05052 0.00572272
1.08441 0.0054807
1.1183 0.00523486
1.15218 0.00498547
1.18607 0.00473278
1.21996 0.00447709
1.25385 0.00421866
1.28774 0.00395778
1.32162 0.00369472
1.35551 0.00342984
1.3894 0.00316346
1.42329 0.00289581
1.45717 0.00262711
1.49106 0.00235757
1.52495 0.00208747
1.55884 0.00181704
1.59273 0.00154656
1.62661 0.00127629
1.6605 0.00100652
1.69439 0.000737503
1.72828 0.000469501
1.76216 0.000202777
1.79605 6.23469e-05
1.82994 0.000325729
1.86383 0.000587052
1.89772 0.000846074
1.9316 0.00110256
1.96549 0.00135627
1.99938 0.00160699
2.03327 0.00185449
2.06716 0.00209854
2.10104 0.00233894
2.13493 0.00257548
2.16882 0.00280797
2.20271 0.00303622
2.23659 0.00326004
2.27048 0.00347925
2.30437 0.00369367
2.33826 0.00390314
2.37215 0.00410748
2.40603 0.00430654
2.43992 0.00450016
2.47381 0.0046882
2.5077 0.00487051
2.54158 0.00504695
2.57547 0.00521741
2.60936 0.00538174
2.64325 0.00553985
2.67714 0.00569161
2.71102 0.00583694
2.74491 0.00597574
2.7788 0.00610792
2.81269 0.00623339
2.84657 0.00635209
2.88046 0.00646396
2.91435 0.00656892
2.94824 0.00666693
2.98213 0.00675795
3.01601 0.00684193
3.0499 0.00691884
3.08379 0.00698867
3.11768 0.00705138
3.15156 0.00710698
3.18545 0.00715545
3.21934 0.00719681
3.25323 0.00723106
3.28712 0.00725821
3.321 0.00727829
3.35489 0.00729133
3.38878 0.00729736
3.42267 0.00729642
3.45655 0.00728856
3.49044 0.00727385
3.52433 0.00725234
3.55822 0.00722411
3.59211 0.00718924
3.62599 0.0071478
3.65988 0.00709986
3.69377 0.00704551
3.72766 0.00698485
3.76154 0.006918
3.79543 0.00684507
3.82932 0.00676617
3.86321 0.00668141
3.8971 0.00659092
3.93098 0.00649482
3.96487 0.00639324
3.99876 0.00628632
4.03265 0.00617419
4.06653 0.00605701
4.10042 0.00593491
4.13431 0.00580806
4.1682 0.00567661
4.20209 0.0055407
4.23597 0.0054005
4.26986 0.00525617
4.30375 0.00510788
4.33764 0.0049558
4.37152 0.00480011
4.40541 0.00464097
4.4393 0.00447857
4.47319 0.00431308
4.50708 0.00414469
4.54096 0.00397358
4.57485 0.00379993
4.60874 0.003624
4.64263 0.00344596
4.67651 0.00326596
4.7104 0.00308414
4.74429 0.0029007
4.77818 0.00271581
4.81207 0.00252965
4.84595 0.00234243
4.87984 0.00215431
4.91373 0.00196549
4.94762 0.00177613
4.9815 0.00158645
5.01539 0.00139661
5.04928 0.00120682
5.08317 0.00101725
5.11706 0.000828092
5.15094 0.000639517
5.18483 0.000451706
5.21872 0.000264836
5.25261 7.908e-05
5.28649 0.000105348
5.32038 0.000288353
5.35427 0.000469727
5.38816 0.00064931
5.42205 0.000826942
5.45593 0.00100247
5.48982 0.00117574
5.52371 0.00134661
5.5576 0.00151492
5.59149 0.00168054
5.62537 0.00184332
5.65926 0.00200313
5.69315 0.00215982
5.72704 0.00231328
5.76092 0.00246339
5.79481 0.00261003
5.8287 0.00275308
5.86259 0.00289243
5.89648 0.00302799
5.93036 0.00315964
5.96425 0.0032873
5.99814 0.00341086
6.03203 0.00353025
6.06591 0.00364537
6.0998 0.00375615
6.13369 0.00386251
6.16758 0.00396438
6.20147 0.0040617
6.23535 0.00415441
6.26924 0.00424246
6.30313 0.00432578
6.33702 0.00440435
6.3709 0.0044781
6.40479 0.00454702
6.43868 0.00461107
6.47257 0.00467022
6.50646 0.00472444
6.54034 0.00477373
6.57423 0.00481807
6.60812 0.00485745
6.64201 0.00489187
6.67589 0.00492134
6.70978 0.00494586
6.74367 0.00496544
6.77756 0.0049801
6.81145 0.00498985
6.84533 0.00499474
6.87922 0.00499479
6.91311 0.00499002
6.947 0.00498048
6.98088 0.00496622
7.01477 0.00494728
7.04866 0.00492371
7.08255 0.00489557
7.11644 0.00486292
7.15032 0.00482582
7.18421 0.00478433
7.2181 0.00473854
7.25199 0.00468852
7.28587 0.00463434
7.31976 0.00457608
7.35365 0.00451383
7.38754 0.00444769
7.42143 0.00437773
7.45531 0.00430406
7.4892 0.00422677
7.52309 0.00414597
7.55698 0.00406175
7.59086 0.00397423
7.62475 0.00388351
7.65864 0.00378973
7.69253 0.00369299
7.72642 0.00359337
7.7603 0.00349101
7.79419 0.00338602
7.82808 0.00327851
7.86197 0.00316861
7.89585 0.00305643
7.92974 0.00294211
7.96363 0.00282577
7.99752 0.00270752
8.03141 0.00258751
8.06529 0.00246585
8.09918 0.00234268
8.13307 0.00221812
8.16696 0.0020923
8.20084 0.00196536
8.23473 0.0018374
8.26862 0.00170857
8.30251 0.001579
8.3364 0.00144883
8.37028 0.00131818
8.40417 0.00118718
8.43806 0.00105596
8.47195 0.000924651
8.50583 0.000793377
8.53972 0.000662263
8.57361 0.000531436
8.6075 0.000401019
8.64139 0.000271135
8.67527 0.000141907
8.70916 1.34534e-05
8.74305 0.000114062
8.77694 0.000240602
8.81082 0.000366012
8.84471 0.000490181
8.8786 0.000612996
8.91249 0.000734352
8.94638 0.000854144
8.98026 0.000972267
9.01415 0.00108862
9.04804 0.00120311
9.08193 0.00131563
9.11582 0.0014261
9.1497 0.00153443
9.18359 0.00164052
9.21748 0.00174429
9.25137 0.00184566
9.28525 0.00194455
9.31914 0.00204088
9.35303 0.00213457
9.38692 0.00222556
9.42081 0.00231379
9.45469 0.00239918
9.48858 0.00248168
9.52247 0.00256122
9.55636 0.00263776
9.59024 0.00271123
9.62413 0.00278159
9.65802 0.0028488
9.69191 0.0029128
9.7258 0.00297357
9.75968 0.00303107
9.79357 0.00308525
9.82746 0.00313611
9.86135 0.0031836
9.89523 0.00322772
9.92912 0.00326843
9.96301 0.00330573
9.9969 0.0033396
10.0308 0.00337004
10.0647 0.00339704
10.0986 0.0034206
10.1324 0.00344072
10.1663 0.00345741
10.2002 0.00347067
10.2341 0.00348053
10.268 0.00348698
10.3019 0.00349005
10.3358 0.00348977
10.3697 0.00348615
10.4036 0.00347923
10.4374 0.00346903
10.4713 0.00345559
10.5052 0.00343895
10.5391 0.00341914
10.573 0.0033962
10.6069 0.00337019
10.6408 0.00334114
10.6747 0.00330911
10.7085 0.00327415
10.7424 0.00323631
10.7763 0.00319565
10.8102 0.00315223
10.8441 0.00310611
10.878 0.00305735
10.9119 0.00300602
10.9458 0.00295218
10.9796 0.00289591
11.0135 0.00283728
11.0474 0.00277635
11.0813 0.00271321
11.1152 0.00264792
11.1491 0.00258057
11.183 0.00251124
11.2169 0.00244
11.2507 0.00236694
11.2846 0.00229213
11.3185 0.00221567
11.3524 0.00213764
11.3863 0.00205813
11.4202 0.00197721
11.4541 0.00189497
11.488 0.0018115
11.5218 0.0017269
11.5557 0.00164126
11.5896 0.00155466
11.6235 0.0014672
11.6574 0.00137896
11.6913 0.00129004
11.7252 0.00120053
11.7591 0.00111051
11.793 0.00102007
11.8268 0.000929316
11.8607 0.000838323
11.8946 0.000747184
11.9285 0.000655988
11.9624 0.000564822
11.9963 0.000473775
12.0302 0.000382932
12.0641 0.00029238
12.0979 0.000202203
12.1318 0.000112485
12.1657 2.33092e-05
12.1996 6.52013e-05
12.2335 0.000153045
12.2674 0.000240103
12.3013 0.000326297
12.3352 0.000411552
12.369 0.000495794
12.4029 0.00057895
12.4368 0.000660947
12.4707 0.000741715
12.5046 0.000821187
12.5385 0.000899296
12.5724 0.000975978
12.6063 0.00105117
12.6401 0.00112481
12.674 0.00119684
12.7079 0.0012672
12.7418 0.00133584
12.7757 0.00140271
12.8096 0.00146774
12.8435 0.0015309
12.8774 0.00159214
12.9112 0.00165141
12.9451 0.00170867
12.979 0.00176387
13.0129 0.00181698
13.0468 0.00186797
13.0807 0.0019168
13.1146 0.00196343
13.1485 0.00200784
13.1823 0.00205
13.2162 0.00208988
13.2501 0.00212747
13.284 0.00216274
13.3179 0.00219568
13.3518 0.00222628
13.3857 0.00225451
13.4196 0.00228037
13.4535 0.00230386
13.4873 0.00232496
13.5212 0.00234368
13.5551 0.00236001
13.589 0.00237395
13.6229 0.00238551
13.6568 0.0023947
13.6907 0.00240152
13.7246 0.00240598
13.7584 0.0024081
13.7923 0.00240788
13.8262 0.00240536
13.8601 0.00240055
13.894 0.00239346
13.9279 0.00238412
13.9618 0.00237257
13.9957 0.00235881
14.0295 0.00234289
14.0634 0.00232483
14.0973 0.00230467
14.1312 0.00228244
14.1651 0.00225817
14.199 0.00223191
14.2329 0.0022037
14.2668 0.00217356
14.3006 0.00214156
14.3345 0.00210773
14.3684 0.00207211
14.4023 0.00203475
14.4362 0.00199571
14.4701 0.00195502
14.504 0.00191275
14.5379 0.00186894
14.5717 0.00182364
14.6056 0.00177692
14.6395 0.00172882
14.6734 0.0016794
14.7073 0.00162872
14.7412 0.00157684
14.7751 0.00152381
14.809 0.00146969
14.8429 0.00141455
14.8767 0.00135844
14.9106 0.00130142
14.9445 0.00124355
14.9784 0.00118491
15.0123 0.00112554
15.0462 0.00106551
15.0801 0.00100488
15.114 0.000943723
15.1478 0.00088209
15.1817 0.000820048
15.2156 0.000757658
15.2495 0.000694984
15.2834 0.000632088
15.3173 0.000569031
15.3512 0.000505875
15.3851 0.000442682
15.4189 0.000379512
15.4528 0.000316427
15.4867 0.000253485
15.5206 0.000190747
15.5545 0.000128272
15.5884 6.61164e-05
15.6223 4.33874e-06
15.6562 5.69535e-05
15.69 0.000117805
15.7239 0.00017811
15.7578 0.000237815
15.7917 0.000296867
15.8256 0.000355215
15.8595 0.000412807
15.8934 0.000469594
15.9273 0.000525528
15.9611 0.000580562
15.995 0.000634648
16.0289 0.000687743
16.0628 0.000739803
16.0967 0.000790784
16.1306 0.000840646
16.1645 0.00088935
16.1984 0.000936857
16.2323 0.00098313
16.2661 0.00102813
16.3 0.00107183
16.3339 0.0011142
16.3678 0.0011552
16.4017 0.0011948
16.4356 0.00123297
16.4695 0.0012697
16.5034 0.00130495
16.5372 0.00133869
16.5711 0.00137092
16.605 0.0014016
16.6389 0.00143073
16.6728 0.00145828
16.7067 0.00148423
16.7406 0.00150858
16.7745 0.00153131
16.8083 0.00155241
16.8422 0.00157188
16.8761 0.0015897
16.91 0.00160587
16.9439 0.00162039
16.9778 0.00163325
17.0117 0.00164446
17.0456 0.00165402
17.0794 0.00166192
17.1133 0.00166818
17.1472 0.00167279
17.1811 0.00167577
17.215 0.00167712
17.2489 0.00167686
17.2828 0.001675
17.3167 0.00167155
17.3505 0.00166652
17.3844 0.00165993
17.4183 0.0016518
17.4522 0.00164215
17.4861 0.001631
17.52 0.00161837
17.5539 0.00160427
17.5878 0.00158875
17.6216 0.00157181
17.6555 0.00155349
17.6894 0.00153382
17.7233 0.00151282
17.7572 0.00149052
17.7911 0.00146696
17.825 0.00144216
17.8589 0.00141616
17.8928 0.00138898
17.9266 0.00136068
17.9605 0.00133127
17.9944 0.0013008
18.0283 0.0012693
18.0622 0.00123682
18.0961 0.00120338
18.13 0.00116903
18.1639 0.00113381
18.1977 0.00109775
18.2316 0.0010609
18.2655 0.0010233
18.2994 0.000984989
18.3333 0.00094601
18.3672 0.000906405
18.4011 0.000866216
18.435 0.000825486
18.4688 0.000784258
18.5027 0.000742575
18.5366 0.00070048
18.5705 0.000658017
18.6044 0.000615229
18.6383 0.000572159
18.6722 0.000528852
18.7061 0.000485349
18.7399 0.000441694
18.7738 0.00039793
18.8077 0.0003541
18.8416 0.000310247
18.8755 0.000266413
18.9094 0.000222639
18.9433 0.000178967
18.9772 0.000135439
19.011 9.20948e-05
19.0449 4.89751e-05
19.0788 6.11951e-06
19.1127 3.63725e-05
19.1466 7.85819e-05
19.1805 0.000120411
19.2144 0.000161822
19.2483 0.000202778
19.2822 0.000243244
19.316 0.000283185
19.3499 0.000322566
19.3838 0.000361353
19.4177 0.000399513
19.4516 0.000437015
19.4855 0.000473827
19.5194 0.000509919
19.5533 0.000545262
19.5871 0.000579828
19.621 0.000613589
19.6549 0.000646518
19.6888 0.000678589
19.7227 0.000709779
19.7566 0.000740064
19.7905 0.00076942
19.8244 0.000797827
19.8582 0.000825264
19.8921 0.000851711
19.926 0.00087715
19.9599 0.000901565
19.9938 0.000924938
20.0277 0.000947255
20.0616 0.000968502
20.0955 0.000988665
20.1293 0.00100773
20.1632 0.0010257
20.1971 0.00104255
20.231 0.00105828
20.2649 0.00107287
20.2988 0.00108634
20.3327 0.00109866
20.3666 0.00110984
20.4004 0.00111987
20.4343 0.00112875
20.4682 0.00113648
20.5021 0.00114307
20.536 0.00114851
20.5699 0.00115281
20.6038 0.00115598
20.6377 0.001158
20.6716 0.00115891
20.7054 0.00115869
20.7393 0.00115736
20.7732 0.00115492
20.8071 0.0011514
20.841 0.0011468
20.8749 0.00114112
20.9088 0.00113439
20.9427 0.00112662
20.9765 0.00111783
21.0104 0.00110802
21.0443 0.00109722
21.0782 0.00108544
21.1121 0.00107271
21.146 0.00105903
21.1799 0.00104444
21.2138 0.00102895
21.2476 0.00101258
21.2815 0.000995349
21.3154 0.00097729
21.3493 0.000958422
21.3832 0.000938767
21.4171 0.000918351
21.451 0.000897199
21.4849 0.000875336
21.5187 0.000852788
21.5526 0.000829582
21.5865 0.000805745
21.6204 0.000781303
21.6543 0.000756285
21.6882 0.00073072
21.7221 0.000704634
21.756 0.000678058
21.7898 0.000651019
21.8237 0.000623548
21.8576 0.000595674
21.8915 0.000567426
21.9254 0.000538834
21.9593 0.000509929
21.9932 0.00048074
22.0271 0.000451296
22.061 0.000421629
22.0948 0.000391769
22.1287 0.000361744
22.1626 0.000331586
22.1965 0.000301324
22.2304 0.000270988
22.2643 0.000240608
22.2982 0.000210213
22.3321 0.000179832
22.3659 0.000149495
22.3998 0.000119231
22.4337 8.90671e-05
22.4676 5.90325e-05
22.5015 2.91549e-05
22.5354 4.81359e-07
22.5693 2.99628e-05
22.6032 5.92054e-05
22.637 8.81829e-05
22.6709 0.00011687
22.7048 0.00014524
22.7387 0.000173269
22.7726 0.000200933
22.8065 0.000228207
22.8404 0.000255068
22.8743 0.000281493
22.9081 0.000307461
22.942 0.00033295
22.9759 0.000357938
23.0098 0.000382406
23.0437 0.000406333
23.0776 0.000429701
23.1115 0.000452491
23.1454 0.000474686
23.1792 0.000496269
23.2131 0.000517222
23.247 0.000537531
23.2809 0.000557181
23.3148 0.000576157
23.3487 0.000594446
23.3826 0.000612036
23.4165 0.000628914
23.4503 0.00064507
23.4842 0.000660492
23.5181 0.000675172
23.552 0.000689101
23.5859 0.00070227
23.6198 0.000714673
23.6537 0.000726303
23.6876 0.000737154
23.7215 0.000747221
23.7553 0.000756501
23.7892 0.00076499
23.8231 0.000772686
23.857 0.000779587
23.8909 0.000785692
23.9248 0.000791
23.9587 0.000795513
23.9926 0.000799232
24.0264 0.000802159
24.0603 0.000804297
24.0942 0.00080565
24.1281 0.000806221
24.162 0.000806016
24.1959 0.00080504
24.2298 0.000803301
24.2637 0.000800805
24.2975 0.00079756
24.3314 0.000793574
24.3653 0.000788857
24.3992 0.000783419
24.4331 0.000777269
24.467 0.000770419
24.5009 0.000762881
24.5348 0.000754666
24.5686 0.000745787
24.6025 0.000736258
24.6364 0.000726092
24.6703 0.000715304
24.7042 0.000703908
24.7381 0.000691919
24.772 0.000679354
24.8059 0.000666228
24.8397 0.000652559
24.8736 0.000638362
24.9075 0.000623656
24.9414 0.000608458
24.9753 0.000592786
