0 0.00999097
0.0338878 0.00998506
0.0677756 0.00996815
0.101663 0.00994063
0.135551 0.00990277
0.169439 0.00985465
0.203327 0.00979647
0.237215 0.00972846
0.271102 0.00965085
0.30499 0.00956386
0.338878 0.00946771
0.372766 0.00936264
0.406653 0.00924886
0.440541 0.00912656
0.474429 0.00899593
0.508317 0.00885717
0.542205 0.00871045
0.576092 0.00855596
0.60998 0.00839394
0.643868 0.00822465
0.677756 0.00804829
0.711644 0.00786512
0.745531 0.00767535
0.779419 0.0074797
0.813307 0.00727795
0.847195 0.00707034
0.881082 0.00685715
0.91497 0.00663861
0.948858 0.00641496
0.982746 0.00618646
1.01663 0.00595333
1.05052 0.00571587
1.08441 0.00547431
1.1183 0.00522892
1.15218 0.00497996
1.18607 0.00472769
1.21996 0.00447239
1.25385 0.00421432
1.28774 0.00395375
1.32162 0.0036909
1.35551 0.00342606
1.3894 0.00315955
1.42329 0.00289166
1.45717 0.00262265
1.49106 0.0023528
1.52495 0.00208237
1.55884 0.00181166
1.59273 0.00154093
1.62661 0.00127045
1.6605 0.00100049
1.69439 0.000731309
1.72828 0.000463184
1.76216 0.000196362
1.79605 6.87482e-05
1.82994 0.000332153
1.86383 0.000593448
1.89772 0.000852401
1.9316 0.00110876
1.96549 0.00136232
1.99938 0.00161283
2.03327 0.00186009
2.06716 0.00210389
2.10104 0.00234403
2.13493 0.00258028
2.16882 0.00281247
2.20271 0.0030404
2.23659 0.00326389
2.27048 0.00348277
2.30437 0.00369686
2.33826 0.003906
2.37215 0.00410996
2.40603 0.00430864
2.43992 0.0045019
2.47381 0.00468962
2.5077 0.00487164
2.54158 0.00504784
2.57547 0.00521808
2.60936 0.00538225
2.64325 0.00554022
2.67714 0.0056919
2.71102 0.00583716
2.74491 0.00597591
2.7788 0.00610806
2.81269 0.00623353
2.84657 0.00635224
2.88046 0.00646411
2.91435 0.00656909
2.94824 0.00666712
2.98213 0.00675815
3.01601 0.00684214
3.0499 0.00691905
3.08379 0.00698887
3.11768 0.00705157
3.15156 0.00710714
3.18545 0.00715558
3.21934 0.00719689
3.25323 0.00723109
3.28712 0.00725818
3.321 0.00727819
3.35489 0.00729117
3.38878 0.00729713
3.42267 0.00729613
3.45655 0.00728823
3.49044 0.00727347
3.52433 0.00725193
3.55822 0.00722368
3.59211 0.00718879
3.62599 0.00714735
3.65988 0.00709944
3.69377 0.00704516
3.72766 0.00698461
3.76154 0.00691788
3.79543 0.00684509
3.82932 0.00676635
3.86321 0.00668177
3.8971 0.00659147
3.93098 0.00649559
3.96487 0.00639424
3.99876 0.00628757
4.03265 0.00617571
4.06653 0.00605879
4.10042 0.00593696
4.13431 0.00581039
4.1682 0.0056792
4.20209 0.00554356
4.23597 0.00540363
4.26986 0.00525955
4.30375 0.00511151
4.33764 0.00495968
4.37152 0.00480421
4.40541 0.00464528
4.4393 0.00448306
4.47319 0.00431774
4.50708 0.00414948
4.54096 0.00397847
4.57485 0.00380485
4.60874 0.0036288
4.64263 0.00345056
4.67651 0.00327031
4.7104 0.00308824
4.74429 0.00290453
4.77818 0.00271937
4.81207 0.00253296
4.84595 0.00234547
4.87984 0.00215711
4.91373 0.00196805
4.94762 0.00177849
4.9815 0.00158861
5.01539 0.0013986
5.04928 0.00120864
5.08317 0.00101892
5.11706 0.000829613
5.15094 0.000640909
5.18483 0.000452986
5.21872 0.00026601
5.25261 8.01494e-05
5.28649 0.000104278
5.32038 0.00028735
5.35427 0.000468777
5.38816 0.000648389
5.42205 0.00082603
5.45593 0.00100155
5.48982 0.00117481
5.52371 0.00134566
5.5576 0.00151396
5.59149 0.00167956
5.62537 0.00184233
5.65926 0.00200213
5.69315 0.00215884
5.72704 0.00231233
5.76092 0.00246249
5.79481 0.00260919
5.8287 0.00275233
5.86259 0.00289179
5.89648 0.00302748
5.93036 0.00315928
5.96425 0.00328711
5.99814 0.00341087
6.03203 0.00353046
6.06591 0.00364581
6.0998 0.00375683
6.13369 0.00386345
6.16758 0.00396557
6.20147 0.00406312
6.23535 0.00415606
6.26924 0.00424433
6.30313 0.00432788
6.33702 0.00440667
6.3709 0.00448064
6.40479 0.00454976
6.43868 0.004614
6.47257 0.00467333
6.50646 0.00472773
6.54034 0.00477718
6.57423 0.00482167
6.60812 0.0048612
6.64201 0.00489575
6.67589 0.00492534
6.70978 0.00494997
6.74367 0.00496966
6.77756 0.00498442
6.81145 0.00499427
6.84533 0.00499925
6.87922 0.00499938
6.91311 0.00499471
6.947 0.00498526
6.98088 0.00497109
7.01477 0.00495224
7.04866 0.00492877
7.08255 0.00490073
7.11644 0.00486818
7.15032 0.00483119
7.18421 0.00478983
7.2181 0.00474417
7.25199 0.00469427
7.28587 0.00464022
7.31976 0.00458211
7.35365 0.00452
7.38754 0.004454
7.42143 0.00438419
7.45531 0.00431067
7.4892 0.00423352
7.52309 0.00415286
7.55698 0.00406877
7.59086 0.00398137
7.62475 0.00389075
7.65864 0.00379699
7.69253 0.00370026
7.72642 0.00360064
7.7603 0.00349827
7.79419 0.00339325
7.82808 0.00328571
7.86197 0.00317577
7.89585 0.00306354
7.92974 0.00294915
7.96363 0.00283274
7.99752 0.00271441
8.03141 0.0025943
8.06529 0.00247253
8.09918 0.00234924
8.13307 0.00222456
8.16696 0.00209861
8.20084 0.00197152
8.23473 0.00184343
8.26862 0.00171447
8.30251 0.00158477
8.3364 0.00145445
8.37028 0.00132366
8.40417 0.0011925
8.43806 0.00106113
8.47195 0.000929671
8.50583 0.000798235
8.53972 0.000666959
8.57361 0.000535972
8.6075 0.0004054
8.64139 0.000275358
8.67527 0.000145961
8.70916 1.73345e-05
8.74305 0.000110211
8.77694 0.000236919
8.81082 0.00036249
8.84471 0.000486809
8.8786 0.000609778
8.91249 0.000731291
8.94638 0.00085124
8.98026 0.000969523
9.01415 0.00108604
9.04804 0.00120069
9.08193 0.00131337
9.11582 0.00142401
9.1497 0.0015325
9.18359 0.00163876
9.21748 0.00174271
9.25137 0.00184426
9.28525 0.00194333
9.31914 0.00203985
9.35303 0.00213375
9.38692 0.00222495
9.42081 0.00231339
9.45469 0.002399
9.48858 0.00248172
9.52247 0.00256149
9.55636 0.00263825
9.59024 0.00271195
9.62413 0.00278255
9.65802 0.00284998
9.69191 0.00291422
9.7258 0.00297522
9.75968 0.00303294
9.79357 0.00308735
9.82746 0.00313843
9.86135 0.00318614
9.89523 0.00323046
9.92912 0.00327138
9.96301 0.00330887
9.9969 0.00334294
10.0308 0.00337356
10.0647 0.00340074
10.0986 0.00342447
10.1324 0.00344476
10.1663 0.00346161
10.2002 0.00347503
10.2341 0.00348502
10.268 0.00349162
10.3019 0.00349483
10.3358 0.00349468
10.3697 0.00349119
10.4036 0.00348439
10.4374 0.00347431
10.4713 0.00346098
10.5052 0.00344444
10.5391 0.00342473
10.573 0.00340189
10.6069 0.00337597
10.6408 0.00334701
10.6747 0.00331506
10.7085 0.00328018
10.7424 0.00324242
10.7763 0.00320183
10.8102 0.00315847
10.8441 0.00311241
10.878 0.0030637
10.9119 0.00301242
10.9458 0.00295863
10.9796 0.0029024
11.0135 0.00284379
11.0474 0.00278289
11.0813 0.00271977
11.1152 0.00265449
11.1491 0.00258714
11.183 0.00251781
11.2169 0.00244655
11.2507 0.00237347
11.2846 0.00229864
11.3185 0.00222215
11.3524 0.00214408
11.3863 0.00206451
11.4202 0.00198354
11.4541 0.00190125
11.488 0.00181773
11.5218 0.00173307
11.5557 0.00164735
11.5896 0.00156068
11.6235 0.00147312
11.6574 0.00138479
11.6913 0.00129576
11.7252 0.00120614
11.7591 0.001116
11.793 0.00102545
11.8268 0.000934565
11.8607 0.000843441
11.8946 0.000752166
11.9285 0.00066083
11.9624 0.000569523
11.9963 0.000478332
12.0302 0.00038734
12.0641 0.000296631
12.0979 0.000206294
12.1318 0.00011642
12.1657 2.70899e-05
12.1996 6.14759e-05
12.2335 0.000149483
12.2674 0.000236697
12.3013 0.000323044
12.3352 0.000408453
12.369 0.000492854
12.4029 0.000576173
12.4368 0.000658329
12.4707 0.000739253
12.5046 0.000818881
12.5385 0.000897147
12.5724 0.000973988
12.6063 0.00104934
12.6401 0.00112314
12.674 0.00119533
12.7079 0.00126586
12.7418 0.00133466
12.7757 0.00140168
12.8096 0.00146688
12.8435 0.00153021
12.8774 0.00159161
12.9112 0.00165105
12.9451 0.00170848
12.979 0.00176385
13.0129 0.00181714
13.0468 0.0018683
13.0807 0.0019173
13.1146 0.00196411
13.1485 0.0020087
13.1823 0.00205104
13.2162 0.0020911
13.2501 0.00212886
13.284 0.00216431
13.3179 0.00219742
13.3518 0.00222819
13.3857 0.00225658
13.4196 0.00228261
13.4535 0.00230625
13.4873 0.00232751
13.5212 0.00234637
13.5551 0.00236284
13.589 0.00237692
13.6229 0.00238862
13.6568 0.00239793
13.6907 0.00240487
13.7246 0.00240946
13.7584 0.00241169
13.7923 0.00241158
13.8262 0.00240916
13.8601 0.00240445
13.894 0.00239745
13.9279 0.0023882
13.9618 0.00237673
13.9957 0.00236305
14.0295 0.0023472
14.0634 0.00232922
14.0973 0.00230912
14.1312 0.00228695
14.1651 0.00226275
14.199 0.00223654
14.2329 0.00220837
14.2668 0.00217829
14.3006 0.00214633
14.3345 0.00211253
14.3684 0.00207695
14.4023 0.00203963
14.4362 0.00200062
14.4701 0.00195996
14.504 0.00191771
14.5379 0.00187392
14.5717 0.00182864
14.6056 0.00178192
14.6395 0.00173383
14.6734 0.00168441
14.7073 0.00163372
14.7412 0.00158183
14.7751 0.00152878
14.809 0.00147464
14.8429 0.00141946
14.8767 0.00136332
14.9106 0.00130626
14.9445 0.00124836
14.9784 0.00118966
15.0123 0.00113023
15.0462 0.00107014
15.0801 0.00100945
15.114 0.000948219
15.1478 0.00088651
15.1817 0.000824388
15.2156 0.000761916
15.2495 0.000699154
15.2834 0.000636166
15.3173 0.000573014
15.3512 0.000509762
15.3851 0.00044647
15.4189 0.000383196
15.4528 0.000320002
15.4867 0.000256953
15.5206 0.000194108
15.5545 0.000131522
15.5884 6.92495e-05
15.6223 7.34891e-06
15.6562 5.3963e-05
15.69 0.000114928
15.7239 0.00017535
15.7578 0.000235174
15.7917 0.000294344
15.8256 0.00035281
15.8595 0.00041052
15.8934 0.000467423
15.9273 0.00052347
15.9611 0.00057862
15.995 0.000632824
16.0289 0.000686037
16.0628 0.000738215
16.0967 0.000789315
16.1306 0.000839295
16.1645 0.000888117
16.1984 0.000935741
16.2323 0.000982133
16.2661 0.00102726
16.3 0.00107108
16.3339 0.00111356
16.3678 0.00115468
16.4017 0.00119441
16.4356 0.00123271
16.4695 0.00126956
16.5034 0.00130493
16.5372 0.0013388
16.5711 0.00137115
16.605 0.00140196
16.6389 0.00143121
16.6728 0.00145888
16.7067 0.00148496
16.7406 0.00150943
16.7745 0.00153228
16.8083 0.0015535
16.8422 0.00157308
16.8761 0.00159101
16.91 0.0016073
16.9439 0.00162192
16.9778 0.00163489
17.0117 0.0016462
17.0456 0.00165586
17.0794 0.00166385
17.1133 0.0016702
17.1472 0.00167491
17.1811 0.00167797
17.215 0.00167941
17.2489 0.00167923
17.2828 0.00167744
17.3167 0.00167406
17.3505 0.00166911
17.3844 0.00166259
17.4183 0.00165452
17.4522 0.00164493
17.4861 0.00163384
17.52 0.00162126
17.5539 0.00160722
17.5878 0.00159174
17.6216 0.00157485
17.6555 0.00155657
17.6894 0.00153694
17.7233 0.00151598
17.7572 0.00149371
17.7911 0.00147018
17.825 0.00144541
17.8589 0.00141943
17.8928 0.00139228
17.9266 0.001364
17.9605 0.00133461
17.9944 0.00130415
18.0283 0.00127266
18.0622 0.00124018
18.0961 0.00120675
18.13 0.0011724
18.1639 0.00113717
18.1977 0.00110111
18.2316 0.00106425
18.2655 0.00102664
18.2994 0.000988313
18.3333 0.000949315
18.3672 0.000909689
18.4011 0.000869476
18.435 0.000828716
18.4688 0.000787453
18.5027 0.000745732
18.5366 0.000703597
18.5705 0.000661091
18.6044 0.000618256
18.6383 0.000575137
18.6722 0.000531778
18.7061 0.000488221
18.7399 0.000444509
18.7738 0.000400686
18.8077 0.000356795
18.8416 0.000312879
18.8755 0.000268979
18.9094 0.000225138
18.9433 0.000181397
18.9772 0.000137798
19.011 9.43833e-05
19.0449 5.11917e-05
19.0788 8.26279e-06
19.1127 3.4206e-05
19.1466 7.64966e-05
19.1805 0.000118403
19.2144 0.00015989
19.2483 0.000200922
19.2822 0.000241465
19.316 0.000281482
19.3499 0.000320939
19.3838 0.000359801
19.4177 0.000398039
19.4516 0.000435621
19.4855 0.000472515
19.5194 0.000508691
19.5533 0.000544118
19.5871 0.000578766
19.621 0.000612607
19.6549 0.000645616
19.6888 0.000677766
19.7227 0.000709035
19.7566 0.000739398
19.7905 0.000768833
19.8244 0.000797319
19.8582 0.000824835
19.8921 0.000851362
19.926 0.000876882
19.9599 0.000901377
19.9938 0.000924831
20.0277 0.000947228
20.0616 0.000968555
20.0955 0.000988799
20.1293 0.00100795
20.1632 0.00102599
20.1971 0.00104292
20.231 0.00105872
20.2649 0.0010734
20.2988 0.00108694
20.3327 0.00109933
20.3666 0.00111058
20.4004 0.00112068
20.4343 0.00112964
20.4682 0.00113744
20.5021 0.00114409
20.536 0.0011496
20.5699 0.00115396
20.6038 0.00115718
20.6377 0.00115927
20.6716 0.00116023
20.7054 0.00116006
20.7393 0.00115878
20.7732 0.0011564
20.8071 0.00115293
20.841 0.00114837
20.8749 0.00114274
20.9088 0.00113605
20.9427 0.00112832
20.9765 0.00111956
21.0104 0.00110979
21.0443 0.00109903
21.0782 0.00108728
21.1121 0.00107457
21.146 0.00106093
21.1799 0.00104636
21.2138 0.00103089
21.2476 0.00101454
21.2815 0.000997337
21.3154 0.000979297
21.3493 0.000960445
21.3832 0.000940806
21.4171 0.000920403
21.451 0.000899261
21.4849 0.000877407
21.5187 0.000854866
21.5526 0.000831665
21.5865 0.00080783
21.6204 0.00078339
21.6543 0.000758371
21.6882 0.000732802
21.7221 0.000706711
21.756 0.000680128
21.7898 0.000653082
21.8237 0.000625601
21.8576 0.000597714
21.8915 0.000569449
21.9254 0.000540837
21.9593 0.00051191
21.9932 0.000482698
22.0271 0.000453231
22.061 0.000423537
22.0948 0.000393648
22.1287 0.000363595
22.1626 0.000333406
22.1965 0.000303113
22.2304 0.000272744
22.2643 0.00024233
22.2982 0.000211899
22.3321 0.000181481
22.3659 0.000151105
22.3998 0.000120801
22.4337 9.05962e-05
22.4676 6.05201e-05
22.5015 3.06008e-05
22.5354 8.65251e-07
22.5693 2.84864e-05
22.6032 5.77724e-05
22.637 8.67916e-05
22.6709 0.000115523
22.7048 0.000143938
22.7387 0.000172011
22.7726 0.000199722
22.8065 0.000227049
22.8404 0.000253965
22.8743 0.000280445
22.9081 0.000306466
22.942 0.000332005
22.9759 0.000357042
23.0098 0.000381557
23.0437 0.00040553
23.0776 0.000428945
23.1115 0.000451782
23.1454 0.000474024
23.1792 0.000495653
23.2131 0.000516655
23.247 0.000537012
23.2809 0.00055671
23.3148 0.000575735
23.3487 0.000594073
23.3826 0.000611711
23.4165 0.000628639
23.4503 0.000644843
23.4842 0.000660315
23.5181 0.000675044
23.552 0.000689021
23.5859 0.000702239
23.6198 0.00071469
23.6537 0.000726367
23.6876 0.000737265
23.7215 0.000747379
23.7553 0.000756705
23.7892 0.000765239
23.8231 0.000772979
23.857 0.000779923
23.8909 0.00078607
23.9248 0.00079142
23.9587 0.000795974
23.9926 0.000799732
24.0264 0.000802698
24.0603 0.000804873
24.0942 0.000806261
24.1281 0.000806867
24.162 0.000806696
24.1959 0.000805754
24.2298 0.000804046
24.2637 0.000801581
24.2975 0.000798365
24.3314 0.000794408
24.3653 0.000789719
24.3992 0.000784306
24.4331 0.000778182
24.467 0.000771356
24.5009 0.00076384
24.5348 0.000755647
24.5686 0.000746789
24.6025 0.000737279
24.6364 0.000727131
24.6703 0.00071636
24.7042 0.00070498
24.7381 0.000693006
24.772 0.000680455
24.8059 0.000667342
24.8397 0.000653684
24.8736 0.000639498
24.9075 0.000624801
24.9414 0.000609611
24.9753 0.000593946
