0 0.00999774
0.0338878 0.00999197
0.0677756 0.00997529
0.101663 0.00994802
0.135551 0.00991038
0.169439 0.00986257
0.203327 0.00980473
0.237215 0.0097371
0.271102 0.00965988
0.30499 0.00957329
0.338878 0.00947749
0.372766 0.0093727
0.406653 0.0092591
0.440541 0.00913691
0.474429 0.00900633
0.508317 0.00886757
0.542205 0.00872085
0.576092 0.00856639
0.60998 0.00840441
0.643868 0.00823513
0.677756 0.0080588
0.711644 0.00787565
0.745531 0.00768594
0.779419 0.00748996
0.813307 0.00728787
0.847195 0.00707991
0.881082 0.00686632
0.91497 0.00664735
0.948858 0.00642324
0.982746 0.00619426
1.01663 0.00596066
1.05052 0.00572271
1.08441 0.00548069
1.1183 0.00523486
1.15218 0.00498546
1.18607 0.00473278
1.21996 0.00447708
1.25385 0.00421865
1.28774 0.00395777
1.32162 0.00369471
1.35551 0.00342983
1.3894 0.00316345
1.42329 0.00289581
1.45717 0.0026271
1.49106 0.00235757
1.52495 0.00208747
1.55884 0.00181704
1.59273 0.00154655
1.62661 0.00127629
1.6605 0.00100652
1.69439 0.000737498
1.72828 0.000469495
1.76216 0.000202771
1.79605 6.23502e-05
1.82994 0.000325733
1.86383 0.000587056
1.89772 0.000846079
1.9316 0.00110256
1.96549 0.00135628
1.99938 0.001607
2.03327 0.0018545
2.06716 0.00209855
2.10104 0.00233894
2.13493 0.00257548
2.16882 0.00280797
2.20271 0.00303622
2.23659 0.00326005
2.27048 0.00347926
2.30437 0.00369368
2.33826 0.00390315
2.37215 0.00410749
2.40603 0.00430655
2.43992 0.00450017
2.47381 0.00468821
2.5077 0.00487052
2.54158 0.00504696
2.57547 0.00521741
2.60936 0.00538175
2.64325 0.00553985
2.67714 0.00569162
2.71102 0.00583694
2.74491 0.00597574
2.7788 0.00610792
2.81269 0.00623339
2.84657 0.0063521
2.88046 0.00646396
2.91435 0.00656892
2.94824 0.00666693
2.98213 0.00675795
3.01601 0.00684193
3.0499 0.00691884
3.08379 0.00698867
3.11768 0.00705138
3.15156 0.00710698
3.18545 0.00715546
3.21934 0.00719682
3.25323 0.00723106
3.28712 0.00725821
3.321 0.00727829
3.35489 0.00729133
3.38878 0.00729737
3.42267 0.00729643
3.45655 0.00728857
3.49044 0.00727385
3.52433 0.00725235
3.55822 0.00722412
3.59211 0.00718926
3.62599 0.00714782
3.65988 0.00709988
3.69377 0.00704553
3.72766 0.00698487
3.76154 0.00691802
3.79543 0.00684509
3.82932 0.00676618
3.86321 0.00668142
3.8971 0.00659093
3.93098 0.00649483
3.96487 0.00639325
3.99876 0.00628633
4.03265 0.0061742
4.06653 0.00605702
4.10042 0.00593492
4.13431 0.00580807
4.1682 0.00567661
4.20209 0.00554071
4.23597 0.0054005
4.26986 0.00525617
4.30375 0.00510788
4.33764 0.00495581
4.37152 0.00480011
4.40541 0.00464097
4.4393 0.00447857
4.47319 0.00431308
4.50708 0.00414469
4.54096 0.00397358
4.57485 0.00379993
4.60874 0.00362401
4.64263 0.00344597
4.67651 0.00326596
4.7104 0.00308415
4.74429 0.00290071
4.77818 0.00271582
4.81207 0.00252966
4.84595 0.00234243
4.87984 0.00215432
4.91373 0.00196549
4.94762 0.00177614
4.9815 0.00158645
5.01539 0.00139662
5.04928 0.00120683
5.08317 0.00101726
5.11706 0.000828094
5.15094 0.000639518
5.18483 0.000451707
5.21872 0.000264837
5.25261 7.90808e-05
5.28649 0.000105344
5.32038 0.000288349
5.35427 0.000469725
5.38816 0.00064931
5.42205 0.000826944
5.45593 0.00100247
5.48982 0.00117575
5.52371 0.00134661
5.5576 0.00151493
5.59149 0.00168055
5.62537 0.00184333
5.65926 0.00200314
5.69315 0.00215984
5.72704 0.0023133
5.76092 0.00246341
5.79481 0.00261004
5.8287 0.00275309
5.86259 0.00289245
5.89648 0.003028
5.93036 0.00315966
5.96425 0.00328731
5.99814 0.00341088
6.03203 0.00353026
6.06591 0.00364538
6.0998 0.00375616
6.13369 0.00386252
6.16758 0.00396439
6.20147 0.00406171
6.23535 0.00415442
6.26924 0.00424247
6.30313 0.00432579
6.33702 0.00440436
6.3709 0.00447811
6.40479 0.00454703
6.43868 0.00461108
6.47257 0.00467022
6.50646 0.00472445
6.54034 0.00477374
6.57423 0.00481808
6.60812 0.00485746
6.64201 0.00489188
6.67589 0.00492135
6.70978 0.00494587
6.74367 0.00496545
6.77756 0.00498011
6.81145 0.00498986
6.84533 0.00499475
6.87922 0.0049948
6.91311 0.00499003
6.947 0.00498049
6.98088 0.00496623
7.01477 0.00494729
7.04866 0.00492372
7.08255 0.00489559
7.11644 0.00486294
7.15032 0.00482583
7.18421 0.00478435
7.2181 0.00473856
7.25199 0.00468853
7.28587 0.00463435
7.31976 0.00457609
7.35365 0.00451384
7.38754 0.00444769
7.42143 0.00437773
7.45531 0.00430406
7.4892 0.00422677
7.52309 0.00414597
7.55698 0.00406176
7.59086 0.00397424
7.62475 0.00388351
7.65864 0.00378974
7.69253 0.00369299
7.72642 0.00359338
7.7603 0.00349102
7.79419 0.00338602
7.82808 0.00327851
7.86197 0.00316861
7.89585 0.00305644
7.92974 0.00294212
7.96363 0.00282577
7.99752 0.00270753
8.03141 0.00258752
8.06529 0.00246586
8.09918 0.00234269
8.13307 0.00221813
8.16696 0.00209231
8.20084 0.00196536
8.23473 0.0018374
8.26862 0.00170858
8.30251 0.00157901
8.3364 0.00144883
8.37028 0.00131818
8.40417 0.00118718
8.43806 0.00105596
8.47195 0.000924654
8.50583 0.000793379
8.53972 0.000662265
8.57361 0.000531437
8.6075 0.000401019
8.64139 0.000271135
8.67527 0.000141906
8.70916 1.34516e-05
8.74305 0.000114056
8.77694 0.000240598
8.81082 0.000366009
8.84471 0.000490179
8.8786 0.000612997
8.91249 0.000734354
8.94638 0.000854147
8.98026 0.000972272
9.01415 0.00108863
9.04804 0.00120312
9.08193 0.00131564
9.11582 0.00142611
9.1497 0.00153443
9.18359 0.00164052
9.21748 0.0017443
9.25137 0.00184567
9.28525 0.00194456
9.31914 0.00204088
9.35303 0.00213458
9.38692 0.00222557
9.42081 0.0023138
9.45469 0.00239919
9.48858 0.00248169
9.52247 0.00256123
9.55636 0.00263777
9.59024 0.00271124
9.62413 0.0027816
9.65802 0.00284881
9.69191 0.00291281
9.7258 0.00297358
9.75968 0.00303107
9.79357 0.00308526
9.82746 0.00313612
9.86135 0.00318361
9.89523 0.00322773
9.92912 0.00326844
9.96301 0.00330574
9.9969 0.00333961
10.0308 0.00337005
10.0647 0.00339705
10.0986 0.00342061
10.1324 0.00344073
10.1663 0.00345742
10.2002 0.00347069
10.2341 0.00348054
10.268 0.00348699
10.3019 0.00349007
10.3358 0.00348978
10.3697 0.00348617
10.4036 0.00347924
10.4374 0.00346905
10.4713 0.00345561
10.5052 0.00343896
10.5391 0.00341915
10.573 0.00339621
10.6069 0.0033702
10.6408 0.00334115
10.6747 0.00330912
10.7085 0.00327416
10.7424 0.00323632
10.7763 0.00319566
10.8102 0.00315224
10.8441 0.00310612
10.878 0.00305736
10.9119 0.00300603
10.9458 0.00295219
10.9796 0.00289592
11.0135 0.00283729
11.0474 0.00277636
11.0813 0.00271322
11.1152 0.00264793
11.1491 0.00258058
11.183 0.00251125
11.2169 0.00244001
11.2507 0.00236695
11.2846 0.00229214
11.3185 0.00221568
11.3524 0.00213765
11.3863 0.00205813
11.4202 0.00197721
11.4541 0.00189498
11.488 0.00181151
11.5218 0.00172691
11.5557 0.00164127
11.5896 0.00155467
11.6235 0.00146721
11.6574 0.00137897
11.6913 0.00129005
11.7252 0.00120053
11.7591 0.00111051
11.793 0.00102008
11.8268 0.00092932
11.8607 0.000838327
11.8946 0.000747188
11.9285 0.000655991
11.9624 0.000564825
11.9963 0.000473777
12.0302 0.000382934
12.0641 0.000292382
12.0979 0.000202205
12.1318 0.000112486
12.1657 2.33103e-05
12.1996 6.51924e-05
12.2335 0.000153036
12.2674 0.000240094
12.3013 0.000326289
12.3352 0.000411545
12.369 0.000495787
12.4029 0.000578944
12.4368 0.000660942
12.4707 0.000741712
12.5046 0.000821185
12.5385 0.000899295
12.5724 0.000975979
12.6063 0.00105117
12.6401 0.00112481
12.674 0.00119685
12.7079 0.00126721
12.7418 0.00133585
12.7757 0.00140272
12.8096 0.00146775
12.8435 0.00153091
12.8774 0.00159215
12.9112 0.00165142
12.9451 0.00170868
12.979 0.00176388
13.0129 0.001817
13.0468 0.00186798
13.0807 0.00191681
13.1146 0.00196344
13.1485 0.00200785
13.1823 0.00205001
13.2162 0.00208989
13.2501 0.00212748
13.284 0.00216275
13.3179 0.0021957
13.3518 0.00222629
13.3857 0.00225452
13.4196 0.00228039
13.4535 0.00230387
13.4873 0.00232497
13.5212 0.00234369
13.5551 0.00236002
13.589 0.00237396
13.6229 0.00238552
13.6568 0.00239471
13.6907 0.00240153
13.7246 0.00240599
13.7584 0.00240811
13.7923 0.0024079
13.8262 0.00240538
13.8601 0.00240056
13.894 0.00239347
13.9279 0.00238414
13.9618 0.00237258
13.9957 0.00235882
14.0295 0.0023429
14.0634 0.00232484
14.0973 0.00230468
14.1312 0.00228245
14.1651 0.00225819
14.199 0.00223193
14.2329 0.00220371
14.2668 0.00217358
14.3006 0.00214157
14.3345 0.00210774
14.3684 0.00207212
14.4023 0.00203477
14.4362 0.00199572
14.4701 0.00195504
14.504 0.00191276
14.5379 0.00186895
14.5717 0.00182365
14.6056 0.00177693
14.6395 0.00172883
14.6734 0.00167941
14.7073 0.00162873
14.7412 0.00157685
14.7751 0.00152382
14.809 0.0014697
14.8429 0.00141456
14.8767 0.00135844
14.9106 0.00130143
14.9445 0.00124356
14.9784 0.00118492
15.0123 0.00112555
15.0462 0.00106552
15.0801 0.00100489
15.114 0.00094373
15.1478 0.000882097
15.1817 0.000820055
15.2156 0.000757665
15.2495 0.000694991
15.2834 0.000632094
15.3173 0.000569036
15.3512 0.00050588
15.3851 0.000442687
15.4189 0.000379517
15.4528 0.000316431
15.4867 0.00025349
15.5206 0.000190751
15.5545 0.000128275
15.5884 6.61196e-05
15.6223 4.34156e-06
15.6562 5.69491e-05
15.69 0.0001178
15.7239 0.000178106
15.7578 0.000237811
15.7917 0.000296864
15.8256 0.000355212
15.8595 0.000412804
15.8934 0.000469591
15.9273 0.000525526
15.9611 0.00058056
15.995 0.000634648
16.0289 0.000687743
16.0628 0.000739803
16.0967 0.000790784
16.1306 0.000840647
16.1645 0.000889351
16.1984 0.000936858
16.2323 0.000983131
16.2661 0.00102814
16.3 0.00107184
16.3339 0.0011142
16.3678 0.0011552
16.4017 0.0011948
16.4356 0.00123298
16.4695 0.0012697
16.5034 0.00130495
16.5372 0.0013387
16.5711 0.00137092
16.605 0.00140161
16.6389 0.00143073
16.6728 0.00145828
16.7067 0.00148424
16.7406 0.00150858
16.7745 0.00153132
16.8083 0.00155242
16.8422 0.00157188
16.8761 0.0015897
16.91 0.00160588
16.9439 0.0016204
16.9778 0.00163326
17.0117 0.00164447
17.0456 0.00165403
17.0794 0.00166193
17.1133 0.00166818
17.1472 0.0016728
17.1811 0.00167578
17.215 0.00167713
17.2489 0.00167687
17.2828 0.00167501
17.3167 0.00167156
17.3505 0.00166653
17.3844 0.00165994
17.4183 0.00165181
17.4522 0.00164216
17.4861 0.00163101
17.52 0.00161838
17.5539 0.00160428
17.5878 0.00158876
17.6216 0.00157182
17.6555 0.0015535
17.6894 0.00153383
17.7233 0.00151283
17.7572 0.00149053
17.7911 0.00146697
17.825 0.00144217
17.8589 0.00141616
17.8928 0.00138899
17.9266 0.00136069
17.9605 0.00133128
17.9944 0.00130081
18.0283 0.00126931
18.0622 0.00123683
18.0961 0.00120339
18.13 0.00116904
18.1639 0.00113381
18.1977 0.00109776
18.2316 0.00106091
18.2655 0.00102331
18.2994 0.000984997
18.3333 0.000946017
18.3672 0.000906412
18.4011 0.000866223
18.435 0.000825493
18.4688 0.000784264
18.5027 0.000742581
18.5366 0.000700486
18.5705 0.000658023
18.6044 0.000615235
18.6383 0.000572165
18.6722 0.000528857
18.7061 0.000485354
18.7399 0.000441699
18.7738 0.000397935
18.8077 0.000354105
18.8416 0.000310251
18.8755 0.000266416
18.9094 0.000222642
18.9433 0.00017897
18.9772 0.000135442
19.011 9.20975e-05
19.0449 4.89775e-05
19.0788 6.12166e-06
19.1127 3.63721e-05
19.1466 7.85816e-05
19.1805 0.000120411
19.2144 0.000161822
19.2483 0.000202778
19.2822 0.000243245
19.316 0.000283186
19.3499 0.000322567
19.3838 0.000361353
19.4177 0.000399514
19.4516 0.000437015
19.4855 0.000473828
19.5194 0.000509921
19.5533 0.000545265
19.5871 0.000579831
19.621 0.000613592
19.6549 0.000646521
19.6888 0.000678593
19.7227 0.000709782
19.7566 0.000740067
19.7905 0.000769423
19.8244 0.00079783
19.8582 0.000825267
19.8921 0.000851714
19.926 0.000877153
19.9599 0.000901568
19.9938 0.000924941
20.0277 0.000947258
20.0616 0.000968505
20.0955 0.000988669
20.1293 0.00100774
20.1632 0.0010257
20.1971 0.00104255
20.231 0.00105828
20.2649 0.00107288
20.2988 0.00108634
20.3327 0.00109866
20.3666 0.00110984
20.4004 0.00111987
20.4343 0.00112875
20.4682 0.00113649
20.5021 0.00114308
20.536 0.00114852
20.5699 0.00115282
20.6038 0.00115598
20.6377 0.00115801
20.6716 0.00115891
20.7054 0.00115869
20.7393 0.00115736
20.7732 0.00115493
20.8071 0.00115141
20.841 0.0011468
20.8749 0.00114113
20.9088 0.0011344
20.9427 0.00112663
20.9765 0.00111783
21.0104 0.00110803
21.0443 0.00109723
21.0782 0.00108545
21.1121 0.00107271
21.146 0.00105904
21.1799 0.00104444
21.2138 0.00102895
21.2476 0.00101258
21.2815 0.000995354
21.3154 0.000977295
21.3493 0.000958426
21.3832 0.000938771
21.4171 0.000918356
21.451 0.000897203
21.4849 0.00087534
21.5187 0.000852792
21.5526 0.000829586
21.5865 0.000805748
21.6204 0.000781307
21.6543 0.000756289
21.6882 0.000730723
21.7221 0.000704637
21.756 0.00067806
21.7898 0.000651022
21.8237 0.000623551
21.8576 0.000595676
21.8915 0.000567428
21.9254 0.000538836
21.9593 0.000509931
21.9932 0.000480742
22.0271 0.000451298
22.061 0.000421631
22.0948 0.00039177
22.1287 0.000361745
22.1626 0.000331587
22.1965 0.000301325
22.2304 0.000270988
22.2643 0.000240608
22.2982 0.000210213
22.3321 0.000179832
22.3659 0.000149495
22.3998 0.00011923
22.4337 8.90663e-05
22.4676 5.90314e-05
22.5015 2.91535e-05
22.5354 4.78861e-07
22.5693 2.99604e-05
22.6032 5.92032e-05
22.637 8.8181e-05
22.6709 0.000116868
22.7048 0.000145238
22.7387 0.000173268
22.7726 0.000200931
22.8065 0.000228206
22.8404 0.000255067
22.8743 0.000281493
22.9081 0.000307461
22.942 0.00033295
22.9759 0.000357938
23.0098 0.000382406
23.0437 0.000406333
23.0776 0.000429701
23.1115 0.000452492
23.1454 0.000474687
23.1792 0.000496269
23.2131 0.000517223
23.247 0.000537532
23.2809 0.000557181
23.3148 0.000576158
23.3487 0.000594447
23.3826 0.000612037
23.4165 0.000628915
23.4503 0.00064507
23.4842 0.000660493
23.5181 0.000675173
23.552 0.000689102
23.5859 0.000702271
23.6198 0.000714674
23.6537 0.000726304
23.6876 0.000737155
23.7215 0.000747223
23.7553 0.000756503
23.7892 0.000764992
23.8231 0.000772688
23.857 0.000779589
23.8909 0.000785693
23.9248 0.000791002
23.9587 0.000795515
23.9926 0.000799234
24.0264 0.000802161
24.0603 0.000804299
24.0942 0.000805652
24.1281 0.000806223
24.162 0.000806018
24.1959 0.000805043
24.2298 0.000803303
24.2637 0.000800807
24.2975 0.000797562
24.3314 0.000793577
24.3653 0.00078886
24.3992 0.000783421
24.4331 0.000777272
24.467 0.000770422
24.5009 0.000762883
24.5348 0.000754668
24.5686 0.00074579
24.6025 0.00073626
24.6364 0.000726094
24.6703 0.000715306
24.7042 0.00070391
24.7381 0.000691922
24.772 0.000679356
24.8059 0.000666231
24.8397 0.000652561
24.8736 0.000638365
24.9075 0.000623658
24.9414 0.000608461
24.9753 0.000592789
