0.913064 0
0.913114 0.015625

0.913114 0.015625
0.913266 0.03125

0.913265 0.03125
0.913522 0.046875

0.91352 0.046875
0.913889 0.0625

0.913886 0.0625
0.914376 0.078125

0.914374 0.078125
0.914997 0.09375

0.914992 0.09375
0.915764 0.109375

0.915758 0.109375
0.916699 0.125

0.916692 0.125
0.917828 0.140625

0.917819 0.140625
0.919179 0.15625

0.91917 0.15625
0.920789 0.171875

0.920769 0.171875
0.921875 0.18083

0.921875 0.180753
0.922708 0.1875

0.922686 0.1875
0.92499 0.203125

0.924965 0.203125
0.927728 0.21875

0.927711 0.21875
0.931014 0.234375

0.93099 0.234375
0.934912 0.25

0.934783 0.25
0.9375 0.25887

0.9375 0.258651
0.939637 0.265625

0.939597 0.265625
0.945451 0.28125

0.945193 0.28125
0.952636 0.296875

0.951767 0.296875
0.953125 0.299211

0.953125 0.298202
0.962714 0.3125

0.961942 0.3125
0.96875 0.320192

0.96875 0.319753
0.97919 0.328125

0.977745 0.328125
0.984375 0.332511

0.984375 0.331326
1 0.33837

1 0.338473
1.01562 0.342222

1.01562 0.342153
1.03125 0.342541

1.03125 0.342372
1.04688 0.339874

1.04688 0.339715
1.0625 0.334988

1.0625 0.334931
1.07812 0.328404

1.09375 0.320225
1.07859 0.328125

1.07812 0.328425
1.07871 0.328125

1.10938 0.310829
1.1067 0.3125

1.09375 0.320181
1.10607 0.3125

1.10938 0.310373
1.125 0.299242

1.14062 0.286952
1.1281 0.296875

1.125 0.299175
1.12803 0.296875

1.15625 0.273294
1.14721 0.28125

1.14062 0.286668
1.14698 0.28125

1.17188 0.257972
1.16423 0.265625

1.15625 0.272914
1.16393 0.265625

1.1875 0.24094
1.17949 0.25

1.17188 0.257708
1.17919 0.25

1.20312 0.222066
1.19323 0.234375

1.1875 0.240782
1.19299 0.234375

1.21875 0.20095
1.21733 0.203125

1.21712 0.203125
1.20574 0.21875

1.20312 0.221956
1.20561 0.21875

1.23438 0.175831
1.22743 0.1875

1.21875 0.200518
1.22734 0.1875

1.25 0.145825
1.24505 0.15625

1.245 0.15625
1.23666 0.171875

1.23438 0.175673
1.23662 0.171875

1.26562 0.106509
1.26473 0.109375

1.26468 0.109375
1.25896 0.125

1.25894 0.125
1.2524 0.140625

1.25 0.145657
1.25239 0.140625

1.28125 0.0323617
1.27955 0.046875

1.27955 0.046875
1.27696 0.0625

1.27696 0.0625
1.27362 0.078125

1.27361 0.078125
1.26952 0.09375

1.26562 0.106273
1.26953 0.09375

1.28283 0
1.28247 0.015625

1.28246 0.015625
1.28137 0.03125

1.28125 0.0322803
1.28137 0.03125

rising_k_provider_stats evaluations=38628 clamp_hits=0
