0.609375 0.287833
0.598613 0.296875

0.596426 0.296875
0.597543 0.3125

0.60044 0.3125
0.609375 0.31951

0.609375 0.291054
0.625 0.284372

0.609375 0.317251
0.625 0.323826

0.625 0.285116
0.640625 0.282149

0.625 0.322655
0.640625 0.326184

0.640625 0.282398
0.655041 0.28125

0.640625 0.326276
0.652341 0.328125

0.650547 0.328125
0.65625 0.329025

0.671875 0.280988
0.659067 0.28125

0.65625 0.281279
0.657657 0.28125

0.65625 0.328681
0.671875 0.330023

0.671875 0.281066
0.6875 0.281208

0.684674 0.28125
0.6875 0.281276

0.671875 0.329925
0.6875 0.330638

0.6875 0.281227
0.688681 0.28125

0.6875 0.281274
0.703125 0.281583

0.6875 0.330642
0.703125 0.330915

0.703125 0.2816
0.71875 0.281914

0.703125 0.330889
0.71875 0.330766

0.71875 0.281929
0.734375 0.28218

0.71875 0.330729
0.734375 0.330336

0.734375 0.282194
0.75 0.282327

0.734375 0.330307
0.75 0.329777

0.75 0.282336
0.765625 0.282303

0.75 0.329761
0.765625 0.329184

0.765625 0.282306
0.78125 0.282082

0.765625 0.329179
0.78125 0.328593

0.78125 0.282081
0.796875 0.281664

0.796875 0.32804
0.794585 0.328125

0.78125 0.328584
0.793588 0.328125

0.8125 0.281088
0.808169 0.28125

0.796875 0.281644
0.8074 0.28125

0.796875 0.328085
0.8125 0.327362

0.8125 0.281089
0.828125 0.280317

0.8125 0.327412
0.828125 0.326298

0.828125 0.280314
0.84375 0.27932

0.828125 0.326284
0.84375 0.324706

0.84375 0.279318
0.859375 0.278111

0.84375 0.324616
0.859375 0.32278

0.859375 0.278113
0.875 0.276691

0.859375 0.322711
0.875 0.320933

0.875 0.276697
0.890625 0.275041

0.875 0.320902
0.890625 0.319384

0.890625 0.275055
0.90625 0.273127

0.890625 0.319386
0.90625 0.318184

0.90625 0.273069
0.921875 0.270959

0.90625 0.318178
0.921875 0.3173

0.921875 0.270891
0.9375 0.268849

0.921875 0.31728
0.9375 0.316781

0.9375 0.268965
0.953125 0.266895

0.9375 0.316789
0.953125 0.316692

0.96875 0.264298
0.961111 0.265625

0.953125 0.26715
0.961905 0.265625

0.953125 0.316741
0.96875 0.316932

0.96875 0.264442
0.984375 0.260562

0.96875 0.316954
0.984375 0.317293

0.984375 0.261009
1 0.254926

0.984375 0.317352
1 0.317676

1.01562 0.24492
1.00835 0.25

1 0.255498
1.00862 0.25

1 0.317798
1.01562 0.317747

1.03125 0.224369
1.02532 0.234375

1.01562 0.245495
1.02593 0.234375

1.01562 0.317855
1.03125 0.31697

1.03916 0
1.0392 0.015625

1.0392 0.015625
1.0393 0.03125

1.03929 0.03125
1.03947 0.046875

1.03947 0.046875
1.03973 0.0625

1.03972 0.0625
1.04008 0.078125

1.04008 0.078125
1.04052 0.09375

1.04053 0.09375
1.04106 0.109375

1.04108 0.109375
1.04165 0.125

1.04168 0.125
1.04221 0.140625

1.04226 0.140625
1.04259 0.15625

1.04268 0.15625
1.0425 0.171875

1.04264 0.171875
1.04152 0.1875

1.04171 0.1875
1.03899 0.203125

1.03924 0.203125
1.03403 0.21875

1.03125 0.224434
1.0344 0.21875

1.03125 0.31684
1.04688 0.315166

1.04688 0.315109
1.0625 0.313018

1.07812 0.310488
1.06621 0.3125

1.0625 0.313175
1.0665 0.3125

1.07812 0.310477
1.09375 0.307096

1.09375 0.307086
1.10938 0.303032

1.10938 0.303022
1.125 0.298331

1.14062 0.292934
1.12938 0.296875

1.125 0.298425
1.12942 0.296875

1.14062 0.292859
1.15625 0.286583

1.17188 0.279652
1.16836 0.28125

1.15625 0.286655
1.16812 0.28125

1.17188 0.279502
1.1875 0.271484

1.20312 0.26271
1.19809 0.265625

1.1875 0.27154
1.19771 0.265625

1.20312 0.262493
1.21875 0.252275

1.23438 0.240947
1.22201 0.25

1.21875 0.252252
1.22198 0.25

1.25 0.228174
1.24252 0.234375

1.23438 0.240737
1.24233 0.234375

1.26562 0.213466
1.26023 0.21875

1.25 0.227839
1.25995 0.21875

1.28125 0.196459
1.27546 0.203125

1.26562 0.213175
1.27515 0.203125

1.29688 0.17672
1.28876 0.1875

1.28125 0.196221
1.28848 0.1875

1.3125 0.153449
1.31088 0.15625

1.31071 0.15625
1.30042 0.171875

1.29688 0.176613
1.30027 0.171875

1.32812 0.123864
1.32764 0.125

1.3275 0.125
1.31968 0.140625

1.3125 0.152978
1.31962 0.140625

1.34375 0.0809736
1.33986 0.09375

1.33984 0.09375
1.33413 0.109375

1.32812 0.123439
1.33415 0.109375

1.35502 0
1.35461 0.015625

1.35462 0.015625
1.35338 0.03125

1.35338 0.03125
1.35131 0.046875

1.35132 0.046875
1.34839 0.0625

1.3484 0.0625
1.34458 0.078125

1.34375 0.080855
1.34458 0.078125

