0 0.00985624
0.0338878 0.00984992
0.0677756 0.00983285
0.101663 0.00980497
0.135551 0.00976721
0.169439 0.00971976
0.203327 0.00966276
0.237215 0.00959637
0.271102 0.00952073
0.30499 0.00943599
0.338878 0.00934231
0.372766 0.00923986
0.406653 0.00912878
0.440541 0.00900925
0.474429 0.00888144
0.508317 0.00874551
0.542205 0.00860165
0.576092 0.00845004
0.60998 0.00829088
0.643868 0.00812263
0.677756 0.00794738
0.711644 0.00776522
0.745531 0.00757651
0.779419 0.00738134
0.813307 0.0071801
0.847195 0.0069729
0.881082 0.00676013
0.91497 0.00654192
0.948858 0.00631869
0.982746 0.00609054
1.01663 0.00585793
1.05052 0.00562095
1.08441 0.00538009
1.1183 0.00513545
1.15218 0.00488753
1.18607 0.00463642
1.21996 0.00438261
1.25385 0.0041262
1.28774 0.00386765
1.32162 0.00360703
1.35551 0.00334479
1.3894 0.00308099
1.42329 0.00281605
1.45717 0.00255003
1.49106 0.00228334
1.52495 0.00201602
1.55884 0.00174851
1.59273 0.00148084
1.62661 0.00121346
1.6605 0.000946414
1.69439 0.000680153
1.72828 0.000414746
1.76216 0.000150624
1.79605 0.00011249
1.82994 0.00037338
1.86383 0.000632078
1.89772 0.000888513
1.9316 0.00114231
1.96549 0.00139341
1.99938 0.00164144
2.03327 0.00188635
2.06716 0.00212781
2.10104 0.00236574
2.13493 0.00259985
2.16882 0.00283005
2.20271 0.00305607
2.23659 0.00327781
2.27048 0.00349503
2.30437 0.00370758
2.33826 0.00391525
2.37215 0.00411789
2.40603 0.0043153
2.43992 0.00450734
2.47381 0.00469384
2.5077 0.00487467
2.54158 0.00504969
2.57547 0.00521879
2.60936 0.00538185
2.64325 0.00553877
2.67714 0.00568945
2.71102 0.00583381
2.74491 0.00597175
2.7788 0.00610318
2.81269 0.00622804
2.84657 0.00634623
2.88046 0.0064577
2.91435 0.00656237
2.94824 0.00666019
2.98213 0.00675111
3.01601 0.00683509
3.0499 0.00691207
3.08379 0.00698203
3.11768 0.00704495
3.15156 0.00710081
3.18545 0.00714961
3.21934 0.00719136
3.25323 0.00722607
3.28712 0.00725377
3.321 0.00727445
3.35489 0.00728815
3.38878 0.00729495
3.42267 0.00729483
3.45655 0.00728783
3.49044 0.00727402
3.52433 0.00725346
3.55822 0.00722625
3.59211 0.00719244
3.62599 0.0071521
3.65988 0.00710533
3.69377 0.00705218
3.72766 0.00699277
3.76154 0.00692718
3.79543 0.00685552
3.82932 0.00677787
3.86321 0.00669439
3.8971 0.00660513
3.93098 0.00651027
3.96487 0.00640988
3.99876 0.00630417
4.03265 0.00619319
4.06653 0.00607714
4.10042 0.00595608
4.13431 0.00583024
4.1682 0.00569967
4.20209 0.0055646
4.23597 0.00542509
4.26986 0.00528139
4.30375 0.00513356
4.33764 0.00498187
4.37152 0.00482639
4.40541 0.00466742
4.4393 0.00450508
4.47319 0.00433961
4.50708 0.00417106
4.54096 0.00399973
4.57485 0.0038257
4.60874 0.00364928
4.64263 0.0034706
4.67651 0.00328995
4.7104 0.00310736
4.74429 0.00292312
4.77818 0.0027373
4.81207 0.0025502
4.84595 0.00236187
4.87984 0.00217262
4.91373 0.00198254
4.94762 0.00179207
4.9815 0.00160114
5.01539 0.00141004
5.04928 0.00121884
5.08317 0.00102783
5.11706 0.000837076
5.15094 0.000646885
5.18483 0.000457324
5.21872 0.000268689
5.25261 8.10547e-05
5.28649 0.000105771
5.32038 0.000290562
5.35427 0.000473704
5.38816 0.000654943
5.42205 0.000834216
5.45593 0.00101129
5.48982 0.00118611
5.52371 0.00135848
5.5576 0.00152838
5.59149 0.00169556
5.62537 0.00185998
5.65926 0.00202143
5.69315 0.00217986
5.72704 0.00233506
5.76092 0.00248696
5.79481 0.00263536
5.8287 0.00278017
5.86259 0.00292122
5.89648 0.00305844
5.93036 0.00319168
5.96425 0.00332088
5.99814 0.00344593
6.03203 0.00356677
6.06591 0.00368332
6.0998 0.00379552
6.13369 0.00390332
6.16758 0.00400666
6.20147 0.00410549
6.23535 0.00419978
6.26924 0.00428943
6.30313 0.00437444
6.33702 0.00445474
6.3709 0.00453028
6.40479 0.00460103
6.43868 0.00466693
6.47257 0.00472797
6.50646 0.00478409
6.54034 0.00483528
6.57423 0.00488152
6.60812 0.00492278
6.64201 0.00495905
6.67589 0.00499033
6.70978 0.00501661
6.74367 0.0050379
6.77756 0.00505421
6.81145 0.00506558
6.84533 0.005072
6.87922 0.00507349
6.91311 0.00507008
6.947 0.0050618
6.98088 0.0050487
7.01477 0.00503083
7.04866 0.00500828
7.08255 0.00498108
7.11644 0.00494929
7.15032 0.00491296
7.18421 0.00487218
7.2181 0.004827
7.25199 0.00477751
7.28587 0.00472375
7.31976 0.00466585
7.35365 0.00460384
7.38754 0.00453784
7.42143 0.00446792
7.45531 0.0043942
7.4892 0.00431674
7.52309 0.00423567
7.55698 0.00415106
7.59086 0.00406305
7.62475 0.00397171
7.65864 0.00387719
7.69253 0.00377955
7.72642 0.00367898
7.7603 0.00357549
7.79419 0.00346929
7.82808 0.00336042
7.86197 0.00324906
7.89585 0.00313529
7.92974 0.00301929
7.96363 0.00290114
7.99752 0.00278104
8.03141 0.00265907
8.06529 0.00253542
8.09918 0.00241016
8.13307 0.00228347
8.16696 0.00215543
8.20084 0.00202621
8.23473 0.00189588
8.26862 0.00176461
8.30251 0.00163248
8.3364 0.0014997
8.37028 0.00136632
8.40417 0.00123254
8.43806 0.00109842
8.47195 0.000964162
8.50583 0.000829845
8.53972 0.000695663
8.57361 0.000561709
8.6075 0.000428131
8.64139 0.000295002
8.67527 0.000162501
8.70916 3.07249e-05
8.74305 0.000100552
8.77694 0.000230366
8.81082 0.000359058
8.84471 0.000486464
8.8786 0.00061252
8.91249 0.000737092
8.94638 0.000860127
8.98026 0.000981501
9.01415 0.00110115
9.04804 0.00121894
9.08193 0.0013348
9.11582 0.00144858
9.1497 0.0015602
9.18359 0.00166952
9.21748 0.00177646
9.25137 0.00188091
9.28525 0.00198279
9.31914 0.00208201
9.35303 0.00217853
9.38692 0.00227225
9.42081 0.00236313
9.45469 0.00245112
9.48858 0.00253615
9.52247 0.00261817
9.55636 0.00269714
9.59024 0.00277302
9.62413 0.00284575
9.65802 0.00291529
9.69191 0.00298161
9.7258 0.00304466
9.75968 0.00310441
9.79357 0.00316082
9.82746 0.00321387
9.86135 0.00326352
9.89523 0.00330975
9.92912 0.00335254
9.96301 0.00339188
9.9969 0.00342774
10.0308 0.00346012
10.0647 0.003489
10.0986 0.00351438
10.1324 0.00353625
10.1663 0.00355461
10.2002 0.00356947
10.2341 0.00358086
10.268 0.00358876
10.3019 0.00359316
10.3358 0.0035941
10.3697 0.00359159
10.4036 0.00358566
10.4374 0.00357633
10.4713 0.00356364
10.5052 0.00354763
10.5391 0.00352832
10.573 0.00350581
10.6069 0.00348011
10.6408 0.00345125
10.6747 0.00341929
10.7085 0.00338428
10.7424 0.00334627
10.7763 0.00330531
10.8102 0.00326147
10.8441 0.0032148
10.878 0.00316537
10.9119 0.00311324
10.9458 0.00305848
10.9796 0.00300117
11.0135 0.00294137
11.0474 0.00287917
11.0813 0.00281462
11.1152 0.00274784
11.1491 0.00267887
11.183 0.00260782
11.2169 0.00253474
11.2507 0.00245975
11.2846 0.00238288
11.3185 0.00230427
11.3524 0.00222397
11.3863 0.00214208
11.4202 0.00205868
11.4541 0.00197389
11.488 0.00188779
11.5218 0.0018005
11.5557 0.00171209
11.5896 0.00162268
11.6235 0.00153234
11.6574 0.00144119
11.6913 0.00134927
11.7252 0.00125671
11.7591 0.00116356
11.793 0.00106994
11.8268 0.000975942
11.8607 0.000881682
11.8946 0.000787188
11.9285 0.000692585
11.9624 0.000597953
11.9963 0.000503408
12.0302 0.000409012
12.0641 0.000314887
12.0979 0.000221093
12.1318 0.000127746
12.1657 3.49039e-05
12.1996 5.80232e-05
12.2335 0.000149573
12.2674 0.000240316
12.3013 0.000330147
12.3352 0.000419011
12.369 0.000506812
12.4029 0.000593496
12.4368 0.000678981
12.4707 0.000763218
12.5046 0.000846133
12.5385 0.000927676
12.5724 0.00100777
12.6063 0.00108637
12.6401 0.00116339
12.674 0.00123876
12.7079 0.00131242
12.7418 0.00138429
12.7757 0.00145431
12.8096 0.00152242
12.8435 0.00158855
12.8774 0.00165267
12.9112 0.00171473
12.9451 0.00177469
12.979 0.0018325
13.0129 0.00188815
13.0468 0.0019416
13.0807 0.00199281
13.1146 0.00204177
13.1485 0.00208845
13.1823 0.00213282
13.2162 0.00217486
13.2501 0.00221454
13.284 0.00225185
13.3179 0.00228677
13.3518 0.00231927
13.3857 0.00234935
13.4196 0.00237699
13.4535 0.00240217
13.4873 0.00242489
13.5212 0.00244514
13.5551 0.00246291
13.589 0.0024782
13.6229 0.00249104
13.6568 0.0025014
13.6907 0.00250929
13.7246 0.0025147
13.7584 0.00251766
13.7923 0.00251817
13.8262 0.00251625
13.8601 0.00251191
13.894 0.00250519
13.9279 0.00249609
13.9618 0.00248466
13.9957 0.0024709
14.0295 0.00245487
14.0634 0.00243657
14.0973 0.0024161
14.1312 0.00239344
14.1651 0.00236864
14.199 0.00234173
14.2329 0.00231276
14.2668 0.00228175
14.3006 0.00224876
14.3345 0.00221383
14.3684 0.00217701
14.4023 0.00213833
14.4362 0.00209786
14.4701 0.00205565
14.504 0.00201174
14.5379 0.00196619
14.5717 0.00191906
14.6056 0.0018704
14.6395 0.00182028
14.6734 0.00176874
14.7073 0.00171586
14.7412 0.00166168
14.7751 0.00160629
14.809 0.00154971
14.8429 0.00149204
14.8767 0.00143332
14.9106 0.00137362
14.9445 0.00131299
14.9784 0.00125151
15.0123 0.00118923
15.0462 0.00112624
15.0801 0.00106258
15.114 0.000998347
15.1478 0.000933583
15.1817 0.000868377
15.2156 0.000802778
15.2495 0.000736868
15.2834 0.000670694
15.3173 0.000604333
15.3512 0.000537832
15.3851 0.000471267
15.4189 0.000404684
15.4528 0.000338162
15.4867 0.00027175
15.5206 0.000205529
15.5545 0.000139549
15.5884 7.38897e-05
15.6223 8.60363e-06
15.6562 5.64102e-05
15.69 0.000120706
15.7239 0.000184429
15.7578 0.00024756
15.7917 0.000310057
15.8256 0.000371839
15.8595 0.000432857
15.8934 0.000493038
15.9273 0.000552328
15.9611 0.000610664
15.995 0.000667999
16.0289 0.000724277
16.0628 0.000779518
16.0967 0.000833611
16.1306 0.000886496
16.1645 0.000938124
16.1984 0.000988463
16.2323 0.00103747
16.2661 0.00108513
16.3 0.0011314
16.3339 0.00117626
16.3678 0.00121968
16.4017 0.00126165
16.4356 0.00130212
16.4695 0.00134107
16.5034 0.00137847
16.5372 0.0014143
16.5711 0.00144853
16.605 0.00148116
16.6389 0.00151215
16.6728 0.00154149
16.7067 0.00156917
16.7406 0.00159516
16.7745 0.00161946
16.8083 0.00164206
16.8422 0.00166294
16.8761 0.00168209
16.91 0.00169952
16.9439 0.00171521
16.9778 0.0017292
17.0117 0.00174145
17.0456 0.00175195
17.0794 0.0017607
17.1133 0.00176771
17.1472 0.00177297
17.1811 0.0017765
17.215 0.00177831
17.2489 0.00177839
17.2828 0.00177676
17.3167 0.00177344
17.3505 0.00176844
17.3844 0.00176177
17.4183 0.00175345
17.4522 0.0017435
17.4861 0.00173195
17.52 0.0017188
17.5539 0.0017041
17.5878 0.00168785
17.6216 0.0016701
17.6555 0.0016509
17.6894 0.00163021
17.7233 0.00160813
17.7572 0.00158466
17.7911 0.00155982
17.825 0.00153366
17.8589 0.00150619
17.8928 0.00147748
17.9266 0.00144753
17.9605 0.0014164
17.9944 0.00138413
18.0283 0.00135074
18.0622 0.00131629
18.0961 0.00128081
18.13 0.00124435
18.1639 0.00120695
18.1977 0.00116865
18.2316 0.00112949
18.2655 0.00108952
18.2994 0.00104878
18.3333 0.00100731
18.3672 0.000965166
18.4011 0.000922373
18.435 0.000878986
18.4688 0.00083504
18.5027 0.000790589
18.5366 0.00074567
18.5705 0.000700342
18.6044 0.000654646
18.6383 0.000608643
18.6722 0.000562377
18.7061 0.000515907
18.7399 0.000469285
18.7738 0.000422569
18.8077 0.000375786
18.8416 0.000328983
18.8755 0.00028219
18.9094 0.000235452
18.9433 0.000188798
18.9772 0.000142272
19.011 9.59041e-05
19.0449 4.97427e-05
19.0788 4.39624e-06
19.1127 4.22451e-05
19.1466 8.74421e-05
19.1805 0.000132244
19.2144 0.000176616
19.2483 0.000220535
19.2822 0.000263959
19.316 0.000306852
19.3499 0.000349164
19.3838 0.000390863
19.4177 0.000431888
19.4516 0.000472196
19.4855 0.000511743
19.5194 0.000550498
19.5533 0.000588429
19.5871 0.000625534
19.621 0.000661758
19.6549 0.000697077
19.6888 0.000731466
19.7227 0.000764904
19.7566 0.000797367
19.7905 0.000828834
19.8244 0.000859285
19.8582 0.000888699
19.8921 0.000917057
19.926 0.000944339
19.9599 0.000970529
19.9938 0.000995608
20.0277 0.00101956
20.0616 0.00104237
20.0955 0.00106402
20.1293 0.0010845
20.1632 0.0011038
20.1971 0.00112191
20.231 0.00113882
20.2649 0.00115455
20.2988 0.00116903
20.3327 0.00118232
20.3666 0.0011944
20.4004 0.00120525
20.4343 0.00121487
20.4682 0.00122326
20.5021 0.00123042
20.536 0.00123636
20.5699 0.00124107
20.6038 0.00124457
20.6377 0.00124685
20.6716 0.00124791
20.7054 0.00124778
20.7393 0.00124644
20.7732 0.00124392
20.8071 0.00124021
20.841 0.00123533
20.8749 0.0012293
20.9088 0.00122212
20.9427 0.00121381
20.9765 0.00120437
21.0104 0.00119384
21.0443 0.00118223
21.0782 0.00116954
21.1121 0.00115581
21.146 0.00114106
21.1799 0.0011253
21.2138 0.00110855
21.2476 0.00109088
21.2815 0.00107226
21.3154 0.00105275
21.3493 0.00103232
21.3832 0.00101107
21.4171 0.000988996
21.451 0.000966116
21.4849 0.000942464
21.5187 0.000918065
21.5526 0.000892952
21.5865 0.000867151
21.6204 0.000840696
21.6543 0.000813613
21.6882 0.000785936
21.7221 0.000757693
21.756 0.000728919
21.7898 0.000699641
21.8237 0.000669894
21.8576 0.000639705
21.8915 0.00060911
21.9254 0.000578136
21.9593 0.000546818
21.9932 0.000515183
22.0271 0.000483267
22.061 0.000451098
22.0948 0.000418714
22.1287 0.000386142
22.1626 0.000353422
22.1965 0.000320582
22.2304 0.00028766
22.2643 0.000254687
22.2982 0.000221698
22.3321 0.000188725
22.3659 0.000155801
22.3998 0.000122955
22.4337 9.02222e-05
22.4676 5.76275e-05
22.5015 2.52038e-05
22.5354 7.28796e-06
22.5693 3.92621e-05
22.6032 7.09771e-05
22.637 0.000102408
22.6709 0.000133525
22.7048 0.000164303
22.7387 0.000194713
22.7726 0.000224733
22.8065 0.000254333
22.8404 0.00028349
22.8743 0.000312199
22.9081 0.000340423
22.942 0.000368122
22.9759 0.000395272
23.0098 0.000421849
23.0437 0.000447832
23.0776 0.000473199
23.1115 0.000497931
23.1454 0.000522009
23.1792 0.000545416
23.2131 0.000568135
23.247 0.000590151
23.2809 0.000611449
23.3148 0.000632014
23.3487 0.000651833
23.3826 0.000670894
23.4165 0.000689183
23.4503 0.00070669
23.4842 0.000723443
23.5181 0.000739352
23.552 0.000754477
23.5859 0.000768745
23.6198 0.000782209
23.6537 0.000794837
23.6876 0.000806615
23.7215 0.000817535
23.7553 0.000827594
23.7892 0.000836787
23.8231 0.000845113
23.857 0.000852568
23.8909 0.000859151
23.9248 0.000864862
23.9587 0.000869702
23.9926 0.000873673
24.0264 0.000876776
24.0603 0.000879014
24.0942 0.000880392
24.1281 0.000880915
24.162 0.000880588
24.1959 0.000879417
24.2298 0.000877409
24.2637 0.000874572
24.2975 0.000870914
24.3314 0.000866445
24.3653 0.000861174
24.3992 0.000855111
24.4331 0.000848268
24.467 0.000840656
24.5009 0.000832288
24.5348 0.000823176
24.5686 0.000813335
24.6025 0.000802778
24.6364 0.00079152
24.6703 0.000779577
24.7042 0.000766965
24.7381 0.000753701
24.772 0.000739801
24.8059 0.000725285
24.8397 0.000710168
24.8736 0.000694472
24.9075 0.000678215
24.9414 0.000661456
24.9753 0.00064414
