0 0.00985624
0.0338878 0.00984994
0.0677756 0.00983288
0.101663 0.00980502
0.135551 0.00976727
0.169439 0.00971985
0.203327 0.00966289
0.237215 0.00959654
0.271102 0.00952096
0.30499 0.00943629
0.338878 0.00934269
0.372766 0.00924032
0.406653 0.00912935
0.440541 0.00900994
0.474429 0.00888226
0.508317 0.00874649
0.542205 0.00860281
0.576092 0.00845141
0.60998 0.00829249
0.643868 0.00812446
0.677756 0.00794942
0.711644 0.00776747
0.745531 0.00757893
0.779419 0.00738392
0.813307 0.00718279
0.847195 0.00697566
0.881082 0.00676293
0.91497 0.0065447
0.948858 0.00632141
0.982746 0.00609318
1.01663 0.00586045
1.05052 0.00562334
1.08441 0.00538235
1.1183 0.00513759
1.15218 0.00488955
1.18607 0.00463837
1.21996 0.00438453
1.25385 0.00412813
1.28774 0.00386964
1.32162 0.00360912
1.35551 0.00334701
1.3894 0.00308333
1.42329 0.0028185
1.45717 0.00255254
1.49106 0.00228587
1.52495 0.00201853
1.55884 0.00175094
1.59273 0.00148317
1.62661 0.00121566
1.6605 0.000948478
1.69439 0.00068207
1.72828 0.000416518
1.76216 0.000152251
1.79605 0.000111062
1.82994 0.000372066
1.86383 0.000630851
1.89772 0.000887351
1.9316 0.0011412
1.96549 0.00139233
1.99938 0.0016404
2.03327 0.00188536
2.06716 0.0021269
2.10104 0.00236496
2.13493 0.00259926
2.16882 0.00282969
2.20271 0.003056
2.23659 0.00327806
2.27048 0.00349559
2.30437 0.00370845
2.33826 0.0039164
2.37215 0.00411928
2.40603 0.00431688
2.43992 0.00450907
2.47381 0.00469567
2.5077 0.00487657
2.54158 0.00505161
2.57547 0.00522071
2.60936 0.00538375
2.64325 0.00554062
2.67714 0.00569125
2.71102 0.00583553
2.74491 0.00597339
2.7788 0.00610473
2.81269 0.0062295
2.84657 0.0063476
2.88046 0.00645899
2.91435 0.00656359
2.94824 0.00666136
2.98213 0.00675224
3.01601 0.00683621
3.0499 0.00691319
3.08379 0.00698318
3.11768 0.00704614
3.15156 0.00710206
3.18545 0.00715093
3.21934 0.00719275
3.25323 0.00722752
3.28712 0.00725526
3.321 0.00727599
3.35489 0.00728974
3.38878 0.00729657
3.42267 0.0072965
3.45655 0.00728957
3.49044 0.00727583
3.52433 0.00725535
3.55822 0.00722823
3.59211 0.00719453
3.62599 0.0071543
3.65988 0.00710763
3.69377 0.0070546
3.72766 0.00699531
3.76154 0.00692982
3.79543 0.00685826
3.82932 0.00678071
3.86321 0.0066973
3.8971 0.00660812
3.93098 0.00651332
3.96487 0.00641299
3.99876 0.00630731
4.03265 0.00619636
4.06653 0.00608032
4.10042 0.00595927
4.13431 0.00583342
4.1682 0.00570282
4.20209 0.00556772
4.23597 0.00542816
4.26986 0.00528439
4.30375 0.00513648
4.33764 0.00498468
4.37152 0.00482907
4.40541 0.00466994
4.4393 0.00450737
4.47319 0.00434169
4.50708 0.00417296
4.54096 0.00400145
4.57485 0.00382725
4.60874 0.00365066
4.64263 0.00347176
4.67651 0.00329087
4.7104 0.00310804
4.74429 0.0029236
4.77818 0.00273761
4.81207 0.00255036
4.84595 0.00236191
4.87984 0.00217255
4.91373 0.00198233
4.94762 0.00179155
4.9815 0.00160027
5.01539 0.00140877
5.04928 0.00121715
5.08317 0.00102571
5.11706 0.000834531
5.15094 0.000643964
5.18483 0.00045426
5.21872 0.000265468
5.25261 7.76492e-05
5.28649 0.000109475
5.32038 0.000294383
5.35427 0.000477651
5.38816 0.000659143
5.42205 0.00083864
5.45593 0.00101591
5.48982 0.001191
5.52371 0.00136369
5.5576 0.00153381
5.59149 0.00170118
5.62537 0.00186571
5.65926 0.00202723
5.69315 0.00218566
5.72704 0.00234082
5.76092 0.00249275
5.79481 0.00264122
5.8287 0.00278608
5.86259 0.00292717
5.89648 0.00306453
5.93036 0.00319796
5.96425 0.00332733
5.99814 0.00345254
6.03203 0.00357353
6.06591 0.00369022
6.0998 0.00380255
6.13369 0.00391046
6.16758 0.0040139
6.20147 0.00411281
6.23535 0.00420716
6.26924 0.00429686
6.30313 0.00438189
6.33702 0.00446221
6.3709 0.00453779
6.40479 0.00460854
6.43868 0.00467442
6.47257 0.0047354
6.50646 0.00479145
6.54034 0.00484254
6.57423 0.00488866
6.60812 0.00492982
6.64201 0.00496599
6.67589 0.00499717
6.70978 0.00502334
6.74367 0.00504452
6.77756 0.00506071
6.81145 0.00507196
6.84533 0.00507825
6.87922 0.00507961
6.91311 0.00507606
6.947 0.00506764
6.98088 0.00505441
7.01477 0.00503639
7.04866 0.0050137
7.08255 0.00498634
7.11644 0.00495439
7.15032 0.00491789
7.18421 0.00487692
7.2181 0.00483154
7.25199 0.00478184
7.28587 0.00472787
7.31976 0.00466974
7.35365 0.00460749
7.38754 0.00454126
7.42143 0.0044711
7.45531 0.00439714
7.4892 0.00431943
7.52309 0.00423812
7.55698 0.00415328
7.59086 0.00406504
7.62475 0.00397346
7.65864 0.00387871
7.69253 0.00378083
7.72642 0.00368002
7.7603 0.00357628
7.79419 0.00346983
7.82808 0.00336069
7.86197 0.0032491
7.89585 0.0031351
7.92974 0.00301887
7.96363 0.00290049
7.99752 0.00278016
8.03141 0.00265793
8.06529 0.00253399
8.09918 0.00240841
8.13307 0.00228138
8.16696 0.00215296
8.20084 0.00202334
8.23473 0.0018926
8.26862 0.00176091
8.30251 0.00162837
8.3364 0.00149529
8.37028 0.00136168
8.40417 0.0012277
8.43806 0.0010934
8.47195 0.000958977
8.50583 0.000824485
8.53972 0.000690099
8.57361 0.000555882
8.6075 0.000422008
8.64139 0.000288544
8.67527 0.000155668
8.70916 2.3455e-05
8.74305 0.000109107
8.77694 0.000239104
8.81082 0.000368181
8.84471 0.000495976
8.8786 0.000622447
8.91249 0.000747457
8.94638 0.000870936
8.98026 0.000992727
9.01415 0.00111274
9.04804 0.00123081
9.08193 0.00134688
9.11582 0.0014608
9.1497 0.00157246
9.18359 0.00168176
9.21748 0.00178862
9.25137 0.00189297
9.28525 0.00199474
9.31914 0.00209387
9.35303 0.00219032
9.38692 0.00228398
9.42081 0.00237489
9.45469 0.00246291
9.48858 0.00254799
9.52247 0.00263008
9.55636 0.00270911
9.59024 0.00278506
9.62413 0.00285788
9.65802 0.0029275
9.69191 0.00299388
9.7258 0.00305696
9.75968 0.00311671
9.79357 0.00317309
9.82746 0.00322606
9.86135 0.00327561
9.89523 0.00332171
9.92912 0.00336434
9.96301 0.00340349
9.9969 0.00343914
10.0308 0.00347129
10.0647 0.00349994
10.0986 0.00352508
10.1324 0.00354672
10.1663 0.00356484
10.2002 0.00357947
10.2341 0.00359063
10.268 0.0035983
10.3019 0.00360249
10.3358 0.00360321
10.3697 0.00360048
10.4036 0.00359433
10.4374 0.00358477
10.4713 0.00357185
10.5052 0.00355559
10.5391 0.00353603
10.573 0.00351325
10.6069 0.00348726
10.6408 0.00345811
10.6747 0.00342583
10.7085 0.00339049
10.7424 0.00335214
10.7763 0.00331084
10.8102 0.00326663
10.8441 0.0032196
10.878 0.00316979
10.9119 0.00311728
10.9458 0.00306213
10.9796 0.00300443
11.0135 0.00294424
11.0474 0.00288165
11.0813 0.00281672
11.1152 0.00274956
11.1491 0.00268021
11.183 0.00260879
11.2169 0.00253535
11.2507 0.00245999
11.2846 0.00238276
11.3185 0.00230377
11.3524 0.00222308
11.3863 0.0021408
11.4202 0.00205699
11.4541 0.00197178
11.488 0.00188524
11.5218 0.0017975
11.5557 0.00170868
11.5896 0.00161889
11.6235 0.00152815
11.6574 0.00143659
11.6913 0.00134426
11.7252 0.00125128
11.7591 0.0011577
11.793 0.00106369
11.8268 0.000969264
11.8607 0.000874549
11.8946 0.00077961
11.9285 0.000684657
11.9624 0.000589709
11.9963 0.000494851
12.0302 0.000400135
12.0641 0.000305676
12.0979 0.000211528
12.1318 0.000117804
12.1657 2.46241e-05
12.1996 6.88646e-05
12.2335 0.000160708
12.2674 0.000251703
12.3013 0.000341747
12.3352 0.00043079
12.369 0.000518755
12.4029 0.000605604
12.4368 0.000691266
12.4707 0.000775804
12.5046 0.000859267
12.5385 0.000941353
12.5724 0.00102196
12.6063 0.001101
12.6401 0.00117839
12.674 0.00125405
12.7079 0.0013279
12.7418 0.00139989
12.7757 0.00146996
12.8096 0.00153807
12.8435 0.00160417
12.8774 0.00166822
12.9112 0.0017302
12.9451 0.00179007
12.979 0.0018478
13.0129 0.00190336
13.0468 0.00195672
13.0807 0.00200784
13.1146 0.0020567
13.1485 0.00210327
13.1823 0.00214751
13.2162 0.0021894
13.2501 0.00222892
13.284 0.00226605
13.3179 0.00230076
13.3518 0.00233305
13.3857 0.00236289
13.4196 0.00239028
13.4535 0.00241521
13.4873 0.00243766
13.5212 0.00245764
13.5551 0.00247513
13.589 0.00249015
13.6229 0.00250271
13.6568 0.00251281
13.6907 0.00252042
13.7246 0.00252557
13.7584 0.00252825
13.7923 0.00252849
13.8262 0.0025263
13.8601 0.0025217
13.894 0.0025147
13.9279 0.00250533
13.9618 0.00249361
13.9957 0.00247957
14.0295 0.00246324
14.0634 0.00244463
14.0973 0.00242384
14.1312 0.00240085
14.1651 0.00237571
14.199 0.00234843
14.2329 0.00231908
14.2668 0.00228768
14.3006 0.00225428
14.3345 0.00221893
14.3684 0.00218167
14.4023 0.00214255
14.4362 0.00210163
14.4701 0.00205895
14.504 0.00201458
14.5379 0.00196856
14.5717 0.00192095
14.6056 0.00187182
14.6395 0.00182122
14.6734 0.00176921
14.7073 0.00171586
14.7412 0.00166122
14.7751 0.00160535
14.809 0.00154831
14.8429 0.00149017
14.8767 0.00143098
14.9106 0.00137081
14.9445 0.00130971
14.9784 0.00124777
15.0123 0.00118502
15.0462 0.00112156
15.0801 0.00105744
15.114 0.000992742
15.1478 0.00092752
15.1817 0.000861862
15.2156 0.000795819
15.2495 0.000729477
15.2834 0.000662885
15.3173 0.000596124
15.3512 0.000529241
15.3851 0.000462314
15.4189 0.00039539
15.4528 0.000328544
15.4867 0.000261822
15.5206 0.000195301
15.5545 0.000129028
15.5884 6.30792e-05
15.6223 7.12639e-06
15.6562 6.81332e-05
15.69 0.000132755
15.7239 0.000196778
15.7578 0.000260139
15.7917 0.000322795
15.8256 0.00038469
15.8595 0.000445789
15.8934 0.000506096
15.9273 0.000565494
15.9611 0.000623924
15.995 0.000681343
16.0289 0.000737696
16.0628 0.000792945
16.0967 0.000847124
16.1306 0.000900126
16.1645 0.000951896
16.1984 0.0010024
16.2323 0.00105158
16.2661 0.00109941
16.3 0.00114585
16.3339 0.00119087
16.3678 0.00123444
16.4017 0.00127652
16.4356 0.00131708
16.4695 0.00135611
16.5034 0.00139357
16.5372 0.00142945
16.5711 0.00146371
16.605 0.00149634
16.6389 0.00152732
16.6728 0.00155663
16.7067 0.00158425
16.7406 0.00161016
16.7745 0.00163436
16.8083 0.00165683
16.8422 0.00167756
16.8761 0.00169654
16.91 0.00171376
16.9439 0.00172927
16.9778 0.00174298
17.0117 0.00175495
17.0456 0.00176516
17.0794 0.00177361
17.1133 0.0017803
17.1472 0.00178524
17.1811 0.00178842
17.215 0.00178987
17.2489 0.00178959
17.2828 0.0017876
17.3167 0.0017839
17.3505 0.00177852
17.3844 0.00177147
17.4183 0.00176276
17.4522 0.00175242
17.4861 0.00174047
17.52 0.00172692
17.5539 0.00171181
17.5878 0.00169516
17.6216 0.00167704
17.6555 0.00165739
17.6894 0.00163633
17.7233 0.00161384
17.7572 0.00158995
17.7911 0.00156471
17.825 0.00153813
17.8589 0.00151025
17.8928 0.00148112
17.9266 0.00145076
17.9605 0.00141922
17.9944 0.00138653
18.0283 0.00135273
18.0622 0.00131785
18.0961 0.00128196
18.13 0.00124507
18.1639 0.00120725
18.1977 0.00116852
18.2316 0.00112894
18.2655 0.00108854
18.2994 0.00104738
18.3333 0.00100548
18.3672 0.0009629
18.4011 0.00091967
18.435 0.000875841
18.4688 0.000831451
18.5027 0.000786552
18.5366 0.000741183
18.5705 0.000695404
18.6044 0.000649255
18.6383 0.000602798
18.6722 0.000556076
18.7061 0.000509151
18.7399 0.000462066
18.7738 0.000414902
18.8077 0.000367674
18.8416 0.000320434
18.8755 0.000273216
18.9094 0.000226079
18.9433 0.00017905
18.9772 0.000132158
19.011 8.54407e-05
19.0449 3.89725e-05
19.0788 7.69136e-06
19.1127 5.3419e-05
19.1466 9.89192e-05
19.1805 0.000144085
19.2144 0.000188784
19.2483 0.000232978
19.2822 0.000276623
19.316 0.000319685
19.3499 0.000362122
19.3838 0.000403906
19.4177 0.000444998
19.4516 0.000485372
19.4855 0.000524992
19.5194 0.000563831
19.5533 0.000601856
19.5871 0.00063904
19.621 0.000675352
19.6549 0.000710764
19.6888 0.000745248
19.7227 0.000778778
19.7566 0.000811327
19.7905 0.000842874
19.8244 0.000873393
19.8582 0.000902864
19.8921 0.000931267
19.926 0.000958582
19.9599 0.000984791
19.9938 0.00100988
20.0277 0.00103382
20.0616 0.00105661
20.0955 0.00107823
20.1293 0.00109867
20.1632 0.00111791
20.1971 0.00113595
20.231 0.00115278
20.2649 0.00116841
20.2988 0.00118278
20.3327 0.00119594
20.3666 0.00120786
20.4004 0.00121854
20.4343 0.00122797
20.4682 0.00123615
20.5021 0.00124308
20.536 0.00124877
20.5699 0.00125321
20.6038 0.00125642
20.6377 0.00125839
20.6716 0.00125913
20.7054 0.00125866
20.7393 0.00125697
20.7732 0.00125408
20.8071 0.00125001
20.841 0.00124475
20.8749 0.00123833
20.9088 0.00123075
20.9427 0.00122204
20.9765 0.00121221
21.0104 0.00120128
21.0443 0.00118926
21.0782 0.00117617
21.1121 0.00116204
21.146 0.00114689
21.1799 0.00113073
21.2138 0.00111362
21.2476 0.00109553
21.2815 0.00107654
21.3154 0.00105661
21.3493 0.00103583
21.3832 0.00101419
21.4171 0.000991729
21.451 0.000968463
21.4849 0.000944424
21.5187 0.000919639
21.5526 0.000894139
21.5865 0.00086795
21.6204 0.000841107
21.6543 0.000813635
21.6882 0.000785569
21.7221 0.000756936
21.756 0.000727772
21.7898 0.000698102
21.8237 0.000667963
21.8576 0.000637379
21.8915 0.000606386
21.9254 0.00057501
21.9593 0.000543287
21.9932 0.000511243
22.0271 0.000478915
22.061 0.000446332
22.0948 0.000413534
22.1287 0.000380566
22.1626 0.000347448
22.1965 0.000314209
22.2304 0.00028089
22.2643 0.000247522
22.2982 0.000214146
22.3321 0.000180792
22.3659 0.000147513
22.3998 0.000114338
22.4337 8.12968e-05
22.4676 4.84118e-05
22.5015 1.57144e-05
22.5354 1.72621e-05
22.5693 4.94992e-05
22.6032 8.14613e-05
22.637 0.000113127
22.6709 0.000144468
22.7048 0.00017546
22.7387 0.000206074
22.7726 0.000236287
22.8065 0.00026607
22.8404 0.000295399
22.8743 0.000324279
22.9081 0.000352652
22.942 0.000380486
22.9759 0.000407761
23.0098 0.000434452
23.0437 0.000460539
23.0776 0.000486028
23.1115 0.000510881
23.1454 0.000535065
23.1792 0.000558561
23.2131 0.00058135
23.247 0.000603415
23.2809 0.000624742
23.3148 0.000645316
23.3487 0.000665124
23.3826 0.000684155
23.4165 0.000702398
23.4503 0.000719843
23.4842 0.000736518
23.5181 0.000752338
23.552 0.000767363
23.5859 0.00078156
23.6198 0.000794912
23.6537 0.00080741
23.6876 0.00081905
23.7215 0.000829829
23.7553 0.000839737
23.7892 0.00084877
23.8231 0.000856924
23.857 0.0008642
23.8909 0.000870604
23.9248 0.000876125
23.9587 0.000880764
23.9926 0.000884523
24.0264 0.000887405
24.0603 0.000889411
24.0942 0.000890547
24.1281 0.000890817
24.162 0.000890227
24.1959 0.000888783
24.2298 0.000886493
24.2637 0.000883364
24.2975 0.000879405
24.3314 0.000874625
24.3653 0.000869036
24.3992 0.000862649
24.4331 0.000855478
24.467 0.00084753
24.5009 0.000838819
24.5348 0.000829358
24.5686 0.000819161
24.6025 0.000808244
24.6364 0.00079662
24.6703 0.000784308
24.7042 0.000771322
24.7381 0.000757682
24.772 0.000743404
24.8059 0.000728507
24.8397 0.00071301
24.8736 0.000696933
24.9075 0.000680297
24.9414 0.000663162
24.9753 0.00064547
