0 0.00999097
0.0338878 0.00998507
0.0677756 0.00996816
0.101663 0.00994063
0.135551 0.00990277
0.169439 0.00985465
0.203327 0.00979647
0.237215 0.00972847
0.271102 0.00965087
0.30499 0.00956389
0.338878 0.00946774
0.372766 0.00936267
0.406653 0.00924889
0.440541 0.00912659
0.474429 0.00899595
0.508317 0.00885718
0.542205 0.00871045
0.576092 0.00855597
0.60998 0.00839395
0.643868 0.00822465
0.677756 0.00804832
0.711644 0.00786515
0.745531 0.00767538
0.779419 0.00747973
0.813307 0.00727798
0.847195 0.00707035
0.881082 0.00685713
0.91497 0.00663857
0.948858 0.0064149
0.982746 0.00618638
1.01663 0.00595323
1.05052 0.00571572
1.08441 0.00547412
1.1183 0.00522869
1.15218 0.0049797
1.18607 0.00472741
1.21996 0.00447209
1.25385 0.00421401
1.28774 0.00395345
1.32162 0.00369061
1.35551 0.00342579
1.3894 0.00315933
1.42329 0.00289149
1.45717 0.00262253
1.49106 0.00235272
1.52495 0.00208234
1.55884 0.00181166
1.59273 0.00154095
1.62661 0.0012705
1.6605 0.00100056
1.69439 0.00073139
1.72828 0.000463268
1.76216 0.000196457
1.79605 6.86419e-05
1.82994 0.000332044
1.86383 0.000593336
1.89772 0.000852287
1.9316 0.00110866
1.96549 0.00136223
1.99938 0.00161275
2.03327 0.00186002
2.06716 0.00210382
2.10104 0.00234396
2.13493 0.00258023
2.16882 0.00281243
2.20271 0.00304037
2.23659 0.00326387
2.27048 0.00348276
2.30437 0.00369685
2.33826 0.003906
2.37215 0.00410997
2.40603 0.00430866
2.43992 0.00450194
2.47381 0.00468966
2.5077 0.00487169
2.54158 0.00504789
2.57547 0.00521814
2.60936 0.00538231
2.64325 0.00554028
2.67714 0.00569195
2.71102 0.0058372
2.74491 0.00597595
2.7788 0.0061081
2.81269 0.00623356
2.84657 0.00635225
2.88046 0.00646412
2.91435 0.00656909
2.94824 0.00666711
2.98213 0.00675813
3.01601 0.00684211
3.0499 0.00691902
3.08379 0.00698883
3.11768 0.00705153
3.15156 0.00710709
3.18545 0.00715553
3.21934 0.00719684
3.25323 0.00723103
3.28712 0.00725813
3.321 0.00727814
3.35489 0.00729112
3.38878 0.00729708
3.42267 0.00729609
3.45655 0.00728818
3.49044 0.00727343
3.52433 0.00725189
3.55822 0.00722364
3.59211 0.00718876
3.62599 0.00714732
3.65988 0.00709941
3.69377 0.00704513
3.72766 0.00698457
3.76154 0.00691784
3.79543 0.00684505
3.82932 0.0067663
3.86321 0.00668172
3.8971 0.00659142
3.93098 0.00649554
3.96487 0.00639419
3.99876 0.00628751
4.03265 0.00617564
4.06653 0.00605872
4.10042 0.00593689
4.13431 0.00581031
4.1682 0.00567911
4.20209 0.00554347
4.23597 0.00540353
4.26986 0.00525946
4.30375 0.00511142
4.33764 0.00495958
4.37152 0.00480411
4.40541 0.00464518
4.4393 0.00448297
4.47319 0.00431764
4.50708 0.00414938
4.54096 0.00397836
4.57485 0.00380473
4.60874 0.00362869
4.64263 0.00345045
4.67651 0.00327021
4.7104 0.00308814
4.74429 0.00290444
4.77818 0.00271928
4.81207 0.00253287
4.84595 0.00234539
4.87984 0.00215703
4.91373 0.00196798
4.94762 0.00177842
4.9815 0.00158855
5.01539 0.00139854
5.04928 0.00120859
5.08317 0.00101887
5.11706 0.000829565
5.15094 0.000640861
5.18483 0.00045294
5.21872 0.00026597
5.25261 8.01165e-05
5.28649 0.000104307
5.32038 0.000287367
5.35427 0.000468785
5.38816 0.000648397
5.42205 0.000826041
5.45593 0.00100157
5.48982 0.00117482
5.52371 0.00134566
5.5576 0.00151395
5.59149 0.00167954
5.62537 0.0018423
5.65926 0.0020021
5.69315 0.0021588
5.72704 0.0023123
5.76092 0.00246245
5.79481 0.00260915
5.8287 0.00275229
5.86259 0.00289175
5.89648 0.00302743
5.93036 0.00315924
5.96425 0.00328707
5.99814 0.00341083
6.03203 0.00353043
6.06591 0.00364578
6.0998 0.0037568
6.13369 0.00386342
6.16758 0.00396554
6.20147 0.00406309
6.23535 0.00415603
6.26924 0.0042443
6.30313 0.00432786
6.33702 0.00440664
6.3709 0.00448061
6.40479 0.00454974
6.43868 0.00461398
6.47257 0.00467331
6.50646 0.00472771
6.54034 0.00477716
6.57423 0.00482165
6.60812 0.00486117
6.64201 0.00489572
6.67589 0.00492531
6.70978 0.00494994
6.74367 0.00496963
6.77756 0.00498439
6.81145 0.00499424
6.84533 0.00499922
6.87922 0.00499935
6.91311 0.00499467
6.947 0.00498522
6.98088 0.00497105
7.01477 0.0049522
7.04866 0.00492872
7.08255 0.00490068
7.11644 0.00486814
7.15032 0.00483115
7.18421 0.00478978
7.2181 0.00474412
7.25199 0.00469422
7.28587 0.00464017
7.31976 0.00458205
7.35365 0.00451995
7.38754 0.00445395
7.42143 0.00438414
7.45531 0.00431061
7.4892 0.00423347
7.52309 0.0041528
7.55698 0.00406872
7.59086 0.00398131
7.62475 0.00389069
7.65864 0.00379695
7.69253 0.00370021
7.72642 0.0036006
7.7603 0.00349823
7.79419 0.00339321
7.82808 0.00328567
7.86197 0.00317572
7.89585 0.0030635
7.92974 0.00294911
7.96363 0.00283269
7.99752 0.00271436
8.03141 0.00259425
8.06529 0.00247249
8.09918 0.00234919
8.13307 0.00222451
8.16696 0.00209855
8.20084 0.00197147
8.23473 0.00184338
8.26862 0.00171442
8.30251 0.00158471
8.3364 0.0014544
8.37028 0.0013236
8.40417 0.00119245
8.43806 0.00106108
8.47195 0.000929621
8.50583 0.000798186
8.53972 0.000666909
8.57361 0.000535923
8.6075 0.000405354
8.64139 0.000275317
8.67527 0.000145925
8.70916 1.73008e-05
8.74305 0.000110232
8.77694 0.00023693
8.81082 0.000362497
8.84471 0.000486818
8.8786 0.000609783
8.91249 0.000731285
8.94638 0.000851223
8.98026 0.000969498
9.01415 0.00108601
9.04804 0.00120065
9.08193 0.00131333
9.11582 0.00142396
9.1497 0.00153245
9.18359 0.00163871
9.21748 0.00174265
9.25137 0.0018442
9.28525 0.00194327
9.31914 0.0020398
9.35303 0.00213369
9.38692 0.0022249
9.42081 0.00231334
9.45469 0.00239895
9.48858 0.00248168
9.52247 0.00256145
9.55636 0.00263821
9.59024 0.00271192
9.62413 0.00278252
9.65802 0.00284996
9.69191 0.0029142
9.7258 0.0029752
9.75968 0.00303292
9.79357 0.00308734
9.82746 0.00313841
9.86135 0.00318612
9.89523 0.00323044
9.92912 0.00327136
9.96301 0.00330886
9.9969 0.00334292
10.0308 0.00337355
10.0647 0.00340073
10.0986 0.00342446
10.1324 0.00344474
10.1663 0.00346159
10.2002 0.00347501
10.2341 0.003485
10.268 0.0034916
10.3019 0.00349481
10.3358 0.00349465
10.3697 0.00349116
10.4036 0.00348436
10.4374 0.00347428
10.4713 0.00346095
10.5052 0.00344441
10.5391 0.0034247
10.573 0.00340186
10.6069 0.00337594
10.6408 0.00334698
10.6747 0.00331503
10.7085 0.00328015
10.7424 0.00324238
10.7763 0.00320179
10.8102 0.00315844
10.8441 0.00311238
10.878 0.00306367
10.9119 0.00301239
10.9458 0.0029586
10.9796 0.00290237
11.0135 0.00284377
11.0474 0.00278286
11.0813 0.00271974
11.1152 0.00265446
11.1491 0.00258712
11.183 0.00251778
11.2169 0.00244653
11.2507 0.00237344
11.2846 0.00229861
11.3185 0.00222212
11.3524 0.00214405
11.3863 0.00206448
11.4202 0.00198351
11.4541 0.00190122
11.488 0.0018177
11.5218 0.00173303
11.5557 0.00164732
11.5896 0.00156064
11.6235 0.00147308
11.6574 0.00138475
11.6913 0.00129572
11.7252 0.0012061
11.7591 0.00111596
11.793 0.0010254
11.8268 0.000934522
11.8607 0.0008434
11.8946 0.000752127
11.9285 0.000660793
11.9624 0.000569486
11.9963 0.000478294
12.0302 0.000387302
12.0641 0.000296597
12.0979 0.000206268
12.1318 0.000116397
12.1657 2.70672e-05
12.1996 6.14767e-05
12.2335 0.000149477
12.2674 0.000236686
12.3013 0.00032303
12.3352 0.000408437
12.369 0.000492836
12.4029 0.000576144
12.4368 0.00065829
12.4707 0.000739209
12.5046 0.000818833
12.5385 0.000897098
12.5724 0.000973938
12.6063 0.00104929
12.6401 0.00112309
12.674 0.00119527
12.7079 0.0012658
12.7418 0.0013346
12.7757 0.00140162
12.8096 0.00146683
12.8435 0.00153015
12.8774 0.00159156
12.9112 0.001651
12.9451 0.00170843
12.979 0.00176381
13.0129 0.0018171
13.0468 0.00186827
13.0807 0.00191727
13.1146 0.00196408
13.1485 0.00200867
13.1823 0.00205101
13.2162 0.00209108
13.2501 0.00212884
13.284 0.00216429
13.3179 0.0021974
13.3518 0.00222817
13.3857 0.00225656
13.4196 0.00228259
13.4535 0.00230623
13.4873 0.00232749
13.5212 0.00234635
13.5551 0.00236282
13.589 0.0023769
13.6229 0.00238859
13.6568 0.00239791
13.6907 0.00240485
13.7246 0.00240943
13.7584 0.00241166
13.7923 0.00241155
13.8262 0.00240913
13.8601 0.00240442
13.894 0.00239742
13.9279 0.00238817
13.9618 0.0023767
13.9957 0.00236302
14.0295 0.00234717
14.0634 0.00232919
14.0973 0.00230909
14.1312 0.00228692
14.1651 0.00226272
14.199 0.00223651
14.2329 0.00220835
14.2668 0.00217826
14.3006 0.0021463
14.3345 0.00211251
14.3684 0.00207693
14.4023 0.00203961
14.4362 0.00200059
14.4701 0.00195994
14.504 0.00191768
14.5379 0.00187389
14.5717 0.00182861
14.6056 0.0017819
14.6395 0.0017338
14.6734 0.00168438
14.7073 0.0016337
14.7412 0.0015818
14.7751 0.00152875
14.809 0.00147461
14.8429 0.00141944
14.8767 0.00136329
14.9106 0.00130624
14.9445 0.00124833
14.9784 0.00118963
15.0123 0.0011302
15.0462 0.00107011
15.0801 0.00100942
15.114 0.000948187
15.1478 0.000886477
15.1817 0.000824354
15.2156 0.000761881
15.2495 0.00069912
15.2834 0.000636132
15.3173 0.000572981
15.3512 0.000509728
15.3851 0.000446433
15.4189 0.000383159
15.4528 0.00031997
15.4867 0.000256927
15.5206 0.000194082
15.5545 0.000131493
15.5884 6.92201e-05
15.6223 7.32641e-06
15.6562 5.39494e-05
15.69 0.000114918
15.7239 0.000175336
15.7578 0.00023515
15.7917 0.000294312
15.8256 0.000352774
15.8595 0.000410482
15.8934 0.000467384
15.9273 0.000523431
15.9611 0.000578577
15.995 0.000632776
16.0289 0.000685986
16.0628 0.000738163
16.0967 0.000789262
16.1306 0.000839244
16.1645 0.000888067
16.1984 0.000935694
16.2323 0.000982087
16.2661 0.00102721
16.3 0.00107104
16.3339 0.00111352
16.3678 0.00115465
16.4017 0.00119438
16.4356 0.00123268
16.4695 0.00126953
16.5034 0.00130491
16.5372 0.00133878
16.5711 0.00137114
16.605 0.00140195
16.6389 0.0014312
16.6728 0.00145887
16.7067 0.00148495
16.7406 0.00150942
16.7745 0.00153227
16.8083 0.00155349
16.8422 0.00157307
16.8761 0.001591
16.91 0.00160728
16.9439 0.00162191
16.9778 0.00163488
17.0117 0.00164619
17.0456 0.00165584
17.0794 0.00166384
17.1133 0.00167019
17.1472 0.00167489
17.1811 0.00167795
17.215 0.00167939
17.2489 0.00167921
17.2828 0.00167742
17.3167 0.00167404
17.3505 0.00166908
17.3844 0.00166256
17.4183 0.0016545
17.4522 0.00164491
17.4861 0.00163381
17.52 0.00162123
17.5539 0.00160719
17.5878 0.00159172
17.6216 0.00157483
17.6555 0.00155655
17.6894 0.00153692
17.7233 0.00151596
17.7572 0.0014937
17.7911 0.00147016
17.825 0.00144539
17.8589 0.00141942
17.8928 0.00139227
17.9266 0.00136398
17.9605 0.00133459
17.9944 0.00130414
18.0283 0.00127265
18.0622 0.00124017
18.0961 0.00120674
18.13 0.00117239
18.1639 0.00113716
18.1977 0.0011011
18.2316 0.00106424
18.2655 0.00102663
18.2994 0.0009883
18.3333 0.000949303
18.3672 0.000909675
18.4011 0.00086946
18.435 0.000828698
18.4688 0.000787434
18.5027 0.000745714
18.5366 0.000703578
18.5705 0.000661071
18.6044 0.000618237
18.6383 0.000575119
18.6722 0.000531759
18.7061 0.000488202
18.7399 0.000444491
18.7738 0.000400669
18.8077 0.000356779
18.8416 0.000312862
18.8755 0.000268963
18.9094 0.000225123
18.9433 0.000181384
18.9772 0.000137786
19.011 9.43715e-05
19.0449 5.11797e-05
19.0788 8.24909e-06
19.1127 3.41763e-05
19.1466 7.64563e-05
19.1805 0.000118363
19.2144 0.000159853
19.2483 0.000200887
19.2822 0.000241429
19.316 0.000281453
19.3499 0.000320914
19.3838 0.000359777
19.4177 0.000398012
19.4516 0.000435587
19.4855 0.000472475
19.5194 0.000508644
19.5533 0.000544066
19.5871 0.000578712
19.621 0.000612552
19.6549 0.000645562
19.6888 0.000677714
19.7227 0.000708985
19.7566 0.000739351
19.7905 0.00076879
19.8244 0.000797279
19.8582 0.000824799
19.8921 0.00085133
19.926 0.000876852
19.9599 0.00090135
19.9938 0.000924806
20.0277 0.000947206
20.0616 0.000968535
20.0955 0.000988781
20.1293 0.00100793
20.1632 0.00102598
20.1971 0.0010429
20.231 0.00105871
20.2649 0.00107338
20.2988 0.00108692
20.3327 0.00109932
20.3666 0.00111057
20.4004 0.00112067
20.4343 0.00112962
20.4682 0.00113742
20.5021 0.00114408
20.536 0.00114958
20.5699 0.00115394
20.6038 0.00115716
20.6377 0.00115925
20.6716 0.00116021
20.7054 0.00116004
20.7393 0.00115877
20.7732 0.00115638
20.8071 0.00115291
20.841 0.00114835
20.8749 0.00114272
20.9088 0.00113603
20.9427 0.0011283
20.9765 0.00111955
21.0104 0.00110978
21.0443 0.00109901
21.0782 0.00108726
21.1121 0.00107456
21.146 0.00106091
21.1799 0.00104635
21.2138 0.00103088
21.2476 0.00101453
21.2815 0.000997327
21.3154 0.000979287
21.3493 0.000960436
21.3832 0.000940797
21.4171 0.000920394
21.451 0.000899254
21.4849 0.0008774
21.5187 0.00085486
21.5526 0.000831659
21.5865 0.000807825
21.6204 0.000783385
21.6543 0.000758366
21.6882 0.000732797
21.7221 0.000706707
21.756 0.000680125
21.7898 0.000653078
21.8237 0.000625596
21.8576 0.000597708
21.8915 0.000569444
21.9254 0.000540833
21.9593 0.000511907
21.9932 0.000482695
22.0271 0.000453228
22.061 0.000423535
22.0948 0.000393646
22.1287 0.000363593
22.1626 0.000333405
22.1965 0.000303112
22.2304 0.000272743
22.2643 0.000242328
22.2982 0.000211898
22.3321 0.00018148
22.3659 0.000151106
22.3998 0.000120802
22.4337 9.05982e-05
22.4676 6.05234e-05
22.5015 3.06042e-05
22.5354 8.68025e-07
22.5693 2.84579e-05
22.6032 5.77447e-05
22.637 8.67661e-05
22.6709 0.000115497
22.7048 0.000143912
22.7387 0.000171987
22.7726 0.000199695
22.8065 0.000227013
22.8404 0.000253918
22.8743 0.000280389
22.9081 0.000306404
22.942 0.000331942
22.9759 0.000356981
23.0098 0.000381501
23.0437 0.000405479
23.0776 0.000428898
23.1115 0.000451738
23.1454 0.000473983
23.1792 0.000495615
23.2131 0.000516618
23.247 0.000536977
23.2809 0.000556677
23.3148 0.000575703
23.3487 0.000594043
23.3826 0.000611683
23.4165 0.000628612
23.4503 0.000644818
23.4842 0.000660291
23.5181 0.000675021
23.552 0.000688999
23.5859 0.000702218
23.6198 0.000714669
23.6537 0.000726347
23.6876 0.000737246
23.7215 0.000747361
23.7553 0.000756687
23.7892 0.000765221
23.8231 0.000772962
23.857 0.000779906
23.8909 0.000786054
23.9248 0.000791405
23.9587 0.000795959
23.9926 0.000799718
24.0264 0.000802684
24.0603 0.000804859
24.0942 0.000806248
24.1281 0.000806855
24.162 0.000806685
24.1959 0.000805742
24.2298 0.000804035
24.2637 0.00080157
24.2975 0.000798355
24.3314 0.000794398
24.3653 0.000789708
24.3992 0.000784296
24.4331 0.000778172
24.467 0.000771346
24.5009 0.000763831
24.5348 0.000755638
24.5686 0.00074678
24.6025 0.000737271
24.6364 0.000727124
24.6703 0.000716353
24.7042 0.000704974
24.7381 0.000693001
24.772 0.000680451
24.8059 0.000667338
24.8397 0.000653681
24.8736 0.000639495
24.9075 0.000624799
24.9414 0.00060961
24.9753 0.000593946
