0.910717 0
0.910941 0.03125

0.910929 0.03125
0.911622 0.0625

0.911604 0.0625
0.912827 0.09375

0.912785 0.09375
0.914659 0.125

0.914613 0.125
0.917316 0.15625

0.91721 0.15625
0.921043 0.1875

0.921077 0.1875
0.926186 0.21875

0.926589 0.21875
0.932103 0.25

0.930468 0.25
0.9375 0.276435

0.93422 0.28125
0.9375 0.287895

0.9375 0.27563
0.938995 0.28125

0.9375 0.285158
0.957662 0.3125

0.953052 0.3125
0.96875 0.325418

0.96875 0.320734
1 0.336284

1 0.336391
1.03125 0.339658

1.03125 0.338701
1.0625 0.331384

1.0625 0.330681
1.09375 0.316097

1.125 0.295845
1.0993 0.3125

1.09375 0.315421
1.0985 0.3125

1.15625 0.270693
1.14378 0.28125

1.125 0.294915
1.14209 0.28125

1.1875 0.238161
1.17694 0.25

1.15625 0.269036
1.17558 0.25

1.21875 0.197018
1.20345 0.21875

1.1875 0.236761
1.20252 0.21875

1.25 0.140542
1.24298 0.15625

1.24272 0.15625
1.22497 0.1875

1.21875 0.196263
1.22464 0.1875

1.28027 0
1.27881 0.03125

1.27882 0.03125
1.27442 0.0625

1.27444 0.0625
1.26702 0.09375

1.26702 0.09375
1.25653 0.125

1.25 0.139596
1.25652 0.125

