t sb -1 xb vb dt perf.t perf.speed
0 0 -1 0.5 0 2.52982e-05 0 0 
2.52982e-05 0 -1 0.5 0.000417201 2.52982e-05 0.140352 116735 1 697.34 1836.25 0.379763 4 
0.000614221 -4.08839e-08 -1 0.5 0.00162117 0.000588923 0.301746 108595 5 1374.53 241.299 1.41619 5 1 1650.14 1124.65 1.46726 4 3 0.0730537 2.11689e-05 15.1117 3 
0.00171532 -1.56275e-06 -1 0.5 0.0018272 0.0011011 0.510809 96223.8 7 457.034 77.2136 1.28921 5 3 1812.51 306.972 1.80743 4 5 0.08226 3.93422e-05 4.61388 3 
0.00328182 -2.85408e-06 -1 0.500002 0.00203331 0.0015665 0.693484 94502.5 2 162.574 2.41864 8.19861 5 2 301.443 118.945 1.59195 5 6 0.0669271 7.42253e-05 3.1082 3 
0.00527167 -2.89561e-06 -1 0.500006 0.00305332 0.00198985 0.890984 91943.3 1 67.2561 22.3851 3.0045 5 4 325.646 84.8823 1.39953 6 7 0.0688867 7.01911e-05 2.67552 3 
0.00764656 -1.00545e-06 -1 0.500014 0.00444735 0.00237488 1.14793 85635.8 5 33.1032 14.9673 1.17205 7 2 138.934 65.1518 1.4603 7 10 0.132547 4.93205e-05 2.20259 3 
0.0103718 2.31687e-07 -1 0.500027 0.00647934 0.00272528 1.39704 82093.8 2 22.0739 1.44528 3.90808 8 1 89.2106 32.2766 2.76394 7 12 0.173914 7.28815e-05 1.91195 3 
0.0134132 3.13904e-07 -1 0.500047 0.00858926 0.00304133 1.6817 77940.1 2 34.4834 4.45526 2.78207 8 1 27.8332 14.7895 1.88195 7 15 0.234377 6.19598e-05 1.73189 3 
0.0167427 -4.40057e-07 -1 0.500075 0.0106706 0.00332953 1.98376 74331.4 2 54.6529 4.46379 3.49909 8 1 24.9064 11.2543 2.21305 7 17 0.269539 7.06687e-05 1.62432 3 
0.020337 -1.34713e-06 -1 0.500113 0.0127878 0.00359429 2.54019 64499 2 75.3882 1.58242 6.90225 8 1 16.1355 16.4274 0.982228 7 37 0.308496 8.35378e-05 1.24858 3 
0.0241718 -1.88238e-06 -1 0.500162 0.0152898 0.00383483 2.97782 60522.1 3 1238.97 3.41132 7.13476 8 1 25.6806 26.0314 0.986523 7 16 0.355967 7.15908e-05 1.70229 4 
0.0282206 -1.95466e-06 -1 0.500223 0.0174353 0.00404875 3.50052 56165.4 2 74.8239 3.35346 4.7236 8 2 29.2724 1.82401 4.00604 8 25 0.426576 7.22003e-05 1.41533 4 
0.032466 -1.64974e-06 -1 0.500297 0.0201554 0.0042454 3.93943 54066.7 3 1239.47 1.39277 9.61876 7 2 28.2366 1.25268 4.74773 9 16 0.586324 5.7956e-05 1.77957 5 
0.0368951 -1.37931e-06 -1 0.500387 0.0227709 0.00442916 4.58378 50040.8 3 1144.37 2.23997 7.99419 6 2 31.4864 3.11028 3.18172 10 28 0.859484 9.89728e-05 1.38251 5 
0.041482 -1.26263e-06 -1 0.500492 0.0256685 0.00458685 5.11129 48081.8 4 1249.95 0.332075 7.83275 5 2 33.6665 4.13113 2.85473 10 16 1.03856 7.47514e-05 1.81521 6 
0.0462232 -1.26079e-06 -1 0.500613 0.0285686 0.00474121 5.63624 46510.5 4 1243.93 0.981064 5.96725 4 2 50.5745 4.14255 3.49408 10 16 1.03516 8.91853e-05 1.79492 6 
0.0510974 -1.27741e-06 -1 0.500752 0.0313882 0.00487422 6.26549 44454.3 4 1237.2 0.422704 7.35531 4 2 63.9372 3.74764 4.13046 10 19 0.96583 9.35778e-05 1.62648 6 
0.0560955 -1.31841e-06 -1 0.500909 0.0344104 0.00499814 7.03106 41944.2 4 1106.21 0.892258 5.93385 3 2 70.5212 3.51559 4.47879 10 25 1.20992 9.36259e-05 1.46034 6 
0.0611976 -1.31087e-06 -1 0.501084 0.0373886 0.00510209 7.86581 39575.8 4 209.013 0.619761 4.28536 3 2 71.84 3.48228 4.54204 10 30 1.61422 7.94779e-05 1.39184 6 
0.0664083 -1.28338e-06 -1 0.501279 0.0403929 0.00521064 8.65474 37861.3 5 1261.74 1.54901 3.82106 3 2 95.159 3.34211 5.33599 10 30 1.53611 8.38518e-05 1.38707 6 
0.0717036 -1.20269e-06 -1 0.501494 0.0435109 0.00529529 9.4679 36340.1 6 1210.86 0.701704 3.4633 3 2 113.861 3.44195 5.75155 10 30 1.32965 9.21227e-05 1.37609 6 
0.0770865 -1.11572e-06 -1 0.501728 0.0465219 0.0053829 10.2488 35169.9 4 1236.33 3.1643 4.44594 3 2 118.034 3.37515 5.91367 10 32 1.83863 8.70284e-05 1.36506 6 
0.0825498 -1.02823e-06 -1 0.501983 0.0498069 0.00546339 10.9702 34350.6 4 1105.53 2.50065 4.58542 3 2 106.974 3.34219 5.65748 10 30 2.2259 9.85624e-05 1.39678 6 
0.0880753 -9.04474e-07 -1 0.502259 0.0529198 0.00552547 11.8206 33265.4 5 1201 1.89877 3.63257 3 2 151.405 2.98453 7.12249 10 27 1.91626 9.96022e-05 1.44103 6 
0.0936644 -7.88851e-07 -1 0.502555 0.0561557 0.00558911 12.7456 32136.5 5 1032.71 1.60922 3.64312 4 2 164.457 2.8688 7.57139 10 26 1.59772 7.56739e-05 1.46666 6 
0.0993078 -7.07202e-07 -1 0.502872 0.0593514 0.00564337 13.4644 31637.9 4 1083.28 2.79531 4.43688 4 2 166.626 2.58811 8.0238 10 25 2.63664 7.10997e-05 1.52324 6 
0.105007 -6.45695e-07 -1 0.503211 0.0625869 0.00569881 14.0899 31396 5 1213.46 1.6617 3.73847 4 2 150.477 1.80351 9.13429 10 21 2.67258 8.29394e-05 1.63936 6 
0.110751 -5.67403e-07 -1 0.50357 0.0657573 0.00574403 14.6368 31342.3 5 1185.22 0.744918 4.36856 5 2 217.48 1.61836 11.5924 10 18 2.17943 7.02073e-05 1.77645 6 
0.116541 -4.93277e-07 -1 0.503951 0.0689715 0.00579008 15.0911 31484.6 5 1157.96 0.713225 4.38625 4 2 220.706 2.01075 10.4768 10 15 2.23675 7.85386e-05 1.98139 6 
0.122366 -5.1718e-07 -1 0.504354 0.072147 0.00582517 15.491 31729.4 4 1240.06 1.41483 5.44107 4 2 196.238 2.41995 9.00511 10 13 3.22395 6.25999e-05 2.30381 6 
0.128227 -5.44466e-07 -1 0.504777 0.0753736 0.00586076 15.8683 32007.4 5 1179.78 0.665463 4.46411 4 2 230.908 3.14248 8.57201 10 12 2.84515 5.3574e-05 2.47607 6 
0.134124 -5.53652e-07 -1 0.505222 0.0787075 0.00589687 16.229 32305.7 4 1208.03 2.23015 4.82432 3 2 264.097 4.14788 7.97937 10 12 2.13148 4.12944e-05 2.4702 6 
0.140045 -4.83747e-07 -1 0.505688 0.0817595 0.00592123 16.5975 32575.4 5 1184.66 1.32153 3.89496 3 2 277.189 5.08273 7.38481 10 12 3.20901 6.02136e-05 2.47679 6 
0.146003 -3.00251e-07 -1 0.506176 0.0849816 0.00595824 16.9381 32887.8 5 1239.23 0.638663 4.54544 3 2 247.633 6.11439 6.36396 10 11 3.47198 4.33008e-05 2.79142 6 
0.151974 -8.53428e-08 -1 0.506684 0.0880132 0.00597071 17.2558 33231.7 4 1206.88 2.30185 4.78516 3 2 344.423 7.46034 6.79464 10 10 3.05099 3.44997e-05 3.12365 6 
0.15797 1.47052e-07 -1 0.507212 0.0913898 0.00599584 17.573 33564.2 5 1146.54 0.79339 4.28529 2 2 437.764 9.65324 6.73416 10 10 3.05837 4.08483e-05 3.07207 6 
0.163991 3.52412e-07 -1 0.507762 0.0945431 0.00602125 17.9053 33856.3 7 5003.12 0.890522 3.43286 2 3 2396.68 2.35613 10.057 9 10 3.67685 5.8135e-05 3.02067 6 
0.170025 5.57727e-07 -1 0.508333 0.097716 0.00603406 18.2123 34185.3 6 2136.05 0.793359 3.72984 2 3 986.377 3.623 6.48124 9 9 6.53391 3.69482e-05 3.82882 6 
0.176072 7.91779e-07 -1 0.508924 0.100871 0.00604696 18.5532 34440.2 6 1744.62 1.30284 3.31998 2 3 1378.99 3.45844 7.36026 9 12 5.54802 4.51815e-05 2.65521 5 
0.182145 1.06174e-06 -1 0.509536 0.10393 0.00607296 18.9006 34674.1 5 1555.47 0.748239 4.60855 3 3 1178.28 2.97656 7.34252 8 12 4.95931 8.55369e-05 2.49424 5 
0.188231 1.38901e-06 -1 0.51017 0.107104 0.00608608 19.2161 34957.4 5 1390.16 0.68521 4.58615 3 3 772.976 3.30974 6.15825 7 11 5.02932 5.79883e-05 2.81141 5 
0.19433 1.64645e-06 -1 0.510824 0.110231 0.00609928 19.4942 35299.2 5 1363.07 1.52307 3.89368 3 3 943.574 3.50547 6.45669 6 9 5.41896 6.53921e-05 3.51956 5 
0.200429 1.78815e-06 -1 0.511497 0.113361 0.00609928 19.7819 35613.9 5 1377.45 1.49536 3.91621 3 2 804.124 10.4464 8.7736 6 10 4.21689 3.52647e-05 3.21933 5 
0.206542 1.79125e-06 -1 0.51219 0.116468 0.0061126 20.1048 35857 5 1251.21 1.74413 3.72521 3 2 801.869 10.4852 8.74507 6 12 5.34084 5.01618e-05 2.62383 5 
0.212668 1.74839e-06 -1 0.512903 0.119499 0.006126 20.453 36047.6 5 1412.9 2.38361 3.58571 3 3 701.038 3.27152 5.98408 5 13 4.26593 7.40719e-05 2.32371 5 
0.218808 1.61912e-06 -1 0.513636 0.12251 0.0061395 20.9332 36003.4 5 1244.89 2.05381 3.60175 3 3 784.377 5.4365 5.24487 4 17 4.99478 8.40036e-05 1.90913 5 
0.224947 1.4681e-06 -1 0.514388 0.125531 0.0061395 21.4687 35868.4 5 1280.5 2.46773 3.49154 3 3 669.525 6.42223 4.70645 4 19 4.82208 7.14193e-05 1.79548 5 
0.2311 1.26496e-06 -1 0.515159 0.128449 0.00615311 22.0421 35678.6 6 1982.44 1.9305 3.1763 3 4 1022.42 5.50921 3.69093 3 19 3.37876 8.59143e-05 1.74512 5 
0.237253 1.0195e-06 -1 0.515948 0.13142 0.00615311 23.1745 34642.2 5 7203.55 2.48806 4.92422 3 4 3729.74 4.90712 5.25065 3 38 6.49026 8.77462e-05 1.34317 6 
0.24342 6.69154e-07 -1 0.516758 0.134319 0.00616685 24.0085 34121.2 5 3421 2.00761 4.42889 2 4 1852.78 2.16543 5.40841 3 23 6.90598 6.56669e-05 1.65327 7 
0.249587 6.8641e-07 -1 0.517587 0.137189 0.00616685 24.6906 33842.2 5 2644.48 2.18361 4.1365 2 4 1811.33 2.7279 5.07625 3 19 6.17807 6.33524e-05 1.83056 7 
0.255754 1.24645e-06 -1 0.518433 0.140071 0.00616685 25.2565 33732.6 6 2105.11 0.663843 3.83297 3 4 1508.15 2.46065 4.97563 3 16 5.96264 5.97563e-05 2.05325 7 
0.261935 1.83698e-06 -1 0.5193 0.14289 0.00618073 25.7541 33717 5 2267.33 1.18546 4.53237 3 4 1539.35 1.25276 5.92062 3 12 6.98451 9.17588e-05 2.55147 7 
0.268115 2.44882e-06 -1 0.520184 0.145638 0.00618073 26.1365 33850.6 4 1965.77 1.94618 5.63751 3 4 1617.61 0.943094 6.43546 3 10 6.15751 5.5919e-05 3.19289 7 
0.274296 3.07017e-06 -1 0.521086 0.148589 0.00618073 26.5216 33976.8 4 2201.27 1.15286 6.61034 3 4 1067.33 0.68363 6.28593 3 10 5.46234 9.89001e-05 2.98001 7 
0.280477 3.55187e-06 -1 0.522004 0.151347 0.00618073 26.926 34075 5 1768.74 0.85171 4.6076 3 3 1269.84 6.26266 5.87485 2 11 6.14579 8.5351e-05 2.76426 7 
0.286672 4.08729e-06 -1 0.52294 0.154024 0.00619481 27.3601 34133.3 5 2147.13 1.10788 4.54436 2 4 990.084 2.85291 4.31614 2 12 4.79548 5.05193e-05 2.59885 7 
0.292866 4.66601e-06 -1 0.523894 0.156763 0.00619481 27.7925 34191.6 6 12697.4 1.52984 4.49964 2 4 6771.89 6.62198 5.65497 2 12 5.70972 6.47644e-05 2.58289 7 
0.299061 5.31561e-06 -1 0.524866 0.159531 0.00619481 28.562 33844.1 6 4851.05 2.2324 3.59896 2 5 2474.41 4.59323 3.5178 2 27 9.50867 6.8493e-05 1.55047 6 
0.305256 6.02813e-06 -1 0.525855 0.162136 0.00619481 29.3866 33452 6 3729.18 1.85129 3.55377 2 4 2387.09 5.5529 4.55342 2 30 7.27181 6.93509e-05 1.47012 6 
0.311451 6.84972e-06 -1 0.526861 0.164736 0.00619481 30.0807 33224.8 7 2904.56 2.32739 2.76896 2 4 2081.62 5.7077 4.37004 2 23 6.57986 5.44235e-05 1.66332 7 
0.317646 7.64685e-06 -1 0.527883 0.16735 0.00619481 30.5833 33214.4 7 2979.34 2.54029 2.7445 2 4 1981.99 5.08324 4.44365 3 14 7.18844 6.47606e-05 2.29287 7 
0.32384 8.47624e-06 -1 0.528919 0.169903 0.00619481 31.0842 33206.3 6 2681.89 1.20932 3.61119 3 4 2121.65 3.12201 5.10576 3 14 7.52617 7.53121e-05 2.27574 7 
0.33005 9.22847e-06 -1 0.529974 0.172439 0.00620919 31.6242 33157.4 5 2195.77 1.41894 4.34435 3 4 1826.38 2.23073 5.34917 3 15 5.93832 6.17365e-05 2.14886 7 
0.336259 9.9831e-06 -1 0.531044 0.174961 0.00620919 32.159 33115.5 5 2558.49 1.41354 4.48265 3 4 1472.54 2.36655 4.99445 3 15 6.68384 7.61436e-05 2.13579 7 
0.342468 1.07639e-05 -1 0.532131 0.177435 0.00620919 32.6986 33070 8 13467.4 2.25228 2.9654 2 4 7325.5 10.3188 5.16181 2 15 5.9433 6.768e-05 2.13585 7 
0.348677 1.14111e-05 -1 0.533233 0.17987 0.00620919 33.4456 32821.3 9 6104.01 2.30913 2.40016 2 5 3157.11 3.45714 3.90944 2 22 10.702 9.48238e-05 1.69692 7 
0.354886 1.19356e-05 -1 0.534351 0.182266 0.00620919 34.1178 32654.8 9 4681.12 2.32251 2.32892 2 4 2859.56 3.75428 5.25343 3 19 8.30502 6.33976e-05 1.85922 7 
0.361096 1.24388e-05 -1 0.535483 0.184631 0.00620919 34.6994 32579.7 8 3644.36 2.41952 2.49595 2 4 2596.75 5.79662 4.6006 2 15 6.9811 8.45912e-05 2.12703 7 
0.367305 1.30164e-05 -1 0.536629 0.186942 0.00620919 35.3556 32438.4 6 2889.27 1.87077 3.39986 3 4 2000.11 9.10405 3.84995 2 15 7.07902 6.37107e-05 2.16962 7 
0.373514 1.3683e-05 -1 0.53779 0.18922 0.00620919 35.9672 32342.4 5 3418.6 2.27183 4.32011 3 4 2536.79 9.32641 4.06109 2 15 7.99509 5.2545e-05 2.21557 7 
0.379723 1.44424e-05 -1 0.538966 0.191478 0.00620919 36.5763 32251.7 7 2758.64 1.95625 2.81771 2 5 2287.96 2.87084 3.80441 2 14 7.08694 9.48345e-05 2.22898 7 
0.385932 1.52383e-05 -1 0.540155 0.193665 0.00620919 37.2411 32115.9 7 3225.8 1.88178 2.89741 2 4 1585.07 9.93776 3.55378 2 14 5.79729 8.34483e-05 2.2174 7 
0.392141 1.60336e-05 -1 0.541356 0.195858 0.00620919 38.272 31678.9 6 11963.9 2.41467 4.12891 2 6 6546.28 3.44638 3.51916 2 14 8.24786 5.69566e-05 2.33684 7 
0.398351 1.69137e-05 -1 0.542572 0.198055 0.00620919 39.1316 31401.7 5 5140.75 2.1551 4.73709 2 5 3030.92 7.31237 3.33813 2 13 8.34565 8.8332e-05 2.4139 7 
0.40456 1.78264e-05 -1 0.543802 0.200091 0.00620919 39.8635 31236.2 7 3861.67 2.26537 2.89509 2 5 3077.15 2.83358 4.04727 2 13 9.71649 7.90023e-05 2.46336 7 
0.410769 1.87065e-05 -1 0.545046 0.202108 0.00620919 40.6763 31014.8 7 4250.38 2.10483 2.96601 2 5 3454.68 5.50798 3.62646 2 13 9.08057 6.20304e-05 2.49659 7 
0.416978 1.95e-05 -1 0.546301 0.204139 0.00620919 41.343 30910.9 7 3965.68 2.30331 2.89922 2 5 3307.84 8.56439 3.29132 2 12 8.48287 8.75212e-05 2.60337 7 
0.423187 2.03478e-05 -1 0.547568 0.206183 0.00620919 41.9931 30822.6 6 3033.98 1.69751 3.48364 2 5 2538.01 8.02069 3.16269 2 12 7.07219 6.29111e-05 2.63574 7 
0.429397 2.11478e-05 -1 0.548846 0.208117 0.00620919 42.6735 30715.1 5 3787.82 2.04928 4.5015 3 6 2016.22 5.68713 2.66036 2 12 6.26696 4.91123e-05 2.66372 7 
0.435606 2.20803e-05 -1 0.550138 0.209953 0.00620919 43.4814 30521.2 7 13083 1.78886 3.56466 2 6 7235.05 6.91896 3.18591 2 19 8.42779 6.02519e-05 1.86564 7 
0.441815 2.28305e-05 -1 0.551442 0.211872 0.00620919 44.2883 30335.1 6 5536.26 2.41796 3.63046 2 5 3215.56 5.3301 3.59836 3 21 8.47423 8.88675e-05 1.72628 7 
0.448024 2.36491e-05 -1 0.552757 0.213671 0.00620919 44.9141 30277.1 6 4417.3 1.89871 3.64013 2 4 2761.59 4.20268 5.063 3 16 9.98524 7.71883e-05 2.08683 7 
0.454233 2.45708e-05 -1 0.554082 0.215393 0.00620919 45.4918 30252.9 7 4270.59 2.12433 2.96412 2 4 3465.17 1.79005 6.63307 3 11 9.04093 8.17093e-05 2.87435 7 
0.460443 2.53939e-05 -1 0.555419 0.217097 0.00620919 45.9191 30328.1 6 4443.44 2.28781 3.53224 2 4 3631.46 1.79879 6.70309 3 10 8.88767 3.05835e-05 3.51828 7 
0.466652 2.61883e-05 -1 0.556767 0.218774 0.00620919 46.3069 30427.9 6 3604.82 2.25117 3.42042 3 3 3017.91 7.96986 7.23467 4 9 7.79692 6.15621e-05 3.68941 7 
0.472861 2.69922e-05 -1 0.558124 0.220376 0.00620919 46.6937 30526.7 6 6166.67 1.84046 3.86831 3 4 3522.22 2.943 5.88175 3 9 5.90783 4.23651e-05 3.72908 7 
0.47907 2.77219e-05 -1 0.55949 0.222024 0.00620919 47.2256 30529.9 5 11268.7 1.65234 5.8446 3 5 6212.3 5.14064 4.13473 2 12 9.94981 4.838e-05 2.7718 6 
0.485279 2.84604e-05 -1 0.560868 0.223509 0.00620919 47.692 30574.8 6 6865.04 2.02557 3.87569 3 5 4023.8 7.9931 3.47044 2 11 9.58635 8.86924e-05 2.86824 6 
0.491488 2.9122e-05 -1 0.562256 0.224995 0.00620919 48.1736 30609.3 7 5593.55 2.35871 3.0349 2 5 3901.93 6.83469 3.55887 2 11 8.11925 4.06858e-05 3.03267 6 
0.497698 2.97868e-05 -1 0.563652 0.226442 0.00620919 48.6198 30665.4 7 4320.55 2.50176 2.90048 2 5 3171.23 3.03458 4.0163 2 11 7.60023 4.41059e-05 2.99247 6 
0.503907 3.05448e-05 -1 0.565056 0.227853 0.00620919 49.0611 30723.5 7 3465.75 2.57826 2.79849 2 5 2479.47 3.47846 3.72044 2 11 7.02416 4.03436e-05 2.99529 6 
0.510131 3.14222e-05 -1 0.566473 0.229218 0.00622467 49.4783 30795.6 7 4381.58 1.82627 3.03995 2 5 3160.1 5.17278 3.60741 2 10 8.1638 3.98045e-05 3.39779 6 
0.516356 3.22712e-05 -1 0.567899 0.230498 0.00622467 50.7242 30362.2 13 20397.2 2.18287 2.02035 3 5 11584.5 7.0042 4.40254 2 39 8.51216 9.48618e-05 1.33967 6 
0.522581 3.26627e-05 -1 0.569331 0.231755 0.00622467 51.5819 30174.9 7 9051.09 2.17948 3.28781 3 5 5065.34 6.69437 3.76513 2 23 10.3867 9.43286e-05 1.65657 7 
0.528806 3.29571e-05 -1 0.570773 0.232993 0.00622467 52.1861 30139.5 8 5157.63 2.45 2.60262 2 5 3413.26 8.19577 3.3413 2 16 10.7619 9.82098e-05 2.0653 7 
0.53503 3.33389e-05 -1 0.572224 0.234131 0.00622467 52.6319 30195.5 5 4521.61 1.74552 4.81586 3 6 3793.9 5.27092 2.99364 2 11 9.69245 7.61092e-05 2.91132 7 
0.541255 3.39533e-05 -1 0.573679 0.235287 0.00622467 53.0125 30287.8 5 5281.03 1.80182 4.9363 3 6 4315.93 4.33041 3.16051 2 9 9.23515 8.1502e-05 3.64407 7 
0.54748 3.48332e-05 -1 0.575141 0.236386 0.00622467 53.3655 30394.5 5 4349.24 0.876563 5.48436 3 5 3610.89 8.70238 3.33884 2 8 8.57502 5.46959e-05 4.46077 7 
0.553704 3.55847e-05 -1 0.576611 0.237455 0.00622467 53.7568 30478 6 18527 0.611124 5.58401 3 6 10622.7 9.14468 3.24224 2 8 6.93251 4.27846e-05 4.4792 7 
0.559929 3.61669e-05 -1 0.578089 0.238518 0.00622467 54.1787 30543.1 6 11379.7 1.90434 4.25988 3 5 6277.44 7.67046 3.82465 3 9 12.5434 3.39743e-05 4.15514 6 
0.566154 3.6777e-05 -1 0.57957 0.239451 0.00622467 54.5242 30650 6 7891.8 2.13501 3.93214 2 6 5083.46 3.51775 3.3624 2 8 9.41506 5.76626e-05 4.48349 6 
0.572378 3.7488e-05 -1 0.58106 0.240362 0.00622467 54.9493 30711.1 8 6186.54 1.56292 2.81636 2 5 4806.25 5.08031 3.93716 2 12 10.1716 5.52292e-05 2.74643 5 
0.578603 3.82176e-05 -1 0.582556 0.241221 0.00622467 55.3356 30792.7 6 5674.8 1.16432 4.11762 3 4 4652.37 8.75124 4.80177 3 11 9.39886 4.57378e-05 3.04076 5 
0.584828 3.88935e-05 -1 0.584053 0.24198 0.00622467 55.7306 30868.5 6 4397.9 1.69211 3.70797 3 4 3612.9 7.48972 4.68649 3 10 8.2556 7.39023e-05 3.19749 5 
0.591052 3.9389e-05 -1 0.585557 0.242794 0.00622467 56.1869 30909.4 7 8976.05 1.73125 3.39371 3 6 5189.2 4.82591 3.20076 3 12 6.73466 7.08908e-05 2.59903 5 
0.597277 3.98039e-05 -1 0.587069 0.243561 0.00622467 57.1118 30695.7 8 11095 1.18283 3.13708 3 6 6202.36 8.20006 3.01849 3 25 11.0469 9.85239e-05 1.59216 7 
0.603502 4.01483e-05 -1 0.58858 0.244243 0.00622467 57.8402 30592.4 7 8875.74 1.93156 3.33569 3 6 5430.58 9.18144 2.89727 3 18 9.12253 8.05191e-05 1.90893 7 
0.609726 4.03767e-05 -1 0.5901 0.244936 0.00622467 58.4438 30556.8 9 6774.9 1.63171 2.52365 2 6 4993.69 8.31908 2.90441 3 13 9.87323 6.04061e-05 2.51785 7 
0.615951 4.0781e-05 -1 0.591625 0.245559 0.00622467 58.8807 30608.3 7 5897.35 1.68789 3.20766 3 5 4709.89 10.2097 3.41036 3 9 9.272 8.94814e-05 3.60804 7 
0.622176 4.12594e-05 -1 0.593149 0.24615 0.00622467 59.3145 30660.7 6 4542.34 1.71775 3.71866 3 6 3650.36 2.91214 3.28363 3 9 8.16668 2.55188e-05 4.08966 7 
0.6284 4.18234e-05 -1 0.594677 0.246714 0.00622467 59.7053 30734.4 7 6901.99 1.18516 3.45053 2 5 4008.52 4.819 3.83712 3 8 6.7522 7.7488e-05 4.14502 7 
0.634625 4.23462e-05 -1 0.596215 0.247258 0.00622467 60.093 30808.8 7 11326.1 2.18307 3.39403 2 5 6608.42 1.96235 5.07533 2 9 10.4086 4.61087e-05 3.9341 6 
0.64085 4.30212e-05 -1 0.597749 0.247733 0.00622467 60.4474 30899.2 7 9317.44 2.37974 3.26026 2 5 5651 3.03025 4.50951 2 8 9.30353 5.43287e-05 4.51027 6 
0.647074 4.38515e-05 -1 0.599288 0.2482 0.00622467 60.7976 30990.7 7 7048.15 1.48731 3.3504 2 5 5136.78 3.3491 4.33663 2 8 9.90805 7.2835e-05 4.38234 6 
0.653299 4.46473e-05 -1 0.600835 0.248609 0.00622467 61.2049 31052.1 7 6155.48 2.21202 3.10504 2 5 4906.59 3.81895 4.18569 2 8 9.39761 6.19206e-05 4.44271 6 
0.659524 4.5476e-05 -1 0.602377 0.249014 0.00622467 61.7251 31055.9 7 4789.23 2.33205 2.97316 2 4 3850.63 5.37816 5.17278 3 14 8.34832 7.5432e-05 2.29239 6 
0.665748 4.64072e-05 -1 0.60392 0.249332 0.00622467 62.5409 30912.7 7 8385.8 2.06481 3.27735 2 4 4880.66 7.4118 5.06569 3 25 6.92692 7.48648e-05 1.57998 6 
0.671973 4.72748e-05 -1 0.605474 0.249624 0.00622467 63.4458 30730.1 10 12101.4 2.05746 2.38205 3 5 6831.2 4.18848 4.39024 2 25 10.8862 6.0917e-05 1.62213 7 
0.678198 4.77557e-05 -1 0.607025 0.24994 0.00622467 64.1445 30650.8 7 9446.16 2.14187 3.31617 2 5 5812.05 9.03813 3.6446 2 18 8.9797 7.65126e-05 1.91267 7 
0.684422 4.82969e-05 -1 0.608575 0.250151 0.00622467 64.74 30621.9 8 6935.46 2.26612 2.72724 2 5 5166.43 5.27902 3.96394 2 15 10.3003 7.13819e-05 2.20775 7 
0.690647 4.8799e-05 -1 0.610131 0.250411 0.00622467 65.326 30598.1 7 6371.27 1.40135 3.33062 2 5 5172.71 4.35078 4.12126 2 15 9.71324 7.4192e-05 2.19348 7 
0.696872 4.95231e-05 -1 0.611687 0.25057 0.00622467 65.8863 30586.5 6 5135 1.79782 3.76674 2 5 4192.88 4.77941 3.87818 2 15 8.75498 5.57176e-05 2.22033 7 
0.703096 5.03296e-05 -1 0.613243 0.250779 0.00622467 66.4172 30588.7 6 16730.7 2.23463 4.42301 2 6 9718.13 3.32766 3.78072 2 14 7.27429 9.83424e-05 2.22735 7 
0.709321 5.1091e-05 -1 0.6148 0.250896 0.00622467 66.9256 30601.2 6 13490.5 1.53059 4.54494 2 6 7556.29 4.77609 3.41355 2 13 12.748 8.51063e-05 2.501 7 
0.715546 5.2029e-05 -1 0.616357 0.250942 0.00622467 67.4267 30616.7 7 8353.83 2.34184 3.21718 2 5 5315.01 5.36834 3.97313 2 13 9.67944 4.59009e-05 2.56768 7 
0.72177 5.28306e-05 -1 0.617919 0.251054 0.00622467 67.9021 30643.6 5 5762.39 2.19087 4.83056 3 5 4573.37 2.81931 4.3855 2 12 10.632 3.77656e-05 2.84529 7 
0.727995 5.33567e-05 -1 0.619479 0.251103 0.00622467 68.3508 30682.2 6 6118.34 1.09298 4.21376 3 4 5083.81 9.77514 4.77547 3 11 9.78111 5.1228e-05 3.02051 7 
0.73422 5.39855e-05 -1 0.621036 0.251127 0.00622467 68.7914 30723.9 6 5521.94 1.49084 3.93348 3 4 4554.37 6.23166 5.19944 3 10 9.1514 8.31958e-05 3.19256 7 
0.740444 5.44764e-05 -1 0.622595 0.251139 0.00622467 69.32 30725.9 6 24848.9 0.924677 5.47293 3 4 14420.8 6.36563 6.89901 3 12 7.80619 5.60848e-05 2.68307 7 
0.746669 5.49864e-05 -1 0.624155 0.251118 0.00622467 70.3745 30498.3 8 13292.5 1.74784 3.05589 2 5 7459.51 2.23218 5.06753 2 23 12.6452 6.33375e-05 1.69999 7 
0.752894 5.54894e-05 -1 0.625716 0.251049 0.00622467 71.2537 30351.9 8 6591.94 2.39838 2.69083 2 5 3729.8 3.78477 3.96944 2 17 11.1258 5.75107e-05 2.04633 7 
0.759118 5.59384e-05 -1 0.627277 0.250999 0.00622467 71.8587 30324.4 10 5426.92 2.29135 2.17493 2 4 3365.87 4.99466 5.09504 2 11 9.74647 5.59266e-05 2.99554 7 
0.765343 5.64011e-05 -1 0.628833 0.250862 0.00622467 72.3551 30342.8 6 4406.91 2.47512 3.48142 3 5 3612.78 5.30413 3.68676 2 10 8.70055 4.14428e-05 3.40573 7 
0.771568 5.67639e-05 -1 0.630392 0.250797 0.00622467 72.7713 30394.4 8 5686.77 2.26762 2.66019 2 5 4447.95 4.11606 4.0433 2 8 8.74865 8.25624e-05 4.24761 7 
0.777792 5.71361e-05 -1 0.631949 0.250686 0.00622467 73.1446 30463.3 9 23435.9 2.18945 2.80367 3 5 13573.5 6.44987 4.61986 2 7 8.82744 8.35634e-05 5.22021 7 
0.784017 5.74633e-05 -1 0.633507 0.250533 0.00622467 73.5797 30505.8 7 8590.93 2.50295 3.19951 2 5 4854.92 6.05399 3.80915 2 10 10.2397 4.8213e-05 3.40967 6 
0.790242 5.78137e-05 -1 0.635064 0.2504 0.00622467 73.9889 30558.5 7 7634.58 2.29058 3.18613 2 5 4709.29 4.60583 3.9988 2 10 10.4506 3.87062e-05 3.4925 6 
0.796466 5.83075e-05 -1 0.636618 0.250213 0.00622467 74.3723 30621.3 9 6138.01 2.04852 2.43382 3 5 4221.4 6.31533 3.67292 2 9 8.13743 4.20734e-05 3.86711 6 
0.802691 5.87723e-05 -1 0.638172 0.250079 0.00622467 74.7498 30685.8 5 4931.41 2.39622 4.59927 3 5 3556.59 7.96415 3.38828 2 9 7.53409 4.67869e-05 3.78918 6 
0.808916 5.95234e-05 -1 0.639724 0.249848 0.00622467 75.0962 30762.5 6 4341.15 2.53746 3.45834 3 5 2975.15 6.60085 3.39455 2 8 7.20554 8.48797e-05 4.1315 6 
0.81514 6.03667e-05 -1 0.641275 0.24961 0.00622467 75.9378 30637.3 10 20477.6 1.94756 2.52452 4 5 11781.5 3.78827 4.99519 2 24 9.042 7.22666e-05 1.63075 7 
0.821365 6.06688e-05 -1 0.642828 0.249385 0.00622467 76.6394 30570.6 6 10159.3 2.27369 4.05841 3 5 5860.32 3.18581 4.49718 2 20 10.3386 5.71148e-05 1.83183 7 
0.82759 6.09755e-05 -1 0.644374 0.249132 0.00622467 77.242 30544.2 5 8348 1.50217 5.61013 2 5 5671.89 7.40472 3.77436 2 14 9.18656 5.06671e-05 2.37466 7 
0.833814 6.16231e-05 -1 0.645921 0.248852 0.00622467 77.9318 30484.1 5 6731.94 1.91393 5.11968 3 6 5161.03 5.98287 3.08535 2 10 9.45474 3.79158e-05 3.46484 7 
0.840039 6.24322e-05 -1 0.647467 0.24863 0.00622467 78.4243 30501.6 6 5611.28 0.635635 4.54614 3 6 4399.66 4.72115 3.12533 2 9 8.55405 3.01419e-05 4.03542 7 
0.846264 6.28666e-05 -1 0.64901 0.24839 0.00622467 78.8681 30537.7 6 6974.21 1.14467 4.27369 3 6 4087.19 5.28075 3.03009 2 8 7.37804 6.08629e-05 4.31965 7 
0.852488 6.32701e-05 -1 0.650553 0.248086 0.00622467 79.2336 30603.6 6 13815.5 1.18302 4.76317 3 6 7901.92 2.65677 3.79225 3 7 10.3351 8.67797e-05 5.31041 7 
0.858713 6.37523e-05 -1 0.652093 0.247802 0.00622467 79.5814 30675.7 6 9516.95 1.03803 4.5749 3 5 5868.06 7.41308 3.79926 3 7 8.63835 9.72712e-05 5.09238 6 
0.864938 6.43013e-05 -1 0.65363 0.247491 0.00622467 79.98 30727.7 6 6225.19 1.78583 3.8939 3 5 4756.49 4.67234 3.99531 3 9 10.6212 2.97344e-05 4.13991 6 
0.871162 6.49527e-05 -1 0.655167 0.247171 0.00622467 80.4023 30770.1 6 6013.94 0.813728 4.41347 3 4 5018.25 10.2672 4.70192 3 11 9.90146 8.2445e-05 2.89585 5 
0.877387 6.55015e-05 -1 0.6567 0.246841 0.00622467 80.8034 30820.1 6 6115.81 0.614042 4.63848 3 4 5022.69 9.79456 4.7587 3 10 9.24458 6.21833e-05 3.29019 5 
0.883612 6.59363e-05 -1 0.658232 0.246496 0.00622467 81.5543 30737.2 6 25054.3 0.952543 5.45339 3 4 14616.1 8.13693 6.51018 3 21 8.26989 7.0152e-05 1.74381 6 
0.889836 6.62064e-05 -1 0.659763 0.246163 0.00622467 82.4903 30587.1 5 13791 1.26081 6.42376 3 4 7771.52 4.60312 6.41008 3 25 12.5689 6.31119e-05 1.62917 7 
0.896061 6.67706e-05 -1 0.661291 0.245761 0.00622467 83.1545 30539.8 6 7262.48 2.26623 3.8397 2 4 4187.21 7.51175 4.85899 2 16 11.3055 9.55213e-05 2.07527 7 
0.902286 6.76318e-05 -1 0.662816 0.245417 0.00622467 83.6988 30536.9 7 6198.11 2.39474 3.07306 2 4 4002.94 7.31602 4.83644 2 13 9.14383 5.95948e-05 2.50563 7 
0.90851 6.8496e-05 -1 0.664339 0.245069 0.00622467 84.3064 30511.2 6 4871.87 2.55516 3.52138 2 4 3352.27 7.54668 4.59088 2 15 8.76865 5.72026e-05 2.21667 7 
0.914735 6.932e-05 -1 0.665859 0.24472 0.00622467 84.9429 30475.4 5 4986.15 1.91931 4.81864 2 4 3688.31 7.65799 4.68466 2 16 7.78885 6.0665e-05 2.08585 7 
0.92096 6.99365e-05 -1 0.667379 0.244298 0.00622467 85.6005 30432.7 7 20394.2 2.33796 3.65555 2 4 11858.7 8.68842 6.07818 2 16 8.8347 7.54063e-05 2.07395 7 
0.927184 7.0708e-05 -1 0.668895 0.243923 0.00622467 86.2212 30403.6 9 10180.1 1.89748 2.59655 2 5 5810.2 2.29568 4.79354 2 15 9.41097 9.03665e-05 2.16027 7 
0.933409 7.13137e-05 -1 0.670411 0.24349 0.00622467 86.8373 30376.6 6 8437.02 2.09238 3.98956 2 5 5497.91 7.72883 3.71892 2 15 9.03174 9.01407e-05 2.15472 7 
0.939634 7.21682e-05 -1 0.671922 0.243115 0.00622467 87.4192 30361.8 7 7120.82 2.16599 3.17988 2 5 5277.81 8.26205 3.63976 2 14 9.10334 7.27936e-05 2.31249 7 
0.945858 7.32714e-05 -1 0.67343 0.242717 0.00622467 87.967 30359 7 5627.24 1.9151 3.12927 2 5 4320.83 8.00318 3.51934 2 13 9.13809 7.49448e-05 2.46173 7 
0.952083 7.43773e-05 -1 0.674936 0.242299 0.00622467 88.4876 30365.6 7 5073.16 2.14846 3.03304 2 5 3497.05 8.16339 3.36021 2 12 7.35608 6.32476e-05 2.64322 7 
0.958308 7.54326e-05 -1 0.67644 0.241947 0.00622467 89.3827 30244.8 10 14175.7 2.38904 2.38414 2 5 8326.71 8.07487 4.0056 2 24 9.62175 6.79031e-05 1.63923 7 
0.964532 7.6109e-05 -1 0.677942 0.241529 0.00622467 90.1248 30177.5 8 10476.5 2.36099 2.85687 2 5 6341.21 6.98962 3.9043 2 19 10.5393 6.03952e-05 1.88749 7 
0.970757 7.6551e-05 -1 0.679445 0.241134 0.00622467 90.6387 30187.2 7 6455.79 2.24908 3.11883 2 5 4808.7 5.38431 3.89206 2 13 10.598 4.40862e-05 2.59368 7 
0.976982 7.71749e-05 -1 0.68094 0.240756 0.00622467 91.0938 30216.2 7 6141.12 0.937754 3.50886 2 5 5105.63 4.57452 4.0695 2 10 9.89655 6.79641e-05 3.28337 7 
0.983207 7.77209e-05 -1 0.682434 0.240355 0.00622467 91.4771 30268.8 6 6086.12 1.83156 3.86296 2 5 5021.95 4.89274 4.00188 2 9 9.30888 3.28855e-05 4.03428 7 
0.989431 7.84768e-05 -1 0.683924 0.239914 0.00622467 91.8334 30329.7 7 24114.8 1.09701 4.17154 2 6 14098.5 4.54812 3.81848 2 8 8.36412 5.61806e-05 4.43205 7 
0.995656 7.91054e-05 -1 0.685414 0.239539 0.00622467 92.2456 30371.8 6 14298.5 1.2706 4.73384 2 6 8069.96 5.40596 3.38065 2 11 12.6034 6.73399e-05 3.01503 6 
1.00188 7.97474e-05 -1 0.686901 0.239109 0.00622467 92.6676 30410.3 7 7563.93 1.08017 3.5426 2 5 4372.46 4.79471 3.90834 2 10 11.1545 9.62313e-05 3.20932 6 
1.00811 8.03005e-05 -1 0.688387 0.238735 0.00622467 93.0551 30459.7 6 6361.44 1.4326 4.0542 3 5 4126.46 2.68819 4.33734 2 10 11.9697 5.29068e-05 3.43129 6 
1.01433 8.09863e-05 -1 0.689868 0.238356 0.00622467 93.4879 30494 5 5199.48 2.03258 4.80377 3 4 3588.47 7.26633 4.7141 3 11 9.95809 5.30391e-05 3.0159 6 
1.02055 8.15475e-05 -1 0.691349 0.237966 0.00622467 93.9013 30534.2 5 4124.33 0.840014 5.47285 3 4 3027.79 8.6965 4.31962 2 10 12.3364 6.21834e-05 3.3865 6 
1.02678 8.20752e-05 -1 0.692823 0.237636 0.00622467 94.6483 30466.3 5 20602 2.45513 6.0921 2 5 11992.4 6.50177 4.49961 2 21 8.72934 6.56455e-05 1.75384 7 
1.033 8.28877e-05 -1 0.694297 0.23722 0.00622467 95.3965 30399.1 6 10468.4 2.4454 4.02953 2 5 5975.25 6.74079 3.88624 2 21 9.4931 6.12368e-05 1.7667 7 
1.03923 8.38663e-05 -1 0.695769 0.236724 0.00622467 95.9696 30388.3 7 8823.57 2.09346 3.29477 2 5 5773.18 4.84535 4.12304 2 14 8.74053 8.63537e-05 2.27781 7 
1.04545 8.47362e-05 -1 0.69724 0.236352 0.00622467 96.4092 30419.7 6 7116.18 2.32026 3.8117 2 4 5364.82 8.77254 4.97287 2 10 10.3376 5.36351e-05 3.37673 7 
1.05168 8.57014e-05 -1 0.698705 0.235977 0.00622467 96.7858 30470.6 6 6080.87 2.11151 3.77192 2 4 4755.48 7.005 5.10442 2 9 12.464 3.92259e-05 4.08642 7 
1.0579 8.66745e-05 -1 0.700171 0.235535 0.00622467 97.171 30518.4 7 5344.88 2.19675 3.04605 2 4 3708.36 9.15653 4.48603 2 8 12.1248 6.27773e-05 4.57861 7 
1.06413 8.75865e-05 -1 0.701632 0.235118 0.00622467 97.5288 30574.4 7 13971 2.41528 3.44719 2 5 8043.7 4.16914 4.54027 2 8 13.0879 2.77069e-05 5.12018 7 
1.07035 8.80991e-05 -1 0.703092 0.23466 0.00622467 97.8739 30634 6 9741.17 2.35828 4.00562 2 5 5945.29 4.71924 4.16927 2 8 8.64355 4.76722e-05 4.54259 6 
1.07658 8.82563e-05 -1 0.704549 0.234269 0.00622467 98.2299 30689.8 9 5649.38 2.45135 2.36386 2 5 4109.98 7.82394 3.50012 2 8 10.599 7.63681e-05 4.39333 6 
1.0828 8.84748e-05 -1 0.706004 0.233912 0.00622467 98.6037 30739.6 7 5114.89 2.23274 3.01995 2 5 4355.05 7.81741 3.54149 2 11 9.58362 4.80888e-05 3.0323 5 
1.08903 8.86528e-05 -1 0.707454 0.233519 0.00622467 98.9889 30785.5 7 6093.57 2.48948 3.04866 2 5 4978.9 4.65537 4.03493 2 10 10.5888 8.86745e-05 3.21888 5 
1.09525 8.88603e-05 -1 0.708905 0.233186 0.00622467 99.746 30716.1 9 25621.7 2.57652 2.78083 3 5 15000.7 6.24446 4.74377 2 23 12.8925 6.95446e-05 1.69452 6 
1.10148 8.9182e-05 -1 0.710352 0.232838 0.00622467 100.642 30605.3 9 13087.7 1.98953 2.65604 3 5 7366.02 4.4742 4.39849 2 25 12.2982 6.93899e-05 1.62159 7 
1.1077 8.94628e-05 -1 0.711799 0.232443 0.00622467 101.291 30571.1 8 7973.68 2.04171 2.81163 2 5 4707.48 4.92875 3.94467 2 16 14.6232 7.81791e-05 2.13549 7 
1.11392 8.96405e-05 -1 0.713242 0.23208 0.00622467 101.713 30605.3 7 6864.8 1.06591 3.50049 2 5 4625.17 8.7472 3.50471 2 10 15.959 8.15019e-05 3.38208 7 
1.12015 8.97535e-05 -1 0.714684 0.231682 0.00622467 102.12 30643.7 8 5450.36 2.19207 2.65733 3 6 3870.93 8.375 2.7806 2 9 10.9927 7.89064e-05 3.72868 7 
1.12637 8.99421e-05 -1 0.71612 0.231324 0.00622467 102.522 30683.4 8 4323.35 2.1014 2.59516 2 5 3220.67 10.0903 3.16817 2 9 7.34479 3.67794e-05 3.88088 7 
1.1326 9.01861e-05 -1 0.717556 0.231035 0.00622467 102.937 30718.9 8 20776.4 1.06108 3.43936 2 7 12071 3.17671 3.24635 2 10 10.1696 5.84466e-05 3.34237 7 
1.13882 9.06141e-05 -1 0.71899 0.230628 0.00622467 103.497 30710.9 7 11227.7 1.9925 3.43433 2 6 6487.61 6.43932 3.16622 2 14 12.6994 5.20699e-05 2.42549 7 
1.14505 9.12576e-05 -1 0.720423 0.230302 0.00622467 104.122 30684.1 7 8531.44 1.6687 3.38693 2 5 5727.27 9.56622 3.59287 2 16 12.3468 7.11008e-05 2.12559 7 
1.15127 9.20354e-05 -1 0.721852 0.22994 0.00622467 104.75 30656.5 6 7220.17 1.28609 4.2158 3 4 5626.74 8.62033 5.05456 3 17 9.74974 6.54059e-05 2.01519 7 
1.1575 9.23041e-05 -1 0.723282 0.229659 0.00622467 105.374 30630.3 5 6174.86 1.48513 5.29386 3 4 4999.86 6.41203 5.28434 3 17 13.4323 7.83779e-05 2.03179 7 
1.16372 9.27638e-05 -1 0.724705 0.229268 0.00622467 106.146 30562.1 6 7375.91 1.51878 4.11516 2 4 4351.38 5.0919 5.40675 3 17 17.9192 8.75082e-05 2.05318 7 
1.16995 9.32327e-05 -1 0.72613 0.228972 0.00622467 106.997 30472 7 15083.9 1.536 3.71794 2 4 8702.36 4.33247 6.69461 3 24 14.554 6.30909e-05 1.67286 7 
1.17617 9.37178e-05 -1 0.727552 0.228619 0.00622467 107.647 30440.3 6 7915.49 2.50832 3.82986 2 4 4943.56 9.12428 4.82459 2 18 9.12415 9.79266e-05 1.8883 7 
1.1824 9.44661e-05 -1 0.728972 0.22833 0.00622467 108.201 30435.8 6 6006.74 1.64607 3.92372 2 5 3570.25 6.65488 3.51489 2 14 11.712 6.98329e-05 2.36148 7 
1.18862 9.52246e-05 -1 0.730388 0.228018 0.00622467 108.759 30430.2 7 5007.73 1.53188 3.17731 2 5 3244.5 4.31604 3.76021 2 13 10.2349 8.97279e-05 2.44913 7 
1.19485 9.59466e-05 -1 0.731805 0.227737 0.00622467 109.278 30435.6 6 5217.3 1.14725 4.07035 2 5 4161.37 3.07108 4.23047 2 13 8.3466 4.39079e-05 2.54727 7 
1.20107 9.65663e-05 -1 0.733216 0.227475 0.00622467 109.734 30458.6 6 26982.7 2.11051 4.83559 2 5 15819.5 5.14703 4.98341 2 12 13.8894 4.58142e-05 2.8629 7 
1.20729 9.71323e-05 -1 0.734629 0.227092 0.00622467 110.187 30482.1 6 9574.56 2.17934 4.04699 2 5 5302.85 4.75718 4.06848 2 11 13.6358 5.01903e-05 3.11893 7 
1.21352 9.75754e-05 -1 0.736039 0.226817 0.00622467 110.706 30487.1 6 8643.51 2.05983 4.01615 2 5 5262.29 6.16496 3.85699 2 15 18.5311 5.16298e-05 2.34603 6 
1.21974 9.82849e-05 -1 0.737451 0.226585 0.00622467 111.209 30496.4 7 7104.61 1.25023 3.43846 2 5 5009.75 3.5454 4.26609 2 15 17.8443 5.68136e-05 2.32525 6 
1.22597 9.89196e-05 -1 0.738856 0.226301 0.00622467 111.693 30511 7 5931.85 1.08134 3.42118 2 5 4406.26 4.26825 4.00649 2 13 10.1191 8.82448e-05 2.45013 6 
1.23219 9.94603e-05 -1 0.740261 0.226019 0.00622467 112.144 30534.4 6 4552.53 2.22227 3.56377 2 5 3496.71 4.4603 3.79192 2 12 9.61369 8.9099e-05 2.62675 6 
1.23842 0.000100096 -1 0.741663 0.225768 0.00622467 113.043 30436.6 9 20670.2 2.21311 2.76153 3 5 12012.8 5.18782 4.70903 2 25 8.90861 9.50009e-05 1.58082 7 
1.24464 0.000100519 -1 0.743066 0.22551 0.00622467 113.807 30376.3 5 11340.2 2.51414 5.38079 3 5 6640.06 3.47239 4.5322 2 20 10.0536 6.52525e-05 1.81713 7 
1.25087 0.000100798 -1 0.744464 0.22538 0.00622467 114.316 30384.3 5 7829.6 2.48553 5.008 2 5 5466.47 3.4608 4.36221 2 13 11.4471 9.93656e-05 2.451 7 
1.25709 0.000101552 -1 0.745865 0.224959 0.00622467 114.722 30419.7 6 6347.32 2.48314 3.6977 2 5 5163.22 3.89272 4.21244 2 10 14.4019 9.07261e-05 3.31184 7 
1.26332 0.000102277 -1 0.747261 0.224725 0.00622467 115.187 30438.9 6 6358.7 2.10193 3.80299 2 5 5263.48 4.65315 4.08042 2 13 16.9199 4.82674e-05 2.67005 6 
1.26954 0.000102995 -1 0.748657 0.224497 0.00622467 115.572 30479.5 7 11876.1 2.14074 3.42668 2 5 7001.69 7.19782 3.95914 2 11 20.3674 6.10357e-05 3.17777 6 
1.27577 0.000103686 -1 0.75005 0.224268 0.00622467 116.049 30495.2 6 16225.7 2.01998 4.47517 2 6 9341.13 3.46138 3.73129 2 17 25.0901 8.56401e-05 2.0969 5 
1.28199 0.000104482 -1 0.751446 0.224072 0.00622467 116.529 30510.2 6 7333.48 1.84261 3.98088 2 5 4186.09 3.89241 4.03941 2 17 11.8694 7.75347e-05 2.01835 5 
1.28822 0.000105271 -1 0.752837 0.22389 0.00622467 116.983 30532 6 6523.35 1.25176 4.16382 3 5 4098.9 2.86385 4.27704 2 15 9.61192 5.97643e-05 2.22378 5 
1.29444 0.000105685 -1 0.754228 0.223727 0.00622467 117.43 30555.3 6 5257.6 0.698829 4.42659 3 4 3534.03 9.99631 4.33618 3 15 8.94255 6.42644e-05 2.20242 5 
1.30066 0.000106053 -1 0.755614 0.223485 0.00622467 117.929 30564.9 6 4234.43 1.51465 3.7533 2 4 2983.82 4.18561 5.16718 3 17 11.1578 9.47844e-05 1.9874 5 
1.30689 0.000106609 -1 0.757003 0.223296 0.00622467 119.3 30350.9 9 24486.3 1.57526 2.92234 3 4 14350.9 5.11151 7.27917 3 48 14.117 8.12914e-05 1.28576 6 
1.31311 0.00010701 -1 0.758388 0.223097 0.00622467 120.184 30264.1 7 10196.9 2.57086 3.2663 2 5 5821.35 3.01226 4.54178 2 23 17.4817 9.41018e-05 1.69467 7 
1.31934 0.000107475 -1 0.759775 0.222925 0.00622467 120.865 30229.1 9 8836.98 1.83298 2.56589 3 4 5543.87 8.34046 5.07757 2 15 20.0712 7.84705e-05 2.29364 7 
1.32556 0.000107834 -1 0.761158 0.222756 0.00622467 121.372 30237.7 6 7465.79 2.00326 3.93752 3 5 5476.92 3.21921 4.42749 2 10 14.521 7.45489e-05 3.3803 7 
1.33179 0.00010831 -1 0.762544 0.222626 0.00622467 121.913 30237.9 5 6083.95 2.40488 4.79312 2 5 4726.13 2.48407 4.5276 2 13 23.1777 5.82999e-05 2.69602 6 
1.33801 0.000108939 -1 0.763924 0.222427 0.00622467 123.298 30031.1 10 4940.68 1.91221 2.19394 3 4 3911.06 8.28144 4.66173 2 21 38.3957 7.42801e-05 1.87097 5 
1.34424 0.000109319 -1 0.765306 0.222282 0.00622467 123.957 30003.7 8 17685.1 2.38323 3.04653 2 5 10274.2 4.74414 4.64642 2 18 16.7842 7.91108e-05 1.97663 5 
1.35046 0.000109709 -1 0.766686 0.222147 0.00622467 124.438 30019.3 7 11174.4 2.29608 3.36317 2 5 6663.13 4.26288 4.35306 2 14 9.98762 5.91319e-05 2.36267 5 
1.35669 0.000110235 -1 0.768068 0.221982 0.00622467 124.991 30017.6 8 6125.72 2.28803 2.68202 3 5 4499.44 5.72963 3.79321 2 12 12.5657 9.66942e-05 2.66777 5 
1.36291 0.000110698 -1 0.769445 0.221854 0.00622467 125.657 29988.8 6 5230.44 2.50549 3.57498 2 5 4429.95 4.81578 3.91513 2 12 16.7289 7.25083e-05 2.79849 5 
1.36914 0.000111168 -1 0.770823 0.221705 0.00622467 126.093 30015.2 8 6144.32 2.38254 2.66949 3 5 4881.77 4.33352 4.07706 2 13 18.9121 4.76294e-05 2.69576 5 
1.37536 0.000111708 -1 0.772197 0.221613 0.00622467 126.592 30026.2 8 19347.6 2.24521 3.104 3 5 11429.4 4.29707 4.84139 2 17 15.223 5.57387e-05 2.08826 5 
1.38159 0.000112093 -1 0.773576 0.221611 0.00622467 127.408 29962.5 5 15582 2.22073 5.87795 2 5 8905.01 3.49253 4.80064 2 28 20.7628 7.29215e-05 1.56603 7 
1.38781 0.000112779 -1 0.774951 0.221394 0.00622467 127.893 29977.2 6 7892.92 2.54548 3.81866 2 5 4585.88 9.12708 3.46911 2 17 18.9383 7.59615e-05 2.07709 7 
1.39403 0.000113563 -1 0.776328 0.221249 0.00622467 128.306 30008.2 6 6790.92 2.54958 3.72314 2 6 4467.24 3.60896 3.27675 2 17 28.4008 9.19289e-05 2.10346 6 
1.40026 0.000114175 -1 0.777701 0.221145 0.00622467 128.951 29985.1 5 5650.33 2.44624 4.70668 3 6 3948.85 3.33595 3.25243 2 29 48.5524 6.36756e-05 1.59528 6 
1.40648 0.000114712 -1 0.779077 0.221209 0.00622467 129.537 29976.1 6 4384.56 0.517264 4.51546 3 6 3200.36 2.49373 3.29654 2 24 40.0472 9.98898e-05 1.71183 7 
1.41271 0.000114831 -1 0.780448 0.22118 0.00622467 130.101 29972 7 22422.8 1.63937 3.89816 3 7 13167.8 4.21017 3.1573 2 19 14.9486 5.95615e-05 1.92394 7 
1.41893 0.000114783 -1 0.781823 0.221141 0.00622467 130.615 29979.6 6 10715.5 2.41718 4.05306 3 5 6157.19 8.92635 3.69608 3 19 13.988 7.38562e-05 1.89564 7 
1.42516 0.000114639 -1 0.783193 0.221083 0.00622467 131.279 29952.7 6 9027.89 2.49065 3.91933 3 6 5818.1 8.9127 2.94529 2 20 16.4509 5.29992e-05 1.8819 7 
1.43138 0.0001144 -1 0.784568 0.22104 0.00622467 131.958 29922.8 7 7182.96 2.01541 3.21677 3 5 5455.12 6.75883 3.81405 3 18 12.7921 9.08329e-05 1.93214 7 
1.43761 0.000114028 -1 0.785939 0.220959 0.00622467 132.501 29923.9 8 7025.25 1.88302 2.79561 3 5 5142.03 6.63134 3.78361 3 18 16.9671 5.63502e-05 2.01545 7 
1.44383 0.000113444 -1 0.78731 0.220914 0.00622467 133.101 29911.9 8 5056.79 1.98135 2.66603 3 5 4085.75 7.70347 3.50685 3 17 22.2496 5.05547e-05 2.1477 7 
1.45006 0.00011279 -1 0.788679 0.22084 0.00622467 133.892 29857.5 9 15377.8 2.21749 2.67166 2 4 9099.08 9.33871 5.58699 3 24 28.6235 9.36357e-05 1.6926 7 
1.45628 0.000112071 -1 0.790052 0.220787 0.00622467 134.566 29829.7 6 10025.7 1.55876 4.31244 2 5 6048.89 4.46094 4.23107 2 19 29.9777 9.87652e-05 1.94329 7 
1.46251 0.000112076 -1 0.791423 0.220758 0.00622467 135.511 29742.7 6 5924.75 1.09686 4.18877 2 5 3573.14 4.77028 3.75752 2 24 48.4675 9.85773e-05 1.72645 6 
1.46873 0.000112737 -1 0.792797 0.220749 0.00622467 136.543 29637.9 6 4945.47 0.943626 4.16775 2 4 3477.35 10.2126 4.29564 2 23 45.3593 8.24218e-05 1.77661 6 
1.47496 0.000113486 -1 0.794165 0.220723 0.00622467 137.432 29565.5 6 6408.44 0.962532 4.33733 2 5 6199.61 3.57794 4.44372 2 20 20.3803 9.61008e-05 1.84639 6 
1.48118 0.000114066 -1 0.795536 0.220704 0.00622467 138.427 29471.2 6 21724.5 2.13214 4.6561 2 4 12859.9 9.99855 5.9886 2 18 13.5358 9.89193e-05 1.92906 6 
1.4874 0.000114918 -1 0.796905 0.220742 0.00622467 139.19 29427.3 7 14636.8 2.31046 3.49226 2 5 8356.11 2.37627 5.11943 2 17 14.7939 9.94791e-05 2.01491 6 
1.49363 0.000115707 -1 0.798279 0.220663 0.00622467 140.058 29362 7 8160.78 2.08395 3.26034 2 5 4806.7 7.15212 3.67691 2 16 18.8601 6.22776e-05 2.20078 6 
1.49985 0.00011632 -1 0.799647 0.220683 0.00622467 140.635 29358.1 8 7140.97 1.66745 2.84422 2 5 4857.92 10.1192 3.43765 2 15 22.733 5.51287e-05 2.36784 6 
1.50608 0.000117039 -1 0.80102 0.220715 0.00622467 141.179 29360.9 7 8253.96 2.37638 3.20495 2 6 4172.05 2.86905 3.36591 2 15 29.086 6.88875e-05 2.37157 6 
1.5123 0.000117927 -1 0.802388 0.220717 0.00622467 141.682 29372.3 7 6625.86 2.42611 3.09674 2 5 3467.1 10.0124 3.22022 2 14 34.3104 6.22464e-05 2.57095 6 
1.51853 0.000119064 -1 0.80376 0.220778 0.00622467 143.315 29152 11 20773 2.20578 2.29756 2 5 12226.9 10.2544 4.12364 2 61 36.8498 8.82936e-05 1.23634 6 
1.52475 0.000119587 -1 0.805131 0.220807 0.00622467 144.03 29121.1 8 11248.9 2.21617 2.90528 2 5 6521.54 9.33474 3.70552 2 23 29.4536 8.05918e-05 1.74527 7 
1.53098 0.00011987 -1 0.806505 0.220855 0.00622467 144.522 29135.3 7 8640.5 2.46202 3.2097 2 5 5687.01 5.84534 3.95927 2 15 15.5011 4.68329e-05 2.33339 7 
1.5372 0.000120362 -1 0.807875 0.22089 0.00622467 144.918 29168.6 7 7090.23 2.03857 3.20557 2 5 5507.18 4.52925 4.13981 2 11 15.4868 3.38546e-05 3.27022 7 
1.54343 0.000121035 -1 0.809249 0.22096 0.00622467 145.261 29212.6 7 6246.35 1.61284 3.25519 2 5 5121.73 4.51338 4.08303 2 9 15.4161 6.14391e-05 3.98059 7 
1.54965 0.000121775 -1 0.810619 0.221017 0.00622467 145.604 29256.4 6 5361 1.48193 3.91805 2 5 4389.18 3.36184 4.19915 2 9 18.0778 3.03802e-05 4.38144 7 
1.55588 0.000122221 -1 0.811995 0.221066 0.00622467 145.93 29303.3 8 13862.6 2.17665 2.98887 2 6 8245.32 2.89968 3.76394 2 8 23.2201 6.16637e-05 4.97713 7 
1.5621 0.000122453 -1 0.813367 0.221154 0.00622467 146.289 29343.3 6 9171.97 1.40766 4.32176 2 5 5611.6 5.84747 3.94842 2 11 28.4369 3.90446e-05 3.41144 6 
1.56833 0.000122909 -1 0.814743 0.221245 0.00622467 146.685 29375.8 7 6069.46 1.19087 3.38542 2 5 4326.65 3.43109 4.17008 2 12 27.6174 4.82982e-05 3.01836 6 
1.57455 0.000123087 -1 0.816115 0.221296 0.00622467 147.079 29408.4 6 5912.59 2.1163 3.7529 3 4 3637.72 8.46656 4.55282 3 12 26.7976 3.69847e-05 3.0785 6 
1.58077 0.0001232 -1 0.817492 0.221406 0.00622467 147.535 29428.7 6 10365.1 1.91424 4.19047 2 4 3731.92 5.8122 5.03382 3 17 43.9448 8.93661e-05 2.16176 5 
1.587 0.000123469 -1 0.818865 0.221482 0.00622467 148.517 29344.4 7 23531.9 2.44806 3.70661 2 4 13941.1 5.63231 7.05346 3 43 59.4463 9.64368e-05 1.36348 5 
1.59322 0.00012379 -1 0.820244 0.221632 0.00622467 149.345 29291.4 7 13367.5 2.06731 3.5025 2 5 7599.09 2.79835 4.86152 2 28 75.0379 8.88174e-05 1.62806 7 
1.59945 0.000124459 -1 0.821619 0.221713 0.00622467 150.333 29207.9 8 8484.35 2.18556 2.80952 2 5 5045.14 5.61908 3.8962 2 38 49.9558 7.82528e-05 1.42156 6 
1.60567 0.000125018 -1 0.822999 0.221822 0.00622467 150.84 29218.3 8 8254.02 2.02175 2.82727 2 5 7492.99 3.65705 4.5952 2 17 21.6573 8.50665e-05 2.07965 6 
1.6119 0.000125407 -1 0.824375 0.221957 0.00622467 151.272 29243.2 6 7168.92 1.83482 3.96866 2 5 5386.58 3.33203 4.38249 2 14 22.9594 8.04284e-05 2.45291 6 
1.61812 0.000125973 -1 0.825756 0.222056 0.00622467 151.692 29270.3 8 6896.75 2.18715 2.73745 2 5 7306.29 3.09423 4.72747 2 13 24.3595 4.52343e-05 2.7597 6 
1.62435 0.000126542 -1 0.827133 0.222166 0.00622467 152.071 29305 10 20183.4 2.22765 2.48722 2 5 11915.2 4.31705 4.87734 2 11 24.8536 8.16512e-05 3.15133 6 
1.63057 0.000126953 -1 0.828515 0.222314 0.00622467 152.485 29332.8 9 11239.5 2.25065 2.57595 2 5 6538.47 3.67296 4.46778 2 14 30.9792 6.69289e-05 2.53907 5 
1.6368 0.00012772 -1 0.829894 0.222411 0.00622467 152.896 29361.3 7 8609.65 2.10865 3.27985 2 5 5743.74 3.52586 4.38921 2 15 39.0248 8.04875e-05 2.39354 5 
1.64302 0.000128295 -1 0.831278 0.222528 0.00622467 153.345 29382.2 8 6900.02 1.9637 2.77474 2 5 5253.73 5.30508 3.97333 2 16 39.7676 7.57312e-05 2.2778 5 
1.64925 0.000128831 -1 0.832658 0.222662 0.00622467 154.01 29361.7 8 6415.59 2.10155 2.72638 2 5 6457.82 4.57103 4.26594 2 32 66.0666 9.83933e-05 1.52088 4 
1.65547 0.000129459 -1 0.834044 0.222834 0.00622467 154.636 29348.7 9 10705 2.41778 2.54173 2 5 5208.81 2.75152 4.52307 2 30 88.1357 9.07207e-05 1.58337 4 
1.6617 0.000130496 -1 0.835426 0.222939 0.00622467 155.581 29275.8 12 14320.5 1.95495 2.09927 3 5 8384.52 6.12794 4.2387 2 32 106.21 7.67758e-05 1.55562 7 
1.66792 0.000130758 -1 0.836814 0.223078 0.00622467 156.236 29258 7 9181.7 1.9915 3.33727 3 5 5265.68 4.48518 4.11088 2 21 85.6604 5.86439e-05 1.96585 7 
1.67415 0.000130869 -1 0.838198 0.223244 0.00622467 156.86 29246 9 8493.12 2.45811 2.47265 2 5 7340.09 4.07198 4.47898 2 21 48.5363 9.98551e-05 1.8655 6 
1.68037 0.000131291 -1 0.839588 0.223377 0.00622467 157.823 29171.4 7 11033.4 1.48278 3.57347 2 5 9824.83 8.98118 4.0532 2 42 37.4524 9.26768e-05 1.35984 5 
1.68659 0.000131765 -1 0.840974 0.223533 0.00622467 158.58 29135.4 6 10395.7 2.08434 4.13346 2 6 7737.82 3.72952 3.57131 2 32 41.4296 6.96181e-05 1.51515 5 
1.69282 0.000132666 -1 0.842365 0.223703 0.00622467 159.106 29142.1 7 23036.4 2.42461 3.70044 2 7 13674.2 4.13111 3.18298 2 20 37.5711 9.8555e-05 1.90134 5 
1.69904 0.000133724 -1 0.843754 0.22385 0.00622467 159.832 29112.2 7 13351.8 1.7203 3.59505 2 6 8547.67 10.0648 3.07733 2 35 48.3348 7.43775e-05 1.46582 4 
1.70527 0.000134579 -1 0.845147 0.224015 0.00622467 160.296 29130.1 6 13080.4 1.85119 4.38054 2 6 7655.72 3.71202 3.56776 2 18 60.2261 4.68623e-05 2.18467 5 
1.71149 0.000135197 -1 0.846537 0.22417 0.00622467 160.857 29130.4 6 7318.73 0.798437 4.57473 3 5 7198.96 3.94483 4.49002 2 20 56.4647 8.21582e-05 1.9582 6 
1.71772 0.000135689 -1 0.847932 0.224333 0.00622467 161.746 29071.6 5 5931.9 1.50395 5.23832 3 4 4844.05 9.324 4.77421 3 33 68.1229 8.92884e-05 1.5075 6 
1.72394 0.000136132 -1 0.849323 0.224498 0.00622467 162.497 29038.1 6 9238.83 1.72621 4.18235 2 4 8090.24 4.95483 6.35672 3 26 61.6481 5.50449e-05 1.70868 7 
1.73017 0.00013638 -1 0.850721 0.224648 0.00622467 163.177 29017.5 9 20199.8 2.35089 2.73605 2 4 11949.5 5.56564 6.80705 3 21 73.1731 5.80922e-05 1.95203 7 
1.73639 0.000137185 -1 0.852116 0.224826 0.00622467 163.904 28988.7 9 23149.6 2.4467 2.7655 2 4 7776.74 8.98358 5.42422 2 22 65.5177 5.95225e-05 1.88201 7 
1.74262 0.000137089 -1 0.853517 0.225023 0.00622467 164.596 28966.3 6 8916.31 1.96918 4.0674 2 4 6741.43 10.042 5.09018 2 22 74.2858 6.99384e-05 1.87896 7 
1.74884 0.000137688 -1 0.854913 0.225194 0.00622467 165.292 28943.4 8 10993.3 2.18696 2.90175 2 4 6254.24 7.42644 5.38702 2 22 75.1624 7.06541e-05 1.87909 7 
1.75507 0.000138309 -1 0.856314 0.225387 0.00622467 165.981 28922.1 7 8876.12 2.06075 3.305 2 5 7391.78 2.69938 4.86964 2 22 90.5799 6.16263e-05 1.90691 7 
1.76129 0.00013899 -1 0.857712 0.22556 0.00622467 166.649 28904.4 7 9394.23 1.90508 3.36949 2 5 9012.71 1.94342 5.41076 2 21 90.8262 7.07244e-05 1.95383 7 
1.76752 0.000139701 -1 0.859117 0.225741 0.00622467 167.309 28888.3 7 13953.9 1.99423 3.54221 2 4 8333.63 7.4819 5.77704 2 21 110.285 6.44134e-05 1.98078 7 
1.77356 0.000140372 -1 0.860478 0.225908 0.00604159 167.915 28881.7 6 9838.04 2.52769 3.9661 2 5 9079.32 7.42469 4.14453 2 19 122.524 6.42148e-05 2.14071 7 
1.77963 0.000141165 -1 0.861851 0.226086 0.0060715 168.547 28870.6 6 12916.2 2.63658 4.12112 2 5 11996.1 6.83652 4.45493 2 19 131.097 5.02935e-05 2.17615 7 
1.7857 0.000142004 -1 0.863219 0.226223 0.0060715 169.131 28867.8 7 8743.8 1.63209 3.40964 2 5 7024.66 8.83951 3.80224 2 18 140.607 6.20668e-05 2.25457 7 
1.7918 0.000142691 -1 0.864599 0.226318 0.00610201 169.737 28861.2 6 17691.4 2.38229 4.41701 2 5 9719.56 9.43447 4.00485 2 17 172.655 7.50169e-05 2.36721 7 
1.7979 0.000143462 -1 0.865975 0.22653 0.00610201 170.655 28802 8 12928.8 2.24571 2.95138 2 5 9392.82 7.33844 4.18252 2 32 215.574 8.01308e-05 1.58829 6 
1.80401 0.0001442 -1 0.867358 0.226685 0.00610201 171.481 28758.7 9 15472 2.58432 2.62838 2 5 8943.41 6.22242 4.28064 2 27 181.718 9.68886e-05 1.70741 7 
1.81014 0.000144594 -1 0.868745 0.22683 0.0061333 172.047 28759.5 7 12975.7 2.36872 3.42049 2 5 12411.6 6.81841 4.48775 2 17 154.602 9.59205e-05 2.31812 7 
1.81627 0.000145127 -1 0.870139 0.226953 0.0061333 172.557 28769.3 7 22628.7 2.51027 3.67275 2 5 20111.6 7.54995 4.84285 2 15 177.792 4.21915e-05 2.76469 7 
1.82241 0.000145749 -1 0.871527 0.227119 0.0061333 173.047 28782.5 9 24892.8 2.06717 2.8406 2 6 17560.8 8.24034 3.58729 2 14 185.758 6.71825e-05 2.88483 7 
1.82854 0.000146233 -1 0.87292 0.227269 0.0061333 173.693 28769.9 8 13885.8 1.95128 3.03062 2 6 12739 7.79045 3.43238 2 22 198.62 6.58072e-05 1.97031 6 
1.83467 0.000146697 -1 0.874308 0.227414 0.0061333 174.301 28763.4 7 25769.8 1.46274 4.04169 2 6 15242.1 8.10052 3.51362 2 21 209.792 6.76273e-05 2.03764 6 
1.84065 0.000147153 -1 0.875668 0.227573 0.00597604 174.867 28764.2 7 14562.6 2.15087 3.52559 2 6 10656.9 5.01409 3.58569 2 19 229.463 7.58266e-05 2.19331 6 
1.8462 0.00014727 -1 0.876928 0.227776 0.00554714 175.383 28772.8 6 13136.5 2.67227 4.1235 2 6 13508 6.46994 3.57505 2 17 211.221 5.1048e-05 2.45031 6 
1.85151 0.000147507 -1 0.878141 0.227934 0.00531707 175.847 28790.1 6 14276 2.81149 4.14583 2 5 16177.9 3.81504 5.31477 2 15 150.326 5.19944e-05 2.69612 6 
1.85612 0.000147808 -1 0.879191 0.228058 0.0046124 176.247 28817.7 6 12889.5 4.5912 3.75594 2 5 11323.5 13.6841 3.83312 2 12 77.8454 4.34355e-05 3.31983 6 
1.86058 0.000148084 -1 0.880207 0.228181 0.00445088 176.621 28849.5 6 14283 3.84314 3.9357 2 5 17759.5 8.27622 4.63788 2 11 77.0486 5.63821e-05 3.6123 6 
1.86515 0.000148565 -1 0.881249 0.228228 0.004576 177.019 28877.1 5 13511.6 3.53514 5.20547 2 5 17759.5 5.37504 5.05603 2 12 86.3181 3.73979e-05 3.39056 6 
1.86984 0.000149036 -1 0.882318 0.2283 0.00468946 177.47 28896.1 6 20162.1 3.48905 4.23615 2 5 14240.4 5.26197 4.8582 2 14 111.36 4.71904e-05 2.85237 6 
1.87461 0.000149234 -1 0.883404 0.228393 0.0047686 178.245 28862.4 7 11352.8 3.12651 3.22536 2 5 11498.5 4.33394 4.83896 2 28 135.986 8.5295e-05 1.66541 6 
1.87948 0.000149539 -1 0.884518 0.22847 0.00487182 178.922 28844.7 6 10193.7 3.82126 3.72409 2 5 9997.8 5.16311 4.54358 2 24 167.782 6.4967e-05 1.84999 6 
1.8844 0.000149852 -1 0.885638 0.228565 0.00491455 179.414 28857 7 9393.24 3.57197 3.08005 2 4 9483.09 16.3619 4.90658 2 16 194.709 9.53037e-05 2.47966 6 
1.88938 0.000150133 -1 0.886778 0.228673 0.00498037 179.803 28885.7 6 9276.22 2.78249 3.86506 2 5 10526.3 6.60038 4.3706 2 12 227.196 8.63592e-05 3.42774 6 
1.8944 0.000150413 -1 0.887924 0.228742 0.00502545 180.21 28911.3 9 21360.4 2.78387 2.70186 2 5 8176 8.01862 3.99658 2 12 257.234 9.5074e-05 3.43576 6 
1.89945 0.000150349 -1 0.88908 0.228844 0.00504839 180.613 28937.5 8 23105.7 3.32797 3.02129 3 5 10364.4 10.184 3.99508 2 12 287.266 6.22214e-05 3.59221 6 
1.90452 0.000150203 -1 0.890238 0.228898 0.00507166 181.169 28939.2 6 25754.9 3.3836 4.4352 2 5 23299.2 7.86755 4.94652 2 22 315.375 6.01746e-05 2.02036 5 
1.90803 0.000150383 -1 0.891042 0.229071 0.00351115 181.68 28947.9 7 32983.3 6.93532 3.35211 2 6 17726.8 20.7317 3.08082 2 22 163.944 5.99999e-05 1.96142 5 
1.91099 0.000150249 -1 0.89172 0.229202 0.00295926 182.148 28963.5 5 10820.5 3.00931 5.14228 2 5 31513.8 24.4933 4.18688 2 21 112.985 9.89093e-05 1.94297 4 
1.91401 0.000150246 -1 0.892412 0.229247 0.00301664 182.68 28968.8 5 12445.8 9.16211 4.23258 2 4 21576.1 18.2212 5.86609 2 25 120.266 7.72597e-05 1.76884 4 
1.91709 0.000150553 -1 0.893118 0.229265 0.0030852 183.243 28969.3 5 18648.9 5.07788 5.16409 2 4 18295.5 24.4112 5.23225 2 27 120.479 8.03032e-05 1.69335 4 
1.92026 0.000150849 -1 0.893844 0.229224 0.00316639 183.82 28967.5 5 18107.1 3.54055 5.51766 2 4 17316.9 18.673 5.51841 2 27 115.892 9.21041e-05 1.68235 4 
1.92352 0.000151098 -1 0.894591 0.22921 0.00326205 184.402 28964.8 5 15034.1 7.04637 4.63258 2 4 15944 14.7389 5.73499 2 28 109.426 6.45251e-05 1.66908 4 
1.9269 0.000151334 -1 0.895365 0.229203 0.00337454 184.998 28960.2 5 11368.6 6.11814 4.50627 2 4 14410.7 16.9707 5.39816 2 28 103.221 8.95596e-05 1.64622 4 
1.93039 0.000151571 -1 0.896164 0.229217 0.00349545 185.605 28953.7 5 10017.9 5.95495 4.41753 2 4 11728.3 23.3506 4.73407 2 29 105.51 9.42589e-05 1.61654 4 
1.93401 0.000151911 -1 0.896993 0.229252 0.00361354 186.258 28940.2 5 10217.8 5.70057 4.47391 2 4 13560.7 27.065 4.73117 2 31 126.686 9.00324e-05 1.57882 4 
1.93773 0.000152273 -1 0.897845 0.229267 0.00372725 186.965 28918.4 5 7869.09 5.62314 4.25784 2 5 9589.56 3.40563 4.89689 2 24 149.55 6.5562e-05 1.84044 5 
1.94158 0.000152689 -1 0.898727 0.229266 0.00384879 188.192 28816.8 7 14530.7 5.70943 3.06569 2 5 9090.77 3.56142 4.8017 2 36 176.528 7.78382e-05 1.50157 5 
1.94553 0.00015299 -1 0.899632 0.229282 0.00394932 189.081 28768.1 6 8859.07 5.44419 3.42959 2 5 12633.9 5.4596 4.70842 2 22 205.339 6.07916e-05 1.98041 6 
1.94959 0.000153285 -1 0.900563 0.229311 0.00405565 189.911 28728.6 6 5206.66 3.54525 3.37146 2 5 6270 5.30752 4.116 2 18 238.244 5.23852e-05 2.34357 6 
1.95374 0.000153651 -1 0.901515 0.229329 0.00415183 191.325 28601.9 9 22548.4 5.31282 2.52981 2 5 10194.3 5.30229 4.5371 2 33 272.2 8.31133e-05 1.57555 5 
1.95797 0.000154189 -1 0.902487 0.229228 0.00423587 192.15 28564.4 8 46492.5 4.56651 3.16938 2 5 43649.6 19.7749 4.66416 2 21 256.483 7.80919e-05 2.04318 5 
1.95986 0.000154393 -1 0.90292 0.229353 0.00188773 192.495 28598.3 5 13360.8 27.8892 3.4362 2 6 67691.6 98.4487 2.9709 2 9 45.781 5.87754e-05 4.5145 4 
1.96195 0.000154133 -1 0.903398 0.229475 0.00208444 192.908 28622 6 9018.2 12.8784 2.97996 2 6 65946.7 81.3108 3.0538 2 12 57.6604 8.4694e-05 3.06257 4 
1.96422 0.000154251 -1 0.903918 0.229432 0.00227145 193.34 28642.7 5 14756.9 13.0428 4.08061 2 4 21299.7 40.3832 4.79229 2 13 67.2558 6.05303e-05 2.91782 4 
1.96667 0.000154369 -1 0.90448 0.229356 0.00244866 193.756 28665.8 5 19285.8 10.2561 4.51701 2 4 18409.4 47.4739 4.43758 2 14 73.6368 6.83324e-05 2.69706 4 
1.96928 0.000154333 -1 0.905078 0.229226 0.00261603 194.269 28674.5 5 18417.4 8.65533 4.63008 2 4 18149.2 53.0502 4.30074 2 16 76.0454 8.6144e-05 2.35297 4 
1.97206 0.000154217 -1 0.905715 0.229184 0.00277821 194.838 28674.7 5 15630.8 9.39588 4.40767 2 5 16582.9 20.8864 3.80154 2 18 79.009 7.47236e-05 2.16112 4 
1.975 0.000154134 -1 0.906386 0.229119 0.00293697 195.439 28670.4 5 12758.3 9.64015 4.21058 2 5 12679.7 31.7251 3.31391 2 19 86.4814 9.07568e-05 2.06389 4 
1.9781 0.00015413 -1 0.907096 0.229037 0.00309668 196.106 28656.5 6 13551.4 3.25628 4.01061 2 6 16638.2 13.6503 3.26834 2 21 101.169 6.22675e-05 1.97584 4 
1.98134 0.000154183 -1 0.907838 0.228957 0.00324414 196.799 28638.8 6 9564.09 2.37943 3.98745 2 5 14583.6 35.6401 3.32955 2 22 123.979 6.76253e-05 1.92616 4 
1.98471 0.000154226 -1 0.90861 0.228889 0.00337305 197.526 28616.4 6 11180 4.4723 3.68399 2 5 11126.7 20.3767 3.52733 2 23 148.806 7.35719e-05 1.88005 4 
1.98821 0.000154284 -1 0.909411 0.228794 0.00350099 198.334 28582.4 6 13453.1 3.79394 3.90501 2 4 15752 32.2801 4.70002 2 25 176.659 6.86382e-05 1.80477 4 
1.99183 0.000154283 -1 0.910238 0.228665 0.00361352 199.21 28539 6 11016.3 4.68412 3.64671 2 4 12646.2 28.07 4.60712 2 28 206.243 5.82072e-05 1.71359 4 
1.99553 0.000154085 -1 0.911085 0.228674 0.00370652 200.005 28507.4 6 30961.9 7.13549 4.03863 2 5 10258 9.08998 4.0785 2 22 236.506 4.82011e-05 2.01431 5 
1.99934 0.000154615 -1 0.911955 0.228568 0.0038048 200.571 28508.6 6 12560.1 3.35732 3.94003 2 5 14175 8.88583 4.37084 2 13 272.787 5.00636e-05 3.29744 5 
2.00322 0.000154947 -1 0.912841 0.22848 0.00387853 201.154 28507.4 6 8214.19 4.7292 3.46707 2 5 10818.4 8.31362 4.19638 2 13 308.057 4.27188e-05 3.3693 5 
2.00717 0.000155 -1 0.913745 0.228272 0.00395549 201.715 28509.4 7 53894.9 4.30702 3.84892 2 5 52290.8 12.394 5.30937 2 13 290.253 3.90378e-05 3.37723 5 
2.009 0.000155165 -1 0.914162 0.228068 0.00183179 202.098 28536.6 4 28821.3 26.4535 5.74524 2 4 78770.3 108.304 5.19313 2 8 56.3115 3.63328e-05 5.94001 4 
2.01099 0.000154934 -1 0.914616 0.228391 0.00198995 202.424 28571.5 5 13380.9 19.9601 3.67506 2 4 84541.7 78.0604 5.73667 2 9 67.8742 7.36297e-05 4.5998 4 
2.01313 0.000154992 -1 0.915104 0.228201 0.00214071 203.25 28536 5 13729.2 12.0081 4.08916 2 4 23493.8 66.697 4.33223 2 31 76.9806 7.73446e-05 1.56129 4 
2.01542 0.000155142 -1 0.915626 0.228082 0.00228971 203.78 28542.2 4 22286.2 18.1171 5.92225 2 3 23002.8 61.7384 7.19574 2 15 82.0782 4.89622e-05 2.59991 5 
2.01786 0.000155219 -1 0.916181 0.227909 0.00243707 204.216 28561.5 5 20766.9 3.16902 5.79815 2 4 22775.9 18.64 5.91232 2 12 83.2831 8.37582e-05 3.16078 5 
2.02045 0.000155292 -1 0.916772 0.227738 0.00259139 204.727 28570.1 5 18337.2 4.0805 5.3768 2 4 20326.2 16.9358 5.8859 2 13 85.7759 5.60647e-05 2.9905 5 
2.0232 0.000155387 -1 0.917396 0.227569 0.00274383 205.252 28576.9 5 18990.7 3.95669 5.44806 2 4 23095.8 15.728 6.19035 2 13 88.6189 6.22524e-05 2.97397 5 
2.02609 0.000155558 -1 0.918054 0.227522 0.00288995 205.75 28587.4 4 13584.3 9.83979 6.09554 2 4 20934 14.8742 6.12498 2 12 101.705 7.13529e-05 3.25707 5 
2.02913 0.000155819 -1 0.918745 0.227253 0.00304348 206.249 28597.6 6 22440.1 2.26736 4.63359 2 4 11063.3 9.46953 5.8464 2 11 126.766 5.1138e-05 3.81326 5 
2.0323 0.000155817 -1 0.919467 0.227116 0.00317278 206.685 28616.7 5 17311.5 3.59414 5.4519 2 4 20579.4 13.3373 6.26745 2 11 153.677 7.45858e-05 3.74969 5 
2.03561 0.000155873 -1 0.920216 0.226912 0.00330272 207.198 28624.8 5 13812.8 3.80941 5.15092 2 4 18437 7.4727 7.0478 2 11 184.294 3.89768e-05 4.04382 5 
2.03901 0.000156027 -1 0.920989 0.226729 0.00340775 207.723 28631.4 5 14423.2 3.30166 5.34646 2 4 15146.1 8.57857 6.48219 2 11 215.813 6.79104e-05 3.90035 5 
2.04253 0.000156225 -1 0.921785 0.226508 0.0035201 208.091 28659.5 5 18346.1 3.21632 5.63945 2 4 19329.3 9.55662 6.70623 2 10 254.25 8.22001e-05 4.45696 5 
2.04613 0.000156449 -1 0.922601 0.226328 0.0035995 208.469 28686.1 5 13212.1 4.57501 4.92171 2 4 17229.1 14.5289 5.86824 2 11 292.068 3.76221e-05 4.23026 5 
2.0498 0.000156619 -1 0.92343 0.226138 0.00366872 208.842 28713.3 5 9675.43 3.86624 4.78273 2 4 10588.8 23.2829 4.61798 2 11 330.708 6.7704e-05 4.05579 5 
2.05354 0.000156806 -1 0.924277 0.225929 0.00374094 209.239 28737.1 5 15489.1 4.46384 5.1058 2 4 16411.5 21.9072 5.23167 2 12 372.736 4.80384e-05 3.75104 5 
2.05737 0.000157015 -1 0.925142 0.225683 0.00383181 209.682 28754.6 5 15507.8 5.28579 4.93728 2 4 20291.3 23.4332 5.42462 2 12 421.131 9.42405e-05 3.58246 5 
2.06124 0.000157329 -1 0.926015 0.2253 0.00386322 210.142 28769.6 8 83527.2 6.56452 3.25895 2 5 81540.7 22.5898 5.14627 2 12 343.949 7.17331e-05 3.60356 5 
2.06227 0.00015751 -1 0.926248 0.225111 0.00103502 210.386 28814.1 4 22651.6 92.9238 3.95133 2 5 227607 155.383 4.29691 2 7 31.7178 5.92893e-05 6.58161 3 
2.0635 0.000157452 -1 0.926526 0.225334 0.00123223 210.719 28846.3 5 21974.8 17.4132 4.1707 2 5 157358 70.8955 4.66933 2 13 35.177 5.31899e-05 2.80366 3 
2.06504 0.000157487 -1 0.92687 0.225217 0.00153022 211.193 28859.1 4 17477.1 40.2551 4.5647 2 4 28065.5 62.286 4.60729 2 18 48.7727 5.72414e-05 2.13536 3 
2.06686 0.000157643 -1 0.927282 0.224911 0.00182968 211.886 28842.1 5 18936.4 15.1185 4.16445 2 4 22932.1 52.9583 4.56171 2 26 65.6647 9.71425e-05 1.67582 3 
2.06895 0.000157721 -1 0.927751 0.224609 0.00208755 212.987 28769.9 5 23832.3 11.2992 4.62194 2 4 27182.6 87.3569 4.19999 2 40 82.6392 8.27344e-05 1.4125 3 
2.07128 0.000157799 -1 0.928273 0.224309 0.00232762 213.807 28736.3 5 21421.3 9.41877 4.69213 2 5 31381.3 30.1555 4.01292 2 32 99.9217 9.2032e-05 1.54389 4 
2.0738 0.000157928 -1 0.928838 0.224042 0.0025237 214.248 28753.6 5 18575.2 10.0344 4.50286 2 4 21549.4 56.5535 4.41818 2 13 115.16 4.62603e-05 3.10461 4 
2.0765 0.000158074 -1 0.929443 0.22374 0.00270028 214.681 28771.8 5 22389.7 5.49125 5.27322 2 4 24608.3 41.8017 4.92575 2 14 129.518 7.60542e-05 2.78667 4 
2.07938 0.000158187 -1 0.930085 0.223451 0.00287693 215.151 28785.2 5 23061.7 9.40552 4.76323 2 4 32393.5 36.7106 5.45025 2 16 145.604 8.28075e-05 2.45651 4 
2.08238 0.000158291 -1 0.930754 0.223171 0.00299876 215.996 28748.3 5 14582.2 6.46938 4.68373 2 4 18166.4 30.4113 4.94377 2 35 159.158 9.8968e-05 1.50426 4 
2.0855 0.000158338 -1 0.93145 0.222906 0.00312116 216.848 28711 5 19409.4 8.97353 4.64526 2 4 19573.3 28.36 5.12554 2 34 183.196 7.84379e-05 1.53924 5 
2.08873 0.000158368 -1 0.93217 0.222585 0.00323145 217.85 28654.1 6 24998.4 6.04527 4.00636 2 4 28898.9 18.6753 6.27196 2 26 209.385 8.99062e-05 1.75748 5 
2.09206 0.000158185 -1 0.93291 0.222352 0.00332579 218.74 28612.4 5 14315.7 6.21819 4.70359 2 4 16916.6 17.5717 5.57026 2 24 238.673 6.43736e-05 1.87807 5 
2.09546 0.000158171 -1 0.933667 0.222063 0.00340053 219.539 28583 5 9040.94 5.43384 4.4078 2 4 10307.8 16.5532 4.99541 2 19 272.069 8.23102e-05 2.20352 5 
2.09895 0.000158327 -1 0.934442 0.221795 0.00349244 220.346 28552.6 5 26353 8.14541 5.03482 2 4 30702.7 18.2866 6.40119 2 15 310.072 7.89127e-05 2.75183 5 
2.10248 0.000158525 -1 0.935227 0.221534 0.00353353 221.03 28538.4 6 15875.5 3.78468 4.0159 2 4 24449.7 24.3431 5.62956 2 13 341.172 7.26296e-05 3.26002 5 
2.10606 0.000158618 -1 0.936018 0.221259 0.00357576 221.646 28533 5 9811.86 6.49554 4.32342 2 4 9229.49 18.4971 4.72627 2 12 372.973 7.0431e-05 3.63351 5 
2.10968 0.000158698 -1 0.936819 0.221022 0.00361919 222.215 28533.7 5 19558.6 5.00593 5.22842 2 4 20560.2 17.5409 5.85118 2 12 415.053 6.19867e-05 3.70525 5 
2.11337 0.000158845 -1 0.937633 0.220701 0.00369428 222.753 28538.3 5 23454.4 3.61297 5.78725 2 4 29890.3 28.0818 5.71185 2 12 466.297 3.5588e-05 3.91844 5 
2.11707 0.000158904 -1 0.938448 0.220115 0.00369428 223.204 28554.1 8 87804.3 5.37363 3.36245 2 6 85944.8 17.413 4.12627 2 11 354.379 9.33006e-05 3.96409 5 
2.11821 0.00015908 -1 0.938698 0.219857 0.0011378 223.499 28589.7 5 21653.3 62.3045 3.22256 2 5 235464 264.401 3.88984 2 8 60.7966 3.95356e-05 5.93419 3 
2.11962 0.000159039 -1 0.939009 0.219943 0.00141313 223.898 28611.9 5 19319.9 45.0228 3.36136 2 5 182246 152.416 4.12596 2 16 69.7233 8.65538e-05 2.33954 3 
2.12134 0.000159031 -1 0.939387 0.21961 0.00172286 224.446 28615.1 5 26458.7 17.6319 4.31771 2 5 33018.7 26.6218 4.15628 2 26 96.6438 7.92809e-05 1.71426 3 
2.12334 0.00015907 -1 0.939825 0.219205 0.00199695 224.98 28619.9 5 20766.3 10.7409 4.54217 2 4 26935.2 90.8396 4.14965 2 26 125.545 3.99973e-05 1.77777 4 
2.1256 0.000159064 -1 0.94032 0.218819 0.00225944 225.309 28650.9 5 33610 9.39235 5.13735 2 4 34153.8 55.2574 4.98611 2 11 156.559 8.11861e-05 3.72719 4 
2.12808 0.000159005 -1 0.940862 0.218375 0.00247706 225.668 28677.9 5 33583.9 8.39528 5.25314 2 4 46620.4 44.3727 5.69331 2 13 183.884 6.08698e-05 3.15118 4 
2.13073 0.000159011 -1 0.94144 0.218004 0.00265023 226.038 28703.5 5 21213.9 5.42886 5.22856 2 4 26588.6 42.565 4.99932 2 14 205.919 7.6974e-05 2.87804 4 
2.13353 0.000159035 -1 0.942051 0.217637 0.00280411 226.428 28726.4 5 30975.7 4.0307 5.98588 2 4 32238.4 40.5396 5.31035 2 15 226.007 8.68301e-05 2.6773 4 
2.13649 0.000159063 -1 0.942694 0.217272 0.00295724 226.861 28743.8 6 33949.2 3.03672 4.72865 2 4 45748.5 41.8106 5.75139 2 17 247.416 5.21124e-05 2.47021 4 
2.13958 0.000159071 -1 0.943367 0.216931 0.00309503 227.33 28756.5 9 29924.2 9.33882 2.45203 2 5 26169.7 14.5793 4.4752 2 18 276.01 6.62623e-05 2.33216 4 
2.14279 0.000158762 -1 0.944062 0.216623 0.00321052 227.786 28770.9 6 29820.2 7.38724 3.99029 2 5 25065 14.1305 4.46459 2 19 301.548 8.87863e-05 2.20667 4 
2.1461 0.000158545 -1 0.94478 0.216288 0.00330968 228.276 28780.9 6 31304.3 7.08025 4.05128 2 5 39262.5 18.5435 4.62549 2 21 324.512 7.82574e-05 2.06599 4 
2.14949 0.000158455 -1 0.945511 0.215969 0.00338848 228.833 28782.4 5 20264.6 5.64175 5.14121 2 5 18605.9 20.35 3.91036 2 23 351.333 9.26323e-05 1.93215 4 
2.15293 0.000158337 -1 0.946255 0.215676 0.00344336 229.406 28781.9 5 13974.6 6.50458 4.639 2 5 15396.3 16.4169 3.9303 2 25 377.884 9.84455e-05 1.83386 4 
2.15645 0.000158181 -1 0.947013 0.215374 0.0035148 230.724 28688.5 7 38266.1 6.66145 3.44378 2 5 44318.3 20.4128 4.64875 2 56 406.715 9.9937e-05 1.31228 5 
2.16001 0.000158078 -1 0.94778 0.21509 0.00355929 231.84 28621.1 7 22710.8 6.98554 3.17482 2 5 30662.9 20.8354 4.30093 2 39 429.61 7.82772e-05 1.4887 5 
2.1636 0.000157979 -1 0.948551 0.21479 0.00358971 232.752 28579.3 5 11382 6.97638 4.39054 2 5 14609.3 12.8031 4.08754 2 30 462.774 8.31332e-05 1.67824 5 
2.1672 0.00015788 -1 0.949326 0.214553 0.00360518 233.333 28578.4 7 29127.2 4.07458 3.55306 2 5 30992.7 10.6929 4.9253 2 21 491.668 8.89785e-05 2.09443 5 
2.17086 0.000158093 -1 0.950108 0.214206 0.00365262 233.811 28590.1 5 33539.8 6.77752 5.48148 2 5 42320.8 16.7412 4.7924 2 16 528.127 5.36643e-05 2.73568 5 
2.17452 0.000158153 -1 0.950894 0.213975 0.00366878 234.235 28608.3 7 21045.9 4.39217 3.35571 3 5 27472 14.3997 4.5301 2 14 554.59 8.82374e-05 3.0591 5 
2.17821 0.000158096 -1 0.951681 0.213684 0.00368516 234.723 28618.6 5 10498.7 6.36813 4.39971 3 5 11035.6 11.7186 3.93354 2 12 579.604 7.80329e-05 3.73741 5 
2.18191 0.000157978 -1 0.952472 0.213408 0.00370176 235.122 28639.7 7 28917.8 5.10096 3.43729 2 5 30780.3 10.8251 4.90645 2 13 602.388 4.78563e-05 3.51681 5 
2.18565 0.000157924 -1 0.953267 0.213107 0.00373557 235.51 28662.1 7 30608.1 5.36068 3.4408 2 5 39616.1 13.4464 4.94143 2 12 629.965 7.22306e-05 3.78776 5 
2.1894 0.00015789 -1 0.954066 0.212771 0.00375278 235.886 28685.9 7 24289 4.84073 3.37787 2 5 27185.7 17.9786 4.32431 2 12 629.336 9.30991e-05 3.70819 5 
2.19315 0.00015789 -1 0.954864 0.211304 0.00375278 236.33 28701.3 14 99048.2 5.22951 2.02082 3 10 105719 23.3668 2.32036 3 12 449.371 9.21784e-05 3.60854 5 
2.19493 0.000158022 -1 0.955239 0.210617 0.00177329 236.638 28733.2 7 19597.2 29.8051 2.52672 3 7 121294 107.578 2.72908 2 9 178.091 2.58798e-05 5.75099 4 
2.197 0.000158172 -1 0.955676 0.209972 0.00207493 237.106 28745.5 4 36474.6 11.7614 7.46247 2 11 82075.7 72.3282 1.89548 2 21 199.522 7.4815e-05 2.02302 4 
2.19935 0.000158016 -1 0.956169 0.209096 0.00234795 237.554 28760.3 12 35027 12.03 1.94392 2 6 30243.8 64.6114 2.78647 2 18 269.502 8.18508e-05 2.30189 4 
2.20195 0.000157832 -1 0.956713 0.208497 0.00259952 237.997 28775.6 11 48776.9 14.0141 2.09879 3 10 61786.9 42.0835 2.07338 3 15 332.67 9.0774e-05 2.73907 4 
2.20475 0.000157716 -1 0.957298 0.208134 0.00280018 238.563 28776 12 28558.6 7.37406 1.99068 3 10 32042.2 35.7475 1.97355 3 22 372.407 5.74276e-05 2.04001 4 
2.20772 0.00015764 -1 0.957914 0.207994 0.00296736 239.093 28780.7 10 46431.3 11.3079 2.29796 4 8 44936.2 40.215 2.40451 4 20 426.004 6.10004e-05 2.19889 4 
2.21085 0.000157569 -1 0.958566 0.208031 0.00313156 239.688 28777.6 9 41892.5 9.11136 2.55241 5 8 58312 23.2956 2.65956 5 23 469.231 5.47041e-05 2.00194 4 
2.21412 0.000157526 -1 0.959245 0.20818 0.00327449 240.247 28778.9 9 26862.5 7.33189 2.48881 4 8 30522.7 20.95 2.48559 4 21 512.64 8.8698e-05 2.09892 4 
2.21754 0.000157498 -1 0.959956 0.20838 0.00341686 240.807 28780 6 37572.4 6.44756 4.24208 3 6 37100.2 28.8832 3.29702 4 24 567.41 5.51234e-05 1.9597 4 
2.2211 0.000157612 -1 0.960695 0.208587 0.00355664 241.437 28772.7 9 44791.8 6.4162 2.67364 3 8 52038.9 20.8664 2.65834 3 26 619.852 9.76648e-05 1.82657 4 
2.22472 0.00015765 -1 0.96145 0.208756 0.00362281 242.027 28770.3 10 28710.7 6.70869 2.30749 3 12 28785 23.1339 1.81096 2 20 651.25 5.25066e-05 2.26296 5 
2.22839 0.000157665 -1 0.962215 0.208829 0.00367432 243.467 28667.5 8 19229.7 5.33111 2.78384 2 11 19514.3 19.4798 1.87412 2 61 699.18 9.97182e-05 1.29487 5 
2.23214 0.00015781 -1 0.962997 0.208781 0.00374567 244.583 28603.7 6 45963 7.10226 4.31687 2 6 52798.1 17.5155 3.80072 3 44 751.834 9.5511e-05 1.43459 5 
2.236 0.000158302 -1 0.963802 0.208688 0.0038586 245.458 28568.5 8 35595.3 5.17257 3.01794 2 9 31693.3 16.7826 2.31213 3 34 821.38 9.66074e-05 1.59886 5 
2.23987 0.000158708 -1 0.964612 0.208536 0.00387819 246.082 28562.6 9 21442.5 4.8771 2.53975 2 6 19923.8 20.3806 3.15035 3 23 850.999 6.64768e-05 2.03709 5 
2.24375 0.000158935 -1 0.96542 0.208313 0.00387819 246.548 28575 11 27417.1 5.68253 2.16203 2 7 30082.6 19.9358 2.8451 3 15 869.854 8.07328e-05 2.94325 5 
2.24767 0.000159063 -1 0.966237 0.208007 0.00391838 247.042 28584.2 11 46055 5.35408 2.27872 3 9 56337.6 23.9507 2.36924 3 15 902.583 5.42291e-05 3.02982 5 
2.25165 0.000159157 -1 0.967064 0.207645 0.00398058 247.536 28593.3 12 32593.4 3.68187 2.13266 3 11 34091 15.1143 2.01763 3 14 953.511 5.2152e-05 3.30155 5 
2.25565 0.00015923 -1 0.967895 0.207271 0.00400186 247.997 28606.2 11 18711.3 4.5622 2.13034 3 9 15664.1 19.6909 2.10036 3 13 990.003 7.06684e-05 3.54588 5 
2.25961 0.000159307 -1 0.968713 0.206894 0.00395929 248.439 28621.4 9 22685.6 5.26026 2.53431 4 8 25466.5 22.3989 2.40973 3 13 990.478 6.98622e-05 3.54914 5 
2.26357 0.00015937 -1 0.969531 0.206511 0.00395929 248.876 28636.9 9 43631.9 6.36796 2.66809 3 9 54400.1 20.8387 2.39683 2 13 1005.95 9.41734e-05 3.47268 5 
2.26762 0.000159487 -1 0.970365 0.206104 0.00404631 249.355 28647.6 9 34252.4 3.64277 2.76359 4 10 33985.7 17.0688 2.13752 2 15 1060.15 5.94021e-05 3.04395 5 
2.27169 0.000159536 -1 0.971204 0.205712 0.00406879 249.829 28658.8 8 20487 3.04005 3.01006 4 8 24352.8 21.4856 2.4088 2 15 1076.18 9.98437e-05 2.94332 5 
2.27578 0.000159606 -1 0.972044 0.205335 0.00409164 250.312 28669 7 14643.2 5.04368 3.12391 3 7 18956.8 19.5492 2.67093 3 16 1096.43 4.80878e-05 2.88318 5 
2.27987 0.000159729 -1 0.972884 0.204972 0.00409164 250.77 28681.9 8 40595.4 3.54673 3.21611 2 6 44795.8 17.6447 3.69349 3 15 1115.01 8.53831e-05 2.98122 5 
2.28396 0.000159915 -1 0.973721 0.204629 0.00409164 251.243 28693.2 9 35718.6 4.94793 2.68361 2 8 41980.9 19.347 2.61249 2 15 1125.27 6.87319e-05 3.02649 5 
2.2881 0.000160086 -1 0.974568 0.204289 0.00413895 251.724 28703.5 8 27381.7 2.92349 3.1365 3 5 26629.2 12.7933 4.60972 2 15 1156.83 7.67603e-05 3.00983 5 
2.29224 0.000160215 -1 0.975412 0.203954 0.00413895 252.214 28712.6 6 15830.7 4.91391 3.84308 2 6 19356.2 7.28591 3.72154 2 15 1155.65 7.3262e-05 3.019 5 
2.2964 0.000160483 -1 0.976261 0.203648 0.00416329 253.396 28643.4 6 27145.6 4.30644 4.29797 2 6 28720.6 15.5698 3.50202 2 31 1162.57 7.4673e-05 1.70611 5 
2.30049 0.000160749 -1 0.977094 0.203348 0.00409068 254.25 28611.6 6 36648.6 2.32701 5.0066 2 6 49163 10.9362 4.06252 2 23 1132.87 6.17845e-05 2.06917 6 
2.30449 0.000161001 -1 0.977906 0.203088 0.00399718 254.963 28595.8 6 25179.9 2.58739 4.6206 2 5 23413.3 23.3153 3.98441 2 15 1086.01 8.26776e-05 2.98238 6 
2.30856 0.000161214 -1 0.978731 0.202821 0.0040673 255.505 28599.3 7 28828.9 2.88214 3.72773 2 5 24169.4 17.7288 4.23562 2 13 1123.14 7.98293e-05 3.54705 6 
2.3122 0.00016143 -1 0.979469 0.202628 0.00363917 256.072 28600 7 14688.7 5.19427 3.11219 2 6 25011.4 15.4867 3.42528 2 16 888.698 9.6973e-05 2.72353 5 
2.31584 0.000161555 -1 0.980205 0.202434 0.00363917 256.563 28609.1 7 23852.2 3.65228 3.50748 2 5 26191.7 15.9129 4.39828 2 14 876.124 6.23344e-05 3.24011 5 
2.31948 0.000161725 -1 0.980941 0.202254 0.00363917 257.052 28618.4 6 32102 5.78775 4.2073 2 6 44618.2 12.7702 3.8954 2 14 868.295 6.24523e-05 3.2376 5 
2.32298 0.000161892 -1 0.981649 0.202031 0.00350785 257.521 28629.9 6 27902.2 6.4679 4.03471 2 6 27816.7 28.7753 3.14447 2 13 802.466 6.14588e-05 3.52673 5 
2.32632 0.000162051 -1 0.982322 0.201857 0.00333505 258.054 28634.3 6 21973.3 3.13802 4.37395 2 6 24871.2 20.4756 3.26646 2 12 715.905 6.37019e-05 3.86864 5 
2.32959 0.000162202 -1 0.98298 0.201694 0.0032703 258.494 28648.8 6 22133 6.21888 3.9074 2 5 25649.6 24.6015 4.01443 2 12 675.469 4.23654e-05 3.98305 5 
2.33286 0.000162344 -1 0.98364 0.2015 0.0032703 258.911 28666.1 6 18552.7 3.99882 4.08394 2 5 17518.7 11.6995 4.31585 2 12 659.958 4.17741e-05 3.98001 5 
2.33616 0.000162376 -1 0.984305 0.201259 0.00330268 259.328 28683.2 6 27932.5 8.57917 3.84985 2 5 29095.1 18.4855 4.35911 2 12 655.015 4.96266e-05 3.92083 5 
2.33957 0.00016265 -1 0.984991 0.200967 0.0034043 259.874 28685.9 8 43521.9 4.84432 3.12021 2 6 49853.5 28.7867 3.46538 2 12 680.918 8.83613e-05 3.74889 5 
2.34306 0.000162937 -1 0.985693 0.200604 0.00349436 260.381 28693 9 44033.9 7.20157 2.63455 2 8 55693.3 17.4027 2.74251 2 13 702.194 5.32832e-05 3.52925 5 
2.34661 0.000163166 -1 0.986406 0.200208 0.00355102 260.883 28700.6 11 37089.4 4.32974 2.27786 2 9 45255.7 23.4846 2.31733 2 13 702.137 7.93497e-05 3.42275 5 
2.35024 0.000163292 -1 0.987132 0.199766 0.00362993 261.411 28705.3 12 30327.4 5.40993 2.05299 2 10 36212.7 19.0983 2.12709 2 14 702.753 5.70949e-05 3.20954 5 
2.354 0.000163397 -1 0.987881 0.1993 0.00375583 261.941 28709.7 10 22738.2 6.6897 2.25494 3 10 29069.5 21.4663 2.05669 2 15 712.775 6.92964e-05 2.93415 5 
2.35791 0.000163458 -1 0.988659 0.198792 0.00391517 262.54 28706.6 12 31361.8 4.10134 2.1068 3 11 31104 25.9877 1.90468 2 17 726.289 6.49046e-05 2.59799 5 
2.3619 0.000163504 -1 0.989451 0.19825 0.00398812 263.166 28700.6 12 43009.2 5.87434 2.09918 3 12 46850.9 24.6478 1.87605 2 18 696.66 7.76519e-05 2.43372 5 
2.36594 0.000163559 -1 0.990249 0.197737 0.0040386 263.835 28689.9 15 38977.7 4.4635 1.83123 2 13 47226.8 21.705 1.8061 2 19 649.594 8.15974e-05 2.30786 5 
2.37006 0.000163587 -1 0.991063 0.197263 0.00411728 264.638 28664.8 13 30079.9 5.84514 1.92974 2 11 36684.6 18.9914 1.98939 3 23 602.945 8.00976e-05 1.99061 6 
2.37426 0.000163641 -1 0.99189 0.196864 0.00419962 265.317 28653.2 8 23448.8 5.3563 2.85205 2 12 26515.5 16.4537 1.85042 2 19 549.184 5.76966e-05 2.32966 6 
2.37863 0.000163668 -1 0.992752 0.196594 0.00437583 265.944 28647.2 12 19112.2 5.16715 1.98307 2 8 22629.9 19.1691 2.42109 2 17 512.963 5.64849e-05 2.56627 6 
2.38314 0.00016365 -1 0.993637 0.196408 0.00450266 266.489 28650.2 14 30046.5 4.10493 1.88814 2 11 30928.4 18.4932 1.9635 2 13 458.607 6.94958e-05 3.34638 6 
2.3877 0.000163617 -1 0.994536 0.196383 0.00456937 267.036 28652.8 16 30529.2 3.80844 1.75387 2 8 32467.9 16.0935 2.58881 3 13 390.252 4.60146e-05 3.4116 6 
2.39234 0.000163575 -1 0.995444 0.196524 0.0046386 267.567 28657.1 18 26370.5 4.57817 1.61775 2 4 29799.9 18.2032 6.36087 2 13 327.239 6.82327e-05 3.26523 6 
2.39702 0.000163529 -1 0.996361 0.196812 0.00467428 268.16 28654.9 20 20512.6 4.40857 1.52541 2 12 24127.8 17.3335 1.82797 3 13 267.88 9.11741e-05 3.14444 6 
2.4018 0.000163486 -1 0.9973 0.197185 0.00478558 268.785 28649.3 16 19117.2 4.10119 1.69544 3 15 30128.3 15.3658 1.65766 3 14 236.262 6.79273e-05 2.93251 6 
2.40671 0.000163455 -1 0.998265 0.197572 0.00490326 269.405 28644.1 13 13453.1 4.04053 1.86618 3 10 16285.5 15.2117 2.00892 4 15 222.651 5.85326e-05 2.74588 6 
2.41165 0.000163441 -1 0.99924 0.197847 0.00494412 269.999 28641.8 12 26418.9 3.55651 2.10172 3 7 26061.1 15.8112 2.88121 4 15 238.806 9.83538e-05 2.66492 6 
2.41655 0.000163511 -1 1.00021 0.198062 0.00490291 270.597 28639.1 10 28615.3 3.51418 2.46081 4 6 30073.9 12.0939 3.68076 4 16 248.625 5.27755e-05 2.61258 6 
2.42126 0.000163612 -1 1.00114 0.198246 0.00470522 271.188 28637 13 24667.9 4.21648 1.94887 3 5 26263 15.7304 4.41083 3 15 245.445 6.74716e-05 2.73772 6 
2.42608 0.000163589 -1 1.0021 0.198271 0.00482285 271.815 28631.2 12 19695.3 3.62593 2.0476 4 8 23809.2 16.8841 2.47547 3 16 276.726 7.73264e-05 2.56807 6 
2.43099 0.000163558 -1 1.00307 0.198213 0.00490529 272.513 28618 15 13978.6 3.70275 1.73166 4 9 18147.2 16.1842 2.18201 4 17 304.549 7.15269e-05 2.45444 6 
2.43593 0.000163515 -1 1.00405 0.198113 0.00494794 273.229 28603 16 11143.6 3.45039 1.657 4 10 10156.6 14.8642 1.9207 4 17 328.165 9.78067e-05 2.42028 6 
2.44088 0.000163472 -1 1.00503 0.197951 0.00494794 274.164 28565.2 14 22233.2 3.65832 1.86323 4 9 22953.5 13.7264 2.2811 4 26 347.25 7.36142e-05 1.80584 6 
2.44554 0.000163427 -1 1.00595 0.197801 0.00465931 275.074 28530.2 16 27002.5 4.22661 1.72917 4 8 29815.2 16.0083 2.56308 3 25 325.404 9.23301e-05 1.82761 6 
2.45024 0.000163377 -1 1.00687 0.197582 0.0046988 275.884 28505.9 17 25821 3.98551 1.67573 4 12 26851.5 17.9597 1.83889 4 20 346.918 5.93049e-05 2.1795 6 
2.45506 0.000163324 -1 1.00783 0.197331 0.00482245 276.605 28490.8 16 20566.4 3.906 1.7084 4 11 14323.7 15.5065 1.86035 4 17 379.647 8.60909e-05 2.45951 6 
2.46002 0.000163268 -1 1.0088 0.197063 0.00495397 277.348 28473.5 15 15600.8 3.87864 1.73899 4 11 18812.1 14.3912 1.92001 4 18 415.648 9.27014e-05 2.34172 6 
2.46502 0.000163211 -1 1.00979 0.19682 0.00499984 278.095 28456 15 12197.8 3.41657 1.72523 4 9 11715.4 15.7558 2.08466 4 19 436.697 6.95552e-05 2.2792 6 
2.47002 0.000163158 -1 1.01077 0.196615 0.00499984 278.85 28437.7 15 8451.34 3.45662 1.68223 4 9 10882.7 15.8018 2.06698 4 19 448.406 8.39111e-05 2.25994 6 
2.47483 0.000163106 -1 1.01172 0.196451 0.00481803 279.541 28426 13 18833.6 3.94528 1.91862 5 7 16379.3 15.1527 2.7127 5 18 427.026 8.01023e-05 2.36435 6 
2.47965 0.00016305 -1 1.01266 0.196226 0.00481803 280.303 28407.2 16 22192.5 3.62659 1.72452 4 10 21171.8 16.2931 2.04821 4 19 436.445 5.0824e-05 2.31707 6 
2.48461 0.000162989 -1 1.01363 0.195965 0.00495569 281.081 28386.9 15 21315.8 3.58398 1.78493 4 9 17585.5 15.7123 2.18157 4 20 469.5 7.38519e-05 2.18859 6 
2.48966 0.000162924 -1 1.01462 0.195685 0.00505286 281.878 28364.7 14 18244.8 3.60435 1.83905 4 8 18473.1 14.8069 2.43786 4 21 494.028 9.81087e-05 2.08519 6 
2.49476 0.000162856 -1 1.01562 0.195433 0.00510339 282.738 28336.4 14 14996.7 3.69854 1.81014 4 7 14010.5 14.7688 2.66257 4 22 510.788 8.51081e-05 2.03284 6 
2.49987 0.000162791 -1 1.01661 0.19522 0.00510339 283.584 28309.6 12 12666.6 3.64296 1.97288 4 8 13849.7 13.0482 2.38911 4 23 517.452 5.52691e-05 2.00957 6 
2.50482 0.000162724 -1 1.01758 0.195069 0.0049518 284.389 28287.1 13 17617.9 3.77771 1.91518 4 7 23566 14.2509 2.88255 3 22 493.167 5.10619e-05 2.07728 6 
2.50982 0.000162659 -1 1.01855 0.194912 0.00500182 285.202 28264 8 12607.5 3.47611 2.78575 5 8 10961.1 15.8582 2.26438 4 22 508.519 7.75062e-05 2.04109 6 
2.51493 0.000162638 -1 1.01955 0.194649 0.00510602 286.349 28208 6 15703.1 3.39031 4.08279 3 8 18050.6 13.9384 2.44926 4 36 534.621 9.94321e-05 1.53801 6 
2.52014 0.000162873 -1 1.02056 0.194462 0.00521583 287.321 28169.5 10 13979.3 2.81583 2.34201 5 5 18628.9 14.7 4.17421 3 30 560.92 7.21645e-05 1.69702 6 
2.52536 0.000162986 -1 1.02158 0.194275 0.00521583 288.108 28149.5 6 15052.7 3.38164 4.05585 4 4 13060.5 10.089 5.9983 2 24 563.122 7.61325e-05 1.9329 6 
2.53058 0.000163303 -1 1.02259 0.194115 0.00521583 288.916 28127.4 8 15359.1 3.57188 2.84566 4 5 15628.5 8.5047 4.49626 2 24 564.533 8.09008e-05 1.92822 6 
2.53568 0.000163375 -1 1.02358 0.193982 0.00510244 289.69 28108.9 7 17736.7 3.34134 3.40515 4 5 23097.9 12.7185 4.48567 2 23 541.322 8.99624e-05 1.97132 6 
2.54078 0.000163403 -1 1.02456 0.193825 0.00510244 290.5 28086.9 10 11853.3 3.34756 2.26418 5 6 12974.5 6.77209 3.5242 2 24 541.841 4.88941e-05 1.96574 6 
2.546 0.000163456 -1 1.02558 0.193665 0.00521841 291.388 28057.5 12 16852.2 3.27859 2.0382 5 7 16376.1 6.50109 3.06118 2 25 566.372 6.58819e-05 1.89397 6 
2.55128 0.000163529 -1 1.0266 0.19351 0.00527909 292.303 28025.7 12 14989 3.36569 2.01399 5 7 19760 6.87459 3.11944 2 26 578.263 7.27278e-05 1.84247 6 
2.55656 0.000163607 -1 1.02762 0.193385 0.00527909 293.218 27994.2 11 11300.4 3.56231 2.08116 5 6 8732.91 12.9265 2.96219 2 26 576.475 9.26082e-05 1.82521 6 
2.5619 0.000163685 -1 1.02865 0.193261 0.00534269 294.183 27958 11 8511.72 3.28428 2.04327 6 6 9038.03 9.87258 3.11607 2 28 600.578 6.3202e-05 1.77504 6 
2.56718 0.000163765 -1 1.02967 0.19318 0.00527832 295.121 27924.6 9 17411.8 3.57582 2.56873 5 6 18189.7 8.57283 3.58468 2 27 604.278 8.58621e-05 1.79312 6 
2.57246 0.000163792 -1 1.03069 0.193184 0.00527832 296.028 27894.4 6 10053.2 3.2725 3.81274 4 6 13365.9 9.22359 3.36395 2 28 622.931 6.49768e-05 1.7756 6 
2.5778 0.000163462 -1 1.03172 0.193026 0.0053443 296.973 27860.8 8 12337.7 3.29028 2.79737 3 6 13467 7.78055 3.46505 2 29 655.736 7.48786e-05 1.73537 6 
2.58321 0.000163151 -1 1.03276 0.19285 0.00541282 297.983 27821.4 8 21955.1 3.33653 3.0011 3 6 20632.5 9.59531 3.59265 2 31 685.133 6.20408e-05 1.68732 6 
2.58863 0.00016284 -1 1.03381 0.192736 0.00541282 299.359 27748.2 6 13209.4 2.36869 4.2111 3 5 11814.1 8.29507 4.27284 2 46 693.276 9.86042e-05 1.4088 6 
2.59404 0.000162818 -1 1.03485 0.192602 0.00541282 300.35 27711.3 9 10070.5 3.04762 2.46042 4 5 10248.3 8.61896 4.12135 2 31 700.386 9.25427e-05 1.66688 6 
2.59945 0.000162829 -1 1.03589 0.192505 0.00541282 301.372 27671.6 8 17350.3 3.18329 2.93126 4 5 13957.9 10.1919 4.23948 2 32 719.669 6.62713e-05 1.65909 6 
2.60486 0.00016281 -1 1.03693 0.192407 0.00541282 302.367 27634.8 5 11802.2 1.71395 5.85589 3 5 14898.6 10.0224 4.30957 2 32 741.871 6.98772e-05 1.65792 6 
2.61028 0.000162993 -1 1.03797 0.19227 0.00541282 303.37 27597.4 6 12319.5 2.75238 4.05957 4 5 14157.9 8.55063 4.40352 2 32 763.393 7.41784e-05 1.6563 6 
2.61569 0.000163239 -1 1.039 0.192199 0.00541282 304.416 27556.4 10 15151.5 2.95308 2.34973 5 5 15676.8 10.2181 4.33688 2 32 781.537 7.30234e-05 1.65833 6 
2.62103 0.000163365 -1 1.04003 0.192148 0.00533764 305.457 27516.1 11 15871.5 3.06377 2.17605 5 5 19161.4 7.04218 4.86345 2 31 774.369 7.06015e-05 1.68695 6 
2.62637 0.000163486 -1 1.04106 0.192086 0.00533764 306.49 27476.8 11 11854.5 3.22895 2.10899 6 5 10502.5 5.81518 4.4807 2 31 787.321 7.3974e-05 1.68531 6 
2.63163 0.000163627 -1 1.04207 0.192044 0.00526246 307.504 27439.5 11 14073.5 3.42533 2.13068 6 5 13833.3 10.5502 4.20274 2 30 777.498 7.12536e-05 1.71631 6 
2.63697 0.000163781 -1 1.04309 0.191975 0.00533873 308.549 27399.7 11 14058.6 3.44506 2.12936 6 6 13585 12.8433 3.19201 2 31 815.347 7.85692e-05 1.68394 6 
2.64231 0.000163945 -1 1.04411 0.191916 0.00533873 309.602 27359.4 10 13346.5 2.98393 2.3177 6 8 16347.3 12.6582 2.44841 4 31 829.4 7.7268e-05 1.68577 6 
2.64742 0.00016409 -1 1.04509 0.191856 0.00510993 310.471 27335.6 5 5638.51 3.44452 4.39346 5 4 6486.87 14.4795 4.60066 3 27 771.641 9.76249e-05 1.80084 6 
2.65253 0.000164383 -1 1.04607 0.191799 0.00510993 311.359 27310.2 8 12542.7 3.53787 2.77783 5 5 16531.9 8.13395 4.5878 2 27 788.962 9.6675e-05 1.80298 6 
2.65763 0.000164604 -1 1.04705 0.191735 0.00510993 312.537 27259.8 6 14499.6 3.44392 4.01838 4 5 15389.1 10.4555 4.30105 2 38 805.677 8.31064e-05 1.52706 6 
2.66274 0.000164834 -1 1.04803 0.191672 0.00510993 313.57 27222.2 9 12248.1 3.72607 2.459 4 5 12924.4 9.43575 4.23962 2 29 820.72 7.44487e-05 1.7492 6 
2.66785 0.000165002 -1 1.04901 0.191595 0.00510993 314.636 27182 10 14356.5 3.82617 2.27734 4 5 13099.9 11.2537 4.10388 2 28 835.578 6.27592e-05 1.79655 6 
2.67296 0.000165204 -1 1.04999 0.191517 0.00510993 315.734 27139.4 10 14570.2 3.55188 2.29774 6 5 18513.2 13.8248 4.2205 2 28 850.811 6.68442e-05 1.79367 6 
2.678 0.000165372 -1 1.05095 0.191452 0.00503131 316.753 27103.8 6 10821.3 3.77986 3.7682 6 5 11402.3 15.6786 3.7354 2 27 839.136 6.28608e-05 1.83614 6 
2.68273 0.000165496 -1 1.05186 0.19144 0.00473535 317.667 27077.4 6 8011.67 3.71446 3.5945 6 5 7985.72 14.45 3.53581 2 23 754.845 9.92466e-05 1.9915 6 
2.68747 0.000165632 -1 1.05276 0.191399 0.00473535 318.593 27050.2 8 8441.17 3.84976 2.6159 7 5 8407.42 5.48462 4.33614 2 23 766.761 9.66396e-05 1.99516 6 
2.6922 0.000165777 -1 1.05367 0.191342 0.00473535 319.516 27023.3 8 14504.2 4.02439 2.78355 7 6 17572.8 5.57402 3.82924 2 23 776.096 9.58643e-05 1.99691 6 
2.69694 0.000165925 -1 1.05458 0.191274 0.00473535 320.374 27002.1 8 16029.4 4.14532 2.80815 7 5 16481 16.7347 3.96892 2 23 784.165 9.30378e-05 2.00041 6 
2.70146 0.000166062 -1 1.05544 0.191242 0.00452332 321.152 26987.6 8 13639.8 4.22016 2.7459 7 5 14226.8 8.41927 4.42147 2 21 720.94 7.55595e-05 2.14962 6 
2.70592 0.000166201 -1 1.05629 0.191189 0.00445581 321.881 26977.4 8 12688.2 4.74689 2.68148 7 5 13265 4.06848 5.04261 2 20 704.551 9.36909e-05 2.20704 6 
2.71037 0.000166355 -1 1.05715 0.19114 0.00445581 322.597 26968.3 8 12675 4.99945 2.66381 8 5 15141.8 5.3166 4.90805 2 20 708.043 9.65564e-05 2.20427 6 
2.71483 0.000166518 -1 1.05799 0.191102 0.00445581 323.316 26959.1 7 8553.01 5.0002 2.89652 8 5 9048.28 11.6739 3.7833 2 20 710.715 9.72051e-05 2.20394 6 
2.71928 0.000166672 -1 1.05884 0.191083 0.00445581 324.099 26944.5 7 8717.92 4.86939 2.91545 8 5 7864.14 9.2964 3.85006 2 21 718.595 4.85922e-05 2.19495 6 
2.72381 0.000166828 -1 1.05971 0.19108 0.00452768 324.835 26933.8 6 9273.31 4.24339 3.60236 8 5 8004.65 6.66416 4.12971 2 21 750.439 8.38569e-05 2.14307 6 
2.72834 0.000166974 -1 1.06058 0.191091 0.00452768 325.647 26917 5 13065.6 4.11929 5.01489 7 5 7744.17 6.98107 4.06453 2 24 757.708 9.49007e-05 1.93907 6 
2.73294 0.000167127 -1 1.06146 0.191093 0.00460442 326.441 26901.7 6 16415.2 4.1224 3.98122 6 6 18313.6 15.237 3.26071 2 23 790.568 8.35234e-05 2.01053 6 
2.73755 0.000167279 -1 1.06234 0.191095 0.00460442 327.21 26888.6 7 19418.1 4.21558 3.33684 6 5 20903.5 15.5688 4.22273 2 22 795.292 7.85478e-05 2.08174 6 
2.74223 0.000167443 -1 1.06323 0.191067 0.00468664 328.008 26873.1 8 19857 4.31834 2.86962 7 5 20749.9 16.0211 4.19242 2 23 827.407 7.42279e-05 2.02487 6 
2.74692 0.000167594 -1 1.06412 0.191046 0.00468664 328.806 26857.7 8 16501.2 4.47199 2.79175 7 5 16430 10.4315 4.35972 2 23 827.637 8.25224e-05 2.01559 6 
2.75161 0.000167745 -1 1.06502 0.191018 0.00468664 329.625 26840.7 9 13498 4.30838 2.44591 8 5 12289.3 5.02229 4.76129 2 23 825.315 8.24132e-05 2.01546 6 
2.75638 0.000167896 -1 1.06593 0.191005 0.00477677 330.498 26819.4 9 10932.4 3.78097 2.4242 8 5 11120.3 8.75584 4.17603 2 25 852.676 5.35867e-05 1.94119 6 
2.76126 0.00016803 -1 1.06686 0.190962 0.0048723 331.401 26795.7 8 18045.1 4.03734 2.85945 8 6 12054.9 15.8806 3.02029 2 26 879.92 6.21508e-05 1.88382 6 
2.76623 0.000168177 -1 1.06782 0.190969 0.00497381 332.331 26770 8 14126.3 3.68269 2.80532 8 5 12711.8 16.1411 3.79538 2 27 907.198 9.09951e-05 1.8164 6 
2.7712 0.000168313 -1 1.06877 0.190965 0.00497381 333.278 26743.1 10 11348.7 3.62358 2.23656 7 6 10034.2 16.0174 2.92515 3 27 895.752 8.70573e-05 1.81852 6 
2.77618 0.000168445 -1 1.06971 0.190953 0.00497381 334.248 26714.5 10 18152.6 3.5436 2.34936 7 8 19832.7 15.749 2.44071 4 27 882.756 9.04312e-05 1.81498 6 
2.78115 0.000168572 -1 1.07066 0.190891 0.00497381 335.232 26685 11 20592.7 3.97872 2.17587 7 9 21278 13.2021 2.27178 6 27 868.096 8.56887e-05 1.81747 6 
2.78624 0.000168712 -1 1.07163 0.190829 0.00508948 336.267 26651.6 10 18786.1 3.82596 2.33943 7 7 19824.2 14.9528 2.79298 6 29 891.293 7.38501e-05 1.75467 6 
2.79146 0.000168849 -1 1.07262 0.190768 0.00521361 337.352 26614.4 10 15826.6 3.10692 2.34804 6 7 15054 14.2743 2.70316 6 31 913.933 7.25226e-05 1.69452 6 
2.79667 0.000168957 -1 1.07362 0.190723 0.00521361 338.371 26582.7 5 14980.6 2.60688 5.64783 4 6 13092.9 14.4556 3.11052 5 31 889.212 7.33411e-05 1.69241 6 
2.80202 0.00016895 -1 1.07464 0.190783 0.00535081 339.757 26522.5 10 15468.8 2.98212 2.3523 5 6 12332.9 11.1834 3.21427 5 44 908.857 9.26402e-05 1.44179 6 
2.80737 0.000168864 -1 1.07566 0.190646 0.00535081 340.784 26490.6 7 13659.3 3.15288 3.30774 4 8 12360.1 12.6464 2.3646 4 31 878.095 9.87821e-05 1.67555 6 
2.81272 0.000168782 -1 1.07667 0.190467 0.00535081 341.78 26461.4 10 20791.7 3.19597 2.40618 3 8 19047 11.7304 2.5195 4 29 840.996 6.50214e-05 1.75886 6 
2.81823 0.000168727 -1 1.07772 0.190286 0.00550819 342.78 26432 12 16894.6 3.25301 2.03996 3 6 15860 10.1424 3.40691 3 30 842.256 7.07354e-05 1.72131 6 
2.82374 0.000168611 -1 1.07877 0.190211 0.00550819 343.816 26400 11 16759 2.47955 2.22931 3 6 13598.3 11.2133 3.26557 3 30 782.233 6.72558e-05 1.71997 6 
2.82925 0.000168439 -1 1.07982 0.190358 0.00550819 344.827 26370.1 14 19403.4 2.92673 1.87484 2 4 12577.4 11.3706 5.76703 3 30 725.355 9.9106e-05 1.69362 6 
2.83475 0.000168135 -1 1.08087 0.190557 0.00550819 345.865 26338.3 12 18966.5 2.80216 2.08549 2 6 13675.6 7.21533 3.51788 2 32 676.412 8.49741e-05 1.64306 6 
2.84026 0.000167986 -1 1.08191 0.190779 0.00550819 346.91 26306.2 13 8273.97 3.04877 1.83706 2 7 6547.9 10.7436 2.49949 2 32 630.297 6.97797e-05 1.64956 6 
2.84577 0.000167827 -1 1.08296 0.190979 0.00550819 347.943 26275.2 14 8608 2.66961 1.78075 2 9 8822.48 11.2746 2.09652 2 31 616.334 8.58968e-05 1.66401 6 
2.85128 0.000167716 -1 1.08401 0.191203 0.00550819 349.007 26242 15 9457.35 3.19898 1.70366 2 11 8118.22 10.866 1.82481 2 31 655.85 7.33861e-05 1.67584 6 
2.85679 0.00016758 -1 1.08507 0.191374 0.00550819 349.984 26215.6 9 10832.6 2.73812 2.51014 2 9 10858.9 11.6142 2.1384 2 30 698.247 9.93742e-05 1.69132 6 
2.86252 0.000167752 -1 1.08617 0.191441 0.00572852 351.026 26184.5 8 12522 2.70484 2.87205 2 8 10561.1 10.5983 2.37033 2 33 804.22 9.97805e-05 1.61913 6 
2.86824 0.000168262 -1 1.08726 0.191464 0.00572852 352.097 26151.3 16 14126.9 2.82228 1.703 2 5 11283.3 9.43685 4.12593 2 33 850.195 8.21076e-05 1.63147 6 
2.87373 0.000168441 -1 1.0883 0.1914 0.00548983 353.664 26081.8 13 12540.4 3.0412 1.89713 3 8 10827.1 11.3401 2.35769 3 51 825.455 8.35019e-05 1.37138 6 
2.87922 0.000168599 -1 1.08935 0.191238 0.00548983 354.798 26044.6 14 10224.1 2.66229 1.80313 3 8 10641.7 12.0151 2.33566 3 34 868.772 9.99594e-05 1.59989 6 
2.88471 0.000168712 -1 1.0904 0.190964 0.00548983 355.869 26012.3 12 12580.8 2.74477 2.01883 4 10 12253.6 11.1307 2.01453 3 30 907.348 6.08541e-05 1.73427 6 
2.8902 0.000168818 -1 1.09145 0.19062 0.00548983 356.919 25981.7 12 14393.1 2.88421 2.03319 4 9 13533.7 11.6694 2.19021 3 30 940.205 6.78482e-05 1.73004 6 
2.89569 0.000168918 -1 1.09251 0.190229 0.00548983 357.966 25951.4 13 14085 2.56489 1.9394 4 11 12845.3 11.1447 1.89817 3 30 967.266 7.81162e-05 1.72356 6 
2.90091 0.000169001 -1 1.09349 0.189834 0.00521534 358.987 25923.2 10 8392.86 2.95601 2.21473 5 10 7995.8 13.9102 1.88779 3 27 893.792 6.15825e-05 1.84184 6 
2.90612 0.000169098 -1 1.09447 0.189452 0.00521534 359.92 25901.6 11 19129 3.44721 2.1897 4 8 11944.5 12.4933 2.3581 3 27 909.711 7.43891e-05 1.83019 6 
2.91165 0.000169223 -1 1.09552 0.189014 0.00552212 361.005 25869.1 14 15909.5 2.82503 1.85312 4 7 15816.8 12.2651 2.78195 4 32 1030.22 8.58763e-05 1.66426 6 
2.91717 0.000169329 -1 1.09656 0.188608 0.00552212 362.119 25834.8 14 17965.4 2.83683 1.86872 4 8 16619.5 13.0428 2.44431 4 33 1034.18 8.2622e-05 1.64088 6 
2.92235 0.000169426 -1 1.09754 0.188312 0.00517699 363.063 25812.7 10 14276 3.46684 2.29862 4 7 12637.9 12.7542 2.67919 4 28 908.051 9.81265e-05 1.77336 6 
2.92752 0.000169549 -1 1.09852 0.18803 0.00517699 364.289 25770.9 5 10178.1 3.51148 4.92533 3 4 11391 8.10545 6.12275 3 29 903.313 8.27035e-05 1.74864 6 
2.9327 0.000169807 -1 1.09949 0.187867 0.00517699 365.432 25735.1 5 16244.9 3.41532 5.43822 3 4 15430.5 10.3914 6.20764 2 30 895.225 7.42132e-05 1.72206 6 
2.93788 0.000170067 -1 1.10046 0.187831 0.00517699 366.643 25694.8 9 18690.9 3.04425 2.63576 4 5 18823.1 4.51207 5.2974 2 31 885.49 7.25039e-05 1.69281 6 
2.94305 0.000170048 -1 1.10143 0.187743 0.00517699 367.833 25656.2 9 16959.3 3.18289 2.59457 5 5 15779.5 8.40934 4.51509 2 35 872.653 7.39746e-05 1.59239 6 
2.94823 0.000169962 -1 1.1024 0.187676 0.00517699 369.045 25616.3 12 9537.94 3.13568 1.95101 5 7 10583 14.7103 2.55942 3 33 858.482 8.58635e-05 1.62974 6 
2.95341 0.000169843 -1 1.10337 0.187627 0.00517699 370.297 25573.9 13 17015 3.03964 1.94226 5 9 16212.7 13.7629 2.19401 4 34 843.456 9.74343e-05 1.5997 6 
2.95858 0.000169719 -1 1.10435 0.187639 0.00517699 371.525 25533.5 13 19743.9 3.31502 1.95155 5 9 20489.4 14.0754 2.24622 4 36 827.561 8.46821e-05 1.56375 6 
2.96376 0.000169575 -1 1.10531 0.187669 0.00517699 372.803 25490 15 17207.2 3.19394 1.7732 4 10 16093.2 13.4859 2.03084 4 38 811.287 7.40783e-05 1.53197 6 
2.96894 0.000169418 -1 1.10628 0.187736 0.00517699 374.143 25442.4 15 11062.3 3.03019 1.72779 4 10 12214.3 14.3332 1.9636 4 40 794.732 6.67702e-05 1.50276 6 
2.97412 0.00016925 -1 1.10725 0.187811 0.00517699 376.099 25353.7 16 17850.6 3.23264 1.71349 4 10 17393.4 14.6648 2.0296 4 42 778.175 8.34106e-05 1.46538 6 
2.97929 0.000169082 -1 1.10822 0.187919 0.00517699 378.219 25254.9 15 20305.4 3.18899 1.79307 4 11 20531.8 12.6242 1.95853 4 45 761.882 7.96664e-05 1.4293 6 
2.98447 0.000168924 -1 1.1092 0.188055 0.00517699 380.586 25140.9 13 15427.1 3.51376 1.90631 4 9 14377.9 12.6705 2.18491 4 48 745.901 7.38224e-05 1.39935 6 
2.98965 0.000168738 -1 1.11018 0.188191 0.00517699 382.761 25040.8 11 13815.8 3.66793 2.11391 4 7 14935.8 14.6342 2.69053 4 50 730.322 9.64924e-05 1.37272 6 
2.99482 0.000168551 -1 1.11114 0.188326 0.00517699 385.03 24935.8 10 19218.5 3.34231 2.37666 4 8 18922.7 12.1417 2.50662 4 53 714.726 9.19798e-05 1.34899 6 
3 0.000168385 -1 1.11211 0.18848 0.00517699 387.419 24824.3 9 20286.2 3.27046 2.63876 4 7 19559.5 13.2314 2.83676 4 57 698.94 8.20209e-05 1.32309 6 

# Multigrid, 587 steps, 362.803 CPU, 388.8 real, 2.47e+04 points.step/s, 24 var
