t sb -1 xb vb dt perf.t perf.speed
0 0 -1 0.5 0 0.000202385 0 0 
0.000202385 0 -1 0.5 0.000277371 0.000202385 0.004626 221358 1 31.36 171.964 0.182363 4 
0.00491164 -3.20226e-06 -1 0.5 0.00279698 0.00470926 0.017833 114843 11 124.49 4.22267 1.36018 6 6 121.397 14.4716 1.42544 6 2 0.0302962 6.62054e-06 67.6468 3 
0.0137207 -2.4888e-05 -1 0.500023 0.00823666 0.00880908 0.028455 107960 6 23.6562 1.07 1.6753 6 7 108.759 4.18582 1.59257 7 3 0.0516701 6.94035e-05 9.06329 2 
0.0262156 -4.04347e-05 -1 0.500123 0.0159162 0.0124949 0.035415 115657 2 12.6878 0.278551 6.74901 6 5 14.322 2.09355 1.46901 8 6 0.121471 3.11641e-05 3.96707 2 
0.0421182 -3.60683e-05 -1 0.500371 0.0253284 0.0159026 0.041487 123412 2 13.0287 0.319583 6.38496 6 3 5.25203 1.25128 1.61309 9 7 0.224457 5.54858e-05 3.27551 2 
0.061079 -1.06165e-05 -1 0.500845 0.0360388 0.0189608 0.049165 124967 6 28.9428 0.253898 2.20198 6 2 4.57169 0.728923 2.50437 10 8 0.422952 8.01821e-05 2.91929 2 
0.0828488 3.66257e-06 -1 0.501622 0.0481347 0.0217698 0.055681 128733 2 56.6594 0.185351 17.4839 6 2 13.5476 0.235663 7.58203 10 10 0.720805 5.39935e-05 2.58552 2 
0.107158 3.29681e-06 -1 0.502787 0.0613291 0.0243096 0.063226 129567 3 68.8722 0.132475 8.04087 5 2 19.7337 0.304244 8.05366 10 12 1.01573 9.21058e-05 2.17207 2 
0.133698 -4.00874e-06 -1 0.504411 0.0753273 0.0265398 0.075749 121665 4 100.448 0.0549653 6.53828 4 2 29.6946 0.353363 9.16702 10 28 1.25062 9.39217e-05 1.40378 2 
0.162361 -5.93258e-06 -1 0.506574 0.0899241 0.028663 0.092923 110199 10 158.234 0.114362 2.06111 5 3 48.88 0.293949 5.49904 9 28 3.72098 6.91159e-05 1.47559 3 
0.192873 -2.62493e-07 -1 0.509333 0.104916 0.0305122 0.106297 105967 9 79.2117 0.103098 2.09226 6 3 25.0373 0.40258 3.96197 9 14 5.53799 3.97254e-05 2.3305 4 
0.225139 5.92041e-06 -1 0.512743 0.120136 0.0322658 0.44705 27486.9 10 151.488 0.0709934 2.15237 6 100 44.3139 0.432474 1.04738 100 11 5.03414 5.01572e-05 2.84898 4 
0.258979 1.12589e-05 -1 0.516842 0.135365 0.0338398 1.05174 12657.2 8 207.608 0.0758973 2.68923 7 100 72.3885 0.43994 1.05236 100 12 4.37491 6.57639e-05 2.52299 4 
0.29412 1.82685e-05 -1 0.521636 0.150369 0.0351413 1.64945 8691.38 7 150.366 0.0750827 2.9625 7 100 77.8112 0.391694 1.05434 100 10 8.14535 6.13792e-05 3.25304 4 
0.329724 2.63362e-05 -1 0.52701 0.164665 0.0356037 1.66444 9228.34 10 241.668 0.0725985 2.25024 6 1 78.6831 0.276769 284.291 100 7 4.02241 8.16975e-05 4.68086 4 
0.365809 3.3433e-05 -1 0.532887 0.178072 0.0360848 1.68532 9721.58 10 505.039 0.0732587 2.42017 6 2 221.626 0.244685 30.0959 99 7 4.27801 3.17997e-05 5.40366 4 
0.401894 4.07718e-05 -1 0.539323 0.190354 0.0360848 2.29045 7600.26 13 1030.21 0.0738991 2.08349 6 100 443.168 0.462955 1.07105 100 8 8.74476 3.33624e-05 4.75676 3 
0.435635 4.46824e-05 -1 0.545788 0.200922 0.0337416 2.89173 6374.04 12 378.231 0.0740001 2.03725 6 100 113.455 0.452544 1.0568 100 7 9.80423 7.52746e-05 5.37874 3 
0.46769 4.83833e-05 -1 0.552266 0.209932 0.0320546 3.4974 5562.99 13 291.617 0.0694732 1.89973 6 100 175.412 0.549401 1.05936 100 12 5.72099 8.93302e-05 2.51501 3 
0.498572 5.22235e-05 -1 0.55869 0.217576 0.0308818 4.10667 4987.01 10 271.78 0.0750366 2.26931 7 100 175.536 0.648449 1.05761 100 17 5.55321 8.51121e-05 1.91959 3 
0.528709 5.75348e-05 -1 0.565228 0.224231 0.0301377 4.7108 4564.83 4 445.769 0.0872218 8.45515 6 100 182.367 0.896362 1.05459 100 17 6.48073 5.57678e-05 1.98589 3 
0.558129 7.09454e-05 -1 0.571822 0.229914 0.0294201 5.33897 4219.54 4 1250.44 0.102288 10.515 5 100 569.164 0.521426 1.07246 100 19 4.25477 9.86102e-05 1.75366 3 
0.586857 9.56126e-05 -1 0.578378 0.234284 0.0287279 5.3568 4396.65 8 365.784 0.107247 2.76443 4 1 169.539 0.423249 400.567 100 17 9.32729 4.97617e-05 2.04253 4 
0.615247 0.000115914 -1 0.585014 0.237969 0.0283899 5.96968 4116.8 7 573.913 0.107268 3.40898 4 100 238.552 1.08294 1.05543 100 15 6.03196 5.27048e-05 2.17391 4 
0.643637 0.00013629 -1 0.591822 0.240893 0.0283899 6.58242 3889.14 7 249.14 0.111634 3.00869 4 100 179.904 0.972308 1.05359 100 12 5.96269 7.42728e-05 2.56282 4 
0.671689 0.000155486 -1 0.598446 0.243038 0.0280519 7.19169 3702.05 9 470.209 0.122598 2.5015 3 100 154.781 0.856545 1.05334 100 8 4.28809 9.7768e-05 3.80416 4 
0.699741 0.000173782 -1 0.605192 0.244584 0.0280519 7.80598 3541.9 13 817.037 0.123126 1.96785 4 100 367.51 0.644855 1.06551 100 8 5.31405 4.8617e-05 4.26412 4 
0.727793 0.000188251 -1 0.612125 0.24562 0.0280519 7.82749 3662.99 13 1009.29 0.106318 2.02281 6 2 430.897 0.501317 29.3177 99 8 9.2975 3.11635e-05 4.83437 4 
0.755845 0.000192665 -1 0.618853 0.245843 0.0280519 8.43696 3519.75 8 516.119 0.115398 2.85969 6 100 191.312 0.712398 1.05752 100 8 7.79087 3.69874e-05 4.62851 4 
0.784252 0.000198501 -1 0.625789 0.245746 0.028407 9.05074 3394.2 8 275.931 0.111524 2.6557 7 100 215.62 0.672125 1.05941 100 8 5.66727 4.55697e-05 4.33348 4 
0.812659 0.000205256 -1 0.632769 0.245366 0.028407 9.06527 3501.72 6 463.494 0.118062 3.97181 6 1 162.837 0.493228 330.146 100 8 7.27486 2.20665e-05 4.8951 4 
0.841066 0.000216483 -1 0.639628 0.244666 0.028407 9.07799 3609.61 6 454.669 0.116543 3.96766 5 1 197.554 0.356684 553.862 100 7 4.43951 5.14726e-05 5.07117 4 
0.869852 0.000234265 -1 0.646592 0.243326 0.0287858 9.09455 3715.63 12 1617.62 0.119298 2.2098 5 1 722.421 0.231019 3127.1 100 11 6.64897 4.67791e-05 2.94054 4 
0.898638 0.000241207 -1 0.653488 0.241838 0.0287858 9.70243 3588.38 10 588.429 0.108862 2.36201 5 100 201.76 0.640449 1.05921 100 12 8.83291 7.38944e-05 2.64926 4 
0.927823 0.000246836 -1 0.660533 0.240148 0.0291856 10.308 3476.91 12 273.65 0.0858702 1.9586 5 100 233.273 0.581213 1.06178 100 11 9.55357 9.66052e-05 2.84515 4 
0.957009 0.000251731 -1 0.667447 0.238509 0.0291856 10.9103 3378.83 12 529.236 0.115719 2.01846 5 100 202.556 0.619661 1.0596 100 8 5.49742 5.08355e-05 4.25842 4 
0.986617 0.000258539 -1 0.674426 0.2366 0.0296086 10.9304 3466.31 12 401.821 0.10813 1.98384 4 2 220.749 0.442603 22.3328 99 7 5.41345 2.63356e-05 5.74103 4 
1.01623 0.000264653 -1 0.681334 0.234458 0.0296086 10.9465 3554.74 15 1843.11 0.0950651 1.93124 5 1 842.419 0.422589 1993.47 99 10 7.32037 6.26247e-05 3.21202 3 
1.04628 0.000267667 -1 0.688277 0.232092 0.0300572 11.5498 3457.73 14 626.527 0.0862573 1.8871 5 100 226.426 0.52561 1.06253 100 10 9.25163 6.18354e-05 3.29229 3 
1.07634 0.000270597 -1 0.695183 0.229841 0.0300572 12.1548 3369.87 12 329.584 0.0822677 1.99631 5 100 284.858 0.491423 1.06569 100 19 13.0035 7.29899e-05 1.88955 2 
1.10687 0.000274385 -1 0.702092 0.22758 0.0305343 12.7567 3291.13 9 627.84 0.107075 2.62231 6 100 286.904 0.674105 1.0624 100 14 6.45699 8.60421e-05 2.22965 3 
1.13741 0.000281514 -1 0.708942 0.225536 0.0305343 12.771 3367.63 7 707.631 0.0965151 3.56593 4 1 334.454 0.153936 2172.68 100 14 8.88221 8.61217e-05 2.28087 2 
1.16845 0.000293905 -1 0.715861 0.223409 0.0310432 12.7895 3442.83 8 1147.34 0.101698 3.21031 4 1 503.452 0.063917 7876.66 100 19 14.0076 7.6723e-05 1.89199 4 
1.1995 0.00030607 -1 0.722736 0.221424 0.0310432 12.8066 3518.18 9 721.639 0.0808068 2.7478 4 1 295.553 0.240955 1226.59 100 15 16.5044 8.72289e-05 2.248 4 
1.23054 0.00031904 -1 0.72955 0.219504 0.0310432 12.8215 3593.97 7 404.968 0.100029 3.27588 4 1 317.24 0.372904 850.728 100 11 17.3381 5.59926e-05 3.15624 4 
1.26158 0.000337562 -1 0.736202 0.217753 0.0310432 13.4279 3507.93 8 523.228 0.0643153 3.08175 5 100 230.164 0.614248 1.06105 100 20 21.5751 7.20302e-05 1.87855 3 
1.29262 0.000351792 -1 0.742881 0.21614 0.0310432 13.4434 3580.05 11 1202.16 0.0899471 2.37186 4 1 610.369 0.0893032 6834.79 100 12 18.7666 3.92933e-05 2.97342 3 
1.32311 0.000359543 -1 0.749393 0.21468 0.0304888 13.4647 3650.43 12 593.441 0.0997642 2.06316 4 1 347.699 0.106076 3277.83 100 32 19.6455 8.50097e-05 1.47102 2 
1.35306 0.000363535 -1 0.755776 0.213407 0.0299444 13.485 3720.88 11 461.946 0.0944853 2.16463 5 1 548.272 0.226059 2425.35 100 29 20.389 8.55922e-05 1.53254 2 
1.38247 0.000367881 -1 0.762011 0.212433 0.0294097 13.5009 3792.34 11 493.674 0.0856387 2.19729 5 1 294.212 0.239697 1227.43 100 15 22.8561 9.20322e-05 2.28913 2 
1.40898 0.00037243 -1 0.767624 0.211946 0.0265169 13.5149 3864.18 8 536.735 0.102225 2.9176 5 1 340.265 0.281864 1207.2 100 12 21.5528 5.73001e-05 2.91482 2 
1.43595 0.000379277 -1 0.77322 0.211303 0.0269664 13.536 3933.8 9 982.421 0.115948 2.7318 4 1 603.484 0.18941 3186.12 100 35 30.133 8.2471e-05 1.4419 2 
1.46159 0.000386968 -1 0.778611 0.210708 0.0256401 13.5632 4001.41 12 612.177 0.144278 2.00589 4 1 389.979 0.326914 1192.91 100 42 31.758 8.1089e-05 1.35883 3 
1.4864 0.000390369 -1 0.783815 0.210155 0.024813 13.5834 4070.84 8 530.877 0.14617 2.78623 4 1 429.337 0.36003 1192.5 100 27 27.3116 7.96055e-05 1.6033 3 
1.51163 0.000394628 -1 0.789103 0.209685 0.0252266 13.6022 4140.52 8 443.853 0.144189 2.72922 4 1 642.806 0.438895 1464.6 100 23 29.0181 7.89213e-05 1.74573 3 
1.53686 0.000400147 -1 0.794312 0.209463 0.0252266 13.624 4209.04 9 481.889 0.145086 2.46183 4 2 413.082 0.602913 26.1753 99 15 31.9188 6.14226e-05 2.40463 3 
1.56008 0.000404513 -1 0.799135 0.20949 0.0232245 13.6382 4279.74 9 815.752 0.162351 2.57771 4 1 771.334 0.0718784 10731.1 99 11 29.3009 6.95761e-05 3.24572 3 
1.58331 0.000409447 -1 0.803928 0.209435 0.0232245 13.6555 4349.3 10 874.563 0.150928 2.37849 4 1 650.675 0.308753 2107.43 99 22 30.651 6.46411e-05 1.81133 2 
1.60653 0.000413641 -1 0.80881 0.209114 0.0232245 13.6725 4418.78 12 631.261 0.157705 1.99617 4 1 555.831 0.584176 951.478 99 19 34.6827 8.53595e-05 1.97335 2 
1.62976 0.000415851 -1 0.813653 0.208813 0.0232245 13.6959 4486.02 11 834.375 0.150186 2.18993 4 2 823.826 0.0235593 186.998 98 22 34.7332 6.67587e-05 1.81898 2 
1.65052 0.000418082 -1 0.81799 0.20887 0.0207613 13.7149 4554.46 8 951.898 0.216714 2.85324 4 2 749.784 0.636289 34.3274 97 10 19.8519 7.00797e-05 3.5093 3 
1.67128 0.000421428 -1 0.822286 0.208757 0.0207613 13.7341 4622.67 5 927.631 0.230377 5.26002 3 2 773.907 0.617476 35.4025 96 13 23.3648 4.23658e-05 2.76476 3 
1.69204 0.000427813 -1 0.826604 0.208596 0.0207613 13.7486 4692.27 10 707.085 0.228394 2.23398 4 1 596.957 0.485191 1230.35 96 13 19.6333 7.77191e-05 2.6036 3 
1.71314 0.000434195 -1 0.830949 0.208372 0.0210961 13.7638 4761.48 7 994.992 0.160003 3.48302 4 1 1019.86 0.42594 2394.37 96 15 17.8672 7.48457e-05 2.28311 3 
1.73126 0.000441242 -1 0.834706 0.20847 0.0181249 13.7774 4831.12 6 783.777 0.258943 3.80334 2 1 864.595 0.139475 6198.91 96 13 20.5268 9.53597e-05 2.57174 3 
1.74939 0.000451317 -1 0.838478 0.208402 0.0181249 13.795 4899.17 7 579.913 0.294013 2.95606 2 1 559.031 0.297407 1879.68 96 24 27.3344 8.51013e-05 1.69609 3 
1.76751 0.000464527 -1 0.842266 0.208304 0.0181249 13.813 4966.91 8 889.041 0.301169 2.71496 2 1 671.847 0.557325 1205.49 96 24 34.572 7.98721e-05 1.7173 3 
1.78563 0.0004767 -1 0.846006 0.208285 0.0181249 13.8399 5031.25 7 950.935 0.273017 3.20623 2 2 1239.87 0.724384 41.3717 95 33 45.0579 7.6721e-05 1.49559 3 
1.80403 0.000489746 -1 0.849825 0.208288 0.0183995 13.858 5098.55 7 525.047 0.254205 2.97559 2 1 632.068 0.842152 750.539 95 25 53.9511 7.5485e-05 1.71461 3 
1.82112 0.000502324 -1 0.85335 0.208496 0.0170852 13.8718 5167.3 5 620.091 0.307022 4.58202 2 1 579.611 0.631393 917.988 95 15 51.1035 7.24313e-05 2.45415 3 
1.83796 0.000511413 -1 0.856849 0.208514 0.0168412 13.8858 5235.84 6 578.076 0.238345 3.66547 2 1 900.349 0.177696 5066.8 95 15 51.704 8.72285e-05 2.42582 3 
1.85388 0.000520975 -1 0.860135 0.208745 0.0159183 13.9003 5304.08 6 548.988 0.311697 3.47514 2 1 746.397 0.351259 2124.92 95 16 54.9767 5.01292e-05 2.38509 3 
1.86896 0.000527416 -1 0.863261 0.208784 0.0150805 13.9138 5372.5 6 585.177 0.38188 3.39542 2 1 678.358 0.445825 1521.58 95 14 55.9411 8.55555e-05 2.60251 3 
1.88384 0.000535852 -1 0.86635 0.208688 0.0148821 13.9275 5440.74 6 706.726 0.423349 3.44423 2 1 675.033 0.570102 1184.06 95 14 59.2423 4.77493e-05 2.72434 3 
1.89913 0.000546113 -1 0.869563 0.208411 0.0152898 13.9418 5508.6 8 946.613 0.421107 2.62405 3 1 1159.15 0.494433 2344.39 95 14 66.1015 7.46174e-05 2.65957 3 
1.91464 0.000551843 -1 0.872813 0.208102 0.0155052 13.9616 5574.15 6 665.226 0.307707 3.59588 3 2 962.28 0.764087 35.4878 94 14 70.2677 8.63882e-05 2.64341 3 
1.93037 0.000556879 -1 0.876118 0.207807 0.0157299 13.9758 5641.74 6 791.291 0.39067 3.55703 3 1 835.211 0.928895 899.145 94 15 75.1409 4.59933e-05 2.59545 3 
1.94587 0.000562919 -1 0.879334 0.20768 0.0155019 13.9904 5709.06 9 1283.13 0.366194 2.47651 3 1 1491.73 1.28889 1157.37 94 14 77.2856 9.91239e-05 2.63543 3 
1.96011 0.000567766 -1 0.882292 0.207548 0.014245 14.0039 5776.68 8 1435.49 0.357225 2.82168 3 1 1368.73 0.975231 1403.49 94 12 70.5335 4.94328e-05 3.25735 3 
1.97436 0.000574885 -1 0.885226 0.207013 0.014245 14.0174 5844.16 8 2012.38 0.463353 2.84921 3 1 1511.16 1.46744 1029.79 94 12 75.7112 4.32554e-05 3.31329 3 
1.9888 0.000582214 -1 0.888201 0.20597 0.0144457 14.0303 5911.77 6 1650.02 0.473986 3.89303 2 1 1509.92 1.88378 801.541 94 12 71.2556 3.63335e-05 3.34485 3 
2.0039 0.000595628 -1 0.891272 0.204609 0.0150925 14.049 5976.79 7 2206.07 0.410099 3.41163 2 2 1581.97 0.297676 72.8999 93 12 77.1643 4.09825e-05 3.33351 3 
2.01946 0.000605664 -1 0.894427 0.203212 0.0155641 14.0621 6044.06 7 2264.04 0.342416 3.51367 2 1 1757.63 1.37523 1278.06 93 12 77.5973 4.54898e-05 3.30619 3 
2.03528 0.000606736 -1 0.897617 0.201898 0.0158151 14.0755 6111.06 10 1332.95 0.378043 2.26322 2 1 1287.61 1.07917 1193.15 93 11 59.7431 3.01813e-05 3.73606 3 
2.05135 0.00060452 -1 0.900869 0.200917 0.0160787 14.0904 6177.26 10 2588.22 0.370124 2.42362 2 1 2382.63 0.204517 11650 93 15 59.0884 5.61771e-05 2.52036 3 
2.06743 0.000601493 -1 0.904094 0.200164 0.0160787 14.1049 6243.48 10 2847.85 0.315361 2.4864 3 1 2760.39 1.0363 2663.71 93 14 57.5161 7.10931e-05 2.64239 3 
2.08351 0.000601778 -1 0.907331 0.199653 0.0160787 14.1206 6309.1 11 2133.3 0.301997 2.23828 3 1 2343.41 0.997138 2350.13 93 16 47.8659 5.43429e-05 2.35264 3 
2.10018 0.000603572 -1 0.910664 0.199217 0.0166634 14.1399 6372.87 7 973.712 0.291317 3.18741 4 2 1160.75 0.82865 37.4269 92 13 32.4922 9.10399e-05 2.67374 3 
2.11782 0.000607973 -1 0.914187 0.198798 0.0176436 14.1589 6436.66 7 812.916 0.259111 3.1587 4 2 713.61 0.472095 38.879 91 12 37.5153 4.21336e-05 3.13183 3 
2.13582 0.00061441 -1 0.917729 0.198541 0.0180037 14.1715 6503.17 7 1187.83 0.236942 3.37744 4 1 1102.16 0.468216 2353.95 91 10 37.7697 9.28118e-05 3.63877 3 
2.15421 0.000620643 -1 0.921336 0.19846 0.0183867 14.1839 6569.71 6 1140.18 0.291749 3.96881 4 1 1280.67 0.614126 2085.35 91 10 38.5107 5.82137e-05 3.81993 3 
2.1726 0.000630294 -1 0.924925 0.198437 0.0183867 14.1971 6635.73 9 1088.76 0.268806 2.51671 3 1 1201.47 0.317775 3780.88 91 10 37.2245 2.68814e-05 4.1128 3 
2.19098 0.000635488 -1 0.928559 0.198191 0.0183867 14.2094 6702.04 10 985.708 0.28221 2.26109 3 1 1180.81 0.382439 3087.57 91 7 20.6966 3.75657e-05 6.60934 3 
2.2098 0.000639587 -1 0.932273 0.197713 0.0188143 14.2306 6764.03 9 771.971 0.246846 2.44542 3 2 1023.76 0.579888 42.0172 90 21 10.5584 6.63917e-05 1.76884 2 
2.22907 0.000643621 -1 0.93609 0.197275 0.0192732 14.2487 6827.3 5 502.972 0.229769 4.6564 3 2 461.985 0.68273 26.0129 89 15 12.0377 9.01324e-05 2.1964 2 
2.24936 0.00065304 -1 0.940092 0.196999 0.0202876 14.2641 6891.7 8 621.388 0.163888 2.80125 3 1 568.452 0.815318 697.214 89 22 18.7714 6.8446e-05 1.7668 2 
2.26965 0.000659335 -1 0.944108 0.196944 0.0202876 14.2837 6953.95 9 888.126 0.201724 2.54014 3 1 832.79 0.508983 1636.18 89 35 26.4599 9.56508e-05 1.43048 2 
2.28993 0.000664825 -1 0.948124 0.196795 0.0202876 14.2968 7019.17 8 1222.56 0.232061 2.91883 3 1 1229.21 0.318409 3860.49 89 14 16.5583 4.96419e-05 2.48034 2 
2.31022 0.000672797 -1 0.952101 0.196594 0.0202876 14.3118 7083.37 8 898.106 0.199666 2.86172 3 1 1056.15 0.7777 1358.05 89 20 13.6426 8.52749e-05 1.82056 2 
2.33112 0.000682022 -1 0.956169 0.196231 0.0209024 14.3264 7147.62 8 1068.87 0.181321 2.96012 3 1 708.414 0.546097 1297.23 89 15 12.3035 8.47986e-05 2.20856 3 
2.3527 0.000690522 -1 0.96038 0.195868 0.0215767 14.3462 7209.17 7 502.63 0.189796 3.08315 4 1 374.026 0.583817 640.657 89 29 11.1149 7.39189e-05 1.50842 3 
2.37428 0.000699979 -1 0.964578 0.195604 0.0215767 14.3679 7269.52 5 690.265 0.187467 5.16676 3 1 533.06 0.159748 3336.88 89 36 11.5657 8.19609e-05 1.39009 3 
2.39513 0.000710253 -1 0.968649 0.195529 0.0208574 14.3844 7332.41 6 611.674 0.223628 3.73966 3 1 715.409 0.731146 978.476 89 21 14.9007 7.97538e-05 1.78247 3 
2.41599 0.00072185 -1 0.97272 0.195548 0.0208574 14.3988 7396.2 7 1060.38 0.206037 3.39013 3 1 1014.05 0.155613 6516.45 89 15 15.0235 8.25593e-05 2.24216 3 
2.43685 0.000731303 -1 0.976819 0.195606 0.0208574 14.4117 7460.63 6 1036.09 0.226561 4.07413 3 1 1045.1 0.297295 3515.37 89 12 13.6672 9.49342e-05 2.69063 3 
2.45851 0.000742524 -1 0.981087 0.195686 0.0216596 14.4334 7520.32 7 772.393 0.186034 3.2877 3 1 760.561 0.164033 4636.63 89 43 14.2957 9.11765e-05 1.32075 2 
2.48107 0.000753507 -1 0.985527 0.195624 0.0225621 14.4509 7582.07 11 1124.13 0.153648 2.24543 3 1 492.996 0.096742 5095.99 89 25 14.2957 6.63631e-05 1.6343 2 
2.50363 0.00075723 -1 0.989872 0.19557 0.0225621 14.47 7642.86 10 444.288 0.17517 2.18988 3 1 307.916 0.23853 1290.89 89 31 13.727 7.8805e-05 1.47593 2 
2.5262 0.000762081 -1 0.994238 0.195499 0.0225621 14.4852 7705.51 9 448.022 0.183055 2.37971 4 1 542.135 0.591249 916.932 89 20 19.1686 6.99828e-05 1.87017 2 
2.54773 0.000768602 -1 0.998408 0.195621 0.0215366 14.499 7768.8 9 767.271 0.176188 2.53706 3 1 587.819 0.329899 1781.82 89 13 19.7543 8.00959e-05 2.5988 2 
2.56927 0.000773583 -1 1.0026 0.195767 0.0215366 14.5124 7832.21 9 868.778 0.185819 2.55716 3 1 794.84 0.160007 4967.55 89 13 18.376 4.30591e-05 2.71076 2 
2.59194 0.000780044 -1 1.00704 0.195898 0.0226701 14.5259 7895.42 10 830.779 0.162566 2.3488 3 1 735.332 0.470225 1563.79 89 13 17.0365 7.65933e-05 2.57823 2 
2.61461 0.000788282 -1 1.01153 0.196099 0.0226701 14.5425 7956.79 10 1358.59 0.146501 2.49301 3 1 664.987 0.638756 1041.07 89 23 16.8462 7.49688e-05 1.70875 2 
2.63728 0.000794147 -1 1.01601 0.196243 0.0226701 14.5622 8016.38 12 698.857 0.156493 2.01446 3 1 578.565 0.772892 748.572 89 25 15.1245 6.98522e-05 1.63463 3 
2.66146 0.00079769 -1 1.02068 0.196258 0.0241814 14.5818 8075.85 12 606.143 0.143564 2.00506 3 1 378.517 0.271048 1396.49 89 24 21.1873 9.83528e-05 1.66809 3 
2.68262 0.000801984 -1 1.02478 0.196494 0.0211587 14.5975 8137.26 10 360.238 0.19892 2.11734 3 1 813.389 0.147932 5498.4 89 16 21.1836 5.40445e-05 2.23655 3 
2.70378 0.000807092 -1 1.02891 0.196775 0.0211587 14.6109 8199.93 8 692.28 0.208185 2.75568 3 1 573.219 0.579198 989.677 89 12 22.1018 8.73159e-05 2.82019 3 
2.72656 0.000814099 -1 1.03338 0.197094 0.0227863 14.625 8261.99 11 773.31 0.112259 2.23317 4 1 630.382 0.333144 1892.22 89 12 23.6295 6.53018e-05 2.90543 3 
2.74935 0.000819967 -1 1.03788 0.19756 0.0227863 14.6418 8322.48 5 820.311 0.171853 5.44207 3 1 632.128 0.574913 1099.52 89 28 20.7023 6.86582e-05 1.56924 2 
2.77214 0.000828257 -1 1.04247 0.198061 0.0227863 14.6577 8383.3 13 1121.32 0.153548 1.9824 3 1 487.489 0.370747 1314.88 89 18 17.2334 8.04952e-05 1.97763 2 
2.79492 0.000831712 -1 1.04698 0.198547 0.0227863 14.6737 8443.97 11 536.375 0.141377 2.1153 4 1 376.52 0.553023 680.84 89 19 15.6919 9.61012e-05 1.8809 2 
2.81771 0.000834795 -1 1.05144 0.199057 0.0227863 14.6961 8500.78 8 461.176 0.181685 2.66421 4 2 404.993 0.310959 36.0888 88 25 22.9906 8.55983e-05 1.64878 2 
2.8405 0.000839239 -1 1.05592 0.199476 0.0227863 14.7158 8558.96 8 265.236 0.137375 2.57463 3 2 486.406 0.476071 31.9642 87 18 26.4614 8.68232e-05 2.01681 2 
2.86328 0.000839226 -1 1.06044 0.199821 0.0227863 14.7296 8620.48 9 704.334 0.17341 2.51749 3 1 548.654 0.718718 763.379 87 15 27.4267 8.68286e-05 2.32613 2 
2.88607 0.000843708 -1 1.06497 0.200158 0.0227863 14.7429 8682.15 9 751.385 0.169833 2.54152 4 1 590.568 0.536727 1100.31 87 14 25.9787 7.40777e-05 2.48924 2 
2.90885 0.000852768 -1 1.06957 0.200478 0.0227863 14.7576 8742.87 9 1548.02 0.154321 2.78352 3 1 670.637 0.278513 2407.92 87 15 23.5379 7.65322e-05 2.322 3 
2.93164 0.000859637 -1 1.0742 0.200799 0.0227863 14.7891 8793.5 10 678.669 0.142617 2.33211 3 1 506.636 0.137111 3695.09 87 59 20.5912 9.76899e-05 1.23093 3 
2.94873 0.000863305 -1 1.0776 0.201401 0.0170898 14.8048 8853.36 6 363.861 0.238777 3.39227 3 1 781.385 0.395741 1974.49 87 20 10.8338 6.23159e-05 1.82814 3 
2.96582 0.000867566 -1 1.081 0.201778 0.0170898 14.8213 8912.57 6 219.102 0.280935 3.03394 3 1 586.206 0.771267 760.055 87 23 14.1144 6.88068e-05 1.70199 3 
2.98291 0.000874113 -1 1.08441 0.202087 0.0170898 14.8355 8973.04 4 238.196 0.313123 5.25176 3 1 341.545 0.782982 436.211 87 18 17.0985 8.47743e-05 1.97108 3 
3 0.000884826 -1 1.08784 0.202382 0.0170898 14.8483 9034.32 4 366.772 0.309995 5.8649 3 1 251.725 0.448914 560.742 87 14 16.6184 5.51365e-05 2.46245 3 

# Multigrid, 131 steps, 118.878 CPU, 14.87 real, 9.02e+03 points.step/s, 24 var
