0 0.00985624
0.0338878 0.00984993
0.0677756 0.00983288
0.101663 0.00980504
0.135551 0.00976732
0.169439 0.00971993
0.203327 0.00966299
0.237215 0.00959664
0.271102 0.00952104
0.30499 0.00943633
0.338878 0.00934267
0.372766 0.00924021
0.406653 0.00912913
0.440541 0.00900959
0.474429 0.00888175
0.508317 0.0087458
0.542205 0.00860191
0.576092 0.00845027
0.60998 0.00829108
0.643868 0.00812278
0.677756 0.00794748
0.711644 0.00776528
0.745531 0.00757652
0.779419 0.00738132
0.813307 0.00718005
0.847195 0.00697282
0.881082 0.00676005
0.91497 0.00654184
0.948858 0.00631863
0.982746 0.00609051
1.01663 0.00585796
1.05052 0.00562107
1.08441 0.0053803
1.1183 0.00513576
1.15218 0.00488793
1.18607 0.00463691
1.21996 0.00438319
1.25385 0.00412683
1.28774 0.00386833
1.32162 0.00360773
1.35551 0.0033455
1.3894 0.00308168
1.42329 0.00281672
1.45717 0.00255064
1.49106 0.00228389
1.52495 0.00201648
1.55884 0.00174887
1.59273 0.00148109
1.62661 0.00121359
1.6605 0.000946421
1.69439 0.000680033
1.72828 0.000414499
1.76216 0.000150256
1.79605 0.00011292
1.82994 0.000373911
1.86383 0.000632703
1.89772 0.000889229
1.9316 0.00114312
1.96549 0.00139429
1.99938 0.0016424
2.03327 0.00188738
2.06716 0.0021289
2.10104 0.00236689
2.13493 0.00260105
2.16882 0.0028313
2.20271 0.00305738
2.23659 0.00327916
2.27048 0.00349642
2.30437 0.00370902
2.33826 0.00391673
2.37215 0.00411943
2.40603 0.0043169
2.43992 0.00450902
2.47381 0.0046956
2.5077 0.00487652
2.54158 0.00505164
2.57547 0.00522085
2.60936 0.00538403
2.64325 0.00554108
2.67714 0.0056919
2.71102 0.0058364
2.74491 0.0059745
2.7788 0.0061061
2.81269 0.00623113
2.84657 0.00634951
2.88046 0.00646117
2.91435 0.00656603
2.94824 0.00666405
2.98213 0.00675518
3.01601 0.00683936
3.0499 0.00691654
3.08379 0.00698671
3.11768 0.00704983
3.15156 0.0071059
3.18545 0.00715491
3.21934 0.00719686
3.25323 0.00723175
3.28712 0.00725961
3.321 0.00728045
3.35489 0.00729431
3.38878 0.00730121
3.42267 0.00730122
3.45655 0.00729436
3.49044 0.00728066
3.52433 0.00726023
3.55822 0.00723311
3.59211 0.00719938
3.62599 0.0071591
3.65988 0.00711236
3.69377 0.00705924
3.72766 0.00699984
3.76154 0.00693424
3.79543 0.00686257
3.82932 0.00678489
3.86321 0.00670137
3.8971 0.00661206
3.93098 0.00651715
3.96487 0.0064167
3.99876 0.0063109
4.03265 0.00619984
4.06653 0.00608371
4.10042 0.00596257
4.13431 0.00583665
4.1682 0.005706
4.20209 0.00557086
4.23597 0.00543129
4.26986 0.00528754
4.30375 0.00513966
4.33764 0.00498793
4.37152 0.00483241
4.40541 0.00467338
4.4393 0.00451091
4.47319 0.00434531
4.50708 0.00417663
4.54096 0.0040052
4.57485 0.00383108
4.60874 0.00365458
4.64263 0.00347578
4.67651 0.00329497
4.7104 0.00311222
4.74429 0.00292784
4.77818 0.00274189
4.81207 0.00255468
4.84595 0.00236625
4.87984 0.00217692
4.91373 0.00198676
4.94762 0.00179606
4.9815 0.00160489
5.01539 0.00141357
5.04928 0.00122215
5.08317 0.00103094
5.11706 0.000840002
5.15094 0.000649646
5.18483 0.000459936
5.21872 0.000271163
5.25261 8.33986e-05
5.28649 0.00010327
5.32038 0.000288221
5.35427 0.000471542
5.38816 0.000652979
5.42205 0.000832466
5.45593 0.00100979
5.48982 0.00118486
5.52371 0.00135748
5.5576 0.00152758
5.59149 0.00169498
5.62537 0.00185961
5.65926 0.00202129
5.69315 0.00217994
5.72704 0.00233538
5.76092 0.00248752
5.79481 0.00263616
5.8287 0.00278123
5.86259 0.00292254
5.89648 0.00306002
5.93036 0.00319354
5.96425 0.00332301
5.99814 0.00344834
6.03203 0.00356946
6.06591 0.00368629
6.0998 0.00379879
6.13369 0.00390688
6.16758 0.00401052
6.20147 0.00410964
6.23535 0.00420423
6.26924 0.00429421
6.30313 0.00437951
6.33702 0.00446011
6.3709 0.00453594
6.40479 0.00460697
6.43868 0.00467316
6.47257 0.00473446
6.50646 0.00479086
6.54034 0.00484232
6.57423 0.00488881
6.60812 0.00493032
6.64201 0.00496684
6.67589 0.00499836
6.70978 0.00502487
6.74367 0.00504639
6.77756 0.00506292
6.81145 0.00507448
6.84533 0.00508108
6.87922 0.00508278
6.91311 0.00507957
6.947 0.00507149
6.98088 0.00505858
7.01477 0.00504089
7.04866 0.00501851
7.08255 0.00499146
7.11644 0.0049598
7.15032 0.00492359
7.18421 0.0048829
7.2181 0.0048378
7.25199 0.00478836
7.28587 0.00473466
7.31976 0.00467678
7.35365 0.00461479
7.38754 0.0045488
7.42143 0.00447887
7.45531 0.00440514
7.4892 0.00432765
7.52309 0.00424654
7.55698 0.00416189
7.59086 0.00407383
7.62475 0.00398244
7.65864 0.00388786
7.69253 0.00379016
7.72642 0.0036895
7.7603 0.00358597
7.79419 0.00347971
7.82808 0.00337079
7.86197 0.00325937
7.89585 0.00314553
7.92974 0.00302945
7.96363 0.0029112
7.99752 0.00279097
8.03141 0.00266885
8.06529 0.00254503
8.09918 0.00241958
8.13307 0.00229271
8.16696 0.00216449
8.20084 0.00203511
8.23473 0.00190463
8.26862 0.00177325
8.30251 0.00164102
8.3364 0.00150816
8.37028 0.00137473
8.40417 0.00124089
8.43806 0.00110669
8.47195 0.000972327
8.50583 0.000837868
8.53972 0.000703501
8.57361 0.000569301
8.6075 0.000435459
8.64139 0.000302056
8.67527 0.000169273
8.70916 3.71931e-05
8.74305 9.42954e-05
8.77694 0.00022437
8.81082 0.000353366
8.84471 0.000481087
8.8786 0.000607458
8.91249 0.000732332
8.94638 0.000855643
8.98026 0.000977257
9.01415 0.00109711
9.04804 0.00121509
9.08193 0.00133112
9.11582 0.00144509
9.1497 0.00155693
9.18359 0.00166651
9.21748 0.00177376
9.25137 0.00187857
9.28525 0.00198085
9.31914 0.00208051
9.35303 0.00217745
9.38692 0.00227162
9.42081 0.00236294
9.45469 0.00245134
9.48858 0.00253678
9.52247 0.00261919
9.55636 0.00269854
9.59024 0.00277478
9.62413 0.00284788
9.65802 0.00291778
9.69191 0.00298446
9.7258 0.00304788
9.75968 0.003108
9.79357 0.00316479
9.82746 0.00321821
9.86135 0.00326824
9.89523 0.00331485
9.92912 0.00335802
9.96301 0.00339771
9.9969 0.00343392
10.0308 0.00346663
10.0647 0.00349583
10.0986 0.00352152
10.1324 0.00354367
10.1663 0.00356231
10.2002 0.00357743
10.2341 0.00358903
10.268 0.00359715
10.3019 0.00360179
10.3358 0.00360294
10.3697 0.00360064
10.4036 0.0035949
10.4374 0.00358577
10.4713 0.00357326
10.5052 0.00355742
10.5391 0.00353832
10.573 0.00351596
10.6069 0.0034904
10.6408 0.00346167
10.6747 0.00342983
10.7085 0.00339493
10.7424 0.00335702
10.7763 0.00331616
10.8102 0.0032724
10.8441 0.00322582
10.878 0.00317645
10.9119 0.0031244
10.9458 0.00306969
10.9796 0.00301244
11.0135 0.00295268
11.0474 0.00289051
11.0813 0.00282599
11.1152 0.00275922
11.1491 0.00269026
11.183 0.00261921
11.2169 0.00254612
11.2507 0.00247112
11.2846 0.00239424
11.3185 0.00231562
11.3524 0.00223529
11.3863 0.00215338
11.4202 0.00206994
11.4541 0.0019851
11.488 0.00189893
11.5218 0.00181154
11.5557 0.00172301
11.5896 0.00163345
11.6235 0.00154294
11.6574 0.0014516
11.6913 0.0013595
11.7252 0.00126679
11.7591 0.00117349
11.793 0.00107973
11.8268 0.000985566
11.8607 0.000891101
11.8946 0.000796399
11.9285 0.000701584
11.9624 0.000606717
11.9963 0.000511922
12.0302 0.000417269
12.0641 0.000322897
12.0979 0.000228857
12.1318 0.00013526
12.1657 4.21749e-05
12.1996 5.05478e-05
12.2335 0.000142335
12.2674 0.000233328
12.3013 0.000323424
12.3352 0.000412564
12.369 0.000500663
12.4029 0.000587654
12.4368 0.000673457
12.4707 0.000758012
12.5046 0.000841235
12.5385 0.000923079
12.5724 0.00100346
12.6063 0.00108234
12.6401 0.00115962
12.674 0.00123527
12.7079 0.0013092
12.7418 0.00138137
12.7757 0.00145169
12.8096 0.00152013
12.8435 0.0015866
12.8774 0.00165108
12.9112 0.00171351
12.9451 0.00177385
12.979 0.00183206
13.0129 0.0018881
13.0468 0.00194194
13.0807 0.00199356
13.1146 0.00204292
13.1485 0.00209
13.1823 0.00213478
13.2162 0.00217722
13.2501 0.00221731
13.284 0.00225501
13.3179 0.00229032
13.3518 0.0023232
13.3857 0.00235364
13.4196 0.00238162
13.4535 0.00240713
13.4873 0.00243017
13.5212 0.00245072
13.5551 0.00246877
13.589 0.00248434
13.6229 0.00249741
13.6568 0.00250799
13.6907 0.00251611
13.7246 0.00252177
13.7584 0.00252495
13.7923 0.00252568
13.8262 0.00252397
13.8601 0.00251985
13.894 0.00251333
13.9279 0.00250443
13.9618 0.00249318
13.9957 0.00247961
14.0295 0.00246378
14.0634 0.00244569
14.0973 0.00242538
14.1312 0.00240288
14.1651 0.00237822
14.199 0.00235145
14.2329 0.0023226
14.2668 0.00229172
14.3006 0.00225885
14.3345 0.00222402
14.3684 0.0021873
14.4023 0.00214872
14.4362 0.00210835
14.4701 0.00206621
14.504 0.00202238
14.5379 0.0019769
14.5717 0.00192983
14.6056 0.00188121
14.6395 0.00183113
14.6734 0.00177963
14.7073 0.00172677
14.7412 0.0016726
14.7751 0.0016172
14.809 0.00156062
14.8429 0.00150293
14.8767 0.00144418
14.9106 0.00138445
14.9445 0.00132377
14.9784 0.00126224
15.0123 0.0011999
15.0462 0.00113684
15.0801 0.00107309
15.114 0.00100876
15.1478 0.000943885
15.1817 0.000878558
15.2156 0.000812834
15.2495 0.000746793
15.2834 0.000680482
15.3173 0.000613985
15.3512 0.000547347
15.3851 0.000480644
15.4189 0.000413918
15.4528 0.000347244
15.4867 0.00028067
15.5206 0.00021427
15.5545 0.000148093
15.5884 8.2217e-05
15.6223 1.66916e-05
15.6562 4.86589e-05
15.69 0.000113176
15.7239 0.00017714
15.7578 0.000240489
15.7917 0.000303191
15.8256 0.000365152
15.8595 0.000426325
15.8934 0.000486656
15.9273 0.000546104
15.9611 0.000604618
15.995 0.000662163
16.0289 0.000718681
16.0628 0.000774138
16.0967 0.00082848
16.1306 0.000881662
16.1645 0.000933632
16.1984 0.000984347
16.2323 0.00103376
16.2661 0.00108182
16.3 0.0011285
16.3339 0.00117375
16.3678 0.00121755
16.4017 0.00125986
16.4356 0.00130067
16.4695 0.00133995
16.5034 0.00137767
16.5372 0.00141383
16.5711 0.00144839
16.605 0.00148135
16.6389 0.00151267
16.6728 0.00154235
16.7067 0.00157037
16.7406 0.00159671
16.7745 0.00162135
16.8083 0.00164429
16.8422 0.00166552
16.8761 0.00168501
16.91 0.00170277
16.9439 0.00171878
16.9778 0.00173305
17.0117 0.00174556
17.0456 0.00175636
17.0794 0.0017654
17.1133 0.00177268
17.1472 0.00177821
17.1811 0.001782
17.215 0.00178404
17.2489 0.00178436
17.2828 0.00178296
17.3167 0.00177985
17.3505 0.00177505
17.3844 0.00176858
17.4183 0.00176045
17.4522 0.00175069
17.4861 0.00173932
17.52 0.00172635
17.5539 0.00171182
17.5878 0.00169578
17.6216 0.00167821
17.6555 0.00165916
17.6894 0.00163865
17.7233 0.0016167
17.7572 0.00159336
17.7911 0.00156865
17.825 0.0015426
17.8589 0.00151525
17.8928 0.00148663
17.9266 0.00145678
17.9605 0.00142574
17.9944 0.00139354
18.0283 0.00136022
18.0622 0.00132583
18.0961 0.00129041
18.13 0.00125399
18.1639 0.00121662
18.1977 0.00117834
18.2316 0.0011392
18.2655 0.00109923
18.2994 0.0010585
18.3333 0.00101702
18.3672 0.000974861
18.4011 0.000932054
18.435 0.00088865
18.4688 0.000844686
18.5027 0.000800213
18.5366 0.000755267
18.5705 0.000709905
18.6044 0.00066416
18.6383 0.000618091
18.6722 0.000571737
18.7061 0.000525156
18.7399 0.000478388
18.7738 0.000431491
18.8077 0.000384504
18.8416 0.000337527
18.8755 0.000290561
18.9094 0.000243652
18.9433 0.000196827
18.9772 0.000150136
19.011 0.000103608
19.0449 5.72894e-05
19.0788 1.12135e-05
19.1127 3.49458e-05
19.1466 8.02876e-05
19.1805 0.000125295
19.2144 0.000169858
19.2483 0.000213947
19.2822 0.000257515
19.316 0.000300536
19.3499 0.000343004
19.3838 0.000384848
19.4177 0.000426031
19.4516 0.000466523
19.4855 0.000506286
19.5194 0.00054529
19.5533 0.000583497
19.5871 0.000620875
19.621 0.000657388
19.6549 0.000693006
19.6888 0.000727718
19.7227 0.000761479
19.7566 0.000794252
19.7905 0.00082601
19.8244 0.000856735
19.8582 0.000886435
19.8921 0.000915072
19.926 0.000942627
19.9599 0.000969085
19.9938 0.000994433
20.0277 0.00101866
20.0616 0.00104174
20.0955 0.00106368
20.1293 0.00108445
20.1632 0.00110405
20.1971 0.00112246
20.231 0.00113968
20.2649 0.0011557
20.2988 0.0011705
20.3327 0.00118409
20.3666 0.00119644
20.4004 0.0012076
20.4343 0.00121753
20.4682 0.00122622
20.5021 0.00123366
20.536 0.00123987
20.5699 0.00124484
20.6038 0.00124857
20.6377 0.00125108
20.6716 0.00125236
20.7054 0.00125242
20.7393 0.00125128
20.7732 0.00124893
20.8071 0.00124539
20.841 0.00124068
20.8749 0.0012348
20.9088 0.00122777
20.9427 0.00121961
20.9765 0.00121033
21.0104 0.00119994
21.0443 0.00118847
21.0782 0.00117593
21.1121 0.00116235
21.146 0.00114777
21.1799 0.00113218
21.2138 0.00111562
21.2476 0.00109809
21.2815 0.00107963
21.3154 0.00106025
21.3493 0.00103999
21.3832 0.00101886
21.4171 0.0009969
21.451 0.000974126
21.4849 0.000950573
21.5187 0.000926264
21.5526 0.000901232
21.5865 0.000875502
21.6204 0.000849109
21.6543 0.000822077
21.6882 0.000794443
21.7221 0.000766232
21.756 0.00073748
21.7898 0.000708216
21.8237 0.000678473
21.8576 0.000648279
21.8915 0.000617673
21.9254 0.00058668
21.9593 0.000555338
21.9932 0.000523675
22.0271 0.000491724
22.061 0.000459516
22.0948 0.000427086
22.1287 0.000394463
22.1626 0.000361683
22.1965 0.000328773
22.2304 0.000295774
22.2643 0.00026271
22.2982 0.000229622
22.3321 0.000196538
22.3659 0.000163494
22.3998 0.000130519
22.4337 9.76462e-05
22.4676 6.49049e-05
22.5015 3.23285e-05
22.5354 3.16372e-06
22.5693 3.28172e-05
22.6032 6.48222e-05
22.637 9.65325e-05
22.6709 0.000127899
22.7048 0.000158904
22.7387 0.000189525
22.7726 0.000219733
22.8065 0.000249506
22.8404 0.000278825
22.8743 0.000307671
22.9081 0.000336024
22.942 0.000363859
22.9759 0.000391156
23.0098 0.000417889
23.0437 0.000444038
23.0776 0.00046958
23.1115 0.000494493
23.1454 0.000518758
23.1792 0.000542358
23.2131 0.000565274
23.247 0.000587495
23.2809 0.000609001
23.3148 0.000629775
23.3487 0.000649806
23.3826 0.000669079
23.4165 0.000687581
23.4503 0.000705302
23.4842 0.000722231
23.5181 0.000738356
23.552 0.000753666
23.5859 0.000768152
23.6198 0.000781806
23.6537 0.000794617
23.6876 0.000806613
23.7215 0.000817723
23.7553 0.000827997
23.7892 0.000837413
23.8231 0.000845958
23.857 0.000853629
23.8909 0.000860428
23.9248 0.000866352
23.9587 0.000871404
23.9926 0.000875585
24.0264 0.000878897
24.0603 0.000881344
24.0942 0.000882936
24.1281 0.000883674
24.162 0.000883559
24.1959 0.000882597
24.2298 0.000880793
24.2637 0.000878156
24.2975 0.000874691
24.3314 0.000870408
24.3653 0.000865315
24.3992 0.000859424
24.4331 0.000852745
24.467 0.000845289
24.5009 0.000837069
24.5348 0.000828098
24.5686 0.000818391
24.6025 0.000807962
24.6364 0.000796826
24.6703 0.000784999
24.7042 0.000772497
24.7381 0.000759339
24.772 0.000745539
24.8059 0.00073115
24.8397 0.000716157
24.8736 0.000700579
24.9075 0.000684439
24.9414 0.000667756
24.9753 0.000650546
