t sb -1 xb vb dt perf.t perf.speed
0 0 -1 0.5 0 0.000202385 0 0 
0.000202385 0 -1 0.5 0.000265022 0.000202385 0.0044 232727 1 31.36 167.053 0.187725 4 
0.00491164 -3.25063e-06 -1 0.5 0.0028107 0.00470926 0.01758 116496 12 120.742 3.53805 1.34202 6 6 117.447 14.1546 1.42284 6 2 0.0295114 6.49356e-06 67.4145 3 
0.0137207 -2.22693e-05 -1 0.500023 0.00824845 0.00880908 0.027412 112068 5 22.8914 1.13371 1.82404 6 7 105.559 4.16387 1.58698 7 3 0.0519858 6.99667e-05 9.05728 2 
0.0262156 -3.77119e-05 -1 0.500124 0.0158866 0.0124949 0.033341 122852 2 12.4981 0.410145 5.52018 6 4 12.6987 2.42025 1.51347 8 6 0.121943 3.1256e-05 3.96768 2 
0.0421182 -3.78844e-05 -1 0.500371 0.0252819 0.0159026 0.039092 130973 2 12.9367 0.264569 6.99265 6 3 5.34051 1.2877 1.60666 9 7 0.223814 5.55104e-05 3.27396 2 
0.061079 -2.03152e-05 -1 0.500844 0.036039 0.0189608 0.045979 133626 5 28.241 0.257269 2.55917 6 2 4.45828 0.783451 2.38549 10 8 0.419765 8.04751e-05 2.9152 2 
0.0828488 -6.62877e-06 -1 0.501621 0.0481818 0.0217698 0.052225 137252 2 56.029 0.200828 16.703 6 2 12.4229 0.155828 8.92873 10 10 0.71827 5.43193e-05 2.58305 2 
0.107158 -7.1953e-07 -1 0.502787 0.0613741 0.0243096 0.059432 137838 3 68.5017 0.112069 8.48669 5 2 19.0082 0.240363 8.89276 10 12 1.01286 9.0729e-05 2.17429 2 
0.133698 -3.88603e-07 -1 0.504413 0.0753891 0.0265398 0.071652 128622 4 99.6148 0.0383901 7.13717 4 2 29.2262 0.362108 8.98396 10 28 1.23595 8.20627e-05 1.40997 2 
0.162361 2.28793e-06 -1 0.506578 0.0900286 0.028663 0.087891 116508 9 157.324 0.117532 2.22538 5 3 48.8885 0.291949 5.51188 9 27 3.66661 8.5111e-05 1.4847 3 
0.192873 8.41913e-06 -1 0.509341 0.105088 0.0305122 0.100965 111563 9 79.0073 0.0874648 2.13023 6 3 25.004 0.403588 3.95692 9 14 5.51318 3.97327e-05 2.32972 4 
0.225139 1.35544e-05 -1 0.512756 0.120404 0.0322658 0.441614 27825.2 9 150.789 0.0867941 2.2908 6 100 44.2807 0.438028 1.04724 100 11 5.0431 5.01015e-05 2.84973 4 
0.258979 1.9657e-05 -1 0.516864 0.135762 0.0338398 1.05218 12651.9 9 207.9 0.0844458 2.38127 6 100 72.1177 0.442581 1.05225 100 12 4.29674 6.35237e-05 2.52649 4 
0.293676 2.62566e-05 -1 0.521612 0.150762 0.0346965 1.66476 8611.47 9 149.163 0.0751035 2.32511 6 100 77.9869 0.393459 1.05432 100 10 7.99647 5.21611e-05 3.30031 4 
0.329285 3.28125e-05 -1 0.527001 0.165271 0.0356095 1.67942 9146 10 238.197 0.0702277 2.25446 6 1 79.3256 0.270248 293.529 100 7 4.07372 8.33322e-05 4.67609 4 
0.364895 4.00228e-05 -1 0.532821 0.178774 0.0356095 1.70016 9636.75 11 480.228 0.0722529 2.22591 6 2 211.534 0.23953 29.7173 99 7 4.04376 2.47759e-05 5.55494 4 
0.400504 4.72251e-05 -1 0.539196 0.191192 0.0356095 2.31321 7525.48 13 1040.49 0.0613465 2.11515 7 100 447.582 0.465433 1.0711 100 8 8.01345 3.13283e-05 4.74226 3 
0.433831 5.07396e-05 -1 0.545609 0.201933 0.0333269 2.92445 6302.72 10 364.884 0.0703358 2.35233 7 100 110.969 0.469811 1.05617 100 7 9.69543 5.9214e-05 5.55748 3 
0.465512 5.43198e-05 -1 0.552045 0.211141 0.0316811 3.53484 5504.07 10 316.135 0.0899642 2.26246 6 100 175.479 0.597078 1.05848 100 12 5.54177 6.26668e-05 2.58355 3 
0.495685 5.89581e-05 -1 0.558358 0.218931 0.0301725 4.14647 4939.14 9 279.053 0.1051 2.40134 6 100 173.607 0.664221 1.05724 100 16 5.52699 9.56461e-05 1.98433 3 
0.525147 6.52983e-05 -1 0.56479 0.225704 0.0294625 4.75833 4519.23 7 427.905 0.112073 3.24857 6 100 185.859 0.930421 1.0544 100 16 6.19293 6.46017e-05 2.04811 3 
0.553924 7.44134e-05 -1 0.571283 0.231567 0.0287774 5.37193 4193.65 5 1157.18 0.0898189 6.63754 5 100 525.276 0.570051 1.07064 100 19 5.4271 5.94945e-05 1.82414 3 
0.58204 9.13069e-05 -1 0.577748 0.236209 0.0281158 5.38835 4370.91 6 452.254 0.12603 3.91277 4 1 184.029 0.438147 420.016 100 16 9.13279 8.52121e-05 2.06244 4 
0.609833 0.000115218 -1 0.584291 0.240054 0.0277926 6.00082 4095.44 8 541.064 0.117168 2.87114 4 100 250.553 1.12088 1.05559 100 14 6.34921 4.68321e-05 2.32586 4 
0.637626 0.000136072 -1 0.591017 0.243192 0.0277926 6.61076 3872.47 7 267.201 0.119589 3.00919 4 100 183.551 1.00739 1.05343 100 12 5.64741 8.24173e-05 2.52922 4 
0.665095 0.000155915 -1 0.597577 0.245522 0.0274695 7.22133 3686.86 7 408.6 0.123478 3.18284 4 100 161.868 0.933866 1.0529 100 9 4.09078 3.2297e-05 3.68944 4 
0.692564 0.000174398 -1 0.604236 0.247244 0.0274695 7.82565 3533 9 590.777 0.122751 2.5654 3 100 257.492 0.627281 1.06202 100 8 5.12628 3.28154e-05 4.45878 4 
0.720034 0.000191198 -1 0.611084 0.248426 0.0274695 8.43585 3398.83 17 1349.72 0.107899 1.74186 5 100 592.769 0.577103 1.07181 100 7 7.27608 8.67733e-05 5.05078 4 
0.747503 0.000195918 -1 0.617779 0.248834 0.0274695 9.04306 3283.85 10 457.019 0.105578 2.31013 6 100 202.49 0.774371 1.05724 100 7 8.1827 9.40025e-05 5.07785 4 
0.774973 0.000200781 -1 0.624545 0.24892 0.0274695 9.65374 3182.19 9 318.546 0.128817 2.38244 6 100 210.878 0.88854 1.05622 100 8 5.15111 2.59239e-05 4.59489 4 
0.802442 0.000208004 -1 0.631389 0.248694 0.0274695 10.2619 3093.38 7 368.494 0.129859 3.11372 5 100 166.796 0.852954 1.05417 100 7 6.7576 6.07441e-05 5.25894 4 
0.829912 0.000219448 -1 0.638121 0.248117 0.0274695 10.2749 3189.12 8 478.882 0.115593 2.83245 4 1 181.989 0.487658 373.19 100 7 4.10475 2.80869e-05 5.46797 4 
0.857733 0.000233911 -1 0.644951 0.246999 0.0278216 10.289 3284.28 12 1572.78 0.119539 2.20426 5 1 720.752 0.329521 2187.27 100 7 4.25295 3.57104e-05 5.31041 4 
0.885555 0.000243435 -1 0.651702 0.245665 0.0278216 10.91 3191.21 11 513.048 0.105605 2.16339 5 100 223.452 0.622185 1.0606 100 12 8.92752 4.29021e-05 2.77452 4 
0.913748 0.000248151 -1 0.65859 0.244148 0.0281926 11.5341 3107.3 10 409.296 0.100858 2.29526 5 100 222.645 0.647709 1.06014 100 12 8.55113 4.69296e-05 2.74398 4 
0.94194 0.000253491 -1 0.665403 0.242608 0.0281926 12.1639 3030.61 12 400.845 0.0911661 2.01185 5 100 228.336 0.688852 1.05975 100 8 6.00695 8.18521e-05 4.05698 4 
0.970524 0.00025863 -1 0.672249 0.24091 0.0285842 12.7819 2964.2 11 484.511 0.107012 2.14957 5 100 307.724 0.643946 1.06364 100 7 5.95175 2.88257e-05 5.74469 4 
0.999109 0.000264735 -1 0.679043 0.239091 0.0285842 12.8035 3039.16 14 1805.91 0.0955843 2.02046 5 2 848.925 0.383696 47.0371 99 10 5.39895 7.32e-05 3.06747 3 
1.02811 0.000268433 -1 0.685866 0.237039 0.0289984 13.4234 2975.11 14 537.373 0.10386 1.84193 4 100 237.85 0.513827 1.0633 100 16 9.67061 5.87544e-05 2.11849 3 
1.05754 0.000271578 -1 0.692772 0.234966 0.0294312 14.0488 2915.54 12 367.494 0.104779 1.97431 5 100 288.712 0.567964 1.06429 100 26 10.8018 7.56339e-05 1.57856 2 
1.08697 0.000275671 -1 0.699579 0.233025 0.0294312 14.6739 2861.14 11 473.335 0.099136 2.15998 5 100 324.304 0.706047 1.06322 100 36 8.18945 9.36106e-05 1.37175 2 
1.1164 0.000281285 -1 0.706323 0.231158 0.0294312 14.6901 2927.68 9 412.715 0.0917036 2.54635 5 1 274.586 0.256667 1069.81 100 20 9.45789 7.88327e-05 1.79455 2 
1.14583 0.000289719 -1 0.713043 0.229315 0.0294312 14.716 2992.11 9 1858.45 0.100088 2.98063 4 1 878.938 0.116526 7542.83 100 42 11.7968 9.97617e-05 1.32063 3 
1.17574 0.000300749 -1 0.719823 0.227359 0.0299059 14.7325 3058.27 8 687.965 0.075642 3.125 5 1 246.447 0.313952 784.983 100 15 15.8047 5.41549e-05 2.31389 4 
1.20564 0.000312558 -1 0.726601 0.225522 0.0299059 15.3609 2999.82 7 329.51 0.0987902 3.18646 4 100 303.999 0.484699 1.06653 100 11 16.7115 8.54329e-05 3.02716 4 
1.23325 0.000327177 -1 0.732687 0.22406 0.0276055 15.9775 2948.15 6 537.572 0.127942 4.01702 4 100 283.225 0.676945 1.06222 100 16 16.1186 5.48622e-05 2.19661 3 
1.26129 0.000346434 -1 0.738856 0.222528 0.0280437 15.9922 3009.46 9 551.852 0.0854939 2.65046 5 1 253.557 0.323097 784.769 100 13 19.389 4.92394e-05 2.69404 3 
1.28934 0.000358824 -1 0.745025 0.220957 0.0280437 16.0121 3069.68 11 1613.12 0.105294 2.40148 5 1 748.57 0.12724 5883.14 100 29 17.6631 7.47588e-05 1.53211 2 
1.31738 0.000362443 -1 0.751158 0.21952 0.0280437 16.0302 3130.1 9 663.007 0.112959 2.62261 5 1 553.472 0.392346 1410.67 100 26 17.3685 8.44707e-05 1.60084 2 
1.34496 0.000366791 -1 0.757139 0.218301 0.0275839 16.0474 3190.54 10 375.937 0.116362 2.24352 4 1 505.359 0.193247 2615.09 100 22 20.7874 8.87027e-05 1.75422 2 
1.37043 0.000371441 -1 0.762694 0.217488 0.0254621 16.0614 3251.52 9 469.121 0.147618 2.44978 4 1 263.408 0.176378 1493.43 100 14 19.5216 7.87838e-05 2.42824 2 
1.39589 0.000379452 -1 0.768133 0.216677 0.0254621 16.0749 3312.48 9 538.303 0.12495 2.53402 4 1 550.611 0.191131 2880.81 100 12 25.298 4.77361e-05 2.9993 2 
1.42176 0.000388119 -1 0.773673 0.215823 0.0258728 16.0905 3372.92 11 1531.99 0.133854 2.33865 4 1 720.777 0.26739 2695.6 100 14 34.3033 7.08121e-05 2.54734 3 
1.44431 0.000392709 -1 0.778512 0.215343 0.0225463 16.1089 3432.63 11 391.502 0.110217 2.10267 5 1 349.698 0.472191 740.587 100 20 31.52 9.25373e-05 1.89066 3 
1.46685 0.000395268 -1 0.783385 0.214694 0.0225463 16.1277 3492.13 8 685.524 0.183251 2.79655 4 1 653.751 0.51594 1267.11 100 24 34.4867 7.70722e-05 1.71968 3 
1.48974 0.000399693 -1 0.788231 0.214027 0.0228828 16.1495 3550.82 7 461.623 0.159281 3.12312 5 2 642.966 0.497138 35.963 99 17 37.4393 6.49002e-05 2.18216 3 
1.51228 0.000405266 -1 0.792999 0.213552 0.0225412 16.1632 3611.16 7 440.794 0.168254 3.0784 5 1 365.148 0.637136 573.109 99 12 38.4573 8.40603e-05 2.96278 3 
1.53482 0.000411169 -1 0.797721 0.213152 0.0225412 16.1789 3670.96 8 665.91 0.154079 2.84747 4 1 777.65 0.345745 2249.2 99 17 31.4893 2.94726e-05 2.26273 3 
1.55637 0.000415928 -1 0.802285 0.212888 0.0215468 16.1941 3730.74 10 1085.2 0.181921 2.38541 4 1 839.868 0.417215 2013.03 99 17 28.0208 6.94979e-05 2.13666 2 
1.57791 0.000419509 -1 0.806862 0.212497 0.0215468 16.2089 3790.5 10 877.447 0.2014 2.31162 5 1 717.352 0.809992 885.628 99 15 32.3152 5.52255e-05 2.42373 2 
1.59979 0.000422478 -1 0.811503 0.212113 0.0218783 16.2356 3847.35 10 709.597 0.181184 2.28712 4 2 926.047 0.571129 40.267 98 33 34.5472 8.16874e-05 1.48079 2 
1.61846 0.000424827 -1 0.815426 0.212253 0.0186695 16.2547 3905.82 7 459.111 0.265539 2.90096 4 2 533.263 0.639301 28.8814 97 11 22.0049 4.96117e-05 3.26105 3 
1.63739 0.000428001 -1 0.81943 0.212091 0.0189252 16.2679 3965.61 6 984.305 0.279146 3.90136 3 1 791.021 1.07631 734.936 97 12 23.5486 3.43835e-05 3.06409 3 
1.65631 0.000433133 -1 0.823394 0.211891 0.0189252 16.281 4025.3 7 1083.52 0.25308 3.30215 3 1 978.174 0.608909 1606.44 97 12 27.4189 4.06134e-05 3.06042 3 
1.67524 0.000439986 -1 0.827385 0.211642 0.0189252 16.2942 4084.89 7 819.482 0.248795 3.18074 3 1 956.033 0.813068 1175.83 97 12 18.6292 7.19705e-05 2.82544 3 
1.6929 0.00044949 -1 0.8311 0.211544 0.0176635 16.3068 4144.53 5 959.824 0.285013 5.07534 2 1 650.943 0.148952 4370.16 97 12 21.1171 6.84484e-05 2.86708 3 
1.71033 0.000462838 -1 0.834806 0.211407 0.017428 16.3228 4203.21 7 698.165 0.318071 3.00156 2 1 725.614 0.348846 2080.04 97 20 30.6084 6.19062e-05 1.92622 3 
1.7273 0.000474973 -1 0.838371 0.211245 0.0169694 16.3385 4261.85 7 838.428 0.315269 3.085 2 1 905.171 1.28652 703.578 97 19 37.0693 9.20378e-05 1.97243 3 
1.74427 0.000487044 -1 0.841949 0.211051 0.0169694 16.355 4320.16 6 797.262 0.3055 3.71049 2 1 1248.92 1.2561 994.286 97 22 46.5129 6.90236e-05 1.8405 3 
1.76147 0.000501109 -1 0.845544 0.210803 0.0172018 16.3711 4378.45 6 596.081 0.319515 3.50861 2 1 760.137 1.1687 650.415 97 21 54.0257 6.77412e-05 1.91001 3 
1.7782 0.000515769 -1 0.849058 0.210621 0.0167369 16.3849 4437.27 6 985.238 0.290321 3.87654 2 1 946.659 0.621211 1523.89 97 15 55.4703 5.18474e-05 2.52322 3 
1.79472 0.000526713 -1 0.852491 0.210398 0.0165107 16.3979 4496.19 6 863.012 0.273083 3.83078 2 1 1182.48 0.575387 2055.11 97 13 55.7657 7.71941e-05 2.82277 3 
1.81037 0.000535609 -1 0.855765 0.210288 0.015653 16.4113 4554.91 6 969.027 0.285101 3.87754 2 1 1434.6 0.549749 2609.55 97 14 56.4671 3.91989e-05 2.75356 3 
1.82506 0.000543019 -1 0.858818 0.210129 0.0146868 16.4243 4613.64 6 648.064 0.315532 3.5653 2 1 825.796 1.22627 673.419 97 13 55.369 5.36981e-05 2.9011 3 
1.83974 0.000550449 -1 0.861913 0.209707 0.0146868 16.4373 4672.29 6 1195.56 0.335166 3.90888 2 1 1224.97 0.252229 4856.6 97 13 59.3854 3.85616e-05 2.99201 3 
1.85481 0.000557441 -1 0.86506 0.209101 0.0150683 16.451 4730.67 8 1254.81 0.363551 2.76855 3 1 1729.36 1.14907 1505.01 97 13 64.456 4.64085e-05 2.96833 3 
1.87008 0.000562292 -1 0.868258 0.208706 0.0152692 16.4698 4787.43 5 557.416 0.309856 4.47717 3 2 888.288 1.41742 25.0338 96 13 69.3812 4.75923e-05 2.97942 3 
1.88556 0.000563753 -1 0.871469 0.208263 0.0154784 16.4832 4845.67 6 1036.77 0.410048 3.69098 3 1 1269.15 1.64485 771.591 96 13 75.201 5.2672e-05 2.97464 3 
1.90042 0.000568417 -1 0.874562 0.208037 0.0148592 16.4961 4903.93 6 1293.89 0.428965 3.80113 3 1 1564.86 0.899788 1739.15 96 12 73.1833 6.57926e-05 3.19046 3 
1.91489 0.00057364 -1 0.877544 0.207658 0.0144682 16.5148 4960.39 7 1860.69 0.469149 3.26627 2 2 1610.08 0.471293 58.4492 95 12 74.4522 4.29002e-05 3.31094 3 
1.92955 0.000580696 -1 0.880579 0.207012 0.0146637 16.5333 5016.78 7 1480.36 0.36604 3.27539 2 2 1392.87 0.0709354 140.128 94 12 82.9728 7.00794e-05 3.2071 3 
1.94484 0.000589574 -1 0.883715 0.206148 0.0152922 16.5521 5072.96 7 1217.17 0.330756 3.23152 2 2 1184.72 0.146493 89.9287 93 13 96.0875 4.55103e-05 3.06552 3 
1.96036 0.000599386 -1 0.886903 0.204902 0.015517 16.5653 5130.73 9 2460.58 0.326178 2.69676 2 1 1918.41 1.28539 1492.47 93 12 103.953 4.94678e-05 3.36416 3 
1.97611 0.000608692 -1 0.890114 0.202823 0.0157521 16.5842 5186.63 11 2041.41 0.21094 2.30326 3 2 1704.62 0.135186 112.292 92 11 88.8129 7.74159e-05 3.55531 3 
1.99186 0.000614518 -1 0.893345 0.200125 0.0157521 16.6025 5242.58 9 3144.22 0.286008 2.812 3 2 2436.41 0.115602 145.175 91 11 85.2795 7.85917e-05 3.53736 3 
2.00786 0.000616802 -1 0.896555 0.197336 0.0160022 16.6168 5299.71 10 3090.42 0.366062 2.46971 3 1 2800.34 0.910648 3075.1 91 14 64.3651 5.7506e-05 2.70438 3 
2.02413 0.00061237 -1 0.899772 0.195212 0.0162645 16.6308 5356.81 9 3169.12 0.302854 2.79662 3 1 2961.8 1.27179 2328.84 91 14 60.9358 6.9351e-05 2.65802 3 
2.04095 0.000607207 -1 0.903034 0.193876 0.0168254 16.6507 5411.9 9 2376.26 0.261324 2.75332 3 2 2426.56 1.14016 46.133 90 15 47.5795 8.6751e-05 2.41329 3 
2.05839 0.000605788 -1 0.906405 0.193292 0.0174372 16.6631 5469.34 4 878.383 0.282638 7.46643 2 1 860.969 1.27192 676.904 90 13 30.1448 4.88678e-05 2.78868 3 
2.07616 0.000613838 -1 0.909797 0.193166 0.0177662 16.6762 5526.43 12 1211.69 0.274522 2.01249 3 1 1344.92 0.244367 5503.68 90 10 35.2659 6.57938e-05 3.74039 3 
2.09392 0.000617679 -1 0.913203 0.19325 0.0177662 16.688 5583.89 8 1538.6 0.270161 2.94739 3 1 1658.3 0.237849 6972.08 90 9 33.8129 7.18463e-05 4.26872 3 
2.11205 0.000624883 -1 0.916655 0.193251 0.0181215 16.6992 5641.46 8 1313.99 0.282295 2.874 3 1 1667.69 0.24769 6732.97 90 7 22.3843 8.13011e-05 5.98578 3 
2.13054 0.000631948 -1 0.920235 0.19305 0.018499 16.7138 5697.82 10 768.318 0.212876 2.26851 4 1 890.286 0.66783 1333.1 90 17 10.7674 6.11691e-05 2.035 2 
2.14987 0.000634958 -1 0.923981 0.192614 0.0193212 16.7278 5754.24 9 662.938 0.235369 2.41714 4 1 578.197 0.936525 617.386 90 16 13.9013 6.30944e-05 2.15745 2 
2.16964 0.000637901 -1 0.927826 0.192235 0.0197706 16.7484 5808.33 8 435.949 0.2259 2.57448 4 2 365.023 0.887486 20.2805 89 20 16.2543 7.11099e-05 1.85333 2 
2.18941 0.000640994 -1 0.931587 0.191831 0.0197706 16.7611 5865.02 7 1115.65 0.251138 3.31962 4 1 1025.09 0.549977 1863.88 89 13 15.1804 7.36728e-05 2.56311 2 
2.20918 0.000645469 -1 0.935341 0.191396 0.0197706 16.7728 5921.96 7 1138.2 0.187329 3.47149 4 1 1144.55 0.333823 3428.62 89 10 13.388 9.24932e-05 3.28141 2 
2.22946 0.000650028 -1 0.939147 0.190731 0.0202775 16.7898 5976.95 7 1043.56 0.217937 3.35537 4 2 1081.06 0.094802 106.786 88 10 13.2389 5.45852e-05 3.45524 2 
2.24973 0.000657194 -1 0.942956 0.190008 0.0202775 16.8062 6032.05 6 339.461 0.188633 3.48762 3 2 806.029 0.114934 83.7437 87 10 10.1666 7.20809e-05 3.27292 2 
2.27057 0.000665772 -1 0.946869 0.189537 0.0208408 16.8233 6086.8 10 1081.79 0.182694 2.38365 4 1 782.169 0.74163 1054.66 87 27 16.7768 8.42573e-05 1.57131 2 
2.29084 0.000672594 -1 0.950733 0.189174 0.0202618 16.8425 6140.67 5 633.854 0.212423 4.95402 4 1 550.962 0.691001 797.34 87 30 21.0608 7.59385e-05 1.51857 3 
2.3111 0.000680909 -1 0.954608 0.188807 0.0202618 16.8595 6195.22 7 895.932 0.236332 3.24527 3 1 936.269 0.686648 1363.53 87 23 20.2294 8.04348e-05 1.71714 3 
2.33197 0.000689606 -1 0.958606 0.188463 0.0208758 16.8775 6249.28 8 793.105 0.187767 2.83932 3 1 785.571 0.900801 872.081 87 25 19.1253 8.07178e-05 1.64054 3 
2.35285 0.000696484 -1 0.962485 0.188121 0.0208758 16.8976 6302.44 8 646.695 0.210319 2.72884 3 2 636.34 0.666322 30.9031 86 17 16.8016 8.1895e-05 2.05341 3 
2.37246 0.000702673 -1 0.966111 0.187854 0.0196106 16.9102 6358.29 6 458.425 0.239899 3.52268 3 1 398.462 0.236469 1685.05 86 13 13.2835 5.07789e-05 2.6106 3 
2.3927 0.000713037 -1 0.969836 0.187597 0.0202432 16.9223 6414.25 8 429.847 0.178879 2.64603 3 1 647.569 0.119963 5398.07 86 11 11.9948 4.50175e-05 3.11342 3 
2.41295 0.000724991 -1 0.973594 0.187466 0.0202432 16.9338 6470.36 9 951.41 0.21281 2.54447 3 1 727.693 0.329864 2206.04 86 8 15.2281 3.10164e-05 5.14496 3 
2.43391 0.000732697 -1 0.977539 0.18716 0.0209662 16.9529 6523.48 10 1001.19 0.226203 2.31527 3 2 945.495 0.035204 163.883 85 17 23.466 9.83652e-05 2.07171 2 
2.45488 0.0007383 -1 0.981533 0.186899 0.0209662 16.9683 6577.9 9 715.185 0.158073 2.54785 4 1 740.419 0.217032 3411.56 85 22 23.5738 9.30689e-05 1.76043 2 
2.47668 0.000742515 -1 0.985708 0.186614 0.0218049 16.9824 6632.75 7 541.819 0.198139 3.0973 4 1 513.383 0.238817 2149.69 85 19 22.9573 8.38136e-05 1.93281 2 
2.49849 0.000748054 -1 0.989718 0.18625 0.0218049 16.995 6688.07 7 799.077 0.206731 3.25428 4 1 755.102 0.218308 3458.89 85 14 20.1576 5.45565e-05 2.49853 2 
2.5164 0.000754235 -1 0.992978 0.186231 0.0179111 17.0063 6743.87 6 621.626 0.251054 3.67813 3 1 527.86 0.993239 531.453 85 11 9.43777 4.30256e-05 3.05885 2 
2.53574 0.000762142 -1 0.996514 0.186152 0.019344 17.0174 6799.62 6 212.73 0.255884 3.06642 3 1 844.161 1.04382 808.72 85 11 11.9947 3.54748e-05 3.18158 2 
2.55593 0.000773632 -1 1.00022 0.186157 0.0201851 17.03 6854.71 10 933.752 0.196026 2.33234 3 1 631.689 0.939831 672.13 85 13 9.95108 7.85404e-05 2.469 2 
2.57707 0.000782262 -1 1.00418 0.186073 0.0211463 17.0485 6907.35 13 1011.01 0.201661 1.92586 3 1 971.627 0.240394 4041.8 85 24 17.7348 6.3727e-05 1.68599 3 
2.59822 0.000785716 -1 1.00817 0.185946 0.0211463 17.0642 6961.01 11 828.532 0.1949 2.13729 3 1 777.09 0.358229 2169.26 85 17 23.5225 6.51674e-05 2.1228 3 
2.62054 0.000789749 -1 1.01243 0.185739 0.0223211 17.0815 7013.92 12 591.105 0.16803 1.9748 3 1 505.293 0.75792 666.684 85 21 26.3796 9.73293e-05 1.81433 3 
2.63951 0.000793787 -1 1.01591 0.185654 0.0189729 17.0942 7068.58 8 666.591 0.238095 2.69705 3 1 363.85 0.463622 784.799 85 12 17.5602 4.69609e-05 2.9134 3 
2.65954 0.000798516 -1 1.01954 0.18554 0.0200269 17.1068 7123.27 8 588.085 0.20836 2.69978 4 1 496.318 0.767294 646.842 85 11 12.1001 4.34572e-05 3.1259 3 
2.67957 0.000804452 -1 1.02318 0.185616 0.0200269 17.1265 7174.83 7 194.35 0.171861 2.73024 4 1 522.509 0.252101 2072.62 85 38 13.2957 8.77373e-05 1.36877 2 
2.70093 0.000809892 -1 1.0271 0.185774 0.0213621 17.1409 7228.57 7 935.629 0.20973 3.32161 4 1 482.299 0.461675 1044.67 85 20 9.87134 8.93215e-05 1.78719 2 
2.72394 0.000814629 -1 1.0314 0.185823 0.0230053 17.1611 7279.74 10 821.107 0.134271 2.39134 4 2 841.153 0.0145702 240.273 84 19 13.6302 7.57223e-05 1.89057 2 
2.74694 0.000817473 -1 1.03576 0.185884 0.0230053 17.1819 7330.5 10 969.404 0.167331 2.37844 3 2 861.778 0.351962 49.4823 83 23 21.8563 7.95431e-05 1.72376 2 
2.76995 0.000820894 -1 1.0401 0.185762 0.0230053 17.1977 7383.32 10 948.864 0.188208 2.34561 3 1 875.12 0.610988 1432.3 83 23 27.6898 7.61606e-05 1.74488 2 
2.78528 0.000825916 -1 1.04291 0.186055 0.0153369 17.2092 7437.87 6 514.591 0.423993 3.26601 3 1 799.88 0.540127 1480.91 83 13 10.9169 4.52953e-05 2.5942 2 
2.8018 0.000831817 -1 1.04591 0.186051 0.0165166 17.2201 7492.64 5 521.928 0.342527 4.33095 2 1 656.284 0.592842 1107.01 83 12 9.39779 5.54925e-05 2.7273 2 
2.81982 0.000845091 -1 1.0492 0.186204 0.0180181 17.2362 7545.03 8 241.943 0.265334 2.34417 3 2 535.488 0.00886136 245.824 82 11 10.7798 7.99828e-05 2.92637 2 
2.83984 0.000860171 -1 1.05287 0.186395 0.0200202 17.2475 7599.5 8 711.491 0.228307 2.73342 3 1 346.792 0.582041 595.821 82 11 13.4196 4.98054e-05 3.11658 2 
2.85986 0.000874508 -1 1.05661 0.186668 0.0200202 17.2621 7652.38 7 757.071 0.231626 3.17724 2 1 411.491 0.446815 920.941 82 19 9.32053 9.6837e-05 1.8293 3 
2.87988 0.000886258 -1 1.06041 0.186929 0.0200202 17.2822 7702.73 10 597.98 0.215463 2.20969 3 1 637.311 0.35743 1783.04 82 31 10.5309 9.64481e-05 1.45386 3 
2.8999 0.000894379 -1 1.06423 0.187095 0.0200202 17.3052 7751.64 10 979.598 0.208367 2.32928 3 1 794.484 0.304282 2611.02 82 38 14.63 9.37699e-05 1.36982 3 
2.91992 0.000900611 -1 1.06798 0.187102 0.0200202 17.3253 7801.79 10 738.466 0.200912 2.27265 3 1 516.667 0.452039 1142.97 82 30 21.0038 7.54931e-05 1.51873 3 
2.93594 0.000905724 -1 1.07091 0.18727 0.0160161 17.3379 7855.17 6 563.651 0.365056 3.39971 2 1 487.528 0.351824 1385.72 82 14 12.4104 7.86642e-05 2.35118 3 
2.95195 0.000914778 -1 1.07385 0.187389 0.0160161 17.3504 7908.52 8 478.115 0.317285 2.49609 2 1 472.457 0.391153 1207.86 82 13 8.75545 4.3689e-05 2.55764 3 
2.96797 0.000923667 -1 1.0768 0.187612 0.0160161 17.3616 7962.41 7 239.396 0.299501 2.59821 2 1 325.605 0.737573 441.454 82 10 9.02901 8.73901e-05 3.17262 3 
2.98398 0.000931702 -1 1.07977 0.187897 0.0160161 17.3768 8014.38 6 533.052 0.346863 3.39705 2 1 238.101 0.248182 959.383 82 26 9.8716 8.50805e-05 1.566 2 
3 0.000940497 -1 1.08278 0.188176 0.0160161 17.3897 8067.31 7 575.818 0.325189 2.91086 2 1 237.873 0.0456443 5211.46 82 18 10.5892 6.08017e-05 1.95508 2 

# Multigrid, 137 steps, 139.277 CPU, 17.41 real, 8.06e+03 points.step/s, 24 var
