0.90804 0
0.908244 0.03125

0.90823 0.03125
0.908869 0.0625

0.908853 0.0625
0.909987 0.09375

0.909952 0.09375
0.911679 0.125

0.911612 0.125
0.914135 0.15625

0.914082 0.15625
0.917643 0.1875

0.917601 0.1875
0.922388 0.21875

0.922379 0.21875
0.928496 0.25

0.927198 0.25
0.93726 0.28125

0.934022 0.28125
0.9375 0.287813

0.9375 0.28601
0.957377 0.3125

0.952966 0.3125
0.96875 0.32595

0.96875 0.322551
1 0.337404

1 0.336632
1.03125 0.337722

1.03125 0.336496
1.0625 0.327822

1.09375 0.312234
1.09321 0.3125

1.0625 0.327477
1.09309 0.3125

1.09375 0.311866
1.125 0.291249

1.15625 0.266082
1.13794 0.28125

1.125 0.290531
1.13703 0.28125

1.1875 0.233822
1.17275 0.25

1.15625 0.26475
1.17152 0.25

1.21875 0.193336
1.20023 0.21875

1.1875 0.232761
1.19931 0.21875

1.25 0.137703
1.24138 0.15625

1.24111 0.15625
1.22262 0.1875

1.21875 0.192672
1.22224 0.1875

1.27992 0
1.27843 0.03125

1.27844 0.03125
1.27393 0.0625

1.27396 0.0625
1.26632 0.09375

1.26633 0.09375
1.2555 0.125

1.25 0.136862
1.25551 0.125

rising_k_provider_stats evaluations=7051 clamp_hits=0
