t sb -1 xb vb dt perf.t perf.speed
0 0 -1 0.5 0 7.15541e-05 0 0 
7.15541e-05 0 -1 0.5 0.000724909 7.15541e-05 0.011398 359361 1 145.306 577.523 0.251602 4 
0.00173726 -3.20301e-07 -1 0.5 0.00170181 0.0016657 0.032931 248763 7 424.005 30.9815 1.4532 7 2 477.719 102.723 2.15651 4 2 0.053657 1.92458e-05 52.8014 3 
0.00485072 -7.77805e-06 -1 0.500002 0.00337067 0.00311346 0.055996 219444 6 87.2654 8.64906 1.46998 7 3 308.197 25.747 2.28753 4 3 0.0448849 6.37656e-05 8.89552 2 
0.00928141 -1.33053e-05 -1 0.500015 0.00577152 0.00443069 0.071779 228256 2 33.1134 1.01895 5.70065 7 2 65.4258 19.965 1.81026 5 5 0.0547061 6.87371e-05 3.80337 2 
0.0149031 -1.20236e-05 -1 0.500048 0.00913136 0.00562165 0.100876 203022 4 19.29 2.76197 1.62565 7 5 43.3249 11.6411 1.30061 7 8 0.114235 7.16352e-05 2.51382 2 
0.0216111 -7.21431e-06 -1 0.50011 0.0132925 0.00670808 0.126357 194497 3 22.2468 1.87821 2.27951 7 2 17.0963 4.51706 1.94547 8 11 0.181598 9.18592e-05 1.99359 2 
0.0293072 -2.70937e-06 -1 0.500214 0.0180225 0.0076961 0.155436 184462 2 42.4765 0.895692 6.88645 7 2 10.9182 0.240162 6.74252 9 15 0.254423 9.79197e-05 1.68906 2 
0.0378931 -5.88422e-07 -1 0.500369 0.0232404 0.00858582 0.189047 173333 2 69.3045 0.270377 16.0102 7 2 16.3098 1.57132 3.22175 9 22 0.331476 8.87337e-05 1.45338 2 
0.0472966 -1.30336e-06 -1 0.500587 0.0288128 0.00940351 0.212739 173283 2 288.887 0.710514 20.164 6 2 21.8866 2.19577 3.15715 9 10 0.417801 8.13251e-05 2.35004 3 
0.0574433 -3.90467e-06 -1 0.500879 0.0348023 0.0101467 0.241779 169411 2 83.0217 0.426896 13.9455 6 2 24.5239 1.97091 3.52746 9 14 0.605283 6.64089e-05 1.91795 3 
0.0682615 -6.94241e-06 -1 0.501256 0.041206 0.0108182 0.273937 164476 3 288.316 0.442498 8.66934 5 2 32.3891 1.56328 4.55178 9 13 1.13464 4.38372e-05 2.18506 4 
0.0797136 -8.61662e-06 -1 0.501726 0.0477364 0.0114521 0.328753 149510 4 265.964 0.189405 6.1215 4 2 34.9797 1.21805 5.35889 9 27 2.15578 6.98733e-05 1.46646 4 
0.0917313 -8.41657e-06 -1 0.5023 0.0545142 0.0120176 0.40133 132679 5 107.027 0.6235 2.79854 4 2 28.3717 1.04242 5.217 9 38 2.52887 9.33972e-05 1.30812 4 
0.104213 -7.04546e-06 -1 0.502982 0.0614927 0.0124818 0.492112 116526 7 283.695 0.63352 2.39181 4 2 54.8074 1.2295 6.6766 9 49 2.31361 9.13457e-05 1.2299 4 
0.117199 -5.44264e-06 -1 0.503783 0.06865 0.0129856 0.536249 114574 7 278.712 0.523471 2.45169 4 2 65.3471 1.35939 6.93331 9 16 2.27928 7.28115e-05 1.90974 5 
0.130607 -4.15422e-06 -1 0.504706 0.075973 0.0134084 0.58075 112847 4 252.957 0.448026 4.87457 4 2 61.8303 1.56562 6.28431 9 16 3.56758 6.98037e-05 1.96916 5 
0.144336 -2.69525e-06 -1 0.505752 0.0832801 0.0137292 0.626133 111210 8 267.931 0.439113 2.22936 4 2 92.635 0.997552 9.63651 9 15 3.08705 5.16442e-05 2.08178 5 
0.158473 -1.38512e-06 -1 0.506934 0.0907205 0.0141369 0.672578 109620 7 303.597 0.463118 2.52564 4 2 112.217 1.33146 9.18051 9 14 3.1623 5.97466e-05 2.17474 5 
0.172897 5.06795e-08 -1 0.508247 0.0982076 0.014424 0.710489 109536 5 307.299 0.343995 3.89226 4 3 103.855 0.0729645 11.2488 8 12 4.41191 8.96126e-05 2.46049 5 
0.187622 1.7624e-06 -1 0.509698 0.105742 0.0147245 0.743163 110232 4 338.478 0.261087 6.00049 4 3 134.002 0.140345 9.84704 7 10 3.62794 7.94764e-05 2.92376 5 
0.202581 4.0167e-06 -1 0.511285 0.113175 0.0149595 0.778655 110467 9 423.069 0.41872 2.15691 4 3 150.471 0.362253 7.46128 6 9 4.23387 5.24779e-05 3.5091 5 
0.217785 5.76007e-06 -1 0.513009 0.120639 0.0152034 0.809485 111320 6 323.279 0.354721 3.11374 5 3 136.411 0.438219 6.77724 6 8 4.8342 3.31913e-05 4.4199 5 
0.233156 7.60065e-06 -1 0.514862 0.128107 0.0153714 0.834372 112909 4 508.025 0.109239 8.25804 5 3 204.079 1.01618 5.8561 6 6 3.59786 6.91347e-05 6.11024 5 
0.248788 1.01394e-05 -1 0.516858 0.135391 0.0156319 0.868828 113146 9 2939.45 0.385523 2.69996 6 4 1195.89 1.27651 5.53244 5 7 4.85538 2.32602e-05 5.75366 5 
0.264599 1.1885e-05 -1 0.519002 0.142686 0.0158116 0.9023 113488 4 1137.31 0.243158 8.26985 5 5 461.352 0.745269 3.61696 4 10 9.99485 4.6764e-05 3.41182 4 
0.280503 1.28858e-05 -1 0.521276 0.149786 0.0159035 0.935251 113869 8 917.097 0.351917 2.67299 6 5 672.824 1.08729 3.61669 3 8 7.90852 8.45483e-05 4.1819 4 
0.296595 1.45034e-05 -1 0.523695 0.156834 0.0160917 0.967146 114349 4 710.73 0.112865 8.90812 4 5 466.415 1.19106 3.30041 3 11 6.20434 7.21789e-05 2.80913 4 
0.312783 1.65388e-05 -1 0.526241 0.163671 0.0161881 1.02134 112292 9 921.775 0.307802 2.43367 6 5 501.591 0.914434 3.53053 3 22 7.41974 8.61884e-05 1.67616 4 
0.329168 1.88177e-05 -1 0.528923 0.170492 0.0163855 1.0817 109812 4 583.807 0.140831 8.02403 4 5 461.271 0.628828 3.74184 3 27 6.28197 8.21088e-05 1.51662 4 
0.345655 2.05571e-05 -1 0.531723 0.177072 0.0164866 1.14598 107227 5 1216.14 0.297013 5.27767 3 4 564.652 1.27013 4.59181 3 33 6.09101 8.46668e-05 1.4034 4 
0.362244 2.21851e-05 -1 0.534659 0.183307 0.0165897 1.25163 101448 8 3203.55 0.275691 3.22219 3 5 1443.19 0.640327 4.68365 3 50 10.7319 9.22779e-05 1.26273 5 
0.378939 2.69825e-05 -1 0.537727 0.189401 0.0166947 1.31237 99874.3 8 1471.63 0.332793 2.85564 3 5 793.223 0.782574 3.99185 3 20 9.91064 6.79064e-05 1.81221 6 
0.395634 3.36217e-05 -1 0.540896 0.195246 0.0166947 1.35928 99440.7 11 1010.11 0.330876 2.07392 3 5 620.546 1.42379 3.37183 2 14 8.47 9.87579e-05 2.25102 6 
0.412436 4.0604e-05 -1 0.544169 0.20084 0.0168024 1.39658 99717.9 8 1607.83 0.326929 2.89383 3 6 1039.21 0.960148 3.20426 2 10 8.54302 8.64439e-05 3.15855 6 
0.429348 4.75616e-05 -1 0.547565 0.206202 0.0169122 1.4345 99936.9 8 911.934 0.339328 2.68329 3 5 706.48 1.04005 3.68476 2 10 7.87949 4.04913e-05 3.37998 6 
0.44626 5.46891e-05 -1 0.551049 0.211241 0.0169122 1.48106 99561.3 15 7072.57 0.321974 1.94738 6 5 3382.61 1.36257 4.77506 2 10 7.98239 4.93191e-05 3.31827 6 
0.463061 5.7624e-05 -1 0.554594 0.215928 0.0168009 1.52177 99589.2 7 1685.88 0.31162 3.4144 6 5 815.617 1.08378 3.76105 2 10 14.2487 9.13255e-05 3.30612 6 
0.479429 6.01894e-05 -1 0.558125 0.220245 0.0163673 1.56258 99609.7 6 1688.49 0.334843 4.14104 5 6 1263.14 0.79165 3.41838 2 10 10.5028 4.06458e-05 3.47719 6 
0.495483 6.43416e-05 -1 0.561667 0.22419 0.0160546 1.59859 99927.9 7 1700.7 0.3645 3.34297 3 6 1254.11 0.819289 3.39482 2 9 9.15089 9.34647e-05 3.58538 6 
0.511335 7.01682e-05 -1 0.565205 0.227814 0.0158514 1.63389 100276 8 1036.63 0.38842 2.68096 3 6 851.92 1.24236 2.96956 2 9 7.30738 8.28318e-05 3.54411 6 
0.526889 7.67792e-05 -1 0.568738 0.231042 0.0155542 1.67714 100132 13 6570.2 0.402112 2.10909 4 6 3178.79 1.02426 3.81923 2 9 6.51409 3.81462e-05 3.81398 6 
0.54225 8.09168e-05 -1 0.572289 0.234005 0.0153609 1.72648 99643 10 2396.89 0.328108 2.43424 5 6 1092.5 0.479128 3.62796 2 14 12.9936 5.38733e-05 2.42356 6 
0.557421 8.34341e-05 -1 0.575828 0.236644 0.0151713 1.76708 99671.9 9 1979.2 0.401191 2.57246 4 4 1456.39 1.13973 5.97887 2 11 10.2075 4.26356e-05 3.08328 6 
0.572406 8.58134e-05 -1 0.579367 0.239042 0.0149851 1.80547 99821.2 9 1752.05 0.380962 2.55248 4 8 1333.96 1.40043 2.357 2 8 8.72409 3.6446e-05 4.7031 6 
0.587209 8.83357e-05 -1 0.582906 0.241172 0.0148024 1.84177 100078 9 1009.24 0.392106 2.39306 4 9 845.763 1.27816 2.05782 2 7 6.77941 6.04607e-05 5.26488 6 
0.601921 9.12084e-05 -1 0.586422 0.243042 0.0147121 1.88278 100074 11 5431.44 0.435416 2.35703 4 7 2633.24 0.897395 3.12866 3 7 4.54644 3.57945e-05 5.35947 6 
0.616543 9.35355e-05 -1 0.589977 0.244678 0.0146224 1.92321 100099 10 3419.67 0.39998 2.47283 5 6 1591.74 1.32817 3.25914 3 9 12.5345 3.04295e-05 4.20599 5 
0.631076 9.51396e-05 -1 0.593526 0.246112 0.0145333 1.96779 99913.2 9 2409.21 0.388753 2.63849 5 5 1708.38 0.67661 4.79125 3 14 9.79095 5.50776e-05 2.37132 4 
0.64561 9.70266e-05 -1 0.597082 0.247336 0.0145333 2.01436 99636.7 7 1682.92 0.44819 3.24084 3 5 1287.12 0.688607 4.51159 2 18 8.59023 8.13297e-05 1.90151 4 
0.660054 0.000100528 -1 0.600656 0.248423 0.0144441 2.05553 99633.8 7 1068.48 0.461071 3.02492 3 5 885.292 0.886792 3.97972 2 16 6.42436 5.11427e-05 2.08301 4 
0.674498 0.000105698 -1 0.604212 0.249235 0.0144441 2.09618 99655.6 11 3500.16 0.417786 2.27326 3 6 1703.96 0.94125 3.49107 2 13 5.15804 6.09319e-05 2.39359 4 
0.688942 0.00011044 -1 0.607791 0.24989 0.0144441 2.15955 98628 8 4239.74 0.384762 3.20087 3 6 1982.81 0.761488 3.70911 2 26 11.8768 9.51694e-05 1.57039 5 
0.703386 0.000114696 -1 0.611415 0.250374 0.0144441 2.21374 98063.9 8 2486.15 0.362185 3.017 3 5 1645.24 1.44086 4.0881 2 21 9.21808 6.67031e-05 1.75706 5 
0.71783 0.000118678 -1 0.614996 0.250698 0.0144441 2.25432 98115.8 8 1798.37 0.390975 2.86973 3 5 1314.79 1.4222 3.91903 2 13 8.2705 7.40065e-05 2.44528 5 
0.732274 0.000122613 -1 0.618605 0.2509 0.0144441 2.28979 98384.8 7 1089.89 0.428766 3.06515 3 6 872.121 0.617132 3.34991 2 9 6.49614 7.00402e-05 3.56388 5 
0.746811 0.000126992 -1 0.622229 0.250941 0.0145367 2.31937 98895.9 9 2896.84 0.467829 2.63825 4 5 1410.01 0.763 4.50132 2 7 5.47576 7.71915e-05 4.93154 5 
0.761348 0.000130782 -1 0.625869 0.25089 0.0145367 2.35702 99054.1 12 4394.19 0.453756 2.14868 5 5 2069.78 1.57191 4.20629 2 10 11.5709 5.56693e-05 3.40232 4 
0.775884 0.000132494 -1 0.629491 0.250695 0.0145367 2.38871 99454.5 8 2797.71 0.419267 3.00635 4 5 1757.99 1.69856 4.00855 2 9 8.91579 3.62117e-05 3.97223 4 
0.790421 0.000134327 -1 0.633115 0.250391 0.0145367 2.42075 99830.3 9 1858.48 0.458751 2.51676 4 5 1335.51 1.67368 3.80535 2 9 8.62502 3.27793e-05 4.00166 4 
0.805054 0.000137035 -1 0.636766 0.250021 0.014633 2.44977 100320 8 1223.16 0.401907 2.72533 4 5 963.185 1.66694 3.56745 2 8 6.69892 7.34981e-05 4.16837 4 
0.819687 0.000140544 -1 0.6404 0.24954 0.014633 2.47994 100751 9 3689.51 0.410492 2.74977 4 5 1816.68 1.66243 4.05235 2 8 9.88499 9.70976e-05 4.2264 4 
0.834419 0.000143689 -1 0.644058 0.248973 0.0147318 2.54536 99770.5 11 4825.99 0.378231 2.36188 5 6 2294.87 0.349638 4.32703 2 24 12.2738 7.44213e-05 1.64963 5 
0.849151 0.000145026 -1 0.647698 0.248325 0.0147318 2.59877 99296.4 9 2662.8 0.386509 2.66971 5 6 1765.36 1.07525 3.43469 2 18 9.99913 5.91583e-05 1.95183 5 
0.863984 0.000146379 -1 0.651366 0.247656 0.0148334 2.63307 99558.3 4 2274.33 0.388193 8.74886 4 6 1692.11 0.667568 3.69251 2 11 9.08533 8.7596e-05 2.8575 5 
0.878818 0.000148578 -1 0.655016 0.246877 0.0148334 2.67364 99579.7 12 1384.35 0.367237 1.98621 5 6 1046.9 1.79348 2.89091 3 8 8.69699 3.46265e-05 4.73146 5 
0.893756 0.000150153 -1 0.65868 0.246081 0.0149379 2.71211 99677.4 8 6867.44 0.354049 3.43531 6 5 3396.91 1.1503 4.94373 3 12 12.3456 9.17168e-05 2.67561 4 
0.9088 0.00015155 -1 0.662358 0.245209 0.0150446 2.75509 99609.1 8 3097.61 0.440621 3.02601 6 5 1453.95 0.996755 4.29331 3 17 13.3561 8.54955e-05 2.02076 3 
0.923845 0.00015306 -1 0.666019 0.244298 0.0150446 2.80315 99362.6 7 1699.7 0.41228 3.28439 6 5 1277.55 0.845462 4.32371 3 19 10.2857 6.44136e-05 1.87869 4 
0.938999 0.000154952 -1 0.669703 0.243369 0.0151544 2.85818 98882.5 6 2290.47 0.431486 4.17663 4 5 1696.73 0.890778 4.52865 2 23 8.67887 5.49047e-05 1.68282 5 
0.954266 0.00015898 -1 0.673388 0.242391 0.0152667 2.90791 98600 11 1788.59 0.338176 2.18016 4 5 1332.53 0.92074 4.28655 2 16 11.2897 7.27537e-05 2.1107 5 
0.969647 0.000162444 -1 0.677097 0.241374 0.0153815 2.99081 97236.4 7 8316.31 0.420434 4.10911 3 5 4112.09 0.927939 5.36178 2 38 17.7742 9.43184e-05 1.37664 5 
0.985146 0.000166381 -1 0.68081 0.240339 0.0154989 3.10256 95054.3 9 3169.98 0.329511 2.77062 4 7 1565.6 1.2525 2.76959 2 52 12.1322 9.40341e-05 1.25395 5 
1.00077 0.000170817 -1 0.684546 0.239243 0.015619 3.16831 94374.7 9 2063.83 0.362406 2.61382 3 9 1223.28 1.16369 2.16642 2 25 9.25549 8.13289e-05 1.59311 5 
1.01651 0.000174316 -1 0.688274 0.23819 0.015742 3.22288 94047.7 9 1533.83 0.275748 2.607 3 9 1038.45 1.28097 2.10477 2 19 9.77312 5.51499e-05 1.88902 5 
1.03225 0.000176878 -1 0.692001 0.237144 0.015742 3.27702 93743.8 8 3555.44 0.393675 3.12226 3 9 1752.91 1.14109 2.25969 2 17 12.7055 9.46316e-05 2.00283 5 
1.04812 0.000180477 -1 0.695732 0.236114 0.015869 3.32685 93570.8 15 5480.36 0.337102 1.90869 4 6 2656.89 1.51225 3.4737 2 15 16.4594 7.25212e-05 2.27543 5 
1.06412 0.000182638 -1 0.699497 0.235037 0.015999 3.37071 93568.3 9 2033.33 0.35693 2.61392 3 6 1346.77 1.13193 3.25521 2 14 23.1578 7.5697e-05 2.46507 5 
1.08025 0.000184782 -1 0.703258 0.233992 0.0161324 3.41356 93593.9 10 2419 0.30435 2.45486 4 7 1810.55 1.20878 2.84209 2 13 9.65558 3.47249e-05 2.62289 5 
1.09652 0.00018832 -1 0.707033 0.232933 0.0162691 3.45292 93713.1 10 2075.66 0.303834 2.41798 3 7 1552.58 1.18916 2.78687 2 11 9.44473 8.55248e-05 2.87385 5 
1.11279 0.000191683 -1 0.710785 0.231908 0.0162691 3.536 92669.7 13 7265.59 0.32213 2.16204 5 6 3653.25 1.135 3.8425 2 32 13.2722 7.73596e-05 1.45739 5 
1.1292 0.000193728 -1 0.714568 0.230969 0.0164105 3.61099 91879.6 7 3573.59 0.285872 3.84836 4 6 1846.04 0.919303 3.55192 2 32 18.5779 7.34382e-05 1.47518 5 
1.14575 0.000196989 -1 0.718367 0.229932 0.0165558 3.65994 91769.9 10 2908.54 0.302476 2.50206 5 5 1896.67 0.432238 5.35123 2 16 20.0833 7.25265e-05 2.1885 5 
1.16231 0.000198916 -1 0.722148 0.229017 0.0165558 3.70256 91819.6 7 1794.31 0.307193 3.45199 5 5 1338.5 1.03123 4.19423 2 16 19.9996 9.41109e-05 2.15259 4 
1.17902 0.000201124 -1 0.725937 0.228095 0.0167063 3.74975 91756.6 11 10294 0.285708 2.59562 5 7 5149.11 0.395096 3.87134 2 15 9.86116 4.82154e-05 2.25969 4 
1.19572 0.000202201 -1 0.729727 0.227193 0.0167063 3.79138 91829.3 11 3443.97 0.344266 2.31021 5 6 1689.16 0.742001 3.62697 2 13 14.6462 8.17936e-05 2.53558 4 
1.21258 0.000203765 -1 0.733519 0.22628 0.0168624 3.83366 91885 9 2692.4 0.293261 2.75626 5 5 1581.04 0.833742 4.52462 2 15 16.7797 5.36619e-05 2.32456 4 
1.22945 0.000205744 -1 0.737317 0.225459 0.0168624 3.86889 92107 7 1699.73 0.31596 3.41165 4 5 1204.48 0.964108 4.16231 2 12 20.5897 4.83466e-05 2.94515 4 
1.24647 0.000209231 -1 0.741106 0.224636 0.0170245 3.92335 91872.4 8 8051.42 0.3429 3.51834 4 6 3990.22 0.800225 4.13331 2 24 29.5156 7.62473e-05 1.70933 4 
1.2635 0.000212904 -1 0.74492 0.223901 0.0170245 4.03427 90361.8 7 3215.35 0.339118 3.69935 4 6 1558.32 0.954748 3.43132 2 53 19.634 9.27623e-05 1.26033 5 
1.28052 0.000218024 -1 0.7487 0.223163 0.0170245 4.09611 89997.7 9 2485.78 0.303265 2.72175 4 6 1369.34 0.960465 3.35484 2 21 19.3469 7.92498e-05 1.80532 5 
1.29755 0.000221119 -1 0.752482 0.22253 0.0170245 4.1329 90187.5 8 1705.8 0.331933 2.90978 4 5 1141.59 1.21315 3.93296 2 11 19.5651 8.79547e-05 3.06275 5 
1.31474 0.000224598 -1 0.75627 0.221891 0.0171965 4.17306 90301.2 12 5818.23 0.251185 2.31064 5 6 2890.85 1.13891 3.69337 2 10 19.3929 3.55965e-05 3.74648 5 
1.33194 0.00022642 -1 0.760063 0.22129 0.0171965 4.21497 90375.1 11 3667.35 0.29584 2.35569 5 7 1752.75 1.10963 2.86375 2 12 19.3768 8.61551e-05 2.79254 4 
1.34896 0.000227661 -1 0.763795 0.22073 0.017021 4.27724 90016.8 9 2292.12 0.289604 2.71119 5 5 1202.07 0.939593 4.18214 2 30 31.7649 7.63845e-05 1.53921 3 
1.36483 0.000228989 -1 0.767293 0.220369 0.0158754 4.34203 89617.2 8 1559.78 0.319943 2.89067 5 5 939.666 1.5153 3.61822 2 36 41.9564 8.20722e-05 1.4407 3 
1.38071 0.000230963 -1 0.77075 0.219987 0.0158754 4.38537 89665.4 7 2106.74 0.340463 3.48056 5 6 1374.75 1.07725 3.29345 2 20 46.0629 9.96388e-05 1.91976 3 
1.39628 0.000233223 -1 0.774164 0.219726 0.0155701 4.45991 89085.1 12 5594.21 0.402428 2.21439 4 6 2746.17 1.41325 3.53252 2 29 17.5051 6.22636e-05 1.54132 5 
1.412 0.00023427 -1 0.777601 0.219426 0.0157227 4.52589 88691.6 13 3126.81 0.36399 2.00732 4 6 1683.9 1.14804 3.37075 2 22 19.1402 7.30933e-05 1.7631 5 
1.42742 0.00023517 -1 0.780975 0.219244 0.0154174 4.56715 88787.2 8 2395.34 0.351502 3.01425 4 6 1721.96 0.928339 3.50525 3 13 17.8491 4.26694e-05 2.70659 5 
1.44299 0.000236304 -1 0.784353 0.219082 0.0155701 4.62515 88559.3 6 1921.22 0.344702 4.21071 3 6 1453.65 0.871384 3.44383 3 27 21.9611 6.94812e-05 1.59844 4 
1.45826 0.000238079 -1 0.787684 0.218849 0.0152648 4.68104 88376.9 11 7801.82 0.390865 2.45994 4 7 3968.42 1.24576 3.16559 3 20 21.5987 6.43318e-05 1.8893 5 
1.47322 0.000239407 -1 0.790933 0.218683 0.0149684 4.73077 88313.8 5 2741.3 0.150407 7.11439 3 6 1568.05 1.71568 3.11521 3 19 39.3427 5.85853e-05 2.02623 5 
1.48776 0.000241314 -1 0.794106 0.218661 0.0145407 4.78032 88255.2 6 1715.87 0.332839 4.15631 2 6 1208.07 1.52925 3.04043 3 19 50.6757 7.89381e-05 2.02143 5 
1.50245 0.000243832 -1 0.797289 0.218548 0.0146819 4.83622 88082.1 11 1450.37 0.365584 2.12391 2 5 1207.96 1.26354 3.94542 3 21 64.7393 5.56344e-05 1.94468 5 
1.51699 0.000246717 -1 0.800465 0.218543 0.0145394 4.89589 87845.1 7 1961.71 0.209468 3.69283 2 5 1500.02 1.87378 3.80781 2 23 66.0456 5.54187e-05 1.83731 5 
1.53153 0.000248643 -1 0.803611 0.218575 0.0145394 4.96826 87390 9 8275.33 0.42779 2.99422 2 5 4112.45 1.11305 5.17032 2 32 35.1842 9.77883e-05 1.49151 5 
1.54592 0.000250914 -1 0.806753 0.218554 0.0143968 5.05995 86615.9 8 3346.4 0.38882 3.10351 3 5 2875.39 0.731721 5.23444 2 43 35.5035 7.92768e-05 1.35339 5 
1.56004 0.000254576 -1 0.809818 0.218545 0.0141173 5.12047 86392.1 8 2318.42 0.489522 2.88023 2 5 2396.58 1.29662 4.50148 2 23 35.0617 7.84396e-05 1.76062 5 
1.57375 0.00025884 -1 0.812817 0.218647 0.0137139 5.16576 86427.6 9 1685.58 0.406192 2.52349 2 6 1524.62 0.989158 3.39872 2 16 34.7745 8.07316e-05 2.24977 5 
1.58708 0.000262969 -1 0.81571 0.218719 0.0133294 5.20481 86566 8 1802.3 0.549853 2.75073 2 4 1633.96 1.95203 5.37884 2 14 39.4158 9.90681e-05 2.51178 5 
1.59959 0.000266766 -1 0.818434 0.21888 0.0125037 5.2422 86730.1 7 6936.19 0.55027 3.85294 3 5 3413.88 1.34913 4.79335 2 13 30.8308 4.23421e-05 2.82449 5 
1.6122 0.000270705 -1 0.821174 0.218921 0.0126163 5.2819 86853.5 7 2025.62 0.57729 3.20961 3 5 2258 1.97352 4.08975 2 12 32.5263 5.01554e-05 3.05019 5 
1.62438 0.000273326 -1 0.823839 0.21903 0.0121737 5.31612 87064.9 7 1619.87 0.570965 3.11363 3 5 1447.09 1.69798 3.85578 2 11 31.599 5.89032e-05 3.31793 5 
1.63655 0.000275853 -1 0.826492 0.219167 0.0121737 5.35123 87259.2 8 1896.53 0.525463 2.78405 2 5 2024.42 1.58969 4.17828 2 11 37.1721 5.60914e-05 3.38229 5 
1.64801 0.00027913 -1 0.829006 0.219352 0.0114576 5.38748 87432.3 11 2892.45 0.610001 2.15862 2 5 2354.68 1.69621 4.25099 2 10 42.1781 7.87495e-05 3.74011 5 
1.65937 0.000281974 -1 0.831477 0.219498 0.0113613 5.42017 87660.7 8 1953.65 0.655628 2.71815 2 5 2297.94 2.34722 3.96421 2 10 34.4041 4.02405e-05 3.91918 5 
1.67001 0.00028478 -1 0.833805 0.219674 0.0106399 5.45375 87872.1 11 5968.98 0.64572 2.29368 3 5 2901.03 1.73399 4.41267 2 9 38.8484 7.37025e-05 4.32281 5 
1.68065 0.000286148 -1 0.836129 0.219824 0.0106399 5.49491 87959.2 6 2503.5 0.84471 3.79001 3 5 3001.27 2.78856 4.04003 2 15 34.0026 5.66912e-05 2.42773 5 
1.69137 0.000287775 -1 0.838491 0.219966 0.0107264 5.5328 88097.2 8 2826.87 0.783624 2.78387 3 5 2238.22 1.00394 4.67346 2 12 43.3841 9.8289e-05 2.95394 5 
1.7021 0.000289024 -1 0.840841 0.220091 0.0107264 5.56829 88271.3 6 2041.76 0.724296 3.7585 4 4 2706.86 2.67541 5.63987 2 10 56.0048 5.40984e-05 3.99488 5 
1.71283 0.000290668 -1 0.843208 0.220226 0.0107264 5.60614 88405.9 5 3197.64 0.512442 5.74165 3 5 2396.93 3.04232 3.79568 2 16 68.8337 7.95706e-05 2.34999 4 
1.72265 0.000292632 -1 0.845362 0.220413 0.00982574 5.64088 88587.7 6 1513.78 0.973389 3.40379 3 6 2084.06 3.03535 2.97019 2 13 66.9924 5.48526e-05 2.93912 4 
1.73248 0.000294418 -1 0.847523 0.220587 0.00982574 5.67503 88776.3 8 2688.47 0.911263 2.71477 2 4 2838.45 3.15166 5.47817 2 13 77.3638 4.64528e-05 3.01009 4 
1.74231 0.000296313 -1 0.849673 0.220699 0.00982574 5.7104 88943.6 8 5218.3 0.903541 2.95255 2 6 2470.23 2.10242 3.2484 2 13 85.3375 8.18052e-05 2.90369 4 
1.75221 0.000298267 -1 0.851857 0.220739 0.00990311 5.75573 88954.9 10 4145.15 0.822322 2.34558 2 7 3446.66 3.34119 2.69463 2 19 85.6838 5.09348e-05 2.12656 4 
1.76211 0.000299936 -1 0.854033 0.220775 0.00990311 5.80177 88955 7 4035.05 0.981616 3.28301 3 7 3554.66 3.69971 2.66741 2 18 92.2126 3.83993e-05 2.26188 4 
1.77186 0.00030134 -1 0.856187 0.220881 0.00974716 5.84649 88975.2 6 5141.24 0.903948 4.22494 3 7 4612.08 3.56309 2.78344 2 21 95.4016 7.86009e-05 1.94859 4 
1.78168 0.00030337 -1 0.858348 0.22093 0.00982513 5.89049 89005.8 7 3013.33 0.553676 3.41731 3 5 3945.37 3.95769 3.97859 2 21 96.3422 8.23219e-05 1.94521 4 
1.79151 0.00030494 -1 0.860522 0.220977 0.00982513 5.92666 89153.7 6 6390.8 0.984843 4.31882 2 6 5046.63 3.55871 3.35185 2 15 103.409 6.62315e-05 2.58761 4 
1.80033 0.00030671 -1 0.862463 0.221102 0.0088211 5.97108 89176.4 6 5335.97 1.15607 4.08042 2 5 3207.55 2.19191 4.29606 2 20 69.5956 4.72538e-05 2.03426 4 
1.80719 0.000307423 -1 0.863976 0.22135 0.00685526 6.00626 89336.1 5 5961.35 1.242 5.4481 2 5 4821.65 2.6817 4.47669 2 18 33.5939 8.84739e-05 2.04159 3 
1.81408 0.000308582 -1 0.865495 0.221431 0.00689488 6.04793 89397.8 7 4384.01 1.82329 3.0409 2 8 4253.26 7.29965 2.21655 2 17 37.791 5.68995e-05 2.20033 4 
1.8211 0.000308559 -1 0.867049 0.22151 0.00701728 6.09047 89446 6 2078.91 1.97979 3.18813 2 6 3116.74 4.80313 2.94236 2 19 43.0923 8.51552e-05 1.99628 4 
1.82833 0.00030958 -1 0.868646 0.221587 0.00723253 6.13222 89505 8 3512.96 1.867 2.56635 2 5 3440.15 4.93555 3.70381 2 18 48.752 8.14824e-05 2.09383 4 
1.83575 0.00031064 -1 0.870291 0.221672 0.00741563 6.17162 89597.2 7 2188.36 1.61529 2.80162 2 5 4233.87 4.69666 3.89933 2 14 58.0811 9.36216e-05 2.59275 4 
1.84335 0.000311883 -1 0.871972 0.221752 0.00760951 6.20386 89791.9 7 2687.1 1.54119 2.90443 2 5 2364.5 5.67555 3.34154 2 12 68.9269 7.95735e-05 3.12465 4 
1.85117 0.000313199 -1 0.873707 0.221824 0.00781517 6.23797 89957.4 10 2636.87 1.35259 2.13301 2 6 3886.25 5.20759 3.01173 2 11 81.5383 7.09613e-05 3.55582 4 
1.85909 0.000314237 -1 0.875459 0.221883 0.00792296 6.26724 90190.9 7 1447.78 1.48801 2.67221 2 7 1814.39 4.51378 2.3552 2 9 93.5408 5.95177e-05 4.88072 4 
1.86713 0.00031551 -1 0.877243 0.221939 0.00803456 6.29825 90397.1 10 2252.2 1.38277 2.09501 2 6 2289.24 4.98986 2.77716 2 9 106.615 3.0834e-05 5.3276 4 
1.87534 0.000316641 -1 0.879057 0.221938 0.00820922 6.32748 90626.9 8 3111.57 1.42605 2.6143 2 6 3783.03 4.52899 3.06883 2 9 124.708 2.55505e-05 5.53562 4 
1.88361 0.000317876 -1 0.880895 0.22192 0.00826958 6.35611 90863.2 8 3749.88 1.31976 2.70203 2 7 2746.17 4.4863 2.50104 2 8 141.809 9.31803e-05 5.92649 4 
1.89194 0.000319185 -1 0.882738 0.221872 0.0083313 6.38694 91065.8 7 2504.86 1.43302 2.90549 2 6 2400.88 4.22751 2.87771 2 8 159.634 9.02852e-05 6.03863 4 
1.90033 0.000320519 -1 0.884603 0.221821 0.00839441 6.41631 91287.4 8 2828.04 0.949335 2.71805 3 6 2964.42 4.52663 2.94687 2 9 178.412 2.82365e-05 5.6967 4 
1.90879 0.00032171 -1 0.886472 0.221737 0.00845898 6.4449 91517.9 7 2623.7 1.15394 3.01671 2 6 2604.21 4.31771 2.90672 2 9 197.75 5.42704e-05 5.35873 4 
1.91719 0.000322884 -1 0.888333 0.221407 0.00839391 6.49834 91395.6 13 11035.9 0.718965 2.09898 3 8 9080.2 5.47531 2.52616 2 25 186.921 8.66752e-05 1.79205 3 
1.92091 0.000323294 -1 0.889155 0.221759 0.00372101 6.52487 91651.8 7 12096 4.58108 3.08184 3 8 19111.7 23.8706 2.30637 2 7 26.6248 9.19807e-05 6.02875 3 
1.92487 0.000322801 -1 0.890034 0.221509 0.00396726 6.55092 91912.6 6 4410.31 5.84063 3.01765 3 7 13196.2 22.7708 2.48156 2 8 28.9227 3.75522e-05 5.44284 3 
1.92917 0.000323827 -1 0.890983 0.221106 0.00430051 6.57625 92181.3 4 3455.7 3.09327 5.78135 3 4 5460.67 15.55 4.32891 2 8 36.1748 8.21675e-05 5.07532 3 
1.93387 0.000324671 -1 0.892019 0.220751 0.00469661 6.59825 92494.8 4 2834.37 2.54628 5.77614 2 4 3546.55 17.0513 3.79762 2 9 41.5083 5.67258e-05 4.48327 3 
1.93897 0.000324308 -1 0.89314 0.220488 0.0051011 6.62202 92781.3 5 4534.77 2.06236 4.66056 2 4 5449.65 4.4565 5.91349 2 10 47.1493 3.91579e-05 4.0557 3 
1.94444 0.000323706 -1 0.894344 0.220262 0.00546922 6.64582 93065.4 5 4108.99 2.13977 4.536 2 4 5381.44 5.84362 5.50876 2 10 57.1356 7.2316e-05 3.88837 3 
1.95021 0.000323392 -1 0.895608 0.220109 0.00576808 6.67171 93318.2 6 3147.06 2.86606 3.21196 2 4 3616.6 10.2543 4.3336 2 11 65.3813 3.72011e-05 3.69588 3 
1.95624 0.000323592 -1 0.896939 0.219995 0.00603328 6.73296 93077.6 8 1637.01 2.34291 2.26745 2 4 2083.42 4.94433 4.53072 3 37 72.7297 9.87472e-05 1.4407 3 
1.96249 0.000323888 -1 0.898313 0.219867 0.00625005 6.76595 93229.3 6 5487.59 2.42906 3.62235 2 4 5768.67 9.8076 4.92468 2 14 81.7274 5.04497e-05 2.77675 4 
1.96894 0.000324437 -1 0.899735 0.219729 0.00644415 6.79805 93391.6 7 3822.69 2.17451 2.90785 3 4 6046.99 6.24207 5.57895 2 13 96.4536 3.8491e-05 3.10619 4 
1.9755 0.000325078 -1 0.901179 0.219585 0.00656728 6.82845 93575.6 5 2682.66 2.29931 4.10576 3 5 2439.66 2.07227 4.11317 2 12 110.66 5.93666e-05 3.33071 4 
1.98216 0.000325719 -1 0.902642 0.21945 0.00665257 6.88194 93443.5 5 1504.16 2.17621 3.69759 2 5 1627.31 2.07588 3.79187 2 32 124.842 8.45338e-05 1.5588 3 
1.9889 0.000326452 -1 0.904116 0.219244 0.00674069 6.92544 93447.9 5 5094.86 2.05428 4.77413 2 5 5244.46 1.86904 4.89346 2 25 140.184 7.65584e-05 1.78036 3 
1.99578 0.000327264 -1 0.905624 0.219082 0.00687825 6.96676 93481.6 5 3815.11 0.98375 5.22065 2 5 4068.13 3.1768 4.18293 2 20 158.9 8.42003e-05 2.05964 3 
2.0027 0.000328097 -1 0.907134 0.218844 0.00692569 6.99658 93668.6 5 3290.88 1.61725 4.58888 2 5 3380.07 2.583 4.20107 2 14 175.225 8.49451e-05 2.82509 3 
2.00967 0.000329221 -1 0.908658 0.218676 0.00697412 7.02633 93854.9 5 3386.59 1.69363 4.57287 2 5 3316.02 1.8732 4.46279 2 14 191.92 6.18536e-05 2.90869 3 
2.01665 0.000329333 -1 0.910172 0.218353 0.00697412 7.05737 94022.5 6 2867.9 0.716986 3.98421 2 5 2767 2.15908 4.18358 2 14 206.528 4.65034e-05 2.98415 3 
2.02367 0.000329656 -1 0.911704 0.218026 0.00702394 7.08811 94192.6 6 3915.65 1.68736 3.63859 2 5 4118.32 7.6366 3.51855 2 14 224.515 5.31344e-05 2.97356 3 
2.03075 0.000330657 -1 0.913242 0.217484 0.00707483 7.11874 94362.8 5 7500.37 1.63554 5.39864 2 6 7014.08 5.05457 3.33975 2 14 177.104 8.36708e-05 2.8303 3 
2.03787 0.000333996 -1 0.914796 0.21544 0.00712685 7.15589 94445.3 11 19730.6 1.74186 2.33645 3 6 20815.1 6.28645 3.86066 2 15 160.815 9.27102e-05 2.60583 3 
2.04081 0.00033556 -1 0.915429 0.21498 0.00293331 7.19028 94563.2 5 7189.5 5.10676 4.26295 3 5 29130.5 22.3935 4.19609 3 20 74.1571 9.43917e-05 1.97134 2 
2.04427 0.000335948 -1 0.916175 0.214254 0.00346279 7.21747 94774.5 5 4154.41 4.50254 3.91751 2 5 29767.6 23.4584 4.17531 2 13 77.4706 5.11854e-05 2.98802 3 
2.04817 0.000335764 -1 0.917012 0.213575 0.00390094 7.2412 95029.6 5 5132.51 3.22038 4.37003 2 5 8745.62 14.7274 3.58701 2 10 90.1257 8.64768e-05 3.99756 3 
2.05248 0.000333979 -1 0.917934 0.212941 0.00430692 7.26597 95269.3 5 4711.82 4.83652 3.96033 2 4 4459.24 7.42209 4.95089 3 11 104.312 6.99259e-05 3.6412 3 
2.05715 0.000331364 -1 0.918929 0.212421 0.00466759 7.29291 95479.1 6 8893.2 2.78596 3.83719 2 4 9648.17 10.8741 5.45774 2 12 118.063 4.7462e-05 3.41178 3 
2.06224 0.000329524 -1 0.920015 0.21191 0.00509651 7.32041 95679.9 6 7639.49 2.43704 3.82561 2 5 9237.09 9.72756 3.94009 2 12 137.256 5.07877e-05 3.43543 3 
2.06769 0.000328465 -1 0.921171 0.211519 0.00545208 7.34542 95911.7 5 5811.67 2.8871 4.57897 2 5 7023.93 10.0442 3.70624 2 10 155.151 4.24624e-05 4.53184 3 
2.07341 0.000327631 -1 0.922382 0.211162 0.00571966 7.37035 96143 5 3442.96 1.27812 4.85369 2 5 3985.3 11.7643 3.20611 2 10 173.411 6.577e-05 4.38637 3 
2.07935 0.000327146 -1 0.92363 0.21079 0.00593965 7.39427 96385.9 5 9028.55 1.58478 5.63806 2 4 9440.38 10.5566 5.46847 2 10 191.364 9.50826e-05 4.26949 3 
2.08549 0.000327029 -1 0.924921 0.210465 0.00613764 7.42043 96598.2 5 8072.86 1.65825 5.46355 2 5 9861.28 3.83955 4.80763 2 11 209.32 5.4396e-05 3.96879 3 
2.09184 0.000327792 -1 0.926247 0.210047 0.00635075 7.44775 96793.8 5 5897.05 1.1978 5.47583 2 5 7087.23 2.74712 4.81193 2 12 229.425 4.92328e-05 3.595 3 
2.09833 0.000328884 -1 0.927608 0.209649 0.00648684 7.48794 96821.2 5 4385.02 1.52348 4.91844 2 5 3884.02 1.61865 4.7427 2 19 245.273 9.71975e-05 2.17244 4 
2.10491 0.000330232 -1 0.928983 0.209284 0.00658154 7.53325 96782.6 6 4782.58 1.08286 4.05056 2 4 4806.55 8.59758 4.86255 2 22 258.884 8.86537e-05 1.96735 4 
2.11169 0.000331236 -1 0.930403 0.20888 0.00678098 7.58368 96679.2 6 7683.57 0.7948 4.61549 2 5 10107.7 5.27257 4.53446 2 23 281.431 6.18613e-05 1.94749 4 
2.11863 0.000332373 -1 0.931849 0.208471 0.00693991 7.62971 96632.8 6 6029.86 0.63866 4.59734 2 5 6383.7 3.49032 4.49202 2 22 301.034 6.8512e-05 2.00423 4 
2.12568 0.000333458 -1 0.93332 0.208071 0.00705095 7.67018 96657 5 3824.03 1.79546 4.63094 2 5 4533.94 3.95945 4.09042 2 19 317.011 5.49852e-05 2.26899 4 
2.13279 0.000334754 -1 0.934795 0.207677 0.00710827 7.70847 96708.2 6 4288.75 1.0746 3.98273 2 5 3962.3 2.46099 4.37893 2 17 332.909 4.66531e-05 2.53014 4 
2.13996 0.000335937 -1 0.936284 0.207228 0.00716702 7.74133 96826.8 6 4883.27 1.26642 3.95994 2 4 5102.49 6.91916 5.21113 2 14 352.719 8.601e-05 2.96721 4 
2.14731 0.000337499 -1 0.937803 0.206753 0.00735079 7.79769 96652.2 6 6236.36 1.27778 4.11857 2 5 8684.97 7.13581 4.14062 2 32 384.774 8.80662e-05 1.61255 3 
2.15472 0.000339218 -1 0.939337 0.20627 0.00741471 7.8483 96550.8 6 3971.49 1.03878 3.95432 2 6 3960.73 2.82861 3.34478 2 29 404.682 7.83582e-05 1.70406 3 
2.1622 0.000340756 -1 0.940874 0.205795 0.00748032 7.88712 96595 5 3254.47 1.15839 4.89469 2 5 3388.62 5.98123 3.55342 2 21 424.044 9.23785e-05 2.07601 3 
2.16943 0.000342267 -1 0.942361 0.205402 0.00722238 7.92468 96654 5 3530.47 1.10167 5.02524 2 5 3917.4 5.48243 3.72224 2 20 405.275 6.25399e-05 2.19068 3 
2.17671 0.000343798 -1 0.943851 0.204839 0.00728574 7.96713 96653.1 5 5567.64 1.55656 5.1369 2 5 6092.72 3.84667 4.36461 2 22 421.628 6.73449e-05 2.03675 3 
2.18406 0.000345951 -1 0.945356 0.204354 0.00735079 8.01189 96624.4 6 4034.76 1.21331 3.86344 2 6 6821.69 1.8877 3.91736 2 24 437.501 8.83685e-05 1.90084 3 
2.19141 0.000348137 -1 0.946852 0.203852 0.00735079 8.05704 96591.4 6 3468.39 1.05348 3.857 2 5 4481.64 6.71838 3.67142 2 25 448.882 6.74454e-05 1.87468 3 
2.19876 0.000349876 -1 0.94835 0.203388 0.00735079 8.09814 96606.9 5 2831.46 1.67252 4.42311 2 4 3490.85 6.28972 4.85372 3 23 462.969 9.14243e-05 1.95659 3 
2.20592 0.000351121 -1 0.949798 0.200724 0.00715389 8.14165 96593.7 8 27328.4 1.89463 3.31044 2 6 26584.1 4.57446 4.24014 3 21 321.138 6.46171e-05 2.08388 3 
2.21307 0.000349731 -1 0.951233 0.195587 0.00715389 8.18379 96596.8 7 18164.5 1.19799 3.95597 2 5 16969.1 4.98866 5.08552 3 20 313.16 6.06021e-05 2.16603 3 
2.2205 0.000351839 -1 0.952677 0.189514 0.00742385 8.22397 96622.9 7 21442.8 1.29029 4.00813 2 5 22350.1 5.23525 5.32192 3 20 323.748 7.81572e-05 2.14221 3 
2.22799 0.000352756 -1 0.954095 0.184796 0.00749523 8.26497 96639.2 8 10488.2 1.43282 3.04133 3 5 8270.75 2.01167 5.28199 2 20 233.492 6.95982e-05 2.11975 3 
2.23549 0.0003517 -1 0.955474 0.182631 0.00749523 8.30227 96698.3 6 15027.3 1.54514 4.62011 2 5 15391.7 3.84075 5.25501 2 19 211.604 9.08612e-05 2.16328 3 
2.24306 0.000353038 -1 0.956861 0.183121 0.00756944 8.3526 96606.1 9 9031.06 1.19951 2.69618 3 8 10704.2 5.4366 2.58094 3 21 187.077 6.32865e-05 2.03296 4 
2.2507 0.000351301 -1 0.958264 0.185102 0.0076459 8.40557 96484.6 6 8272.91 1.02087 4.48175 2 4 11129.2 4.98782 6.87287 3 23 152.327 7.72319e-05 1.878 4 
2.25851 0.000351459 -1 0.959709 0.187609 0.00780519 8.45323 96425.1 7 6354.89 1.21798 3.39678 2 5 7169.63 2.97952 4.74537 3 22 146.921 5.7799e-05 1.95499 4 
2.26684 0.000352843 -1 0.961266 0.189974 0.00833138 8.4986 96392.3 8 6187.9 1.18326 2.91614 2 5 5025.45 3.57215 4.26235 3 20 157.062 6.6002e-05 2.08365 4 
2.27517 0.000355557 -1 0.962845 0.19182 0.00833138 8.5381 96426.1 7 4301.1 1.26893 3.19379 2 4 3896.13 4.52623 5.41657 2 18 150.573 7.27207e-05 2.24333 4 
2.28322 0.000359069 -1 0.964382 0.193085 0.00805367 8.57945 96438.8 7 2699.12 1.31095 2.97424 2 6 3187.68 2.29199 3.341 2 17 134.7 5.03227e-05 2.38833 4 
2.29101 0.00036178 -1 0.965881 0.193701 0.00779105 8.62675 96384.8 8 6875.36 1.22129 2.94313 2 6 7715.06 5.27426 3.36922 2 25 128.368 8.46341e-05 1.767 3 
2.29889 0.000364045 -1 0.967397 0.193786 0.00787762 8.67858 96281.2 10 7178.37 1.0668 2.41432 2 8 8456.39 3.95451 2.60772 2 26 133.884 7.73726e-05 1.73752 3 
2.30704 0.000365861 -1 0.968971 0.193436 0.00815242 8.73336 96146.2 11 5914.12 1.14362 2.17571 2 9 5390.58 4.22693 2.21344 2 27 141.344 7.53799e-05 1.7074 3 
2.31539 0.000367182 -1 0.970583 0.192915 0.00834886 8.79314 95958.5 11 5521.72 1.07023 2.17525 2 10 4980.04 4.77707 2.00358 2 28 140.716 7.5269e-05 1.67491 3 
2.32395 0.000368069 -1 0.972241 0.192444 0.00855758 8.85266 95776 11 4606.78 0.99057 2.15482 2 10 3721.18 3.28009 2.0206 2 30 138.989 6.80253e-05 1.62309 3 
2.33262 0.000368634 -1 0.973913 0.192079 0.0086673 8.91198 95598 8 3787.15 0.907839 2.8349 2 7 3480.95 3.06829 2.73149 2 32 124.887 9.42787e-05 1.55352 3 
2.3414 0.000369309 -1 0.975604 0.191753 0.00878134 8.97869 95343.9 10 8143.76 0.6443 2.57142 2 7 8530.49 3.80881 3.01022 3 38 103.088 6.48625e-05 1.4561 3 
2.35018 0.000369943 -1 0.977281 0.191467 0.00878134 9.02424 95316.6 8 5198.99 0.899385 2.95289 2 6 6918.55 3.21913 3.59236 3 21 109.945 3.76823e-05 2.0317 4 
2.35933 0.000370274 -1 0.979027 0.19108 0.00915238 9.05717 95422.3 7 4433.61 0.643592 3.53433 2 5 4930.22 3.3551 4.29964 3 12 126.508 9.33798e-05 3.24331 4 
2.36875 0.000371455 -1 0.980814 0.190713 0.00942157 9.09448 95481.3 6 2982.15 0.909741 3.85421 2 5 4048.47 2.0081 4.58038 3 13 140.76 4.14245e-05 3.17981 4 
2.37847 0.000373933 -1 0.982657 0.190439 0.00971146 9.12901 95568.7 7 4503.92 0.717323 3.48782 2 5 4455.6 3.90364 4.08778 3 13 156.446 4.74077e-05 3.17267 4 
2.38849 0.000375442 -1 0.984559 0.190108 0.0100247 9.21925 95077.6 8 5404.83 0.732439 3.0444 3 6 5358.36 3.38257 3.41427 2 49 173.838 9.73229e-05 1.3415 4 
2.39776 0.00037689 -1 0.986325 0.189925 0.00926529 9.2835 94860.8 7 6174.81 1.10782 3.42898 2 5 8200.22 4.52869 4.48302 2 33 155.009 8.01776e-05 1.55058 4 
2.40732 0.000378175 -1 0.988142 0.18969 0.00955942 9.33856 94740 8 4752 0.959357 2.89642 2 6 4891.1 3.39471 3.36073 2 26 172.906 7.3149e-05 1.75848 4 
2.41736 0.000379933 -1 0.990058 0.189499 0.0100455 9.38239 94734.1 8 3418.49 0.601166 2.94683 3 5 4190.52 2.76035 4.32774 2 19 198.533 6.97834e-05 2.18619 4 
2.42777 0.000381915 -1 0.992023 0.189306 0.0104043 9.41891 94801.6 6 2468.39 0.63514 3.96513 3 6 3104.15 1.72858 3.48639 2 14 220.69 6.54748e-05 2.92594 4 
2.43817 0.000384313 -1 0.993984 0.18921 0.0104043 9.45946 94828.3 10 2435.44 0.790698 2.23284 2 6 3343.79 3.5997 3.12365 2 15 228.777 5.36979e-05 2.76671 4 
2.44857 0.000386065 -1 0.995936 0.189043 0.0104043 9.50384 94816.4 11 5326.78 0.717556 2.2484 2 7 6003 3.26335 2.92676 2 16 237.369 3.89621e-05 2.6549 4 
2.45879 0.000387753 -1 0.997859 0.188837 0.0102116 9.54641 94822.6 11 4074.64 0.803521 2.17183 2 8 4065.96 2.58204 2.50986 2 15 237.264 5.21597e-05 2.77882 4 
2.4694 0.000389606 -1 0.999855 0.188569 0.010612 9.58652 94853.2 10 3657.13 0.82459 2.31574 2 6 3728.27 3.17946 3.24732 2 15 265.406 8.84422e-05 2.70282 4 
2.48045 0.000391563 -1 1.00194 0.188358 0.0110542 9.62887 94861.4 11 3071.8 0.622867 2.16634 2 6 3294.79 2.96788 3.21783 2 16 297.15 6.55444e-05 2.60632 4 
2.49151 0.000393214 -1 1.00403 0.188147 0.0110542 9.67212 94860.7 10 2327.38 0.757071 2.23241 2 8 3175.85 2.28619 2.47083 2 16 306.023 5.75612e-05 2.6324 4 
2.50256 0.000395165 -1 1.00612 0.188067 0.0110542 9.71458 94867.7 10 2266.75 0.699452 2.24422 2 7 2978.46 2.40262 2.76631 2 16 315.504 6.5638e-05 2.61587 4 
2.51314 0.00039685 -1 1.0081 0.187987 0.0105838 9.75469 94897.5 10 2549.41 0.764169 2.25074 2 6 3152.92 3.55376 3.09983 2 15 298.053 4.69221e-05 2.84137 4 
2.52396 0.000398692 -1 1.01011 0.187859 0.010819 9.80045 94872.4 11 5689.38 0.762871 2.24934 3 6 3952.45 2.7323 3.36297 2 16 321.207 3.91072e-05 2.70494 4 
2.5353 0.000400367 -1 1.01222 0.187635 0.0113342 9.8515 94796.5 10 3624.43 0.565029 2.4028 3 7 3224.91 1.56147 2.97556 2 18 361.635 7.3336e-05 2.35413 5 
2.54663 0.000401393 -1 1.01435 0.187424 0.0113342 9.92431 94513.7 8 2821.89 0.680342 2.83287 4 8 2766.22 2.36764 2.41795 2 35 369.959 8.60366e-05 1.54713 4 
2.55826 0.000402163 -1 1.01654 0.187162 0.0116248 9.97497 94444.4 5 2743.28 0.394795 5.86651 3 6 3113.2 2.48727 3.28282 2 22 397.424 6.41742e-05 2.03574 4 
2.56903 0.000402724 -1 1.01858 0.187157 0.0107742 10.0157 94468.9 7 1694.64 0.851112 2.96005 2 7 2806.05 2.42287 2.73956 2 16 347.72 7.44975e-05 2.61107 4 
2.5798 0.000401556 -1 1.02058 0.186927 0.0107742 10.056 94497.9 7 2090.46 0.695197 3.13961 2 7 2405.47 0.27312 3.66058 3 16 354.455 5.36284e-05 2.66846 4 
2.59116 0.000401506 -1 1.02267 0.186542 0.0113566 10.0971 94519.3 7 3633.02 0.349429 3.74839 3 5 3600.22 2.85335 4.17056 3 17 398.777 4.67145e-05 2.55695 4 
2.60252 0.000402754 -1 1.02477 0.186104 0.0113566 10.1423 94501.3 8 3318.38 0.721027 2.86993 3 7 3055.87 2.97478 2.69302 2 17 400.322 5.09561e-05 2.54449 4 
2.61421 0.000401566 -1 1.02694 0.185405 0.0116906 10.1889 94471.8 11 2951.23 0.603941 2.16453 2 6 2794.86 1.26457 3.60913 2 18 423.137 6.99745e-05 2.38096 4 
2.6259 0.000400278 -1 1.02912 0.184618 0.0116906 10.2384 94414.9 11 2779.19 0.527704 2.17932 2 7 3722.12 2.47453 2.8438 2 20 416.115 6.81552e-05 2.18417 4 
2.63759 0.000399415 -1 1.03131 0.18392 0.0116906 10.2886 94352.2 10 3452.22 0.707672 2.3379 2 7 2963.58 2.85234 2.6974 2 21 392.51 7.53912e-05 2.0885 4 
2.64928 0.000398306 -1 1.03343 0.183259 0.0116906 10.3355 94320.7 9 2852.58 0.526172 2.59957 2 6 2483.16 1.82511 3.32879 2 20 378.223 8.22088e-05 2.15348 4 
2.66137 0.000397042 -1 1.03561 0.18268 0.0120938 10.383 94283 7 3761.39 0.653317 3.44489 2 7 3864.88 2.57183 2.84343 2 21 387.986 7.52153e-05 2.08758 4 
2.67196 0.000396543 -1 1.03753 0.18265 0.010582 10.4295 94255.6 7 4131.11 0.767478 3.41193 2 5 3277.63 1.43448 4.69649 2 19 279.028 8.5411e-05 2.20216 5 
2.68254 0.000395245 -1 1.03947 0.182699 0.010582 10.4784 94206.7 5 2260.66 0.882273 4.80537 2 5 2470.51 3.39332 3.73622 2 21 263.235 8.42108e-05 2.03838 5 
2.69312 0.000396817 -1 1.04142 0.182967 0.010582 10.5251 94177.9 8 2068.91 0.693816 2.71839 2 4 3089.3 2.80384 5.76138 2 19 246.59 7.70371e-05 2.1998 5 
2.70408 0.000399984 -1 1.04345 0.183243 0.01096 10.6054 93851 7 2444.16 0.822332 3.1344 2 4 2274.63 2.01419 5.79699 2 44 248.953 9.29701e-05 1.39986 4 
2.71504 0.000403841 -1 1.04543 0.183521 0.01096 10.6573 93778.6 7 2466.32 0.665896 3.23449 2 5 2712.11 1.48133 4.49294 2 25 235.12 7.44341e-05 1.81962 4 
2.726 0.000408086 -1 1.04741 0.183805 0.01096 10.701 93778 7 2624.85 0.656174 3.27027 2 4 2822.33 2.69939 5.68637 2 20 222.148 4.99152e-05 2.14991 4 
2.73696 0.000411894 -1 1.04941 0.183998 0.01096 10.743 93792.7 6 4040.79 0.796168 4.1455 2 5 2145.18 1.85999 4.09629 2 19 214.674 8.87362e-05 2.16762 4 
2.7484 0.000416624 -1 1.05152 0.184226 0.0114365 10.7913 93752.7 10 3085.63 0.711168 2.31067 2 5 2716.36 2.19064 4.15607 2 21 226.145 5.31608e-05 2.06851 4 
2.75807 0.000418537 -1 1.05332 0.184644 0.00967704 10.8314 93783.7 9 1603.64 0.822038 2.32049 2 7 2317.96 3.41777 2.53793 2 15 159.048 9.42495e-05 2.60106 4 
2.76775 0.000418513 -1 1.05513 0.184926 0.00967704 10.8715 93814.5 7 1559.83 0.864813 2.91854 2 7 1689.89 4.01023 2.37113 2 16 160.255 4.18927e-05 2.5788 4 
2.77785 0.000420182 -1 1.05698 0.185108 0.0100978 10.9113 93847.3 7 1831.96 0.968518 2.93843 2 5 1440.39 2.34749 3.61057 2 17 176.302 6.84827e-05 2.38286 4 
2.78795 0.000424044 -1 1.05882 0.185361 0.0100978 10.9518 93874.5 6 1835.92 0.797185 3.63398 2 5 1552.61 2.43844 3.63739 2 18 178.023 5.69784e-05 2.2952 4 
2.79804 0.000428223 -1 1.06068 0.185534 0.0100978 10.9955 93874.3 6 1240.61 0.954581 3.30347 2 5 1647.69 1.99643 3.83111 2 20 181.572 5.23463e-05 2.12328 4 
2.80814 0.000432909 -1 1.06255 0.185721 0.0100978 11.0424 93846.4 8 2986.44 0.850477 2.77451 2 5 1789.35 1.78402 3.98344 2 21 185.804 8.07285e-05 2.00888 4 
2.8188 0.000435674 -1 1.06454 0.185739 0.0106588 11.1485 93320.3 12 2918.36 0.547083 2.04452 3 6 2728.43 2.09152 3.30553 2 57 212.198 8.6965e-05 1.29437 4 
2.82887 0.000436793 -1 1.06643 0.185866 0.0100666 11.2414 92914 7 1671.61 0.861358 2.94922 3 5 2241.41 3.85255 3.57235 2 51 193.671 8.32361e-05 1.33303 4 
2.83893 0.000436866 -1 1.0683 0.18594 0.0100666 11.3039 92762.1 7 1816.75 0.947313 2.94423 3 5 1874.75 2.49361 3.7603 2 31 199.774 8.32824e-05 1.60622 4 
2.849 0.000437746 -1 1.07015 0.186006 0.0100666 11.347 92770.5 4 2776.3 0.926822 7.39806 3 4 1563.82 1.83115 5.40587 2 21 205.611 7.79664e-05 2.02194 4 
2.85907 0.000442334 -1 1.072 0.186243 0.0100666 11.3951 92738.4 9 1774.11 0.671739 2.39993 3 5 1695 2.81481 3.59703 2 21 211.657 8.60781e-05 2.01521 4 
2.86913 0.000444266 -1 1.07387 0.18647 0.0100666 11.4411 92724.3 5 1639.56 0.903566 4.48491 3 4 1393.89 3.44116 4.48622 2 22 218.436 5.6326e-05 1.99289 4 
2.8792 0.000446012 -1 1.07575 0.186745 0.0100666 11.4884 92698.6 4 2212.59 0.803499 7.24401 3 5 1376.33 2.57981 3.51097 2 23 225.566 5.0327e-05 1.94623 4 
2.88927 0.000446738 -1 1.07765 0.186863 0.0100666 11.5437 92609.6 8 2576.49 0.697393 2.79218 4 6 2690.18 2.57461 3.1855 2 24 233.003 6.17678e-05 1.87942 4 
2.89933 0.000447559 -1 1.07954 0.18699 0.0100666 11.5989 92521.8 5 1868.28 0.720678 4.8166 3 6 2838.31 0.902004 3.82803 2 25 239.132 7.76123e-05 1.81781 4 
2.9094 0.000449684 -1 1.08141 0.187169 0.0100666 11.6521 92451.3 7 1653.1 0.839089 2.95557 3 4 1695.37 3.35425 4.74152 2 25 244.092 6.71756e-05 1.82984 4 
2.91846 0.000451691 -1 1.08308 0.187452 0.00905995 11.6993 92427.7 6 1535.83 0.773252 3.54544 3 4 1738.29 3.54394 4.70607 2 20 196.966 4.93771e-05 2.13818 4 
2.92752 0.000452507 -1 1.08477 0.187572 0.00905995 11.7434 92430.2 5 1544.14 0.494804 4.99863 3 5 1608.01 3.45574 3.41625 2 19 191.34 8.5641e-05 2.15856 4 
2.93658 0.000454159 -1 1.08647 0.187568 0.00905995 11.7853 92448.7 5 2788.85 1.0562 4.83432 2 5 1971.34 2.15167 3.91199 2 19 174.582 6.07462e-05 2.18736 4 
2.94564 0.000457712 -1 1.08817 0.187374 0.00905995 11.8309 92438.3 9 4098.31 1.0406 2.50888 4 5 3090.46 1.71504 4.47868 2 19 181.278 4.91195e-05 2.21634 4 
2.9547 0.00046012 -1 1.08989 0.186896 0.00905995 11.8747 92442.9 4 4542.87 0.805575 8.66575 3 5 2344.32 1.63322 4.27952 2 19 187.897 6.02537e-05 2.19678 4 
2.96376 0.000463576 -1 1.09159 0.186358 0.00905995 11.9332 92332.4 5 2357.01 0.865175 4.86465 3 4 2427.01 4.76225 4.75133 2 30 194.334 8.19698e-05 1.63116 4 
2.97282 0.000465735 -1 1.09326 0.185939 0.00905995 11.9959 92191.5 6 1913.16 1.07474 3.4813 2 6 2084.53 3.01305 2.97395 2 31 200.036 7.73811e-05 1.6101 4 
2.98188 0.000465645 -1 1.09493 0.185556 0.00905995 12.0438 92164.6 7 1696.16 1.00092 2.89265 2 4 1956.8 3.3975 4.89888 2 23 204.815 8.5022e-05 1.8944 4 
2.99094 0.000464895 -1 1.0966 0.185317 0.00905995 12.0879 92167.8 6 1578.59 1.09678 3.36015 2 4 1959.67 4.67474 4.52487 2 20 208.698 9.6831e-05 2.07336 4 
3 0.000464247 -1 1.09828 0.185281 0.00905995 12.1322 92168.3 7 1429.69 1.02911 2.8117 2 5 1612.95 1.31828 4.14498 2 20 212.287 8.94373e-05 2.08339 4 

# Multigrid, 273 steps, 194.585 CPU, 12.19 real, 9.17e+04 points.step/s, 24 var
