0 0.00996391
0.0338878 0.00995772
0.0677756 0.00994035
0.101663 0.00991223
0.135551 0.00987387
0.169439 0.00982552
0.203327 0.00976702
0.237215 0.00969903
0.271102 0.00962177
0.30499 0.00953544
0.338878 0.00944025
0.372766 0.00933636
0.406653 0.00922395
0.440541 0.00910317
0.474429 0.00897418
0.508317 0.00883712
0.542205 0.0086921
0.576092 0.00853926
0.60998 0.00837868
0.643868 0.0082105
0.677756 0.0080349
0.711644 0.00785209
0.745531 0.00766235
0.779419 0.00746596
0.813307 0.00726321
0.847195 0.00705444
0.881082 0.00683997
0.91497 0.00662013
0.948858 0.00639523
0.982746 0.00616555
1.01663 0.00593137
1.05052 0.00569292
1.08441 0.00545042
1.1183 0.00520415
1.15218 0.00495436
1.18607 0.00470132
1.21996 0.00444537
1.25385 0.00418675
1.28774 0.00392574
1.32162 0.00366251
1.35551 0.00339733
1.3894 0.00313033
1.42329 0.00286181
1.45717 0.00259207
1.49106 0.00232155
1.52495 0.00205058
1.55884 0.0017794
1.59273 0.0015083
1.62661 0.00123737
1.6605 0.000966846
1.69439 0.000696768
1.72828 0.00042756
1.76216 0.000159394
1.79605 0.000106026
1.82994 0.000370044
1.86383 0.000632177
1.89772 0.000892269
1.9316 0.00115003
1.96549 0.00140503
1.99938 0.00165683
2.03327 0.00190499
2.06716 0.00214917
2.10104 0.0023892
2.13493 0.00262509
2.16882 0.00285696
2.20271 0.00308505
2.23659 0.00330926
2.27048 0.00352924
2.30437 0.00374463
2.33826 0.00395503
2.37215 0.00416017
2.40603 0.00435988
2.43992 0.00455406
2.47381 0.00474265
2.5077 0.00492554
2.54158 0.0051026
2.57547 0.00527368
2.60936 0.00543861
2.64325 0.00559723
2.67714 0.00574943
2.71102 0.00589506
2.74491 0.00603402
2.7788 0.00616622
2.81269 0.0062916
2.84657 0.00641011
2.88046 0.00652169
2.91435 0.00662631
2.94824 0.00672393
2.98213 0.00681453
3.01601 0.00689807
3.0499 0.00697455
3.08379 0.00704394
3.11768 0.00710622
3.15156 0.00716138
3.18545 0.00720942
3.21934 0.00725035
3.25323 0.00728418
3.28712 0.00731095
3.321 0.00733073
3.35489 0.00734357
3.38878 0.00734951
3.42267 0.00734862
3.45655 0.00734095
3.49044 0.00732656
3.52433 0.00730551
3.55822 0.00727785
3.59211 0.00724364
3.62599 0.00720296
3.65988 0.00715589
3.69377 0.00710247
3.72766 0.00704279
3.76154 0.00697694
3.79543 0.00690502
3.82932 0.00682713
3.86321 0.00674338
3.8971 0.00665387
3.93098 0.00655877
3.96487 0.00645827
3.99876 0.0063524
4.03265 0.00624127
4.06653 0.00612502
4.10042 0.00600378
4.13431 0.00587767
4.1682 0.00574684
4.20209 0.0056114
4.23597 0.00547149
4.26986 0.00532725
4.30375 0.00517882
4.33764 0.00502635
4.37152 0.00487002
4.40541 0.00471
4.4393 0.00454649
4.47319 0.0043797
4.50708 0.00420983
4.54096 0.0040371
4.57485 0.00386175
4.60874 0.00368397
4.64263 0.00350397
4.67651 0.00332196
4.7104 0.00313813
4.74429 0.00295269
4.77818 0.00276581
4.81207 0.0025777
4.84595 0.00238854
4.87984 0.00219834
4.91373 0.00200728
4.94762 0.00181563
4.9815 0.00162372
5.01539 0.0014317
5.04928 0.00123975
5.08317 0.00104805
5.11706 0.000856762
5.15094 0.000666262
5.18483 0.000476514
5.21872 0.000287493
5.25261 9.93202e-05
5.28649 8.8699e-05
5.32038 0.000274397
5.35427 0.000458192
5.38816 0.000639867
5.42205 0.000819265
5.45593 0.000996772
5.48982 0.00117263
5.52371 0.00134568
5.5576 0.00151654
5.59149 0.00168467
5.62537 0.00185
5.65926 0.00201249
5.69315 0.00217206
5.72704 0.00232848
5.76092 0.00248142
5.79481 0.00263056
5.8287 0.00277567
5.86259 0.0029168
5.89648 0.00305418
5.93036 0.00318732
5.96425 0.00331633
5.99814 0.00344128
6.03203 0.00356215
6.06591 0.00367892
6.0998 0.00379154
6.13369 0.0038997
6.16758 0.0040033
6.20147 0.00410225
6.23535 0.00419649
6.26924 0.00428596
6.30313 0.00437063
6.33702 0.00445046
6.3709 0.00452542
6.40479 0.00459552
6.43868 0.00466071
6.47257 0.00472094
6.50646 0.00477618
6.54034 0.00482641
6.57423 0.00487164
6.60812 0.00491185
6.64201 0.00494704
6.67589 0.00497727
6.70978 0.00500275
6.74367 0.00502324
6.77756 0.00503877
6.81145 0.00504936
6.84533 0.00505503
6.87922 0.00505582
6.91311 0.00505176
6.947 0.0050429
6.98088 0.00502928
7.01477 0.00501096
7.04866 0.00498798
7.08255 0.00496041
7.11644 0.00492833
7.15032 0.00489178
7.18421 0.00485084
7.2181 0.00480556
7.25199 0.00475603
7.28587 0.00470233
7.31976 0.00464453
7.35365 0.00458271
7.38754 0.004517
7.42143 0.00444744
7.45531 0.00437413
7.4892 0.00429713
7.52309 0.00421655
7.55698 0.00413247
7.59086 0.004045
7.62475 0.00395423
7.65864 0.00386026
7.69253 0.00376325
7.72642 0.00366325
7.7603 0.00356035
7.79419 0.00345466
7.82808 0.0033463
7.86197 0.00323538
7.89585 0.00312204
7.92974 0.00300644
7.96363 0.00288872
7.99752 0.00276903
8.03141 0.0026475
8.06529 0.00252424
8.09918 0.00239936
8.13307 0.00227295
8.16696 0.00214515
8.20084 0.00201614
8.23473 0.00188609
8.26862 0.00175518
8.30251 0.00162357
8.3364 0.00149139
8.37028 0.00135873
8.40417 0.00122563
8.43806 0.00109218
8.47195 0.000958442
8.50583 0.000824532
8.53972 0.000690595
8.57361 0.000557202
8.6075 0.000424158
8.64139 0.000291462
8.67527 0.000159266
8.70916 2.78595e-05
8.74305 0.000103345
8.77694 0.000232634
8.81082 0.000360702
8.84471 0.000487479
8.8786 0.00061287
8.91249 0.000736762
8.94638 0.000859072
8.98026 0.000979819
9.01415 0.00109859
9.04804 0.00121546
9.08193 0.00133056
9.11582 0.00144372
9.1497 0.00155488
9.18359 0.00166388
9.21748 0.00177048
9.25137 0.00187445
9.28525 0.00197563
9.31914 0.00207399
9.35303 0.0021697
9.38692 0.00226253
9.42081 0.00235253
9.45469 0.00243968
9.48858 0.00252428
9.52247 0.00260589
9.55636 0.00268443
9.59024 0.00275983
9.62413 0.00283208
9.65802 0.00290107
9.69191 0.00296679
9.7258 0.0030292
9.75968 0.00308825
9.79357 0.00314394
9.82746 0.00319624
9.86135 0.00324513
9.89523 0.0032906
9.92912 0.00333264
9.96301 0.00337122
9.9969 0.00340634
10.0308 0.00343799
10.0647 0.00346617
10.0986 0.00349087
10.1324 0.00351209
10.1663 0.00352984
10.2002 0.00354413
10.2341 0.00355496
10.268 0.00356236
10.3019 0.00356633
10.3358 0.00356691
10.3697 0.00356411
10.4036 0.00355796
10.4374 0.00354848
10.4713 0.00353572
10.5052 0.0035197
10.5391 0.00350044
10.573 0.00347802
10.6069 0.00345245
10.6408 0.00342378
10.6747 0.00339207
10.7085 0.00335735
10.7424 0.00331971
10.7763 0.00327922
10.8102 0.00323583
10.8441 0.00318969
10.878 0.00314084
10.9119 0.00308934
10.9458 0.00303525
10.9796 0.00297865
11.0135 0.00291959
11.0474 0.00285819
11.0813 0.00279449
11.1152 0.00272854
11.1491 0.00266041
11.183 0.00259018
11.2169 0.00251792
11.2507 0.00244373
11.2846 0.00236769
11.3185 0.00228989
11.3524 0.00221044
11.3863 0.00212944
11.4202 0.00204701
11.4541 0.00196322
11.488 0.00187817
11.5218 0.00179194
11.5557 0.00170464
11.5896 0.00161632
11.6235 0.00152708
11.6574 0.00143705
11.6913 0.00134638
11.7252 0.00125513
11.7591 0.00116337
11.793 0.00107115
11.8268 0.000978504
11.8607 0.000885485
11.8946 0.000792149
11.9285 0.000698582
11.9624 0.000605011
11.9963 0.000511443
12.0302 0.000417941
12.0641 0.000324658
12.0979 0.00023182
12.1318 0.00013967
12.1657 4.81917e-05
12.1996 4.23983e-05
12.2335 0.00013252
12.2674 0.000222572
12.3013 0.000311711
12.3352 0.000399781
12.369 0.000486678
12.4029 0.000572475
12.4368 0.000657029
12.4707 0.000740168
12.5046 0.000821906
12.5385 0.000902518
12.5724 0.000982292
12.6063 0.0010608
12.6401 0.00113779
12.674 0.00121295
12.7079 0.001286
12.7418 0.00135679
12.7757 0.00142535
12.8096 0.00149177
12.8435 0.00155616
12.8774 0.00161864
12.9112 0.00167925
12.9451 0.00173797
12.979 0.00179474
13.0129 0.00184946
13.0468 0.00190214
13.0807 0.0019526
13.1146 0.00200078
13.1485 0.00204665
13.1823 0.00209019
13.2162 0.0021314
13.2501 0.00217025
13.284 0.00220673
13.3179 0.00224085
13.3518 0.00227258
13.3857 0.00230192
13.4196 0.00232888
13.4535 0.00235341
13.4873 0.00237551
13.5212 0.00239518
13.5551 0.00241241
13.589 0.00242721
13.6229 0.00243959
13.6568 0.00244956
13.6907 0.00245713
13.7246 0.00246231
13.7584 0.00246513
13.7923 0.00246561
13.8262 0.00246375
13.8601 0.00245958
13.894 0.0024531
13.9279 0.00244433
13.9618 0.00243329
13.9957 0.00241999
14.0295 0.00240445
14.0634 0.00238669
14.0973 0.00236673
14.1312 0.00234462
14.1651 0.00232039
14.199 0.00229407
14.2329 0.00226571
14.2668 0.00223536
14.3006 0.00220305
14.3345 0.00216885
14.3684 0.00213278
14.4023 0.00209491
14.4362 0.00205529
14.4701 0.00201396
14.504 0.00197097
14.5379 0.00192639
14.5717 0.00188025
14.6056 0.00183263
14.6395 0.00178358
14.6734 0.00173316
14.7073 0.00168142
14.7412 0.00162843
14.7751 0.00157422
14.809 0.00151886
14.8429 0.00146239
14.8767 0.00140488
14.9106 0.00134642
14.9445 0.00128706
14.9784 0.00122686
15.0123 0.00116588
15.0462 0.00110418
15.0801 0.00104182
15.114 0.000978922
15.1478 0.000915552
15.1817 0.000851825
15.2156 0.000787782
15.2495 0.000723434
15.2834 0.000658823
15.3173 0.000593989
15.3512 0.000529036
15.3851 0.000463946
15.4189 0.0003988
15.4528 0.000333719
15.4867 0.000268708
15.5206 0.000203935
15.5545 0.000139422
15.5884 7.52712e-05
15.6223 1.16413e-05
15.6562 5.30138e-05
15.69 0.000115861
15.7239 0.000178225
15.7578 0.00024001
15.7917 0.000301177
15.8256 0.000361678
15.8595 0.00042145
15.8934 0.000480426
15.9273 0.000538546
15.9611 0.000595775
15.995 0.000652097
16.0289 0.000707544
16.0628 0.000762074
16.0967 0.000815559
16.1306 0.000867865
16.1645 0.000918867
16.1984 0.000968473
16.2323 0.00101664
16.2661 0.00106339
16.3 0.00110876
16.3339 0.00115269
16.3678 0.00119517
16.4017 0.00123617
16.4356 0.00127565
16.4695 0.00131358
16.5034 0.00134993
16.5372 0.00138467
16.5711 0.0014178
16.605 0.00144929
16.6389 0.00147914
16.6728 0.00150736
16.7067 0.00153393
16.7406 0.00155886
16.7745 0.00158214
16.8083 0.00160376
16.8422 0.00162373
16.8761 0.00164204
16.91 0.00165869
16.9439 0.00167367
16.9778 0.00168698
17.0117 0.00169863
17.0456 0.00170861
17.0794 0.00171693
17.1133 0.00172359
17.1472 0.0017286
17.1811 0.00173196
17.215 0.00173369
17.2489 0.00173379
17.2828 0.00173227
17.3167 0.00172915
17.3505 0.00172442
17.3844 0.00171811
17.4183 0.00171023
17.4522 0.00170077
17.4861 0.00168976
17.52 0.0016772
17.5539 0.00166312
17.5878 0.00164752
17.6216 0.00163044
17.6555 0.00161189
17.6894 0.0015919
17.7233 0.0015705
17.7572 0.00154771
17.7911 0.00152358
17.825 0.00149813
17.8589 0.00147141
17.8928 0.00144344
17.9266 0.00141427
17.9605 0.00138393
17.9944 0.00135246
18.0283 0.00131989
18.0622 0.00128627
18.0961 0.00125165
18.13 0.00121605
18.1639 0.00117951
18.1977 0.00114207
18.2316 0.0011038
18.2655 0.00106475
18.2994 0.00102498
18.3333 0.000984531
18.3672 0.000943431
18.4011 0.000901686
18.435 0.00085946
18.4688 0.00081674
18.5027 0.000773544
18.5366 0.000729921
18.5705 0.00068595
18.6044 0.000641709
18.6383 0.000597202
18.6722 0.000552513
18.7061 0.00050761
18.7399 0.000462509
18.7738 0.000417239
18.8077 0.000371842
18.8416 0.000326448
18.8755 0.000281104
18.9094 0.000235798
18.9433 0.00019056
18.9772 0.000145475
19.011 0.000100599
19.0449 5.59029e-05
19.0788 1.14161e-05
19.1127 3.35098e-05
19.1466 7.72351e-05
19.1805 0.000120902
19.2144 0.000164176
19.2483 0.000206983
19.2822 0.000249265
19.316 0.000290973
19.3499 0.000332075
19.3838 0.000372568
19.4177 0.000412477
19.4516 0.000451828
19.4855 0.000490614
19.5194 0.000528767
19.5533 0.000566154
19.5871 0.000602623
19.621 0.000638045
19.6549 0.000672356
19.6888 0.000705738
19.7227 0.000738127
19.7566 0.000769525
19.7905 0.000799947
19.8244 0.000829383
19.8582 0.000857806
19.8921 0.000885185
19.926 0.000911502
19.9599 0.00093672
19.9938 0.000960814
20.0277 0.000983773
20.0616 0.00100559
20.0955 0.00102625
20.1293 0.00104577
20.1632 0.00106414
20.1971 0.00108134
20.231 0.0010974
20.2649 0.00111229
20.2988 0.00112603
20.3327 0.0011386
20.3666 0.00115
20.4004 0.00116024
20.4343 0.0011693
20.4682 0.0011772
20.5021 0.00118392
20.536 0.00118948
20.5699 0.00119388
20.6038 0.00119713
20.6377 0.00119923
20.6716 0.00120019
20.7054 0.00120001
20.7393 0.00119869
20.7732 0.00119626
20.8071 0.0011927
20.841 0.00118804
20.8749 0.00118228
20.9088 0.00117543
20.9427 0.0011675
20.9765 0.00115855
21.0104 0.00114854
21.0443 0.00113748
21.0782 0.00112537
21.1121 0.00111223
21.146 0.00109808
21.1799 0.00108294
21.2138 0.00106683
21.2476 0.00104979
21.2815 0.00103182
21.3154 0.00101297
21.3493 0.000993255
21.3832 0.000972705
21.4171 0.000951351
21.451 0.000929222
21.4849 0.000906349
21.5187 0.000882761
21.5526 0.000858487
21.5865 0.000833553
21.6204 0.000807985
21.6543 0.00078181
21.6882 0.000755067
21.7221 0.000727805
21.756 0.000700052
21.7898 0.000671822
21.8237 0.000643146
21.8576 0.000614054
21.8915 0.000584577
21.9254 0.000554747
21.9593 0.000524593
21.9932 0.000494144
22.0271 0.000463428
22.061 0.000432475
22.0948 0.000401312
22.1287 0.000369971
22.1626 0.000338479
22.1965 0.000306868
22.2304 0.000275169
22.2643 0.000243418
22.2982 0.000211646
22.3321 0.000179884
22.3659 0.00014817
22.3998 0.000116536
22.4337 8.50152e-05
22.4676 5.36671e-05
22.5015 2.25252e-05
22.5354 9.21512e-06
22.5693 4.00051e-05
22.6032 7.05555e-05
22.637 0.000100834
22.6709 0.000130821
22.7048 0.000160498
22.7387 0.000189839
22.7726 0.00021881
22.8065 0.000247376
22.8404 0.000275514
22.8743 0.000303217
22.9081 0.000330482
22.942 0.000357298
22.9759 0.000383721
23.0098 0.000409669
23.0437 0.00043501
23.0776 0.000459683
23.1115 0.00048365
23.1454 0.000506901
23.1792 0.00052944
23.2131 0.000551273
23.247 0.0005724
23.2809 0.000592812
23.3148 0.000612491
23.3487 0.000631416
23.3826 0.000649569
23.4165 0.000666932
23.4503 0.000683493
23.4842 0.000699244
23.5181 0.000714182
23.552 0.000728305
23.5859 0.000741614
23.6198 0.000754111
23.6537 0.000765797
23.6876 0.000776673
23.7215 0.000786741
23.7553 0.000796001
23.7892 0.000804452
23.8231 0.000812096
23.857 0.000818931
23.8909 0.000824957
23.9248 0.000830176
23.9587 0.000834588
23.9926 0.000838194
24.0264 0.000840998
24.0603 0.000843002
24.0942 0.00084421
24.1281 0.000844627
24.162 0.000844255
24.1959 0.000843099
24.2298 0.000841163
24.2637 0.000838451
24.2975 0.000834965
24.3314 0.000830711
24.3653 0.000825693
24.3992 0.000819916
24.4331 0.000813389
24.467 0.000806121
24.5009 0.00079812
24.5348 0.000789399
24.5686 0.000779969
24.6025 0.000769844
24.6364 0.000759039
24.6703 0.000747568
24.7042 0.000735447
24.7381 0.000722692
24.772 0.000709321
24.8059 0.000695352
24.8397 0.000680804
24.8736 0.000665696
24.9075 0.00065005
24.9414 0.000633885
24.9753 0.000617221
