0.914985 0
0.914989 0.00390625

0.914989 0.00390625
0.914998 0.0078125

0.914998 0.0078125
0.915013 0.0117188

0.915013 0.0117188
0.915035 0.015625

0.915035 0.015625
0.915063 0.0195312

0.915063 0.0195312
0.915097 0.0234375

0.915097 0.0234375
0.915138 0.0273438

0.915138 0.0273438
0.915185 0.03125

0.915185 0.03125
0.915238 0.0351562

0.915238 0.0351562
0.915298 0.0390625

0.915298 0.0390625
0.915365 0.0429688

0.915365 0.0429688
0.915438 0.046875

0.915438 0.046875
0.915519 0.0507812

0.915519 0.0507812
0.915606 0.0546875

0.915606 0.0546875
0.915701 0.0585938

0.915701 0.0585938
0.915803 0.0625

0.915803 0.0625
0.915912 0.0664062

0.915912 0.0664062
0.916029 0.0703125

0.916029 0.0703125
0.916154 0.0742188

0.916154 0.0742188
0.916287 0.078125

0.916287 0.078125
0.916428 0.0820312

0.916428 0.0820312
0.916578 0.0859375

0.916578 0.0859375
0.916736 0.0898438

0.916736 0.0898438
0.916904 0.09375

0.916904 0.09375
0.917081 0.0976562

0.91708 0.0976562
0.917267 0.101562

0.917267 0.101562
0.917463 0.105469

0.917463 0.105469
0.917669 0.109375

0.917669 0.109375
0.917886 0.113281

0.917886 0.113281
0.917969 0.114696

0.917969 0.114695
0.918114 0.117188

0.918114 0.117188
0.918353 0.121094

0.918353 0.121094
0.918604 0.125

0.918604 0.125
0.918867 0.128906

0.918867 0.128906
0.919142 0.132812

0.919142 0.132812
0.919431 0.136719

0.919431 0.136719
0.919733 0.140625

0.919732 0.140625
0.920049 0.144531

0.920049 0.144531
0.920379 0.148438

0.920379 0.148438
0.920725 0.152344

0.920725 0.152344
0.921087 0.15625

0.921087 0.15625
0.921465 0.160156

0.921465 0.160156
0.92186 0.164062

0.921859 0.164062
0.921875 0.164213

0.921875 0.164209
0.922273 0.167969

0.922272 0.167969
0.922704 0.171875

0.922704 0.171875
0.923156 0.175781

0.923155 0.175781
0.923627 0.179688

0.923627 0.179688
0.92412 0.183594

0.92412 0.183594
0.924635 0.1875

0.924635 0.1875
0.925173 0.191406

0.925173 0.191406
0.925735 0.195312

0.925734 0.195312
0.925781 0.195627

0.925781 0.195621
0.926323 0.199219

0.926323 0.199219
0.926939 0.203125

0.926939 0.203125
0.927583 0.207031

0.927583 0.207031
0.928256 0.210938

0.928256 0.210938
0.92896 0.214844

0.928959 0.214844
0.929688 0.21871

0.929688 0.218708
0.929695 0.21875

0.929695 0.21875
0.930467 0.222656

0.930467 0.222656
0.931277 0.226562

0.931277 0.226562
0.932125 0.230469

0.932124 0.230469
0.933011 0.234375

0.933009 0.234375
0.933594 0.236827

0.933594 0.236819
0.933943 0.238281

0.933942 0.238281
0.934923 0.242188

0.934922 0.242188
0.935951 0.246094

0.935949 0.246094
0.937029 0.25

0.937023 0.25
0.9375 0.251637

0.9375 0.251622
0.938166 0.253906

0.938165 0.253906
0.939364 0.257812

0.939363 0.257812
0.940624 0.261719

0.940617 0.261719
0.941406 0.264033

0.941406 0.264017
0.941955 0.265625

0.941954 0.265625
0.943364 0.269531

0.943361 0.269531
0.944849 0.273438

0.944835 0.273438
0.945312 0.274618

0.945312 0.274583
0.946429 0.277344

0.946427 0.277344
0.948103 0.28125

0.94809 0.28125
0.949219 0.28372

0.949219 0.283696
0.949886 0.285156

0.949883 0.285156
0.951786 0.289062

0.95177 0.289062
0.953125 0.291664

0.953125 0.291637
0.953818 0.292969

0.953812 0.292969
0.955995 0.296875

0.955968 0.296875
0.957031 0.298644

0.957031 0.298597
0.958345 0.300781

0.958329 0.300781
0.960872 0.304688

0.960815 0.304688
0.960938 0.30487

0.960938 0.30479
0.963624 0.308594

0.963609 0.308594
0.964844 0.31025

0.964844 0.310172
0.966645 0.3125

0.966633 0.3125
0.96875 0.315026

0.96875 0.314988
0.969983 0.316406

0.969971 0.316406
0.972656 0.319292

0.972656 0.319256
0.973707 0.320312

0.973668 0.320312
0.976562 0.32304

0.976562 0.323013
0.97794 0.324219

0.977872 0.324219
0.980469 0.326398

0.980469 0.32638
0.982791 0.328125

0.982655 0.328125
0.984375 0.329371

0.984375 0.329315
0.988281 0.33189

0.988281 0.331898
0.988512 0.332031

0.988506 0.332031
0.992188 0.334157

0.992188 0.334133
0.995801 0.335938

0.995702 0.335938
0.996094 0.336133

0.996094 0.336097
1 0.337764

1 0.33774
1.00391 0.339152

1.00391 0.339161
1.00618 0.339844

1.00612 0.339844
1.00781 0.340353

1.00781 0.340334
1.01172 0.34126

1.01172 0.341252
1.01562 0.341963

1.01562 0.341963
1.01953 0.342477

1.01953 0.342475
1.02344 0.342798

1.02344 0.342797
1.02734 0.342934

1.02734 0.342933
1.03125 0.34289

1.03125 0.342888
1.03516 0.342672

1.03516 0.34267
1.03906 0.342289

1.03906 0.342286
1.04297 0.34175

1.04297 0.341748
1.04688 0.341066

1.04688 0.341065
1.05078 0.340241

1.05469 0.339275
1.05239 0.339844

1.05078 0.340244
1.0524 0.339844

1.05469 0.339274
1.05859 0.338167

1.05859 0.338163
1.0625 0.336929

1.06641 0.335581
1.06538 0.335938

1.0625 0.336929
1.06536 0.335938

1.06641 0.335577
1.07031 0.334097

1.07031 0.33409
1.07422 0.3325

1.07812 0.330805
1.07532 0.332031

1.07422 0.332508
1.07531 0.332031

1.07812 0.33079
1.08203 0.328974

1.08594 0.327068
1.08379 0.328125

1.08203 0.328981
1.08377 0.328125

1.08594 0.327049
1.08984 0.325024

1.09375 0.322916
1.09136 0.324219

1.08984 0.325031
1.09134 0.324219

1.09375 0.322895
1.09766 0.320669

1.10156 0.318365
1.09828 0.320312

1.09766 0.320674
1.09827 0.320312

1.10547 0.315961
1.10475 0.316406

1.10156 0.318359
1.10471 0.316406

1.10547 0.315932
1.10938 0.313427

1.11328 0.310853
1.1108 0.3125

1.10938 0.313426
1.11078 0.3125

1.11719 0.30818
1.11658 0.308594

1.11328 0.310839
1.11654 0.308594

1.11719 0.308143
1.12109 0.305365

1.125 0.302516
1.12203 0.304688

1.12109 0.305355
1.12203 0.304688

1.12891 0.299593
1.12731 0.300781

1.125 0.302502
1.12729 0.300781

1.13281 0.296556
1.1324 0.296875

1.12891 0.299564
1.13236 0.296875

1.13281 0.296524
1.13672 0.293398

1.14062 0.29019
1.13724 0.292969

1.13672 0.293392
1.13724 0.292969

1.14453 0.286902
1.14196 0.289062

1.14062 0.290171
1.14196 0.289062

1.14844 0.283527
1.14654 0.285156

1.14453 0.286862
1.14654 0.285156

1.15234 0.28005
1.151 0.28125

1.14844 0.283478
1.15098 0.28125

1.15625 0.276483
1.15531 0.277344

1.15234 0.280012
1.15529 0.277344

1.16016 0.272823
1.15951 0.273438

1.15625 0.276451
1.15948 0.273438

1.16406 0.269068
1.16359 0.269531

1.16016 0.272793
1.16356 0.269531

1.16797 0.265214
1.16756 0.265625

1.16406 0.269036
1.16753 0.265625

1.17188 0.261257
1.17142 0.261719

1.16797 0.26519
1.1714 0.261719

1.17578 0.257195
1.17519 0.257812

1.17188 0.261233
1.17517 0.257812

1.17969 0.253023
1.17887 0.253906

1.17578 0.257174
1.17885 0.253906

1.18359 0.248737
1.18246 0.25

1.17969 0.253011
1.18244 0.25

1.1875 0.244332
1.18596 0.246094

1.18359 0.248739
1.18594 0.246094

1.19141 0.239808
1.18939 0.242188

1.1875 0.244343
1.18935 0.242188

1.19531 0.235177
1.19272 0.238281

1.19141 0.239819
1.1927 0.238281

1.19922 0.230423
1.19918 0.230469

1.19917 0.230469
1.19598 0.234375

1.19531 0.235175
1.19597 0.234375

1.20312 0.225477
1.20229 0.226562

1.19922 0.230401
1.20227 0.226562

1.20703 0.220395
1.20532 0.222656

1.20312 0.22546
1.20531 0.222656

1.21094 0.215159
1.20828 0.21875

1.20703 0.220397
1.20826 0.21875

1.21484 0.209743
1.21401 0.210938

1.214 0.210938
1.21117 0.214844

1.21094 0.215157
1.21117 0.214844

1.21875 0.20414
1.21676 0.207031

1.21484 0.20973
1.21675 0.207031

1.22266 0.198342
1.22209 0.199219

1.22207 0.199219
1.21945 0.203125

1.21875 0.204142
1.21943 0.203125

1.22656 0.192304
1.22464 0.195312

1.22266 0.198324
1.22463 0.195312

1.23047 0.186039
1.22958 0.1875

1.22957 0.1875
1.22713 0.191406

1.22656 0.192301
1.22713 0.191406

1.23438 0.179512
1.23427 0.179688

1.23426 0.179688
1.23195 0.183594

1.23047 0.186019
1.23194 0.183594

1.23828 0.172649
1.23652 0.175781

1.23438 0.179489
1.23652 0.175781

1.24219 0.165469
1.24086 0.167969

1.24085 0.167969
1.23871 0.171875

1.23828 0.172641
1.23871 0.171875

1.24609 0.157905
1.24496 0.160156

1.24496 0.160156
1.24293 0.164062

1.24219 0.165457
1.24293 0.164062

1.25 0.149901
1.24884 0.152344

1.24884 0.152344
1.24692 0.15625

1.24609 0.157893
1.24692 0.15625

1.25391 0.141382
1.2525 0.144531

1.25249 0.144531
1.25069 0.148438

1.25 0.14989
1.25069 0.148438

1.25781 0.132255
1.25759 0.132812

1.25758 0.132812
1.25594 0.136719

1.25594 0.136719
1.25424 0.140625

1.25391 0.141376
1.25424 0.140625

1.26172 0.122348
1.26071 0.125

1.26071 0.125
1.25917 0.128906

1.25781 0.132238
1.25917 0.128906

1.26562 0.111496
1.26502 0.113281

1.26501 0.113281
1.26363 0.117188

1.26363 0.117188
1.26219 0.121094

1.26172 0.122341
1.26219 0.121094

1.26953 0.0993726
1.26887 0.101562

1.26887 0.101562
1.26763 0.105469

1.26763 0.105469
1.26635 0.109375

1.26562 0.111486
1.26635 0.109375

1.27344 0.0854558
1.27332 0.0859375

1.27331 0.0859375
1.27228 0.0898438

1.27227 0.0898438
1.27119 0.09375

1.27118 0.09375
1.27005 0.0976562

1.26953 0.0993645
1.27005 0.0976562

1.27734 0.0685999
1.27699 0.0703125

1.27699 0.0703125
1.27614 0.0742188

1.27614 0.0742188
1.27525 0.078125

1.27525 0.078125
1.2743 0.0820312

1.27344 0.0854445
1.2743 0.0820312

1.28125 0.0457542
1.2811 0.046875

1.2811 0.046875
1.28053 0.0507812

1.28053 0.0507812
1.27992 0.0546875

1.27992 0.0546875
1.27925 0.0585938

1.27925 0.0585938
1.27855 0.0625

1.27855 0.0625
1.27779 0.0664062

1.27734 0.0685932
1.27779 0.0664062

1.28436 0
1.28434 0.00390625

1.28434 0.00390625
1.28427 0.0078125

1.28427 0.0078125
1.28416 0.0117188

1.28416 0.0117188
1.284 0.015625

1.284 0.015625
1.2838 0.0195312

1.2838 0.0195312
1.28355 0.0234375

1.28355 0.0234375
1.28325 0.0273438

1.28325 0.0273438
1.28291 0.03125

1.28291 0.03125
1.28253 0.0351562

1.28253 0.0351562
1.2821 0.0390625

1.2821 0.0390625
1.28162 0.0429688

1.28125 0.045749
1.28162 0.0429688

kappa_offset_provider_stats evaluations=1218559 clamp_hits=0 denominator_guard_hits=0 min_abs_denominator=0.96848232582363725 max_abs_d_over_h=0.50016845916334274 grad_samples=1218559 grad_min=0.9955487486635477 grad_mean=0.99993214101893213 grad_std=0.00059525046163177455 grad_max=1.0006133168679703
