0 0 0
3.95979e-07 8.95401e-11 1
9.61475e-06 3.98304e-05 4
2.68542e-05 3.15845e-05 5
5.13853e-05 2.89315e-05 3
8.25451e-05 2.62832e-05 2
0.000119731 2.33195e-05 2
0.000162395 2.02867e-05 2
0.000210039 1.77375e-05 2
0.000262211 1.62483e-05 2
0.000318499 1.6078e-05 2
0.000378528 1.69686e-05 2
0.000441959 1.82616e-05 3
0.000508483 1.9329e-05 3
0.000577817 1.99447e-05 3
0.000649707 2.03356e-05 3
0.000723921 2.082e-05 3
0.000800247 2.15636e-05 3
0.000878492 2.24673e-05 2
0.000958484 2.33927e-05 2
0.00104006 2.43422e-05 3
0.00112308 2.5401e-05 3
0.00120741 2.6674e-05 3
0.00129294 2.82178e-05 3
0.00137955 2.99838e-05 3
0.00146714 3.17382e-05 3
0.00155563 3.31161e-05 2
0.00164493 3.38651e-05 2
0.00173498 3.41214e-05 2
0.00182569 3.43695e-05 2
0.00191702 3.51167e-05 2
0.00200891 3.64973e-05 2
0.0021013 3.82063e-05 2
0.00219415 3.98519e-05 3
0.00228742 4.10958e-05 3
0.00238106 4.2045e-05 3
0.00247506 4.28748e-05 3
0.00256937 4.36586e-05 3
0.00266396 4.46128e-05 2
0.00275881 4.57244e-05 2
0.0028539 4.70649e-05 3
0.0029492 4.86754e-05 3
0.0030447 5.05225e-05 2
0.00314037 5.2607e-05 2
0.00323621 5.45662e-05 2
0.00333219 5.6455e-05 2
0.00342831 5.83133e-05 2
0.00352454 6.02368e-05 2
0.00362089 6.23259e-05 2
0.00371733 6.46071e-05 2
0.00381387 6.70479e-05 2
0.00391049 6.96221e-05 2
0.00400719 7.22997e-05 2
0.00410395 7.51338e-05 2
0.00420078 7.81463e-05 2
0.00429766 8.137e-05 2
0.00439459 8.47082e-05 2
0.00449157 8.82119e-05 2
0.00458859 9.17922e-05 2
0.00468565 9.52724e-05 2
0.00478275 9.86752e-05 2
0.00487988 0.000101952 2
0.00497704 0.000105151 3
0.00507422 0.000108401 1
0.00517143 0.000111734 4
0.00526865 0.000115145 3
0.0053659 0.00011869 2
0.00546317 0.000122241 2
0.00556045 0.000125824 2
0.00565775 0.000129399 4
0.00575506 0.000132979 5
0.00585239 0.000136575 2
0.00594972 0.000140193 2
0.00604707 0.000143736 2
0.00614442 0.000147237 2
0.00624178 0.000150673 3
0.00633915 0.000154069 2
0.00643653 0.000157446 2
0.00653392 0.000160793 2
0.0066313 0.000164157 2
0.0067287 0.000167556 2
0.0068261 0.000170997 2
0.0069235 0.000174446 2
0.00702091 0.000178071 4
0.00711832 0.000181761 3
0.00721574 0.000185503 3
0.00731315 0.000189245 3
0.00741057 0.000192917 2
0.007508 0.000196519 3
0.00760542 0.000200083 4
0.00770285 0.000203636 2
0.00780027 0.000207177 2
0.0078977 0.00021075 2
0.00799514 0.000214407 3
0.00809257 0.000218099 3
0.00819 0.000221888 3
0.00828744 0.000225893 3
0.00838488 0.000230106 3
0.00848231 0.000234504 3
0.00857975 0.00023904 3
0.00867719 0.000243655 4
0.00877463 0.000248351 4
0.00887207 0.000253112 3
0.00896951 0.000258013 3
0.00906695 0.000263088 3
0.00916439 0.000268314 3
0.00926184 0.000273645 3
0.00935928 0.000279055 3
0.00945672 0.000284477 3
0.00955417 0.000289907 2
0.00965161 0.0002953 2
0.00974905 0.000300647 4
0.0098465 0.000305938 3
0.00994394 0.000311165 3
0.0100414 0.000316367 4
0.0101388 0.000321511 3
0.0102363 0.000326441 4
0.0103337 0.00033109 3
0.0104312 0.000335446 3
0.0105286 0.00033956 3
0.0106261 0.000343484 3
0.0107235 0.000347239 3
0.0108209 0.000350737 3
0.0109184 0.000354088 4
0.0110158 0.000357251 3
0.0111133 0.00036023 3
0.0112107 0.000363017 1
0.0113082 0.000365656 3
0.0114056 0.000368319 3
0.0115031 0.00037108 3
0.0116005 0.000374002 3
0.011698 0.00037713 3
0.0117954 0.000380443 3
0.0118929 0.000383957 3
0.0119903 0.000387737 3
0.0120877 0.000391626 4
0.0121852 0.000395618 3
0.0122826 0.000399707 3
0.0123801 0.000403957 3
0.0124775 0.000408255 3
0.012575 0.000412536 3
0.0126724 0.000416841 3
0.0127699 0.00042121 2
0.0128673 0.000425643 3
0.0129648 0.000430158 3
0.0130622 0.000434765 3
0.0131597 0.000439457 3
0.0132571 0.00044425 3
0.0133546 0.000449066 2
0.013452 0.000453904 3
0.0135494 0.000458733 3
0.0136469 0.000463598 3
0.0137443 0.000468403 3
0.0138418 0.000473125 3
0.0139392 0.000477711 3
0.0140367 0.000482131 2
0.0141341 0.000486269 2
0.0142316 0.000490097 2
0.014329 0.000493578 3
0.0144265 0.000496704 2
0.0145239 0.000499559 3
0.0146214 0.000502269 2
0.0147188 0.000504974 2
0.0148163 0.000507798 2
0.0149137 0.000510704 2
0.0150111 0.000513429 2
0.0151086 0.000516056 2
0.015206 0.000518609 4
0.0153035 0.000521698 3
0.0154009 0.000525617 4
0.0154984 0.000530237 2
0.0155958 0.000534871 2
0.0156933 0.000539461 3
0.0157907 0.000544219 3
0.0158882 0.000549035 3
0.0159856 0.000553955 2
0.0160831 0.0005591 2
0.0161805 0.000564699 2
0.016278 0.000570908 3
0.0163754 0.000577651 3
0.0164728 0.000584646 3
0.0165703 0.0005916 3
0.0166677 0.00059833 3
0.0167652 0.00060471 4
0.0168626 0.000610631 3
0.0169601 0.00061616 3
0.0170575 0.000621201 3
0.017155 0.000625558 4
0.0172524 0.000629023 4
0.0173499 0.000631469 4
0.0174473 0.000632811 3
0.0175448 0.000633143 3
0.0176422 0.000632664 3
0.0177397 0.000631618 3
0.0178371 0.000630233 3
0.0179345 0.000628645 2
0.018032 0.000626907 4
0.0181294 0.000625047 2
0.0182269 0.000623122 2
0.0183243 0.000621204 2
0.0184218 0.000619434 3
0.0185192 0.000617878 5
0.0186167 0.000616629 3
0.0187141 0.00061573 3
0.0188116 0.000615163 3
0.018909 0.000614871 2
0.0190065 0.000614722 3
0.0191039 0.000614628 3
0.0192014 0.000614735 3
0.0192988 0.00061521 3
0.0193962 0.000615863 3
0.0194937 0.000616584 3
0.0195911 0.000617327 2
0.0196886 0.000617909 4
0.019786 0.000618033 3
0.0198835 0.000617544 4
0.0199809 0.000616655 3
0.0200784 0.000615807 3
0.0201758 0.000615315 3
0.0202733 0.000615411 4
0.0203707 0.000616253 4
0.0204682 0.000617813 3
0.0205656 0.000619979 3
0.0206631 0.000622599 3
0.0207605 0.000625621 3
0.020858 0.000629179 3
0.0209554 0.00063346 3
0.0210528 0.000637976 3
0.0211503 0.000642683 2
0.0212477 0.000647034 2
0.0213452 0.000650526 2
0.0214426 0.000653341 2
0.0215401 0.000655866 3
0.0216375 0.000657756 4
0.021735 0.000658959 3
0.0218324 0.000659564 3
0.0219299 0.000659985 3
0.0220273 0.000660364 3
0.0221248 0.000660805 4
0.0222222 0.000661632 3
0.0223197 0.000662823 3
0.0224171 0.000664164 1
0.0225145 0.000665316 4
0.022612 0.000665959 3
0.0227094 0.000665821 4
0.0228069 0.0006654 4
0.0229043 0.0006657 4
0.0230018 0.000667982 3
0.0230992 0.000673116 4
0.0231967 0.000680852 4
0.0232941 0.000690297 3
0.0233916 0.000700022 3
0.023489 0.000709207 3
0.0235865 0.000717335 3
0.0236839 0.000724045 3
0.0237814 0.000728899 4
0.0238788 0.000731317 4
0.0239762 0.000730887 3
0.0240737 0.000727801 4
0.0241711 0.0007224 5
0.0242686 0.000714432 3
0.024366 0.000705036 3
0.0244635 0.000694961 2
0.0245609 0.000684777 2
0.0246584 0.000674945 3
0.0247558 0.00066559 3
0.0248533 0.000655991 5
0.0249507 0.000646959 3
0.0250482 0.00063972 4
0.0251456 0.000634027 3
0.0252431 0.000629348 3
0.0253405 0.00062551 4
0.0254379 0.000622143 3
0.0255354 0.000618558 3
0.0256328 0.000614732 3
0.0257303 0.000611491 3
0.0258277 0.00060912 3
0.0259252 0.000607069 3
0.0260226 0.000605092 3
0.0261201 0.000603116 3
0.0262175 0.000601136 3
0.026315 0.000598948 3
0.0264124 0.000596545 4
0.0265099 0.000593479 3
0.0266073 0.00058937 3
0.0267048 0.000584083 5
0.0268022 0.000577066 4
0.0268996 0.00056864 3
0.0269971 0.000560261 3
0.0270945 0.000552624 3
0.027192 0.000545981 3
0.0272894 0.000540659 3
0.0273869 0.00053663 4
0.0274843 0.000533808 3
0.0275818 0.000532246 3
0.0276792 0.000531962 3
0.0277767 0.000532955 3
0.0278741 0.000535079 3
0.0279716 0.000538068 4
0.028069 0.00054155 3
0.0281665 0.000545037 3
0.0282639 0.000548188 3
0.0283613 0.000550921 3
0.0284588 0.000553379 2
0.0285562 0.000555337 2
0.0286537 0.000556513 3
0.0287511 0.000556665 3
0.0288486 0.000555712 3
0.028946 0.000553563 2
0.0290435 0.000550148 3
0.0291409 0.000545418 4
0.0292384 0.0005394 4
0.0293358 0.000532176 3
0.0294333 0.000523682 3
0.0295307 0.000513807 3
0.0296282 0.000502514 3
0.0297256 0.000489897 3
0.029823 0.000475883 3
0.0299205 0.00046105 3
0.0300179 0.000446401 4
0.0301154 0.00043326 5
0.0302128 0.000422268 4
0.0303103 0.000413873 3
0.0304077 0.000407937 3
0.0305052 0.000403327 3
0.0306026 0.000399136 3
0.0307001 0.000395657 3
0.0307975 0.000393127 3
0.030895 0.000391783 4
0.0309924 0.000392109 3
0.0310899 0.000393604 3
0.0311873 0.000395311 3
0.0312847 0.000396605 3
0.0313822 0.000397292 3
0.0314796 0.000397656 3
0.0315771 0.000397773 4
0.0316745 0.000397442 3
0.031772 0.000396922 3
0.0318694 0.000396365 3
0.0319669 0.000395448 3
0.0320643 0.000393569 3
0.0321618 0.000390654 3
0.0322592 0.000386802 3
0.0323567 0.000382136 1
0.0324541 0.000376835 3
0.0325516 0.000371483 3
0.032649 0.000366706 3
0.0327464 0.000363216 3
0.0328439 0.0003615 3
0.0329413 0.000362835 3
0.0330388 0.000367194 3
0.0331362 0.000373683 3
0.0332337 0.000381609 3
0.0333311 0.000390177 3
0.0334286 0.000397928 3
0.033526 0.000403412 3
0.0336235 0.000405961 3
0.0337209 0.000405175 3
0.0338184 0.000400658 3
0.0339158 0.000392492 3
0.0340133 0.000381615 3
0.0341107 0.000369572 4
0.0342081 0.000358079 3
0.0343056 0.000348546 3
0.034403 0.000342903 3
0.0345005 0.000342786 4
0.0345979 0.000347461 4
0.0346954 0.000356472 4
0.0347928 0.000369684 4
0.0348903 0.000384822 4
0.0349877 0.000399555 3
0.0350852 0.000413008 4
0.0351826 0.000425339 4
0.0352801 0.000436979 4
0.0353775 0.000447587 5
0.035475 0.000453824 6
0.0355724 0.000454314 4
0.0356698 0.00045154 3
0.0357673 0.000447006 3
0.0358647 0.00044129 4
0.0359622 0.000435581 3
0.0360596 0.000429108 3
0.0361571 0.000421632 3
0.0362545 0.000413585 3
0.036352 0.000405817 3
0.0364494 0.000398508 5
0.0365469 0.000391215 3
0.0366443 0.000384652 4
0.0367418 0.000379788 4
0.0368392 0.00037755 3
0.0369367 0.000378374 5
0.0370341 0.00038263 3
0.0371316 0.000388851 3
0.037229 0.000396696 3
0.0373264 0.000405415 3
0.0374239 0.000414292 3
0.0375213 0.000423471 3
0.0376188 0.000431896 4
0.0377162 0.000439172 6
0.0378137 0.000444122 4
0.0379111 0.000445997 5
0.0380086 0.000444376 4
0.038106 0.000439574 6
0.0382035 0.00043186 4
0.0383009 0.000422576 3
0.0383984 0.000412873 3
0.0384958 0.000403196 4
0.0385933 0.000393936 5
0.0386907 0.000385603 4
0.0387881 0.000378349 4
0.0388856 0.00037258 3
0.038983 0.000368412 3
0.0390805 0.000365913 3
0.0391779 0.000365046 4
0.0392754 0.000365438 3
0.0393728 0.000366644 3
0.0394703 0.000368155 3
0.0395677 0.000369571 3
0.0396652 0.000370956 3
0.0397626 0.00037237 3
0.0398601 0.000374059 4
0.0399575 0.000376289 3
0.040055 0.000378724 3
0.0401524 0.000382598 3
0.0402498 0.000387921 3
0.0403473 0.000394817 3
0.0404447 0.00040301 3
0.0405422 0.000411301 3
0.0406396 0.000419714 3
0.0407371 0.000427811 3
0.0408345 0.000434894 3
0.040932 0.000440297 3
0.0410294 0.000444624 3
0.0411269 0.000448814 3
0.0412243 0.000453677 3
0.0413218 0.000459938 3
0.0414192 0.000466917 3
0.0415167 0.000474519 3
0.0416141 0.00048226 3
0.0417115 0.000489485 3
0.041809 0.00049597 3
0.0419064 0.000502069 3
0.0420039 0.000508312 3
0.0421013 0.000515487 4
0.0421988 0.000524454 3
0.0422962 0.000535809 3
0.0423937 0.000549302 3
0.0424911 0.00056399 3
0.0425886 0.000578508 2
0.042686 0.000592152 2
0.0427835 0.0006039 2
0.0428809 0.00061358 2
0.0429784 0.000621373 3
0.0430758 0.000627587 3
0.0431732 0.000632685 3
0.0432707 0.000636831 3
0.0433681 0.000640349 3
0.0434656 0.00064378 3
0.043563 0.000648624 3
0.0436605 0.000655683 4
0.0437579 0.00066459 3
0.0438554 0.000674412 3
0.0439528 0.000685713 3
0.0440503 0.000697544 3
0.0441477 0.000708547 4
0.0442452 0.000717278 4
0.0443426 0.000724084 3
0.0444401 0.00073001 2
0.0445375 0.00073491 3
0.0446349 0.000741073 3
0.0447324 0.000747749 2
0.0448298 0.000749255 4
0.0449273 0.000748166 4
0.0450247 0.000746502 4
0.0451222 0.000743503 5
0.0452196 0.00073987 4
0.0453171 0.000737365 5
0.0454145 0.000736938 4
0.045512 0.000736449 3
0.0456094 0.000736309 3
0.0457069 0.000737296 3
0.0458043 0.000739682 3
0.0459018 0.00074426 4
0.0459992 0.000750633 4
0.0460966 0.000756846 4
0.0461941 0.000762725 4
0.0462915 0.000767806 5
0.046389 0.000772575 4
0.0464864 0.000777622 4
0.0465839 0.000782495 4
0.0466813 0.000786958 4
0.0467788 0.000791153 4
0.0468762 0.000795177 4
0.0469737 0.000798293 4
0.0470711 0.000801986 4
0.0471686 0.000805726 4
0.047266 0.000807638 4
0.0473635 0.000810121 4
0.0474609 0.00081167 4
0.0475583 0.000809447 4
0.0476558 0.000805611 5
0.0477532 0.000803337 4
0.0478507 0.00080292 4
0.0479481 0.000804578 4
0.0480456 0.000806881 5
0.048143 0.000807981 3
0.0482405 0.000805493 3
0.0483379 0.000801512 3
0.0484354 0.000799652 3
0.0485328 0.000800435 4
0.0486303 0.000802931 4
0.0487277 0.000804775 3
0.0488252 0.000804971 3
0.0489226 0.000801744 3
0.04902 0.000795236 3
0.0491175 0.000787039 3
0.0492149 0.000777994 3
0.0493124 0.00076881 3
0.0494098 0.000760638 3
0.0495073 0.000754564 2
0.0496047 0.000750158 2
0.0497022 0.000746857 3
0.0497996 0.000744179 3
0.0498971 0.0007414 3
0.0499945 0.000738797 3
0.050092 0.000736001 3
0.0501894 0.000734155 3
0.0502869 0.000733133 3
0.0503843 0.000732882 3
0.0504817 0.000734259 3
0.0505792 0.000737345 3
0.0506766 0.000742042 3
0.0507741 0.00074824 3
0.0508715 0.000756039 4
0.050969 0.000764334 4
0.0510664 0.000772181 3
0.0511639 0.000779548 4
0.0512613 0.00078593 3
0.0513588 0.000790798 3
0.0514562 0.000793945 3
0.0515537 0.000795738 3
0.0516511 0.000797282 3
0.0517486 0.000798631 5
0.051846 0.000799797 4
0.0519434 0.000800542 3
0.0520409 0.000800812 3
0.0521383 0.000801112 3
0.0522358 0.000801414 3
0.0523332 0.000801916 3
0.0524307 0.00080354 3
0.0525281 0.000807273 3
0.0526256 0.00081305 3
0.052723 0.000819209 3
0.0528205 0.000825155 3
0.0529179 0.000831328 3
0.0530154 0.000838344 3
0.0531128 0.000846346 3
0.0532103 0.000856343 3
0.0533077 0.000869565 3
0.0534051 0.000885195 3
0.0535026 0.000900538 4
0.0536 0.000913879 4
0.0536975 0.000925841 3
0.0537949 0.000936246 3
0.0538924 0.00094594 3
0.0539898 0.000955525 3
0.0540873 0.00096426 3
0.0541847 0.000966473 3
0.0542822 0.000962391 3
0.0543796 0.000961664 4
0.0544771 0.000966555 4
0.0545745 0.000977408 3
0.054672 0.000993647 3
0.0547694 0.0010125 3
0.0548669 0.0010286 3
0.0549643 0.00103987 3
0.0550617 0.00104804 3
0.0551592 0.00105427 4
0.0552566 0.00105799 3
0.0553541 0.00106061 4
0.0554515 0.00106516 4
0.055549 0.00107268 4
0.0556464 0.00108129 3
0.0557439 0.00108996 3
0.0558413 0.00109829 3
0.0559388 0.00110424 3
0.0560362 0.00110776 3
0.0561337 0.00111101 3
0.0562311 0.00111547 5
0.0563286 0.00111983 4
0.056426 0.00112223 4
0.0565234 0.00112283 4
0.0566209 0.00112367 4
0.0567183 0.00112666 4
0.0568158 0.00113367 4
0.0569132 0.0011461 4
0.0570107 0.00116396 4
0.0571081 0.00118467 4
0.0572056 0.00120318 4
0.057303 0.0012205 4
0.0574005 0.00123639 4
0.0574979 0.00124674 4
0.0575954 0.0012541 4
0.0576928 0.00126142 4
0.0577903 0.00126664 4
0.0578877 0.00127045 3
0.0579851 0.00127578 4
0.0580826 0.00128186 4
0.05818 0.00128346 4
0.0582775 0.00128288 6
0.0583749 0.00128776 4
0.0584724 0.00130101 4
0.0585698 0.00132049 3
0.0586673 0.0013409 4
0.0587647 0.0013594 4
0.0588622 0.001376 4
0.0589596 0.00139502 4
0.0590571 0.00141924 4
0.0591545 0.00144693 4
0.059252 0.00147515 4
0.0593494 0.001504 4
0.0594468 0.00153671 3
0.0595443 0.00157316 4
0.0596417 0.00160906 4
0.0597392 0.0016379 3
0.0598366 0.00165829 3
0.0599341 0.00167381 4
0.0600315 0.00168725 4
0.060129 0.00170071 4
0.0602264 0.00171575 4
0.0603239 0.00173123 4
0.0604213 0.00174574 4
0.0605188 0.00175738 4
0.0606162 0.00176577 4
0.0607137 0.00176398 4
0.0608111 0.00176078 4
0.0609085 0.00176201 4
0.061006 0.00175212 3
0.0611034 0.00173685 4
0.0612009 0.00172281 3
0.0612983 0.00171131 5
0.0613958 0.00170395 4
0.0614932 0.00170376 4
0.0615907 0.00171144 5
0.0616881 0.00172521 3
0.0617856 0.00174255 4
0.061883 0.00176042 4
0.0619805 0.00177436 4
0.0620779 0.00178635 4
0.0621754 0.00179992 4
0.0622728 0.00181489 3
0.0623702 0.00182427 3
0.0624677 0.00183242 3
0.0625651 0.00184345 5
0.0626626 0.00184867 4
0.06276 0.00185308 4
0.0628575 0.00186791 4
0.0629549 0.001891 4
0.0630524 0.00191346 4
0.0631498 0.00193289 4
0.0632473 0.00194642 3
0.0633447 0.00195436 3
0.0634422 0.00195496 3
0.0635396 0.00195144 3
0.0636371 0.00194732 3
0.0637345 0.00194753 3
0.0638319 0.00195887 4
0.0639294 0.00198368 4
0.0640268 0.00201851 4
0.0641243 0.0020565 4
0.0642217 0.0020968 3
0.0643192 0.00214212 3
0.0644166 0.0021924 4
0.0645141 0.00224651 4
0.0646115 0.0023018 4
0.064709 0.00234851 4
0.0648064 0.00237365 4
0.0649039 0.0023716 4
0.0650013 0.00234743 4
0.0650988 0.00231972 4
0.0651962 0.00229472 3
0.0652936 0.00227874 5
0.0653911 0.00227086 5
0.0654885 0.00226995 3
0.065586 0.00227237 3
0.0656834 0.00227319 3
0.0657809 0.00227096 4
0.0658783 0.00226401 3
0.0659758 0.00225246 3
0.0660732 0.00223797 4
0.0661707 0.00222258 4
0.0662681 0.00220892 4
0.0663656 0.00220174 4
0.066463 0.00220829 4
0.0665605 0.0022269 4
0.0666579 0.00224543 3
0.0667553 0.00225335 4
0.0668528 0.00225025 4
0.0669502 0.00223702 4
0.0670477 0.00222484 5
0.0671451 0.00221781 4
0.0672426 0.00220035 3
0.06734 0.00216021 5
0.0674375 0.00210531 4
0.0675349 0.00205196 5
0.0676324 0.00200485 4
0.0677298 0.00197112 5
0.0678273 0.0019476 4
0.0679247 0.00192358 5
0.0680222 0.00189261 4
0.0681196 0.00185938 4
0.068217 0.00182951 3
0.0683145 0.00181559 3
0.0684119 0.00183329 4
0.0685094 0.00186786 3
0.0686068 0.00190496 3
0.0687043 0.00193669 3
0.0688017 0.00196573 3
0.0688992 0.00198984 4
0.0689966 0.00200947 5
0.0690941 0.00202611 5
0.0691915 0.0020409 5
0.069289 0.0020575 4
0.0693864 0.00208548 5
0.0694839 0.00212486 4
0.0695813 0.00216738 4
0.0696787 0.00220758 4
0.0697762 0.00224408 5
0.0698736 0.00227783 4
0.0699711 0.00230984 3
0.0700685 0.00234003 3
0.070166 0.0023693 4
0.0702634 0.00239487 4
0.0703609 0.00241094 4
0.0704583 0.0024119 4
0.0705558 0.00239869 4
0.0706532 0.00237325 4
0.0707507 0.00234043 5
0.0708481 0.00230592 5
0.0709456 0.00227636 4
0.071043 0.00225309 4
0.0711405 0.00223567 4
0.0712379 0.00222433 4
0.0713353 0.00221987 4
0.0714328 0.00222349 4
0.0715302 0.00223274 5
0.0716277 0.00225366 4
0.0717251 0.002294 4
0.0718226 0.00235125 3
0.07192 0.00242472 4
0.0720175 0.00251896 4
0.0721149 0.0026237 3
0.0722124 0.00271656 4
0.0723098 0.00279167 4
0.0724073 0.002854 4
0.0725047 0.00291618 5
0.0726022 0.00297936 5
0.0726996 0.00303822 5
0.072797 0.00309864 4
0.0728945 0.00314081 4
0.0729919 0.00315735 5
0.0730894 0.0031668 5
0.0731868 0.00318242 4
0.0732843 0.00321761 4
0.0733817 0.00326977 3
0.0734792 0.00331813 4
0.0735766 0.00335433 4
0.0736741 0.00338215 4
0.0737715 0.00341308 5
0.073869 0.00344939 5
0.0739664 0.0035099 5
0.0740639 0.00360639 4
0.0741613 0.00373498 4
0.0742587 0.00386255 5
0.0743562 0.00400071 5
0.0744536 0.00415608 5
0.0745511 0.00433165 5
0.0746485 0.00448833 5
0.074746 0.00461039 4
0.0748434 0.00472379 4
0.0749409 0.00481942 3
0.0750383 0.00489374 5
0.0751358 0.00495799 5
0.0752332 0.00503659 4
0.0753307 0.00514072 4
0.0754281 0.00525757 4
0.0755256 0.00536521 4
0.075623 0.00543531 4
0.0757204 0.00545284 4
0.0758179 0.00542373 4
0.0759153 0.00535769 4
0.0760128 0.00527466 4
0.0761102 0.00520567 5
0.0762077 0.00514674 4
0.0763051 0.00507547 5
0.0764026 0.00501043 4
0.0765 0.00495121 4
0.0765975 0.00488977 4
0.0766949 0.00485502 4
0.0767924 0.00489417 4
0.0768898 0.00501036 4
0.0769873 0.00519041 5
0.0770847 0.00541346 5
0.0771821 0.0056657 5
0.0772796 0.00590921 4
0.077377 0.00612617 4
0.0774745 0.00631584 4
0.0775719 0.00647494 5
0.0776694 0.00663977 5
0.0777668 0.00682179 4
0.0778643 0.00699379 4
0.0779617 0.00713569 4
0.0780592 0.00729479 5
0.0781566 0.00746872 4
0.0782541 0.00757898 4
0.0783515 0.00766749 4
0.078449 0.00776504 5
0.0785464 0.00791004 5
0.0786438 0.00811997 4
0.0787413 0.00842493 4
0.0788387 0.00881569 4
0.0789362 0.00924401 4
0.0790336 0.00964571 5
0.0791311 0.0100227 5
