0 0.00996391
0.0338878 0.00995781
0.0677756 0.00994068
0.101663 0.00991286
0.135551 0.00987482
0.169439 0.00982675
0.203327 0.00976848
0.237215 0.0097006
0.271102 0.0096233
0.30499 0.00953678
0.338878 0.00944125
0.372766 0.00933687
0.406653 0.00922381
0.440541 0.00910222
0.474429 0.0089723
0.508317 0.0088342
0.542205 0.00868812
0.576092 0.00853425
0.60998 0.00837279
0.643868 0.00820396
0.677756 0.008028
0.711644 0.00784516
0.745531 0.00765569
0.779419 0.0074599
0.813307 0.00725802
0.847195 0.00705028
0.881082 0.00683691
0.91497 0.00661819
0.948858 0.00639436
0.982746 0.0061657
1.01663 0.00593246
1.05052 0.00569493
1.08441 0.00545337
1.1183 0.00520804
1.15218 0.0049592
1.18607 0.00470714
1.21996 0.00445209
1.25385 0.00419434
1.28774 0.00393414
1.32162 0.00367179
1.35551 0.00340754
1.3894 0.00314166
1.42329 0.00287445
1.45717 0.00260616
1.49106 0.00233704
1.52495 0.0020674
1.55884 0.00179748
1.59273 0.00152757
1.62661 0.00125794
1.6605 0.000988893
1.69439 0.000720631
1.72828 0.00045341
1.76216 0.000187493
1.79605 7.68901e-05
1.82994 0.000339369
1.86383 0.000599747
1.89772 0.000857775
1.9316 0.00111325
1.96549 0.00136593
1.99938 0.00161562
2.03327 0.00186209
2.06716 0.00210513
2.10104 0.00234453
2.13493 0.00258009
2.16882 0.00281162
2.20271 0.00303893
2.23659 0.00326184
2.27048 0.00348017
2.30437 0.00369374
2.33826 0.00390238
2.37215 0.00410592
2.40603 0.00430423
2.43992 0.00449714
2.47381 0.00468453
2.5077 0.00486626
2.54158 0.0050422
2.57547 0.00521222
2.60936 0.00537621
2.64325 0.00553405
2.67714 0.00568561
2.71102 0.00583081
2.74491 0.00596953
2.7788 0.00610168
2.81269 0.00622717
2.84657 0.00634593
2.88046 0.00645787
2.91435 0.00656295
2.94824 0.00666111
2.98213 0.00675232
3.01601 0.00683651
3.0499 0.00691366
3.08379 0.00698372
3.11768 0.00704667
3.15156 0.0071025
3.18545 0.0071512
3.21934 0.00719278
3.25323 0.00722724
3.28712 0.00725462
3.321 0.00727493
3.35489 0.0072882
3.38878 0.00729447
3.42267 0.00729379
3.45655 0.00728622
3.49044 0.0072718
3.52433 0.0072506
3.55822 0.0072227
3.59211 0.00718817
3.62599 0.00714708
3.65988 0.00709954
3.69377 0.00704562
3.72766 0.00698543
3.76154 0.00691907
3.79543 0.00684664
3.82932 0.00676829
3.86321 0.00668415
3.8971 0.00659431
3.93098 0.00649888
3.96487 0.00639799
3.99876 0.00629177
4.03265 0.00618036
4.06653 0.00606391
4.10042 0.00594255
4.13431 0.00581642
4.1682 0.00568569
4.20209 0.0055505
4.23597 0.00541101
4.26986 0.00526737
4.30375 0.00511976
4.33764 0.00496832
4.37152 0.00481323
4.40541 0.00465466
4.4393 0.00449278
4.47319 0.00432776
4.50708 0.0041598
4.54096 0.00398906
4.57485 0.00381575
4.60874 0.00364005
4.64263 0.00346215
4.67651 0.00328221
4.7104 0.00310042
4.74429 0.00291695
4.77818 0.002732
4.81207 0.00254579
4.84595 0.00235849
4.87984 0.0021703
4.91373 0.00198142
4.94762 0.00179201
4.9815 0.00160224
5.01539 0.00141228
5.04928 0.00122232
5.08317 0.00103261
5.11706 0.0008433
5.15094 0.000654598
5.18483 0.000466675
5.21872 0.000279721
5.25261 9.38757e-05
5.28649 9.08052e-05
5.32038 0.000273948
5.35427 0.00045547
5.38816 0.000635175
5.42205 0.000812876
5.45593 0.00098843
5.48982 0.0011617
5.52371 0.00133255
5.5576 0.00150085
5.59149 0.00166648
5.62537 0.0018293
5.65926 0.00198917
5.69315 0.00214597
5.72704 0.00229956
5.76092 0.00244983
5.79481 0.00259666
5.8287 0.00273993
5.86259 0.00287954
5.89648 0.00301538
5.93036 0.00314737
5.96425 0.00327542
5.99814 0.00339942
6.03203 0.0035193
6.06591 0.00363497
6.0998 0.00374634
6.13369 0.00385334
6.16758 0.00395593
6.20147 0.004054
6.23535 0.00414752
6.26924 0.00423636
6.30313 0.00432057
6.33702 0.00440003
6.3709 0.0044747
6.40479 0.00454452
6.43868 0.00460948
6.47257 0.00466953
6.50646 0.00472465
6.54034 0.00477483
6.57423 0.00482004
6.60812 0.00486028
6.64201 0.00489554
6.67589 0.00492583
6.70978 0.00495115
6.74367 0.00497151
6.77756 0.00498694
6.81145 0.00499745
6.84533 0.00500306
6.87922 0.00500382
6.91311 0.00499974
6.947 0.00499089
6.98088 0.00497729
7.01477 0.00495899
7.04866 0.00493606
7.08255 0.00490855
7.11644 0.00487651
7.15032 0.00484002
7.18421 0.00479914
7.2181 0.00475394
7.25199 0.00470451
7.28587 0.00465091
7.31976 0.00459323
7.35365 0.0045316
7.38754 0.00446605
7.42143 0.00439672
7.45531 0.00432362
7.4892 0.00424695
7.52309 0.00416673
7.55698 0.00408308
7.59086 0.00399608
7.62475 0.00390588
7.65864 0.00381258
7.69253 0.00371625
7.72642 0.00361705
7.7603 0.00351506
7.79419 0.00341043
7.82808 0.00330322
7.86197 0.0031936
7.89585 0.00308168
7.92974 0.00296761
7.96363 0.00285147
7.99752 0.00273341
8.03141 0.00261355
8.06529 0.002492
8.09918 0.0023689
8.13307 0.00224437
8.16696 0.00211855
8.20084 0.00199159
8.23473 0.00186361
8.26862 0.00173474
8.30251 0.00160511
8.3364 0.00147483
8.37028 0.00134401
8.40417 0.00121279
8.43806 0.00108136
8.47195 0.000949813
8.50583 0.000818243
8.53972 0.00068679
8.57361 0.000555665
8.6075 0.000424981
8.64139 0.000294816
8.67527 0.000165273
8.70916 3.64635e-05
8.74305 9.14982e-05
8.77694 0.000218437
8.81082 0.000344217
8.84471 0.000468735
8.8786 0.00059192
8.91249 0.000713647
8.94638 0.000833798
8.98026 0.00095228
9.01415 0.00106904
9.04804 0.00118394
9.08193 0.00129689
9.11582 0.0014078
9.1497 0.00151657
9.18359 0.00162314
9.21748 0.00172742
9.25137 0.00182932
9.28525 0.00192877
9.31914 0.00202566
9.35303 0.00211996
9.38692 0.00221157
9.42081 0.00230045
9.45469 0.00238657
9.48858 0.00246981
9.52247 0.00255012
9.55636 0.00262745
9.59024 0.00270173
9.62413 0.00277293
9.65802 0.00284098
9.69191 0.00290585
9.7258 0.00296749
9.75968 0.00302587
9.79357 0.00308095
9.82746 0.0031327
9.86135 0.00318109
9.89523 0.00322609
9.92912 0.0032677
9.96301 0.00330588
9.9969 0.00334064
10.0308 0.00337195
10.0647 0.0033998
10.0986 0.00342421
10.1324 0.00344517
10.1663 0.00346267
10.2002 0.00347674
10.2341 0.00348738
10.268 0.00349461
10.3019 0.00349843
10.3358 0.00349889
10.3697 0.00349599
10.4036 0.00348976
10.4374 0.00348025
10.4713 0.00346747
10.5052 0.00345147
10.5391 0.00343228
10.573 0.00340996
10.6069 0.00338453
10.6408 0.00335606
10.6747 0.00332458
10.7085 0.00329016
10.7424 0.00325284
10.7763 0.00321269
10.8102 0.00316976
10.8441 0.00312411
10.878 0.00307581
10.9119 0.00302493
10.9458 0.00297154
10.9796 0.00291568
11.0135 0.00285743
11.0474 0.00279687
11.0813 0.00273407
11.1152 0.00266911
11.1491 0.00260208
11.183 0.00253302
11.2169 0.00246204
11.2507 0.00238921
11.2846 0.00231461
11.3185 0.00223834
11.3524 0.00216046
11.3863 0.00208106
11.4202 0.00200023
11.4541 0.00191805
11.488 0.00183462
11.5218 0.00175003
11.5557 0.00166438
11.5896 0.00157777
11.6235 0.00149027
11.6574 0.00140195
11.6913 0.00131292
11.7252 0.00122325
11.7591 0.00113305
11.793 0.0010424
11.8268 0.000951398
11.8607 0.000860141
11.8946 0.000768728
11.9285 0.000677272
11.9624 0.000585839
11.9963 0.000494501
12.0302 0.000403338
12.0641 0.000312431
12.0979 0.000221868
12.1318 0.000131751
12.1657 4.21607e-05
12.1996 4.67717e-05
12.2335 0.000135075
12.2674 0.000222601
12.3013 0.000309259
12.3352 0.000394962
12.369 0.000479634
12.4029 0.000563201
12.4368 0.000645598
12.4707 0.000726763
12.5046 0.000806638
12.5385 0.000885162
12.5724 0.000962308
12.6063 0.00103797
12.6401 0.00111208
12.674 0.00118458
12.7079 0.00125541
12.7418 0.00132453
12.7757 0.00139189
12.8096 0.00145743
12.8435 0.0015211
12.8774 0.00158287
12.9112 0.00164268
12.9451 0.00170049
12.979 0.00175627
13.0129 0.00180996
13.0468 0.00186154
13.0807 0.00191096
13.1146 0.0019582
13.1485 0.00200323
13.1823 0.00204601
13.2162 0.00208652
13.2501 0.00212474
13.284 0.00216065
13.3179 0.00219422
13.3518 0.00222544
13.3857 0.0022543
13.4196 0.00228079
13.4535 0.00230489
13.4873 0.0023266
13.5212 0.00234592
13.5551 0.00236284
13.589 0.00237737
13.6229 0.0023895
13.6568 0.00239924
13.6907 0.00240661
13.7246 0.00241161
13.7584 0.00241425
13.7923 0.00241455
13.8262 0.00241252
13.8601 0.00240818
13.894 0.00240156
13.9279 0.00239268
13.9618 0.00238156
13.9957 0.00236822
14.0295 0.00235271
14.0634 0.00233505
14.0973 0.00231527
14.1312 0.0022934
14.1651 0.00226949
14.199 0.00224358
14.2329 0.00221569
14.2668 0.00218588
14.3006 0.00215418
14.3345 0.00212064
14.3684 0.0020853
14.4023 0.00204821
14.4362 0.00200942
14.4701 0.00196898
14.504 0.00192694
14.5379 0.00188334
14.5717 0.00183825
14.6056 0.00179171
14.6395 0.00174379
14.6734 0.00169452
14.7073 0.00164398
14.7412 0.00159222
14.7751 0.00153929
14.809 0.00148527
14.8429 0.00143019
14.8767 0.00137414
14.9106 0.00131715
14.9445 0.00125929
14.9784 0.00120062
15.0123 0.0011412
15.0462 0.00108111
15.0801 0.0010204
15.114 0.000959166
15.1478 0.000897462
15.1817 0.000835347
15.2156 0.000772877
15.2495 0.000710098
15.2834 0.000647062
15.3173 0.000583826
15.3512 0.000520453
15.3851 0.000457011
15.4189 0.000393575
15.4528 0.00033022
15.4867 0.000267016
15.5206 0.000204031
15.5545 0.000141323
15.5884 7.89443e-05
15.6223 1.69451e-05
15.6562 4.45729e-05
15.69 0.000105748
15.7239 0.000166373
15.7578 0.000226384
15.7917 0.000285726
15.8256 0.000344349
15.8595 0.000402207
15.8934 0.000459258
15.9273 0.000515462
15.9611 0.000570776
15.995 0.000625154
16.0289 0.00067855
16.0628 0.00073092
16.0967 0.00078222
16.1306 0.000832405
16.1645 0.000881436
16.1984 0.000929273
16.2323 0.000975881
16.2661 0.00102122
16.3 0.00106527
16.3339 0.00110799
16.3678 0.00114935
16.4017 0.00118931
16.4356 0.00122786
16.4695 0.00126496
16.5034 0.00130059
16.5372 0.00133472
16.5711 0.00136733
16.605 0.00139841
16.6389 0.00142793
16.6728 0.00145588
16.7067 0.00148223
16.7406 0.00150698
16.7745 0.0015301
16.8083 0.0015516
16.8422 0.00157146
16.8761 0.00158966
16.91 0.00160622
16.9439 0.00162111
16.9778 0.00163434
17.0117 0.00164592
17.0456 0.00165583
17.0794 0.00166408
17.1133 0.00167068
17.1472 0.00167564
17.1811 0.00167895
17.215 0.00168063
17.2489 0.00168069
17.2828 0.00167913
17.3167 0.00167598
17.3505 0.00167125
17.3844 0.00166494
17.4183 0.00165709
17.4522 0.0016477
17.4861 0.0016368
17.52 0.00162442
17.5539 0.00161056
17.5878 0.00159526
17.6216 0.00157855
17.6555 0.00156044
17.6894 0.00154097
17.7233 0.00152017
17.7572 0.00149806
17.7911 0.00147468
17.825 0.00145005
17.8589 0.00142421
17.8928 0.00139719
17.9266 0.00136903
17.9605 0.00133976
17.9944 0.00130942
18.0283 0.00127804
18.0622 0.00124566
18.0961 0.00121232
18.13 0.00117806
18.1639 0.00114292
18.1977 0.00110693
18.2316 0.00107014
18.2655 0.00103259
18.2994 0.000994325
18.3333 0.000955379
18.3672 0.000915798
18.4011 0.000875623
18.435 0.000834893
18.4688 0.000793648
18.5027 0.000751928
18.5366 0.000709778
18.5705 0.000667247
18.6044 0.000624384
18.6383 0.000581236
18.6722 0.000537852
18.7061 0.000494277
18.7399 0.000450556
18.7738 0.000406728
18.8077 0.000362825
18.8416 0.000318884
18.8755 0.00027494
18.9094 0.000231033
18.9433 0.000187206
18.9772 0.000143504
19.011 9.99741e-05
19.0449 5.66655e-05
19.0788 1.36317e-05
19.1127 2.88046e-05
19.1466 7.11663e-05
19.1805 0.000113159
19.2144 0.000154764
19.2483 0.000195907
19.2822 0.000236551
19.316 0.000276679
19.3499 0.000316267
19.3838 0.000355256
19.4177 0.000393611
19.4516 0.000431298
19.4855 0.000468287
19.5194 0.000504553
19.5533 0.000540071
19.5871 0.000574814
19.621 0.000608756
19.6549 0.000641871
19.6888 0.000674132
19.7227 0.000705515
19.7566 0.000735996
19.7905 0.000765557
19.8244 0.000794173
19.8582 0.000821822
19.8921 0.000848484
19.926 0.000874139
19.9599 0.000898771
19.9938 0.000922362
20.0277 0.000944897
20.0616 0.000966364
20.0955 0.000986749
20.1293 0.00100604
20.1632 0.00102423
20.1971 0.0010413
20.231 0.00105725
20.2649 0.00107208
20.2988 0.00108576
20.3327 0.0010983
20.3666 0.0011097
20.4004 0.00111995
20.4343 0.00112904
20.4682 0.00113698
20.5021 0.00114377
20.536 0.00114941
20.5699 0.00115391
20.6038 0.00115726
20.6377 0.00115947
20.6716 0.00116055
20.7054 0.00116051
20.7393 0.00115935
20.7732 0.00115709
20.8071 0.00115373
20.841 0.00114929
20.8749 0.00114377
20.9088 0.00113719
20.9427 0.00112956
20.9765 0.00112091
21.0104 0.00111123
21.0443 0.00110056
21.0782 0.00108891
21.1121 0.00107629
21.146 0.00106273
21.1799 0.00104825
21.2138 0.00103286
21.2476 0.00101659
21.2815 0.000999459
21.3154 0.000981491
21.3493 0.000962708
21.3832 0.000943135
21.4171 0.000922795
21.451 0.000901715
21.4849 0.000879918
21.5187 0.000857431
21.5526 0.000834281
21.5865 0.000810495
21.6204 0.000786099
21.6543 0.000761121
21.6882 0.00073559
21.7221 0.000709533
21.756 0.000682981
21.7898 0.000655962
21.8237 0.000628505
21.8576 0.000600642
21.8915 0.000572402
21.9254 0.000543813
21.9593 0.000514903
21.9932 0.000485699
22.0271 0.00045623
22.061 0.000426532
22.0948 0.000396629
22.1287 0.000366552
22.1626 0.000336336
22.1965 0.000306021
22.2304 0.000275629
22.2643 0.000245193
22.2982 0.000214744
22.3321 0.000184326
22.3659 0.000153955
22.3998 0.000123652
22.4337 9.34422e-05
22.4676 6.33495e-05
22.5015 3.34066e-05
22.5354 3.63991e-06
22.5693 2.59353e-05
22.6032 5.52391e-05
22.637 8.42727e-05
22.6709 0.000113017
22.7048 0.000141454
22.7387 0.000169555
22.7726 0.000197296
22.8065 0.000224652
22.8404 0.000251601
22.8743 0.000278117
22.9081 0.000304179
22.942 0.000329763
22.9759 0.000354848
23.0098 0.000379413
23.0437 0.000403437
23.0776 0.000426902
23.1115 0.000449789
23.1454 0.000472081
23.1792 0.000493761
23.2131 0.000514815
23.247 0.000535226
23.2809 0.00055498
23.3148 0.000574062
23.3487 0.000592459
23.3826 0.000610158
23.4165 0.000627146
23.4503 0.000643412
23.4842 0.000658945
23.5181 0.000673735
23.552 0.000687772
23.5859 0.00070105
23.6198 0.00071356
23.6537 0.000725296
23.6876 0.000736253
23.7215 0.000746427
23.7553 0.000755812
23.7892 0.000764406
23.8231 0.000772207
23.857 0.000779213
23.8909 0.000785422
23.9248 0.000790834
23.9587 0.000795449
23.9926 0.000799268
24.0264 0.000802292
24.0603 0.000804526
24.0942 0.000805971
24.1281 0.000806632
24.162 0.000806515
24.1959 0.000805624
24.2298 0.000803966
24.2637 0.000801549
24.2975 0.00079838
24.3314 0.000794469
24.3653 0.000789823
24.3992 0.000784454
24.4331 0.000778371
24.467 0.000771586
24.5009 0.00076411
24.5348 0.000755956
24.5686 0.000747136
24.6025 0.000737663
24.6364 0.000727552
24.6703 0.000716816
24.7042 0.000705471
24.7381 0.000693531
24.772 0.000681012
24.8059 0.000667931
24.8397 0.000654304
24.8736 0.000640148
24.9075 0.000625481
24.9414 0.000610319
24.9753 0.000594682
