t sb -1 xb vb dt perf.t perf.speed
0 0 -1 0.5 0 0.00134247 0 0 
0.00134247 0 -1 0.5 -0.0002882 0.00134247 0.004952 206785 1 347.256 51.2854 6.77105 4 
0.00390324 3.3581e-06 -1 0.499998 -0.000221546 0.00256077 0.00913 224315 2 68.3725 9.27325 2.71534 4 1 79.6924 20.3408 3.91787 4 1 0.000429266 6.69437e-09 64123.4 4 
0.00757493 -3.26086e-05 -1 0.499997 0.00200991 0.00367169 0.014069 218352 3 21.1937 5.89637 1.53182 4 1 86.4062 19.8739 4.34772 4 1 0.000682691 3.34102e-08 20433.6 4 
0.0122506 -7.25986e-05 -1 0.500007 0.00517348 0.00467566 0.017318 236517 1 4.79303 2.99824 1.59861 4 1 19.918 1.54762 12.8701 4 1 0.00165708 2.08271e-07 7956.36 4 
0.0178456 -0.000100096 -1 0.500035 0.00898682 0.00559504 0.020692 247439 1 2.85837 0.433685 6.59087 4 1 13.4292 3.8188 3.5166 4 1 0.00285019 6.48693e-07 4393.75 4 
0.0242727 -0.00010383 -1 0.500092 0.0131386 0.00642706 0.023985 256160 1 2.59655 1.19783 2.16771 4 1 16.3688 6.76814 2.4185 4 1 0.00421234 1.47594e-06 2854.01 4 
0.0314604 -7.8761e-05 -1 0.500185 0.0170803 0.00718775 0.02755 260181 2 3.56647 1.81992 1.39989 4 1 15.674 6.99039 2.24221 4 1 0.00560195 2.75753e-06 2031.51 4 
0.0393345 -3.9065e-05 -1 0.500318 0.0207988 0.00787411 0.030741 266484 2 3.30503 1.41549 1.52804 4 1 15.3818 5.81128 2.64689 4 1 0.00678625 4.37415e-06 1551.44 4 
0.0478178 -2.12171e-06 -1 0.500491 0.0246068 0.00848328 0.033513 274998 1 2.70518 0.721183 3.75103 4 1 5.61417 3.34762 1.67706 4 1 0.00786 6.30189e-06 1247.24 4 
0.0568736 2.35931e-05 -1 0.500711 0.0285493 0.00905577 0.036256 282436 1 2.83787 0.258481 10.979 4 1 10.4243 1.75666 5.93415 4 1 0.00897363 8.74066e-06 1026.65 4 
0.0664603 3.26608e-05 -1 0.500981 0.0327199 0.00958673 0.039011 288739 1 2.90531 0.569696 5.09976 4 1 10.7018 0.555959 19.2492 4 1 0.0100965 1.16295e-05 868.183 4 
0.0765067 2.43805e-05 -1 0.501306 0.0371688 0.0100464 0.041846 293648 1 2.81944 0.944386 2.98547 4 1 3.84936 0.376669 10.2195 4 1 0.0111771 1.47616e-05 757.175 4 
0.0869852 2.15831e-06 -1 0.501691 0.0420735 0.0104785 0.04519 294578 3 864.047 0.580437 11.4181 3 1 9.35318 0.639042 14.6363 4 1 0.012275 1.82836e-05 671.365 4 
0.0978546 -1.72527e-05 -1 0.502144 0.0472507 0.0108695 0.048611 294913 4 812.739 0.469901 6.44891 2 1 9.20896 0.332344 27.7091 4 1 0.0135372 2.21592e-05 610.906 4 
0.10906 -2.95704e-05 -1 0.502671 0.0525253 0.0112052 0.052023 295254 4 865.592 0.341307 7.09646 2 1 15.5249 0.645615 24.0467 4 1 0.0148105 2.58373e-05 573.223 4 
0.120578 -2.5646e-05 -1 0.503273 0.0578843 0.0115177 0.054925 298298 2 9.76968 0.224062 6.60322 2 1 4.80497 0.858768 5.59519 4 1 0.0159153 2.93621e-05 542.035 4 
0.132378 -1.57597e-05 -1 0.503954 0.0632219 0.0118009 0.057797 301192 2 10.6029 0.319293 5.76258 2 1 7.15996 1.03428 6.92268 4 1 0.0168801 3.27122e-05 516.017 4 
0.144478 -1.21397e-06 -1 0.504718 0.0685672 0.0120997 0.060743 303442 2 10.2513 0.334984 5.53193 2 1 4.83453 1.05295 4.5914 4 1 0.0177258 3.64909e-05 485.759 4 
0.156786 1.55992e-05 -1 0.505561 0.0738206 0.0123083 0.063646 305691 2 9.57269 0.312359 5.53592 2 1 5.62695 0.792425 7.10092 4 1 0.0183801 3.99279e-05 460.334 4 
0.169312 3.1454e-05 -1 0.506486 0.0790171 0.0125252 0.066981 305758 4 844.351 0.239602 7.70474 2 1 5.67648 0.604053 9.39732 4 1 0.0185549 4.33271e-05 428.251 4 
0.182062 3.89415e-05 -1 0.507496 0.0842654 0.0127508 0.069857 307829 2 8.58232 0.134062 8.00108 2 1 5.64833 0.405474 13.9302 4 1 0.0189211 4.70501e-05 402.148 4 
0.194989 4.13255e-05 -1 0.508589 0.0895675 0.0129263 0.073067 308320 3 898.408 0.507828 12.0944 2 1 5.24065 0.392667 13.3463 4 1 0.0192806 5.03558e-05 382.888 4 
0.208096 3.04724e-05 -1 0.509769 0.0948435 0.0131075 0.076423 308179 4 793.425 0.451752 6.47368 2 1 6.68844 0.416705 16.0508 4 1 0.0199036 5.39426e-05 368.978 4 
0.221328 2.51691e-05 -1 0.51103 0.100167 0.0132318 0.079312 309865 2 13.8816 0.196882 8.39685 2 1 6.19867 0.411527 15.0626 4 1 0.0198408 5.67729e-05 349.476 4 
0.234687 2.377e-05 -1 0.512376 0.105523 0.013359 0.082747 309377 4 975.086 0.150144 8.97706 2 1 6.3683 0.507319 12.5529 4 1 0.0229543 5.98276e-05 383.674 4 
0.248176 2.29091e-05 -1 0.513807 0.110853 0.0134893 0.08609 309258 4 591.147 0.324297 6.53413 2 1 7.36627 0.354978 20.7513 4 1 0.0248439 6.31819e-05 393.212 4 
0.261799 2.40781e-05 -1 0.515327 0.116135 0.0136229 0.088931 310893 2 13.6849 0.398664 5.85891 2 1 7.44837 0.363933 20.4663 4 1 0.0259888 6.6662e-05 389.859 4 
0.27549 3.19819e-05 -1 0.516927 0.121358 0.013691 0.091827 312239 2 12.6175 0.508107 4.98321 2 1 6.8544 0.399265 17.1675 4 1 0.0268974 6.9102e-05 389.242 4 
0.28932 4.30123e-05 -1 0.518616 0.126483 0.01383 0.095405 311263 5 633.218 0.231788 4.86735 2 1 7.80854 0.301177 25.9267 4 1 0.0262121 7.39893e-05 354.269 4 
0.303221 4.32412e-05 -1 0.520385 0.131521 0.0139009 0.098726 311164 4 839.667 0.206987 7.9807 2 1 16.3366 0.358759 45.5364 4 1 0.0299534 7.92853e-05 377.792 4 
0.317194 4.0583e-05 -1 0.522234 0.136524 0.0139729 0.10233 310212 5 813.664 0.230941 5.1214 2 1 12.2619 0.540241 22.6971 4 1 0.0340056 8.51559e-05 399.334 4 
0.33124 3.59956e-05 -1 0.524157 0.141486 0.0140461 0.105426 310815 3 21.6439 0.131527 5.47991 2 1 13.5182 0.528832 25.5624 4 1 0.032665 9.02848e-05 361.8 4 
0.345361 3.36499e-05 -1 0.526155 0.146416 0.0141204 0.108745 310745 4 1045.04 0.330213 7.50041 2 1 17.0179 0.711447 23.9201 4 1 0.0379376 9.72046e-05 390.286 4 
0.359481 3.36051e-05 -1 0.528205 0.15129 0.0141204 0.112115 310538 4 837.842 0.105944 9.4302 2 1 16.6616 0.740752 22.4928 4 1 0.0345425 9.91598e-05 348.352 4 
0.373677 3.75566e-05 -1 0.530327 0.155983 0.0141963 0.115453 310429 4 958.633 0.263599 7.76564 2 1 15.5171 1.02862 15.0854 4 1 0.0351529 9.88761e-05 355.525 4 
0.387951 4.21182e-05 -1 0.532528 0.160589 0.0142735 0.119396 308754 5 1016.18 0.176776 5.6482 2 1 17.2893 1.41781 12.1943 4 2 0.0371621 1.02876e-06 190.061 3 
0.402224 4.18915e-05 -1 0.534799 0.165008 0.0142735 0.122795 308547 3 23.1154 0.104621 6.04544 2 1 16.9486 1.49911 11.3058 4 2 0.0394835 3.25513e-05 34.8276 2 
0.416577 4.45919e-05 -1 0.537164 0.169453 0.0143524 0.126581 307408 4 931.793 0.139562 9.03937 2 1 17.7313 1.4072 12.6005 4 3 0.0375148 6.54734e-06 17.8942 2 
0.430929 4.14433e-05 -1 0.539605 0.173645 0.0143524 0.129876 307493 2 28.02 0.460623 7.79941 2 1 19.7526 1.40223 14.0866 4 3 0.0367767 7.49544e-06 16.9926 2 
0.445362 5.31327e-05 -1 0.542125 0.177854 0.014433 0.133902 305895 5 912.698 0.154416 5.67972 2 1 26.3423 1.02931 25.5921 4 3 0.043254 6.43798e-06 18.8694 2 
0.459795 5.75979e-05 -1 0.544711 0.181885 0.014433 0.137095 306240 3 26.5559 0.195435 5.14106 2 1 16.6558 1.51278 11.01 4 2 0.0393663 7.10216e-05 23.5433 2 
0.474228 6.43561e-05 -1 0.547354 0.185679 0.014433 0.140568 305959 4 997.45 0.203706 8.36511 2 1 18.078 1.23221 14.6712 4 2 0.0437619 5.13213e-05 29.2011 2 
0.488744 6.77569e-05 -1 0.550067 0.189555 0.0145159 0.144303 305136 5 887.897 0.278443 5.02025 2 1 19.8628 1.25997 15.7645 4 2 0.0463446 6.08953e-05 27.5872 2 
0.50326 6.58241e-05 -1 0.552821 0.193114 0.0145159 0.147748 304952 4 611.226 0.370888 6.37147 2 1 23.9011 0.829298 28.8208 4 2 0.0483641 5.35054e-05 30.0651 2 
0.517776 6.97455e-05 -1 0.5556 0.196618 0.0145159 0.151269 304623 4 929.158 0.269596 7.66203 2 1 28.6324 1.59578 17.9426 4 2 0.0385556 3.89705e-05 31.454 2 
0.532292 7.89636e-05 -1 0.558434 0.200064 0.0145159 0.155074 303752 4 971.446 0.290802 7.60248 2 2 26.9417 0.112806 15.4542 4 2 0.042064 3.83857e-05 33.1033 2 
0.546808 8.24013e-05 -1 0.561326 0.203284 0.0145159 0.158808 303058 4 925.324 0.282688 7.56391 2 2 25.2752 0.179355 11.8711 3 2 0.0409325 3.46552e-05 34.3677 2 
0.56141 8.96132e-05 -1 0.564283 0.206249 0.0146023 0.162478 302515 4 813.66 0.385467 6.7782 2 2 26.7802 0.311214 9.27634 2 2 0.0405313 3.54613e-05 33.8079 2 
0.576012 0.000111337 -1 0.567292 0.209064 0.0146023 0.166032 302207 4 999.844 0.443489 6.89068 2 2 23.1001 0.542497 6.52541 2 2 0.0491339 3.50486e-05 37.4417 2 
0.590615 9.73687e-05 -1 0.570339 0.211834 0.0146023 0.169307 302409 3 21.7828 0.242832 4.47647 2 2 26.1149 0.822485 5.63482 2 2 0.0480904 3.41987e-05 37.4994 2 
0.605217 9.55831e-05 -1 0.573446 0.214554 0.0146023 0.172678 302436 3 1003.73 0.441911 13.145 2 2 21.4816 0.968683 4.70915 2 2 0.051701 3.33947e-05 39.3469 2 
0.619819 8.63641e-05 -1 0.576571 0.217077 0.0146023 0.176193 302214 4 1094.5 0.186644 8.75086 2 2 27.138 0.579175 6.84516 2 2 0.0453855 3.49568e-05 36.0323 2 
0.634422 9.26653e-05 -1 0.57971 0.219405 0.0146023 0.179734 301957 4 878.53 0.215079 7.99447 2 2 25.6697 0.592149 6.58408 2 2 0.041902 3.87482e-05 32.8845 2 
0.649024 0.000102297 -1 0.582899 0.221548 0.0146023 0.183582 301206 5 950.934 0.293249 5.03713 2 2 30.758 0.757788 6.37097 2 2 0.039171 4.843e-05 28.4397 2 
0.663626 0.000115153 -1 0.58614 0.223527 0.0146023 0.187359 300599 5 500.866 0.24075 4.60926 2 2 29.6788 0.843645 5.93121 2 2 0.0463403 6.65104e-05 26.3958 2 
0.678321 0.000123574 -1 0.589437 0.225358 0.0146942 0.191105 300065 5 601.986 0.198686 4.96917 2 2 29.56 0.640607 6.79291 2 2 0.0436177 7.30192e-05 24.4406 2 
0.693015 0.000127543 -1 0.592774 0.227142 0.0146942 0.194656 299852 4 939.132 0.318673 7.36792 2 2 25.4836 0.753266 5.81643 2 2 0.048664 5.93411e-05 28.6369 2 
0.707709 0.000121251 -1 0.596122 0.228708 0.0146942 0.198135 299755 4 856.642 0.147669 8.72725 2 2 24.1066 0.866852 5.27346 2 2 0.0483392 4.47828e-05 32.8544 2 
0.722403 0.000118254 -1 0.599442 0.230206 0.0146942 0.201163 300334 2 28.6768 0.428276 8.18283 2 2 26.4694 0.740873 5.97723 2 2 0.042361 4.14108e-05 31.9836 2 
0.737097 0.000128681 -1 0.602761 0.231531 0.0146942 0.204701 300145 4 964.113 0.423693 6.90668 2 2 26.3646 0.77472 5.83362 2 2 0.0471139 3.8915e-05 34.795 2 
0.751791 0.000121107 -1 0.606124 0.232856 0.0146942 0.208185 300041 4 1121.82 0.15812 9.17771 2 2 27.4172 1.02032 5.18373 2 2 0.0430537 3.79755e-05 33.6708 2 
0.766486 0.000118936 -1 0.609534 0.233922 0.0146942 0.211988 299489 4 990.545 0.374295 7.17241 2 2 27.2211 0.968524 5.30148 2 3 0.0504756 6.73735e-06 19.5673 2 
0.78118 0.000118901 -1 0.613 0.23495 0.0146942 0.215997 298671 5 913.166 0.126456 5.91184 2 2 24.3328 0.712816 5.84261 2 3 0.0471539 8.27309e-06 17.8628 2 
0.795874 0.000119109 -1 0.616487 0.235795 0.0146942 0.219503 298565 3 30.5279 0.317325 4.5821 2 2 23.8926 0.560932 6.52644 2 3 0.0454828 5.26128e-06 20.5235 2 
0.810568 0.000131428 -1 0.619938 0.236562 0.0146942 0.222984 298497 4 1383.28 0.412366 7.6104 2 2 22.5692 0.488566 6.79667 2 2 0.0496218 7.03729e-05 26.5542 2 
0.825262 0.000147394 -1 0.623356 0.237305 0.0146942 0.226426 298482 4 850.124 0.331154 7.11808 2 2 20.6182 0.650921 5.62809 2 2 0.0486868 7.02759e-05 26.321 2 
0.839956 0.000154287 -1 0.626821 0.237843 0.0146942 0.229874 298459 4 944.184 0.19786 8.31141 2 2 24.5242 0.965033 5.04111 2 2 0.0424833 5.29923e-05 28.3141 2 
0.854651 0.000165822 -1 0.630315 0.238311 0.0146942 0.233362 298386 4 253.522 0.280972 5.48073 2 2 25.2461 0.808403 5.58834 2 2 0.0474866 3.5158e-05 36.7513 2 
0.869345 0.000175868 -1 0.633843 0.23878 0.0146942 0.236754 298436 4 856.489 0.244956 7.68969 2 2 25.3974 0.746951 5.83108 2 2 0.0488984 3.36562e-05 38.1166 2 
0.884039 0.000188676 -1 0.637381 0.239127 0.0146942 0.240144 298488 4 899.318 0.20897 8.09948 2 2 28.6647 0.805365 5.96592 2 2 0.04731 3.56598e-05 36.4239 2 
0.898733 0.000189103 -1 0.640861 0.239452 0.0146942 0.243868 298128 5 1304.83 0.294077 5.36313 2 2 20.1451 0.666157 5.49916 2 2 0.0452203 4.03813e-05 33.4639 2 
0.913427 0.00018394 -1 0.644265 0.23971 0.0146942 0.247048 298436 3 43.0244 0.452061 4.56568 2 2 19.9893 0.949322 4.58872 2 2 0.0514479 5.92676e-05 29.4629 2 
0.928121 0.000190059 -1 0.647734 0.239737 0.0146942 0.250435 298489 4 734.071 0.124316 8.76602 2 2 32.7456 1.77685 4.29291 2 2 0.0555542 8.39396e-05 25.7262 2 
0.942816 0.000196095 -1 0.651249 0.239822 0.0146942 0.253887 298463 4 355.08 0.170476 6.75563 2 2 31.7677 1.4024 4.75946 2 2 0.0620362 9.2911e-05 25.8398 2 
0.95751 0.000200645 -1 0.654812 0.239886 0.0146942 0.257508 298243 5 847.545 0.232002 5.15863 2 2 30.915 0.675097 6.76709 2 2 0.0613373 7.02596e-05 29.5467 2 
0.972204 0.000208957 -1 0.658397 0.239885 0.0146942 0.260895 298296 4 875.642 0.225083 7.89761 2 2 28.2218 0.609759 6.80319 2 2 0.0533127 5.70934e-05 30.5578 2 
0.986898 0.000220447 -1 0.661978 0.2398 0.0146942 0.264848 297710 6 1529.93 0.390621 3.97026 2 2 22.6147 0.57387 6.27753 2 2 0.0466663 5.9721e-05 27.9536 2 
1.00159 0.000235463 -1 0.665388 0.239644 0.0146942 0.26852 297453 5 821.759 0.270546 4.97165 2 2 19.9763 0.911346 4.68184 2 2 0.0585561 7.83869e-05 27.3316 2 
1.01629 0.000230778 -1 0.668835 0.239418 0.0146942 0.272239 297151 5 766.6 0.198151 5.21813 2 2 44.5462 1.40575 5.62926 2 2 0.0693256 7.82482e-05 29.7653 2 
1.03098 0.000225219 -1 0.672311 0.239162 0.0146942 0.27592 296898 5 865.905 0.455523 4.52681 2 2 30.8351 1.20992 5.0483 2 2 0.0759292 8.07801e-05 30.6586 2 
1.04567 0.000233626 -1 0.675824 0.238918 0.0146942 0.279578 296676 5 1969.86 0.216361 6.19229 2 2 27.8652 1.16335 4.89414 2 2 0.0819041 8.12236e-05 31.755 2 
1.06037 0.000232139 -1 0.679356 0.238622 0.0146942 0.283063 296641 4 49.3614 0.304473 3.56829 2 2 29.1586 1.36384 4.62383 2 2 0.0726798 7.73831e-05 30.6467 2 
1.07506 0.000232254 -1 0.68293 0.238244 0.0146942 0.286807 296339 4 65.2313 0.247974 4.02729 2 2 24.4549 1.32994 4.28811 2 3 0.0713618 6.62467e-06 22.0852 2 
1.08976 0.000233682 -1 0.686406 0.237821 0.0146942 0.290689 295904 4 797.806 0.204801 7.90026 2 2 32.0936 1.12811 5.33377 2 3 0.0702556 8.6226e-06 20.1225 2 
1.10445 0.000229996 -1 0.689799 0.237205 0.0146942 0.294614 295437 4 805.489 0.230296 7.6903 2 2 32.4543 0.714054 6.74172 2 3 0.0775745 5.16597e-06 24.6711 2 
1.11915 0.000227367 -1 0.693218 0.236731 0.0146942 0.298193 295326 4 1456.18 0.160763 9.75568 2 2 34.3584 0.63111 7.37843 2 2 0.0720171 8.81149e-05 28.5886 2 
1.13384 0.000220792 -1 0.696681 0.236012 0.0146942 0.301784 295205 4 845.561 0.17402 8.34903 2 2 27.7062 0.583287 6.89203 2 2 0.0663402 9.80616e-05 26.0099 2 
1.14853 0.000229472 -1 0.700165 0.235538 0.0146942 0.305354 295107 4 668.179 0.225919 7.37454 2 2 37.3826 0.792231 6.86924 2 2 0.0718245 9.0222e-05 28.215 2 
1.16323 0.0002262 -1 0.703687 0.23489 0.0146942 0.308862 295070 4 703.625 0.393413 6.50314 2 2 38.939 0.616597 7.94679 2 2 0.0854634 8.48149e-05 31.7434 2 
1.17792 0.00023148 -1 0.707186 0.234178 0.0146942 0.312418 294989 4 808.101 0.407461 6.67337 2 2 44.0118 0.756695 7.62648 2 2 0.0955175 8.15229e-05 34.2296 2 
1.19262 0.000227062 -1 0.7106 0.233496 0.0146942 0.315984 294901 4 1285.5 0.361534 7.72201 2 2 47.5923 0.648565 8.56627 2 2 0.0800434 7.82085e-05 31.9916 2 
1.20731 0.000218804 -1 0.713916 0.232859 0.0146942 0.319571 294795 4 1021.56 0.333799 7.4378 2 2 34.3505 0.572283 7.74749 2 2 0.0559139 7.34489e-05 27.591 2 
1.222 0.000214261 -1 0.717235 0.23225 0.0146942 0.323261 294598 4 1751.81 0.387525 8.19967 2 2 25.7381 0.622519 6.43002 2 2 0.0708128 6.63614e-05 32.6662 2 
1.2367 0.00020173 -1 0.720606 0.231536 0.0146942 0.32665 294676 3 135.623 0.24984 8.15751 2 2 33.2084 0.77494 6.54621 2 2 0.0888453 5.9134e-05 38.7613 2 
1.25139 0.000202259 -1 0.724026 0.230939 0.0146942 0.330178 294629 4 968.989 0.390478 7.05798 2 2 53.887 0.693476 8.81509 2 2 0.101261 5.79862e-05 41.7888 2 
1.26609 0.000208961 -1 0.727475 0.230221 0.0146942 0.333767 294529 4 743.94 0.180815 8.00896 2 2 40.91 0.644966 7.96428 2 2 0.110902 6.55252e-05 41.1401 2 
1.28078 0.000212113 -1 0.730925 0.229564 0.0146942 0.337066 294684 3 30.4503 0.182332 5.50693 2 2 39.0573 0.563725 8.32372 2 2 0.123896 8.69229e-05 37.7539 2 
1.29548 0.000219143 -1 0.7343 0.228942 0.0146942 0.341156 294153 5 2558.41 0.223773 6.48086 2 2 44.1063 0.618726 8.44308 2 3 0.119318 2.79685e-06 34.9418 2 
1.31017 0.000236568 -1 0.73764 0.22828 0.0146942 0.345093 293764 4 721.086 0.136835 8.52015 2 2 45.0913 0.719011 7.91915 2 3 0.101051 4.15413e-06 28.9747 2 
1.32486 0.000240621 -1 0.740914 0.227624 0.0146942 0.348927 293471 4 766.451 0.303493 7.08898 2 2 39.777 0.985618 6.35275 2 3 0.100529 4.48978e-06 28.1853 2 
1.33956 0.000245708 -1 0.744194 0.226987 0.0146942 0.352882 293084 4 840.503 0.164153 8.45907 2 2 33.0409 0.839358 6.27411 2 3 0.115956 3.70736e-06 31.5072 2 
1.35425 0.000242549 -1 0.747491 0.226297 0.0146942 0.356759 292769 4 716.54 0.167281 8.08999 2 2 40.8804 1.04964 6.24077 2 3 0.125092 2.59559e-06 36.3913 2 
1.36895 0.00024384 -1 0.75082 0.225741 0.0146942 0.360327 292712 4 1497.71 0.356745 8.04948 2 2 54.8192 1.19121 6.78379 2 2 0.131727 8.96988e-05 38.3216 2 
1.38364 0.000225806 -1 0.754176 0.225035 0.0146942 0.364225 292391 4 738.041 0.158477 8.26092 2 2 31.0546 1.54292 4.48633 2 3 0.127722 8.52515e-06 24.6521 2 
1.39834 0.000219175 -1 0.7575 0.2243 0.0146942 0.367831 292308 3 43.0755 0.17158 6.30843 2 2 43.8363 1.07505 6.3856 2 3 0.129337 8.80769e-06 24.488 2 
1.41303 0.0002276 -1 0.760785 0.223603 0.0146942 0.371363 292285 4 802.54 0.316541 7.09593 2 2 50.7602 0.6471 8.85678 2 2 0.131523 9.08713e-05 38.0442 2 
1.42772 0.000236355 -1 0.764063 0.222878 0.0146942 0.374994 292186 4 755.501 0.303886 7.06124 2 2 78.8202 0.990993 8.91833 2 2 0.131112 8.53333e-05 39.1978 2 
1.44242 0.000231842 -1 0.767291 0.222175 0.0146942 0.378539 292155 4 158.569 0.120825 6.01888 2 2 56.089 0.815513 8.29323 2 2 0.108748 7.41686e-05 38.2913 2 
1.45711 0.000231323 -1 0.770502 0.221548 0.0146942 0.38211 292104 4 538.354 0.280515 6.61878 2 2 55.7844 0.776638 8.47515 2 2 0.100498 5.47515e-05 42.8431 2 
1.47181 0.000231468 -1 0.773726 0.220624 0.0146942 0.386481 291450 7 2246.61 0.358201 3.48727 2 2 57.3876 0.836308 8.28373 2 2 0.126502 5.82412e-05 46.6051 2 
1.4865 0.000247158 -1 0.776981 0.219854 0.0146942 0.390052 291407 4 204.482 0.400267 4.75419 2 2 63.4396 0.88043 8.48854 2 2 0.133098 6.19891e-05 46.3371 2 
1.50119 0.000254964 -1 0.780245 0.218982 0.0146942 0.393922 291144 5 1052.09 0.384272 4.86948 2 2 69.804 0.465293 12.2483 2 2 0.138188 6.30572e-05 46.8131 2 
1.51589 0.000260884 -1 0.783464 0.218314 0.0146942 0.397271 291267 3 765.62 0.461559 11.8376 2 2 45.2705 0.737704 7.83369 2 2 0.149143 6.25617e-05 48.8256 2 
1.53058 0.00026355 -1 0.786639 0.217614 0.0146942 0.400812 291249 4 2557.67 0.39359 8.97843 2 2 50.9242 1.61344 5.61805 2 2 0.165651 7.56119e-05 46.806 2 
1.54528 0.000252326 -1 0.789831 0.21686 0.0146942 0.404716 290969 3 129.239 0.170536 9.11716 2 3 128.068 0.462831 6.51638 2 3 0.169165 2.72278e-06 39.6065 2 
1.55997 0.000249369 -1 0.792993 0.216046 0.0146942 0.408781 290581 4 718.797 0.25862 7.26083 2 3 22.6892 0.494518 3.57997 2 3 0.153174 2.87268e-06 37.6385 2 
1.57467 0.000253951 -1 0.796131 0.215178 0.0146942 0.412286 290594 4 107.093 0.124089 5.42009 2 2 41.7593 1.02345 6.38767 2 2 0.169492 8.80352e-05 43.8779 2 
1.58936 0.000260166 -1 0.799259 0.214363 0.0146942 0.415616 290730 3 70.2324 0.161096 7.58258 2 2 41.3019 0.536865 8.77107 2 2 0.172109 6.83334e-05 50.1863 2 
1.60405 0.000262366 -1 0.802413 0.213658 0.0146942 0.419114 290747 4 2227.22 0.196928 10.3125 2 2 46.4267 0.577642 8.96509 2 2 0.169099 6.18449e-05 52.29 2 
1.61875 0.000255679 -1 0.805578 0.212786 0.0146942 0.422864 290590 5 554.247 0.255878 4.64659 2 2 42.9803 0.755343 7.54332 2 2 0.163928 6.66509e-05 49.5933 2 
1.63344 0.000248103 -1 0.808756 0.212095 0.0146942 0.426631 290424 5 1048.66 0.274825 5.20374 2 2 62.3328 0.894278 8.34876 2 2 0.170639 9.21658e-05 43.0283 2 
1.64814 0.000235161 -1 0.811873 0.211379 0.0146942 0.430318 290316 4 667.104 0.210388 7.504 2 3 140.771 0.303168 7.74361 2 2 0.163017 9.0775e-05 42.3774 2 
1.66283 0.000228415 -1 0.81497 0.210813 0.0146942 0.434388 289953 5 1651.19 0.220622 5.95429 2 2 63.7765 0.72883 9.35443 2 3 0.167441 3.3428e-06 36.8624 2 
1.67752 0.000218547 -1 0.818032 0.210172 0.0146942 0.438184 289778 4 708.118 0.266895 7.17697 2 2 70.8944 0.729118 9.86068 2 3 0.165876 3.40706e-06 36.5147 2 
1.69222 0.000219152 -1 0.821075 0.20955 0.0146942 0.441943 289630 4 582.306 0.382561 6.24615 2 2 68.2909 0.544487 11.1992 2 3 0.172899 8.80054e-06 26.9833 2 
1.70691 0.000210728 -1 0.824082 0.208843 0.0146942 0.4458 289421 4 3079.38 0.411479 9.30098 2 2 46.8854 0.703215 8.16535 2 3 0.186424 1.14001e-05 25.3823 2 
1.72161 0.000218077 -1 0.827115 0.208105 0.0146942 0.449602 289251 4 1306.59 0.251645 8.48864 2 2 63.9764 0.670545 9.76778 2 3 0.186403 7.72056e-06 28.9024 2 
1.7363 0.000224793 -1 0.830163 0.207398 0.0146942 0.452835 289448 3 154.654 0.241356 8.6212 2 2 52.8235 0.752432 8.37877 2 2 0.202732 8.23265e-05 49.6239 2 
1.751 0.000230251 -1 0.833245 0.206731 0.0146942 0.456416 289420 4 1606.47 0.211288 9.3379 2 2 51.1862 0.71388 8.46767 2 2 0.204274 8.90898e-05 47.8843 2 
1.76569 0.000243167 -1 0.836337 0.206198 0.0146942 0.459879 289467 4 765.554 0.214168 7.73224 2 2 154.065 0.976837 12.5586 2 2 0.217287 9.05783e-05 48.9784 2 
1.78038 0.000244435 -1 0.839426 0.205572 0.0146942 0.463394 289482 4 662.115 0.37599 6.47797 2 2 81.2975 1.07904 8.68 2 2 0.250842 9.37318e-05 51.7317 2 
1.79508 0.000233733 -1 0.842454 0.205006 0.0146942 0.466849 289533 4 709.417 0.416795 6.4231 2 2 47.5447 1.02844 6.79926 2 2 0.234479 9.67757e-05 49.2231 2 
1.80977 0.00023405 -1 0.845464 0.204573 0.0146942 0.470573 289417 4 1135.09 0.120366 9.85443 2 2 55.0872 0.461848 10.9213 2 3 0.218754 3.32983e-06 40.3501 2 
1.82447 0.000237708 -1 0.848432 0.204105 0.0146942 0.474343 289276 4 676.149 0.387918 6.46139 2 2 65.5451 0.660684 9.96032 2 3 0.210178 3.29253e-06 39.9656 2 
1.83916 0.000245861 -1 0.851339 0.203775 0.0146942 0.478066 289165 4 714.211 0.256369 7.26508 2 2 65.1744 0.6239 10.2207 2 3 0.196024 3.10978e-06 39.7979 2 
1.85385 0.000246594 -1 0.854243 0.203004 0.0146942 0.482282 288761 6 3109.51 0.368228 4.51262 2 2 46.3544 0.694915 8.16732 2 3 0.205638 3.38104e-06 39.3264 2 
1.86855 0.000269465 -1 0.857193 0.202445 0.0146942 0.486131 288581 4 233.985 0.262413 5.4645 2 2 68.0685 1.03544 8.10794 2 3 0.209596 3.3998e-06 39.5042 2 
1.88324 0.00028262 -1 0.860164 0.201812 0.0146942 0.489889 288457 4 1434.03 0.416302 7.66103 2 2 151.277 1.15868 11.4263 2 3 0.205838 3.28967e-06 39.7 2 
1.89794 0.000287628 -1 0.863168 0.201439 0.0146942 0.49391 288182 5 549.403 0.185227 4.94809 2 2 56.8105 1.26428 6.70337 2 3 0.208795 3.68344e-06 38.4139 2 
1.91263 0.000282312 -1 0.866186 0.200998 0.0146942 0.49765 288074 4 1006.38 0.332247 7.41865 2 2 70.5848 1.31577 7.32428 2 3 0.219502 4.11102e-06 37.6556 2 
1.92733 0.000271043 -1 0.869233 0.200585 0.0146942 0.501126 288119 3 116.228 0.265226 7.59566 2 2 36.7837 1.24672 5.4318 2 3 0.24034 4.43069e-06 37.8545 2 
1.94202 0.000266455 -1 0.872221 0.20009 0.0146942 0.504886 288002 4 664.259 0.274982 7.01065 2 2 31.544 1.15179 5.23326 2 3 0.228508 4.73589e-06 36.4055 2 
1.95671 0.000269069 -1 0.875175 0.19969 0.0146942 0.508602 287911 4 697.187 0.148062 8.28374 2 2 81.6394 1.53746 7.28699 2 3 0.228966 4.82356e-06 36.2077 2 
1.97141 0.000272641 -1 0.878045 0.199387 0.0146942 0.512314 287823 4 613.197 0.121366 8.43094 2 2 48.3696 1.27461 6.16023 2 3 0.213383 5.00588e-06 34.9322 2 
1.9861 0.000274293 -1 0.880878 0.198682 0.0146942 0.517072 287155 8 3333.52 0.340221 3.15423 2 2 45.5036 1.15998 6.26322 2 3 0.180487 5.02074e-06 33.0035 2 
2.0008 0.000288181 -1 0.883707 0.198269 0.0146942 0.5208 287066 3 241.767 0.380637 8.59598 2 3 161.941 0.360258 7.66033 2 3 0.180565 4.72912e-06 33.6732 2 
2.01549 0.000280661 -1 0.886564 0.198224 0.0146942 0.525073 286680 6 3342.15 0.364064 4.57588 2 2 84.6419 1.30906 8.04106 2 3 0.180864 5.88664e-06 31.3205 2 
2.03018 0.000264933 -1 0.889458 0.197781 0.0146942 0.529017 286479 5 1113.61 0.125459 6.16094 2 2 76.2527 1.26396 7.76715 2 3 0.186136 8.07987e-06 28.4539 2 
2.04488 0.000273832 -1 0.892389 0.197253 0.0146942 0.533012 286252 5 726.603 0.407486 4.46927 2 2 46.0581 1.29094 5.9731 2 3 0.197272 5.68158e-06 32.6236 2 
2.05957 0.000286255 -1 0.895334 0.196865 0.0146942 0.536279 286418 3 210.159 0.435901 7.84127 2 2 43.5543 1.145 6.16754 2 2 0.20432 8.88972e-05 47.9415 2 
2.07427 0.000292385 -1 0.898308 0.196531 0.0146942 0.539452 286632 3 142.128 0.186009 9.14215 2 2 144.258 1.70224 9.20576 2 2 0.224844 9.5374e-05 48.5541 2 
2.08896 0.00029287 -1 0.90129 0.196271 0.0146942 0.543327 286472 3 109.045 0.27405 7.35515 2 2 28.8301 0.68557 6.48481 2 3 0.217531 4.25102e-06 37.1258 2 
2.10366 0.000288967 -1 0.904263 0.196039 0.0146942 0.547272 286278 4 646.916 0.300197 6.81335 2 2 58.2535 0.777226 8.65739 2 3 0.205257 4.93319e-06 34.6516 2 
2.11835 0.000285249 -1 0.907092 0.195834 0.0146942 0.551264 286063 4 673.852 0.168815 7.94856 2 2 41.0951 0.984756 6.45998 2 3 0.169208 5.32967e-06 31.6645 2 
2.13304 0.000289532 -1 0.909865 0.195615 0.0146942 0.555302 285826 4 2472.41 0.239696 10.0778 2 2 148.995 1.73761 9.25996 2 3 0.158291 5.04844e-06 31.5331 2 
2.14774 0.000282533 -1 0.912647 0.195324 0.0146942 0.559305 285612 4 641.36 0.183715 7.68668 2 2 91.3547 0.729311 11.192 2 3 0.157605 4.85262e-06 31.9054 2 
2.16243 0.000283739 -1 0.915449 0.194973 0.0146942 0.563302 285403 4 3173.35 0.43807 9.22558 2 2 74.781 0.583804 11.3178 2 3 0.172323 5.14994e-06 32.2241 2 
2.17713 0.000280597 -1 0.918257 0.194577 0.0146942 0.56714 285277 3 248.258 0.317967 9.20818 2 2 65.2234 0.65687 9.96465 2 3 0.176294 5.69087e-06 31.4065 2 
2.19182 0.000277957 -1 0.921114 0.194243 0.0146942 0.571169 285057 4 587.324 0.22745 7.1285 2 2 48.5635 1.53322 5.62799 2 3 0.185726 6.26511e-06 30.9491 2 
2.20651 0.000273477 -1 0.923992 0.193947 0.0146942 0.575421 284731 4 728.818 0.455495 6.32461 2 3 158.749 0.366026 7.56949 2 3 0.200505 6.27984e-06 31.7243 2 
2.22121 0.000272946 -1 0.926899 0.193735 0.0146942 0.579131 284675 3 125.454 0.311722 7.3831 2 2 34.1731 0.511608 8.17285 2 3 0.188 5.64684e-06 32.17 2 
2.2359 0.000273714 -1 0.929815 0.193525 0.0146942 0.58282 284630 3 64.5946 0.290137 6.06081 2 2 50.2746 0.427828 10.8403 2 3 0.183507 5.1304e-06 32.9484 2 
2.2506 0.000277008 -1 0.932744 0.193341 0.0146942 0.586596 284543 3 52.5751 0.193054 6.48187 2 2 55.8694 0.760325 8.5721 2 3 0.163712 4.87204e-06 32.2693 2 
2.26529 0.000281252 -1 0.935638 0.193152 0.0146942 0.590768 284267 5 2503.12 0.189173 6.67305 2 2 145.735 1.69914 9.26122 2 3 0.132839 4.48524e-06 30.9395 2 
2.27999 0.000282191 -1 0.938491 0.192948 0.0146942 0.594748 284087 4 731.802 0.371566 6.66177 2 2 78.0718 0.935135 9.13713 2 3 0.147254 3.99396e-06 33.2829 2 
2.29468 0.000281703 -1 0.941219 0.192673 0.0146942 0.598714 283915 4 3266.39 0.362907 9.74021 2 2 82.2784 0.970971 9.20534 2 3 0.164503 4.32145e-06 33.6394 2 
2.30937 0.000272244 -1 0.943971 0.192456 0.0146942 0.602648 283761 4 1100.49 0.209465 8.51371 2 2 59.4154 0.986959 7.75889 2 3 0.172633 4.6233e-06 33.4239 2 
2.32407 0.000270676 -1 0.946728 0.192284 0.0146942 0.606902 283459 5 713.852 0.23363 4.97755 2 2 45.5547 0.9512 6.92039 2 3 0.177057 4.83633e-06 33.2047 2 
2.33876 0.000268103 -1 0.949508 0.192207 0.0146942 0.610856 283301 4 599.494 0.221523 7.21259 2 2 165.091 1.30495 11.2477 2 3 0.173505 4.92192e-06 32.7888 2 
2.35346 0.000262295 -1 0.952311 0.192097 0.0146942 0.614609 283237 3 315.821 0.318981 9.96688 2 2 47.619 1.16177 6.40222 2 3 0.167752 6.55935e-06 29.4625 2 
2.36815 0.000262038 -1 0.955153 0.192022 0.0146942 0.61854 283092 4 698.733 0.175259 7.94617 2 2 35.3733 0.658439 7.32959 2 3 0.16718 7.28316e-06 28.4198 2 
2.38284 0.000267103 -1 0.958014 0.191949 0.0146942 0.622189 283078 3 50.962 0.150615 6.96829 2 2 52.016 0.585547 9.42514 2 3 0.154448 4.25126e-06 33.1198 2 
2.39754 0.000270583 -1 0.960887 0.191869 0.0146942 0.626187 282906 4 2784.74 0.264473 10.1298 2 2 40.0089 0.660241 7.78443 2 3 0.128286 4.40659e-06 30.7627 2 
2.41223 0.000272914 -1 0.963745 0.191822 0.0146942 0.629817 282901 3 168.687 0.2425 8.86046 2 2 135.153 1.39026 9.85972 2 3 0.134279 4.66672e-06 30.643 2 
2.42693 0.000277302 -1 0.966602 0.191581 0.0146942 0.633921 282685 5 3157.46 0.379434 6.08191 2 2 80.2818 0.782772 10.1272 2 3 0.155017 4.78273e-06 31.8836 2 
2.44162 0.000299064 -1 0.969446 0.191385 0.0146942 0.637885 282534 4 692.917 0.37846 6.54132 2 2 64.3178 0.538643 10.9274 2 3 0.165511 4.84072e-06 32.4568 2 
2.45632 0.000291571 -1 0.972273 0.191396 0.0146942 0.641755 282426 4 1173.7 0.267596 8.13803 2 2 45.342 0.748918 7.78096 2 3 0.169399 5.14062e-06 32.0601 2 
2.47101 0.000278671 -1 0.975015 0.191509 0.0146942 0.645877 282209 4 596.593 0.10019 8.78442 2 3 137.496 0.222686 8.51528 2 3 0.16873 5.37689e-06 31.5418 2 
2.4857 0.000276676 -1 0.977765 0.191496 0.0146942 0.649771 282093 4 668.591 0.242256 7.24806 2 2 53.0536 0.430602 11.0999 2 3 0.162438 5.06419e-06 31.773 2 
2.5004 0.000270114 -1 0.980518 0.191486 0.0146942 0.653398 282095 3 70.3843 0.262257 6.45035 2 2 23.0302 0.401357 7.57501 2 3 0.152405 4.36772e-06 32.6775 2 
2.51509 0.000271973 -1 0.983299 0.191493 0.0146942 0.657115 282057 3 333.199 0.238291 11.1823 2 2 46.6109 0.47166 9.94098 2 3 0.147791 4.18133e-06 32.8179 2 
2.52979 0.000272494 -1 0.986111 0.191465 0.0146942 0.661006 281946 4 676.463 0.252664 7.19325 2 2 48.3829 0.637647 8.71075 2 3 0.13668 3.9496e-06 32.5874 2 
2.54448 0.000273189 -1 0.988947 0.191413 0.0146942 0.664958 281810 4 2487.61 0.264215 9.85046 2 2 32.4795 0.504209 8.02601 2 3 0.121803 3.88612e-06 31.5293 2 
2.55917 0.000295009 -1 0.991779 0.191547 0.0146942 0.668812 281717 4 3035.72 0.372549 9.50101 2 2 128.008 1.68326 8.72053 2 3 0.140312 3.74643e-06 33.4574 2 
2.57387 0.000291282 -1 0.994621 0.191566 0.0146942 0.6721 281863 3 166.068 0.149881 10.3478 2 2 56.8847 0.556562 10.1098 2 2 0.156978 9.97361e-05 39.6729 2 
2.58856 0.000289073 -1 0.997465 0.191569 0.0146942 0.675481 281968 3 188.642 0.145888 10.8945 2 2 81.0584 1.24158 8.08001 2 2 0.162377 9.06137e-05 42.3317 2 
2.60326 0.000292413 -1 1.00032 0.191506 0.0146942 0.679037 281999 4 1187.25 0.365393 7.54997 2 2 39.6451 0.584355 8.23676 2 2 0.160575 8.74915e-05 42.8407 2 
2.61795 0.000306342 -1 1.00315 0.191546 0.0146942 0.682567 282041 4 654.469 0.246995 7.17464 2 2 115.606 0.952614 11.0162 2 2 0.15967 9.99731e-05 39.964 2 
2.63265 0.00031461 -1 1.00598 0.191618 0.0146942 0.686476 281927 4 600.891 0.183187 7.5679 2 2 28.0701 0.671309 6.46637 2 3 0.143563 3.10705e-06 35.8838 2 
2.64734 0.000311984 -1 1.00874 0.191703 0.0146942 0.690327 281837 4 710.837 0.205384 7.6701 2 2 30.9766 0.941077 5.73726 2 3 0.136306 3.73139e-06 33.1804 2 
2.66203 0.000309565 -1 1.0115 0.19183 0.0146942 0.694005 281819 3 46.5788 0.151615 6.74759 2 2 44.8619 0.916463 6.99651 2 3 0.131603 4.30175e-06 31.2757 2 
2.67673 0.000309446 -1 1.01426 0.191934 0.0146942 0.697716 281788 3 349.507 0.443198 9.23888 2 2 45.1739 1.05217 6.5524 2 3 0.123427 5.42993e-06 28.3273 2 
2.69142 0.000320026 -1 1.01707 0.192036 0.0146942 0.701627 281677 4 2412.22 0.140846 11.4398 2 2 40.0591 1.13192 5.94899 2 3 0.130912 8.08302e-06 25.3009 2 
2.70612 0.000320577 -1 1.01989 0.19205 0.0146942 0.70559 281546 4 2713.32 0.415338 8.99031 2 2 128.49 1.83258 8.37342 2 3 0.1442 6.7195e-06 27.7892 2 
2.72081 0.000344692 -1 1.02272 0.192104 0.0146942 0.709492 281441 4 155.073 0.326636 4.66786 2 2 40.5808 0.586064 8.32124 2 3 0.153074 5.16416e-06 30.9481 2 
2.7355 0.000353923 -1 1.02556 0.192154 0.0146942 0.713368 281347 4 157.223 0.250385 5.00584 2 2 38.6947 0.581212 8.1594 2 3 0.162408 5.25116e-06 31.3895 2 
2.7502 0.000358534 -1 1.02841 0.192244 0.0146942 0.716781 281436 3 126.925 0.173952 9.00271 2 2 74.6924 0.78163 9.77547 2 2 0.156606 9.99291e-05 39.5875 2 
2.76489 0.000359694 -1 1.03127 0.192397 0.0146942 0.720709 281323 4 1299.82 0.325795 7.94757 2 2 27.432 0.406416 8.21567 2 3 0.149033 4.70155e-06 31.6481 2 
2.77959 0.000357941 -1 1.03413 0.192565 0.0146942 0.724327 281331 4 616.226 0.202482 7.42742 2 2 107.138 1.65978 8.03425 2 2 0.136809 9.67269e-05 37.6083 2 
2.79428 0.000361479 -1 1.03697 0.192631 0.0146942 0.728034 281306 4 704.471 0.213605 7.57814 2 2 34.0767 0.35748 9.76343 2 2 0.124219 9.54179e-05 36.0811 2 
2.80898 0.000359519 -1 1.0398 0.192788 0.0146942 0.731654 281313 4 592.877 0.150317 7.92482 2 2 42.6729 0.475196 9.47631 2 2 0.12286 9.63498e-05 35.7092 2 
2.82367 0.000359564 -1 1.04257 0.192872 0.0146942 0.735052 281406 3 49.4132 0.10601 7.75351 2 2 43.4656 0.506648 9.26232 2 2 0.117025 9.80319e-05 34.5505 2 
2.83836 0.000364119 -1 1.04535 0.192944 0.0146942 0.739044 281271 4 2810.11 0.414691 9.07298 2 2 40.0247 1.14117 5.92227 2 3 0.124131 4.05448e-06 31.2835 2 
2.85306 0.000369939 -1 1.04814 0.193026 0.0146942 0.743184 281082 4 653.179 0.18311 7.72824 2 3 24.5202 0.385669 3.99119 2 3 0.136909 3.48625e-06 33.9905 2 
2.86775 0.000374903 -1 1.05097 0.193127 0.0146942 0.747053 280997 4 652.25 0.154657 8.05863 2 3 104.669 0.278281 7.21846 2 2 0.14523 9.99131e-05 38.1257 2 
2.88245 0.000379953 -1 1.05381 0.193224 0.0146942 0.750395 281111 3 146.12 0.211821 8.83582 2 2 40.6259 1.18296 5.86026 2 2 0.152225 9.46429e-05 40.105 2 
2.89714 0.000383294 -1 1.05667 0.193292 0.0146942 0.753673 281247 3 119.535 0.265414 7.6652 2 2 35.6889 0.439921 9.00697 2 2 0.152179 9.55975e-05 39.8982 2 
2.91183 0.000386387 -1 1.05953 0.193292 0.0146942 0.757246 281272 4 1241.89 0.264819 8.27529 2 2 35.4707 0.392903 9.5015 2 2 0.139475 9.61288e-05 38.0909 2 
2.92653 0.00038864 -1 1.06241 0.193382 0.0146942 0.761009 281227 5 643.785 0.163797 5.23464 2 2 118.579 0.686656 13.1412 2 2 0.132112 9.45198e-05 37.386 2 
2.94122 0.000388591 -1 1.06528 0.193534 0.0146942 0.764492 281285 4 680.819 0.11353 8.79996 2 2 35.6542 0.752746 6.88226 2 2 0.118531 9.23422e-05 35.8275 2 
2.95592 0.000386814 -1 1.06815 0.193623 0.0146942 0.768306 281221 5 674.795 0.145604 5.41003 2 2 39.5982 0.69051 7.57273 2 2 0.116901 9.20023e-05 35.6459 2 
2.97061 0.000383414 -1 1.07099 0.193765 0.0146942 0.77157 281359 3 515.527 0.416185 10.7396 2 2 42.0665 0.744594 7.51637 2 2 0.114672 9.05067e-05 35.595 2 
2.98531 0.00038109 -1 1.07378 0.193855 0.0146942 0.775307 281323 5 658.787 0.20065 5.04965 2 2 40.2487 0.691206 7.63084 2 2 0.110231 8.87107e-05 35.2504 2 
3 0.000374929 -1 1.07656 0.193791 0.0146942 0.779085 281274 5 2597.95 0.415378 5.7443 2 2 39.2383 0.650382 7.76732 2 2 0.12791 9.5945e-05 36.5124 2 

# Multigrid, 214 steps, 6.2457 CPU, 0.7829 real, 2.8e+05 points.step/s, 23 var
