0.910715 0
0.91094 0.03125

0.910928 0.03125
0.911626 0.0625

0.911607 0.0625
0.912838 0.09375

0.912795 0.09375
0.914679 0.125

0.914633 0.125
0.917349 0.15625

0.917242 0.15625
0.921094 0.1875

0.921132 0.1875
0.926256 0.21875

0.926653 0.21875
0.93218 0.25

0.930546 0.25
0.9375 0.276092

0.934319 0.28125
0.9375 0.287708

0.9375 0.27529
0.939088 0.28125

0.9375 0.285068
0.957783 0.3125

0.953089 0.3125
0.96875 0.325346

0.96875 0.320543
1 0.336098

1 0.336259
1.03125 0.339592

1.03125 0.338609
1.0625 0.331362

1.0625 0.330688
1.09375 0.316175

1.125 0.295949
1.09942 0.3125

1.09375 0.315489
1.09862 0.3125

1.15625 0.270823
1.14393 0.28125

1.125 0.295025
1.14222 0.28125

1.1875 0.238306
1.17707 0.25

1.15625 0.269155
1.17571 0.25

1.21875 0.197167
1.20356 0.21875

1.1875 0.236892
1.20264 0.21875

1.25 0.140713
1.24306 0.15625

1.2428 0.15625
1.22506 0.1875

1.21875 0.196403
1.22474 0.1875

1.28033 0
1.27887 0.03125

1.27888 0.03125
1.27447 0.0625

1.2745 0.0625
1.26709 0.09375

1.26708 0.09375
1.2566 0.125

1.25 0.139765
1.25659 0.125

kappa_offset_provider_stats evaluations=7048 clamp_hits=0 denominator_guard_hits=0 min_abs_denominator=0.835101366982969 max_abs_d_over_h=0.49939948020941444 grad_samples=7048 grad_min=0.9190081912228788 grad_mean=0.99544639021372139 grad_std=0.0096848745033345646 grad_max=1.0027136290209606
