t sb -1 xb vb dt perf.t perf.speed
0 0 -1 0.5 0 2.52982e-05 0 0 
2.52982e-05 1.41421e-16 -1 0.5 0.00039273 2.52982e-05 0.02069 791880 1 688.292 1819.81 0.378222 4 
0.000614221 -3.4867e-08 -1 0.5 0.00119743 0.000588923 0.055601 589342 5 1359.55 218.562 1.44133 5 2 1634.23 384.754 2.06094 4 3 0.0721097 4.70675e-05 11.5281 2 
0.00171532 -1.69092e-06 -1 0.5 0.00161104 0.0011011 0.146929 334529 7 433.326 68.801 1.30069 6 2 736.497 249.489 1.71814 5 24 0.0955008 8.96215e-05 1.33706 2 
0.00328182 -3.24098e-06 -1 0.500002 0.0021299 0.0015665 0.187558 349417 2 156.063 6.47524 4.90933 6 2 291.89 77.7526 1.93755 5 8 0.0551954 5.49785e-05 2.37254 3 
0.00527167 -3.5639e-06 -1 0.500006 0.00335469 0.00198985 0.229824 356447 1 59.0422 13.5241 4.3657 6 3 246.967 90.784 1.39597 6 8 0.0762455 7.52689e-05 2.3752 3 
0.00764656 -1.9017e-06 -1 0.500014 0.0045356 0.00237488 0.299786 327914 4 31.4092 15.2518 1.19794 8 3 139.317 60.0528 1.3238 7 11 0.133423 6.57992e-05 1.99819 3 
0.0103718 -3.2753e-07 -1 0.500027 0.00682014 0.00272528 0.35424 323758 1 22.5312 12.8211 1.75736 8 1 89.086 39.3582 2.26346 7 13 0.15688 7.95711e-05 1.79245 3 
0.0134132 5.77919e-07 -1 0.500047 0.00838131 0.00304133 0.417873 313665 2 39.6183 1.54108 5.07032 8 1 32.7512 30.1466 1.0864 7 16 0.248066 8.14004e-05 1.651 3 
0.0167427 6.08322e-07 -1 0.500075 0.0105108 0.00332953 0.488728 301714 2 60.2519 1.61948 6.09955 8 1 62.9426 7.63643 8.24242 7 18 0.233607 8.59448e-05 1.55165 3 
0.020337 -1.36399e-08 -1 0.500113 0.0127707 0.00359429 0.578492 283219 2 77.9939 2.09898 6.09573 8 1 25.4354 19.227 1.3229 7 24 0.315939 8.99867e-05 1.40516 3 
0.0241718 -7.80574e-07 -1 0.500162 0.0154915 0.00383483 0.647847 278189 3 1139.85 5.13914 6.05321 7 1 21.4383 21.1127 1.01542 7 14 0.363702 5.01743e-05 1.88683 4 
0.0282206 -1.1731e-06 -1 0.500223 0.0174253 0.00404875 0.734376 267721 2 72.36 3.39313 4.61795 7 2 18.5926 6.00602 1.75945 8 19 0.436234 7.55633e-05 1.5775 4 
0.032466 -1.12731e-06 -1 0.500297 0.0201838 0.0042454 0.819091 260035 3 1149.56 1.38939 9.38792 6 2 33.8117 2.876 3.42877 9 14 0.583125 8.38797e-05 1.8812 5 
0.0368951 -8.43587e-07 -1 0.500387 0.0226962 0.00442916 0.931647 246205 3 1108.95 3.06711 7.12407 5 2 34.0984 2.83757 3.46652 10 22 0.859528 8.33231e-05 1.52206 5 
0.041482 -5.69709e-07 -1 0.500492 0.0256891 0.00458685 1.11047 221311 4 1176.34 0.968745 5.90311 5 2 30.8898 3.29305 3.06273 11 36 1.0352 9.85063e-05 1.29333 5 
0.0462232 -3.93333e-07 -1 0.500613 0.028611 0.00474121 1.33459 196423 4 1175.18 2.08166 4.87442 4 2 50.9408 3.84193 3.64131 11 49 1.03293 8.84823e-05 1.21061 5 
0.0510974 -3.2694e-07 -1 0.500752 0.0313138 0.00487422 1.44014 193404 3 1161.5 2.86335 7.40255 4 2 64.1308 4.21175 3.90213 11 17 0.964243 9.02043e-05 1.72583 6 
0.0560955 -3.62294e-07 -1 0.500909 0.0344412 0.00499814 1.5666 188249 4 1101.19 1.19607 5.50841 3 2 69.7815 3.76061 4.30766 11 21 1.20518 6.73272e-05 1.59411 6 
0.0611976 -4.15848e-07 -1 0.501085 0.0373781 0.00510209 1.70101 183006 4 209.131 0.935022 3.86722 3 2 71.9985 3.42025 4.5881 11 24 1.61268 6.91553e-05 1.52051 6 
0.0664083 -4.43088e-07 -1 0.501279 0.0403285 0.00521064 1.83888 178196 4 1195.25 3.33773 4.35012 3 2 95.3978 3.21145 5.45028 11 24 1.53199 7.48389e-05 1.51227 6 
0.0717036 -3.56203e-07 -1 0.501494 0.0435105 0.00529529 1.9875 173114 6 1154.35 1.8405 2.92573 3 2 113.618 3.17528 5.98182 11 24 1.32422 8.3271e-05 1.49645 6 
0.0770865 -3.1069e-07 -1 0.501728 0.04659 0.0053829 2.13053 169182 5 1179.87 1.04207 4.0812 3 2 118.282 3.29403 5.99232 11 25 1.83634 9.24442e-05 1.48567 6 
0.0825498 -2.42284e-07 -1 0.501983 0.0498202 0.00546339 2.26854 166112 4 1118.83 2.44648 4.6244 3 2 110.006 3.31262 5.76266 11 24 2.23083 9.55834e-05 1.52056 6 
0.0880753 -8.66866e-08 -1 0.502259 0.0529312 0.00552547 2.40121 163757 5 1140.02 2.10448 3.52171 3 2 152.631 3.07575 7.04444 11 22 1.90804 9.82222e-05 1.56649 6 
0.0936644 5.30766e-08 -1 0.502555 0.0561693 0.00558911 2.52371 162301 4 1030.95 2.85802 4.35806 3 2 164.016 2.63973 7.88249 11 21 1.59404 9.368e-05 1.59026 6 
0.0993078 2.13658e-07 -1 0.502872 0.0593076 0.00564337 2.65046 160721 5 1072.41 1.36216 3.79512 2 2 166.514 2.51591 8.13539 11 21 2.62958 6.64054e-05 1.65553 6 
0.105007 3.7426e-07 -1 0.503211 0.0625414 0.00569881 2.76638 159909 6 1176.83 1.99363 2.89631 3 2 149.619 1.76012 9.2198 11 18 2.67156 8.07692e-05 1.78273 6 
0.110751 4.52896e-07 -1 0.50357 0.0657955 0.00574403 2.8659 160073 4 1141.77 2.6162 4.57064 3 2 218.12 1.3979 12.4913 11 16 2.17487 5.78695e-05 1.93169 6 
0.116541 4.98458e-07 -1 0.503952 0.0689692 0.00579008 2.96232 160393 6 1151.19 0.110535 4.67313 4 2 220.432 1.55752 11.8965 11 13 2.23752 9.61203e-05 2.1673 6 
0.122366 5.53629e-07 -1 0.504354 0.0721566 0.00582517 3.04894 161210 5 1200.85 1.07546 4.06985 4 2 196.084 1.91173 10.1276 11 12 3.22107 5.87048e-05 2.48281 6 
0.128227 5.78598e-07 -1 0.504777 0.0753571 0.00586076 3.13372 162077 5 1154.81 1.1872 3.95911 4 2 231.112 2.53274 9.55248 11 11 2.83708 5.43306e-05 2.68468 6 
0.134124 6.22269e-07 -1 0.505222 0.078614 0.00589687 3.21966 162840 4 1176.41 1.81681 5.04443 4 2 263.499 3.30157 8.93365 11 11 2.12709 4.10553e-05 2.68277 6 
0.140045 7.34143e-07 -1 0.505688 0.0817845 0.00592123 3.30383 163650 5 1187.24 1.11745 4.02961 4 2 277.413 3.98631 8.34215 11 11 3.20179 6.17384e-05 2.68301 6 
0.146003 9.0261e-07 -1 0.506176 0.0850171 0.00595824 3.38136 164743 4 1226.87 0.84116 6.17988 3 2 244.462 5.20268 6.85476 11 10 3.47473 5.42557e-05 3.02446 6 
0.151974 1.10087e-06 -1 0.506684 0.0881855 0.00597071 3.45352 166045 6 1203.64 0.813828 3.37542 3 2 344.107 6.5204 7.26456 11 9 3.04891 5.09022e-05 3.39487 6 
0.15797 1.21657e-06 -1 0.507213 0.0913981 0.00599584 3.52387 167380 5 1130.96 0.681954 4.40492 3 2 438.218 8.22379 7.29977 11 9 3.05222 5.89535e-05 3.34033 6 
0.163991 1.34861e-06 -1 0.507762 0.094548 0.00602125 3.60684 168072 7 5002.33 0.669866 3.5753 2 3 2397.65 1.50699 11.6742 10 9 3.67124 8.11638e-05 3.29058 6 
0.170025 1.44703e-06 -1 0.508333 0.0977265 0.00603406 3.68944 168750 6 2134.21 0.975665 3.60293 2 3 984.886 2.18717 7.66481 10 12 6.53035 6.23021e-05 2.62041 5 
0.176072 1.6629e-06 -1 0.508924 0.100824 0.00604696 3.77047 169468 6 1744.49 0.913239 3.52247 2 3 1378.36 2.42615 8.28226 10 11 5.54903 6.54351e-05 2.80567 5 
0.182145 2.00905e-06 -1 0.509537 0.103927 0.00607296 3.84919 170259 6 1555.36 1.2045 3.29992 3 3 1178.83 2.22421 8.09267 9 11 4.95544 7.64023e-05 2.73812 5 
0.188231 2.4274e-06 -1 0.51017 0.107058 0.00608608 3.9209 171324 5 1390.15 1.03103 4.22628 3 3 773.18 2.08513 7.18427 8 10 5.02205 7.10085e-05 3.05462 5 
0.19433 2.76885e-06 -1 0.510824 0.110166 0.00609928 4.01387 171438 5 1363.19 0.897225 4.32844 3 3 943.909 1.98018 7.81164 7 17 5.41963 7.55648e-05 1.93031 4 
0.200429 2.98632e-06 -1 0.511497 0.113295 0.00609928 4.13689 170300 5 1377.33 1.0977 4.16591 3 3 805.203 1.79173 7.65969 6 27 4.21187 8.85948e-05 1.49013 4 
0.206542 3.0295e-06 -1 0.51219 0.116455 0.0061126 4.24522 169813 5 1251.15 1.34208 3.9256 3 3 801.945 1.99365 7.38185 5 21 5.34089 9.14977e-05 1.68641 5 
0.212668 3.03197e-06 -1 0.512903 0.119498 0.006126 4.32693 170393 5 1413.01 2.21831 3.63768 3 3 701.67 3.8544 5.66751 4 14 4.26387 8.7273e-05 2.16234 5 
0.218808 2.93216e-06 -1 0.513637 0.122477 0.0061395 4.43497 169936 5 1248.07 1.76873 3.71292 3 4 784.614 3.70406 3.815 3 19 4.99766 9.31392e-05 1.7739 5 
0.224947 2.82904e-06 -1 0.514388 0.125454 0.0061395 4.55268 169142 5 1280.54 1.37377 3.92551 3 4 670.145 4.35752 3.52154 3 21 4.81839 9.08825e-05 1.6787 5 
0.2311 2.81655e-06 -1 0.515159 0.128486 0.00615311 4.6681 168469 5 1985.65 2.48748 3.80565 3 3 1023.58 8.63449 4.91242 3 23 3.37554 7.92999e-05 1.58951 5 
0.237253 2.7251e-06 -1 0.515948 0.1314 0.00615311 4.80712 167006 5 7194.84 1.51017 5.44 3 4 3727.39 7.67093 4.69504 2 22 6.49106 7.15746e-05 1.68013 7 
0.24342 2.64939e-06 -1 0.516758 0.134318 0.00616685 4.98542 164319 6 3421.26 1.13569 3.80033 2 4 1855.02 5.73559 4.24075 2 29 6.89993 9.5628e-05 1.47071 7 
0.249587 2.89537e-06 -1 0.517587 0.137228 0.00616685 5.14827 162304 6 2644.82 1.72794 3.39478 2 4 1813.7 5.81631 4.20223 2 26 6.186 8.94143e-05 1.53516 7 
0.255754 3.49534e-06 -1 0.518434 0.140112 0.00616685 5.28955 161066 6 2105.18 1.64883 3.29371 2 4 1509.87 4.60668 4.25489 2 22 5.9645 6.86157e-05 1.6769 7 
0.261935 4.1823e-06 -1 0.5193 0.142928 0.00618073 5.40284 160721 5 2266.47 2.17805 4.01288 2 4 1538.68 2.9198 4.79125 2 17 6.98698 5.33986e-05 1.9998 7 
0.268115 5.09514e-06 -1 0.520185 0.145684 0.00618073 5.49167 161105 5 1965.89 1.63696 4.12957 2 4 1617.47 4.05552 4.46887 2 13 6.16022 6.55484e-05 2.41291 7 
0.274296 6.04425e-06 -1 0.521086 0.148586 0.00618073 5.57137 161741 6 2200.96 1.32399 3.44182 2 4 1067.46 4.41054 3.94426 2 10 5.45713 9.6228e-05 2.9879 7 
0.280477 6.94167e-06 -1 0.522004 0.151379 0.00618073 5.65207 162331 7 1768.98 1.84873 2.66585 2 3 1270.54 10.1807 4.99731 2 11 6.15232 8.44682e-05 2.76714 7 
0.286672 7.76854e-06 -1 0.522941 0.154072 0.00619481 5.741 162670 5 2146.51 1.73612 4.15366 2 4 991.418 3.26771 4.17353 2 12 4.79038 5.314e-05 2.58769 7 
0.292866 8.64037e-06 -1 0.523895 0.156842 0.00619481 5.83026 162990 6 12699 2.23958 4.2228 2 4 6775.92 5.93343 5.8132 2 12 5.71148 6.94919e-05 2.56784 7 
0.299061 9.50041e-06 -1 0.524867 0.159521 0.00619481 5.98408 161538 7 4850.81 1.41856 3.19781 2 5 2476.44 4.91989 3.47036 2 27 9.49631 9.8929e-05 1.52942 6 
0.305256 1.02728e-05 -1 0.525856 0.162186 0.00619481 6.12602 160469 7 3728.67 1.47977 3.06132 2 4 2390.29 7.91342 4.1689 2 24 7.25642 5.53387e-05 1.63394 7 
0.311451 1.10585e-05 -1 0.526861 0.164741 0.00619481 6.22666 160507 6 2904.13 2.56686 3.22802 2 4 2082.21 7.24935 4.11677 2 14 6.57087 6.11513e-05 2.28756 7 
0.317646 1.19512e-05 -1 0.527883 0.167396 0.00619481 6.32777 160532 7 2977.03 1.71058 2.90368 2 4 1978.9 4.89829 4.48327 3 14 7.18175 6.15554e-05 2.30105 7 
0.32384 1.29015e-05 -1 0.52892 0.169943 0.00619481 6.42866 160561 6 2681.91 1.99906 3.32101 2 4 2120.99 3.57799 4.93429 3 14 7.52593 7.29621e-05 2.28089 7 
0.33005 1.39214e-05 -1 0.529974 0.17249 0.00620919 6.53141 160544 6 2196.42 2.18816 3.16426 2 4 1826.85 2.03596 5.4731 3 15 5.9449 5.7699e-05 2.15873 7 
0.336259 1.50122e-05 -1 0.531045 0.175 0.00620919 6.63689 160461 7 2559.55 1.84691 2.81071 2 4 1472.35 2.40302 4.97523 3 15 6.6806 7.01775e-05 2.14737 7 
0.342468 1.60444e-05 -1 0.532131 0.177455 0.00620919 6.74714 160267 9 13489 2.22259 2.63237 2 4 7335.29 9.60125 5.25742 2 15 5.94338 6.29871e-05 2.14611 7 
0.348677 1.68163e-05 -1 0.533234 0.179889 0.00620919 6.89034 159314 9 6104.74 2.10665 2.42479 2 5 3159.84 4.7659 3.66694 2 22 10.6967 9.49565e-05 1.69677 7 
0.354886 1.73874e-05 -1 0.534352 0.18227 0.00620919 7.02072 158689 9 4681.61 1.86687 2.38615 2 5 2864.31 6.54531 3.37457 2 19 8.29287 6.33791e-05 1.8591 7 
0.361096 1.78652e-05 -1 0.535484 0.184703 0.00620919 7.12853 158587 7 3644.15 2.40084 2.84749 2 5 2599.32 5.2636 3.45713 2 15 6.98759 7.89525e-05 2.13697 7 
0.367305 1.85482e-05 -1 0.53663 0.186995 0.00620919 7.23429 158534 6 2885.13 1.97084 3.36966 3 5 2002.94 4.02256 3.46285 2 15 7.0728 5.89163e-05 2.18084 7 
0.373514 1.93393e-05 -1 0.537791 0.189252 0.00620919 7.3324 158647 6 3418.79 1.70176 3.55219 3 4 2535.8 10.2321 3.96769 2 14 7.98934 8.274e-05 2.27016 7 
0.379723 2.0112e-05 -1 0.538966 0.191511 0.00620919 7.43639 158632 6 2758.82 1.13064 3.66916 3 5 2287.12 6.14779 3.26673 2 14 7.09075 8.00622e-05 2.25619 7 
0.385932 2.0843e-05 -1 0.540155 0.193608 0.00620919 7.53457 158739 5 3223.36 1.59273 4.58388 3 5 1591.33 4.98839 3.16782 2 14 5.79983 7.20057e-05 2.24095 7 
0.392141 2.15645e-05 -1 0.541357 0.195881 0.00620919 7.63601 158776 5 11973.7 1.52926 6.00827 3 6 6554.37 2.99859 3.60249 2 14 8.25626 4.85462e-05 2.36383 7 
0.398351 2.23291e-05 -1 0.542573 0.198085 0.00620919 7.72822 159002 5 5120.38 1.20693 5.31526 2 5 3020.65 5.67854 3.50891 2 13 8.35757 8.71981e-05 2.41656 7 
0.40456 2.30523e-05 -1 0.543803 0.200122 0.00620919 7.82443 159141 6 3863 1.74495 3.61014 3 6 3070.46 3.73442 3.06077 2 13 9.70655 7.31914e-05 2.47769 7 
0.410769 2.38444e-05 -1 0.545046 0.202117 0.00620919 7.92356 159217 6 4246.81 1.50897 3.75748 3 6 3450.26 5.59379 2.91759 2 13 9.07597 5.72756e-05 2.51185 7 
0.416978 2.44943e-05 -1 0.546302 0.20415 0.00620919 8.01387 159467 5 3966.01 2.38883 4.40589 3 6 3308.12 7.72468 2.74547 2 12 8.4827 8.81486e-05 2.60182 7 
0.423187 2.53016e-05 -1 0.547568 0.206201 0.00620919 8.10703 159656 5 3035.09 1.72199 4.45891 3 6 2538.08 5.24319 2.80211 2 12 7.07724 6.28312e-05 2.63617 7 
0.429397 2.60487e-05 -1 0.548847 0.208117 0.00620919 8.20263 159793 7 3786.87 2.00569 2.93767 2 6 2014.34 6.15953 2.62481 2 12 6.25931 4.98825e-05 2.66 7 
0.435606 2.67819e-05 -1 0.550138 0.209976 0.00620919 8.33129 159292 8 13097.3 1.61753 3.07993 2 6 7244.76 4.57189 3.41445 2 19 8.43533 5.49206e-05 1.87485 7 
0.441815 2.75124e-05 -1 0.551443 0.211834 0.00620919 8.47098 158599 8 5517.44 1.79807 2.72814 2 5 3206.11 8.42712 3.2814 2 21 8.4886 7.86863e-05 1.73646 7 
0.448024 2.82781e-05 -1 0.552758 0.213691 0.00620919 8.5795 158503 7 4418.62 2.22052 2.9598 2 4 2755.13 8.8123 4.20497 2 16 9.98224 6.99164e-05 2.09974 7 
0.454233 2.91173e-05 -1 0.554083 0.215421 0.00620919 8.66636 158804 7 4265.45 2.21989 2.94503 2 4 3461.64 7.46901 4.63986 2 11 9.0385 7.53744e-05 2.89545 7 
0.460443 2.99519e-05 -1 0.55542 0.217139 0.00620919 8.74296 159287 6 4443.51 2.30668 3.52741 2 4 3631.13 7.25273 4.73026 2 10 8.88807 3.73611e-05 3.44857 7 
0.466652 3.08278e-05 -1 0.556767 0.218805 0.00620919 8.81765 159796 6 3605.77 1.78593 3.55513 3 4 3018.24 7.41507 4.49169 3 9 7.80108 7.46333e-05 3.61153 7 
0.472861 3.16676e-05 -1 0.558124 0.220438 0.00620919 8.89328 160279 6 6195.17 1.88201 3.8569 3 5 3537.57 6.59557 3.51472 2 9 5.91462 5.04412e-05 3.65795 7 
0.47907 3.24946e-05 -1 0.55949 0.222029 0.00620919 8.96796 160771 6 11230.4 1.39613 4.47622 3 5 6190.33 10.232 3.6004 2 9 9.95864 4.24863e-05 3.95058 7 
0.485279 3.31884e-05 -1 0.560868 0.223546 0.00620919 9.05041 161117 6 6866.21 1.8239 3.94414 3 6 4027.34 4.05243 3.15901 2 11 9.57784 7.58717e-05 2.909 6 
0.491488 3.39077e-05 -1 0.562256 0.225044 0.00620919 9.13277 161458 7 5593.69 2.19291 3.06668 2 5 3902.28 7.03755 3.53818 2 11 8.12528 5.68553e-05 2.942 6 
0.497698 3.46491e-05 -1 0.563652 0.226443 0.00620919 9.21046 161875 7 4321.55 2.22591 2.9494 2 4 3172.93 8.70644 4.36923 2 11 7.60508 4.62018e-05 2.98004 6 
0.503907 3.54765e-05 -1 0.565056 0.227868 0.00620919 9.2893 162265 7 3456.66 2.00451 2.89987 2 5 2480.23 3.77277 3.66072 2 11 7.01613 4.03731e-05 2.99477 6 
0.510131 3.64446e-05 -1 0.566474 0.229257 0.00622467 9.36652 162676 7 4382.33 2.03996 2.99235 2 5 3158.63 4.37881 3.72931 2 10 8.16179 3.90898e-05 3.40386 6 
0.516356 3.74196e-05 -1 0.567899 0.230501 0.00622467 9.5522 161229 11 20367.6 2.341 2.28108 3 6 11569.8 2.58848 4.05864 3 32 8.51011 8.15644e-05 1.43491 6 
0.522581 3.7919e-05 -1 0.569332 0.231741 0.00622467 9.84144 158156 8 9033.13 2.32284 2.81014 3 5 5057.58 2.13443 4.73077 3 56 10.3645 8.17918e-05 1.23345 6 
0.528806 3.82651e-05 -1 0.570773 0.232989 0.00622467 10.0156 157042 8 5159.54 2.0273 2.66509 3 5 3402.92 4.12315 3.83111 3 31 10.7611 7.58877e-05 1.46617 6 
0.53503 3.86586e-05 -1 0.572224 0.234147 0.00622467 10.1244 156972 6 4511.99 1.30079 3.89069 2 5 3787.13 7.05253 3.51555 3 17 9.6869 6.30629e-05 2.01875 6 
0.541255 3.91743e-05 -1 0.57368 0.23533 0.00622467 10.2158 157172 6 5278.68 1.97735 3.72455 2 5 4313.36 5.48584 3.79415 2 13 9.23998 5.52567e-05 2.52227 6 
0.54748 4.00067e-05 -1 0.575142 0.236441 0.00622467 10.2983 157504 6 4350.42 1.88602 3.63494 2 5 3611.98 4.24631 3.85431 2 11 8.58215 3.55625e-05 3.08551 6 
0.553704 4.09699e-05 -1 0.576612 0.237504 0.00622467 10.3753 157914 7 18573.7 1.43576 3.86725 2 5 10653.5 10.0229 4.02995 3 10 6.94135 7.45994e-05 3.13958 6 
0.559929 4.19825e-05 -1 0.57809 0.238564 0.00622467 10.4565 158254 8 11386.2 2.42473 2.87716 2 6 6282.04 5.8283 3.20204 2 12 12.5415 8.19109e-05 2.70448 5 
0.566154 4.29784e-05 -1 0.57957 0.239473 0.00622467 10.531 158690 8 7883.28 1.56239 2.90312 2 5 5084.07 7.30064 3.70314 2 11 9.42824 5.73954e-05 2.97949 5 
0.572378 4.37953e-05 -1 0.581061 0.240404 0.00622467 10.6082 159080 8 6181.44 1.90768 2.74678 2 5 4806.28 4.96809 3.95479 2 11 10.1778 5.84776e-05 2.99519 5 
0.578603 4.46094e-05 -1 0.582556 0.241224 0.00622467 10.6805 159536 6 5673.67 1.27151 4.05749 3 5 4653.7 7.33955 3.63434 2 10 9.40574 4.92882e-05 3.37338 5 
0.584828 4.52859e-05 -1 0.584054 0.241997 0.00622467 10.7533 159980 8 4399.28 1.43556 2.72769 2 5 3615.7 9.23282 3.30044 2 10 8.25992 4.63253e-05 3.35055 5 
0.591052 4.587e-05 -1 0.585557 0.242788 0.00622467 10.8481 160093 9 9046.76 2.3785 2.49919 2 6 5229.87 9.47031 2.86432 3 14 6.74002 5.29183e-05 2.31551 5 
0.597277 4.66578e-05 -1 0.587069 0.243548 0.00622467 11.0735 158314 10 11111.3 2.12196 2.35452 2 6 6210.34 3.97262 3.40675 4 36 11.0672 7.3132e-05 1.39279 7 
0.603502 4.73014e-05 -1 0.588581 0.244256 0.00622467 11.2408 157415 8 8870.7 1.0811 3.08505 3 6 5432.96 6.07077 3.10431 3 25 9.11179 9.03291e-05 1.58544 7 
0.609726 4.77009e-05 -1 0.5901 0.244922 0.00622467 11.3677 157100 9 6772.32 1.7718 2.50055 2 6 4996.98 5.03647 3.15813 3 17 9.882 9.04153e-05 1.97874 7 
0.615951 4.80841e-05 -1 0.591626 0.245566 0.00622467 11.4701 157125 9 5896.7 1.63924 2.48375 2 6 4712.94 3.90412 3.26308 3 12 9.27959 5.55238e-05 2.7243 7 
0.622176 4.84927e-05 -1 0.59315 0.246131 0.00622467 11.5519 157431 7 4543.64 1.83192 3.05442 2 5 3653.04 5.15321 3.71634 3 10 8.17138 6.01462e-05 3.26068 7 
0.6284 4.90023e-05 -1 0.594678 0.246705 0.00622467 11.6322 157752 7 6948.1 1.25245 3.42667 2 4 4034.09 4.82883 5.37621 3 10 6.755 3.63492e-05 3.36444 7 
0.634625 4.96927e-05 -1 0.596216 0.247271 0.00622467 11.7093 158113 8 11277.6 1.7913 2.98456 3 5 6577.67 5.20927 4.17118 2 8 10.42 5.17509e-05 4.6025 7 
0.64085 5.04998e-05 -1 0.597749 0.247796 0.00622467 11.7735 158643 6 9311.33 2.51846 3.9323 2 5 5648.94 2.48645 4.69113 2 7 9.29355 6.73789e-05 5.42296 7 
0.647074 5.14702e-05 -1 0.599288 0.248262 0.00622467 11.8474 159036 7 7045.34 2.17261 3.17366 2 5 5138.16 4.35442 4.11505 2 9 9.91498 4.68513e-05 3.90598 6 
0.653299 5.23278e-05 -1 0.600835 0.248649 0.00622467 11.9161 159494 8 6155.06 1.40959 2.85113 2 6 4908.39 4.25672 3.23825 2 8 9.4056 8.40494e-05 4.27668 6 
0.659524 5.31425e-05 -1 0.602378 0.249033 0.00622467 12.0149 159546 8 4790.63 1.47785 2.74692 2 5 3852.7 7.64913 3.47081 2 15 8.35597 7.0686e-05 2.1786 6 
0.665748 5.39622e-05 -1 0.603921 0.249392 0.00622467 12.1718 158835 7 8453.35 2.05448 3.28347 2 5 4917.42 5.80978 3.85048 2 27 6.93098 8.44459e-05 1.52058 6 
0.671973 5.48627e-05 -1 0.605475 0.249643 0.00622467 12.3353 158058 10 12118.2 1.96062 2.39389 3 5 6837.87 5.32363 4.18545 2 25 10.9083 6.10546e-05 1.62211 7 
0.678198 5.54272e-05 -1 0.607026 0.249963 0.00622467 12.4608 157781 7 9435.51 2.31946 3.27813 2 5 5807.37 9.17106 3.63339 2 18 8.96993 7.66041e-05 1.91243 7 
0.684422 5.60788e-05 -1 0.608576 0.250183 0.00622467 12.5704 157709 7 6928.85 2.31548 3.13743 2 5 5165.14 3.92601 4.20558 2 16 10.3051 4.9864e-05 2.14884 7 
0.690647 5.6733e-05 -1 0.610132 0.250465 0.00622467 12.6789 157651 7 6370.36 1.83396 3.20498 2 5 5173.56 3.54361 4.29407 2 15 9.71877 9.50923e-05 2.15757 7 
0.696872 5.76325e-05 -1 0.611687 0.250604 0.00622467 12.7825 157656 6 5137.04 1.73149 3.79067 2 5 4196.18 3.48507 4.1317 2 15 8.75878 7.37708e-05 2.17923 7 
0.703096 5.85708e-05 -1 0.613244 0.250853 0.00622467 12.889 157625 6 16851.8 2.4255 4.36825 2 5 9789.66 9.07072 4.04227 2 15 7.27838 6.91189e-05 2.16187 7 
0.709321 5.95692e-05 -1 0.6148 0.250985 0.00622467 12.9883 157680 6 13501.3 2.56671 4.17029 2 6 7562.39 4.27955 3.47704 2 14 12.76 5.57015e-05 2.41466 7 
0.715546 6.07057e-05 -1 0.616358 0.251037 0.00622467 13.0849 157768 6 8328.36 2.57034 3.84676 2 5 5302.33 4.62251 4.09183 2 13 9.69469 6.12554e-05 2.51161 7 
0.72177 6.18073e-05 -1 0.61792 0.251077 0.00622467 13.1774 157905 6 5744.75 1.09313 4.16965 3 5 4564.6 2.88907 4.36243 2 12 10.6293 5.3159e-05 2.76531 7 
0.727995 6.25062e-05 -1 0.61948 0.25119 0.00622467 13.2657 158089 6 6110.28 2.11033 3.7753 3 4 5079.18 9.5493 4.80237 3 11 9.78457 5.93687e-05 2.98038 7 
0.73422 6.32016e-05 -1 0.621037 0.251191 0.00622467 13.3456 158369 6 5523.09 2.42539 3.62716 3 4 4555.68 6.16756 5.21327 3 10 9.15218 7.83308e-05 3.21188 7 
0.740444 6.37509e-05 -1 0.622596 0.251195 0.00622467 13.4356 158528 6 24895.6 1.63928 4.97636 3 4 14446.6 6.26894 6.92856 3 12 7.81292 5.64879e-05 2.68167 7 
0.746669 6.43383e-05 -1 0.624156 0.25117 0.00622467 13.5801 158048 7 13269.8 2.33095 3.43935 2 4 7447.18 3.63508 6.72774 3 22 12.637 9.39437e-05 1.71051 7 
0.752894 6.5066e-05 -1 0.625717 0.251055 0.00622467 13.7015 157843 8 6599.65 2.45296 2.68367 2 5 3735.3 5.58499 3.67334 2 17 11.133 5.1973e-05 2.05863 7 
0.759118 6.56204e-05 -1 0.627278 0.251018 0.00622467 13.7878 158043 9 5429.21 2.35454 2.364 2 4 3368.68 7.0907 4.66866 2 11 9.73348 5.09456e-05 3.02069 7 
0.765343 6.62488e-05 -1 0.628834 0.250899 0.00622467 13.8738 158244 8 4388.03 2.27711 2.57401 2 5 3596.81 6.47922 3.53899 2 10 8.69046 3.89121e-05 3.42686 7 
0.771568 6.66768e-05 -1 0.630393 0.250802 0.00622467 13.9435 158629 7 5684.95 2.16659 3.07908 2 5 4444.35 7.03632 3.63155 2 8 8.74093 7.96332e-05 4.26636 7 
0.777792 6.7138e-05 -1 0.631949 0.250696 0.00622467 14.0188 158946 9 23384.1 2.29051 2.78897 3 6 13542.9 6.16624 3.60536 2 8 8.82495 2.11646e-05 5.04095 7 
0.784017 6.75654e-05 -1 0.633508 0.250533 0.00622467 14.0979 159215 7 8595.83 2.54562 3.19206 2 5 4856.48 9.90696 3.45204 2 10 10.2116 7.80134e-05 3.24857 6 
0.790242 6.79467e-05 -1 0.635065 0.250421 0.00622467 14.1736 159521 7 7642.38 2.26855 3.19099 2 5 4717.05 6.14077 3.7765 2 10 10.4342 5.45562e-05 3.37413 6 
0.796466 6.85946e-05 -1 0.636618 0.250243 0.00622467 14.249 159827 8 6140.1 2.42513 2.66336 2 5 4225.31 7.57965 3.54195 2 9 8.14531 5.44539e-05 3.75826 6 
0.802691 6.92674e-05 -1 0.638172 0.250067 0.00622467 14.3226 160150 7 4935.05 1.42162 3.2047 3 6 3561.31 3.97738 3.10458 2 9 7.53884 5.50423e-05 3.72164 6 
0.808916 6.98883e-05 -1 0.639725 0.249885 0.00622467 14.394 160493 6 4324.33 2.31083 3.51042 3 6 2959.83 6.0605 2.80625 2 8 7.19885 9.76096e-05 4.05949 6 
0.81514 7.07645e-05 -1 0.641276 0.249627 0.00622467 14.5352 160061 7 20465.9 2.35583 3.65341 3 6 11774.6 2.78759 4.02055 3 21 9.05033 8.11071e-05 1.73925 7 
0.821365 7.12187e-05 -1 0.642828 0.249392 0.00622467 14.6647 159766 7 10161.5 1.89665 3.40965 4 5 5860.64 8.69997 3.67862 3 18 10.3375 5.58416e-05 1.96172 7 
0.82759 7.16088e-05 -1 0.644375 0.249141 0.00622467 14.7639 159801 5 8347.94 0.829559 6.31752 4 4 5674.81 5.11085 5.77251 3 13 9.20113 4.89212e-05 2.54518 7 
0.833814 7.1999e-05 -1 0.645922 0.248895 0.00622467 14.841 160076 5 6731.44 1.1672 5.65187 4 5 5162.57 3.51548 4.29909 3 9 9.46433 7.11363e-05 3.70965 7 
0.840039 7.23775e-05 -1 0.647467 0.24864 0.00622467 14.9124 160408 5 5613.15 1.09302 5.52224 4 5 4404.54 2.91505 4.32365 3 8 8.56273 6.76928e-05 4.34269 7 
0.846264 7.251e-05 -1 0.64901 0.248418 0.00622467 14.9884 160688 5 7024.3 1.42039 5.48074 4 5 4117.33 4.86417 3.85054 3 8 7.38481 3.4535e-05 4.63724 7 
0.852488 7.28851e-05 -1 0.650553 0.24811 0.00622467 15.0566 161047 5 13841.5 1.25575 6.43363 4 6 7906.54 8.90952 3.09996 2 7 10.3431 5.41826e-05 5.68066 7 
0.858713 7.34376e-05 -1 0.652093 0.247861 0.00622467 15.1226 161428 5 9494.65 1.93732 5.47086 3 6 5854.86 5.86111 3.16172 2 7 8.6277 6.14461e-05 5.43679 6 
0.864938 7.42075e-05 -1 0.65363 0.247502 0.00622467 15.1926 161763 6 6204.08 2.1066 3.78602 3 5 4745.49 8.12077 3.5755 2 8 10.6287 6.0105e-05 4.52841 6 
0.871162 7.49601e-05 -1 0.655167 0.247237 0.00622467 15.2683 162034 5 6003.56 1.68456 5.13316 3 5 5011.79 5.25893 3.94293 2 11 9.89881 5.7391e-05 2.99273 5 
0.877387 7.57194e-05 -1 0.6567 0.246892 0.00622467 15.3361 162386 6 6115.01 2.19508 3.75109 2 5 5020.45 4.86845 4.00562 2 10 9.24816 3.6906e-05 3.46654 5 
0.883612 7.63199e-05 -1 0.658233 0.246518 0.00622467 15.4884 161847 7 25104.4 1.43958 4.03581 2 5 14648.4 8.58131 4.43045 2 27 8.27448 6.71455e-05 1.54364 6 
0.889836 7.69126e-05 -1 0.659763 0.246164 0.00622467 15.7011 160699 7 13761.2 1.8558 3.5717 2 5 7754.29 4.44057 4.45062 2 36 12.5608 7.14558e-05 1.3986 7 
0.896061 7.77247e-05 -1 0.661291 0.245789 0.00622467 15.848 160242 7 7266.14 2.19107 3.18383 2 4 4190.12 5.19839 5.32831 2 23 11.3122 6.78276e-05 1.68675 7 
0.902286 7.8783e-05 -1 0.662817 0.245428 0.00622467 15.9567 160177 8 6203.41 1.77484 2.7729 2 4 4008.95 4.54342 5.45019 2 15 9.13316 5.29991e-05 2.23404 7 
0.90851 7.96238e-05 -1 0.66434 0.245092 0.00622467 16.0527 160240 6 4873.57 2.37617 3.56447 2 4 3355.39 4.30987 5.28226 2 14 8.76341 6.5186e-05 2.32446 7 
0.914735 8.05054e-05 -1 0.665859 0.244751 0.00622467 16.1592 160198 5 4972.34 1.98242 4.7849 2 4 3676.4 3.8172 5.57082 2 15 7.78264 6.00085e-05 2.1921 7 
0.92096 8.11475e-05 -1 0.667379 0.244305 0.00622467 16.2668 160146 7 20343.8 1.4486 3.91289 3 4 11832.2 5.4553 6.82436 2 16 8.83288 5.22785e-05 2.12196 7 
0.927184 8.19326e-05 -1 0.668895 0.243947 0.00622467 16.38 160039 9 10192.2 1.71846 2.62565 2 5 5818.2 2.5298 4.70263 2 15 9.42677 6.99031e-05 2.19781 7 
0.933409 8.25486e-05 -1 0.670411 0.243531 0.00622467 16.4883 159982 7 8435.24 1.25341 3.52255 2 5 5498.35 5.17322 4.0299 2 15 9.01692 7.60687e-05 2.179 7 
0.939634 8.32438e-05 -1 0.671922 0.243165 0.00622467 16.5913 159976 7 7122.71 2.17744 3.17761 2 5 5282.78 6.38565 3.83294 2 14 9.11201 6.1665e-05 2.34021 7 
0.945858 8.43263e-05 -1 0.67343 0.242771 0.00622467 16.6852 160058 7 5629.94 2.20747 3.06661 2 5 4323.79 6.07296 3.71957 2 13 9.13836 7.21548e-05 2.46893 7 
0.952083 8.54791e-05 -1 0.674936 0.24234 0.00622467 16.7763 160165 7 5100.54 1.90358 3.08831 2 5 3500.09 5.80534 3.59791 2 12 7.36213 6.6854e-05 2.63122 7 
0.958308 8.6591e-05 -1 0.676441 0.242009 0.00622467 16.929 159688 9 14126 2.49136 2.61255 2 5 8298.78 6.7593 4.14785 2 24 9.63423 6.80044e-05 1.63922 7 
0.964532 8.75261e-05 -1 0.677943 0.241542 0.00622467 17.0598 159424 8 10463.6 2.39219 2.85175 2 5 6337.58 5.28786 4.12789 2 19 10.5585 6.05373e-05 1.88744 7 
0.970757 8.81035e-05 -1 0.679445 0.241159 0.00622467 17.1562 159484 7 6433.55 2.24329 3.11844 2 5 4797.9 4.05371 4.11756 2 13 10.6028 4.40317e-05 2.59402 7 
0.976982 8.88408e-05 -1 0.680941 0.240771 0.00622467 17.2349 159706 7 6128.24 0.86664 3.54755 2 5 5098.59 4.48053 4.0853 2 10 9.89426 6.81725e-05 3.28229 7 
0.983207 8.95129e-05 -1 0.682435 0.240404 0.00622467 17.3067 159990 6 6085.56 1.91278 3.83506 2 5 5022.35 3.66749 4.23943 2 9 9.30596 4.43823e-05 3.90197 7 
0.989431 9.04156e-05 -1 0.683925 0.239952 0.00622467 17.3802 160256 7 24193.5 1.27336 4.08554 2 6 14148.2 3.55274 3.98128 2 8 8.36946 7.53797e-05 4.27248 7 
0.995656 9.1199e-05 -1 0.685414 0.239598 0.00622467 17.4585 160475 6 14265.4 1.41826 4.64609 2 6 8054.31 4.2781 3.51396 2 11 12.5989 7.49166e-05 2.98585 6 
1.00188 9.18632e-05 -1 0.686901 0.239132 0.00622467 17.532 160738 7 7572.57 1.47145 3.39011 2 5 4378.61 3.68725 4.12028 2 10 11.1601 9.95935e-05 3.19848 6 
1.00811 9.23771e-05 -1 0.688388 0.23878 0.00622467 17.605 161001 6 6363.09 1.76448 3.91599 3 4 4129.4 5.01388 5.35708 3 10 11.9746 4.62498e-05 3.47789 6 
1.01433 9.31418e-05 -1 0.689869 0.238351 0.00622467 17.6876 161176 6 5202.98 0.56966 4.572 3 4 3591.79 4.43247 5.33539 3 11 9.94303 4.21472e-05 3.07916 6 
1.02055 9.36504e-05 -1 0.691349 0.237991 0.00622467 17.7597 161445 5 4106.06 1.77506 4.70806 3 4 3012.17 5.48539 4.84081 3 10 12.3302 4.13297e-05 3.52753 6 
1.02678 9.4173e-05 -1 0.692824 0.237613 0.00622467 17.8914 161172 5 20553.5 1.71714 6.54057 3 4 11961.4 4.57868 7.14925 3 21 8.73074 6.00666e-05 1.76128 7 
1.033 9.48225e-05 -1 0.694298 0.237183 0.00622467 18.0208 160923 7 10473.8 1.85006 3.43662 2 4 5978.62 9.61206 4.99397 2 20 9.51225 9.52493e-05 1.77816 7 
1.03923 9.5487e-05 -1 0.69577 0.23675 0.00622467 18.1195 160951 7 8825.1 1.57002 3.43311 2 5 5776.88 4.47982 4.18877 2 14 8.72795 7.88751e-05 2.29236 7 
1.04545 9.62509e-05 -1 0.69724 0.236348 0.00622467 18.2033 161110 7 7114.89 1.98002 3.22054 2 4 5364.8 9.32426 4.89762 2 10 10.3262 5.06109e-05 3.39602 7 
1.05168 9.70866e-05 -1 0.698706 0.235944 0.00622467 18.2751 161373 7 6083.73 1.92852 3.16118 2 4 4759.92 9.46607 4.73541 2 9 12.482 3.72232e-05 4.11094 7 
1.0579 9.79198e-05 -1 0.700171 0.235552 0.00622467 18.3459 161644 7 5375.09 2.11469 3.06513 2 4 3711.17 9.40629 4.4568 2 8 12.0789 5.97704e-05 4.60461 7 
1.06413 9.88565e-05 -1 0.701632 0.235113 0.00622467 18.4166 161913 8 13999.7 2.52663 2.93729 2 5 8056.94 3.69666 4.65235 2 8 13.0512 2.62349e-05 5.15343 7 
1.07035 9.93988e-05 -1 0.703093 0.234716 0.00622467 18.4856 162195 9 9714.66 1.80206 2.59794 3 5 5931.97 5.96989 3.976 2 8 8.63057 9.27127e-05 4.17939 6 
1.07658 9.97429e-05 -1 0.70455 0.234236 0.00622467 18.5654 162380 8 5653.64 2.45096 2.63253 3 5 4094.59 8.66399 3.42688 3 9 10.6034 6.13215e-05 3.81928 6 
1.0828 9.99917e-05 -1 0.706005 0.233895 0.00622467 18.6412 162599 10 5097.72 2.31419 2.15922 2 6 4342.38 6.3235 2.97026 3 8 9.5718 7.27219e-05 4.36431 6 
1.08903 0.00010031 -1 0.707455 0.233523 0.00622467 18.7175 162812 8 6088.35 2.36402 2.66905 2 5 4973.46 9.3126 3.5117 3 11 10.5966 4.72129e-05 3.06524 5 
1.09525 0.000100716 -1 0.708905 0.233207 0.00622467 18.9961 161286 11 25676.8 2.35582 2.32829 3 6 15033.7 10.1404 3.37677 2 61 12.9101 9.87935e-05 1.21303 5 
1.10148 0.000101141 -1 0.710353 0.232844 0.00622467 19.155 160803 8 13034.6 2.19184 2.96337 4 7 7337.44 9.54504 2.58376 2 23 12.2893 9.14954e-05 1.67094 7 
1.1077 0.000101608 -1 0.711799 0.232453 0.00622467 19.2685 160706 7 7979.17 1.89583 3.2941 4 5 4711.87 9.30833 3.47428 2 15 14.5607 5.80475e-05 2.29066 7 
1.11392 0.000101895 -1 0.713243 0.232059 0.00622467 19.3545 160839 6 6871.36 1.47858 4.08507 3 6 4631.89 5.19176 3.10271 2 10 15.9279 4.45807e-05 3.59171 7 
1.12015 0.000101914 -1 0.714685 0.231683 0.00622467 19.4311 161048 7 5451.99 1.52622 3.21783 3 5 3874.34 6.0224 3.6449 3 9 10.9914 4.27346e-05 3.99155 7 
1.12637 0.000102058 -1 0.71612 0.231338 0.00622467 19.5064 161266 9 4325.76 1.79445 2.3757 2 5 3223.78 3.79064 3.85417 3 8 7.3237 7.88946e-05 4.17792 7 
1.1326 0.000102259 -1 0.717557 0.231065 0.00622467 19.5965 161361 7 20795.7 2.27183 3.6808 2 6 12083 4.59726 3.71489 2 11 10.1624 4.61672e-05 3.05982 7 
1.13882 0.000102822 -1 0.71899 0.230681 0.00622467 19.7023 161326 7 11236.4 2.33713 3.35731 2 6 6491.64 4.36841 3.37809 2 14 12.7178 7.48832e-05 2.3636 7 
1.14505 0.000103772 -1 0.720423 0.230372 0.00622467 19.8134 161248 8 8523.45 2.43848 2.77292 2 5 5726.35 7.20478 3.80234 2 16 12.3855 7.21809e-05 2.12401 7 
1.15127 0.000104574 -1 0.721853 0.229933 0.00622467 19.9308 161121 7 7214.67 1.45837 3.37104 3 5 5626.23 4.23454 4.21388 2 17 9.75833 6.12311e-05 2.02313 7 
1.1575 0.000104556 -1 0.723282 0.22965 0.00622467 20.0476 160999 5 6173.83 1.21897 5.50696 3 5 5001.43 4.15157 4.13215 2 17 13.5378 6.96454e-05 2.0469 7 
1.16372 0.000104772 -1 0.724705 0.229275 0.00622467 20.1666 160862 5 7431.41 2.2762 5.04397 2 5 4381.44 3.17812 4.24511 2 17 17.8999 7.53793e-05 2.07115 7 
1.16995 0.000105351 -1 0.72613 0.228977 0.00622467 20.371 160052 7 15106.7 1.65713 3.67864 2 5 8708.88 5.83728 4.31271 2 34 14.5795 7.12696e-05 1.43285 7 
1.17617 0.000106085 -1 0.727552 0.228677 0.00622467 20.5311 159602 7 7876.81 1.9826 3.26708 2 4 4922.19 9.04857 4.82942 2 26 9.11389 8.64961e-05 1.5602 7 
1.1824 0.000106994 -1 0.728972 0.228381 0.00622467 20.6353 159590 5 6009.65 2.0612 4.93112 2 4 3574.6 3.78744 5.54269 2 16 11.7141 9.67903e-05 2.07816 7 
1.18862 0.000107924 -1 0.730388 0.22807 0.00622467 20.7329 159629 7 5012.13 1.88707 3.08444 2 4 3249.94 4.02232 5.3315 2 14 10.2566 4.84002e-05 2.40126 7 
1.19485 0.000109025 -1 0.731805 0.227807 0.00622467 20.825 159710 6 5203.59 1.05745 4.12421 2 4 4150.43 5.80194 5.17166 2 13 8.33191 4.91012e-05 2.52511 7 
1.20107 0.000109869 -1 0.733217 0.227423 0.00622467 20.9099 159844 6 26953.2 1.82321 4.95407 2 4 15804.2 5.47744 7.32907 2 12 13.8699 5.22979e-05 2.83117 7 
1.20729 0.00011055 -1 0.73463 0.227115 0.00622467 20.9958 159971 6 9504.24 1.31916 4.39477 2 5 5266.87 2.71585 4.54495 2 11 13.6445 5.32502e-05 3.10237 7 
1.21352 0.000110944 -1 0.73604 0.22688 0.00622467 21.0726 160166 6 8649.8 1.44253 4.26233 2 5 5268.24 4.1351 4.17865 2 10 18.608 5.64595e-05 3.56284 7 
1.21974 0.000111504 -1 0.737451 0.226676 0.00622467 21.1557 160311 6 7104.11 1.91631 3.93406 2 5 5012.32 4.61481 4.04741 2 10 17.8178 5.66769e-05 3.54605 7 
1.22597 0.000112198 -1 0.738856 0.226335 0.00622467 21.2328 160500 6 5935.69 1.43848 4.00493 2 5 4410.7 4.67046 3.93577 2 10 10.1109 3.24376e-05 3.54302 7 
1.23219 0.000112956 -1 0.740261 0.226076 0.00622467 21.3046 160728 6 4555.44 1.34081 3.87728 2 5 3499.11 4.53805 3.77935 2 9 9.6243 6.79983e-05 3.73524 7 
1.23842 0.000113789 -1 0.741663 0.225802 0.00622467 21.4653 160289 8 20633.9 2.33336 3.11405 3 5 11989.6 5.13231 4.71735 2 25 8.89703 6.50112e-05 1.60491 7 
1.24464 0.000114379 -1 0.743066 0.225509 0.00622467 21.5929 160100 5 11335.5 2.25834 5.49706 3 5 6639.92 3.98301 4.40951 2 20 10.0466 6.52424e-05 1.81708 7 
1.25087 0.000114675 -1 0.744465 0.22538 0.00622467 21.6884 160151 5 7808.09 2.5633 4.9745 2 5 5456.06 3.56536 4.33466 2 13 11.3776 9.92004e-05 2.45016 7 
1.25709 0.000115396 -1 0.745865 0.225 0.00622467 21.7651 160339 6 6332.73 2.24644 3.75851 2 5 5155.09 3.37452 4.33316 2 10 14.3699 9.10542e-05 3.3099 7 
1.26332 0.000116117 -1 0.747262 0.224766 0.00622467 21.8542 160435 6 6355.75 2.03697 3.82264 2 5 5261.35 3.5282 4.3123 2 13 16.914 4.88779e-05 2.66739 6 
1.26954 0.00011688 -1 0.748657 0.224551 0.00622467 21.9298 160629 6 12045.1 2.39707 4.13861 2 5 7101.74 6.15002 4.0973 2 11 20.4771 6.14898e-05 3.17718 6 
1.27577 0.00011783 -1 0.75005 0.224356 0.00622467 22.0288 160651 6 16231.6 2.28087 4.38574 2 6 9341.82 3.87116 3.66239 2 18 25.119 6.89563e-05 2.03689 5 
1.28199 0.000118817 -1 0.751446 0.224121 0.00622467 22.1261 160685 6 7339.47 1.79735 3.99796 2 5 4189.5 3.55885 4.11311 2 17 11.8479 9.9932e-05 1.98823 5 
1.28822 0.000119715 -1 0.752837 0.223913 0.00622467 22.2192 160749 6 6529.78 1.14209 4.22863 3 5 4105.35 2.8786 4.27399 2 15 9.59736 7.0325e-05 2.19956 5 
1.29444 0.000120189 -1 0.754228 0.223773 0.00622467 22.3063 160855 5 5260.11 2.10955 4.77927 3 4 3536.7 9.82013 4.35632 3 15 8.93451 7.0487e-05 2.18876 5 
1.30066 0.000120693 -1 0.755614 0.223516 0.00622467 22.4004 160911 6 4236.84 1.53786 3.74416 2 4 2986.85 4.08724 5.19931 3 17 11.1425 9.58455e-05 1.98594 5 
1.30689 0.000121315 -1 0.757003 0.223331 0.00622467 22.6449 159898 9 24437 1.3887 2.96289 3 4 14328.5 5.56229 7.1242 3 47 14.0845 9.06641e-05 1.28959 6 
1.31311 0.000121769 -1 0.758389 0.223126 0.00622467 22.7919 159585 6 10211.2 2.53252 3.98952 2 4 5829.4 9.55469 4.96995 2 23 17.4728 8.22091e-05 1.70462 7 
1.31934 0.000122343 -1 0.759776 0.222934 0.00622467 22.8971 159568 8 8836.9 1.96854 2.86101 3 4 5547.55 9.10793 4.96787 2 15 20.093 7.11683e-05 2.30879 7 
1.32556 0.000122764 -1 0.761159 0.222796 0.00622467 22.9808 159699 6 7467.5 1.6913 4.05035 3 5 5481.67 2.12571 4.81151 2 10 14.5636 7.02975e-05 3.4012 7 
1.33179 0.000123299 -1 0.762545 0.222678 0.00622467 23.0659 159820 5 6087.62 2.1688 4.89379 2 5 4731.23 2.22003 4.63152 2 13 23.166 5.49795e-05 2.7081 6 
1.33801 0.000123954 -1 0.763925 0.222452 0.00622467 23.1923 159656 9 4940.48 1.97387 2.38564 3 5 3913.57 2.01774 4.54508 2 21 38.3924 6.81903e-05 1.8786 5 
1.34424 0.000124438 -1 0.765307 0.222311 0.00622467 23.3011 159613 8 17609.6 2.1573 3.08304 3 5 10237.1 3.92134 4.82334 2 18 16.7372 7.04135e-05 1.98915 5 
1.35046 0.000124862 -1 0.766686 0.222201 0.00622467 23.3911 159700 6 11155.6 1.6821 4.33451 3 5 6654.9 8.07737 3.82978 2 14 9.97515 5.67501e-05 2.36941 5 
1.35669 0.000125319 -1 0.768069 0.222117 0.00622467 23.4677 159877 5 6091.23 2.15775 4.89937 3 6 4481.2 5.09814 3.09502 2 12 12.5429 9.11224e-05 2.68059 5 
1.36291 0.000125898 -1 0.769445 0.221852 0.00622467 23.5524 159997 6 5206.12 2.20262 3.64974 4 6 4413.39 7.6882 2.88287 2 12 16.7108 4.73259e-05 2.89951 5 
1.36914 0.000126217 -1 0.770824 0.221831 0.00622467 23.6285 160175 5 6210.94 1.43807 5.33428 4 7 4874.28 2.89714 2.88967 2 11 18.9283 6.60748e-05 3.13399 5 
1.37536 0.000126717 -1 0.772198 0.221703 0.00622467 23.725 160214 5 19454.2 1.08809 7.08712 4 6 11495.6 5.52936 3.57253 3 15 15.2856 9.20325e-05 2.22855 5 
1.38159 0.000127137 -1 0.773577 0.221538 0.00622467 23.8966 159749 7 15557.1 1.92659 3.61545 4 6 8894 2.81809 3.82993 3 25 20.8006 5.83413e-05 1.66757 7 
1.38781 0.000127474 -1 0.774952 0.22148 0.00622467 24.019 159617 5 7901.38 0.837883 6.23597 4 6 4591.41 2.61386 3.47358 3 16 18.9813 5.08086e-05 2.22984 7 
1.39403 0.000127763 -1 0.776328 0.221324 0.00622467 24.1299 159563 5 6792.84 1.25624 5.5795 4 5 4466.4 7.27358 3.61112 3 17 28.4148 8.59205e-05 2.1119 6 
1.40026 0.000127866 -1 0.777701 0.221279 0.00622467 24.3042 159093 5 5654.14 2.34654 4.74666 3 5 3956.43 2.7228 4.29 3 29 48.5081 9.11134e-05 1.57564 6 
1.40648 0.000128013 -1 0.779077 0.22126 0.00622467 24.466 158710 6 4385.63 1.88312 3.64076 3 5 3198.25 1.63868 4.55076 4 25 39.8666 7.16723e-05 1.6975 7 
1.41271 0.000128012 -1 0.780449 0.221177 0.00622467 24.5966 158534 7 22387.7 1.46743 3.95946 3 5 13130.8 7.54845 4.4472 3 18 14.9524 7.58655e-05 1.96856 7 
1.41893 0.000128004 -1 0.781823 0.221112 0.00622467 24.7263 158365 7 10722.4 1.39718 3.58926 3 5 6154.65 10.0214 3.61123 3 19 14.0238 5.98826e-05 1.91694 7 
1.42516 0.000127817 -1 0.783194 0.221057 0.00622467 24.8669 158128 7 9025.88 2.09847 3.30433 2 6 5814.42 7.22047 3.05017 2 20 16.4257 5.52627e-05 1.87782 7 
1.43138 0.000127625 -1 0.784568 0.22099 0.00622467 24.9933 157984 7 7178.15 1.15639 3.48212 3 5 5451.34 7.85391 3.7007 2 18 12.7877 8.79679e-05 1.93555 7 
1.43761 0.000127469 -1 0.785939 0.220955 0.00622467 25.1159 157865 7 6974.48 2.5596 3.09573 3 6 5145.15 8.39308 2.9146 2 18 16.7915 5.67254e-05 2.01355 7 
1.44383 0.000126716 -1 0.787311 0.220916 0.00622467 25.2397 157740 7 5058.35 2.4017 2.9839 3 5 4089.07 9.16112 3.38794 2 16 22.4042 9.98302e-05 2.15994 7 
1.45006 0.000125928 -1 0.788679 0.220816 0.00622467 25.4602 157017 9 15332.4 2.29734 2.66031 2 5 9074.35 9.67068 3.93072 2 35 28.6167 7.75791e-05 1.44229 7 
1.45628 0.000125098 -1 0.790053 0.220787 0.00622467 25.6321 156604 6 9997.52 1.34526 4.41755 2 5 6033.92 4.84968 4.15889 2 28 30.2351 7.67277e-05 1.58431 7 
1.46251 0.000125137 -1 0.791423 0.220804 0.00622467 25.7541 156498 6 5931.07 2.05091 3.77454 2 5 3558.21 5.17309 3.69399 2 18 48.3308 5.67026e-05 2.1354 7 
1.46873 0.000126015 -1 0.792797 0.220777 0.00622467 25.846 156575 6 4948.58 1.5858 3.82272 2 4 3463.64 7.77746 4.59382 2 13 45.27 8.081e-05 2.76809 7 
1.47496 0.000127056 -1 0.794165 0.220743 0.00622467 25.9338 156677 5 6420.8 2.29522 4.8905 2 4 6212.62 9.54918 5.05042 2 12 20.2834 9.9585e-05 2.76957 7 
1.48118 0.000127925 -1 0.795536 0.220754 0.00622467 26.0269 156746 7 21807.7 1.83901 3.81947 2 5 12909.9 4.43127 4.93037 2 12 13.526 4.32248e-05 2.87047 7 
1.4874 0.000128824 -1 0.796905 0.220739 0.00622467 26.1126 156859 8 14595.2 2.00493 3.03923 2 5 8336.06 6.13437 4.2329 2 11 14.7927 7.42481e-05 3.03222 7 
1.49363 0.000129513 -1 0.798279 0.220689 0.00622467 26.2052 156930 7 8165.62 1.6785 3.36298 2 5 4814.17 5.64449 3.85638 2 11 18.7871 2.98447e-05 3.36652 7 
1.49985 0.000130091 -1 0.799648 0.220721 0.00622467 26.2843 157081 7 7147.69 2.19376 3.1758 2 5 4863.89 6.5817 3.74739 2 10 22.5812 5.89517e-05 3.61681 7 
1.50608 0.000131036 -1 0.80102 0.22075 0.00622467 26.3666 157212 7 8207.68 2.33043 3.21132 2 5 4176.37 6.41363 3.65375 2 10 28.9225 6.51534e-05 3.67054 7 
1.5123 0.000132119 -1 0.802388 0.220764 0.00622467 26.4467 157355 8 7107.48 2.25042 2.73799 2 5 3471.62 6.83139 3.477 2 10 34.1879 3.91738e-05 3.92724 7 
1.51853 0.000133191 -1 0.803761 0.220789 0.00622467 26.5874 157139 11 20722.5 2.24578 2.2933 2 5 12200.3 9.4655 4.18838 2 20 36.7828 7.6828e-05 1.92312 7 
1.52475 0.00013375 -1 0.805132 0.22081 0.00622467 26.7261 156937 8 11261.8 2.21671 2.90561 2 5 6532.03 7.46467 3.87621 2 21 29.2212 7.33101e-05 1.84796 7 
1.53098 0.000134076 -1 0.806506 0.22087 0.00622467 26.8413 156873 8 8631.35 1.72909 2.89923 2 5 5685.91 3.83569 4.30716 2 15 15.497 4.67965e-05 2.33347 7 
1.5372 0.00013454 -1 0.807876 0.220907 0.00622467 26.9251 156994 7 7081.99 1.47152 3.35781 2 5 5505.59 4.13096 4.21649 2 11 15.4851 3.40271e-05 3.26867 7 
1.54343 0.000135253 -1 0.80925 0.220974 0.00622467 27.0028 157149 7 6246.41 1.50893 3.28631 2 5 5124.44 3.81312 4.22351 2 9 15.4139 6.18096e-05 3.97787 7 
1.54965 0.000136102 -1 0.81062 0.221007 0.00622467 27.0713 157356 7 5364.59 1.49693 3.21931 2 4 4393.6 9.82948 4.59804 2 8 18.0184 6.45444e-05 4.79438 7 
1.55588 0.000136602 -1 0.811995 0.221067 0.00622467 27.1493 157508 9 13893.7 1.75379 2.71147 2 5 8219.02 10.3083 3.80476 2 8 23.1219 3.24625e-05 5.38989 7 
1.5621 0.000136848 -1 0.813367 0.22113 0.00622467 27.2274 157658 7 9132.36 1.79809 3.38373 2 6 5590 8.54142 2.94655 2 8 28.3691 3.36255e-05 5.50519 7 
1.56833 0.000137122 -1 0.814743 0.221233 0.00622467 27.306 157804 7 6072.88 2.43336 3.05712 2 6 4323.66 6.24607 2.97423 2 9 27.6348 3.65995e-05 4.49893 7 
1.57455 0.000137177 -1 0.816115 0.221296 0.00622467 27.3887 157925 7 6808.18 1.52011 3.32348 3 5 3639.38 3.93697 3.91898 3 9 26.7631 4.32606e-05 4.40042 7 
1.58077 0.000137312 -1 0.817492 0.22138 0.00622467 27.4656 158080 5 9720.02 2.26925 5.32546 3 4 3716.06 7.90688 4.65607 3 11 43.83 9.57561e-05 3.2704 6 
1.587 0.000137574 -1 0.818865 0.221461 0.00622467 27.6617 157551 6 23613.6 2.10514 4.7313 3 5 13990.3 3.62206 5.21644 2 41 59.4095 7.71263e-05 1.3918 5 
1.59322 0.000137706 -1 0.820244 0.221637 0.00622467 27.8298 157189 6 13313.7 2.11186 4.29806 2 5 7569.51 6.21959 4.14058 2 28 74.9328 7.62183e-05 1.6369 7 
1.59945 0.000138295 -1 0.821619 0.221711 0.00622467 28.0297 156652 8 8494.77 2.15519 2.81487 2 5 5052.89 9.04452 3.54349 2 37 48.8489 8.46536e-05 1.43123 6 
1.60567 0.000138872 -1 0.822999 0.22182 0.00622467 28.1415 156612 8 8212.77 2.3577 2.77172 2 5 7466.21 3.33115 4.67844 2 17 21.6551 7.30001e-05 2.09844 6 
1.6119 0.000139387 -1 0.824375 0.221941 0.00622467 28.2433 156627 7 7118.22 2.08322 3.19746 2 5 5375.78 3.53905 4.32824 2 14 22.9672 7.55675e-05 2.46392 6 
1.61812 0.00014008 -1 0.825756 0.222056 0.00622467 28.3316 156717 8 6858.45 2.20366 2.73297 2 5 7265.95 3.95461 4.49612 2 13 24.3677 4.26101e-05 2.77249 6 
1.62435 0.000140719 -1 0.827133 0.222169 0.00622467 28.419 156812 10 20136.5 2.18937 2.49096 2 5 11889.9 5.71507 4.60926 2 11 24.8513 7.59518e-05 3.1721 6 
1.63057 0.000141196 -1 0.828516 0.222312 0.00622467 28.4981 156952 10 11245.8 2.1733 2.35173 2 5 6543.85 3.67481 4.46807 2 10 31.0313 4.28765e-05 3.85441 6 
1.6368 0.000141952 -1 0.829894 0.222423 0.00622467 28.5782 157085 7 8597.78 1.92073 3.32323 2 5 5740.57 3.52962 4.38778 2 10 39.0883 5.22883e-05 3.86691 6 
1.64302 0.00014259 -1 0.831278 0.222534 0.00622467 28.6762 157120 8 6937.63 2.08728 2.75552 2 5 5271.56 2.87903 4.49302 2 16 39.4889 5.54942e-05 2.32148 5 
1.64925 0.000143255 -1 0.832659 0.22267 0.00622467 28.8228 156889 7 6391.82 2.31613 3.10136 3 5 6472.82 2.28796 4.9015 2 33 65.9276 9.06474e-05 1.50532 4 
1.65547 0.000144107 -1 0.834044 0.222828 0.00622467 28.958 156722 8 9070.77 1.59969 2.94579 3 5 5195.78 5.31627 3.96286 2 29 87.997 9.22894e-05 1.60762 4 
1.6617 0.000144938 -1 0.835427 0.22294 0.00622467 29.1307 156356 8 14352.1 2.08972 3.0172 3 6 8406.32 2.70348 3.82044 2 28 106.249 7.44356e-05 1.65884 7 
1.66792 0.000145299 -1 0.836814 0.223075 0.00622467 29.3586 155700 8 9815.48 2.51084 2.81198 3 6 5242.23 1.11197 4.09484 3 40 85.5773 9.47787e-05 1.40894 6 
1.67415 0.000145445 -1 0.838199 0.223247 0.00622467 29.5043 155487 7 8563.08 2.19127 3.25937 4 5 7405.08 7.46357 3.97481 2 26 48.2535 8.73435e-05 1.66287 6 
1.68037 0.000145935 -1 0.839588 0.223373 0.00622467 29.6082 155494 5 11048.5 1.13882 6.27148 4 6 9841.73 4.80926 3.56313 2 15 37.4477 4.82902e-05 2.46966 6 
1.68659 0.00014615 -1 0.840974 0.22355 0.00622467 29.695 155592 5 10353.3 0.892948 6.49906 3 5 7677.74 4.33271 4.4637 3 13 41.4738 6.75103e-05 2.7878 6 
1.69282 0.000146699 -1 0.842366 0.223722 0.00622467 29.7802 155697 8 23109.6 1.8691 3.24728 2 5 13711.8 9.46157 4.28772 2 11 37.5705 3.77211e-05 3.50992 6 
1.69904 0.000147483 -1 0.843754 0.223875 0.00622467 29.8602 155828 7 13296.7 2.06869 3.49951 2 7 8517.78 3.65975 3.02679 2 12 48.303 6.10997e-05 3.10095 5 
1.70527 0.000148394 -1 0.845148 0.224008 0.00622467 29.992 155690 6 13504.9 1.64785 4.49017 2 5 7658.84 6.35035 4.13307 2 30 60.2095 7.31935e-05 1.57461 4 
1.71149 0.000148997 -1 0.846537 0.224164 0.00622467 30.1183 155580 6 7324.46 1.1636 4.29697 3 5 7207.79 5.13683 4.26012 2 23 56.731 9.9835e-05 1.77909 6 
1.71772 0.000149566 -1 0.847932 0.224345 0.00622467 30.3224 155074 7 5935.03 2.05622 3.1213 2 5 4828.33 4.17178 4.09916 2 36 68.0592 8.53013e-05 1.45862 6 
1.72394 0.000150396 -1 0.849324 0.224459 0.00622467 30.4879 154770 7 10424.9 1.95327 3.40779 2 5 8112.11 4.48146 4.48273 2 28 61.6827 9.44631e-05 1.61315 7 
1.73017 0.000150742 -1 0.850722 0.224662 0.00622467 30.6603 154434 9 20148.7 2.28943 2.74334 2 5 11919.1 6.5907 4.4819 2 27 73.1153 8.11807e-05 1.66165 7 
1.73639 0.000151629 -1 0.852116 0.224787 0.00622467 30.849 154020 10 20508.5 2.23046 2.49089 2 5 7801.49 4.2722 4.49061 2 30 65.5295 8.97841e-05 1.56834 7 
1.74262 0.000151555 -1 0.853517 0.22504 0.00622467 30.9953 153822 6 8916.93 1.8832 4.09782 2 5 6727.89 8.37887 3.81012 2 23 74.3344 5.74255e-05 1.84392 7 
1.74884 0.000152178 -1 0.854913 0.22521 0.00622467 31.1341 153662 8 11831.7 2.40196 2.89441 2 4 6245.83 8.86499 5.15203 2 22 75.2137 9.44846e-05 1.85449 7 
1.75507 0.00015293 -1 0.856315 0.225396 0.00622467 31.2821 153459 7 8850.97 2.4734 3.21863 2 5 7357.15 5.10897 4.28228 2 22 90.4782 7.78575e-05 1.88666 7 
1.76129 0.000153797 -1 0.857712 0.225573 0.00622467 31.4205 153304 7 9399.55 1.72252 3.41861 2 5 9015.21 7.04329 4.18254 2 21 90.8005 8.38808e-05 1.938 7 
1.76752 0.000154611 -1 0.859117 0.225752 0.00622467 31.5549 153170 7 13896.4 2.03556 3.52976 2 4 8298.54 9.2144 5.47815 2 21 110.232 7.51361e-05 1.96626 7 
1.77356 0.000155367 -1 0.860478 0.225924 0.00604159 31.6788 153089 7 9808.44 1.64578 3.46193 2 5 9094.17 8.5399 4.03146 2 19 122.417 6.58496e-05 2.13778 7 
1.77963 0.000156071 -1 0.861851 0.226105 0.0060715 31.7977 153032 7 12898.7 2.30967 3.42993 2 5 12060.8 8.52264 4.26737 2 18 130.96 8.63445e-05 2.20487 7 
1.7857 0.00015682 -1 0.863219 0.226244 0.0060715 31.9116 152999 7 9478.28 2.12073 3.32249 2 5 6997.36 9.97712 3.70839 2 17 140.492 9.80746e-05 2.3021 7 
1.7918 0.000157501 -1 0.864599 0.226296 0.00610201 32.0277 152956 6 17494.3 2.38684 4.40737 2 5 9705.91 10.5135 3.91794 2 17 172.248 5.80625e-05 2.40282 7 
1.7979 0.000158463 -1 0.865975 0.226553 0.00610201 32.1383 152939 8 12930.5 2.26514 2.94826 2 5 9379.4 5.73211 4.39311 2 16 214.906 7.70273e-05 2.52843 7 
1.80401 0.000159282 -1 0.867358 0.226682 0.00610201 32.2961 152699 9 15472 2.39113 2.65117 2 5 8940.24 7.95626 4.075 2 23 181.056 6.8569e-05 1.90197 7 
1.81014 0.000159653 -1 0.868745 0.226859 0.0061333 32.4131 152654 7 12803 2.14659 3.46231 2 5 12340.7 5.40432 4.69591 2 17 154.384 9.559e-05 2.3184 7 
1.81627 0.000160256 -1 0.870138 0.227005 0.0061333 32.5209 152651 9 22456.9 2.47216 2.75301 2 5 19939.4 7.24033 4.87518 2 15 177.75 3.70215e-05 2.78884 7 
1.82241 0.000160873 -1 0.871527 0.227147 0.0061333 32.6218 152681 7 16921.2 2.58834 3.50799 2 6 17294.4 8.1241 3.58664 2 14 186.414 7.62428e-05 2.8596 7 
1.82854 0.000161495 -1 0.87292 0.227283 0.0061333 32.7248 152701 7 14467.2 2.26163 3.49711 2 6 13197.9 9.27097 3.354 2 14 199.29 4.85111e-05 2.96759 7 
1.83467 0.00016216 -1 0.874308 0.227442 0.0061333 32.8188 152763 6 25796.8 2.05188 4.82209 2 6 15256.4 6.95971 3.60421 2 13 209.985 7.65535e-05 3.12786 7 
1.84065 0.00016287 -1 0.875668 0.227577 0.00597604 32.9165 152807 8 17294.3 2.63958 2.99948 2 6 10472.4 4.91199 3.58755 2 13 229.724 3.58207e-05 3.33903 7 
1.8462 0.000162975 -1 0.876928 0.227797 0.00554714 33.0238 152807 7 13269.6 1.19561 3.78351 2 6 13596.6 7.34303 3.50423 2 17 211.663 8.23288e-05 2.38267 6 
1.85149 0.000163181 -1 0.878136 0.227956 0.00529268 33.1262 152829 6 14375.8 3.34034 4.03311 2 5 16417.2 6.31625 4.81912 2 16 151.034 4.98415e-05 2.54152 6 
1.85621 0.000163417 -1 0.879212 0.228097 0.00472639 33.2157 152911 7 13068.2 2.92986 3.32153 2 5 10525.2 11.2849 3.92597 2 13 82.587 5.00617e-05 3.00789 6 
1.86055 0.00016366 -1 0.880201 0.228197 0.00433252 33.2959 153035 6 13776.1 4.79627 3.77025 2 5 18082.7 9.69258 4.50988 2 11 75.1417 7.15527e-05 3.52685 6 
1.86502 0.000164039 -1 0.881218 0.22825 0.00446844 33.3753 153161 5 13423.7 4.25033 5.01061 2 5 17917.7 17.819 3.98547 2 12 82.5423 4.39463e-05 3.33283 6 
1.86959 0.000164401 -1 0.882262 0.228314 0.00457655 33.4578 153273 6 18755.7 3.6855 4.14737 2 5 14116.6 5.48707 4.80925 2 12 105.505 5.88835e-05 3.31976 6 
1.87428 0.000164498 -1 0.88333 0.228405 0.00469049 33.6013 153106 6 13285.4 4.02123 3.85925 2 5 11560.6 5.17279 4.67575 2 26 130.696 9.52147e-05 1.72211 6 
1.87905 0.000164857 -1 0.884421 0.228503 0.00476999 33.7265 153024 6 10147.4 3.70569 3.74037 2 5 10020.7 8.4772 4.11651 2 22 159.735 9.20515e-05 1.92136 6 
1.88391 0.000165204 -1 0.885527 0.228575 0.00485259 33.8231 153071 6 9314.65 4.13568 3.62051 2 4 9839.51 15.8633 4.99051 2 16 188.422 9.65314e-05 2.4726 6 
1.88882 0.000165588 -1 0.886652 0.228684 0.00491672 33.9037 153191 6 9531.87 3.33628 3.76692 2 5 9911.77 6.52111 4.32878 2 12 219.849 7.53767e-05 3.45733 6 
1.89378 0.00016591 -1 0.887784 0.228749 0.00496062 33.9915 153277 8 17833.8 3.41117 2.91603 3 5 8248.54 8.37903 3.96859 2 12 248.762 8.97194e-05 3.44277 6 
1.89879 0.000165842 -1 0.888929 0.228837 0.00500551 34.0769 153374 8 9272.97 3.00755 2.72977 2 5 9273.92 10.271 3.90059 2 12 280.521 6.16525e-05 3.58785 6 
1.90382 0.00016619 -1 0.890077 0.228928 0.00502837 34.1655 153456 9 25596.2 3.73667 2.66801 3 5 9806.66 6.79613 4.28402 2 12 308.001 4.39145e-05 3.71959 6 
1.9088 0.000166049 -1 0.891219 0.228939 0.00498265 34.2787 153427 6 44139 2.47793 5.11041 2 5 37144.4 7.78397 5.44175 2 21 324.003 7.72236e-05 2.06715 5 
1.91072 0.000166171 -1 0.891659 0.229252 0.00192113 34.3458 153604 9 10765.2 18.0186 2.03459 2 7 73685.4 76.5278 2.66823 2 9 64.0633 6.23993e-05 4.65518 4 
1.91287 0.000166029 -1 0.892152 0.229382 0.00214848 34.4321 153695 7 7607.65 13.982 2.4593 3 8 58505 56.5237 2.38161 2 16 61.1974 6.44054e-05 2.36381 4 
1.91523 0.0001662 -1 0.892694 0.229371 0.00236333 34.5069 153836 5 15433.3 16.2908 3.93825 2 5 18242.1 30.342 3.59589 2 14 74.2398 7.3144e-05 2.68555 4 
1.91778 0.000166424 -1 0.893279 0.229351 0.0025524 34.5868 153954 5 17541.5 7.09356 4.77134 2 4 17418.2 48.319 4.35734 2 17 82.0497 6.74938e-05 2.27998 4 
1.92052 0.000166599 -1 0.893905 0.229285 0.00273287 34.6753 154034 5 16706.5 3.39617 5.47494 2 4 17647 33.751 4.78185 2 19 85.9847 7.36741e-05 2.08603 4 
1.92343 0.000166752 -1 0.894572 0.229275 0.00290966 34.7686 154092 5 13517 9.06151 4.31257 2 4 14996.2 37.4462 4.47346 2 21 87.4329 7.53378e-05 1.94443 4 
1.9265 0.000166936 -1 0.895276 0.229257 0.00307592 34.8683 154122 5 10949.6 4.67498 4.7198 2 4 13103.6 42.1234 4.19968 2 23 86.9731 7.05558e-05 1.84001 4 
1.92974 0.000167132 -1 0.896018 0.22929 0.00323343 34.9761 154115 5 10130.3 9.25478 4.0537 2 5 11797.3 8.99718 4.20277 2 25 93.51 6.63028e-05 1.76187 4 
1.93313 0.00016741 -1 0.896795 0.229238 0.00339766 35.0943 154063 6 10939.3 5.8629 3.5087 2 5 12833 12.6921 3.98987 2 27 114.117 8.27247e-05 1.68809 4 
1.93668 0.000167654 -1 0.897608 0.229251 0.00354441 35.2245 153958 6 8066.01 6.3611 3.28994 2 5 11431 17.8807 3.64032 2 30 136.949 9.91229e-05 1.60206 4 
1.94036 0.000167875 -1 0.898449 0.229269 0.00367931 35.3489 153880 7 16746.6 2.4362 3.53324 2 6 8894.98 12.006 3.00809 2 24 161.378 6.95356e-05 1.84177 5 
1.94417 0.000168075 -1 0.899324 0.229281 0.00381166 35.557 153440 7 9660.26 0.936885 3.74394 2 6 11725.4 13.0987 3.10444 2 46 189.747 8.86386e-05 1.37284 5 
1.94809 0.000168229 -1 0.900223 0.229292 0.00392502 35.7477 153080 7 5880.6 1.21027 3.36239 2 6 9122.54 6.91924 3.31138 2 41 219.957 9.21103e-05 1.43074 5 
1.95214 0.000168392 -1 0.901152 0.229315 0.00404579 35.9134 152830 10 19743.4 4.29093 2.32427 3 4 7234.96 23.4713 4.1901 2 34 254.891 8.39694e-05 1.55115 5 
1.95628 0.000168692 -1 0.902101 0.229236 0.00414174 36.0472 152717 9 47330.1 4.15443 2.82316 2 6 44815.5 15.6462 3.76851 2 25 236.319 7.20879e-05 1.82232 5 
1.95866 0.000168862 -1 0.902648 0.229298 0.00238292 36.1154 152882 7 29553.8 16.1743 2.92395 2 6 43263.6 52.6502 3.06046 2 11 70.79 9.01819e-05 3.43475 4 
1.96116 0.000168684 -1 0.903218 0.229427 0.00249123 36.1953 152998 6 11137.9 14.0928 3.04066 2 7 61882.8 40.0996 2.85424 2 14 81.3957 8.28254e-05 2.67936 4 
1.96375 0.000168821 -1 0.903814 0.229332 0.00259711 36.2654 153154 5 15204.4 4.26678 5.13303 3 4 17639.3 31.1474 4.87826 2 14 90.636 6.47425e-05 2.74794 4 
1.96646 0.00016893 -1 0.904433 0.229254 0.00270561 36.3429 153278 6 19827.5 2.74434 4.39682 2 5 18338.1 6.0573 4.96838 3 15 90.3826 7.64744e-05 2.54002 4 
1.96928 0.000168915 -1 0.90508 0.229135 0.00282388 36.4226 153392 5 20299.1 6.17641 5.05066 3 3 20432.4 32.3303 8.58163 3 17 89.8858 5.5383e-05 2.31906 4 
1.97224 0.000168815 -1 0.905755 0.229122 0.00295335 36.5059 153491 5 17287.2 4.99566 5.10301 3 3 17843.7 28.2012 8.58498 3 18 89.1902 6.22094e-05 2.19799 4 
1.97532 0.000168731 -1 0.906462 0.228972 0.00308638 36.5949 153565 4 12864 8.15416 6.3023 3 5 13441.7 6.43531 4.61293 3 19 95.8343 6.62479e-05 2.10974 4 
1.97854 0.000168654 -1 0.907199 0.229037 0.00322226 36.6886 153620 5 14192.3 7.53092 4.51899 3 5 17754.1 13.9202 4.17956 2 20 108.194 7.02945e-05 2.03875 4 
1.98189 0.000168746 -1 0.907966 0.228926 0.00334903 36.7836 153668 4 8890.89 7.74891 5.82004 3 5 14254.5 26.4659 3.51766 2 21 131.401 8.0488e-05 1.97629 4 
1.98536 0.000168822 -1 0.908758 0.228911 0.00346295 36.8867 153683 5 11010.9 6.92509 4.36797 2 5 10860.3 14.7139 3.74647 2 23 156.483 6.85353e-05 1.88999 4 
1.98893 0.000168888 -1 0.909576 0.228763 0.00357269 37.0042 153638 6 12162.5 3.33573 3.92319 2 5 16011.9 8.29836 4.54036 2 26 184.299 7.11898e-05 1.76465 4 
1.99261 0.000168871 -1 0.910416 0.228739 0.00367662 37.1397 153518 7 22269.5 6.33134 3.21072 2 5 11531.2 6.67202 4.44143 2 32 214.185 7.82537e-05 1.58915 4 
1.99638 0.000169278 -1 0.91128 0.228599 0.00377301 37.3129 153245 7 18899.5 5.44603 3.20455 2 5 10266.5 9.24952 4.065 2 42 247.585 8.95816e-05 1.42354 4 
2.00022 0.00016909 -1 0.912158 0.228556 0.00384529 37.4157 153262 6 12547.1 4.69821 3.72479 2 5 14955.9 5.67163 4.83305 2 21 281.38 6.11133e-05 2.07631 5 
2.00414 0.000169007 -1 0.913055 0.228475 0.00392069 37.4956 153372 5 8281.41 6.11937 4.22941 2 5 9099.17 5.15692 4.45987 2 14 318.368 8.51278e-05 2.94774 5 
2.00813 0.000168916 -1 0.913963 0.228252 0.00398342 37.5809 153460 8 59293.5 5.96395 3.15998 2 5 56346 15.5461 5.15049 2 14 297.991 7.57494e-05 2.95841 5 
2.00973 0.000169102 -1 0.914327 0.228211 0.00159722 37.6296 153697 5 17998.4 32.4712 3.53791 2 5 89651.2 93.6072 3.94684 2 7 43.6242 5.76805e-05 6.91535 4 
2.01152 0.000168904 -1 0.914736 0.2284 0.00179398 37.7016 153838 5 8925.7 25.5814 3.2251 2 5 86645.1 97.3457 3.88943 2 14 55.2958 7.20063e-05 2.63257 4 
2.01351 0.000169005 -1 0.91519 0.228246 0.00198889 37.8707 153584 5 16419.5 18.3761 3.89243 2 4 25436.9 61.0048 4.51882 2 42 66.3992 8.86941e-05 1.37995 4 
2.01568 0.000169183 -1 0.915684 0.228162 0.00216811 37.9499 153695 4 19528.8 9.97018 6.65263 2 3 21876.9 80.0624 6.48912 2 16 72.8328 8.50149e-05 2.34856 5 
2.01802 0.000169258 -1 0.916219 0.227924 0.00234363 38.0312 153797 5 20662.4 2.71201 5.97555 2 4 22626 15.2961 6.20164 2 15 77.7225 5.30714e-05 2.57659 5 
2.02053 0.000169304 -1 0.916791 0.227791 0.00251146 38.1145 153891 4 17331.7 9.54907 6.5271 2 4 19170.3 12.0541 6.31499 2 16 80.7834 7.1628e-05 2.38927 5 
2.02321 0.000169401 -1 0.917402 0.227721 0.00268348 38.2042 153958 4 17780 7.37621 7.00688 2 4 22184.5 9.02532 7.0412 2 17 85.8432 6.68975e-05 2.28724 5 
2.02605 0.000169665 -1 0.918048 0.227462 0.00283949 38.2934 154027 5 18232.9 8.86495 4.59871 2 4 20495.7 8.33235 7.04245 2 16 98.8788 9.98873e-05 2.36987 5 
2.02905 0.000169777 -1 0.918729 0.227265 0.00299676 38.377 154119 4 8915.35 9.95977 5.46981 2 4 10947.2 11.9386 5.50285 2 15 123.444 9.12395e-05 2.56302 5 
2.03218 0.000169952 -1 0.91944 0.227158 0.00313209 38.4593 154215 5 18395.5 4.14832 5.36251 2 4 20825.7 12.1699 6.43174 2 15 150.025 5.284e-05 2.69286 5 
2.03544 0.000170117 -1 0.92018 0.226941 0.00325864 38.5372 154328 5 14533.5 4.57036 5.01746 2 4 19430.1 11.5643 6.40234 2 13 179.524 7.366e-05 3.09955 5 
2.03881 0.000170322 -1 0.920944 0.22672 0.00337258 38.6156 154439 5 13833 3.40344 5.26986 2 4 14529.6 12.5679 5.83106 2 13 210.971 7.81095e-05 3.12415 5 
2.0423 0.000170596 -1 0.921734 0.226573 0.00348256 38.6888 154571 5 16875.2 7.51424 4.68029 2 4 17692.9 19.4114 5.49459 2 12 247.862 8.94801e-05 3.4425 5 
2.04588 0.00017091 -1 0.922545 0.226357 0.0035869 38.766 154686 5 13386.5 4.80578 4.8863 2 4 18230.3 17.8483 5.65326 2 12 288.624 6.32519e-05 3.58871 5 
2.04954 0.000171192 -1 0.923373 0.226165 0.00365562 38.8365 154827 5 9531.07 2.63523 5.14831 2 4 10452.5 29.4427 4.34071 2 12 326.987 4.92134e-05 3.70286 5 
2.05327 0.000171428 -1 0.924215 0.225928 0.0037273 38.9086 154961 5 15052.4 3.5611 5.31134 2 4 16036.1 20.7119 5.27496 2 12 368.08 9.39691e-05 3.54334 5 
2.05708 0.000171676 -1 0.925079 0.22571 0.00381747 38.9898 155058 5 15413 4.3295 5.13204 2 4 20359.4 17.6025 5.83173 2 13 416.247 6.19805e-05 3.3509 5 
2.06093 0.000172087 -1 0.925946 0.225342 0.00384864 39.0751 155139 9 72615.3 5.43708 2.87347 2 6 70570.8 18.7424 3.94427 2 13 345.037 4.55972e-05 3.3818 5 
2.06203 0.000172265 -1 0.926194 0.225271 0.00109961 39.1247 155361 5 25393.2 22.0603 4.09469 2 5 191218 166.911 4.09081 2 8 33.4591 4.28948e-05 5.45147 3 
2.06333 0.000172239 -1 0.926487 0.225559 0.00130093 39.1878 155529 4 20451.4 55.2944 4.38541 2 5 142912 117.432 4.14053 2 13 36.6874 6.20929e-05 2.77945 3 
2.06492 0.00017229 -1 0.926845 0.225246 0.00159027 39.2694 155623 4 17220.9 36.1134 4.67301 2 4 25277.3 70.4255 4.35262 2 20 50.2055 9.56881e-05 1.93194 3 
2.0668 0.000172445 -1 0.927267 0.224919 0.00187766 39.3647 155663 5 18344.9 9.82479 4.51064 2 4 21313.4 63.6416 4.27787 2 24 66.9172 3.54856e-05 1.82591 4 
2.06893 0.000172505 -1 0.927745 0.224611 0.00212574 39.4205 155858 5 22792.2 7.65263 4.95217 2 4 25929.8 54.451 4.67141 2 10 83.2799 8.50366e-05 3.97277 4 
2.07128 0.000172542 -1 0.928274 0.224328 0.00235715 39.4827 156027 5 22147.8 9.23949 4.74172 2 4 32203.4 52.0592 4.98713 2 12 100.328 5.34886e-05 3.33245 4 
2.07384 0.00017264 -1 0.928846 0.224026 0.00255142 39.5529 156165 5 18640.1 10.0193 4.50736 2 4 21574.5 38.773 4.85683 2 13 115.3 7.73585e-05 2.98449 4 
2.07656 0.000172765 -1 0.929455 0.223749 0.00272401 39.6257 156291 5 23956.6 3.37621 5.89114 2 4 25743.1 29.9838 5.41307 2 15 130.026 7.43888e-05 2.60716 4 
2.07945 0.000172869 -1 0.930102 0.223465 0.0028948 39.7052 156391 5 22631.9 5.40645 5.30105 2 4 32485.7 21.7529 6.21647 2 17 145.115 8.90157e-05 2.31967 4 
2.08247 0.000172939 -1 0.930775 0.223178 0.00301818 39.9148 155980 5 14858.2 5.6002 4.83897 2 4 18181.4 29.1953 4.9955 2 52 159.196 8.62349e-05 1.31979 4 
2.0856 0.000172943 -1 0.931474 0.222937 0.00313149 40.0754 155764 5 17708.6 9.97335 4.46548 2 4 17647.4 32.0163 4.84537 2 34 182.923 8.4995e-05 1.53554 5 
2.08885 0.000172947 -1 0.932196 0.222585 0.00324254 40.2076 155659 6 23583.3 6.85802 3.88509 2 4 30180.3 13.7628 6.84313 2 26 208.01 9.07715e-05 1.75639 5 
2.09218 0.000172782 -1 0.932939 0.22239 0.00333756 40.3358 155571 5 14329.6 4.38184 5.04563 2 4 17208.7 17.005 5.64018 2 24 239.323 6.8942e-05 1.87293 5 
2.0956 0.00017272 -1 0.933698 0.222103 0.00341284 40.437 155586 5 10039.8 4.41609 4.69177 2 4 11439.6 16.4579 5.13463 2 19 272.55 8.00291e-05 2.20699 5 
2.09909 0.00017281 -1 0.934474 0.22181 0.0034919 40.5183 155679 5 24082.9 6.11393 5.23694 2 4 28983.2 13.3528 6.82565 2 15 309.121 6.98146e-05 2.77382 5 
2.10264 0.000173024 -1 0.93526 0.221553 0.00354689 40.5982 155776 6 15829.3 2.71862 4.24149 2 4 22484 16.9196 6.03769 2 13 342.368 8.4635e-05 3.22275 5 
2.10623 0.000173144 -1 0.936057 0.221293 0.00358946 40.6702 155903 5 9675.02 7.27791 4.21433 2 4 9332.52 16.6426 4.86625 2 12 375.622 6.99043e-05 3.63793 5 
2.10986 0.000173199 -1 0.936859 0.221001 0.00363323 40.7395 156040 5 22147.2 6.08108 5.15546 2 4 23086 12.2619 6.58716 2 12 418.024 7.27888e-05 3.65815 5 
2.11355 0.000173219 -1 0.937675 0.220674 0.00369353 40.8127 156162 5 21752.7 4.12806 5.55077 2 4 28380.3 20.2493 6.11859 2 12 466.056 3.23926e-05 3.94911 5 
2.11726 0.000173206 -1 0.938491 0.220144 0.00370899 40.893 156255 9 88089.7 6.96019 2.85635 2 6 85950.7 18.8638 4.07165 2 12 356.326 3.91236e-05 3.80146 5 
2.11838 0.000173362 -1 0.938738 0.219849 0.00112165 40.9462 156453 5 21729.9 59.4702 3.25501 2 5 242589 266.769 3.90613 2 8 59.9904 4.60913e-05 5.81176 3 
2.11978 0.000173305 -1 0.939045 0.219945 0.00139717 41.0124 156600 5 19408.7 40.2332 3.44098 2 5 188555 147.148 4.18347 2 15 68.5696 5.27095e-05 2.55633 3 
2.12149 0.000173283 -1 0.93942 0.219641 0.00170585 41.1046 156647 5 25463.4 16.2527 4.3551 2 4 31813.6 127.799 3.97211 2 25 94.9855 8.6314e-05 1.74447 3 
2.12347 0.00017332 -1 0.939854 0.21923 0.0019831 41.2052 156662 5 21521.8 9.27587 4.71091 2 4 27889.9 83.4048 4.27626 2 24 123.931 4.82927e-05 1.8495 4 
2.12572 0.000173284 -1 0.940347 0.218829 0.00224752 41.2706 156811 5 31003 13.4687 4.70344 2 4 31876.6 45.5129 5.14439 2 11 154.994 7.29671e-05 3.7601 4 
2.12818 0.000173185 -1 0.940885 0.21838 0.00246277 41.3398 156945 5 34249.7 10.3761 5.05504 2 4 46631.5 50.1564 5.5219 2 13 181.546 5.37536e-05 3.17833 4 
2.13082 0.000173141 -1 0.941463 0.218016 0.00264188 41.4129 157063 5 22322.4 6.65759 5.0709 2 4 27990 47.7744 4.91985 2 14 204.448 7.24599e-05 2.88901 4 
2.13362 0.000173159 -1 0.942071 0.217675 0.00279479 41.4861 157181 5 32651.3 3.32483 6.28675 2 4 33393.9 45.3244 5.20995 2 15 224.284 8.11037e-05 2.68813 4 
2.13656 0.000173163 -1 0.942713 0.217306 0.00294688 41.5746 157240 10 32775.1 8.95791 2.27161 2 5 45037.6 16.6806 4.85594 2 16 245.146 9.60193e-05 2.51444 4 
2.13965 0.000172994 -1 0.943382 0.216979 0.0030837 41.6645 157295 7 22254.1 7.34449 3.14304 2 5 26813.4 8.89298 4.96433 2 18 273.376 6.1841e-05 2.33988 4 
2.14286 0.000172869 -1 0.944079 0.216635 0.00321027 41.7577 157336 5 26098.5 6.57827 5.24446 2 5 21196.3 16.268 4.19745 2 19 301.166 8.91403e-05 2.20606 4 
2.14615 0.000172623 -1 0.944792 0.216315 0.0032967 41.8573 157353 7 34295.3 7.17333 3.35463 3 5 41609.4 17.0244 4.76019 2 21 321.37 7.30239e-05 2.07185 4 
2.14953 0.000172553 -1 0.945523 0.216003 0.00337489 41.9642 157342 5 20605.3 3.12651 5.80475 3 5 16246.1 19.0197 3.85753 2 23 348.262 8.0346e-05 1.9434 4 
2.15296 0.000172474 -1 0.946262 0.215704 0.00342932 42.0803 157298 6 17249.5 7.93086 3.5995 4 5 19108.2 18.3936 4.01154 2 25 373.702 8.939e-05 1.84013 4 
2.15646 0.00017237 -1 0.947018 0.215412 0.00350017 42.3304 156755 7 34901.9 6.66073 3.39885 4 5 41684.4 22.0772 4.5207 2 55 402.995 7.7904e-05 1.32455 5 
2.16002 0.000172257 -1 0.947784 0.21513 0.00355925 42.5176 156451 8 23215.4 5.69756 2.82658 3 5 28699.7 24.718 4.10179 2 38 428.873 8.41481e-05 1.50144 5 
2.16361 0.000172181 -1 0.948557 0.214848 0.00358967 42.6789 156243 6 12021.5 6.28648 3.5231 4 5 12417.1 12.2582 3.99134 2 30 461.292 7.12913e-05 1.68667 5 
2.16721 0.000172114 -1 0.94933 0.214589 0.00360514 42.7965 156197 7 31326.2 4.05578 3.59257 3 5 33080.7 8.98014 5.16724 2 21 490.145 7.7888e-05 2.10744 5 
2.17086 0.000172222 -1 0.950114 0.214198 0.00365258 42.8806 156272 5 32057.8 5.66605 5.63029 2 5 41179.9 9.7766 5.30762 2 15 526.931 8.98939e-05 2.82619 5 
2.17453 0.000172196 -1 0.950898 0.213866 0.00366874 42.964 156350 5 21533.9 7.069 4.97454 2 5 26756.4 15.0681 4.46554 2 14 553.207 8.30918e-05 3.07171 5 
2.17822 0.000171994 -1 0.951687 0.213714 0.00368512 43.0492 156422 8 10615.9 5.40071 2.58041 3 5 10885.3 19.6365 3.53798 2 12 578.286 7.41006e-05 3.75284 5 
2.1819 0.00017199 -1 0.952473 0.213437 0.00368512 43.1308 156506 7 30851.3 5.12657 3.46674 3 5 32379.6 8.153 5.24555 2 12 596.306 9.90568e-05 3.67253 5 
2.18564 0.000171994 -1 0.95327 0.213137 0.0037356 43.2106 156595 7 29727 5.70323 3.39629 3 5 39188.6 12.1415 5.03243 2 12 628.555 5.52711e-05 3.87246 5 
2.18937 0.000171978 -1 0.954064 0.212798 0.0037356 43.2884 156693 6 24364.7 6.68363 3.92306 3 5 26553 19.8145 4.2211 2 12 614.481 5.97854e-05 3.83995 5 
2.19313 0.000171993 -1 0.954863 0.211426 0.0037529 43.397 156678 12 98998.6 6.65435 2.22695 4 12 105411 28.3959 1.98367 3 12 449.004 7.83377e-05 3.65755 5 
2.19499 0.000172102 -1 0.955257 0.210718 0.00186345 43.4707 156789 7 23052.1 19.5597 2.7464 4 8 110030 77.3513 2.47817 2 9 187.772 3.60408e-05 5.5759 4 
2.19714 0.000172243 -1 0.95571 0.209954 0.00214669 43.5516 156874 4 36926.7 11.4335 7.53859 3 12 75376.9 63.7393 1.80331 2 11 216.21 5.22982e-05 3.99475 4 
2.19956 0.000172164 -1 0.956217 0.209019 0.00241826 43.66 156860 11 38657.2 9.83789 2.12206 3 9 29675.5 47.9251 2.0427 2 19 292.786 4.48362e-05 2.28392 4 
2.20222 0.00017203 -1 0.956774 0.208367 0.00265928 43.7888 156773 13 45446.6 7.5505 1.95314 3 11 59858.9 43.46 1.92916 3 20 353.031 6.46354e-05 2.17204 4 
2.20506 0.000171927 -1 0.957368 0.207939 0.00284923 43.9213 156673 12 23904.3 10.1496 1.90986 3 10 26939 26.928 1.99534 4 22 389.482 5.85755e-05 2.04233 4 
2.20808 0.000171802 -1 0.957994 0.207774 0.00301112 44.0478 156595 13 44701.9 6.81933 1.966 3 10 60327.6 32.4527 2.12289 3 20 441.382 5.54489e-05 2.21333 4 
2.21124 0.000171715 -1 0.958651 0.207794 0.0031677 44.1847 156481 13 42609.9 5.97913 1.97868 3 10 47767.5 30.8582 2.08438 3 23 482.827 8.25522e-05 1.96888 4 
2.21456 0.000171658 -1 0.959339 0.20796 0.0033141 44.3203 156371 12 24953.1 6.61309 1.98637 3 10 31642.2 22.5104 2.06437 3 21 527.845 6.74314e-05 2.12946 4 
2.21803 0.000171612 -1 0.96006 0.208174 0.00347541 44.4376 156327 8 45455.7 6.70975 3.01204 2 8 45521.6 23.7124 2.5728 3 23 589.609 8.38046e-05 1.98476 4 
2.22162 0.000171704 -1 0.960806 0.208402 0.00358701 44.573 156220 11 40485.2 6.49634 2.21292 2 8 47336.6 30.1661 2.50876 3 26 632.108 6.49641e-05 1.85684 4 
2.22529 0.000171834 -1 0.961569 0.208592 0.0036716 44.714 156094 7 26844.8 7.2224 3.23613 2 9 27822.4 24.4607 2.18548 3 26 670.707 7.57564e-05 1.85011 5 
2.229 0.000172202 -1 0.962342 0.208726 0.00370674 44.9032 155801 12 21855.9 4.98762 2.01128 2 6 23769.2 26.7548 3.10053 3 38 714.23 7.39272e-05 1.52692 5 
2.23278 0.000172384 -1 0.963129 0.208743 0.00377942 45.0609 155619 12 48744.9 6.66064 2.09911 2 8 56002.8 27.9636 2.58644 2 29 767.301 9.36489e-05 1.73139 5 
2.23665 0.000172583 -1 0.963939 0.208665 0.00387486 45.2064 155481 12 32412.6 5.69567 2.05556 2 10 28046.2 21.313 2.0508 3 24 829.855 7.25339e-05 1.96835 5 
2.24055 0.000172777 -1 0.96475 0.208513 0.00389463 45.3296 155420 12 19328.1 5.63725 1.97058 2 7 18880.6 19.4701 2.67094 3 17 859.176 6.53546e-05 2.62273 5 
2.24444 0.000172935 -1 0.965563 0.20829 0.00389463 45.4285 155442 11 32387.8 5.73971 2.19303 3 9 34898.7 22.0794 2.26686 2 13 878.134 9.45882e-05 3.43541 5 
2.24838 0.000173027 -1 0.966382 0.207987 0.0039352 45.5309 155452 12 47266.3 4.28935 2.17193 3 10 61114.9 23.1456 2.19871 3 12 910.62 9.41239e-05 3.82064 5 
2.2524 0.000173128 -1 0.967219 0.20763 0.00401937 45.6498 155407 11 29689.3 3.89912 2.25359 4 10 30782.2 14.6098 2.14964 4 13 975.079 5.64642e-05 3.6034 5 
2.25644 0.000173181 -1 0.968056 0.207257 0.0040411 45.7524 155416 9 16922.4 5.72362 2.43021 4 7 14939.3 23.1178 2.52048 4 13 1012.33 8.09598e-05 3.51501 5 
2.26035 0.000173253 -1 0.968866 0.206896 0.00391349 45.8572 155418 10 28813.1 5.17952 2.36881 3 8 30854.4 15.639 2.5816 3 13 969.572 7.09018e-05 3.5393 5 
2.26429 0.000173343 -1 0.969678 0.206514 0.0039343 45.9616 155421 12 44859.8 4.72181 2.14526 2 8 56913.6 21.7579 2.67424 3 14 994.338 8.31277e-05 3.203 5 
2.26831 0.000173488 -1 0.970508 0.206102 0.0040203 46.075 155394 10 31270.4 6.15635 2.34737 3 8 32926.5 18.2506 2.5529 3 16 1046.79 6.5049e-05 2.82107 5 
2.27235 0.00017359 -1 0.971339 0.205709 0.00404251 46.1833 155385 9 19025.9 3.86046 2.57218 3 6 21351 22.2251 3.1412 3 17 1061.59 6.7964e-05 2.64946 5 
2.27641 0.000173685 -1 0.972175 0.205336 0.0040651 46.291 155377 7 14733.8 5.62579 3.07825 3 5 19214.5 18.0061 4.03313 3 17 1085.3 6.99887e-05 2.64833 5 
2.28048 0.000173828 -1 0.973009 0.204971 0.0040651 46.3955 155381 9 43397.8 3.78199 2.82542 2 7 52073.9 17.1939 3.14283 2 17 1102.38 5.37453e-05 2.69226 5 
2.28454 0.000174003 -1 0.973842 0.204634 0.0040651 46.5003 155383 9 33345.8 5.5438 2.62975 2 7 34662.3 15.4346 3.01138 3 16 1111.14 9.94328e-05 2.7575 5 
2.28866 0.000174209 -1 0.974682 0.204285 0.00411182 46.6019 155396 8 26720.6 3.08662 3.10578 3 6 25581.7 19.9678 3.29559 2 17 1141.72 4.8921e-05 2.71279 5 
2.29279 0.00017437 -1 0.975526 0.203956 0.00413573 46.7002 155419 7 14540.4 4.33698 3.1888 2 6 17481.1 15.1664 3.23803 2 17 1152.57 5.39228e-05 2.6988 5 
2.29695 0.000174608 -1 0.976374 0.20364 0.00416005 46.8288 155343 6 32672 3.62654 4.56156 2 6 34140.9 14.1506 3.66226 2 23 1161.34 6.88706e-05 2.06165 6 
2.30101 0.000174864 -1 0.977202 0.20335 0.00406387 46.9753 155207 7 34071.4 4.27312 3.60892 2 6 49614.1 17.0076 3.78002 2 25 1118.85 6.63166e-05 1.94575 6 
2.30501 0.000175055 -1 0.978012 0.203082 0.0039942 47.0955 155158 6 24446.6 4.28006 4.22793 2 5 22900 25.0197 3.91121 2 20 1084.68 9.32354e-05 2.25572 6 
2.30905 0.00017525 -1 0.978833 0.202831 0.00404065 47.2 155162 7 27627.3 5.6447 3.36589 2 5 23221.8 8.81496 4.83209 2 17 1107.67 7.93566e-05 2.63199 6 
2.31265 0.000175472 -1 0.979561 0.202634 0.0035987 47.3209 155112 7 15428.2 7.52184 2.97263 2 6 21119.1 17.5789 3.26047 2 21 867.748 8.19918e-05 2.16026 5 
2.31625 0.000175631 -1 0.98029 0.202453 0.0035987 47.4273 155109 7 24376.1 5.04185 3.36 2 5 27377.7 28.5182 3.94871 2 20 854.589 7.08916e-05 2.25974 5 
2.31986 0.000175824 -1 0.981021 0.202234 0.00361774 47.526 155132 8 33741.9 6.3864 2.91987 2 6 46256.5 13.1911 3.89776 2 16 858.056 7.68372e-05 2.75738 5 
2.32339 0.000175966 -1 0.981733 0.202035 0.00352402 47.6117 155197 7 27483.8 4.37029 3.48861 2 6 27203 20.0613 3.32693 2 14 809.581 9.94637e-05 3.11612 5 
2.32669 0.00017606 -1 0.982398 0.201843 0.00330054 47.6891 155288 5 21632.2 5.77338 5.18483 2 6 24239.7 14.2699 3.45423 2 13 700.196 6.56007e-05 3.47248 5 
2.32999 0.0001762 -1 0.983064 0.201683 0.00330054 47.7702 155368 7 21530.5 7.68669 3.10795 2 6 25930.8 7.88768 3.85607 2 13 686.982 6.30831e-05 3.47784 5 
2.33329 0.000176357 -1 0.983729 0.20151 0.00330054 47.8473 155460 6 18702.9 7.88104 3.6522 2 5 17034.6 20.7428 3.8273 2 13 671.388 6.11063e-05 3.48022 5 
2.33662 0.00017638 -1 0.984401 0.201269 0.00333355 47.9266 155544 7 29461.2 4.75874 3.48081 2 5 31243.6 30.7376 3.99409 2 13 666.487 7.42732e-05 3.42644 5 
2.34004 0.000176611 -1 0.985089 0.200963 0.00341946 48.0193 155585 8 46349.2 8.2839 2.94087 2 7 52552.7 20.6864 3.0649 2 14 687.445 4.75303e-05 3.24674 5 
2.34354 0.000176933 -1 0.985792 0.200594 0.00349183 48.1137 155621 10 43102.4 5.77049 2.43966 2 8 55400.9 28.1906 2.58034 2 14 700.865 7.56626e-05 3.14503 5 
2.3471 0.000177153 -1 0.986507 0.200188 0.00356774 48.22 155618 12 37034.4 5.09398 2.09795 2 10 44576.3 21.5419 2.14576 2 15 707.994 5.12512e-05 2.99241 5 
2.35077 0.000177278 -1 0.987241 0.199736 0.00366796 48.3371 155579 13 29414.1 5.06837 1.94767 2 10 34760.1 28.2459 2.0371 2 16 716.394 4.41142e-05 2.82267 5 
2.35457 0.000177378 -1 0.987997 0.199269 0.00379666 48.4581 155529 11 20983.4 5.4177 2.11928 3 11 26731.4 20.5856 1.91885 2 17 726.837 5.15711e-05 2.63349 5 
2.35848 0.000177435 -1 0.988776 0.198766 0.00391171 48.5879 155451 12 33149.8 5.05883 2.07987 3 12 33344.1 21.3307 1.84573 2 18 722.605 5.81319e-05 2.47821 5 
2.36246 0.000177502 -1 0.989565 0.198239 0.0039846 48.7212 155362 15 46042.8 5.72662 1.82117 2 13 50460.9 20.4942 1.82335 2 19 692.88 8.78399e-05 2.30674 5 
2.36652 0.000177555 -1 0.990369 0.197715 0.00406074 48.8641 155243 12 37616.3 6.03448 2.07123 3 13 47788 22.2929 1.80402 2 21 654.528 6.79426e-05 2.15061 5 
2.37064 0.000177615 -1 0.99118 0.197254 0.00411348 49.0235 155072 11 30058 5.3944 2.19052 2 11 35247.6 20.095 1.97203 3 24 599.335 6.98032e-05 1.94495 6 
2.37486 0.000177665 -1 0.992014 0.196868 0.00422391 49.1486 155011 6 22449.8 1.02957 5.28558 3 10 29803.6 16.049 2.12267 3 18 553.606 8.3247e-05 2.39357 6 
2.37926 0.000177672 -1 0.99288 0.196562 0.00440238 49.2698 154962 15 14954.6 4.32528 1.72154 2 6 18335.2 14.3312 3.29484 2 16 517.712 7.83314e-05 2.66845 6 
2.3838 0.000177636 -1 0.993772 0.196373 0.00453092 49.3934 154906 18 29537.6 3.83856 1.64399 2 10 30871.2 15.9966 2.13085 3 13 462.804 8.63689e-05 3.2932 6 
2.38839 0.000177593 -1 0.994674 0.196335 0.00459854 49.5041 154890 14 31943.4 4.6654 1.87916 3 6 34258 18.8778 3.49249 2 14 394.031 4.46077e-05 3.13438 6 
2.39303 0.000177545 -1 0.995583 0.196485 0.00463338 49.6261 154840 18 25033.6 4.0554 1.62399 3 5 28326.3 13.5677 4.6125 2 14 324.34 5.93196e-05 3.02881 6 
2.39773 0.000177503 -1 0.996504 0.196769 0.00470522 49.7656 154735 18 20215.1 4.36451 1.59828 3 13 23128.9 17.6417 1.73707 3 14 269.893 9.19698e-05 2.89713 6 
2.40255 0.000177457 -1 0.99745 0.197148 0.00481814 49.9144 154602 18 17563.9 3.8759 1.59634 3 16 23832.4 13.5022 1.5956 3 15 237.855 7.44852e-05 2.71404 6 
2.40745 0.000177417 -1 0.998413 0.197542 0.00489713 50.0518 154505 13 14344.4 3.86595 1.88179 4 10 15526.6 14.1993 2.01317 4 16 222.332 5.33479e-05 2.59264 6 
2.41239 0.000177395 -1 0.999388 0.197824 0.00493794 50.1858 154419 11 26802.3 3.69657 2.24359 5 8 27005.3 13.4394 2.58752 4 16 238.744 8.56779e-05 2.52823 6 
2.41724 0.000177459 -1 1.00035 0.198092 0.00485632 50.3086 154367 8 28372.5 4.08464 3.02147 4 7 30014.5 15.7852 2.94063 4 16 244.243 8.2907e-05 2.53704 6 
2.42194 0.000177489 -1 1.00128 0.198235 0.00469966 50.4314 154317 12 23423.3 3.95406 2.06245 4 4 24773.4 16.0038 6.2725 3 16 246.169 4.944e-05 2.62163 6 
2.42676 0.00017746 -1 1.00223 0.198265 0.00481715 50.5719 154212 11 18817.4 4.20337 2.14736 5 10 22996.2 13.7392 2.10073 4 17 277.032 5.26065e-05 2.48532 6 
2.43166 0.000177409 -1 1.0032 0.198216 0.0048995 50.7218 154079 14 13045.1 4.08095 1.77965 5 9 14646.5 16.0418 2.13276 4 18 305.061 4.42226e-05 2.39845 6 
2.4366 0.000177354 -1 1.00418 0.198107 0.0049421 50.8787 153926 13 12054.8 3.46662 1.87242 5 9 11353.7 15.1814 2.086 5 18 328.596 5.82576e-05 2.37177 6 
2.4415 0.000177298 -1 1.00515 0.197957 0.00489913 51.0825 153633 13 23295 3.9331 1.95072 5 7 24138.5 14.2679 2.89196 5 30 341.948 7.753e-05 1.66526 6 
2.44615 0.000177243 -1 1.00607 0.197793 0.00465417 51.263 153411 14 27262.1 4.37156 1.86666 5 6 29749.1 17.0656 3.46917 5 24 325.937 7.02946e-05 1.89565 6 
2.45085 0.000177182 -1 1.007 0.197576 0.00469361 51.4326 153224 15 25245.4 4.46556 1.77891 5 10 27316.4 15.7551 2.10814 5 18 347.44 9.62713e-05 2.31366 6 
2.45566 0.000177112 -1 1.00795 0.197319 0.00481713 51.5956 153058 14 19816.4 3.82056 1.84226 5 10 15914.3 12.7237 2.04041 6 17 380.317 9.73718e-05 2.44201 6 
2.46061 0.000177048 -1 1.00892 0.197051 0.00494851 51.7632 152878 14 14924.1 3.84409 1.80453 5 8 18027.1 15.6219 2.4142 6 19 416.231 5.45857e-05 2.30263 6 
2.46561 0.000176983 -1 1.00991 0.196808 0.00499432 51.9225 152725 13 11924.7 3.76787 1.85891 5 8 10811.8 14.8536 2.27907 5 19 437.077 8.28874e-05 2.25836 6 
2.4706 0.000176917 -1 1.01089 0.196611 0.00499432 52.0844 152565 12 7896.87 3.52565 1.90189 6 8 9878.36 13.4844 2.2809 5 19 448.729 9.89904e-05 2.24046 6 
2.47537 0.000176852 -1 1.01182 0.196433 0.00476936 52.2251 152467 11 20255.6 3.80042 2.18168 6 5 17997.3 17.3911 4.00845 5 18 419.683 7.34469e-05 2.37348 6 
2.48018 0.000176786 -1 1.01277 0.196212 0.00481311 52.3983 152276 14 22360.3 4.11362 1.84843 5 9 20844.9 15.3216 2.2294 6 19 436.673 6.90707e-05 2.28003 6 
2.48513 0.000176707 -1 1.01374 0.195935 0.00495063 52.5754 152075 14 21127.9 3.5156 1.86174 5 8 18707.6 12.9706 2.48246 6 21 469.519 6.13187e-05 2.12722 6 
2.49018 0.000176634 -1 1.01473 0.195666 0.0050477 52.7515 151878 13 17638.3 3.2391 1.93815 6 7 17457.7 12.4176 2.81648 6 22 493.896 7.82803e-05 2.03746 6 
2.49528 0.000176559 -1 1.01572 0.195404 0.00509818 52.9221 151698 13 14965.2 3.53386 1.90102 5 6 14528.3 13.6328 3.19599 6 23 511.015 8.06294e-05 1.97577 6 
2.50038 0.000176483 -1 1.01672 0.195205 0.00509818 53.0929 151518 12 12223.5 3.35229 1.98071 6 6 13611.7 12.9033 3.19057 6 23 517.562 9.9072e-05 1.95924 6 
2.50533 0.000176407 -1 1.01768 0.195044 0.00494675 53.2531 151370 11 18013.3 3.40575 2.18016 5 4 24146.2 15.3443 6.29833 5 22 493.104 8.56917e-05 2.02896 6 
2.51032 0.000176332 -1 1.01866 0.194868 0.00499671 53.4048 151247 7 17548.8 4.00326 3.31331 4 7 11134.4 13.309 2.61519 5 23 508.38 6.49603e-05 1.99397 6 
2.51542 0.000176404 -1 1.01965 0.194656 0.00510081 53.5808 151056 7 16442.9 2.3328 3.54592 3 7 19016.6 11.2091 2.89312 5 28 534.24 9.32795e-05 1.74323 6 
2.52063 0.000176635 -1 1.02066 0.194466 0.00521051 53.734 150930 10 15692.7 3.46972 2.32028 4 4 17520.5 12.0639 6.17326 4 25 560.273 6.13957e-05 1.8985 6 
2.52584 0.000176838 -1 1.02167 0.194275 0.00521051 53.8918 150792 10 15511.8 3.02186 2.34984 5 4 13976 5.5061 7.09797 3 25 562.332 5.82089e-05 1.90283 6 
2.53105 0.000176956 -1 1.02268 0.194112 0.00521051 54.0499 150654 8 14748.3 3.29606 2.85985 5 5 15167.5 6.27257 4.75 3 25 563.714 6.10604e-05 1.89938 6 
2.53615 0.000177003 -1 1.02367 0.193948 0.00509723 54.205 150526 8 17686.3 3.84881 2.86938 6 5 23052.1 8.1247 4.90434 3 24 540.383 6.22542e-05 1.94583 6 
2.54125 0.000177082 -1 1.02466 0.193817 0.00509723 54.3669 150379 9 11276.3 3.63997 2.44285 6 5 12491.6 3.83471 5.0417 3 24 540.702 6.88104e-05 1.93778 6 
2.54646 0.000177145 -1 1.02567 0.193657 0.00521308 54.5396 150203 11 20401 3.65027 2.19112 6 5 17785.8 11.1239 4.37284 3 25 565.079 8.84942e-05 1.87158 6 
2.55174 0.000177237 -1 1.02669 0.193515 0.0052737 54.7134 150025 11 14410.5 3.3436 2.13996 6 5 19184.2 12.1739 4.36017 3 26 576.881 8.32305e-05 1.83277 6 
2.55701 0.000177313 -1 1.02771 0.193385 0.0052737 54.8909 149839 10 11005.6 3.50414 2.23719 6 5 9235.12 8.76631 4.02277 3 27 575.048 6.12308e-05 1.81238 6 
2.56235 0.0001774 -1 1.02874 0.193271 0.00533724 55.0781 149627 10 8278.07 3.06898 2.2034 7 5 12462 5.3862 4.70827 3 28 601.444 7.03638e-05 1.76834 6 
2.56762 0.000177468 -1 1.02976 0.193197 0.00527293 55.2511 149455 8 17383.7 3.1614 2.93449 5 5 15011 6.42174 4.71793 3 27 604.681 9.78081e-05 1.78453 6 
2.57289 0.000177435 -1 1.03077 0.193111 0.00527293 55.4172 149302 7 11029.8 3.30684 3.18645 5 5 13994.1 6.3287 4.6658 3 28 623.81 7.11668e-05 1.76993 6 
2.57823 0.000177266 -1 1.0318 0.193034 0.00533884 55.5836 149150 6 13894.3 3.2509 4.02846 4 4 14193.7 13.5206 5.69213 3 29 655.866 8.87279e-05 1.72526 6 
2.58364 0.000176896 -1 1.03285 0.192859 0.00540729 55.8233 148803 8 19656.2 2.84773 3.01908 3 6 20409.2 9.77678 3.57496 2 44 685.058 8.20225e-05 1.43653 6 
2.58905 0.000176414 -1 1.03389 0.192705 0.00540729 56.0209 148571 11 13047.8 2.70199 2.1622 3 8 11297.7 11.7736 2.35918 2 31 692.979 7.66264e-05 1.67648 7 
2.59445 0.000176347 -1 1.03493 0.192582 0.00540729 56.1483 148526 10 9782.97 2.99308 2.24613 3 6 10785.4 10.9502 3.15429 2 17 699.269 9.14334e-05 2.54047 7 
2.59986 0.000176385 -1 1.03597 0.192473 0.00540729 56.2743 148484 9 17116.1 2.98409 2.6159 2 7 13967.5 9.63722 2.82876 2 16 720.07 8.50548e-05 2.71007 7 
2.60527 0.000176517 -1 1.03701 0.19236 0.00540729 56.4016 148439 8 12544.2 2.67617 2.87651 3 8 15594.2 10.0361 2.50568 3 16 742.575 8.95534e-05 2.70655 7 
2.61068 0.000176751 -1 1.03804 0.192291 0.00540729 56.5219 148413 5 11734.1 2.66513 5.35483 3 5 13188.2 11.9752 4.05864 3 16 763.383 8.70756e-05 2.71599 7 
2.61616 0.000177216 -1 1.0391 0.192204 0.00548345 56.6524 148361 11 14564.1 2.88645 2.17085 5 4 15826.7 10.7876 6.18894 2 17 803.949 5.74097e-05 2.63249 7 
2.62142 0.000177368 -1 1.04011 0.192155 0.0052581 56.7789 148319 9 14133.5 3.44272 2.52048 6 5 18320.4 9.56314 4.53385 2 16 751.699 4.37836e-05 2.83251 7 
2.62667 0.000177501 -1 1.04112 0.192123 0.0052581 56.923 148231 11 11248.4 3.01218 2.11226 8 5 10054.5 4.01585 4.78318 2 16 764.244 4.56032e-05 2.82823 7 
2.63193 0.000177619 -1 1.04213 0.192076 0.0052581 57.0727 148129 11 14613.6 3.26747 2.14718 8 5 14031.2 4.70101 4.95428 2 16 776.902 4.52221e-05 2.83262 7 
2.63727 0.000177735 -1 1.04315 0.192008 0.00533431 57.2195 148036 11 13831.3 3.28203 2.1356 9 5 14528.7 9.10428 4.37115 2 16 814.125 6.56673e-05 2.77545 7 
2.6426 0.000177854 -1 1.04417 0.191936 0.00533431 57.3675 147939 8 12836.3 3.20814 2.82016 9 8 15494.2 12.5251 2.43528 4 16 828.367 6.33484e-05 2.78471 7 
2.64778 0.000177976 -1 1.04517 0.191876 0.00517969 57.4863 147919 5 5636.12 3.60833 4.35246 8 4 6528.46 13.2776 4.70894 3 15 792.827 7.8161e-05 2.93143 7 
2.65296 0.00017818 -1 1.04616 0.191806 0.00517969 57.5979 147916 5 14346.8 3.58702 5.25297 7 5 18100.5 5.67482 5.02051 2 15 812.311 7.66849e-05 2.93991 7 
2.65806 0.000178388 -1 1.04714 0.191748 0.00510352 57.7159 147898 6 13997.2 3.59257 3.96679 6 6 14981.4 12.9556 3.23978 2 15 804.618 9.15054e-05 2.90364 7 
2.66317 0.000178528 -1 1.04812 0.191685 0.00510352 57.8284 147894 6 12278.3 3.71345 3.85976 6 5 12890.9 12.9112 3.97982 2 15 819.644 5.51831e-05 3.00692 7 
2.66827 0.000178618 -1 1.0491 0.19162 0.00510352 57.9583 147845 9 14627.4 3.27455 2.54424 8 5 13427.5 12.3835 4.04604 2 15 833.969 5.81181e-05 3.00001 7 
2.67337 0.000178724 -1 1.05007 0.191536 0.00510352 58.0906 147790 8 14560.6 3.28615 2.85635 9 6 18618.7 13.4572 3.3381 2 15 849.436 5.90068e-05 3.00065 7 
2.6784 0.000178822 -1 1.05103 0.191468 0.005025 58.2168 147751 7 10280.4 3.8974 3.0814 9 6 10458.6 13.8197 3.01877 2 15 837.272 4.01918e-05 3.0755 7 
2.68306 0.000178913 -1 1.05192 0.191463 0.00466087 58.327 147753 5 8337.05 4.07415 4.59404 7 5 8127.89 14.3119 3.55513 2 13 731.341 5.78696e-05 3.51789 7 
2.68772 0.000179002 -1 1.05281 0.191427 0.00466087 58.452 147717 9 8650.44 4.53901 2.31448 9 5 8398.36 17.2477 3.44741 2 13 742.452 5.87069e-05 3.51808 7 
2.69245 0.000179114 -1 1.05372 0.191369 0.00473149 58.5771 147681 9 15220.6 3.51546 2.53542 9 5 18783.4 16.7188 4.07487 2 13 774.475 8.64046e-05 3.42614 7 
2.69718 0.000179216 -1 1.05463 0.191308 0.00473149 58.7123 147620 10 15634.5 3.94137 2.29004 9 5 16191.4 15.7832 4.00146 2 13 781.843 8.83485e-05 3.42278 7 
2.70164 0.000179304 -1 1.05548 0.191274 0.00445317 58.8254 147615 8 13779.3 4.2374 2.74799 9 5 14314.7 15.3347 3.92664 2 12 697.932 7.20638e-05 3.82098 7 
2.70609 0.000179396 -1 1.05633 0.191218 0.00445317 58.9491 147583 9 12489.7 4.94726 2.38792 9 5 13956.5 13.2888 4.0203 2 12 702.657 7.44048e-05 3.81296 7 
2.71048 0.000179504 -1 1.05717 0.191186 0.0043867 59.0748 147547 9 12197.1 4.59696 2.40116 10 5 14561.7 6.99051 4.61042 2 12 684.838 5.26671e-05 3.91595 7 
2.71493 0.0001796 -1 1.05802 0.19114 0.00445419 59.1962 147521 9 8394.17 4.82184 2.29132 9 5 8561.32 18.1956 3.42385 2 12 709.383 8.08196e-05 3.78978 7 
2.71939 0.000179698 -1 1.05887 0.191119 0.00445419 59.3199 147489 8 8653.3 4.29133 2.58865 10 5 7885.15 9.91403 3.80287 2 12 717.424 8.32033e-05 3.78416 7 
2.72391 0.000179793 -1 1.05973 0.191099 0.00452603 59.4357 147478 7 9315.58 4.79875 2.94935 9 5 8038.41 6.06849 4.21132 2 13 748.772 3.50262e-05 3.66305 7 
2.72844 0.000179897 -1 1.0606 0.191107 0.00452603 59.5475 147476 6 12677.6 4.77356 3.72134 8 5 8731.27 11.4077 3.77377 2 13 755.877 3.5711e-05 3.66026 7 
2.73304 0.000180014 -1 1.06148 0.191123 0.00460274 59.6722 147442 8 16200.3 4.19785 2.80745 9 7 18508.3 18.6265 2.68026 3 13 788.005 5.87061e-05 3.53424 7 
2.73764 0.00018011 -1 1.06236 0.191116 0.00460274 59.797 147409 8 19888.6 4.48076 2.85698 10 6 20931.2 16.9018 3.277 3 13 792.662 5.97245e-05 3.53117 7 
2.74233 0.000180213 -1 1.06325 0.191109 0.00468494 59.9359 147340 9 19547.3 4.1439 2.55968 10 4 20940.4 17.5906 5.8739 2 14 824.068 2.95355e-05 3.40275 7 
2.74701 0.000180307 -1 1.06415 0.191075 0.00468494 60.0782 147264 9 16749.7 4.45108 2.49622 10 5 16163.5 11.3849 4.27013 2 14 824.264 3.02955e-05 3.39664 7 
2.7517 0.000180408 -1 1.06504 0.191068 0.00468494 60.2202 147189 10 12930.4 3.88722 2.25008 10 5 12309.1 12.8896 3.94455 2 14 821.58 3.36736e-05 3.3703 7 
2.75647 0.000180496 -1 1.06595 0.191029 0.00477503 60.3751 147083 11 11294.9 3.70866 2.07347 9 5 10803.6 15.8274 3.68835 2 14 848.866 5.86674e-05 3.24683 7 
2.76134 0.000180578 -1 1.06688 0.191006 0.00487053 60.5215 146997 9 18490.8 3.89191 2.56173 9 8 12240.8 15.4527 2.3033 4 15 875.712 3.4274e-05 3.11764 7 
2.76632 0.000180673 -1 1.06784 0.190992 0.004972 60.6754 146895 10 13993.2 3.60696 2.28495 9 7 12586.7 13.9516 2.64353 5 15 902.876 6.21349e-05 3.00252 7 
2.77129 0.000180761 -1 1.06879 0.191001 0.004972 60.8342 146781 10 10710.2 3.31794 2.24333 9 7 10983.5 14.6834 2.57371 6 15 891.246 6.59272e-05 2.9881 7 
2.77626 0.000180842 -1 1.06973 0.190962 0.004972 61.01 146626 12 18310.2 3.66978 2.03316 9 8 18758.8 15.3509 2.43155 8 15 878.346 6.4844e-05 2.9885 7 
2.78123 0.000180929 -1 1.07068 0.190929 0.004972 61.1886 146466 12 20304.3 3.40725 2.06347 8 8 22310.1 13.7602 2.51904 8 15 863.319 6.56224e-05 2.98269 7 
2.78632 0.000181009 -1 1.07165 0.190844 0.00508763 61.3776 146282 12 18988.2 3.73209 2.03647 8 9 18991.1 13.0075 2.24696 8 16 886.244 4.18784e-05 2.86977 7 
2.79153 0.000181098 -1 1.07264 0.190765 0.00521172 61.5357 146172 8 15323.2 3.63058 2.83904 7 7 15350.4 13.1047 2.744 8 16 908.069 8.58631e-05 2.74802 7 
2.79674 0.000181193 -1 1.07364 0.190744 0.00521172 61.6718 146115 5 16427.1 2.79647 5.6727 5 6 12827 13.5021 3.13536 8 16 882.924 8.62446e-05 2.74244 7 
2.80209 0.000181186 -1 1.07466 0.190692 0.00534887 61.8228 146024 9 15292.8 2.33793 2.65437 5 8 12233.3 10.2689 2.42383 8 17 901.842 5.29787e-05 2.6629 7 
2.80744 0.000181161 -1 1.07568 0.190559 0.00534887 61.9801 145917 12 14984 3.04622 2.03075 5 7 13639.8 10.3755 2.78961 9 16 868.684 8.94281e-05 2.73345 7 
2.81294 0.000181117 -1 1.07672 0.19033 0.00550169 62.1427 145799 12 21070.5 2.5993 2.11707 5 6 19627.6 12.1115 3.42724 9 17 877.244 4.10815e-05 2.69864 7 
2.81844 0.000181087 -1 1.07776 0.190139 0.00550169 62.2904 145717 11 14519.3 2.42564 2.20483 5 3 13611.5 12.8297 10.1991 8 16 822.939 8.68304e-05 2.72925 7 
2.82395 0.000181032 -1 1.07881 0.190138 0.00550169 62.4352 145641 9 16854.3 3.00537 2.60936 5 3 13985.6 5.75504 13.4445 7 16 758.13 9.88566e-05 2.69337 7 
2.82945 0.000180875 -1 1.07986 0.1903 0.00550169 62.5705 145588 10 20279.6 2.74998 2.43654 4 3 12648.8 12.6844 9.99064 5 17 703.824 4.32017e-05 2.65603 7 
2.83495 0.000180693 -1 1.08091 0.190568 0.00550169 62.704 145539 11 17777 2.98506 2.20381 3 5 13605.5 10.9855 4.15508 4 17 653.358 5.96558e-05 2.59471 7 
2.84045 0.000180528 -1 1.08195 0.19082 0.00550169 62.83 145508 9 8595.93 2.76603 2.4437 3 5 7265.63 10.8195 3.67632 3 17 608.274 4.92526e-05 2.61311 7 
2.84595 0.000180432 -1 1.08299 0.191092 0.00550169 62.9683 145449 12 8561.55 2.43703 1.97458 3 8 8746.84 12.6054 2.26549 3 17 616.823 4.47052e-05 2.6302 7 
2.85145 0.000180338 -1 1.08404 0.191342 0.00550169 63.0998 145405 10 9764.09 2.73839 2.26576 3 7 9297.16 13.1541 2.55294 3 17 656.823 3.90793e-05 2.66091 7 
2.85696 0.000180288 -1 1.0851 0.191515 0.00550169 63.2169 145395 6 11095.1 1.90867 4.24033 3 6 8229.41 10.3102 3.04567 3 16 700.67 9.71356e-05 2.68308 7 
2.86246 0.000180642 -1 1.08616 0.191603 0.00550169 63.338 145376 9 11993.8 3.20056 2.49506 4 4 11887.7 4.459 7.18563 3 16 747.497 8.89891e-05 2.70874 7 
2.86796 0.000180868 -1 1.08721 0.191659 0.00550169 63.4673 145338 12 10687.7 2.94902 1.97971 3 6 10158.5 9.23891 3.21269 3 16 792.091 8.65669e-05 2.72326 7 
2.87346 0.000181024 -1 1.08826 0.191547 0.00550169 63.6493 145180 13 12690.2 3.03174 1.89932 4 7 10852.1 12.4962 2.62917 4 24 839.06 6.57168e-05 1.97737 7 
2.87921 0.000181172 -1 1.08936 0.191304 0.00575177 63.839 145005 14 11545.5 2.46788 1.82873 4 10 12000.2 11.3025 2.00725 3 23 962.762 7.2e-05 2.04096 7 
2.88496 0.000181281 -1 1.09046 0.19095 0.00575177 64.0066 144881 14 13853.5 2.67489 1.84206 4 11 12958.1 10.517 1.90971 4 18 1002.25 5.04778e-05 2.54353 7 
2.89072 0.000181394 -1 1.09156 0.19053 0.00575177 64.164 144781 12 15447.5 2.8958 2.04452 5 11 14290.7 9.67308 1.94149 4 18 1035.47 5.70154e-05 2.53096 7 
2.89618 0.000181489 -1 1.0926 0.190124 0.00546418 64.3195 144686 12 12881.4 3.33591 1.9902 5 10 11432.5 9.75074 2.02726 6 16 959.692 9.99218e-05 2.73152 7 
2.90137 0.000181574 -1 1.09358 0.189753 0.00519097 64.457 144631 10 7621.16 3.42403 2.16147 5 7 8146.49 14.4361 2.47215 5 15 885.647 8.19644e-05 2.9438 7 
2.90656 0.000181668 -1 1.09456 0.189389 0.00519097 64.593 144580 13 16832.6 3.19659 1.93315 5 6 12391.2 13.174 3.13016 5 15 900.494 9.5816e-05 2.91655 7 
2.91175 0.000181754 -1 1.09554 0.189016 0.00519097 64.7409 144503 11 15681.6 3.67118 2.13822 6 8 16027.7 13.5203 2.42234 5 16 909.981 3.90448e-05 2.88713 7 
2.91727 0.000181849 -1 1.09659 0.188635 0.00551541 64.9012 144399 14 17888.3 2.81237 1.8693 6 5 16870.8 11.8569 4.27201 5 18 1031 3.89983e-05 2.58431 7 
2.92244 0.000181918 -1 1.09757 0.188358 0.00517069 65.0543 144311 10 12227 2.98493 2.29741 7 8 10422.7 13.939 2.28675 6 16 905.277 5.39044e-05 2.82861 7 
2.92761 0.000181991 -1 1.09855 0.188116 0.00517069 65.1794 144285 6 12410.4 3.60362 3.88605 6 3 12395.2 7.49106 11.8278 5 16 900.507 6.54345e-05 2.79362 7 
2.93278 0.000182098 -1 1.09951 0.188022 0.00517069 65.2969 144276 4 16812.9 3.52436 8.31076 4 3 17429.6 11.242 11.5739 4 16 892.377 8.26974e-05 2.75148 7 
2.93795 0.000182146 -1 1.10048 0.187857 0.00517069 65.4355 144221 11 18872.1 3.35539 2.19238 4 3 18269.8 12.2311 11.4311 3 17 882.467 3.92984e-05 2.70664 7 
2.94312 0.000182084 -1 1.10145 0.187756 0.00517069 65.5885 144135 12 16163.1 3.26473 2.03184 6 8 14207.5 11.8337 2.42619 3 17 869.559 5.2271e-05 2.6593 7 
2.94829 0.000182006 -1 1.10242 0.187673 0.00517069 65.7537 144022 14 12085 3.07278 1.8062 6 9 13051.2 13.5351 2.14574 5 17 854.944 6.97436e-05 2.61196 7 
2.95346 0.000181925 -1 1.10339 0.187641 0.00517069 65.9222 143902 14 17659.3 3.41244 1.84196 6 9 17213.4 14.2707 2.19978 6 17 839.73 9.58289e-05 2.56089 7 
2.95863 0.000181824 -1 1.10437 0.187643 0.00517069 66.1043 143753 14 19908.8 3.09958 1.8706 6 8 19775.2 14.6101 2.46282 6 18 823.739 5.33332e-05 2.50829 7 
2.96381 0.000181721 -1 1.10533 0.187688 0.00517069 66.2869 143605 15 15234.4 3.13982 1.76087 5 10 14238.8 13.5379 2.00536 5 18 807.323 7.97466e-05 2.45011 7 
2.96898 0.000181596 -1 1.10629 0.187765 0.00517069 66.4676 143461 13 13278.5 3.40477 1.88902 6 10 14395 12.9541 2.01642 5 19 790.71 4.97045e-05 2.3935 7 
2.97415 0.000181435 -1 1.10726 0.187856 0.00517069 66.6475 143319 13 18553.7 3.38936 1.93893 6 9 18298.1 12.3427 2.25078 6 19 774.215 7.57585e-05 2.33839 7 
2.97932 0.000181237 -1 1.10823 0.187955 0.00517069 66.8358 143161 12 20210 3.61575 2.05249 6 8 19684 14.6897 2.45973 6 20 757.941 4.94765e-05 2.28698 7 
2.98449 0.000181036 -1 1.10921 0.188079 0.00517069 67.0121 143029 11 12804.4 3.43929 2.11167 6 8 12209 12.9471 2.35404 6 20 741.981 7.35526e-05 2.2397 7 
2.98966 0.000180824 -1 1.11018 0.188198 0.00517069 67.1849 142904 11 15419.5 3.3582 2.15231 5 7 13408.6 11.5312 2.74113 5 21 726.141 4.92053e-05 2.19473 7 
2.99483 0.000180627 -1 1.11115 0.188347 0.00517069 67.3533 142790 9 19801.5 3.068 2.65043 6 8 22694.4 11.7349 2.57516 5 21 710.385 7.32803e-05 2.15125 7 
3 0.000180448 -1 1.11212 0.188499 0.00517069 67.5139 142693 8 19523.7 3.5982 2.92961 5 6 18402.4 10.4501 3.47503 5 22 694.432 4.89531e-05 2.1139 7 

# Multigrid, 588 steps, 2157.79 CPU, 67.67 real, 1.42e+05 points.step/s, 24 var
