0.601562 0.294141
0.599358 0.296875

0.599308 0.296875
0.598548 0.304688

0.599296 0.304688
0.601562 0.308021

0.601562 0.295796
0.609375 0.289539

0.601562 0.306793
0.607536 0.3125

0.608075 0.3125
0.609375 0.313311

0.617188 0.288207
0.614436 0.289062

0.609375 0.290147
0.612864 0.289062

0.609375 0.313119
0.617188 0.316721

0.617188 0.288336
0.625 0.287286

0.617188 0.31624
0.625 0.318941

0.625 0.287265
0.632812 0.286841

0.625 0.319007
0.629177 0.320312

0.628586 0.320312
0.632812 0.321633

0.632812 0.286871
0.640625 0.287052

0.632812 0.321399
0.640625 0.323547

0.640625 0.287269
0.648438 0.287562

0.640625 0.323576
0.648438 0.325657

0.648438 0.287467
0.65625 0.287628

0.648438 0.325771
0.65625 0.327499

0.65625 0.287581
0.664062 0.287894

0.65625 0.327424
0.660547 0.328125

0.660387 0.328125
0.664062 0.328725

0.664062 0.287939
0.671875 0.288407

0.664062 0.32864
0.671875 0.329728

0.671875 0.288405
0.679688 0.28894

0.671875 0.329776
0.679688 0.330721

0.679688 0.288954
0.681191 0.289062

0.681078 0.289062
0.6875 0.289526

0.679688 0.330754
0.6875 0.331394

0.6875 0.289529
0.695312 0.29007

0.6875 0.33133
0.695312 0.331726

0.695312 0.290055
0.703125 0.290592

0.695312 0.331725
0.703125 0.332006

0.703125 0.29059
0.710938 0.291156

0.703125 0.332013
0.710938 0.332167

0.710938 0.291162
0.71875 0.291751

0.710938 0.33217
0.71875 0.332179

0.71875 0.291757
0.726562 0.292345

0.71875 0.332171
0.726562 0.332047

0.726562 0.29235
0.734375 0.292919

0.726562 0.332036
0.734375 0.331817

0.734375 0.292917
0.742188 0.293462

0.734375 0.331814
0.742188 0.331529

0.742188 0.293463
0.75 0.293986

0.742188 0.33153
0.75 0.331186

0.75 0.294001
0.757812 0.294469

0.75 0.331188
0.757812 0.330776

0.757812 0.29447
0.765625 0.294849

0.757812 0.330776
0.765625 0.330296

0.765625 0.294822
0.773438 0.295164

0.765625 0.330266
0.773438 0.32978

0.773438 0.295117
0.78125 0.295573

0.773438 0.32975
0.78125 0.329377

0.78125 0.295567
0.789062 0.296243

0.78125 0.3294
0.789062 0.329154

0.789062 0.296297
0.794734 0.296875

0.794663 0.296875
0.796875 0.2971

0.789062 0.329171
0.796875 0.328971

0.796875 0.297115
0.804688 0.297878

0.796875 0.328949
0.804688 0.328803

0.804688 0.29788
0.8125 0.298567

0.804688 0.328805
0.8125 0.328749

0.8125 0.298572
0.820312 0.299169

0.8125 0.328757
0.820312 0.328773

0.820312 0.299173
0.828125 0.299662

0.820312 0.32878
0.828125 0.328838

0.828125 0.299665
0.835938 0.300034

0.828125 0.328849
0.835938 0.328914

0.835938 0.300038
0.84375 0.300273

0.835938 0.328933
0.84375 0.328945

0.84375 0.300276
0.851562 0.300365

0.84375 0.328973
0.851562 0.328838

0.851562 0.30036
0.859375 0.300308

0.851562 0.328843
0.859375 0.328493

0.859375 0.300302
0.867188 0.300133

0.867188 0.327975
0.864832 0.328125

0.859375 0.328445
0.864401 0.328125

0.867188 0.30013
0.875 0.299862

0.867188 0.327969
0.875 0.327374

0.875 0.299856
0.882812 0.299507

0.875 0.327367
0.882812 0.326666

0.882812 0.299497
0.890625 0.299099

0.882812 0.326649
0.890625 0.325889

0.890625 0.299091
0.898438 0.298678

0.890625 0.32585
0.898438 0.325146

0.898438 0.298673
0.90625 0.298273

0.898438 0.325122
0.90625 0.3246

0.90625 0.298272
0.914062 0.297897

0.90625 0.324604
0.914062 0.324306

0.914062 0.297893
0.921875 0.297556

0.914062 0.324318
0.921875 0.32421

0.921875 0.297551
0.929688 0.297269

0.921875 0.324219
0.929688 0.324257

0.929688 0.297333
0.9375 0.296989

0.929688 0.324269
0.9375 0.324413

0.945312 0.296448
0.939163 0.296875

0.9375 0.297006
0.93939 0.296875

0.9375 0.324419
0.945312 0.324634

0.945312 0.296512
0.953125 0.295639

0.945312 0.324632
0.953125 0.324909

0.953125 0.295696
0.960938 0.29426

0.953125 0.32492
0.960938 0.325242

0.960938 0.294207
0.96875 0.292198

0.960938 0.325254
0.96875 0.325573

0.96875 0.29231
0.976562 0.289608

0.96875 0.325583
0.976562 0.325854

0.984375 0.285875
0.977909 0.289062

0.976562 0.289712
0.977896 0.289062

0.976562 0.325871
0.984375 0.326043

0.992188 0.280171
0.99078 0.28125

0.984375 0.286088
0.99117 0.28125

0.984375 0.32606
0.992188 0.326067

1 0.27237
0.999126 0.273438

0.992188 0.280503
0.999342 0.273438

0.992188 0.326026
1 0.325915

1.00781 0.260819
1.00499 0.265625

1 0.272374
1.00512 0.265625

1 0.32594
1.00781 0.325744

1.01562 0.243016
1.01307 0.25

1.01312 0.25
1.00951 0.257812

1.00781 0.260816
1.00956 0.257812

1.00781 0.325745
1.01562 0.325414

1.02344 0.203169
1.02255 0.210938

1.02256 0.210938
1.02142 0.21875

1.02143 0.21875
1.01998 0.226562

1.01999 0.226562
1.01816 0.234375

1.01818 0.234375
1.01589 0.242188

1.01562 0.242999
1.01592 0.242188

1.01562 0.325418
1.02344 0.324942

1.02635 0
1.02634 0.0078125

1.02634 0.0078125
1.02634 0.015625

1.02634 0.015625
1.02633 0.0234375

1.02633 0.0234375
1.02631 0.03125

1.02631 0.03125
1.02629 0.0390625

1.02629 0.0390625
1.02627 0.046875

1.02627 0.046875
1.02624 0.0546875

1.02624 0.0546875
1.02622 0.0625

1.02621 0.0625
1.02619 0.0703125

1.02619 0.0703125
1.02616 0.078125

1.02616 0.078125
1.02613 0.0859375

1.02613 0.0859375
1.02611 0.09375

1.02611 0.09375
1.02608 0.101562

1.02608 0.101562
1.02605 0.109375

1.02605 0.109375
1.02602 0.117188

1.02603 0.117188
1.02599 0.125

1.02599 0.125
1.02595 0.132812

1.02595 0.132812
1.02589 0.140625

1.02589 0.140625
1.02581 0.148438

1.02581 0.148438
1.0257 0.15625

1.0257 0.15625
1.02555 0.164062

1.02555 0.164062
1.02533 0.171875

1.02534 0.171875
1.02504 0.179688

1.02505 0.179688
1.02465 0.1875

1.02466 0.1875
1.02412 0.195312

1.02344 0.203059
1.02413 0.195312

1.02344 0.324939
1.03125 0.324315

1.03125 0.324321
1.03906 0.323544

1.03906 0.323546
1.04688 0.322598

1.04688 0.322592
1.05469 0.321482

1.0625 0.320227
1.06197 0.320312

1.05469 0.321482
1.06195 0.320312

1.0625 0.320232
1.07031 0.318809

1.07031 0.318809
1.07812 0.317206

1.07812 0.3172
1.08594 0.315431

1.08594 0.31543
1.09375 0.313508

1.10156 0.311426
1.09755 0.3125

1.09375 0.313517
1.09755 0.3125

1.10156 0.311426
1.10938 0.309151

1.10938 0.309142
1.11719 0.3067

1.125 0.304106
1.12326 0.304688

1.11719 0.306708
1.12323 0.304688

1.125 0.3041
1.13281 0.301291

1.13281 0.301276
1.14062 0.298298

1.14844 0.29516
1.14422 0.296875

1.14062 0.298317
1.14418 0.296875

1.14844 0.295129
1.15625 0.291753

1.16406 0.288215
1.16221 0.289062

1.15625 0.29177
1.16217 0.289062

1.16406 0.288188
1.17188 0.284402

1.17969 0.280429
1.17809 0.28125

1.17188 0.284414
1.17804 0.28125

1.17969 0.28039
1.1875 0.276157

1.19531 0.271744
1.19236 0.273438

1.1875 0.276164
1.19225 0.273438

1.19531 0.271681
1.20312 0.266933

1.21094 0.261963
1.20522 0.265625

1.20312 0.26691
1.20516 0.265625

1.21875 0.256733
1.21713 0.257812

1.21094 0.261936
1.21701 0.257812

1.21875 0.256648
1.22656 0.251032

1.23438 0.245108
1.22794 0.25

1.22656 0.25099
1.2279 0.25

1.24219 0.238856
1.23803 0.242188

1.23438 0.245029
1.238 0.242188

1.25 0.232186
1.24747 0.234375

1.24219 0.238762
1.24736 0.234375

1.25781 0.225073
1.25621 0.226562

1.25 0.232084
1.25609 0.226562

1.26562 0.217482
1.26435 0.21875

1.25781 0.224955
1.26426 0.21875

1.27344 0.209357
1.27196 0.210938

1.26562 0.217407
1.27188 0.210938

1.28125 0.200604
1.27907 0.203125

1.27344 0.209259
1.279 0.203125

1.28906 0.191197
1.28577 0.195312

1.28125 0.200541
1.28568 0.195312

1.29688 0.181056
1.29202 0.1875

1.28906 0.191171
1.29193 0.1875

1.30469 0.17002
1.30347 0.171875

1.3034 0.171875
1.29788 0.179688

1.29688 0.180995
1.29783 0.179688

1.3125 0.157784
1.3086 0.164062

1.30469 0.169895
1.30856 0.164062

1.32031 0.144143
1.31798 0.148438

1.31795 0.148438
1.31342 0.15625

1.3125 0.157714
1.31339 0.15625

1.32812 0.128666
1.32617 0.132812

1.32615 0.132812
1.32219 0.140625

1.32031 0.144063
1.32218 0.140625

1.33594 0.110543
1.33325 0.117188

1.33324 0.117188
1.32982 0.125

1.32812 0.128593
1.32982 0.125

1.34375 0.0880895
1.34198 0.09375

1.34197 0.09375
1.3393 0.101562

1.3393 0.101562
1.3364 0.109375

1.33594 0.110495
1.33639 0.109375

1.35156 0.0564413
1.35036 0.0625

1.35035 0.0625
1.34859 0.0703125

1.34859 0.0703125
1.34661 0.078125

1.34661 0.078125
1.34441 0.0859375

1.34375 0.0880485
1.34441 0.0859375

1.35689 0
1.35679 0.0078125

1.35679 0.0078125
1.35649 0.015625

1.35649 0.015625
1.35598 0.0234375

1.35598 0.0234375
1.35527 0.03125

1.35527 0.03125
1.35436 0.0390625

1.35436 0.0390625
1.35324 0.046875

1.35324 0.046875
1.35191 0.0546875

1.35156 0.0563641
1.3519 0.0546875

kappa_offset_provider_stats evaluations=103004 clamp_hits=0 denominator_guard_hits=0 min_abs_denominator=0.74988212055483239 max_abs_d_over_h=0.50059170588953439 grad_samples=103004 grad_min=0.82167146165428251 grad_mean=0.9991167561768749 grad_std=0.0085460778584592837 grad_max=1.014157604437629
