0 0.00943456
0.0338878 0.00942805
0.0677756 0.0094113
0.101663 0.00938286
0.135551 0.00934525
0.169439 0.00929866
0.203327 0.0092432
0.237215 0.00917901
0.271102 0.00910621
0.30499 0.00902497
0.338878 0.00893538
0.372766 0.00883764
0.406653 0.00873184
0.440541 0.00861821
0.474429 0.00849683
0.508317 0.00836795
0.542205 0.00823165
0.576092 0.00808822
0.60998 0.00793771
0.643868 0.00778045
0.677756 0.00761648
0.711644 0.00744617
0.745531 0.00726953
0.779419 0.00708697
0.813307 0.00689853
0.847195 0.00670461
0.881082 0.00650522
0.91497 0.00630079
0.948858 0.00609131
0.982746 0.00587727
1.01663 0.00565862
1.05052 0.00543589
1.08441 0.00520902
1.1183 0.00497854
1.15218 0.00474441
1.18607 0.00450715
1.21996 0.00426671
1.25385 0.00402365
1.28774 0.00377791
1.32162 0.00353005
1.35551 0.00328001
1.3894 0.00302837
1.42329 0.00277505
1.45717 0.00252064
1.49106 0.00226506
1.52495 0.00200889
1.55884 0.00175205
1.59273 0.00149511
1.62661 0.00123799
1.6605 0.000981232
1.69439 0.00072478
1.72828 0.000469155
1.76216 0.000214295
1.79605 5.68611e-05
1.82994 0.000296819
1.86383 0.000551176
1.89772 0.000803332
1.9316 0.00105332
1.96549 0.00130062
1.99938 0.00154524
2.03327 0.00178671
2.06716 0.00202501
2.10104 0.0022597
2.13493 0.00249078
2.16882 0.00271782
2.20271 0.00294082
2.23659 0.0031594
2.27048 0.00337354
2.30437 0.00358293
2.33826 0.00378753
2.37215 0.00398707
2.40603 0.00418153
2.43992 0.00437068
2.47381 0.00455449
2.5077 0.00473278
2.54158 0.00490553
2.57547 0.0050726
2.60936 0.00523396
2.64325 0.00538951
2.67714 0.00553923
2.71102 0.00568303
2.74491 0.0058209
2.7788 0.00595277
2.81269 0.00607875
2.84657 0.00619879
2.88046 0.00631272
2.91435 0.00642051
2.94824 0.00652213
2.98213 0.00661757
3.01601 0.00670674
3.0499 0.00678967
3.08379 0.00686628
3.11768 0.00693656
3.15156 0.00700046
3.18545 0.00705794
3.21934 0.00710897
3.25323 0.00715353
3.28712 0.00719157
3.321 0.00722309
3.35489 0.00724805
3.38878 0.00726644
3.42267 0.00727825
3.45655 0.00728347
3.49044 0.0072821
3.52433 0.00727415
3.55822 0.00725964
3.59211 0.00723858
3.62599 0.00721101
3.65988 0.00717697
3.69377 0.00713651
3.72766 0.00708967
3.76154 0.00703655
3.79543 0.00697718
3.82932 0.00691169
3.86321 0.00684011
3.8971 0.00676261
3.93098 0.00667927
3.96487 0.0065902
3.99876 0.00649551
4.03265 0.00639533
4.06653 0.00628978
4.10042 0.00617901
4.13431 0.00606315
4.1682 0.0059424
4.20209 0.0058168
4.23597 0.00568663
4.26986 0.00555189
4.30375 0.00541291
4.33764 0.00526967
4.37152 0.00512252
4.40541 0.00497144
4.4393 0.00481678
4.47319 0.00465852
4.50708 0.00449703
4.54096 0.00433233
4.57485 0.00416476
4.60874 0.00399429
4.64263 0.00382129
4.67651 0.00364574
4.7104 0.00346803
4.74429 0.00328812
4.77818 0.0031064
4.81207 0.00292284
4.84595 0.00273783
4.87984 0.00255131
4.91373 0.00236366
4.94762 0.00217485
4.9815 0.00198523
5.01539 0.00179481
5.04928 0.00160397
5.08317 0.0014126
5.11706 0.00122104
5.15094 0.00102925
5.18483 0.00083755
5.21872 0.0006459
5.25261 0.000454636
5.28649 0.000263706
5.32038 7.34493e-05
5.35427 0.000161008
5.38816 0.000348336
5.42205 0.000533745
5.45593 0.000717286
5.48982 0.000898652
5.52371 0.00107789
5.5576 0.00125472
5.59149 0.00142919
5.62537 0.00160105
5.65926 0.00177032
5.69315 0.00193679
5.72704 0.00210047
5.76092 0.00226116
5.79481 0.00241887
5.8287 0.0025734
5.86259 0.00272476
5.89648 0.00287276
5.93036 0.00301738
5.96425 0.00315847
5.99814 0.00329599
6.03203 0.00342979
6.06591 0.00355983
6.0998 0.00368598
6.13369 0.00380818
6.16758 0.0039263
6.20147 0.00404031
6.23535 0.0041501
6.26924 0.00425557
6.30313 0.00435666
6.33702 0.00445332
6.3709 0.00454545
6.40479 0.00463298
6.43868 0.00471584
6.47257 0.00479399
6.50646 0.00486737
6.54034 0.00493593
6.57423 0.00499963
6.60812 0.00505843
6.64201 0.0051123
6.67589 0.00516121
6.70978 0.00520512
6.74367 0.00524404
6.77756 0.00527793
6.81145 0.0053068
6.84533 0.00533063
6.87922 0.00534944
6.91311 0.00536321
6.947 0.00537198
6.98088 0.00537575
7.01477 0.00537454
7.04866 0.00536838
7.08255 0.00535731
7.11644 0.00534136
7.15032 0.00532057
7.18421 0.00529499
7.2181 0.00526466
7.25199 0.00522964
7.28587 0.00518999
7.31976 0.00514575
7.35365 0.00509702
7.38754 0.00504384
7.42143 0.0049863
7.45531 0.00492444
7.4892 0.00485839
7.52309 0.00478817
7.55698 0.00471392
7.59086 0.00463566
7.62475 0.00455356
7.65864 0.00446762
7.69253 0.00437801
7.72642 0.00428477
7.7603 0.00418805
7.79419 0.00408789
7.82808 0.0039845
7.86197 0.00387786
7.89585 0.00376819
7.92974 0.00365548
7.96363 0.00353999
7.99752 0.00342171
8.03141 0.00330087
8.06529 0.00317748
8.09918 0.00305179
8.13307 0.0029238
8.16696 0.00279375
8.20084 0.00266168
8.23473 0.00252783
8.26862 0.00239221
8.30251 0.00225507
8.3364 0.00211654
8.37028 0.00197677
8.40417 0.00183578
8.43806 0.00169381
8.47195 0.00155089
8.50583 0.00140728
8.53972 0.00126301
8.57361 0.00111832
8.6075 0.000973262
8.64139 0.000828081
8.67527 0.000682813
8.70916 0.000537719
8.74305 0.000392836
8.77694 0.000248423
8.81082 0.000104522
8.84471 4.24511e-05
8.8786 0.000161646
8.91249 0.000301764
8.94638 0.000440757
8.98026 0.000578595
9.01415 0.000715045
9.04804 0.000850071
9.08193 0.000983453
9.11582 0.00111515
9.1497 0.00124496
9.18359 0.00137283
9.21748 0.00149868
9.25137 0.00162236
9.28525 0.00174368
9.31914 0.00186259
9.35303 0.00197896
9.38692 0.00209272
9.42081 0.0022038
9.45469 0.00231207
9.48858 0.00241749
9.52247 0.00251995
9.55636 0.00261943
9.59024 0.00271583
9.62413 0.00280924
9.65802 0.00289953
9.69191 0.0029866
9.7258 0.00307042
9.75968 0.00315095
9.79357 0.00322816
9.82746 0.00330199
9.86135 0.00337244
9.89523 0.00343945
9.92912 0.003503
9.96301 0.00356307
9.9969 0.00361961
10.0308 0.00367262
10.0647 0.00372206
10.0986 0.00376791
10.1324 0.00381015
10.1663 0.00384875
10.2002 0.00388369
10.2341 0.003915
10.268 0.00394272
10.3019 0.00396673
10.3358 0.00398701
10.3697 0.00400356
10.4036 0.00401634
10.4374 0.00402537
10.4713 0.00403063
10.5052 0.00403213
10.5391 0.00402987
10.573 0.00402386
10.6069 0.00401411
10.6408 0.00400064
10.6747 0.00398348
10.7085 0.00396264
10.7424 0.00393818
10.7763 0.00391012
10.8102 0.00387852
10.8441 0.0038434
10.878 0.00380485
10.9119 0.00376288
10.9458 0.0037176
10.9796 0.00366903
11.0135 0.00361728
11.0474 0.00356238
11.0813 0.00350453
11.1152 0.00344369
11.1491 0.00337995
11.183 0.00331338
11.2169 0.00324409
11.2507 0.00317212
11.2846 0.00309761
11.3185 0.00302061
11.3524 0.00294126
11.3863 0.00285959
11.4202 0.00277577
11.4541 0.00268983
11.488 0.00260193
11.5218 0.00251211
11.5557 0.00242052
11.5896 0.00232721
11.6235 0.00223234
11.6574 0.00213595
11.6913 0.00203821
11.7252 0.00193914
11.7591 0.00183893
11.793 0.0017376
11.8268 0.00163533
11.8607 0.00153215
11.8946 0.00142824
11.9285 0.00132371
11.9624 0.00121865
11.9963 0.00111312
12.0302 0.00100723
12.0641 0.000901078
12.0979 0.00079476
12.1318 0.000688389
12.1657 0.000582046
12.1996 0.000475843
12.2335 0.000369856
12.2674 0.000264192
12.3013 0.000158922
12.3352 5.41448e-05
12.369 5.80483e-05
12.4029 0.000163947
12.4368 0.000269042
12.4707 0.000373178
12.5046 0.000476323
12.5385 0.000578321
12.5724 0.000679131
12.6063 0.000778609
12.6401 0.000876714
12.674 0.000973316
12.7079 0.00106838
12.7418 0.00116176
12.7757 0.00125342
12.8096 0.00134324
12.8435 0.0014312
12.8774 0.0015172
12.9112 0.00160118
12.9451 0.00168304
12.979 0.00176275
13.0129 0.00184024
13.0468 0.00191546
13.0807 0.00198835
13.1146 0.00205888
13.1485 0.002127
13.1823 0.00219269
13.2162 0.0022559
13.2501 0.00231661
13.284 0.00237479
13.3179 0.00243042
13.3518 0.00248348
13.3857 0.00253396
13.4196 0.00258183
13.4535 0.00262709
13.4873 0.00266972
13.5212 0.00270971
13.5551 0.00274705
13.589 0.00278172
13.6229 0.00281373
13.6568 0.00284305
13.6907 0.00286969
13.7246 0.00289362
13.7584 0.00291485
13.7923 0.00293336
13.8262 0.00294915
13.8601 0.00296222
13.894 0.00297255
13.9279 0.00298014
13.9618 0.00298499
13.9957 0.00298711
14.0295 0.00298649
14.0634 0.00298314
14.0973 0.00297707
14.1312 0.00296829
14.1651 0.00295681
14.199 0.00294266
14.2329 0.00292585
14.2668 0.00290641
14.3006 0.00288436
14.3345 0.00285975
14.3684 0.0028326
14.4023 0.00280295
14.4362 0.00277085
14.4701 0.00273634
14.504 0.00269945
14.5379 0.00266027
14.5717 0.00261881
14.6056 0.00257516
14.6395 0.00252935
14.6734 0.00248146
14.7073 0.00243153
14.7412 0.00237964
14.7751 0.00232584
14.809 0.0022702
14.8429 0.00221277
14.8767 0.00215364
14.9106 0.00209285
14.9445 0.0020305
14.9784 0.00196662
15.0123 0.00190131
15.0462 0.00183461
15.0801 0.00176662
15.114 0.00169737
15.1478 0.00162697
15.1817 0.00155545
15.2156 0.00148292
15.2495 0.00140941
15.2834 0.00133503
15.3173 0.00125982
15.3512 0.00118389
15.3851 0.00110726
15.4189 0.00103006
15.4528 0.000952301
15.4867 0.000874104
15.5206 0.000795498
15.5545 0.000716587
15.5884 0.000637404
15.6223 0.000558052
15.6562 0.000478562
15.69 0.000399033
15.7239 0.000319499
15.7578 0.000240056
15.7917 0.000160737
15.8256 8.16397e-05
15.8595 2.58818e-05
15.8934 0.000104395
15.9273 0.000182226
15.9611 0.000259341
15.995 0.000335636
16.0289 0.000411073
16.0628 0.00048555
16.0967 0.00055903
16.1306 0.000631422
16.1645 0.000702689
16.1984 0.000772751
16.2323 0.000841576
16.2661 0.000909091
16.3 0.000975271
16.3339 0.00104005
16.3678 0.00110342
16.4017 0.00116531
16.4356 0.00122571
16.4695 0.00128458
16.5034 0.00134191
16.5372 0.00139765
16.5711 0.00145191
16.605 0.00150475
16.6389 0.00155595
16.6728 0.00160548
16.7067 0.00165331
16.7406 0.00169943
16.7745 0.0017438
16.8083 0.0017864
16.8422 0.00182722
16.8761 0.00186622
16.91 0.00190339
16.9439 0.0019387
16.9778 0.00197214
17.0117 0.00200367
17.0456 0.00203328
17.0794 0.00206094
17.1133 0.00208665
17.1472 0.00211036
17.1811 0.00213208
17.215 0.00215177
17.2489 0.00216943
17.2828 0.00218503
17.3167 0.00219857
17.3505 0.00221003
17.3844 0.00221941
17.4183 0.00222677
17.4522 0.00223202
17.4861 0.00223525
17.52 0.00223636
17.5539 0.00223535
17.5878 0.00223223
17.6216 0.00222701
17.6555 0.0022197
17.6894 0.00221032
17.7233 0.00219889
17.7572 0.00218543
17.7911 0.00216997
17.825 0.00215254
17.8589 0.00213316
17.8928 0.00211188
17.9266 0.00208873
17.9605 0.00206374
17.9944 0.00203695
18.0283 0.00200841
18.0622 0.00197815
18.0961 0.00194622
18.13 0.00191266
18.1639 0.00187751
18.1977 0.00184082
18.2316 0.00180262
18.2655 0.00176298
18.2994 0.00172191
18.3333 0.00167949
18.3672 0.00163575
18.4011 0.00159079
18.435 0.00154459
18.4688 0.00149722
18.5027 0.0014487
18.5366 0.0013991
18.5705 0.00134845
18.6044 0.00129682
18.6383 0.00124424
18.6722 0.00119077
18.7061 0.00113646
18.7399 0.00108137
18.7738 0.00102554
18.8077 0.000969036
18.8416 0.000911893
18.8755 0.000854184
18.9094 0.000795944
18.9433 0.000737246
18.9772 0.000678125
19.011 0.000618652
19.0449 0.000558863
19.0788 0.000498835
19.1127 0.000438604
19.1466 0.000378246
19.1805 0.000317798
19.2144 0.000257339
19.2483 0.000196907
19.2822 0.00013658
19.316 7.63985e-05
19.3499 2.66469e-05
19.3838 3.88595e-05
19.4177 9.66274e-05
19.4516 0.000153975
19.4855 0.000210886
19.5194 0.000267298
19.5533 0.000323186
19.5871 0.000378491
19.621 0.000433184
19.6549 0.000487206
19.6888 0.000540527
19.7227 0.000593086
19.7566 0.00064485
19.7905 0.000695758
19.8244 0.000745776
19.8582 0.000794845
19.8921 0.000842927
19.926 0.000889967
19.9599 0.000935929
19.9938 0.000980761
20.0277 0.00102443
20.0616 0.00106688
20.0955 0.00110809
20.1293 0.00114801
20.1632 0.00118662
20.1971 0.00122388
20.231 0.00125977
20.2649 0.00129426
20.2988 0.00132733
20.3327 0.00135897
20.3666 0.00138918
20.4004 0.0014179
20.4343 0.00144513
20.4682 0.00147086
20.5021 0.00149507
20.536 0.00151776
20.5699 0.00153892
20.6038 0.00155855
20.6377 0.00157665
20.6716 0.0015932
20.7054 0.00160821
20.7393 0.00162167
20.7732 0.00163359
20.8071 0.00164395
20.841 0.0016528
20.8749 0.0016601
20.9088 0.00166585
20.9427 0.00167005
20.9765 0.00167271
21.0104 0.00167381
21.0443 0.00167337
21.0782 0.0016714
21.1121 0.00166788
21.146 0.00166283
21.1799 0.00165626
21.2138 0.00164817
21.2476 0.00163858
21.2815 0.0016275
21.3154 0.00161493
21.3493 0.0016009
21.3832 0.00158542
21.4171 0.00156852
21.451 0.0015502
21.4849 0.0015305
21.5187 0.00150943
21.5526 0.00148703
21.5865 0.00146332
21.6204 0.00143833
21.6543 0.00141215
21.6882 0.00138477
21.7221 0.0013562
21.756 0.00132648
21.7898 0.00129565
21.8237 0.00126375
21.8576 0.0012308
21.8915 0.00119686
21.9254 0.00116196
21.9593 0.00112614
21.9932 0.00108945
22.0271 0.00105192
22.061 0.00101361
22.0948 0.00097455
22.1287 0.000934792
22.1626 0.000894374
22.1965 0.00085335
22.2304 0.000811756
22.2643 0.000769649
22.2982 0.000727062
22.3321 0.000684054
22.3659 0.000640659
22.3998 0.000596933
22.4337 0.000552911
22.4676 0.000508651
22.5015 0.000464186
22.5354 0.000419574
22.5693 0.000374846
22.6032 0.000330061
22.637 0.000285251
22.6709 0.000240472
22.7048 0.000195755
22.7387 0.000151156
22.7726 0.000106706
22.8065 6.24581e-05
22.8404 2.09962e-05
22.8743 1.92005e-05
22.9081 6.10864e-05
22.942 0.00010504
22.9759 0.000148664
23.0098 0.000191928
23.0437 0.000234776
23.0776 0.000277176
23.1115 0.000319074
23.1454 0.000360437
23.1792 0.000401215
23.2131 0.000441373
23.247 0.000480864
23.2809 0.000519656
23.3148 0.000557704
23.3487 0.000594977
23.3826 0.000631433
23.4165 0.000667045
23.4503 0.000701776
23.4842 0.00073564
23.5181 0.000768561
23.552 0.000800517
23.5859 0.000831482
23.6198 0.000861436
23.6537 0.000890356
23.6876 0.000918229
23.7215 0.000945036
23.7553 0.000970765
23.7892 0.000995403
23.8231 0.00101894
23.857 0.00104137
23.8909 0.00106268
23.9248 0.00108287
23.9587 0.00110194
23.9926 0.00111987
24.0264 0.00113666
24.0603 0.00115232
24.0942 0.00116683
24.1281 0.0011802
24.162 0.00119241
24.1959 0.00120348
24.2298 0.0012134
24.2637 0.00122217
24.2975 0.00122977
24.3314 0.00123623
24.3653 0.00124152
24.3992 0.00124565
24.4331 0.00124863
24.467 0.00125045
24.5009 0.00125112
24.5348 0.00125063
24.5686 0.00124899
24.6025 0.0012462
24.6364 0.00124227
24.6703 0.00123721
24.7042 0.00123102
24.7381 0.00122371
24.772 0.0012153
24.8059 0.0012058
24.8397 0.00119521
24.8736 0.00118356
24.9075 0.00117086
24.9414 0.00115714
24.9753 0.0011424
