0 0.00788581
0.0338878 0.00787908
0.0677756 0.00786334
0.101663 0.00784045
0.135551 0.00781062
0.169439 0.00777404
0.203327 0.00773079
0.237215 0.00768106
0.271102 0.00762495
0.30499 0.00756263
0.338878 0.00749418
0.372766 0.00741975
0.406653 0.00733943
0.440541 0.00725339
0.474429 0.00716169
0.508317 0.00706451
0.542205 0.00696192
0.576092 0.0068541
0.60998 0.00674111
0.643868 0.00662314
0.677756 0.00650026
0.711644 0.00637266
0.745531 0.00624039
0.779419 0.00610367
0.813307 0.00596256
0.847195 0.00581726
0.881082 0.00566782
0.91497 0.00551449
0.948858 0.0053573
0.982746 0.0051965
1.01663 0.00503211
1.05052 0.00486441
1.08441 0.00469342
1.1183 0.0045194
1.15218 0.00434238
1.18607 0.00416264
1.21996 0.0039802
1.25385 0.00379534
1.28774 0.00360807
1.32162 0.0034187
1.35551 0.00322723
1.3894 0.00303397
1.42329 0.00283892
1.45717 0.00264238
1.49106 0.00244437
1.52495 0.00224519
1.55884 0.00204484
1.59273 0.00184364
1.62661 0.00164159
1.6605 0.001439
1.69439 0.00123588
1.72828 0.00103253
1.76216 0.000828961
1.79605 0.000625479
1.82994 0.000422032
1.86383 0.000218912
1.89772 5.30197e-05
1.9316 0.000209863
1.96549 0.000411162
1.99938 0.000611418
2.03327 0.000810337
2.06716 0.00100793
2.10104 0.00120388
2.13493 0.00139822
2.16882 0.00159064
2.20271 0.00178115
2.23659 0.00196948
2.27048 0.00215564
2.30437 0.00233935
2.33826 0.00252063
2.37215 0.00269922
2.40603 0.00287511
2.43992 0.00304809
2.47381 0.00321813
2.5077 0.00338502
2.54158 0.00354876
2.57547 0.00370914
2.60936 0.00386614
2.64325 0.00401958
2.67714 0.00416944
2.71102 0.00431556
2.74491 0.00445792
2.7788 0.00459637
2.81269 0.00473087
2.84657 0.00486128
2.88046 0.00498759
2.91435 0.00510967
2.94824 0.00522749
2.98213 0.00534095
3.01601 0.00545002
3.0499 0.0055546
3.08379 0.00565467
3.11768 0.00575014
3.15156 0.00584099
3.18545 0.00592715
3.21934 0.0060086
3.25323 0.00608528
3.28712 0.00615717
3.321 0.00622422
3.35489 0.00628641
3.38878 0.00634372
3.42267 0.00639611
3.45655 0.00644357
3.49044 0.00648607
3.52433 0.00652362
3.55822 0.00655619
3.59211 0.00658379
3.62599 0.00660642
3.65988 0.00662407
3.69377 0.00663675
3.72766 0.00664447
3.76154 0.00664724
3.79543 0.00664508
3.82932 0.006638
3.86321 0.00662642
3.8971 0.00661051
3.93098 0.00658978
3.96487 0.00656424
3.99876 0.00653393
4.03265 0.0064989
4.06653 0.00645917
4.10042 0.00641479
4.13431 0.00636581
4.1682 0.00631229
4.20209 0.00625425
4.23597 0.00619179
4.26986 0.00612493
4.30375 0.00605377
4.33764 0.00597833
4.37152 0.00589872
4.40541 0.00581498
4.4393 0.00572721
4.47319 0.00563545
4.50708 0.00553983
4.54096 0.00544036
4.57485 0.00533721
4.60874 0.00523038
4.64263 0.00512004
4.67651 0.0050062
4.7104 0.00488903
4.74429 0.00476855
4.77818 0.00464494
4.81207 0.00451822
4.84595 0.00438857
4.87984 0.00425601
4.91373 0.00412074
4.94762 0.00398276
4.9815 0.0038423
5.01539 0.00369935
5.04928 0.00355413
5.08317 0.00340666
5.11706 0.00325715
5.15094 0.00310561
5.18483 0.00295228
5.21872 0.00279716
5.25261 0.00264048
5.28649 0.00248225
5.32038 0.00232272
5.35427 0.00216187
5.38816 0.00199997
5.42205 0.00183701
5.45593 0.00167325
5.48982 0.00150867
5.52371 0.00134354
5.5576 0.00117785
5.59149 0.00101186
5.62537 0.000845563
5.65926 0.000679209
5.69315 0.000512805
5.72704 0.000346599
5.76092 0.000180545
5.79481 2.45921e-05
5.8287 0.000159098
5.86259 0.000323485
5.89648 0.000486903
5.93036 0.000649373
5.96425 0.000810644
5.99814 0.000970715
6.03203 0.00112935
6.06591 0.00128655
6.0998 0.00144208
6.13369 0.00159595
6.16758 0.00174793
6.20147 0.0018991
6.23535 0.00204867
6.26924 0.00219614
6.30313 0.00234131
6.33702 0.00248417
6.3709 0.00262453
6.40479 0.00276237
6.43868 0.00289752
6.47257 0.00302997
6.50646 0.00315954
6.54034 0.00328623
6.57423 0.00340989
6.60812 0.00353048
6.64201 0.00364788
6.67589 0.00376207
6.70978 0.00387291
6.74367 0.0039804
6.77756 0.00408442
6.81145 0.00418494
6.84533 0.00428188
6.87922 0.0043752
6.91311 0.00446482
6.947 0.00455072
6.98088 0.00463283
7.01477 0.00471112
7.04866 0.00478554
7.08255 0.00485606
7.11644 0.00492263
7.15032 0.0049853
7.18421 0.00504398
7.2181 0.00509865
7.25199 0.00514928
7.28587 0.00519584
7.31976 0.00523832
7.35365 0.00527671
7.38754 0.00531099
7.42143 0.00534115
7.45531 0.0053672
7.4892 0.00538912
7.52309 0.00540692
7.55698 0.0054206
7.59086 0.00543016
7.62475 0.00543563
7.65864 0.00543701
7.69253 0.00543431
7.72642 0.00542756
7.7603 0.00541677
7.79419 0.00540197
7.82808 0.00538319
7.86197 0.00536046
7.89585 0.0053338
7.92974 0.00530325
7.96363 0.00526886
7.99752 0.00523065
8.03141 0.00518867
8.06529 0.00514297
8.09918 0.0050936
8.13307 0.00504059
8.16696 0.00498401
8.20084 0.00492391
8.23473 0.00486035
8.26862 0.00479338
8.30251 0.00472307
8.3364 0.00464947
8.37028 0.00457268
8.40417 0.00449272
8.43806 0.00440969
8.47195 0.00432365
8.50583 0.00423468
8.53972 0.00414284
8.57361 0.00404824
8.6075 0.00395091
8.64139 0.00385098
8.67527 0.00374848
8.70916 0.00364356
8.74305 0.00353623
8.77694 0.00342664
8.81082 0.00331482
8.84471 0.00320092
8.8786 0.00308497
8.91249 0.00296713
8.94638 0.00284742
8.98026 0.00272599
9.01415 0.00260289
9.04804 0.00247827
9.08193 0.00235217
9.11582 0.00222474
9.1497 0.00209602
9.18359 0.00196618
9.21748 0.00183524
9.25137 0.00170338
9.28525 0.00157063
9.31914 0.00143757
9.35303 0.00130466
9.38692 0.00117122
9.42081 0.00103728
9.45469 0.000903013
9.48858 0.000768451
9.52247 0.000633769
9.55636 0.00049899
9.59024 0.000364246
9.62413 0.000229553
9.65802 9.50773e-05
9.69191 5.10417e-05
9.7258 0.000185746
9.75968 0.000319794
9.79357 0.000453172
9.82746 0.000585704
9.86135 0.000717362
9.89523 0.000847968
9.92912 0.000977497
9.96301 0.00110578
9.9969 0.00123279
10.0308 0.00135843
10.0647 0.00148265
10.0986 0.00160526
10.1324 0.00172621
10.1663 0.00184536
10.2002 0.00196268
10.2341 0.00207804
10.268 0.0021914
10.3019 0.00230264
10.3358 0.00241172
10.3697 0.00251853
10.4036 0.00262303
10.4374 0.00272511
10.4713 0.00282475
10.5052 0.00292183
10.5391 0.00301634
10.573 0.00310817
10.6069 0.0031973
10.6408 0.00328365
10.6747 0.00336718
10.7085 0.00344782
10.7424 0.00352554
10.7763 0.00360028
10.8102 0.00367201
10.8441 0.00374068
10.878 0.00380625
10.9119 0.00386868
10.9458 0.00392796
10.9796 0.00398402
11.0135 0.00403687
11.0474 0.0040865
11.0813 0.00413292
11.1152 0.00417605
11.1491 0.00421586
11.183 0.00425234
11.2169 0.00428548
11.2507 0.00431527
11.2846 0.00434169
11.3185 0.00436474
11.3524 0.00438441
11.3863 0.00440071
11.4202 0.00441363
11.4541 0.00442318
11.488 0.00442937
11.5218 0.00443227
11.5557 0.00443216
11.5896 0.00442872
11.6235 0.00442196
11.6574 0.0044119
11.6913 0.00439857
11.7252 0.00438197
11.7591 0.00436213
11.793 0.00433909
11.8268 0.00431288
11.8607 0.00428352
11.8946 0.00425105
11.9285 0.00421549
11.9624 0.00417691
11.9963 0.00413533
12.0302 0.00409079
12.0641 0.00404334
12.0979 0.00399303
12.1318 0.00393989
12.1657 0.003884
12.1996 0.00382538
12.2335 0.0037641
12.2674 0.00370021
12.3013 0.00363377
12.3352 0.00356483
12.369 0.00349346
12.4029 0.00341971
12.4368 0.00334366
12.4707 0.00326535
12.5046 0.00318487
12.5385 0.00310226
12.5724 0.00301762
12.6063 0.00293099
12.6401 0.00284247
12.674 0.00275209
12.7079 0.00265998
12.7418 0.00256615
12.7757 0.00247073
12.8096 0.00237375
12.8435 0.00227534
12.8774 0.00217552
12.9112 0.00207442
12.9451 0.00197207
12.979 0.0018686
13.0129 0.00176404
13.0468 0.00165852
13.0807 0.00155207
13.1146 0.00144482
13.1485 0.00133681
13.1823 0.00122818
13.2162 0.00111894
13.2501 0.00100923
13.284 0.000899099
13.3179 0.000788668
13.3518 0.000677969
13.3857 0.000567142
13.4196 0.000456209
13.4535 0.000345309
13.4873 0.000234475
13.5212 0.000123809
13.5551 1.81281e-05
13.589 9.65948e-05
13.6229 0.000206973
13.6568 0.000316811
13.6907 0.000425986
13.7246 0.00053484
13.7584 0.000643055
13.7923 0.00075045
13.8262 0.000856889
13.8601 0.000962339
13.894 0.00106667
13.9279 0.00116984
13.9618 0.00127173
13.9957 0.00137231
14.0295 0.00147145
14.0634 0.00156913
14.0973 0.00166523
14.1312 0.00175972
14.1651 0.00185249
14.199 0.00194351
14.2329 0.00203268
14.2668 0.00211998
14.3006 0.0022053
14.3345 0.00228862
14.3684 0.00236986
14.4023 0.00244898
14.4362 0.00252591
14.4701 0.00260061
14.504 0.00267303
14.5379 0.00274313
14.5717 0.00281084
14.6056 0.00287615
14.6395 0.002939
14.6734 0.00299936
14.7073 0.00305718
14.7412 0.00311245
14.7751 0.00316512
14.809 0.00321517
14.8429 0.00326257
14.8767 0.0033073
14.9106 0.00334933
14.9445 0.00338864
14.9784 0.00342522
15.0123 0.00345904
15.0462 0.00349011
15.0801 0.00351839
15.114 0.0035439
15.1478 0.00356661
15.1817 0.00358652
15.2156 0.00360362
15.2495 0.00361793
15.2834 0.00362943
15.3173 0.00363814
15.3512 0.00364405
15.3851 0.00364718
15.4189 0.00364753
15.4528 0.00364511
15.4867 0.00363995
15.5206 0.00363205
15.5545 0.00362144
15.5884 0.00360813
15.6223 0.00359214
15.6562 0.0035735
15.69 0.00355223
15.7239 0.00352835
15.7578 0.00350191
15.7917 0.00347293
15.8256 0.00344188
15.8595 0.00340834
15.8934 0.00337234
15.9273 0.00333392
15.9611 0.00329312
15.995 0.00324997
16.0289 0.00320452
16.0628 0.0031568
16.0967 0.00310687
16.1306 0.00305476
16.1645 0.00300054
16.1984 0.00294423
16.2323 0.0028859
16.2661 0.00282558
16.3 0.00276335
16.3339 0.00269923
16.3678 0.00263331
16.4017 0.00256592
16.4356 0.00249719
16.4695 0.00242681
16.5034 0.00235488
16.5372 0.0022814
16.5711 0.00220649
16.605 0.00213015
16.6389 0.0020525
16.6728 0.00197355
16.7067 0.0018934
16.7406 0.00181208
16.7745 0.00172969
16.8083 0.00164626
16.8422 0.00156188
16.8761 0.00147659
16.91 0.0013905
16.9439 0.00130362
16.9778 0.00121606
17.0117 0.00112785
17.0456 0.0010391
17.0794 0.000949834
17.1133 0.000860159
17.1472 0.000770105
17.1811 0.000679777
17.215 0.000589206
17.2489 0.000498495
17.2828 0.000407678
17.3167 0.000316856
17.3505 0.00022603
17.3844 0.000135294
17.4183 4.46777e-05
17.4522 5.74614e-05
17.4861 0.00014836
17.52 0.000238866
17.5539 0.000328882
17.5878 0.000418371
17.6216 0.000507225
17.6555 0.000595411
17.6894 0.000682826
17.7233 0.000769434
17.7572 0.000855137
17.7911 0.000939902
17.825 0.00102363
17.8589 0.0011063
17.8928 0.0011878
17.9266 0.00126811
17.9605 0.00134715
17.9944 0.00142488
18.0283 0.00150122
18.0622 0.00157613
18.0961 0.00164955
18.13 0.00172144
18.1639 0.00179173
18.1977 0.00186039
18.2316 0.00192736
18.2655 0.0019926
18.2994 0.00205606
18.3333 0.00211771
18.3672 0.00217749
18.4011 0.00223538
18.435 0.00229134
18.4688 0.00234532
18.5027 0.0023973
18.5366 0.00244725
18.5705 0.00249513
18.6044 0.00254092
18.6383 0.00258465
18.6722 0.00262666
18.7061 0.0026665
18.7399 0.00270415
18.7738 0.0027396
18.8077 0.00277282
18.8416 0.0028038
18.8755 0.00283253
18.9094 0.00285899
18.9433 0.00288317
18.9772 0.00290506
19.011 0.00292466
19.0449 0.00294196
19.0788 0.00295695
19.1127 0.00296963
19.1466 0.00298001
19.1805 0.00298809
19.2144 0.00299386
19.2483 0.00299733
19.2822 0.00299852
19.316 0.00299743
19.3499 0.00299406
19.3838 0.00298844
19.4177 0.00298057
19.4516 0.00297047
19.4855 0.00295816
19.5194 0.00294365
19.5533 0.00292696
19.5871 0.00290812
19.621 0.00288715
19.6549 0.00286407
19.6888 0.00283891
19.7227 0.0028117
19.7566 0.00278246
19.7905 0.00275123
19.8244 0.00271803
19.8582 0.0026829
19.8921 0.00264588
19.926 0.00260699
19.9599 0.00256628
19.9938 0.00252378
20.0277 0.00247953
20.0616 0.00243356
20.0955 0.00238593
20.1293 0.00233667
20.1632 0.00228582
20.1971 0.00223343
20.231 0.00217955
20.2649 0.00212421
20.2988 0.00206747
20.3327 0.00200936
20.3666 0.00194996
20.4004 0.00188928
20.4343 0.0018274
20.4682 0.00176435
20.5021 0.0017002
20.536 0.00163498
20.5699 0.00156876
20.6038 0.00150158
20.6377 0.00143351
20.6716 0.00136458
20.7054 0.00129487
20.7393 0.00122441
20.7732 0.00115327
20.8071 0.00108149
20.841 0.00100915
20.8749 0.000936286
20.9088 0.000862967
20.9427 0.00078923
20.9765 0.000715155
21.0104 0.000640774
21.0443 0.000566169
21.0782 0.000491369
21.1121 0.000416455
21.146 0.000341457
21.1799 0.000266458
21.2138 0.00019149
21.2476 0.000116634
21.2815 4.19002e-05
21.3154 3.20914e-05
21.3493 0.000107603
21.3832 0.000182817
21.4171 0.000257654
21.451 0.00033208
21.4849 0.000406011
21.5187 0.00047941
21.5526 0.000552193
21.5865 0.000624327
21.6204 0.000695732
21.6543 0.000766374
21.6882 0.000836177
21.7221 0.000905107
21.756 0.000973091
21.7898 0.0010401
21.8237 0.00110605
21.8576 0.00117093
21.8915 0.00123467
21.9254 0.00129722
21.9593 0.00135855
21.9932 0.0014186
22.0271 0.00147733
22.061 0.00153471
22.0948 0.00159068
22.1287 0.00164522
22.1626 0.00169827
22.1965 0.00174982
22.2304 0.00179982
22.2643 0.00184824
22.2982 0.00189504
22.3321 0.00194021
22.3659 0.0019837
22.3998 0.0020255
22.4337 0.00206557
22.4676 0.0021039
22.5015 0.00214046
22.5354 0.00217523
22.5693 0.00220818
22.6032 0.00223931
22.637 0.0022686
22.6709 0.00229603
22.7048 0.00232159
22.7387 0.00234527
22.7726 0.00236705
22.8065 0.00238694
22.8404 0.00240492
22.8743 0.00242099
22.9081 0.00243514
22.942 0.00244738
22.9759 0.00245769
23.0098 0.00246609
23.0437 0.00247257
23.0776 0.00247714
23.1115 0.00247981
23.1454 0.00248057
23.1792 0.00247944
23.2131 0.00247643
23.247 0.00247155
23.2809 0.0024648
23.3148 0.00245622
23.3487 0.0024458
23.3826 0.00243356
23.4165 0.00241953
23.4503 0.00240372
23.4842 0.00238615
23.5181 0.00236684
23.552 0.00234586
23.5859 0.00232319
23.6198 0.00229884
23.6537 0.00227285
23.6876 0.00224524
23.7215 0.00221604
23.7553 0.00218527
23.7892 0.00215297
23.8231 0.00211917
23.857 0.00208389
23.8909 0.00204717
23.9248 0.00200905
23.9587 0.00196956
23.9926 0.00192872
24.0264 0.00188659
24.0603 0.00184319
24.0942 0.00179857
24.1281 0.00175275
24.162 0.00170579
24.1959 0.00165772
24.2298 0.00160859
24.2637 0.00155846
24.2975 0.00150735
24.3314 0.00145529
24.3653 0.00140233
24.3992 0.0013485
24.4331 0.00129387
24.467 0.00123845
24.5009 0.00118231
24.5348 0.00112566
24.5686 0.00106852
24.6025 0.00101075
24.6364 0.000952427
24.6703 0.000893572
24.7042 0.000834249
24.7381 0.000774488
24.772 0.000714349
24.8059 0.000653862
24.8397 0.000593089
24.8736 0.00053206
24.9075 0.000470838
24.9414 0.00040945
24.9753 0.000347961
