0 0 0
1.12e-06 2.53904e-10 1
2.71946e-05 3.68512e-05 2
7.59553e-05 2.8846e-05 5
0.00014534 2.64854e-05 3
0.000233473 2.50177e-05 1
0.00033865 2.41519e-05 1
0.000459322 2.37906e-05 1
0.000594081 2.38347e-05 1
0.000741645 2.41714e-05 1
0.000900851 2.4749e-05 1
0.00107064 2.55777e-05 1
0.00125005 2.67616e-05 1
0.00143821 2.8502e-05 1
0.00163431 3.09573e-05 1
0.00183765 3.41979e-05 1
0.00204756 3.81286e-05 2
0.00226344 4.25906e-05 1
0.00248475 4.74112e-05 2
0.002711 5.25886e-05 1
0.00294174 5.82394e-05 2
0.00317656 6.45731e-05 1
0.00341508 7.16843e-05 1
0.00365698 7.95201e-05 1
0.00390195 8.79146e-05 1
0.0041497 9.66645e-05 1
0.00439999 0.00010563 1
0.00465258 0.000114591 1
0.00490726 0.000123374 1
0.00516384 0.000131973 1
0.00542216 0.000140378 1
0.00568205 0.000148898 1
0.00594337 0.000157799 4
0.00620599 0.000167169 1
0.00646979 0.000177233 2
0.00673467 0.000187967 3
0.00700052 0.000199087 3
0.00726726 0.000210602 3
0.00753481 0.000222278 3
0.00780309 0.000233989 3
0.00807204 0.000245897 3
0.0083416 0.000258113 3
0.00861171 0.000270598 3
0.00888231 0.000283283 3
0.00915338 0.000296321 1
0.00942486 0.000309358 2
0.00969671 0.000322539 2
0.00996891 0.000335542 2
0.0102414 0.000348247 2
0.0105142 0.000360796 2
0.0107873 0.000373283 2
0.0110605 0.000385589 2
0.011334 0.000397704 2
0.0116077 0.000409897 4
0.0118816 0.000421824 3
0.0121556 0.000433669 1
0.0124298 0.000445487 2
0.0127041 0.000457135 2
0.0129785 0.000468803 2
0.013253 0.000480531 3
0.0135277 0.000492321 2
0.0138024 0.00050411 2
0.0140772 0.000515748 2
0.0143521 0.000527061 3
0.014627 0.000535263 4
0.014902 0.000542475 3
0.0151771 0.000548667 3
0.0154522 0.000553958 4
0.0157273 0.000558842 3
0.0160025 0.000563402 3
0.0162778 0.000567659 4
0.016553 0.00057185 3
0.0168284 0.000575549 3
0.0171037 0.000579145 3
0.017379 0.000582575 1
0.0176544 0.000585873 2
0.0179298 0.000589028 2
0.0182053 0.000592103 3
0.0184807 0.00059455 3
0.0187562 0.00059663 3
0.0190316 0.000598135 3
0.0193071 0.000599146 4
0.0195826 0.000599238 4
0.0198581 0.000598497 3
0.0201337 0.000597295 3
0.0204092 0.000595623 1
0.0206847 0.000593599 2
0.0209603 0.00059131 2
0.0212358 0.000588928 3
0.0215114 0.000586066 2
0.0217869 0.000582987 2
0.0220625 0.000579492 2
0.0223381 0.000575495 2
0.0226137 0.000570921 2
0.0228892 0.00056604 2
0.0231648 0.000560064 2
0.0234404 0.000553731 1
0.023716 0.000546924 2
0.0239916 0.000539734 1
0.0242672 0.000532363 2
0.0245428 0.000524546 4
0.0248184 0.000516626 1
0.025094 0.000508484 1
0.0253696 0.000500127 4
0.0256452 0.000491037 3
0.0259208 0.000481392 4
0.0261964 0.000471518 3
0.026472 0.000461107 3
0.0267476 0.000450519 3
0.0270233 0.000439781 1
0.0272989 0.000429119 2
0.0275745 0.000418271 2
0.0278501 0.000407653 2
0.0281257 0.000396938 2
0.0284013 0.000386318 1
0.0286769 0.000375642 4
0.0289526 0.000364806 3
0.0292282 0.000353733 3
0.0295038 0.000342465 3
0.0297794 0.000330789 1
0.030055 0.000318785 3
0.0303306 0.000306719 2
0.0306063 0.000294659 2
0.0308819 0.000282798 2
0.0311575 0.000271173 2
0.0314331 0.000259856 2
0.0317087 0.000248953 2
0.0319844 0.00023832 2
0.03226 0.000227941 2
0.0325356 0.000217858 2
0.0328112 0.000207999 1
0.0330868 0.000198337 2
0.0333625 0.000188848 1
0.0336381 0.000179569 2
0.0339137 0.000170547 2
0.0341893 0.000161743 2
0.0344649 0.000153139 2
0.0347406 0.000144824 2
0.0350162 0.000136806 2
0.0352918 0.000129149 1
0.0355674 0.000121811 4
0.035843 0.000114893 2
0.0361187 0.000108415 2
0.0363943 0.000102421 2
0.0366699 9.68538e-05 2
0.0369455 9.18462e-05 2
0.0372211 8.73297e-05 2
0.0374968 8.3241e-05 3
0.0377724 7.95107e-05 3
0.038048 7.61089e-05 3
0.0383236 7.31047e-05 2
0.0385992 7.05737e-05 2
0.0388749 6.86244e-05 2
0.0391505 6.73598e-05 2
0.0394261 6.68639e-05 1
0.0397017 6.71616e-05 2
0.0399774 6.82503e-05 2
0.040253 7.00374e-05 2
0.0405286 7.24205e-05 3
0.0408042 7.52755e-05 3
0.0410798 7.84551e-05 3
0.0413555 8.19153e-05 3
0.0416311 8.56311e-05 3
0.0419067 8.96233e-05 3
0.0421823 9.39964e-05 3
0.0424579 9.87991e-05 2
0.0427336 0.000104112 1
0.0430092 0.000109981 2
0.0432848 0.000116428 1
0.0435604 0.000123359 2
0.043836 0.000130674 2
0.0441117 0.000138223 3
0.0443873 0.00014608 2
0.0446629 0.00015407 2
0.0449385 0.000162217 2
0.0452141 0.000170583 2
0.0454898 0.000179123 1
0.0457654 0.000187906 1
0.046041 0.000196974 1
0.0463166 0.000206377 4
0.0465923 0.00021613 2
0.0468679 0.000226229 1
0.0471435 0.000236636 1
0.0474191 0.000247308 2
0.0476947 0.00025818 2
0.0479704 0.000269187 2
0.048246 0.000280336 1
0.0485216 0.000291508 1
0.0487972 0.000302786 1
0.0490728 0.000314146 1
0.0493485 0.000325591 1
0.0496241 0.000337145 1
0.0498997 0.000348843 2
0.0501753 0.000360737 1
0.0504509 0.00037276 2
0.0507266 0.000384811 1
0.0510022 0.000396808 2
0.0512778 0.000408734 2
0.0515534 0.000420571 4
0.051829 0.000432348 2
0.0521047 0.000444053 2
0.0523803 0.000455526 2
0.0526559 0.000466746 1
0.0529315 0.000477939 3
0.0532072 0.000489095 2
0.0534828 0.000500229 2
0.0537584 0.000511273 2
0.054034 0.000522215 2
0.0543096 0.000533022 2
0.0545853 0.000543662 2
0.0548609 0.000554084 2
0.0551365 0.000564247 2
0.0554121 0.000574101 2
0.0556877 0.00058015 4
0.0559634 0.000584936 5
0.056239 0.000588807 3
0.0565146 0.000592286 3
0.0567902 0.000595561 3
0.0570658 0.000598597 1
0.0573415 0.000601425 4
0.0576171 0.00060405 2
0.0578927 0.00060643 2
0.0581683 0.000608619 1
0.058444 0.000610328 2
0.0587196 0.000611942 1
0.0589952 0.000612988 2
0.0592708 0.000613702 3
0.0595464 0.000613932 2
0.0598221 0.00061365 3
0.0600977 0.000612783 4
0.0603733 0.000611535 4
0.0606489 0.000609682 3
0.0609245 0.000607441 1
0.0612002 0.000604793 3
0.0614758 0.000601842 2
0.0617514 0.000598633 4
0.062027 0.00059516 5
0.0623026 0.000591381 3
0.0625783 0.000587241 3
0.0628539 0.000582689 2
0.0631295 0.000577785 2
0.0634051 0.000572169 2
0.0636807 0.000566145 1
0.0639564 0.000559708 3
0.064232 0.000552599 1
0.0645076 0.000545181 3
0.0647832 0.000537406 1
0.0650589 0.000529333 4
0.0653345 0.000521007 2
0.0656101 0.000512457 4
0.0658857 0.000503699 5
0.0661613 0.000494709 3
0.066437 0.000485574 3
0.0667126 0.000475814 4
0.0669882 0.000466034 2
0.0672638 0.000456065 2
0.0675394 0.000445947 2
0.0678151 0.000435723 1
0.0680907 0.000425431 1
0.0683663 0.000415203 1
0.0686419 0.000404924 1
0.0689175 0.0003946 2
0.0691932 0.000384335 1
0.0694688 0.000373993 1
0.0697444 0.000363515 1
0.07002 0.000352899 1
0.0702957 0.000341936 1
0.0705713 0.000330879 1
0.0708469 0.000319536 1
0.0711225 0.000308183 1
0.0713981 0.00029687 3
0.0716738 0.000285764 2
0.0719494 0.000274808 2
0.072225 0.000264201 2
0.0725006 0.000253941 1
0.0727762 0.00024388 2
0.0730519 0.000234161 2
0.0733275 0.000224617 1
0.0736031 0.000215203 2
0.0738787 0.000205998 1
0.0741543 0.000196994 2
0.07443 0.000188151 1
0.0747056 0.000179593 2
0.0749812 0.000171375 1
0.0752568 0.000163481 2
0.0755324 0.000155979 1
0.0758081 0.000148905 1
0.0760837 0.000142184 1
0.0763593 0.000135912 1
0.0766349 0.000130074 4
0.0769106 0.000124647 2
0.0771862 0.000119616 2
0.0774618 0.000114986 2
0.0777374 0.000110775 2
0.078013 0.000107032 2
0.0782887 0.000103727 2
0.0785643 0.000100809 2
0.0788399 9.82753e-05 2
0.0791155 9.61334e-05 2
0.0793911 9.44019e-05 2
0.0796668 9.31396e-05 2
0.0799424 9.24156e-05 2
0.080218 9.23071e-05 2
0.0804936 9.28625e-05 1
0.0807692 9.40827e-05 2
0.0810449 9.59322e-05 2
0.0813205 9.83543e-05 2
0.0815961 0.000101283 2
0.0818717 0.000104656 2
0.0821473 0.000108414 2
0.082423 0.000112525 2
0.0826986 0.000116942 2
0.0829742 0.000121705 2
0.0832498 0.000126783 2
0.0835255 0.000132229 2
0.0838011 0.000138064 1
0.0840767 0.000144299 1
0.0843523 0.000150932 1
0.0846279 0.000157939 1
0.0849036 0.000165258 2
0.0851792 0.000172877 2
0.0854548 0.000180712 2
0.0857304 0.000188786 2
0.086006 0.000197068 2
0.0862817 0.000205493 2
0.0865573 0.000214136 4
0.0868329 0.000223088 1
0.0871085 0.000232412 1
0.0873841 0.000242164 1
0.0876598 0.00025233 1
0.0879354 0.000262859 3
0.088211 0.000273668 2
0.0884866 0.000284679 2
0.0887623 0.000295813 1
0.0890379 0.000307013 1
0.0893135 0.000318264 1
0.0895891 0.000329475 1
0.0898647 0.000340764 1
0.0901404 0.000352143 1
0.090416 0.000363642 2
0.0906916 0.000375257 1
0.0909672 0.000386931 1
0.0912428 0.000398621 2
0.0915185 0.000410306 1
0.0917941 0.000421987 1
0.0920697 0.000433621 4
0.0923453 0.0004452 3
0.0926209 0.000456694 3
0.0928966 0.00046789 2
0.0931722 0.000478955 1
0.0934478 0.000489906 2
0.0937234 0.000500806 2
0.093999 0.000511649 1
0.0942747 0.000522371 1
0.0945503 0.000532969 2
0.0948259 0.000543439 2
0.0951015 0.000553783 1
0.0953772 0.000563976 2
0.0956528 0.000570986 4
0.0959284 0.000576919 3
0.096204 0.000582089 1
0.0964796 0.000586673 2
0.0967553 0.000591028 4
0.0970309 0.000595086 3
0.0973065 0.000598868 5
0.0975821 0.000602317 3
0.0978577 0.000605474 2
0.0981334 0.000608367 2
0.098409 0.0006111 1
0.0986846 0.000613371 1
0.0989602 0.000615478 4
0.0992358 0.000617281 3
0.0995115 0.000618725 3
0.0997871 0.00061974 3
0.100063 0.000620285 3
0.100338 0.000620294 3
0.100614 0.000619789 4
0.10089 0.0006188 5
0.101165 0.000617379 3
0.101441 0.000615234 1
0.101716 0.000612809 3
0.101992 0.000610032 3
0.102268 0.000606938 1
0.102543 0.000603548 4
0.102819 0.000599826 3
0.103095 0.000595741 2
0.10337 0.000591263 2
0.103646 0.000586371 2
0.103921 0.000581022 2
0.104197 0.000575185 2
0.104473 0.000568947 2
0.104748 0.000562118 1
0.105024 0.000554754 2
0.1053 0.000547112 2
0.105575 0.000539143 2
0.105851 0.000530893 4
0.106126 0.000522407 1
0.106402 0.000513689 3
0.106678 0.000504772 3
0.106953 0.000495612 4
0.107229 0.000486408 4
0.107504 0.000476867 4
0.10778 0.000467228 3
0.108056 0.00045744 3
0.108331 0.000447555 3
0.108607 0.000437574 1
0.108883 0.000427486 1
0.109158 0.000417374 2
0.109434 0.000407041 2
0.109709 0.000396729 1
0.109985 0.000386367 2
0.110261 0.000375949 1
0.110536 0.000365439 4
0.110812 0.000354806 2
0.111088 0.000344082 2
0.111363 0.000333092 1
0.111639 0.000322084 2
0.111914 0.000311094 2
0.11219 0.000300185 2
0.112466 0.000289422 3
0.112741 0.000278848 3
0.113017 0.000268545 3
0.113293 0.000258404 3
0.113568 0.000248544 3
0.113844 0.000238872 3
0.114119 0.000229375 3
0.114395 0.000220063 1
0.114671 0.000210928 1
0.114946 0.000202017 1
0.115222 0.000193271 1
0.115497 0.000184834 1
0.115773 0.000176711 1
0.116049 0.000168965 1
0.116324 0.000161613 1
0.1166 0.000154689 1
0.116876 0.000148135 1
0.117151 0.000141996 1
0.117427 0.000136243 4
0.117702 0.000130769 2
0.117978 0.000125643 2
0.118254 0.000121001 3
0.118529 0.000116678 2
0.118805 0.000112851 2
0.119081 0.000109596 2
0.119356 0.000106931 2
0.119632 0.000104707 2
0.119907 0.000103041 2
0.120183 0.000101878 1
0.120459 0.000101179 1
0.120734 0.000100964 1
0.12101 0.000101267 1
0.121286 0.00010212 1
0.121561 0.000103564 2
0.121837 0.0001056 2
0.122112 0.000108215 2
0.122388 0.000111245 2
0.122664 0.000114844 2
0.122939 0.000118787 2
0.123215 0.000123189 2
0.12349 0.000127832 2
0.123766 0.00013283 1
0.124042 0.000138018 1
0.124317 0.000143611 1
0.124593 0.000149456 1
0.124869 0.000155665 1
0.125144 0.000162276 1
0.12542 0.000169281 1
0.125695 0.00017662 1
0.125971 0.00018428 1
0.126247 0.000192211 4
0.126522 0.000200327 2
0.126798 0.000208672 2
0.127074 0.000217279 2
0.127349 0.000226215 1
0.127625 0.000235523 2
0.1279 0.000245213 1
0.128176 0.000255245 1
0.128452 0.000265557 1
0.128727 0.000276102 1
0.129003 0.00028674 3
0.129279 0.000297478 2
0.129554 0.000308265 2
0.12983 0.000319078 2
0.130105 0.000329931 2
0.130381 0.000340835 1
0.130657 0.000351864 2
0.130932 0.000363065 2
0.131208 0.000374464 1
0.131483 0.000385904 1
0.131759 0.000397315 2
0.132035 0.000408744 1
0.13231 0.000420144 1
0.132586 0.000431522 2
0.132862 0.000442825 2
0.133137 0.000454004 4
0.133413 0.000465061 1
0.133688 0.00047598 3
0.133964 0.000486778 1
0.13424 0.000497599 2
0.134515 0.000508362 2
0.134791 0.000519029 3
0.135067 0.000529698 2
0.135342 0.000540252 2
0.135618 0.00055069 2
0.135893 0.000561 1
0.136169 0.000571188 2
0.136445 0.000577978 4
0.13672 0.000583877 3
0.136996 0.000588664 5
0.137272 0.000592636 3
0.137547 0.000596345 3
0.137823 0.000599791 1
0.138098 0.000602953 3
0.138374 0.000605788 4
0.13865 0.000608415 2
0.138925 0.000610609 2
0.139201 0.000612636 1
0.139476 0.000614409 1
0.139752 0.000615944 3
0.140028 0.000617238 3
0.140303 0.000618313 2
0.140579 0.000618923 3
0.140855 0.000619003 3
0.14113 0.000618627 4
0.141406 0.000617748 3
0.141681 0.000616304 5
0.141957 0.00061435 3
0.142233 0.000611968 3
0.142508 0.000609292 1
0.142784 0.000606216 3
0.14306 0.000602752 4
0.143335 0.000599101 5
0.143611 0.000595129 3
0.143886 0.000590802 2
0.144162 0.000586076 2
0.144438 0.000580924 2
0.144713 0.000575309 2
0.144989 0.000569313 2
0.145265 0.000562763 1
0.14554 0.000555677 2
0.145816 0.00054831 1
0.146091 0.000540621 1
0.146367 0.000532662 2
0.146643 0.000524477 4
0.146918 0.0005161 1
0.147194 0.000507545 2
0.14747 0.000498866 4
0.147745 0.000489833 3
0.148021 0.000480509 3
0.148296 0.000470981 4
0.148572 0.000461302 2
0.148848 0.000451495 2
0.149123 0.000441621 2
0.149399 0.000431718 1
0.149674 0.000421818 1
0.14995 0.000411949 1
0.150226 0.00040211 1
0.150501 0.000392282 1
0.150777 0.000382409 1
0.151053 0.000372436 1
0.151328 0.000362309 1
0.151604 0.000351982 1
0.151879 0.00034145 1
0.152155 0.00033079 1
0.152431 0.000320082 1
0.152706 0.000309408 3
0.152982 0.000298839 2
0.153258 0.000288444 2
0.153533 0.000278286 2
0.153809 0.000268411 2
0.154084 0.000258832 1
0.15436 0.000249494 2
0.154636 0.000240392 1
0.154911 0.000231482 2
0.155187 0.000222744 1
0.155463 0.000214164 2
0.155738 0.000205767 1
0.156014 0.000197595 2
0.156289 0.0001897 2
0.156565 0.000182134 2
0.156841 0.000174931 1
0.157116 0.000168106 1
0.157392 0.000161702 1
0.157667 0.000155737 1
0.157943 0.000150187 1
0.158219 0.000145053 1
0.158494 0.0001403 4
0.15877 0.000135931 2
0.159046 0.000131922 2
0.159321 0.000128254 2
0.159597 0.000124952 2
0.159872 0.000122069 2
0.160148 0.000119636 2
0.160424 0.00011772 3
0.160699 0.000116442 2
0.160975 0.000115784 2
0.161251 0.00011569 2
0.161526 0.000116063 1
0.161802 0.000116948 2
0.162077 0.000118315 2
0.162353 0.000120119 2
0.162629 0.000122315 2
0.162904 0.000124979 2
0.16318 0.000128047 2
0.163456 0.000131587 2
0.163731 0.000135535 2
0.164007 0.000139913 2
0.164282 0.000144719 2
0.164558 0.000149929 2
0.164834 0.000155451 2
0.165109 0.000161331 2
0.165385 0.000167501 1
0.16566 0.000173919 2
0.165936 0.000180552 2
0.166212 0.000187425 2
0.166487 0.000194575 4
0.166763 0.000202053 2
0.167039 0.000209873 2
0.167314 0.000218053 2
0.16759 0.000226573 2
0.167865 0.000235436 2
0.168141 0.000244616 1
0.168417 0.000254091 2
0.168692 0.000263834 2
0.168968 0.000273832 1
0.169244 0.000284052 1
0.169519 0.000294461 3
0.169795 0.000305034 2
0.17007 0.000315739 2
0.170346 0.000326532 2
0.170622 0.000337395 2
0.170897 0.000348304 2
0.171173 0.000359289 1
0.171449 0.000370405 1
0.171724 0.000381649 2
0.172 0.000392963 2
0.172275 0.000404294 2
0.172551 0.000415589 1
0.172827 0.000426847 4
0.173102 0.00043806 2
0.173378 0.000449257 2
0.173653 0.000460373 2
0.173929 0.000471381 2
0.174205 0.000482234 2
0.17448 0.000492995 1
0.174756 0.000503734 1
0.175032 0.000514437 1
0.175307 0.000525034 1
0.175583 0.000535495 2
0.175858 0.000545897 2
0.176134 0.000556164 1
0.17641 0.00056629 1
0.176685 0.000576253 1
0.176961 0.000582529 4
0.177237 0.000587977 3
0.177512 0.000592583 3
0.177788 0.000596747 4
0.178063 0.000600649 3
0.178339 0.000604258 1
0.178615 0.000607564 4
0.17889 0.000610592 2
0.179166 0.000613344 3
0.179442 0.000615805 2
0.179717 0.000617989 1
0.179993 0.00061994 3
0.180268 0.000621646 3
0.180544 0.000623076 3
0.18082 0.000624171 3
0.181095 0.000624883 2
0.181371 0.000625167 2
0.181646 0.000625003 2
0.181922 0.000624371 4
0.182198 0.000623161 4
0.182473 0.000621401 3
0.182749 0.000619196 1
0.183025 0.000616616 3
0.1833 0.000613709 3
0.183576 0.000610521 4
0.183851 0.000607083 2
0.184127 0.000603356 4
0.184403 0.000599298 2
0.184678 0.000594859 2
0.184954 0.000589999 2
0.18523 0.000584681 2
0.185505 0.000578883 2
0.185781 0.000572603 2
0.186056 0.000565866 1
0.186332 0.000558733 2
0.186608 0.000551264 2
0.186883 0.000543509 4
0.187159 0.000535515 2
0.187435 0.000527309 3
0.18771 0.00051891 1
0.187986 0.000510321 3
0.188261 0.000501517 4
0.188537 0.000492455 3
0.188813 0.000483242 4
0.189088 0.000473898 2
0.189364 0.000464419 3
0.18964 0.000454844 2
0.189915 0.000445194 1
0.190191 0.000435482 1
0.190466 0.000425736 2
0.190742 0.000415984 2
0.191018 0.000406239 2
0.191293 0.000396497 1
0.191569 0.000386718 1
0.191844 0.000376853 4
0.19212 0.000366877 2
0.192396 0.000356757 2
0.192671 0.000346479 1
0.192947 0.000336086 2
0.193223 0.000325657 2
0.193498 0.000315255 2
0.193774 0.000304961 3
0.194049 0.000294848 3
0.194325 0.000284969 2
0.194601 0.00027536 1
0.194876 0.000266018 2
0.195152 0.000256915 1
0.195428 0.000247997 2
0.195703 0.000239216 1
0.195979 0.000230584 2
0.196254 0.000222147 1
0.19653 0.000213934 1
0.196806 0.000205987 1
0.197081 0.000198354 1
0.197357 0.000191085 1
0.197633 0.000184217 1
0.197908 0.000177759 1
0.198184 0.000171707 1
0.198459 0.000166039 1
0.198735 0.000160739 1
0.199011 0.00015578 1
0.199286 0.00015116 1
0.199562 0.000146883 2
0.199837 0.000142962 4
0.200113 0.000139412 2
0.200389 0.000136267 2
0.200664 0.00013356 2
0.20094 0.000131331 2
0.201216 0.00012969 2
0.201491 0.000128715 2
0.201767 0.000128371 1
0.202042 0.00012857 1
0.202318 0.000129242 1
0.202594 0.00013026 1
0.202869 0.000131677 1
0.203145 0.000133444 2
0.203421 0.000135635 2
0.203696 0.00013821 2
0.203972 0.000141264 2
0.204247 0.000144747 2
0.204523 0.000148671 2
0.204799 0.000153003 2
0.205074 0.000157651 1
0.20535 0.000162709 1
0.205626 0.000167991 1
0.205901 0.000173552 1
0.206177 0.000179462 4
0.206452 0.000185748 1
0.206728 0.000192438 2
0.207004 0.000199488 2
0.207279 0.000206855 2
0.207555 0.000214494 2
0.20783 0.000222375 2
0.208106 0.000230485 2
0.208382 0.000238833 2
0.208657 0.000247448 2
0.208933 0.000256352 1
0.209209 0.000265571 1
0.209484 0.000275109 1
0.20976 0.000284935 2
0.210035 0.000295013 2
0.210311 0.000305279 2
0.210587 0.000315679 2
0.210862 0.000326153 2
0.211138 0.000336708 2
0.211414 0.000347316 2
0.211689 0.00035798 1
0.211965 0.000368693 1
0.21224 0.000379422 2
0.212516 0.000390145 2
0.212792 0.000400897 2
0.213067 0.000411692 1
0.213343 0.000422529 1
0.213619 0.000433414 2
0.213894 0.00044429 4
0.21417 0.000455105 3
0.214445 0.000465845 1
0.214721 0.000476478 2
0.214997 0.000487065 1
0.215272 0.000497664 2
0.215548 0.000508237 1
0.215823 0.000518739 2
0.216099 0.000529181 2
0.216375 0.000539557 2
0.21665 0.000549923 1
0.216926 0.00056022 2
0.217202 0.000570422 2
0.217477 0.000576977 4
0.217753 0.000582532 3
0.218028 0.000587134 4
0.218304 0.000590926 1
0.21858 0.000594533 3
0.218855 0.000597933 3
0.219131 0.000601093 4
0.219407 0.000603963 2
0.219682 0.000606571 2
0.219958 0.000608954 1
0.220233 0.000611107 1
0.220509 0.000613057 1
0.220785 0.000614803 1
0.22106 0.000616337 2
0.221336 0.000617599 1
0.221612 0.000618529 3
0.221887 0.000619061 3
0.222163 0.000619149 3
0.222438 0.000618782 4
0.222714 0.000617848 5
0.22299 0.00061639 3
0.223265 0.000614379 1
0.223541 0.000611933 3
0.223816 0.000609179 3
0.224092 0.000606158 1
0.224368 0.000602898 4
0.224643 0.000599366 4
0.224919 0.000595523 2
0.225195 0.000591321 2
0.22547 0.000586728 2
0.225746 0.000581717 2
0.226021 0.00057627 2
0.226297 0.000570382 1
0.226573 0.000564063 2
0.226848 0.000557352 2
0.227124 0.000550316 1
0.2274 0.000543003 1
0.227675 0.000535458 2
0.227951 0.000527713 4
0.228226 0.000519785 1
0.228502 0.000511673 3
0.228778 0.000503376 4
0.229053 0.000494774 3
0.229329 0.000485849 3
0.229605 0.000476589 4
0.22988 0.000467233 3
0.230156 0.00045776 3
0.230431 0.000448235 3
0.230707 0.000438703 2
0.230983 0.000429208 1
0.231258 0.000419765 1
0.231534 0.000410365 2
0.231809 0.000400976 2
0.232085 0.000391542 2
0.232361 0.000381994 1
0.232636 0.000372297 2
0.232912 0.000362442 1
0.233188 0.000352415 2
0.233463 0.000342247 1
0.233739 0.000332037 1
0.234014 0.000321877 1
0.23429 0.000311847 3
0.234566 0.000302001 2
0.234841 0.000292394 2
0.235117 0.00028306 2
0.235393 0.000274018 1
0.235668 0.000265245 2
0.235944 0.000256711 1
0.236219 0.000248361 2
0.236495 0.000240148 1
0.236771 0.000232073 2
0.237046 0.000224181 1
0.237322 0.000216496 2
0.237598 0.000209063 1
0.237873 0.000201934 1
0.238149 0.000195164 1
0.238424 0.000188791 1
0.2387 0.000182803 1
0.238976 0.000177235 1
0.239251 0.000172074 1
0.239527 0.000167291 1
0.239803 0.000162862 1
0.240078 0.000158762 1
0.240354 0.000154987 2
0.240629 0.000151544 4
0.240905 0.000148452 2
0.241181 0.000145735 2
0.241456 0.000143431 2
0.241732 0.000141562 2
0.242007 0.000140183 2
0.242283 0.000139297 1
0.242559 0.000138967 1
0.242834 0.00013919 1
0.24311 0.000139971 1
0.243386 0.000141276 1
0.243661 0.000143067 1
0.243937 0.000145291 2
0.244212 0.000147912 2
0.244488 0.000150897 2
0.244764 0.000154239 2
0.245039 0.000157932 2
0.245315 0.000161988 2
0.245591 0.000166387 2
0.245866 0.000171199 1
0.246142 0.000176456 1
0.246417 0.00018215 4
0.246693 0.000188228 1
0.246969 0.00019468 2
0.247244 0.000201459 2
0.24752 0.00020853 2
0.247796 0.000215856 2
0.248071 0.000223406 2
0.248347 0.000231177 2
0.248622 0.000239171 2
0.248898 0.000247414 2
0.249174 0.000255915 2
0.249449 0.000264692 1
0.249725 0.00027377 2
0.25 0.000283145 2
0.250276 0.000292783 1
0.250552 0.000302658 1
0.250827 0.000312719 1
0.251103 0.000322929 1
0.251379 0.000333243 1
0.251654 0.000343638 1
0.25193 0.000354139 1
0.252205 0.000364776 1
0.252481 0.000375527 1
0.252757 0.000386325 2
0.253032 0.000397116 2
0.253308 0.000407899 2
0.253584 0.000418679 4
0.253859 0.000429471 2
0.254135 0.000440293 2
0.25441 0.00045111 3
0.254686 0.000461872 1
0.254962 0.000472563 2
0.255237 0.000483134 1
0.255513 0.000493664 2
0.255789 0.00050419 1
0.256064 0.000514679 2
0.25634 0.000525035 2
0.256615 0.000535252 2
0.256891 0.000545368 2
0.257167 0.000555443 2
0.257442 0.000565438 2
0.257718 0.000572501 4
0.257993 0.000578736 3
0.258269 0.000584202 1
0.258545 0.00058891 3
0.25882 0.000593163 4
0.259096 0.000597201 3
0.259372 0.000601009 3
0.259647 0.000604545 4
0.259923 0.000607755 4
0.260198 0.000610662 2
0.260474 0.000613301 2
0.26075 0.000615666 2
0.261025 0.000617772 3
0.261301 0.000619636 3
0.261577 0.000621253 2
0.261852 0.000622584 2
0.262128 0.000623588 2
0.262403 0.00062422 3
0.262679 0.000624454 3
0.262955 0.000624258 4
0.26323 0.000623576 3
0.263506 0.000622362 4
0.263782 0.000620646 3
0.264057 0.000618518 1
0.264333 0.000616069 3
0.264608 0.00061334 3
0.264884 0.00061037 4
0.26516 0.000607145 4
0.265435 0.000603633 3
0.265711 0.000599782 2
0.265986 0.000595547 2
0.266262 0.000590892 2
0.266538 0.000585794 2
0.266813 0.000580242 2
0.267089 0.000574243 2
0.267365 0.000567825 1
0.26764 0.000561047 2
0.267916 0.000553967 2
0.268191 0.000546631 2
0.268467 0.000539074 4
0.268743 0.000531329 1
0.269018 0.000523401 3
0.269294 0.000515291 3
0.26957 0.00050696 4
0.269845 0.000498346 3
0.270121 0.000489517 4
0.270396 0.000480554 4
0.270672 0.000471447 3
0.270948 0.000462245 2
0.271223 0.000453015 1
0.271499 0.000443768 2
0.271775 0.000434526 2
0.27205 0.000425298 2
0.272326 0.000416088 2
0.272601 0.000406887 2
0.272877 0.000397664 1
0.273153 0.000388377 1
0.273428 0.00037897 1
0.273704 0.000369438 1
0.273979 0.000359771 1
0.274255 0.000349985 1
0.274531 0.000340144 3
0.274806 0.00033034 2
0.275082 0.000320632 2
0.275358 0.000311099 3
0.275633 0.000301796 2
0.275909 0.000292766 2
0.276184 0.000284023 1
0.27646 0.000275552 1
0.276736 0.00026731 2
0.277011 0.000259231 1
0.277287 0.000251298 2
0.277563 0.000243527 1
0.277838 0.000235932 1
0.278114 0.000228546 1
0.278389 0.000221423 1
0.278665 0.00021463 1
0.278941 0.000208207 1
0.279216 0.000202182 1
0.279492 0.00019655 1
0.279768 0.000191297 1
0.280043 0.000186403 1
0.280319 0.000181845 1
0.280594 0.000177615 1
0.28087 0.000173712 1
0.281146 0.000170143 2
0.281421 0.000166921 2
0.281697 0.000164067 2
0.281973 0.000161609 2
0.282248 0.000159575 4
0.282524 0.000157981 2
0.282799 0.000156875 2
0.283075 0.000156287 1
0.283351 0.000156224 1
0.283626 0.000156697 1
0.283902 0.000157701 1
0.284177 0.000159209 1
0.284453 0.000161184 1
0.284729 0.00016358 2
0.285004 0.00016635 2
0.28528 0.000169452 2
0.285556 0.000172853 2
0.285831 0.000176543 2
0.286107 0.000180529 4
0.286382 0.000184828 2
0.286658 0.000189466 2
0.286934 0.000194458 1
0.287209 0.000199821 1
0.287485 0.000205572 1
0.287761 0.000211685 2
0.288036 0.000218131 2
0.288312 0.000224882 2
0.288587 0.000231907 2
0.288863 0.000239199 2
0.289139 0.000246741 2
0.289414 0.000254531 2
0.28969 0.000262566 2
0.289966 0.000270856 2
0.290241 0.000279397 1
0.290517 0.000288199 1
0.290792 0.000297249 1
0.291068 0.000306535 1
0.291344 0.000316023 2
0.291619 0.000325693 2
0.291895 0.000335547 2
0.29217 0.000345565 2
0.292446 0.000355688 1
0.292722 0.000365911 1
0.292997 0.000376217 1
0.293273 0.00038657 2
0.293549 0.000396957 2
0.293824 0.0004074 2
0.2941 0.000417896 1
0.294375 0.000428467 1
0.294651 0.000439063 1
0.294927 0.000449657 1
0.295202 0.000460213 4
0.295478 0.000470718 1
0.295754 0.000481226 2
0.296029 0.00049177 3
0.296305 0.000502286 2
0.29658 0.000512721 2
0.296856 0.000523045 2
0.297132 0.000533314 2
0.297407 0.000543523 2
0.297683 0.000553706 2
0.297959 0.00056381 1
0.298234 0.000573818 1
0.29851 0.000580234 4
0.298785 0.000585712 3
0.299061 0.000590327 3
0.299337 0.000594178 4
0.299612 0.000597832 4
0.299888 0.000601345 3
0.300163 0.000604658 3
0.300439 0.000607699 4
0.300715 0.000610459 2
0.30099 0.000612951 2
0.301266 0.000615181 1
0.301542 0.000617178 2
0.301817 0.000618988 3
0.302093 0.000620596 1
0.302368 0.000621975 3
0.302644 0.000623078 2
0.30292 0.000623863 3
0.303195 0.000624275 3
0.303471 0.0006243 3
0.303747 0.000623816 4
0.304022 0.000622844 5
0.304298 0.000621333 3
0.304573 0.000619356 1
0.304849 0.000617037 3
0.305125 0.000614423 3
0.3054 0.000611563 1
0.305676 0.000608464 4
0.305952 0.000605089 5
0.306227 0.000601403 3
0.306503 0.000597381 3
0.306778 0.000592999 2
0.307054 0.000588237 2
0.30733 0.000583072 1
0.307605 0.000577489 2
0.307881 0.000571504 2
0.308156 0.000565147 1
0.308432 0.000558472 2
0.308708 0.00055153 2
0.308983 0.000544355 2
0.309259 0.000536978 4
0.309535 0.000529416 4
0.30981 0.000521682 1
0.310086 0.000513759 5
0.310361 0.000505553 3
0.310637 0.00049704 3
0.310913 0.000488161 4
0.311188 0.000479194 2
0.311464 0.000470112 2
0.31174 0.000460977 2
0.312015 0.000451831 2
0.312291 0.000442717 1
0.312566 0.000433659 1
0.312842 0.000424652 1
0.313118 0.000415673 1
0.313393 0.000406667 1
0.313669 0.000397572 1
0.313945 0.000388337 1
0.31422 0.000378969 1
0.314496 0.000369474 1
0.314771 0.00035986 1
0.315047 0.000350168 1
0.315323 0.000340509 3
0.315598 0.000330969 2
0.315874 0.000321609 2
0.316149 0.000312476 2
0.316425 0.000303606 2
0.316701 0.000295027 1
0.316976 0.00028672 1
0.317252 0.000278659 1
0.317528 0.00027079 2
0.317803 0.000263075 1
0.318079 0.000255493 2
0.318354 0.000248032 1
0.31863 0.00024075 2
0.318906 0.000233715 1
0.319181 0.000226978 1
0.319457 0.000220585 1
0.319733 0.000214579 1
0.320008 0.000208987 1
0.320284 0.000203821 1
0.320559 0.000199062 1
0.320835 0.000194672 1
0.321111 0.000190631 1
0.321386 0.000186906 1
0.321662 0.000183479 1
0.321938 0.000180353 2
0.322213 0.000177548 2
0.322489 0.000175088 2
0.322764 0.00017301 2
0.32304 0.000171364 4
0.323316 0.000170166 2
0.323591 0.000169476 2
0.323867 0.000169311 1
0.324143 0.000169681 1
0.324418 0.000170574 1
0.324694 0.000171918 1
0.324969 0.000173728 1
0.325245 0.000175979 1
0.325521 0.000178625 2
0.325796 0.000181639 2
0.326072 0.000184996 2
0.326347 0.000188692 2
0.326623 0.000192728 4
0.326899 0.000197115 2
0.327174 0.000201866 1
0.32745 0.000206974 1
0.327726 0.000212475 1
0.328001 0.000218355 1
0.328277 0.000224569 1
0.328552 0.000231079 1
0.328828 0.000237862 1
0.329104 0.000244894 2
0.329379 0.00025216 2
0.329655 0.000259658 2
0.329931 0.000267378 2
0.330206 0.000275347 1
0.330482 0.000283592 1
0.330757 0.000292119 1
0.331033 0.000300933 1
0.331309 0.000310018 1
0.331584 0.00031936 1
0.33186 0.000328922 1
0.332136 0.000338675 1
0.332411 0.000348579 1
0.332687 0.000358649 1
0.332962 0.000368871 1
0.333238 0.000379196 2
0.333514 0.000389524 2
0.333789 0.000399819 2
0.334065 0.000410078 2
0.33434 0.000420334 4
0.334616 0.000430602 1
0.334892 0.000440906 1
0.335167 0.000451304 3
0.335443 0.000461767 1
0.335719 0.000472261 3
0.335994 0.000482732 2
0.33627 0.00049316 2
0.336545 0.000503577 2
0.336821 0.000513931 2
0.337097 0.000524159 2
0.337372 0.000534233 2
0.337648 0.000544195 2
0.337924 0.000554103 2
0.338199 0.000563968 2
0.338475 0.000573799 2
0.33875 0.000583549 2
0.339026 0.000589819 4
0.339302 0.000595296 3
0.339577 0.000600004 1
0.339853 0.000604008 4
0.340129 0.000607791 3
0.340404 0.000611422 3
0.34068 0.000614855 3
0.340955 0.000618054 5
0.341231 0.000620961 3
0.341507 0.000623591 3
0.341782 0.000625942 3
0.342058 0.000628028 2
0.342333 0.000629866 3
0.342609 0.000631475 3
0.342885 0.000632845 2
0.34316 0.000633941 1
0.343436 0.000634727 3
0.343712 0.000635163 3
0.343987 0.000635221 3
0.344263 0.000634853 4
0.344538 0.000634042 3
0.344814 0.0006328 4
0.34509 0.000631078 3
0.345365 0.000628954 1
0.345641 0.00062655 3
0.345917 0.000623903 1
0.346192 0.000621036 4
0.346468 0.000617919 5
0.346743 0.000614506 3
0.347019 0.000610752 2
0.347295 0.000606614 2
0.34757 0.00060207 2
0.347846 0.000597109 2
0.348122 0.00059174 2
0.348397 0.000585977 1
0.348673 0.000579854 2
0.348948 0.000573424 2
0.349224 0.00056673 2
0.3495 0.000559805 2
0.349775 0.000552682 4
0.350051 0.00054538 1
0.350326 0.000537899 3
0.350602 0.000530229 3
0.350878 0.000522289 4
0.351153 0.000514071 3
0.351429 0.000505486 4
0.351705 0.000496813 3
0.35198 0.000488015 2
0.352256 0.000479147 2
0.352531 0.000470285 2
0.352807 0.000461459 1
0.353083 0.00045268 1
0.353358 0.000443936 2
0.353634 0.000435222 2
0.35391 0.000426509 2
0.354185 0.000417762 2
0.354461 0.000408933 1
0.354736 0.000399977 1
0.355012 0.000390899 1
0.355288 0.000381715 1
0.355563 0.00037244 1
0.355839 0.000363127 1
0.356115 0.00035388 2
0.35639 0.000344794 2
0.356666 0.000335903 2
0.356941 0.000327248 3
0.357217 0.000318842 2
0.357493 0.000310697 1
0.357768 0.000302798 1
0.358044 0.000295119 1
0.358319 0.000287621 2
0.358595 0.000280285 1
0.358871 0.00027309 2
0.359146 0.000266037 1
0.359422 0.000259188 1
0.359698 0.000252609 1
0.359973 0.000246332 1
0.360249 0.00024039 1
0.360524 0.000234807 1
0.3608 0.0002296 1
0.361076 0.000224762 1
0.361351 0.000220268 1
0.361627 0.000216093 1
0.361903 0.000212215 1
0.362178 0.000208625 1
0.362454 0.00020533 1
0.362729 0.000202345 2
0.363005 0.00019971 2
0.363281 0.000197452 2
0.363556 0.000195603 2
0.363832 0.000194208 2
0.364108 0.000193299 2
0.364383 0.000192888 1
0.364659 0.000192984 1
0.364934 0.000193577 1
0.36521 0.000194649 4
0.365486 0.000196171 1
0.365761 0.000198103 4
0.366037 0.000200413 2
0.366312 0.000203072 2
0.366588 0.000206058 2
0.366864 0.000209361 2
0.367139 0.000212975 2
0.367415 0.000216908 2
0.367691 0.000221166 1
0.367966 0.000225763 1
0.368242 0.000230703 1
0.368517 0.000235983 1
0.368793 0.000241589 1
0.369069 0.000247526 1
0.369344 0.000253742 1
0.36962 0.000260225 1
0.369896 0.000266964 1
0.370171 0.000273945 1
0.370447 0.000281168 1
0.370722 0.000288629 1
0.370998 0.000296338 1
0.371274 0.000304297 1
0.371549 0.000312516 1
0.371825 0.000320989 1
0.372101 0.000329712 1
0.372376 0.000338702 1
0.372652 0.000347936 1
0.372927 0.000357357 1
0.373203 0.000366926 1
0.373479 0.000376635 1
0.373754 0.000386452 2
0.37403 0.000396325 2
0.374306 0.000406254 2
0.374581 0.000416229 2
0.374857 0.000426251 1
0.375132 0.000436306 1
0.375408 0.000446437 1
0.375684 0.000456625 1
0.375959 0.000466867 4
0.376235 0.00047713 3
0.37651 0.000487392 1
0.376786 0.000497696 2
0.377062 0.000508082 2
0.377337 0.000518478 2
0.377613 0.000528823 2
0.377889 0.000539084 2
0.378164 0.000549308 2
0.37844 0.000559485 2
0.378715 0.000569607 1
0.378991 0.000579656 1
0.379267 0.000589592 1
0.379542 0.00059565 4
0.379818 0.000600831 3
0.380094 0.000605195 1
0.380369 0.000608832 4
0.380645 0.000612355 3
0.38092 0.000615789 3
0.381196 0.00061908 3
0.381472 0.000622142 4
0.381747 0.000624959 4
0.382023 0.000627533 2
0.382299 0.000629865 2
0.382574 0.000631987 2
0.38285 0.000633921 3
0.383125 0.000635671 1
0.383401 0.000637204 3
0.383677 0.000638472 2
0.383952 0.000639446 3
0.384228 0.000640095 3
0.384503 0.000640404 3
0.384779 0.000640256 2
0.385055 0.000639676 4
0.38533 0.000638681 3
0.385606 0.000637255 1
0.385882 0.000635366 3
0.386157 0.000633118 3
0.386433 0.000630617 1
0.386708 0.000627897 3
0.386984 0.000624924 4
0.38726 0.000621665 3
0.387535 0.000618085 2
0.387811 0.000614167 2
0.388087 0.000609903 2
0.388362 0.000605271 2
0.388638 0.00060026 1
0.388913 0.000594865 2
0.389189 0.000589108 2
0.389465 0.000583023 1
0.38974 0.000576655 2
0.390016 0.000570042 2
0.390292 0.000563204 2
0.390567 0.00055616 4
0.390843 0.000548918 1
0.391118 0.000541482 4
0.391394 0.000533824 1
0.39167 0.000525897 5
0.391945 0.000517643 3
0.392221 0.000508987 4
0.392496 0.000500262 2
0.392772 0.000491453 2
0.393048 0.000482621 2
0.393323 0.000473814 2
0.393599 0.000465061 1
0.393875 0.000456356 1
0.39415 0.000447694 2
0.394426 0.000439053 2
0.394701 0.000430394 2
0.394977 0.000421665 1
0.395253 0.000412818 1
0.395528 0.000403833 1
0.395804 0.000394751 1
0.39608 0.000385604 1
0.396355 0.000376424 1
0.396631 0.000367262 3
0.396906 0.000358234 2
0.397182 0.000349401 2
0.397458 0.000340801 2
0.397733 0.000332455 2
0.398009 0.000324384 1
0.398285 0.000316569 2
0.39856 0.000309006 1
0.398836 0.000301644 2
0.399111 0.000294453 1
0.399387 0.000287385 2
0.399663 0.000280446 1
0.399938 0.000273636 1
0.400214 0.000267031 1
0.400489 0.000260702 1
0.400765 0.0002547 1
0.401041 0.000249065 1
0.401316 0.000243827 1
0.401592 0.000238998 1
0.401868 0.000234571 1
0.402143 0.000230512 1
0.402419 0.000226792 1
0.402694 0.000223377 1
0.40297 0.000220249 1
0.403246 0.000217399 1
0.403521 0.000214846 2
0.403797 0.000212627 2
0.404073 0.000210783 2
0.404348 0.000209348 2
0.404624 0.000208372 2
0.404899 0.000207871 2
0.405175 0.000207883 1
0.405451 0.000208413 1
0.405726 0.000209449 1
0.406002 0.000210965 1
0.406278 0.000212929 1
0.406553 0.000215298 1
0.406829 0.000218044 1
0.407104 0.000221139 2
0.40738 0.000224572 2
0.407656 0.000228337 2
0.407931 0.000232437 2
0.408207 0.000236878 2
0.408482 0.000241669 1
0.408758 0.000246806 1
0.409034 0.000252283 1
0.409309 0.000258101 1
0.409585 0.000264214 1
0.409861 0.000270597 1
0.410136 0.000277219 1
0.410412 0.00028406 1
0.410687 0.000291094 2
0.410963 0.000298332 2
0.411239 0.000305782 1
0.411514 0.000313469 1
0.41179 0.000321403 1
0.412066 0.000329599 1
0.412341 0.000338052 1
0.412617 0.000346761 1
0.412892 0.000355705 1
0.413168 0.000364904 1
0.413444 0.00037431 1
0.413719 0.000383917 1
0.413995 0.000393672 1
0.414271 0.000403495 2
0.414546 0.000413325 2
0.414822 0.00042316 2
0.415097 0.000433 4
0.415373 0.000442859 2
0.415649 0.000452736 1
0.415924 0.000462704 3
0.4162 0.000472729 1
0.416476 0.000482811 2
0.416751 0.000492901 2
0.417027 0.000502996 1
0.417302 0.000513114 2
0.417578 0.000523276 2
0.417854 0.00053341 2
0.418129 0.000543453 2
0.418405 0.000553374 2
0.41868 0.000563218 2
0.418956 0.000573016 2
0.419232 0.000582761 1
0.419507 0.000592427 1
0.419783 0.000601997 2
0.420059 0.000608382 4
0.420334 0.000613976 3
0.42061 0.000618805 1
0.420885 0.000622944 4
0.421161 0.000626562 3
0.421437 0.000630087 4
0.421712 0.00063346 3
0.421988 0.000636639 3
0.422264 0.000639537 4
0.422539 0.000642174 2
0.422815 0.000644562 1
0.42309 0.0006467 2
0.423366 0.000648602 3
0.423642 0.000650291 3
0.423917 0.000651757 2
0.424193 0.000652989 2
0.424469 0.000653947 2
0.424744 0.000654599 2
0.42502 0.00065491 3
0.425295 0.000654833 3
0.425571 0.000654357 4
0.425847 0.000653479 5
0.426122 0.000652189 3
0.426398 0.000650457 3
0.426673 0.000648369 1
0.426949 0.000646047 2
0.427225 0.000643511 4
0.4275 0.000640762 3
0.427776 0.000637763 4
0.428052 0.000634469 2
0.428327 0.000630835 2
0.428603 0.00062683 2
0.428878 0.000622437 2
0.429154 0.000617657 2
0.42943 0.000612501 2
0.429705 0.000606989 1
0.429981 0.000601147 2
0.430257 0.000595025 2
0.430532 0.000588659 2
0.430808 0.000582078 2
0.431083 0.000575301 4
0.431359 0.000568345 1
0.431635 0.000561204 3
0.43191 0.000553853 3
0.432186 0.000546246 3
0.432462 0.000538345 3
0.432737 0.000530107 3
0.433013 0.00052151 4
0.433288 0.00051288 2
0.433564 0.000504216 2
0.43384 0.000495579 2
0.434115 0.000487013 1
0.434391 0.000478541 1
0.434666 0.00047016 2
0.434942 0.000461853 2
0.435218 0.000453576 2
0.435493 0.000445273 2
0.435769 0.000436886 1
0.436045 0.000428377 1
0.43632 0.000419739 1
0.436596 0.000410997 1
0.436871 0.000402187 1
0.437147 0.000393353 1
0.437423 0.000384577 1
0.437698 0.000375974 1
0.437974 0.000367621 1
0.43825 0.000359527 1
0.438525 0.000351701 3
0.438801 0.000344133 2
0.439076 0.000336811 1
0.439352 0.000329693 2
0.439628 0.000322757 1
0.439903 0.000315956 2
0.440179 0.000309289 2
0.440455 0.000302752 2
0.44073 0.000296352 1
0.441006 0.000290156 1
0.441281 0.000284235 1
0.441557 0.000278623 1
0.441833 0.000273349 1
0.442108 0.000268434 1
0.442384 0.000263892 1
0.442659 0.000259704 1
0.442935 0.000255852 1
0.443211 0.000252302 1
0.443486 0.000249032 1
0.443762 0.000246037 1
0.444038 0.000243321 2
0.444313 0.00024092 2
0.444589 0.000238865 2
0.444864 0.000237192 2
0.44514 0.000235953 2
0.445416 0.000235181 2
0.445691 0.000234899 1
0.445967 0.000235113 1
0.446243 0.000235813 1
0.446518 0.000236978 1
0.446794 0.000238575 1
0.447069 0.000240565 1
0.447345 0.000242914 1
0.447621 0.000245595 2
0.447896 0.00024859 2
0.448172 0.000251892 2
0.448448 0.000255499 2
0.448723 0.000259422 2
0.448999 0.000263667 2
0.449274 0.000268242 1
0.44955 0.000273143 1
0.449826 0.000278357 1
0.450101 0.000283866 1
0.450377 0.000289639 1
0.450652 0.000295674 1
0.450928 0.00030194 1
0.451204 0.000308419 1
0.451479 0.000315112 1
0.451755 0.00032202 1
0.452031 0.000329161 1
0.452306 0.000336546 1
0.452582 0.000344197 1
0.452857 0.000352119 1
0.453133 0.000360359 1
0.453409 0.000368897 1
0.453684 0.000377699 1
0.45396 0.000386702 1
0.454236 0.000395902 1
0.454511 0.000405264 1
0.454787 0.000414729 2
0.455062 0.000424268 2
0.455338 0.000433871 2
0.455614 0.000443514 2
0.455889 0.000453191 1
0.456165 0.000462924 1
0.456441 0.000472717 1
0.456716 0.000482566 4
0.456992 0.000492465 3
0.457267 0.000502412 1
0.457543 0.000512482 2
0.457819 0.000522658 2
0.458094 0.000532895 2
0.45837 0.000543115 2
0.458646 0.000553299 2
0.458921 0.000563437 2
0.459197 0.000573554 2
0.459472 0.000583628 2
0.459748 0.000593622 1
0.460024 0.000603505 3
0.460299 0.000613259 3
0.460575 0.00061907 4
0.46085 0.000624061 3
0.461126 0.00062829 1
0.461402 0.00063185 4
0.461677 0.000635229 3
0.461953 0.000638549 1
0.462229 0.00064178 3
0.462504 0.00064484 4
0.46278 0.000647636 3
0.463055 0.000650209 2
0.463331 0.000652592 1
0.463607 0.000654771 4
0.463882 0.000656758 3
0.464158 0.000658557 3
0.464434 0.000660156 2
0.464709 0.000661536 2
0.464985 0.000662662 2
0.46526 0.000663505 3
0.465536 0.00066405 3
0.465812 0.000664174 3
0.466087 0.000663905 4
0.466363 0.000663237 5
0.466639 0.00066215 3
0.466914 0.000660586 1
0.46719 0.00065865 3
0.467465 0.000656455 3
0.467741 0.000654039 1
0.468017 0.000651409 4
0.468292 0.000648525 5
0.468568 0.000645352 3
0.468843 0.000641858 3
0.469119 0.000638027 2
0.469395 0.000633851 2
0.46967 0.000629317 2
0.469946 0.000624418 3
0.470222 0.000619165 3
0.470497 0.000613578 2
0.470773 0.00060769 2
0.471048 0.000601546 2
0.471324 0.00059517 2
0.4716 0.000588575 2
0.471875 0.000581776 4
0.472151 0.000574783 1
0.472427 0.000567575 2
0.472702 0.000560152 4
0.472978 0.000552445 5
0.473253 0.000544415 3
0.473529 0.00053598 4
0.473805 0.000527492 2
0.47408 0.000518951 2
0.474356 0.000510408 2
0.474632 0.00050193 1
0.474907 0.000493526 1
0.475183 0.000485185 1
0.475458 0.000476883 2
0.475734 0.000468596 2
0.47601 0.000460291 2
0.476285 0.000451927 2
0.476561 0.000443465 1
0.476836 0.000434891 1
0.477112 0.000426216 1
0.477388 0.000417507 1
0.477663 0.000408814 1
0.477939 0.000400171 3
0.478215 0.000391629 2
0.47849 0.000383286 2
0.478766 0.000375189 2
0.479041 0.000367352 3
0.479317 0.000359779 3
0.479593 0.000352454 1
0.479868 0.000345351 2
0.480144 0.00033845 1
0.48042 0.000331704 2
0.480695 0.000325094 2
0.480971 0.000318601 2
0.481246 0.000312248 1
0.481522 0.000306074 1
0.481798 0.000300143 1
0.482073 0.000294502 1
0.482349 0.000289218 1
0.482625 0.000284331 1
0.4829 0.000279844 1
0.483176 0.000275739 1
0.483451 0.000271992 1
0.483727 0.000268583 1
0.484003 0.000265491 1
0.484278 0.000262685 1
0.484554 0.00026016 1
0.484829 0.000257912 1
0.485105 0.000255964 2
0.485381 0.00025436 2
0.485656 0.000253137 2
0.485932 0.000252341 2
0.486208 0.000252002 2
0.486483 0.000252157 2
0.486759 0.000252825 1
0.487034 0.000253992 1
0.48731 0.000255643 1
0.487586 0.000257736 1
0.487861 0.000260236 1
0.488137 0.000263101 1
0.488413 0.000266298 2
0.488688 0.000269807 2
0.488964 0.000273623 2
0.489239 0.000277747 2
0.489515 0.000282185 2
0.489791 0.000286947 2
0.490066 0.000292028 1
0.490342 0.000297428 1
0.490618 0.000303127 1
0.490893 0.000309096 1
0.491169 0.000315321 1
0.491444 0.000321757 1
0.49172 0.000328362 1
0.491996 0.000335151 1
0.492271 0.000342124 2
0.492547 0.000349293 2
0.492822 0.00035667 1
0.493098 0.000364283 1
0.493374 0.000372143 1
0.493649 0.000380266 1
0.493925 0.000388682 1
0.494201 0.000397398 2
0.494476 0.0004064 2
0.494752 0.000415621 2
0.495027 0.000424954 2
0.495303 0.000434335 2
0.495579 0.000443727 2
0.495854 0.000453123 1
0.49613 0.000462505 4
0.496406 0.000471901 3
0.496681 0.000481326 3
0.496957 0.000490853 1
0.497232 0.000500481 1
0.497508 0.000510191 1
0.497784 0.000519932 1
0.498059 0.000529735 1
0.498335 0.000539579 2
0.498611 0.000549424 2
0.498886 0.000559206 2
0.499162 0.000568918 2
0.499437 0.000578562 2
0.499713 0.000588186 2
0.499989 0.000597796 1
0.500264 0.000607379 1
0.50054 0.00061688 1
0.500815 0.000626273 1
0.501091 0.000635491 1
0.501367 0.00064102 4
0.501642 0.00064582 1
0.501918 0.000649923 4
0.502194 0.000653381 4
0.502469 0.000656682 3
0.502745 0.000659879 1
0.50302 0.000662949 3
0.503296 0.000665776 4
0.503572 0.000668351 2
0.503847 0.000670673 1
0.504123 0.000672738 2
0.504399 0.000674573 2
0.504674 0.000676216 2
0.50495 0.00067768 2
0.505225 0.000678954 2
0.505501 0.000679992 2
0.505777 0.000680767 2
0.506052 0.000681247 2
0.506328 0.000681408 2
0.506604 0.000681223 2
0.506879 0.000680635 4
0.507155 0.00067964 5
0.50743 0.00067827 3
0.507706 0.000676499 3
0.507982 0.000674421 1
0.508257 0.000672137 2
0.508533 0.000669663 4
0.508809 0.000666984 3
0.509084 0.000664061 4
0.50936 0.000660843 3
0.509635 0.000657292 2
0.509911 0.000653386 2
0.510187 0.000649115 2
0.510462 0.000644484 2
0.510738 0.000639509 2
0.511013 0.000634206 1
0.511289 0.000628603 2
0.511565 0.00062274 2
0.51184 0.000616651 2
0.512116 0.000610356 2
0.512392 0.000603873 2
0.512667 0.000597214 4
0.512943 0.000590377 3
0.513218 0.000583331 2
0.513494 0.00057605 3
0.51377 0.000568462 4
0.514045 0.000560535 3
0.514321 0.000552168 4
0.514597 0.000543783 3
0.514872 0.000535414 2
0.515148 0.000527105 2
0.515423 0.000518913 1
0.515699 0.000510847 1
0.515975 0.000502886 2
0.51625 0.000494992 2
0.516526 0.000487115 2
0.516802 0.000479197 2
0.517077 0.000471185 2
0.517353 0.000463045 1
0.517628 0.00045477 1
0.517904 0.000446417 1
0.51818 0.000438039 1
0.518455 0.000429687 1
0.518731 0.000421418 1
0.519006 0.00041331 1
0.519282 0.000405454 1
0.519558 0.000397891 1
0.519833 0.000390595 1
0.520109 0.000383541 3
0.520385 0.000376704 3
0.52066 0.000370063 1
0.520936 0.00036357 2
0.521211 0.000357218 1
0.521487 0.000350984 2
0.521763 0.000344875 2
0.522038 0.00033891 2
0.522314 0.000333125 2
0.52259 0.000327542 1
0.522865 0.000322229 1
0.523141 0.00031723 1
0.523416 0.000312565 1
0.523692 0.000308233 1
0.523968 0.000304244 1
0.524243 0.000300596 1
0.524519 0.000297277 1
0.524795 0.000294268 1
0.52507 0.000291554 1
0.525346 0.000289125 1
0.525621 0.000286993 2
0.525897 0.000285177 2
0.526173 0.000283699 2
0.526448 0.000282609 2
0.526724 0.00028195 2
0.526999 0.000281748 2
0.527275 0.000282022 1
0.527551 0.000282772 1
0.527826 0.000283984 1
0.528102 0.00028563 1
0.528378 0.000287669 1
0.528653 0.000290065 1
0.528929 0.000292786 1
0.529204 0.000295812 2
0.52948 0.000299137 2
0.529756 0.000302756 2
0.530031 0.000306676 2
0.530307 0.00031091 2
0.530583 0.000315461 1
0.530858 0.000320325 1
0.531134 0.000325487 1
0.531409 0.000330915 1
0.531685 0.000336597 1
0.531961 0.000342524 1
0.532236 0.000348655 1
0.532512 0.000354982 1
0.532788 0.0003615 1
0.533063 0.00036822 1
0.533339 0.000375156 1
0.533614 0.000382334 1
0.53389 0.000389806 1
0.534166 0.000397585 1
0.534441 0.000405657 1
0.534717 0.000414012 2
0.534992 0.00042264 1
0.535268 0.000431496 1
0.535544 0.000440493 2
0.535819 0.000449603 2
0.536095 0.00045878 2
0.536371 0.000467995 2
0.536646 0.000477223 1
0.536922 0.000486472 1
0.537197 0.0004958 4
0.537473 0.00050522 3
0.537749 0.000514734 3
0.538024 0.000524331 1
0.5383 0.000533997 2
0.538576 0.000543802 2
0.538851 0.000553731 2
0.539127 0.000563747 2
0.539402 0.000573772 2
0.539678 0.000583781 2
0.539954 0.00059376 2
0.540229 0.00060373 2
0.540505 0.000613664 1
0.540781 0.000623539 1
0.541056 0.000633303 1
0.541332 0.000642951 1
0.541607 0.000648461 4
0.541883 0.000653196 3
0.542159 0.000657208 1
0.542434 0.000660594 4
0.54271 0.000663791 3
0.542985 0.000666946 1
0.543261 0.000670067 3
0.543537 0.000673069 4
0.543812 0.000675855 3
0.544088 0.000678435 2
0.544364 0.000680828 1
0.544639 0.000683015 3
0.544915 0.000685015 3
0.54519 0.000686842 3
0.545466 0.000688497 1
0.545742 0.000689963 2
0.546017 0.000691214 2
0.546293 0.000692217 2
0.546569 0.000692946 2
0.546844 0.000693371 2
0.54712 0.000693455 2
0.547395 0.000693058 4
0.547671 0.000692208 5
0.547947 0.000690876 3
0.548222 0.000689163 1
0.548498 0.000687186 3
0.548774 0.000684988 3
0.549049 0.000682588 1
0.549325 0.000679977 4
0.5496 0.000677114 5
0.549876 0.000673959 3
0.550152 0.000670485 2
0.550427 0.000666678 2
0.550703 0.000662532 2
0.550979 0.000658042 3
0.551254 0.000653214 3
0.55153 0.000648057 3
0.551805 0.000642593 3
0.552081 0.000636852 2
0.552357 0.000630874 2
0.552632 0.000624677 2
0.552908 0.000618277 2
0.553183 0.000611685 4
0.553459 0.000604905 2
0.553735 0.000597917 2
0.55401 0.000590693 3
0.554286 0.000583178 4
0.554562 0.000575362 3
0.554837 0.000567138 4
0.555113 0.000558862 2
0.555388 0.000550584 2
0.555664 0.000542339 2
0.55594 0.000534178 1
0.556215 0.000526106 1
0.556491 0.000518106 2
0.556767 0.000510152 2
0.557042 0.000502213 2
0.557318 0.000494262 2
0.557593 0.000486261 2
0.557869 0.000478178 1
0.558145 0.000469996 1
0.55842 0.000461735 1
0.558696 0.000453435 1
0.558972 0.000445163 1
0.559247 0.000436966 1
0.559523 0.000428887 1
0.559798 0.000421011 3
0.560074 0.000413385 1
0.56035 0.000406022 1
0.560625 0.000398903 1
0.560901 0.000392014 1
0.561176 0.000385337 2
0.561452 0.000378856 1
0.561728 0.000372528 2
0.562003 0.000366342 1
0.562279 0.000360276 2
0.562555 0.000354348 2
0.56283 0.000348586 2
0.563106 0.000343031 1
0.563381 0.000337738 1
0.563657 0.00033274 1
0.563933 0.000328103 1
0.564208 0.000323861 1
0.564484 0.000319997 1
0.56476 0.000316488 1
0.565035 0.000313322 1
0.565311 0.000310476 1
0.565586 0.000307937 1
0.565862 0.000305696 2
0.566138 0.00030373 1
0.566413 0.000302053 2
0.566689 0.000300691 2
0.566965 0.000299683 2
0.56724 0.000299063 2
0.567516 0.00029888 2
0.567791 0.000299169 2
0.568067 0.000299948 1
0.568343 0.000301215 1
0.568618 0.000302948 1
0.568894 0.000305117 1
0.569169 0.000307687 1
0.569445 0.000310618 1
0.569721 0.000313879 1
0.569996 0.000317444 2
0.570272 0.000321298 2
0.570548 0.000325442 2
0.570823 0.000329872 2
0.571099 0.000334592 2
0.571374 0.000339603 1
0.57165 0.000344897 1
0.571926 0.000350455 1
0.572201 0.000356249 1
0.572477 0.00036224 1
0.572753 0.000368431 1
0.573028 0.000374794 1
0.573304 0.00038132 1
0.573579 0.000388015 1
0.573855 0.000394893 2
0.574131 0.000401975 2
0.574406 0.000409289 1
0.574682 0.000416891 1
0.574958 0.000424786 2
0.575233 0.00043297 1
0.575509 0.000441426 1
0.575784 0.000450079 2
0.57606 0.000458865 2
0.576336 0.000467762 2
0.576611 0.000476731 2
0.576887 0.000485746 1
0.577162 0.000494776 1
0.577438 0.000503828 4
0.577714 0.000512947 3
0.577989 0.000522128 3
0.578265 0.000531357 3
0.578541 0.000540617 2
0.578816 0.000549899 1
0.579092 0.000559207 2
0.579367 0.000568599 2
0.579643 0.000578113 2
0.579919 0.000587675 2
0.580194 0.000597229 2
0.58047 0.000606747 2
0.580746 0.000616252 2
0.581021 0.000625727 1
0.581297 0.000635167 1
0.581572 0.000644517 1
0.581848 0.000653757 1
0.582124 0.000662851 1
0.582399 0.000668479 4
0.582675 0.000673339 3
0.582951 0.000677511 4
0.583226 0.000681046 1
0.583502 0.0006842 3
0.583777 0.000687281 1
0.584053 0.000690277 3
0.584329 0.0006931 3
0.584604 0.000695675 4
0.58488 0.000698018 2
0.585155 0.000700153 1
0.585431 0.000702063 3
0.585707 0.000703772 2
0.585982 0.000705293 2
0.586258 0.000706638 2
0.586534 0.000707785 2
0.586809 0.000708703 2
0.587085 0.000709363 2
0.58736 0.000709741 2
0.587636 0.000709807 2
0.587912 0.000709537 4
0.588187 0.0007089 3
0.588463 0.000707843 5
0.588739 0.000706399 3
0.589014 0.000704598 3
0.58929 0.000702527 1
0.589565 0.000700283 3
0.589841 0.000697868 4
0.590117 0.000695266 5
0.590392 0.000692428 3
0.590668 0.000689306 3
0.590944 0.000685861 2
0.591219 0.000682074 2
0.591495 0.00067794 2
0.59177 0.000673466 3
0.592046 0.000668665 3
0.592322 0.000663559 3
0.592597 0.000658174 3
0.592873 0.000652543 2
0.593149 0.000646696 2
0.593424 0.000640656 2
0.5937 0.000634436 2
0.593975 0.000628044 4
0.594251 0.000621455 3
0.594527 0.000614683 4
0.594802 0.000607699 1
0.595078 0.00060042 5
0.595353 0.000592811 3
0.595629 0.000584903 3
0.595905 0.000576656 4
0.59618 0.000568468 2
0.596456 0.000560378 2
0.596732 0.000552417 2
0.597007 0.000544601 1
0.597283 0.000536913 1
0.597558 0.000529304 2
0.597834 0.000521724 2
0.59811 0.000514114 2
0.598385 0.00050642 2
0.598661 0.00049861 2
0.598937 0.000490686 1
0.599212 0.000482679 1
0.599488 0.000474671 1
0.599763 0.000466729 1
0.600039 0.000458896 1
0.600315 0.000451222 1
0.60059 0.000443765 1
0.600866 0.000436587 1
0.601142 0.000429703 1
0.601417 0.000423077 3
0.601693 0.000416659 3
0.601968 0.000410415 1
0.602244 0.000404308 2
0.60252 0.000398321 1
0.602795 0.000392433 2
0.603071 0.000386649 1
0.603346 0.000380994 2
0.603622 0.000375501 2
0.603898 0.000370224 2
0.604173 0.000365201 2
0.604449 0.000360468 1
0.604725 0.000356031 1
0.605 0.000351928 1
0.605276 0.000348168 1
0.605551 0.000344747 2
0.605827 0.000341641 2
0.606103 0.000338843 2
0.606378 0.000336354 2
0.606654 0.000334171 2
0.60693 0.000332301 2
0.607205 0.000330743 2
0.607481 0.000329513 2
0.607756 0.000328623 2
0.608032 0.000328109 2
0.608308 0.000327998 2
0.608583 0.000328317 1
0.608859 0.00032908 1
0.609135 0.000330279 1
0.60941 0.000331907 1
0.609686 0.000333942 1
0.609961 0.000336362 1
0.610237 0.000339134 1
0.610513 0.000342233 2
0.610788 0.000345642 2
0.611064 0.000349347 2
0.611339 0.000353341 2
0.611615 0.000357621 2
0.611891 0.000362189 1
0.612166 0.000367035 1
0.612442 0.000372144 1
0.612718 0.000377501 1
0.612993 0.000383091 1
0.613269 0.000388882 1
0.613544 0.00039488 1
0.61382 0.000401054 1
0.614096 0.000407408 1
0.614371 0.000413949 2
0.614647 0.000420736 2
0.614923 0.000427786 2
0.615198 0.000435133 2
0.615474 0.000442787 1
0.615749 0.000450735 1
0.616025 0.000458899 2
0.616301 0.000467257 2
0.616576 0.000475781 2
0.616852 0.000484445 1
0.617128 0.000493194 1
0.617403 0.000502013 4
0.617679 0.000510898 3
0.617954 0.000519895 2
0.61823 0.000528992 2
0.618506 0.000538187 1
0.618781 0.000547427 1
0.619057 0.000556716 1
0.619332 0.000566071 2
0.619608 0.000575562 2
0.619884 0.000585177 2
0.620159 0.000594881 2
0.620435 0.000604613 2
0.620711 0.000614366 2
0.620986 0.000624124 2
0.621262 0.000633886 1
0.621537 0.000643633 1
0.621813 0.000653334 1
0.622089 0.00066294 1
0.622364 0.000672447 1
0.62264 0.000677785 4
0.622916 0.000682339 3
0.623191 0.000686198 3
0.623467 0.000689455 1
0.623742 0.000692421 4
0.624018 0.000695381 1
0.624294 0.000698365 3
0.624569 0.000701268 3
0.624845 0.000703982 5
0.625121 0.000706505 2
0.625396 0.000708834 3
0.625672 0.000710961 4
0.625947 0.000712899 3
0.626223 0.000714678 3
0.626499 0.000716307 3
0.626774 0.000717779 2
0.62705 0.000719069 2
0.627325 0.000720153 2
0.627601 0.000721002 2
0.627877 0.000721578 2
0.628152 0.00072184 2
0.628428 0.000721742 4
0.628704 0.000721152 5
0.628979 0.000720039 3
0.629255 0.000718518 1
0.62953 0.000716703 3
0.629806 0.000714653 3
0.630082 0.000712407 1
0.630357 0.000709975 4
0.630633 0.00070733 5
0.630909 0.000704435 3
0.631184 0.000701255 2
0.63146 0.000697771 2
0.631735 0.000693976 2
0.632011 0.000689866 2
0.632287 0.000685437 3
0.632562 0.000680693 3
0.632838 0.000675643 3
0.633114 0.000670307 3
0.633389 0.000664713 2
0.633665 0.000658892 2
0.63394 0.000652866 2
0.634216 0.000646647 2
0.634492 0.000640248 4
0.634767 0.000633649 2
0.635043 0.000626866 2
0.635318 0.000619835 3
0.635594 0.000612512 3
0.63587 0.000604899 3
0.636145 0.000596877 4
0.636421 0.000588829 2
0.636697 0.000580805 2
0.636972 0.000572837 2
0.637248 0.000564977 1
0.637523 0.000557222 1
0.637799 0.000549554 2
0.638075 0.000541936 2
0.63835 0.000534334 2
0.638626 0.000526713 2
0.638902 0.000519042 2
0.639177 0.000511291 1
0.639453 0.000503443 1
0.639728 0.000495514 1
0.640004 0.000487548 1
0.64028 0.000479627 1
0.640555 0.000471812 1
0.640831 0.000464142 1
0.641107 0.000456692 1
0.641382 0.000449499 1
0.641658 0.00044257 3
0.641933 0.000435877 3
0.642209 0.000429408 1
0.642485 0.000423125 2
0.64276 0.000417018 1
0.643036 0.000411045 2
0.643312 0.000405198 1
0.643587 0.000399473 2
0.643863 0.000393893 2
0.644138 0.000388482 2
0.644414 0.000383283 2
0.64469 0.00037833 2
0.644965 0.000373659 1
0.645241 0.000369278 1
0.645516 0.00036523 1
0.645792 0.00036154 1
0.646068 0.000358182 2
0.646343 0.000355155 1
0.646619 0.000352447 2
0.646895 0.000350059 2
0.64717 0.000347982 2
0.647446 0.000346217 2
0.647721 0.000344761 2
0.647997 0.000343626 2
0.648273 0.000342822 2
0.648548 0.000342384 2
0.648824 0.00034235 2
0.6491 0.000342744 2
0.649375 0.000343591 1
0.649651 0.000344886 1
0.649926 0.000346627 1
0.650202 0.000348791 1
0.650478 0.000351349 1
0.650753 0.000354269 1
0.651029 0.000357519 1
0.651305 0.00036107 2
0.65158 0.000364902 2
0.651856 0.000369006 2
0.652131 0.000373371 2
0.652407 0.000377996 2
0.652683 0.000382878 1
0.652958 0.000388007 1
0.653234 0.000393353 1
0.653509 0.000398908 1
0.653785 0.000404646 1
0.654061 0.000410554 1
0.654336 0.000416622 1
0.654612 0.000422862 1
0.654888 0.000429262 1
0.655163 0.000435843 1
0.655439 0.000442666 2
0.655714 0.000449769 2
0.65599 0.000457178 1
0.656266 0.000464877 1
0.656541 0.000472785 2
0.656817 0.000480863 2
0.657093 0.000489086 2
0.657368 0.000497439 1
0.657644 0.00050588 1
0.657919 0.000514397 1
0.658195 0.00052298 1
0.658471 0.000531642 4
0.658746 0.000540408 2
0.659022 0.000549265 2
0.659298 0.000558184 1
0.659573 0.000567129 1
0.659849 0.000576086 1
0.660124 0.000585054 2
0.6604 0.000594098 2
0.660676 0.000603275 2
0.660951 0.000612528 2
0.661227 0.000621822 2
0.661502 0.000631129 2
0.661778 0.000640464 1
0.662054 0.000649805 1
0.662329 0.000659127 1
0.662605 0.000668367 1
0.662881 0.000677499 1
0.663156 0.000686484 1
0.663432 0.00069219 4
0.663707 0.000697117 3
0.663983 0.000701349 3
0.664259 0.000704916 4
0.664534 0.000707941 3
0.66481 0.000710905 3
0.665086 0.000713812 3
0.665361 0.000716594 3
0.665637 0.000719171 4
0.665912 0.000721533 2
0.666188 0.000723695 1
0.666464 0.000725641 2
0.666739 0.000727402 2
0.667015 0.000728997 3
0.667291 0.000730442 2
0.667566 0.000731713 2
0.667842 0.000732787 2
0.668117 0.000733626 2
0.668393 0.0007342 2
0.668669 0.000734487 2
0.668944 0.000734461 2
0.66922 0.000734093 4
0.669495 0.000733328 5
0.669771 0.000732175 3
0.670047 0.000730647 3
0.670322 0.000728833 1
0.670598 0.000726837 3
0.670874 0.000724671 1
0.671149 0.000722347 4
0.671425 0.000719832 5
0.6717 0.000717082 3
0.671976 0.000714052 2
0.672252 0.000710713 2
0.672527 0.00070705 2
0.672803 0.000703065 2
0.673079 0.00069876 3
0.673354 0.000694151 3
0.67363 0.000689253 3
0.673905 0.000684092 3
0.674181 0.000678695 2
0.674457 0.000673091 2
0.674732 0.000667304 2
0.675008 0.000661345 2
0.675284 0.000655215 4
0.675559 0.000648891 2
0.675835 0.000642387 4
0.67611 0.000635699 3
0.676386 0.00062872 5
0.676662 0.000621439 3
0.676937 0.000613861 3
0.677213 0.000605889 4
0.677488 0.000597998 3
0.677764 0.000590216 2
0.67804 0.000582564 2
0.678315 0.000575058 1
0.678591 0.000567682 1
0.678867 0.000560388 2
0.679142 0.000553121 2
0.679418 0.00054582 2
0.679693 0.000538437 2
0.679969 0.000530949 2
0.680245 0.000523359 1
0.68052 0.000515699 1
0.680796 0.000508028 1
0.681072 0.00050044 1
0.681347 0.000492998 1
0.681623 0.000485739 1
0.681898 0.000478694 1
0.682174 0.000471897 1
0.68245 0.000465383 1
0.682725 0.000459137 1
0.683001 0.000453096 3
0.683277 0.000447213 1
0.683552 0.00044144 2
0.683828 0.000435764 1
0.684103 0.000430168 2
0.684379 0.000424668 1
0.684655 0.000419282 2
0.68493 0.000414061 1
0.685206 0.000409052 2
0.685482 0.0004043 1
0.685757 0.000399838 2
0.686033 0.000395689 1
0.686308 0.000391849 1
0.686584 0.000388303 1
0.68686 0.000385053 2
0.687135 0.000382079 2
0.687411 0.000379413 2
0.687686 0.000377058 2
0.687962 0.000375018 2
0.688238 0.000373301 2
0.688513 0.000371918 2
0.688789 0.00037089 2
0.689065 0.000370233 2
0.68934 0.000369949 1
0.689616 0.000370048 1
0.689891 0.000370534 1
0.690167 0.000371403 1
0.690443 0.000372652 1
0.690718 0.00037428 1
0.690994 0.000376282 1
0.69127 0.00037865 1
0.691545 0.000381378 1
0.691821 0.000384458 1
0.692096 0.000387878 1
0.692372 0.000391622 2
0.692648 0.000395672 2
0.692923 0.000400014 1
0.693199 0.000404625 1
0.693475 0.000409477 1
0.69375 0.000414552 1
0.694026 0.000419833 1
0.694301 0.000425305 1
0.694577 0.000430952 1
0.694853 0.000436763 1
0.695128 0.000442745 1
0.695404 0.000448986 2
0.695679 0.000455503 1
0.695955 0.000462307 2
0.696231 0.000469327 1
0.696506 0.000476519 2
0.696782 0.00048389 1
0.697058 0.000491447 2
0.697333 0.000499223 2
0.697609 0.000507212 1
0.697884 0.000515412 4
0.69816 0.000523807 3
0.698436 0.000532378 2
0.698711 0.000541095 2
0.698987 0.000549956 2
0.699263 0.000558897 2
0.699538 0.000567873 1
0.699814 0.000576819 1
0.700089 0.000585738 1
0.700365 0.000594668 2
0.700641 0.000603702 2
0.700916 0.000612855 2
0.701192 0.000622138 2
0.701468 0.000631512 1
0.701743 0.000640988 1
0.702019 0.000650532 1
0.702294 0.000660132 1
0.70257 0.000669742 1
0.702846 0.000679315 1
0.703121 0.000688794 1
0.703397 0.000698118 1
0.703672 0.000703348 4
0.703948 0.000707825 3
0.704224 0.00071161 1
0.704499 0.000714807 2
0.704775 0.000717514 4
0.705051 0.000720249 1
0.705326 0.000723022 3
0.705602 0.000725759 3
0.705877 0.000728361 4
0.706153 0.000730757 4
0.706429 0.000732973 3
0.706704 0.00073503 3
0.70698 0.000736915 3
0.707256 0.000738635 3
0.707531 0.000740207 3
0.707807 0.000741643 2
0.708082 0.000742931 2
0.708358 0.000744051 2
0.708634 0.000744969 2
0.708909 0.000745646 2
0.709185 0.000746041 2
0.709461 0.000746104 2
0.709736 0.000745804 4
0.710012 0.000744929 5
0.710287 0.000743612 3
0.710563 0.000741968 1
0.710839 0.000740069 3
0.711114 0.000737957 3
0.71139 0.000735659 1
0.711665 0.000733175 4
0.711941 0.000730479 5
0.712217 0.000727542 3
0.712492 0.000724338 2
0.712768 0.000720855 2
0.713044 0.000717088 2
0.713319 0.000713031 2
0.713595 0.000708679 3
0.71387 0.000704034 3
0.714146 0.000699104 3
0.714422 0.000693906 3
0.714697 0.000688466 2
0.714973 0.000682812 2
0.715249 0.000676964 2
0.715524 0.000670935 2
0.7158 0.000664717 4
0.716075 0.000658318 2
0.716351 0.000651732 2
0.716627 0.000644901 3
0.716902 0.000637777 3
0.717178 0.000630375 4
0.717454 0.000622557 4
0.717729 0.000614738 2
0.718005 0.000606961 2
0.71828 0.000599265 2
0.718556 0.000591701 1
0.718832 0.000584261 1
0.719107 0.000576916 2
0.719383 0.000569615 2
0.719658 0.000562316 2
0.719934 0.000554987 2
0.72021 0.000547603 2
0.720485 0.000540146 1
0.720761 0.000532607 1
0.721037 0.000525002 1
0.721312 0.000517371 1
0.721588 0.000509779 1
0.721863 0.000502317 1
0.722139 0.000495042 1
0.722415 0.000487977 1
0.72269 0.00048118 1
0.722966 0.000474646 1
0.723242 0.000468351 1
0.723517 0.000462254 3
0.723793 0.000456325 3
0.724068 0.000450542 1
0.724344 0.000444878 2
0.72462 0.000439348 1
0.724895 0.000433934 2
0.725171 0.000428663 2
0.725447 0.000423568 2
0.725722 0.00041868 2
0.725998 0.000414041 2
0.726273 0.000409664 2
0.726549 0.000405574 2
0.726825 0.000401773 1
0.7271 0.000398246 1
0.727376 0.000394995 2
0.727652 0.000392042 2
0.727927 0.000389404 2
0.728203 0.00038708 2
0.728478 0.000385073 2
0.728754 0.000383404 2
0.72903 0.000382097 2
0.729305 0.000381147 2
0.729581 0.000380575 2
0.729856 0.000380376 1
0.730132 0.000380545 1
0.730408 0.000381081 1
0.730683 0.000381993 1
0.730959 0.00038328 1
0.731235 0.000384947 1
0.73151 0.000386997 1
0.731786 0.000389427 1
0.732061 0.000392218 1
0.732337 0.000395352 1
0.732613 0.00039881 2
0.732888 0.000402572 2
0.733164 0.000406609 1
0.73344 0.000410909 1
0.733715 0.000415453 1
0.733991 0.000420214 1
0.734266 0.000425182 1
0.734542 0.00043034 1
0.734818 0.00043567 1
0.735093 0.000441162 1
0.735369 0.000446802 1
0.735645 0.000452601 1
0.73592 0.000458549 1
0.736196 0.000464724 2
0.736471 0.000471176 1
0.736747 0.000477903 1
0.737023 0.000484839 2
0.737298 0.000491952 1
0.737574 0.000499216 2
0.737849 0.000506663 1
0.738125 0.000514294 1
0.738401 0.000522115 2
0.738676 0.000530109 1
0.738952 0.000538267 1
0.739228 0.000546567 1
0.739503 0.000555013 1
0.739779 0.000563558 4
0.740054 0.000572151 2
0.74033 0.000580742 1
0.740606 0.000589321 2
0.740881 0.000597908 1
0.741157 0.000606519 2
0.741433 0.000615161 1
0.741708 0.000623964 2
0.741984 0.000632929 2
0.742259 0.000642026 1
0.742535 0.000651197 1
0.742811 0.000660423 2
0.743086 0.000669652 1
0.743362 0.000678859 1
0.743638 0.000687984 1
0.743913 0.000697014 1
0.744189 0.000705909 1
0.744464 0.00071464 1
0.74474 0.000719514 4
0.745016 0.000723687 4
0.745291 0.000727199 5
0.745567 0.000730116 3
0.745842 0.000732777 1
0.746118 0.000735449 3
0.746394 0.000738029 3
0.746669 0.000740472 2
0.746945 0.000742704 4
0.747221 0.000744759 2
0.747496 0.000746655 1
0.747772 0.000748381 1
0.748047 0.000749937 3
0.748323 0.000751345 3
0.748599 0.000752604 3
0.748874 0.000753699 2
0.74915 0.0007546 2
0.749426 0.000755282 2
0.749701 0.000755712 2
0.749977 0.000755868 2
0.750252 0.000755715 2
0.750528 0.000755227 4
0.750804 0.000754387 5
0.751079 0.000753122 3
0.751355 0.000751507 3
0.751631 0.000749668 1
0.751906 0.000747655 3
0.752182 0.000745499 1
0.752457 0.000743186 4
0.752733 0.000740684 5
0.753009 0.000737951 3
0.753284 0.000734952 2
0.75356 0.000731666 2
0.753835 0.000728086 2
0.754111 0.000724208 2
0.754387 0.000720035 3
0.754662 0.000715577 3
0.754938 0.000710849 3
0.755214 0.000705872 3
0.755489 0.000700672 2
0.755765 0.000695274 2
0.75604 0.000689693 2
0.756316 0.000683942 2
0.756592 0.000678011 4
0.756867 0.000671916 2
0.757143 0.000665651 2
0.757419 0.000659202 4
0.757694 0.0006525 3
0.75797 0.000645504 4
0.758245 0.00063824 3
0.758521 0.000630519 4
0.758797 0.000622865 2
0.759072 0.000615325 2
0.759348 0.000607921 2
0.759624 0.000600678 1
0.759899 0.000593575 1
0.760175 0.00058656 2
0.76045 0.000579565 2
0.760726 0.000572533 2
0.761002 0.000565428 2
0.761277 0.000558235 2
0.761553 0.000550962 1
0.761828 0.000543636 1
0.762104 0.00053631 1
0.76238 0.00052905 1
0.762655 0.000521932 1
0.762931 0.000515035 1
0.763207 0.00050839 1
0.763482 0.000501991 1
0.763758 0.000495824 1
0.764033 0.000489881 1
0.764309 0.000484145 3
0.764585 0.000478582 1
0.76486 0.000473129 2
0.765136 0.000467762 1
0.765412 0.000462475 2
0.765687 0.000457288 1
0.765963 0.000452222 2
0.766238 0.000447313 1
0.766514 0.000442601 2
0.76679 0.000438137 1
0.767065 0.000433952 1
0.767341 0.000430066 1
0.767617 0.000426484 1
0.767892 0.000423199 1
0.768168 0.000420188 1
0.768443 0.000417433 1
0.768719 0.00041493 2
0.768995 0.000412691 2
0.76927 0.000410738 2
0.769546 0.000409092 2
0.769822 0.000407792 2
0.770097 0.000406876 2
0.770373 0.000406354 2
0.770648 0.000406223 2
0.770924 0.000406481 2
0.7712 0.000407139 1
0.771475 0.000408179 1
0.771751 0.000409589 1
0.772026 0.000411349 1
0.772302 0.00041344 1
0.772578 0.00041585 1
0.772853 0.000418573 2
0.773129 0.000421608 2
0.773405 0.000424957 1
0.77368 0.000428615 1
0.773956 0.000432578 1
0.774231 0.000436831 1
0.774507 0.000441369 1
0.774783 0.000446165 1
0.775058 0.000451204 1
0.775334 0.000456459 1
0.77561 0.000461936 2
0.775885 0.00046762 1
0.776161 0.000473514 1
0.776436 0.000479558 2
0.776712 0.000485721 1
0.776988 0.000491971 2
0.777263 0.000498325 2
0.777539 0.000504846 2
0.777815 0.000511614 2
0.77809 0.000518697 1
0.778366 0.000526098 3
0.778641 0.000533809 2
0.778917 0.00054181 1
0.779193 0.000550052 1
0.779468 0.000558479 1
0.779744 0.000567009 1
0.780019 0.000575576 1
0.780295 0.000584124 1
0.780571 0.000592642 1
0.780846 0.000601091 1
0.781122 0.000609515 1
0.781398 0.000617924 1
0.781673 0.000626415 1
0.781949 0.000635124 1
0.782224 0.000644073 2
0.7825 0.000653197 1
0.782776 0.000662454 2
0.783051 0.000671782 2
0.783327 0.000681155 2
0.783603 0.000690526 2
0.783878 0.000699829 2
0.784154 0.000709032 2
0.784429 0.000718108 1
0.784705 0.000723314 4
0.784981 0.000727779 3
0.785256 0.00073155 1
0.785532 0.000734707 2
0.785808 0.000737327 4
0.786083 0.000739802 1
0.786359 0.000742336 4
0.786634 0.000744842 3
0.78691 0.000747258 2
0.787186 0.000749503 4
0.787461 0.000751597 1
0.787737 0.000753537 2
0.788012 0.000755328 2
0.788288 0.000756974 3
0.788564 0.000758495 3
0.788839 0.000759899 3
0.789115 0.00076117 3
0.789391 0.000762283 2
0.789666 0.000763211 3
0.789942 0.000763923 2
0.790217 0.000764385 2
0.790493 0.000764558 2
0.790769 0.000764412 2
0.791044 0.000763836 4
0.79132 0.000762885 5
0.791596 0.000761494 3
0.791871 0.000759766 3
0.792147 0.000757798 1
0.792422 0.000755636 3
0.792698 0.000753306 1
0.792974 0.0007508 4
0.793249 0.000748096 5
0.793525 0.000745162 3
0.793801 0.000741974 2
0.794076 0.000738516 2
0.794352 0.00073478 2
0.794627 0.000730762 2
0.794903 0.000726465 2
0.795179 0.000721897 2
0.795454 0.000717073 2
0.79573 0.000712009 2
0.796005 0.000706731 2
0.796281 0.00070126 2
0.796557 0.000695607 2
0.796832 0.000689779 2
0.797108 0.000683763 4
0.797384 0.000677565 2
0.797659 0.000671178 2
0.797935 0.000664575 1
0.79821 0.000657694 3
0.798486 0.000650544 4
0.798762 0.000643162 3
0.799037 0.000635461 4
0.799313 0.000627805 2
0.799589 0.000620258 2
0.799864 0.000612845 2
0.80014 0.000605592 2
0.800415 0.000598468 2
0.800691 0.000591424 2
0.800967 0.000584396 2
0.801242 0.000577336 2
0.801518 0.000570214 2
0.801794 0.000563016 2
0.802069 0.00055574 2
0.802345 0.000548407 1
0.80262 0.00054106 1
0.802896 0.000533759 1
0.803172 0.0005266 1
0.803447 0.00051964 1
0.803723 0.000512901 1
0.803998 0.000506396 1
0.804274 0.000500175 1
0.80455 0.000494207 1
0.804825 0.000488456 1
0.805101 0.000482863 2
0.805377 0.000477404 3
0.805652 0.000472063 1
0.805928 0.000466825 2
0.806203 0.000461706 1
0.806479 0.000456722 2
0.806755 0.000451911 1
0.80703 0.000447297 2
0.807306 0.000442918 2
0.807582 0.0004388 1
0.807857 0.000434956 1
0.808133 0.000431393 1
0.808408 0.000428103 1
0.808684 0.000425084 1
0.80896 0.000422334 1
0.809235 0.000419842 1
0.809511 0.000417614 2
0.809787 0.000415677 2
0.810062 0.000414045 2
0.810338 0.000412733 2
0.810613 0.000411788 2
0.810889 0.000411237 2
0.811165 0.000411101 1
0.81144 0.000411371 1
0.811716 0.000412024 1
0.811991 0.000413038 1
0.812267 0.00041438 1
0.812543 0.00041604 1
0.812818 0.000418011 1
0.813094 0.000420298 1
0.81337 0.000422906 1
0.813645 0.000425841 1
0.813921 0.000429102 1
0.814196 0.000432679 1
0.814472 0.000436558 1
0.814748 0.000440711 1
0.815023 0.000445124 1
0.815299 0.000449767 1
0.815575 0.000454613 1
0.81585 0.000459631 1
0.816126 0.000464802 1
0.816401 0.000470104 1
0.816677 0.000475555 2
0.816953 0.000481225 1
0.817228 0.000487115 1
0.817504 0.000493173 2
0.81778 0.000499361 1
0.818055 0.000505654 2
0.818331 0.000512091 2
0.818606 0.000518715 1
0.818882 0.000525573 1
0.819158 0.000532707 2
0.819433 0.000540105 1
0.819709 0.000547756 1
0.819985 0.000555633 1
0.82026 0.000563686 1
0.820536 0.000571881 2
0.820811 0.000580137 4
0.821087 0.000588398 2
0.821363 0.000596613 2
0.821638 0.00060479 1
0.821914 0.000612976 2
0.822189 0.000621181 2
0.822465 0.000629444 1
0.822741 0.000637849 2
0.823016 0.000646459 2
0.823292 0.00065527 2
0.823568 0.000664218 2
0.823843 0.000673245 2
0.824119 0.0006823 2
0.824394 0.000691339 2
0.82467 0.000700308 2
0.824946 0.000709189 2
0.825221 0.000717951 1
0.825497 0.000726557 2
0.825773 0.000731375 4
0.826048 0.000735543 3
0.826324 0.000739075 1
0.826599 0.000742026 4
0.826875 0.000744553 4
0.827151 0.00074707 1
0.827426 0.000749562 3
0.827702 0.000751934 3
0.827978 0.000754111 4
0.828253 0.000756128 2
0.828529 0.000757999 1
0.828804 0.000759719 2
0.82908 0.000761297 3
0.829356 0.000762755 3
0.829631 0.00076409 2
0.829907 0.000765284 3
0.830182 0.000766307 2
0.830458 0.00076713 2
0.830734 0.000767725 2
0.831009 0.000768069 2
0.831285 0.000768133 2
0.831561 0.000767891 1
0.831836 0.000767326 4
0.832112 0.000766389 4
0.832387 0.000765063 3
0.832663 0.000763455 1
0.832939 0.000761657 3
0.833214 0.000759698 1
0.83349 0.000757591 2
0.833766 0.000755327 1
0.834041 0.000752875 3
0.834317 0.000750198 1
0.834592 0.000747256 1
0.834868 0.000744033 1
0.835144 0.000740521 1
0.835419 0.000736723 1
0.835695 0.000732646 1
0.835971 0.000728309 2
0.836246 0.000723729 2
0.836522 0.000718926 1
0.836797 0.000713921 2
0.837073 0.000708735 2
0.837349 0.000703383 2
0.837624 0.000697859 2
0.8379 0.00069215 2
0.838175 0.000686282 4
0.838451 0.000680248 2
0.838727 0.000674026 2
0.839002 0.000667584 3
0.839278 0.000660861 3
0.839554 0.000653881 4
0.839829 0.000646677 3
0.840105 0.000639156 4
0.84038 0.000631739 2
0.840656 0.000624458 2
0.840932 0.000617328 1
0.841207 0.000610357 1
0.841483 0.000603511 2
0.841759 0.000596717 2
0.842034 0.000589906 2
0.84231 0.000583035 2
0.842585 0.000576091 2
0.842861 0.000569084 2
0.843137 0.000562041 1
0.843412 0.000555005 1
0.843688 0.000548038 1
0.843964 0.000541205 1
0.844239 0.000534573 1
0.844515 0.000528205 1
0.84479 0.000522106 1
0.845066 0.000516247 1
0.845342 0.000510603 1
0.845617 0.000505138 1
0.845893 0.000499826 3
0.846168 0.000494644 1
0.846444 0.000489571 2
0.84672 0.0004846 1
0.846995 0.000479738 2
0.847271 0.000474998 1
0.847547 0.000470414 2
0.847822 0.000466021 1
0.848098 0.000461842 2
0.848373 0.000457918 1
0.848649 0.000454279 1
0.848925 0.000450937 1
0.8492 0.00044789 1
0.849476 0.000445114 1
0.849752 0.00044259 1
0.850027 0.000440315 1
0.850303 0.000438287 2
0.850578 0.000436525 1
0.850854 0.000435041 1
0.85113 0.000433854 2
0.851405 0.000432986 2
0.851681 0.000432457 2
0.851957 0.000432315 2
0.852232 0.000432579 1
0.852508 0.000433264 1
0.852783 0.000434352 1
0.853059 0.000435832 1
0.853335 0.000437685 1
0.85361 0.000439883 1
0.853886 0.000442395 1
0.854161 0.000445197 1
0.854437 0.00044827 1
0.854713 0.000451611 1
0.854988 0.000455216 1
0.855264 0.00045909 1
0.85554 0.000463237 1
0.855815 0.000467698 1
0.856091 0.000472458 1
0.856366 0.000477462 2
0.856642 0.000482658 1
0.856918 0.000488047 1
0.857193 0.000493585 1
0.857469 0.000499214 1
0.857745 0.00050491 1
0.85802 0.0005107 1
0.858296 0.00051667 1
0.858571 0.000522883 1
0.858847 0.000529386 1
0.859123 0.000536194 3
0.859398 0.000543303 1
0.859674 0.00055069 1
0.85995 0.000558331 1
0.860225 0.000566167 1
0.860501 0.000574142 2
0.860776 0.000582188 2
0.861052 0.000590286 1
0.861328 0.000598385 1
0.861603 0.00060647 1
0.861879 0.00061453 1
0.862155 0.000622598 1
0.86243 0.000630666 1
0.862706 0.000638811 1
0.862981 0.000647143 1
0.863257 0.00065568 1
0.863533 0.000664364 1
0.863808 0.00067316 2
0.864084 0.000682007 2
0.864359 0.000690893 2
0.864635 0.000699779 2
0.864911 0.000708643 2
0.865186 0.000717447 2
0.865462 0.000726176 1
0.865738 0.000734801 1
0.866013 0.000739131 4
0.866289 0.000742817 3
0.866564 0.00074589 3
0.86684 0.000748409 4
0.867116 0.000750521 1
0.867391 0.000752742 3
0.867667 0.000754989 3
0.867943 0.000757178 2
0.868218 0.000759263 2
0.868494 0.000761164 4
0.868769 0.000762927 1
0.869045 0.000764553 2
0.869321 0.000766042 2
0.869596 0.000767395 2
0.869872 0.000768635 1
0.870148 0.000769775 2
0.870423 0.000770795 2
0.870699 0.000771667 2
0.870974 0.000772364 2
0.87125 0.000772851 2
0.871526 0.000773095 2
0.871801 0.000773063 2
0.872077 0.000772643 4
0.872352 0.000771879 3
0.872628 0.000770808 5
0.872904 0.000769457 3
0.873179 0.000767731 3
0.873455 0.000765749 1
0.873731 0.0007636 3
0.874006 0.000761285 1
0.874282 0.000758795 4
0.874557 0.000756112 5
0.874833 0.000753199 3
0.875109 0.000750031 2
0.875384 0.000746597 2
0.87566 0.000742891 2
0.875936 0.000738912 2
0.876211 0.00073467 3
0.876487 0.000730185 3
0.876762 0.000725474 2
0.877038 0.00072056 2
0.877314 0.000715463 2
0.877589 0.000710201 2
0.877865 0.000704778 2
0.878141 0.000699193 2
0.878416 0.000693426 4
0.878692 0.000687472 2
0.878967 0.000681315 2
0.879243 0.000674951 2
0.879519 0.000668333 4
0.879794 0.000661452 3
0.88007 0.000654344 4
0.880345 0.000646847 4
0.880621 0.000639433 3
0.880897 0.000632118 3
0.881172 0.000624954 3
0.881448 0.000617958 3
0.881724 0.000611123 2
0.881999 0.000604386 2
0.882275 0.000597666 2
0.88255 0.0005909 2
0.882826 0.000584059 2
0.883102 0.000577137 2
0.883377 0.000570143 1
0.883653 0.000563102 1
0.883929 0.00055606 1
0.884204 0.000549084 1
0.88448 0.000542242 1
0.884755 0.000535619 1
0.885031 0.000529245 1
0.885307 0.000523114 1
0.885582 0.000517215 1
0.885858 0.000511528 1
0.886134 0.000506062 1
0.886409 0.000500782 1
0.886685 0.000495628 2
0.88696 0.000490578 3
0.887236 0.000485621 3
0.887512 0.000480778 2
0.887787 0.000476075 2
0.888063 0.00047154 2
0.888338 0.0004672 2
0.888614 0.000463084 2
0.88889 0.000459215 1
0.889165 0.000455602 1
0.889441 0.000452241 1
0.889717 0.000449122 1
0.889992 0.000446249 1
0.890268 0.00044361 1
0.890543 0.000441213 2
0.890819 0.000439075 2
0.891095 0.000437208 1
0.89137 0.000435638 1
0.891646 0.000434375 2
0.891922 0.000433436 2
0.892197 0.00043287 2
0.892473 0.000432693 2
0.892748 0.000432911 2
0.893024 0.000433523 1
0.8933 0.00043452 1
0.893575 0.000435886 1
0.893851 0.000437582 1
0.894127 0.000439577 1
0.894402 0.000441843 2
0.894678 0.000444365 2
0.894953 0.000447137 2
0.895229 0.000450164 1
0.895505 0.000453462 1
0.89578 0.000457031 1
0.896056 0.000460883 1
0.896331 0.000465012 1
0.896607 0.000469411 1
0.896883 0.000474046 1
0.897158 0.000478915 2
0.897434 0.000484012 1
0.89771 0.000489354 1
0.897985 0.000494871 1
0.898261 0.000500479 2
0.898536 0.000506113 1
0.898812 0.000511762 2
0.899088 0.000517492 2
0.899363 0.000523396 2
0.899639 0.000529543 1
0.899915 0.000535987 1
0.90019 0.000542741 1
0.900466 0.000549803 1
0.900741 0.000557137 1
0.901017 0.000564695 1
0.901293 0.000572403 1
0.901568 0.000580213 4
0.901844 0.000588041 2
0.90212 0.000595844 2
0.902395 0.000603618 1
0.902671 0.000611383 2
0.902946 0.000619193 2
0.903222 0.000627059 1
0.903498 0.000635015 3
0.903773 0.000643131 2
0.904049 0.000651455 2
0.904325 0.000659972 2
0.9046 0.000668618 2
0.904876 0.000677338 2
0.905151 0.000686084 2
0.905427 0.000694831 2
0.905703 0.000703533 2
0.905978 0.000712185 2
0.906254 0.000720739 1
0.906529 0.000729203 1
0.906805 0.000733958 4
0.907081 0.000738118 1
0.907356 0.000741647 3
0.907632 0.000744616 4
0.907908 0.000747075 3
0.908183 0.000749503 4
0.908459 0.000751904 3
0.908734 0.000754234 3
0.90901 0.000756419 2
0.909286 0.000758412 4
0.909561 0.000760265 1
0.909837 0.00076199 2
0.910113 0.000763591 3
0.910388 0.000765076 3
0.910664 0.000766456 3
0.910939 0.000767732 2
0.911215 0.000768878 2
0.911491 0.000769864 2
0.911766 0.000770652 2
0.912042 0.000771214 2
0.912318 0.000771518 2
0.912593 0.000771535 2
0.912869 0.00077125 2
0.913144 0.000770601 4
0.91342 0.000769621 5
0.913696 0.000768312 3
0.913971 0.000766753 3
0.914247 0.000765031 1
0.914522 0.000763154 3
0.914798 0.000761121 1
0.915074 0.000758915 2
0.915349 0.000756503 4
0.915625 0.000753853 5
0.915901 0.000750936 2
0.916176 0.000747739 2
0.916452 0.000744261 2
0.916727 0.000740514 2
0.917003 0.000736518 2
0.917279 0.000732294 2
0.917554 0.000727864 2
0.91783 0.000723246 2
0.918106 0.000718458 2
0.918381 0.000713511 2
0.918657 0.00070841 2
0.918932 0.000703148 2
0.919208 0.000697688 3
0.919484 0.00069204 4
0.919759 0.000686219 3
0.920035 0.00068022 3
0.920311 0.000674037 3
0.920586 0.000667576 3
0.920862 0.000660874 3
0.921137 0.000653982 4
0.921413 0.000646712 4
0.921689 0.000639549 3
0.921964 0.000632494 2
0.92224 0.000625566 2
0.922515 0.000618792 2
0.922791 0.000612168 2
0.923067 0.000605629 2
0.923342 0.000599095 2
0.923618 0.000592509 2
0.923894 0.000585856 2
0.924169 0.000579151 2
0.924445 0.000572429 1
0.92472 0.000565728 1
0.924996 0.0005591 1
0.925272 0.000552605 1
0.925547 0.000546298 1
0.925823 0.00054023 1
0.926099 0.000534422 1
0.926374 0.000528878 1
0.92665 0.000523556 1
0.926925 0.000518396 1
0.927201 0.000513365 1
0.927477 0.00050844 3
0.927752 0.000503623 1
0.928028 0.000498911 2
0.928304 0.000494315 1
0.928579 0.000489865 2
0.928855 0.000485588 1
0.92913 0.000481516 2
0.929406 0.000477671 1
0.929682 0.000474072 1
0.929957 0.000470725 1
0.930233 0.00046762 1
0.930508 0.000464764 1
0.930784 0.000462156 1
0.93106 0.000459784 1
0.931335 0.000457654 1
0.931611 0.000455768 2
0.931887 0.000454135 2
0.932162 0.000452781 2
0.932438 0.000451734 2
0.932713 0.00045103 2
0.932989 0.000450681 2
0.933265 0.000450713 1
0.93354 0.000451134 1
0.933816 0.000451897 1
0.934092 0.000452989 1
0.934367 0.000454382 2
0.934643 0.000456088 1
0.934918 0.000458125 1
0.935194 0.000460508 2
0.93547 0.000463268 1
0.935745 0.000466423 1
0.936021 0.000469928 2
0.936297 0.000473721 2
0.936572 0.000477739 2
0.936848 0.000481925 2
0.937123 0.000486284 1
0.937399 0.000490797 1
0.937675 0.000495479 1
0.93795 0.000500321 1
0.938226 0.000505328 1
0.938501 0.000510513 1
0.938777 0.00051591 1
0.939053 0.00052155 1
0.939328 0.000527431 1
0.939604 0.00053355 3
0.93988 0.0005399 2
0.940155 0.000546457 2
0.940431 0.000553201 1
0.940706 0.000560117 1
0.940982 0.000567193 1
0.941258 0.000574414 1
0.941533 0.000581776 1
0.941809 0.000589266 1
0.942085 0.000596894 1
0.94236 0.000604629 1
0.942636 0.000612446 1
0.942911 0.000620311 1
0.943187 0.000628181 1
0.943463 0.000636049 1
0.943738 0.000643984 1
0.944014 0.000652003 1
0.94429 0.000660158 1
0.944565 0.000668422 1
0.944841 0.000676764 1
0.945116 0.000685134 2
0.945392 0.00069352 2
0.945668 0.000701903 2
0.945943 0.000710293 2
0.946219 0.000718683 2
0.946494 0.000727088 2
0.94677 0.000735468 2
0.947046 0.000739884 4
0.947321 0.000743672 4
0.947597 0.000746854 3
0.947873 0.000749491 4
0.948148 0.000751671 3
0.948424 0.000753706 1
0.948699 0.00075584 3
0.948975 0.000757958 2
0.949251 0.000759994 2
0.949526 0.000761908 4
0.949802 0.000763653 2
0.950078 0.000765271 1
0.950353 0.000766763 2
0.950629 0.000768123 2
0.950904 0.000769358 2
0.95118 0.000770485 1
0.951456 0.000771521 2
0.951731 0.000772438 2
0.952007 0.000773215 2
0.952283 0.000773817 2
0.952558 0.000774209 2
0.952834 0.000774353 2
0.953109 0.000774141 2
0.953385 0.000773603 4
0.953661 0.000772782 3
0.953936 0.000771694 4
0.954212 0.000770266 3
0.954488 0.000768681 1
0.954763 0.000766846 3
0.955039 0.000764822 1
0.955314 0.000762662 3
0.95559 0.000760321 4
0.955866 0.000757768 5
0.956141 0.000754968 3
0.956417 0.000751896 2
0.956692 0.000748544 2
0.956968 0.000744917 2
0.957244 0.000741027 2
0.957519 0.000736896 2
0.957795 0.00073255 2
0.958071 0.000728011 2
0.958346 0.000723301 2
0.958622 0.000718438 2
0.958897 0.00071343 2
0.959173 0.000708276 2
0.959449 0.000702961 2
0.959724 0.000697457 3
0.96 0.000691759 4
0.960276 0.000685856 3
0.960551 0.000679745 3
0.960827 0.000673442 4
0.961102 0.000666884 3
0.961378 0.000660115 4
0.961654 0.000653167 3
0.961929 0.000645913 4
0.962205 0.000638795 2
0.962481 0.000631798 2
0.962756 0.000624954 1
0.963032 0.000618263 1
0.963307 0.000611705 2
0.963583 0.000605214 2
0.963859 0.000598696 2
0.964134 0.000592104 2
0.96441 0.000585426 2
0.964685 0.000578681 2
0.964961 0.0005719 1
0.965237 0.000565131 1
0.965512 0.000558436 1
0.965788 0.000551883 1
0.966064 0.000545533 1
0.966339 0.000539446 1
0.966615 0.000533626 1
0.96689 0.000528035 1
0.967166 0.000522637 1
0.967442 0.000517414 1
0.967717 0.000512336 1
0.967993 0.000507405 2
0.968269 0.000502609 1
0.968544 0.000497917 3
0.96882 0.00049333 1
0.969095 0.000488867 2
0.969371 0.000484569 1
0.969647 0.000480458 2
0.969922 0.000476567 1
0.970198 0.000472907 2
0.970474 0.000469493 1
0.970749 0.000466315 1
0.971025 0.000463362 1
0.9713 0.000460639 1
0.971576 0.000458136 1
0.971852 0.000455843 1
0.972127 0.000453783 2
0.972403 0.000452017 2
0.972678 0.000450526 2
0.972954 0.000449321 2
0.97323 0.000448461 1
0.973505 0.000448002 1
0.973781 0.000447885 2
0.974057 0.000448072 2
0.974332 0.000448591 2
0.974608 0.000449452 1
0.974883 0.00045065 1
0.975159 0.000452176 1
0.975435 0.000454018 1
0.97571 0.000456157 1
0.975986 0.000458576 1
0.976262 0.00046127 1
0.976537 0.000464237 1
0.976813 0.000467474 1
0.977088 0.000470985 1
0.977364 0.000474771 1
0.97764 0.000478895 1
0.977915 0.000483327 1
0.978191 0.000487987 2
0.978467 0.000492774 2
0.978742 0.000497632 1
0.979018 0.000502523 2
0.979293 0.000507493 2
0.979569 0.000512586 2
0.979845 0.000517855 2
0.98012 0.000523337 2
0.980396 0.000529066 1
0.980671 0.000535064 1
0.980947 0.000541336 1
0.981223 0.000547861 1
0.981498 0.000554613 1
0.981774 0.000561546 1
0.98205 0.000568628 1
0.982325 0.000575821 4
0.982601 0.000583126 2
0.982876 0.000590517 2
0.983152 0.00059798 3
0.983428 0.000605498 3
0.983703 0.00061308 3
0.983979 0.000620742 3
0.984255 0.000628448 3
0.98453 0.000636223 1
0.984806 0.000644101 2
0.985081 0.000652092 2
0.985357 0.000660237 2
0.985633 0.000668493 2
0.985908 0.000676831 2
0.986184 0.000685201 2
0.98646 0.000693596 2
0.986735 0.000701958 2
0.987011 0.000710324 2
0.987286 0.000718681 2
0.987562 0.000727032 1
0.987838 0.000731747 4
0.988113 0.000735874 3
0.988389 0.00073944 1
0.988664 0.00074248 2
0.98894 0.000745039 4
0.989216 0.000747426 3
0.989491 0.000749825 3
0.989767 0.000752173 3
0.990043 0.00075441 3
0.990318 0.000756467 4
0.990594 0.000758373 2
0.990869 0.000760149 2
0.991145 0.000761786 2
0.991421 0.000763305 2
0.991696 0.000764734 3
0.991972 0.000766087 2
0.992248 0.000767348 2
0.992523 0.000768494 2
0.992799 0.00076949 2
0.993074 0.000770301 2
0.99335 0.000770887 2
0.993626 0.000771212 2
0.993901 0.000771253 2
0.994177 0.000770994 2
0.994453 0.000770441 4
0.994728 0.000769531 5
0.995004 0.000768337 3
0.995279 0.000766841 3
0.995555 0.000765176 1
0.995831 0.000763392 3
0.996106 0.000761441 2
0.996382 0.000759308 1
0.996658 0.000756962 4
0.996933 0.00075438 5
0.997209 0.000751535 3
0.997484 0.000748417 2
0.99776 0.000745029 2
0.998036 0.000741388 2
0.998311 0.000737514 2
0.998587 0.000733431 2
0.998862 0.000729164 2
0.999138 0.000724731 2
0.999414 0.000720146 2
0.999689 0.000715418 2
0.999965 0.000710547 2
