0 0.00999774
0.0338878 0.00999196
0.0677756 0.00997527
0.101663 0.00994807
0.135551 0.00991068
0.169439 0.00986307
0.203327 0.00980507
0.237215 0.00973708
0.271102 0.00965971
0.30499 0.00957295
0.338878 0.00947678
0.372766 0.00937154
0.406653 0.00925728
0.440541 0.00913426
0.474429 0.00900275
0.508317 0.00886312
0.542205 0.00871576
0.576092 0.00856083
0.60998 0.00839831
0.643868 0.00822823
0.677756 0.00805081
0.711644 0.00786617
0.745531 0.00767421
0.779419 0.00747779
0.813307 0.00727747
0.847195 0.00707179
0.881082 0.0068599
0.91497 0.00664179
0.948858 0.00641799
0.982746 0.00618901
1.01663 0.00595518
1.05052 0.00571681
1.08441 0.00547417
1.1183 0.00522758
1.15218 0.00497738
1.18607 0.00472385
1.21996 0.00446731
1.25385 0.00420802
1.28774 0.00394627
1.32162 0.00368209
1.35551 0.00341483
1.3894 0.00314686
1.42329 0.00287925
1.45717 0.00261166
1.49106 0.00234347
1.52495 0.00207446
1.55884 0.00180475
1.59273 0.00153467
1.62661 0.00126457
1.6605 0.000994778
1.69439 0.000725566
1.72828 0.000457228
1.76216 0.000190058
1.79605 7.55314e-05
1.82994 0.000339368
1.86383 0.000601074
1.89772 0.000860358
1.9316 0.00111695
1.96549 0.00137068
1.99938 0.00162135
2.03327 0.00186864
2.06716 0.00211233
2.10104 0.00235229
2.13493 0.00258847
2.16882 0.00282071
2.20271 0.00304878
2.23659 0.00327242
2.27048 0.00349136
2.30437 0.00370543
2.33826 0.00391466
2.37215 0.00411896
2.40603 0.00431788
2.43992 0.00451138
2.47381 0.00469933
2.5077 0.00488158
2.54158 0.00505796
2.57547 0.00522831
2.60936 0.0053925
2.64325 0.00555039
2.67714 0.00570185
2.71102 0.00584677
2.74491 0.00598514
2.7788 0.00611683
2.81269 0.0062417
2.84657 0.00635972
2.88046 0.00647086
2.91435 0.00657512
2.94824 0.0066725
2.98213 0.00676297
3.01601 0.00684649
3.0499 0.00692301
3.08379 0.00699246
3.11768 0.0070548
3.15156 0.00711005
3.18545 0.00715817
3.21934 0.00719923
3.25323 0.00723322
3.28712 0.00726008
3.321 0.0072799
3.35489 0.00729272
3.38878 0.00729847
3.42267 0.00729709
3.45655 0.00728865
3.49044 0.00727331
3.52433 0.00725126
3.55822 0.00722263
3.59211 0.00718745
3.62599 0.00714575
3.65988 0.00709752
3.69377 0.00704278
3.72766 0.00698164
3.76154 0.00691426
3.79543 0.00684079
3.82932 0.00676132
3.86321 0.00667593
3.8971 0.00658489
3.93098 0.00648836
3.96487 0.00638628
3.99876 0.00627876
4.03265 0.00616608
4.06653 0.0060483
4.10042 0.0059256
4.13431 0.00579817
4.1682 0.00566612
4.20209 0.00552959
4.23597 0.00538872
4.26986 0.00524367
4.30375 0.00509463
4.33764 0.00494178
4.37152 0.00478532
4.40541 0.0046254
4.4393 0.00446219
4.47319 0.0042958
4.50708 0.00412643
4.54096 0.00395432
4.57485 0.0037792
4.60874 0.00360118
4.64263 0.00342223
4.67651 0.00324256
4.7104 0.00306168
4.74429 0.00287922
4.77818 0.00269508
4.81207 0.00250938
4.84595 0.00232239
4.87984 0.00213447
4.91373 0.00194589
4.94762 0.0017568
4.9815 0.00156732
5.01539 0.00137759
5.04928 0.00118781
5.08317 0.000998202
5.11706 0.000808953
5.15094 0.000620243
5.18483 0.000432245
5.21872 0.000245141
5.25261 5.91478e-05
5.28649 0.000125583
5.32038 0.000308831
5.35427 0.000490398
5.38816 0.0006701
5.42205 0.000847781
5.45593 0.00102325
5.48982 0.00119633
5.52371 0.00136699
5.5576 0.00153518
5.59149 0.00170069
5.62537 0.0018633
5.65926 0.00202288
5.69315 0.00217934
5.72704 0.00233258
5.76092 0.00248247
5.79481 0.00262888
5.8287 0.00277168
5.86259 0.00291073
5.89648 0.00304597
5.93036 0.00317735
5.96425 0.00330468
5.99814 0.0034278
6.03203 0.00354664
6.06591 0.00366114
6.0998 0.00377126
6.13369 0.00387691
6.16758 0.00397804
6.20147 0.00407451
6.23535 0.00416626
6.26924 0.00425324
6.30313 0.0043354
6.33702 0.00441278
6.3709 0.00448543
6.40479 0.00455334
6.43868 0.00461651
6.47257 0.00467489
6.50646 0.00472844
6.54034 0.00477713
6.57423 0.00482095
6.60812 0.00485988
6.64201 0.0048939
6.67589 0.00492298
6.70978 0.00494713
6.74367 0.00496635
6.77756 0.00498068
6.81145 0.00499004
6.84533 0.00499454
6.87922 0.0049943
6.91311 0.0049892
6.947 0.00497925
6.98088 0.00496456
7.01477 0.00494518
7.04866 0.00492115
7.08255 0.00489257
7.11644 0.00485958
7.15032 0.00482213
7.18421 0.00478003
7.2181 0.00473357
7.25199 0.00468298
7.28587 0.00462808
7.31976 0.00456911
7.35365 0.0045061
7.38754 0.00443915
7.42143 0.00436839
7.45531 0.0042939
7.4892 0.00421579
7.52309 0.00413415
7.55698 0.00404904
7.59086 0.00396046
7.62475 0.0038684
7.65864 0.00377387
7.69253 0.00367736
7.72642 0.00357851
7.7603 0.0034769
7.79419 0.00337246
7.82808 0.00326525
7.86197 0.00315544
7.89585 0.00304323
7.92974 0.00292882
7.96363 0.00281234
7.99752 0.00269387
8.03141 0.00257354
8.06529 0.00245149
8.09918 0.00232792
8.13307 0.00220301
8.16696 0.0020769
8.20084 0.00194973
8.23473 0.0018217
8.26862 0.00169288
8.30251 0.00156334
8.3364 0.00143321
8.37028 0.00130261
8.40417 0.00117165
8.43806 0.00104044
8.47195 0.000909125
8.50583 0.000777805
8.53972 0.000646597
8.57361 0.000515624
8.6075 0.00038502
8.64139 0.00025491
8.67527 0.00012543
8.70916 5.16264e-06
8.74305 0.000131126
8.77694 0.000257962
8.81082 0.000383626
8.84471 0.000507954
8.8786 0.000630839
8.91249 0.00075232
8.94638 0.000872221
8.98026 0.000990288
9.01415 0.00110636
9.04804 0.00122041
9.08193 0.00133248
9.11582 0.00144256
9.1497 0.0015506
9.18359 0.00165645
9.21748 0.00175999
9.25137 0.00186109
9.28525 0.00195964
9.31914 0.00205555
9.35303 0.00214879
9.38692 0.00223928
9.42081 0.00232698
9.45469 0.00241182
9.48858 0.00249376
9.52247 0.00257274
9.55636 0.0026487
9.59024 0.00272158
9.62413 0.00279124
9.65802 0.0028576
9.69191 0.00292079
9.7258 0.00298089
9.75968 0.00303786
9.79357 0.00309161
9.82746 0.00314209
9.86135 0.00318924
9.89523 0.00323303
9.92912 0.00327345
9.96301 0.00331046
9.9969 0.00334406
10.0308 0.00337422
10.0647 0.00340095
10.0986 0.00342425
10.1324 0.0034441
10.1663 0.00346053
10.2002 0.00347353
10.2341 0.00348312
10.268 0.00348931
10.3019 0.00349213
10.3358 0.00349157
10.3697 0.00348768
10.4036 0.00348047
10.4374 0.00346998
10.4713 0.00345622
10.5052 0.00343925
10.5391 0.00341911
10.573 0.00339582
10.6069 0.00336945
10.6408 0.00334003
10.6747 0.00330761
10.7085 0.00327225
10.7424 0.00323401
10.7763 0.00319295
10.8102 0.00314913
10.8441 0.00310261
10.878 0.00305346
10.9119 0.00300176
10.9458 0.00294756
10.9796 0.00289093
11.0135 0.00283196
11.0474 0.00277071
11.0813 0.00270726
11.1152 0.00264167
11.1491 0.00257403
11.183 0.00250442
11.2169 0.00243293
11.2507 0.00235963
11.2846 0.00228462
11.3185 0.002208
11.3524 0.00212975
11.3863 0.00204995
11.4202 0.00196879
11.4541 0.00188638
11.488 0.00180278
11.5218 0.00171807
11.5557 0.00163233
11.5896 0.00154566
11.6235 0.00145815
11.6574 0.00136987
11.6913 0.00128092
11.7252 0.00119139
11.7591 0.00110136
11.793 0.00101091
11.8268 0.000920153
11.8607 0.00082917
11.8946 0.000738061
11.9285 0.000646912
11.9624 0.000555807
11.9963 0.000464828
12.0302 0.000374053
12.0641 0.000283563
12.0979 0.00019344
12.1318 0.000103777
12.1657 1.46486e-05
12.1996 7.38509e-05
12.2335 0.000161694
12.2674 0.000248769
12.3013 0.000335006
12.3352 0.000420338
12.369 0.000504594
12.4029 0.000587686
12.4368 0.000669617
12.4707 0.000750357
12.5046 0.000829807
12.5385 0.000907884
12.5724 0.00098454
12.6063 0.00105973
12.6401 0.00113337
12.674 0.0012054
12.7079 0.00127571
12.7418 0.00134426
12.7757 0.00141098
12.8096 0.00147582
12.8435 0.00153875
12.8774 0.00159973
12.9112 0.00165873
12.9451 0.0017157
12.979 0.00177062
13.0129 0.00182344
13.0468 0.00187414
13.0807 0.00192267
13.1146 0.00196901
13.1485 0.00201312
13.1823 0.00205498
13.2162 0.00209457
13.2501 0.00213186
13.284 0.00216685
13.3179 0.00219951
13.3518 0.00222983
13.3857 0.00225779
13.4196 0.00228339
13.4535 0.00230662
13.4873 0.00232747
13.5212 0.00234594
13.5551 0.00236204
13.589 0.00237575
13.6229 0.00238709
13.6568 0.00239607
13.6907 0.00240269
13.7246 0.00240696
13.7584 0.00240891
13.7923 0.00240853
13.8262 0.00240585
13.8601 0.00240089
13.894 0.00239366
13.9279 0.00238419
13.9618 0.00237249
13.9957 0.00235859
14.0295 0.00234251
14.0634 0.00232428
14.0973 0.00230393
14.1312 0.00228149
14.1651 0.00225701
14.199 0.00223053
14.2329 0.00220207
14.2668 0.0021717
14.3006 0.00213944
14.3345 0.00210536
14.3684 0.00206949
14.4023 0.00203189
14.4362 0.00199261
14.4701 0.00195168
14.504 0.00190917
14.5379 0.00186513
14.5717 0.0018196
14.6056 0.00177264
14.6395 0.00172431
14.6734 0.00167467
14.7073 0.00162378
14.7412 0.00157169
14.7751 0.00151847
14.809 0.00146418
14.8429 0.00140888
14.8767 0.00135263
14.9106 0.00129548
14.9445 0.0012375
14.9784 0.00117876
15.0123 0.0011193
15.0462 0.0010592
15.0801 0.000998514
15.114 0.0009373
15.1478 0.000875623
15.1817 0.000813544
15.2156 0.000751123
15.2495 0.000688424
15.2834 0.000625505
15.3173 0.000562426
15.3512 0.000499252
15.3851 0.000436045
15.4189 0.000372862
15.4528 0.000309765
15.4867 0.000246811
15.5206 0.000184058
15.5545 0.000121568
15.5884 5.93988e-05
15.6223 3.85728e-06
15.6562 6.36829e-05
15.69 0.000124534
15.7239 0.000184825
15.7578 0.000244483
15.7917 0.000303453
15.8256 0.00036176
15.8595 0.000419348
15.8934 0.00047612
15.9273 0.000531991
15.9611 0.000586922
15.995 0.000640909
16.0289 0.000693937
16.0628 0.000745966
16.0967 0.000796936
16.1306 0.000846787
16.1645 0.00089546
16.1984 0.000942907
16.2323 0.000989089
16.2661 0.00103398
16.3 0.00107754
16.3339 0.00111976
16.3678 0.0011606
16.4017 0.00120005
16.4356 0.00123806
16.4695 0.00127463
16.5034 0.00130972
16.5372 0.00134332
16.5711 0.0013754
16.605 0.00140593
16.6389 0.00143491
16.6728 0.00146231
16.7067 0.00148812
16.7406 0.00151231
16.7745 0.00153489
16.8083 0.00155583
16.8422 0.00157513
16.8761 0.00159279
16.91 0.00160879
16.9439 0.00162314
16.9778 0.00163583
17.0117 0.00164686
17.0456 0.00165623
17.0794 0.00166396
17.1133 0.00167003
17.1472 0.00167447
17.1811 0.00167728
17.215 0.00167846
17.2489 0.00167803
17.2828 0.00167601
17.3167 0.0016724
17.3505 0.00166722
17.3844 0.00166048
17.4183 0.0016522
17.4522 0.0016424
17.4861 0.0016311
17.52 0.00161833
17.5539 0.0016041
17.5878 0.00158843
17.6216 0.00157136
17.6555 0.0015529
17.6894 0.0015331
17.7233 0.00151196
17.7572 0.00148953
17.7911 0.00146584
17.825 0.00144092
17.8589 0.00141479
17.8928 0.00138749
17.9266 0.00135907
17.9605 0.00132954
17.9944 0.00129896
18.0283 0.00126735
18.0622 0.00123475
18.0961 0.0012012
18.13 0.00116674
18.1639 0.00113141
18.1977 0.00109525
18.2316 0.00105831
18.2655 0.00102061
18.2994 0.0009822
18.3333 0.000943129
18.3672 0.000903435
18.4011 0.000863161
18.435 0.00082235
18.4688 0.000781045
18.5027 0.000739289
18.5366 0.000697127
18.5705 0.000654601
18.6044 0.000611755
18.6383 0.000568633
18.6722 0.00052528
18.7061 0.000481738
18.7399 0.000438051
18.7738 0.000394262
18.8077 0.000350414
18.8416 0.000306545
18.8755 0.000262702
18.9094 0.000218926
18.9433 0.000175259
18.9772 0.00013174
19.011 8.84152e-05
19.0449 4.53255e-05
19.0788 8.65672e-06
19.1127 3.99877e-05
19.1466 8.21755e-05
19.1805 0.000124029
19.2144 0.000165498
19.2483 0.000206549
19.2822 0.000247071
19.316 0.000287015
19.3499 0.000326407
19.3838 0.00036528
19.4177 0.000403642
19.4516 0.000441386
19.4855 0.000478341
19.5194 0.000514438
19.5533 0.00054971
19.5871 0.000584211
19.621 0.000617958
19.6549 0.000650928
19.6888 0.000683069
19.7227 0.000714328
19.7566 0.000744654
19.7905 0.000774012
19.8244 0.000802375
19.8582 0.000829726
19.8921 0.000856052
19.926 0.000881342
19.9599 0.000905587
19.9938 0.000928776
20.0277 0.0009509
20.0616 0.000971948
20.0955 0.000991912
20.1293 0.00101078
20.1632 0.00102855
20.1971 0.0010452
20.231 0.00106074
20.2649 0.00107515
20.2988 0.00108842
20.3327 0.00110056
20.3666 0.00111156
20.4004 0.00112142
20.4343 0.00113015
20.4682 0.00113773
20.5021 0.00114417
20.536 0.00114948
20.5699 0.00115365
20.6038 0.00115669
20.6377 0.0011586
20.6716 0.00115937
20.7054 0.00115904
20.7393 0.00115761
20.7732 0.00115506
20.8071 0.00115142
20.841 0.00114683
20.8749 0.00114121
20.9088 0.00113454
20.9427 0.00112685
20.9765 0.00111812
21.0104 0.00110838
21.0443 0.00109763
21.0782 0.0010859
21.1121 0.00107319
21.146 0.00105952
21.1799 0.00104491
21.2138 0.00102939
21.2476 0.00101297
21.2815 0.000995672
21.3154 0.000977528
21.3493 0.000958557
21.3832 0.000938785
21.4171 0.000918238
21.451 0.000896942
21.4849 0.000874925
21.5187 0.000852214
21.5526 0.000828837
21.5865 0.000804824
21.6204 0.000780206
21.6543 0.000755032
21.6882 0.000729303
21.7221 0.000703051
21.756 0.000676305
21.7898 0.000649095
21.8237 0.000621451
21.8576 0.000593407
21.8915 0.000564992
21.9254 0.000536238
21.9593 0.000507182
21.9932 0.000477866
22.0271 0.000448301
22.061 0.000418493
22.0948 0.000388461
22.1287 0.000358238
22.1626 0.000327861
22.1965 0.000297368
22.2304 0.000266797
22.2643 0.000236187
22.2982 0.000205571
22.3321 0.00017498
22.3659 0.000144443
22.3998 0.00011399
22.4337 8.36445e-05
22.4676 5.34331e-05
22.5015 4.54166e-05
22.5354 4.45153e-05
22.5693 4.3479e-05
22.6032 6.5319e-05
22.637 9.4287e-05
22.6709 0.000122928
22.7048 0.000151237
22.7387 0.000179279
22.7726 0.000207022
22.8065 0.000234388
22.8404 0.000261251
22.8743 0.000287521
22.9081 0.000313197
22.942 0.000338295
22.9759 0.000362775
23.0098 0.000386587
23.0437 0.000409755
23.0776 0.000432354
23.1115 0.000454451
23.1454 0.000476089
23.1792 0.000497281
23.2131 0.000518017
23.247 0.000538264
23.2809 0.000557972
23.3148 0.000577086
23.3487 0.000595572
23.3826 0.000613414
23.4165 0.000630601
23.4503 0.000647119
23.4842 0.000662942
23.5181 0.000678037
23.552 0.00069237
23.5859 0.000705913
23.6198 0.000718641
23.6537 0.000730541
23.6876 0.000741607
23.7215 0.000751838
23.7553 0.000761228
23.7892 0.000769782
23.8231 0.000777504
23.857 0.000784401
23.8909 0.000790477
23.9248 0.000795735
23.9587 0.00080018
23.9926 0.000803817
24.0264 0.000806641
24.0603 0.000808651
24.0942 0.000809849
24.1281 0.000810238
24.162 0.000809824
24.1959 0.000808618
24.2298 0.000806629
24.2637 0.000803871
24.2975 0.000800358
24.3314 0.000796103
24.3653 0.000791122
24.3992 0.00078543
24.4331 0.000779042
24.467 0.000771973
24.5009 0.000764237
24.5348 0.000755849
24.5686 0.000746822
24.6025 0.000737168
24.6364 0.000726902
24.6703 0.000716043
24.7042 0.000704599
24.7381 0.000692589
24.772 0.000680029
24.8059 0.00066689
24.8397 0.000653143
24.8736 0.000638825
24.9075 0.000624018
24.9414 0.000608753
24.9753 0.000592994
