0.911921 0
0.91197 0.015625

0.91197 0.015625
0.912119 0.03125

0.912118 0.03125
0.912371 0.046875

0.912369 0.046875
0.912732 0.0625

0.91273 0.0625
0.913211 0.078125

0.913207 0.078125
0.913817 0.09375

0.913812 0.09375
0.914568 0.109375

0.914563 0.109375
0.915483 0.125

0.915475 0.125
0.916585 0.140625

0.916578 0.140625
0.917909 0.15625

0.9179 0.15625
0.919483 0.171875

0.919471 0.171875
0.921348 0.1875

0.92131 0.1875
0.921875 0.19143

0.921875 0.191316
0.923571 0.203125

0.923544 0.203125
0.926252 0.21875

0.926232 0.21875
0.929491 0.234375

0.929477 0.234375
0.933355 0.25

0.933236 0.25
0.9375 0.264011

0.9375 0.263915
0.93802 0.265625

0.937951 0.265625
0.943901 0.28125

0.943691 0.28125
0.951342 0.296875

0.950663 0.296875
0.953125 0.300892

0.953125 0.300013
0.961682 0.3125

0.961079 0.3125
0.96875 0.320964

0.96875 0.320709
0.978272 0.328125

0.976946 0.328125
0.984375 0.333098

0.984375 0.332159
1 0.33883

1 0.338806
1.01562 0.34197

1.01562 0.341904
1.03125 0.341743

1.03125 0.341521
1.04688 0.33861

1.04688 0.338485
1.0625 0.33352

1.07812 0.326822
1.07513 0.328125

1.0625 0.333517
1.07488 0.328125

1.07812 0.326565
1.09375 0.318219

1.10938 0.30875
1.10339 0.3125

1.09375 0.318207
1.10286 0.3125

1.10938 0.308413
1.125 0.297209

1.14062 0.284835
1.12546 0.296875

1.125 0.297229
1.12547 0.296875

1.15625 0.271178
1.1448 0.28125

1.14062 0.284676
1.14467 0.28125

1.17188 0.255951
1.16208 0.265625

1.15625 0.270894
1.16185 0.265625

1.1875 0.239013
1.17762 0.25

1.17188 0.25572
1.17737 0.25

1.20312 0.220282
1.19162 0.234375

1.1875 0.23889
1.19143 0.234375

1.21875 0.199146
1.21609 0.203125

1.21588 0.203125
1.20431 0.21875

1.20312 0.220221
1.20428 0.21875

1.23438 0.174316
1.22641 0.1875

1.21875 0.198736
1.22631 0.1875

1.25 0.144463
1.24431 0.15625

1.24424 0.15625
1.23577 0.171875

1.23438 0.174212
1.23576 0.171875

1.26562 0.105253
1.26432 0.109375

1.26428 0.109375
1.25845 0.125

1.25841 0.125
1.25176 0.140625

1.25 0.144314
1.25178 0.140625

1.28125 0.0305775
1.2812 0.03125

1.28121 0.03125
1.27935 0.046875

1.27935 0.046875
1.27673 0.0625

1.27673 0.0625
1.27334 0.078125

1.27334 0.078125
1.26919 0.09375

1.26562 0.105047
1.2692 0.09375

1.28267 0
1.2823 0.015625

1.28125 0.0304962
1.2823 0.015625

rising_k_provider_stats evaluations=38642 clamp_hits=0
