0 0 0
1.12e-06 2.52716e-10 1
2.71946e-05 3.68942e-05 2
7.59553e-05 2.88516e-05 5
0.00014534 2.64117e-05 3
0.000233473 2.47816e-05 1
0.00033865 2.368e-05 1
0.000459322 2.30447e-05 1
0.000594081 2.28239e-05 1
0.000741645 2.29537e-05 1
0.000900851 2.34023e-05 1
0.00107064 2.41777e-05 1
0.00125005 2.53646e-05 1
0.00143821 2.71038e-05 1
0.00163431 2.95063e-05 1
0.00183765 3.25935e-05 2
0.00204756 3.62837e-05 1
0.00226344 4.03946e-05 2
0.00248475 4.48235e-05 1
0.002711 4.95586e-05 2
0.00294174 5.48055e-05 1
0.00317656 6.07568e-05 1
0.00341508 6.74687e-05 1
0.00365698 7.48739e-05 1
0.00390195 8.28393e-05 1
0.0041497 9.12024e-05 1
0.00439999 9.97644e-05 1
0.00465258 0.00010834 1
0.00490726 0.000116687 1
0.00516384 0.000124724 1
0.00542216 0.000132687 1
0.00568205 0.000140716 1
0.00594337 0.000149153 4
0.00620599 0.000158248 1
0.00646979 0.000167981 2
0.00673467 0.000178356 3
0.00700052 0.000189237 3
0.00726726 0.000200233 3
0.00753481 0.000211471 3
0.00780309 0.000222752 3
0.00807204 0.000234103 3
0.0083416 0.000245698 3
0.00861171 0.000257604 3
0.00888231 0.000269779 3
0.00915338 0.00028215 1
0.00942486 0.000294561 2
0.00969671 0.000307111 2
0.00996891 0.000319655 2
0.0102414 0.000331946 2
0.0105142 0.000343997 2
0.0107873 0.000356093 2
0.0110605 0.000367951 2
0.011334 0.000379808 2
0.0116077 0.000391712 4
0.0118816 0.000403361 3
0.0121556 0.000415079 1
0.0124298 0.000426588 3
0.0127041 0.000437961 2
0.0129785 0.000449287 2
0.013253 0.000460608 1
0.0135277 0.000471833 2
0.0138024 0.000483085 2
0.0140772 0.000494188 2
0.0143521 0.000503211 4
0.014627 0.000511448 3
0.014902 0.000518881 1
0.0151771 0.000525534 3
0.0154522 0.00053159 4
0.0157273 0.000537237 3
0.0160025 0.000542502 3
0.0162778 0.000547409 4
0.016553 0.000552061 3
0.0168284 0.000556532 3
0.0171037 0.000560844 3
0.017379 0.000565193 1
0.0176544 0.000569142 3
0.0179298 0.000572986 3
0.0182053 0.000576544 3
0.0184807 0.000579877 3
0.0187562 0.000582455 3
0.0190316 0.000584523 3
0.0193071 0.000585934 4
0.0195826 0.000586824 4
0.0198581 0.00058683 3
0.0201337 0.000586247 3
0.0204092 0.000585148 1
0.0206847 0.000583703 2
0.0209603 0.000581987 1
0.0212358 0.000580027 4
0.0215114 0.000577767 4
0.0217869 0.000575115 3
0.0220625 0.000572103 3
0.0223381 0.000568306 3
0.0226137 0.000564023 2
0.0228892 0.000559151 2
0.0231648 0.000553721 2
0.0234404 0.000547954 3
0.023716 0.00054149 1
0.0239916 0.000534758 2
0.0242672 0.000527744 1
0.0245428 0.000520496 4
0.0248184 0.000513138 2
0.025094 0.000505391 2
0.0253696 0.000497141 4
0.0256452 0.000488133 3
0.0259208 0.000478216 4
0.0261964 0.000467946 2
0.026472 0.0004573 3
0.0267476 0.000446396 3
0.0270233 0.00043559 1
0.0272989 0.000424374 2
0.0275745 0.000413352 2
0.0278501 0.000402397 2
0.0281257 0.000391494 2
0.0284013 0.000380599 4
0.0286769 0.000369742 1
0.0289526 0.000358571 3
0.0292282 0.000347323 2
0.0295038 0.00033568 1
0.0297794 0.000323831 2
0.030055 0.000311749 1
0.0303306 0.000299619 2
0.0306063 0.000287355 2
0.0308819 0.000275302 2
0.0311575 0.000263479 2
0.0314331 0.000251927 2
0.0317087 0.000240652 2
0.0319844 0.000229711 2
0.03226 0.000218995 2
0.0325356 0.000208434 1
0.0328112 0.000198106 2
0.0330868 0.000187977 1
0.0333625 0.000178048 2
0.0336381 0.000168356 2
0.0339137 0.000158841 2
0.0341893 0.000149528 2
0.0344649 0.000140497 2
0.0347406 0.000131737 2
0.0350162 0.000123258 2
0.0352918 0.000115092 2
0.0355674 0.000107296 1
0.035843 9.98447e-05 4
0.0361187 9.27163e-05 1
0.0363943 8.60402e-05 2
0.0366699 7.98697e-05 2
0.0369455 7.42173e-05 2
0.0372211 6.90753e-05 3
0.0374968 6.43472e-05 3
0.0377724 6.00083e-05 3
0.038048 5.60609e-05 3
0.0383236 5.25403e-05 2
0.0385992 4.9414e-05 3
0.0388749 4.6916e-05 2
0.0391505 4.5123e-05 2
0.0394261 4.40584e-05 1
0.0397017 4.37334e-05 2
0.0399774 4.41005e-05 2
0.040253 4.5011e-05 2
0.0405286 4.65174e-05 3
0.0408042 4.85642e-05 3
0.0410798 5.09985e-05 3
0.0413555 5.36542e-05 3
0.0416311 5.66207e-05 3
0.0419067 5.9956e-05 3
0.0421823 6.36675e-05 3
0.0424579 6.77257e-05 2
0.0427336 7.23277e-05 1
0.0430092 7.747e-05 2
0.0432848 8.31999e-05 2
0.0435604 8.93922e-05 2
0.043836 9.60356e-05 2
0.0441117 0.000102977 2
0.0443873 0.000110124 3
0.0446629 0.000117494 2
0.0449385 0.000125084 2
0.0452141 0.000132856 2
0.0454898 0.000140903 1
0.0457654 0.000149237 1
0.046041 0.000157893 1
0.0463166 0.000166904 4
0.0465923 0.000176274 2
0.0468679 0.00018599 2
0.0471435 0.000196011 2
0.0474191 0.000206296 2
0.0476947 0.000216794 2
0.0479704 0.00022753 2
0.048246 0.000238317 1
0.0485216 0.000249259 1
0.0487972 0.000260308 1
0.0490728 0.000271459 1
0.0493485 0.000282708 1
0.0496241 0.000294055 1
0.0498997 0.000305495 2
0.0501753 0.00031708 1
0.0504509 0.000328777 2
0.0507266 0.000340556 1
0.0510022 0.000352222 2
0.0512778 0.00036401 2
0.0515534 0.000375598 2
0.051829 0.000387199 2
0.0521047 0.000398745 4
0.0523803 0.000410185 2
0.0526559 0.000421489 1
0.0529315 0.00043277 3
0.0532072 0.000443748 2
0.0534828 0.000454701 2
0.0537584 0.00046556 4
0.054034 0.000476335 2
0.0543096 0.000486979 2
0.0545853 0.000497417 2
0.0548609 0.000507586 2
0.0551365 0.000517431 2
0.0554121 0.000526941 2
0.0556877 0.000533756 4
0.0559634 0.000539699 4
0.056239 0.000544824 3
0.0565146 0.000549477 2
0.0567902 0.000553933 3
0.0570658 0.000558147 1
0.0573415 0.000562154 4
0.0576171 0.000565963 2
0.0578927 0.000569525 2
0.0581683 0.000572792 1
0.058444 0.000575745 2
0.0587196 0.000578341 1
0.0589952 0.000580536 3
0.0592708 0.000582266 3
0.0595464 0.000583495 2
0.0598221 0.000584212 3
0.0600977 0.000584436 4
0.0603733 0.000584194 4
0.0606489 0.000583367 3
0.0609245 0.000582049 1
0.0612002 0.000580377 3
0.0614758 0.000578397 2
0.0617514 0.000576126 4
0.062027 0.000573547 5
0.0623026 0.000570616 3
0.0625783 0.000567388 3
0.0628539 0.000563475 2
0.0631295 0.00055916 2
0.0634051 0.000554329 1
0.0636807 0.000548974 2
0.0639564 0.00054312 3
0.064232 0.000536783 1
0.0645076 0.00053003 2
0.0647832 0.000522913 1
0.0650589 0.000515484 2
0.0653345 0.000507785 4
0.0656101 0.00049983 3
0.0658857 0.000491705 4
0.0661613 0.000483065 3
0.066437 0.000474044 3
0.0667126 0.000464682 3
0.0669882 0.000454345 4
0.0672638 0.000443924 2
0.0675394 0.000433339 2
0.0678151 0.000422636 2
0.0680907 0.000411898 1
0.0683663 0.000401327 1
0.0686419 0.000390653 1
0.0689175 0.000380127 2
0.0691932 0.000369615 2
0.0694688 0.000359104 1
0.0697444 0.000348245 1
0.07002 0.000337214 1
0.0702957 0.000325921 1
0.0705713 0.000314484 1
0.0708469 0.000302834 1
0.0711225 0.000291105 1
0.0713981 0.000279516 4
0.0716738 0.000268089 2
0.0719494 0.000256892 2
0.072225 0.000246016 2
0.0725006 0.00023526 2
0.0727762 0.000224815 1
0.0730519 0.000214607 2
0.0733275 0.000204592 2
0.0736031 0.000194773 1
0.0738787 0.000185032 2
0.0741543 0.00017544 1
0.07443 0.000165992 2
0.0747056 0.000156835 2
0.0749812 0.000147909 2
0.0752568 0.000139276 1
0.0755324 0.000131012 1
0.0758081 0.000123125 1
0.0760837 0.000115626 1
0.0763593 0.000108566 1
0.0766349 0.000101858 1
0.0769106 9.55592e-05 4
0.0771862 8.96806e-05 2
0.0774618 8.42464e-05 2
0.0777374 7.9284e-05 2
0.078013 7.47946e-05 2
0.0782887 7.06981e-05 2
0.0785643 6.69402e-05 2
0.0788399 6.35357e-05 2
0.0791155 6.05214e-05 2
0.0793911 5.7955e-05 2
0.0796668 5.58828e-05 2
0.0799424 5.43701e-05 2
0.080218 5.34597e-05 2
0.0804936 5.31975e-05 2
0.0807692 5.3573e-05 2
0.0810449 5.45506e-05 2
0.0813205 5.60769e-05 2
0.0815961 5.80866e-05 2
0.0818717 6.05251e-05 2
0.0821473 6.33473e-05 2
0.082423 6.65404e-05 2
0.0826986 7.00728e-05 2
0.0829742 7.40242e-05 2
0.0832498 7.83768e-05 2
0.0835255 8.32113e-05 2
0.0838011 8.84705e-05 1
0.0840767 9.41247e-05 1
0.0843523 0.000100171 2
0.0846279 0.000106571 2
0.0849036 0.000113202 2
0.0851792 0.000120079 2
0.0854548 0.000127191 2
0.0857304 0.000134544 2
0.086006 0.000142164 2
0.0862817 0.000150102 1
0.0865573 0.000158377 4
0.0868329 0.00016704 1
0.0871085 0.000176099 1
0.0873841 0.000185535 3
0.0876598 0.000195305 2
0.0879354 0.000205362 2
0.088211 0.000215647 1
0.0884866 0.000226109 1
0.0887623 0.000236708 1
0.0890379 0.000247422 1
0.0893135 0.000258239 1
0.0895891 0.000269164 1
0.0898647 0.0002802 1
0.0901404 0.00029135 1
0.090416 0.000302658 2
0.0906916 0.000314107 1
0.0909672 0.000325643 2
0.0912428 0.000337223 1
0.0915185 0.000348829 1
0.0917941 0.000360456 1
0.0920697 0.000372068 4
0.0923453 0.000383657 2
0.0926209 0.000395053 2
0.0928966 0.000406408 2
0.0931722 0.000417633 1
0.0934478 0.000428739 2
0.0937234 0.000439676 2
0.093999 0.000450492 1
0.0942747 0.000461025 1
0.0945503 0.000471501 1
0.0948259 0.000481866 1
0.0951015 0.000492093 1
0.0953772 0.000502133 1
0.0956528 0.000509732 4
0.0959284 0.000516516 1
0.096204 0.000522767 3
0.0964796 0.000528551 2
0.0967553 0.000534128 4
0.0970309 0.000539419 3
0.0973065 0.000544425 5
0.0975821 0.000549104 3
0.0978577 0.000553495 2
0.0981334 0.000557626 1
0.098409 0.00056148 3
0.0986846 0.000565049 3
0.0989602 0.00056831 4
0.0992358 0.00057122 1
0.0995115 0.000573746 3
0.0997871 0.000575814 3
0.100063 0.000577392 3
0.100338 0.000578472 3
0.100614 0.000578998 4
0.10089 0.000578972 5
0.101165 0.000578406 3
0.101441 0.000577349 1
0.101716 0.000575913 3
0.101992 0.000574144 3
0.102268 0.000572068 1
0.102543 0.000569694 3
0.102819 0.000566964 2
0.103095 0.00056372 2
0.10337 0.000560126 2
0.103646 0.000556046 2
0.103921 0.000551469 2
0.104197 0.000546388 2
0.104473 0.000540811 2
0.104748 0.000534761 2
0.105024 0.000528283 1
0.1053 0.000521415 2
0.105575 0.000514338 2
0.105851 0.000506857 4
0.106126 0.000499113 1
0.106402 0.000491101 3
0.106678 0.00048268 3
0.106953 0.000473823 4
0.107229 0.000464288 4
0.107504 0.000454574 3
0.10778 0.00044464 3
0.108056 0.000434544 3
0.108331 0.000424342 4
0.108607 0.00041405 3
0.108883 0.000403669 2
0.109158 0.00039321 2
0.109434 0.000382681 2
0.109709 0.000372087 2
0.109985 0.000361423 1
0.110261 0.000350678 4
0.110536 0.000339823 2
0.110812 0.000328845 2
0.111088 0.000317747 2
0.111363 0.000306532 1
0.111639 0.000295297 2
0.111914 0.000284005 2
0.11219 0.000272798 2
0.112466 0.000261745 2
0.112741 0.000250839 2
0.113017 0.000240187 1
0.113293 0.000229739 1
0.113568 0.000219475 1
0.113844 0.00020935 1
0.114119 0.000199361 1
0.114395 0.000189511 1
0.114671 0.000179839 1
0.114946 0.000170311 1
0.115222 0.000160998 1
0.115497 0.000151949 1
0.115773 0.000143208 1
0.116049 0.000134808 1
0.116324 0.000126764 1
0.1166 0.000119145 1
0.116876 0.000111937 1
0.117151 0.00010503 1
0.117427 9.84218e-05 1
0.117702 9.22018e-05 4
0.117978 8.63387e-05 2
0.118254 8.09708e-05 3
0.118529 7.60178e-05 2
0.118805 7.16108e-05 2
0.119081 6.76633e-05 2
0.119356 6.42148e-05 2
0.119632 6.1164e-05 2
0.119907 5.86135e-05 2
0.120183 5.65155e-05 2
0.120459 5.49803e-05 2
0.120734 5.39496e-05 2
0.12101 5.35395e-05 2
0.121286 5.37616e-05 2
0.121561 5.46031e-05 2
0.121837 5.59314e-05 2
0.122112 5.78435e-05 2
0.122388 6.01927e-05 2
0.122664 6.30055e-05 2
0.122939 6.61441e-05 2
0.123215 6.96584e-05 2
0.12349 7.34543e-05 2
0.123766 7.76348e-05 2
0.124042 8.21414e-05 2
0.124317 8.70897e-05 1
0.124593 9.24035e-05 1
0.124869 9.80596e-05 1
0.125144 0.000104091 2
0.12542 0.000110451 2
0.125695 0.000117107 2
0.125971 0.000124018 2
0.126247 0.000131186 4
0.126522 0.000138627 1
0.126798 0.00014639 1
0.127074 0.000154508 2
0.127349 0.000163002 1
0.127625 0.000171866 1
0.1279 0.00018108 1
0.128176 0.000190595 1
0.128452 0.00020036 1
0.128727 0.000210314 3
0.129003 0.000220416 2
0.129279 0.000230629 2
0.129554 0.00024094 2
0.12983 0.000251341 2
0.130105 0.00026184 1
0.130381 0.000272443 1
0.130657 0.000283154 1
0.130932 0.000294038 2
0.131208 0.000305093 1
0.131483 0.000316253 1
0.131759 0.000327466 2
0.132035 0.000338704 1
0.13231 0.000349963 1
0.132586 0.000361225 2
0.132862 0.000372476 2
0.133137 0.000383657 2
0.133413 0.000394745 1
0.133688 0.000405702 4
0.133964 0.000416514 3
0.13424 0.000427196 2
0.134515 0.000437774 2
0.134791 0.000448249 2
0.135067 0.000458658 1
0.135342 0.000468984 2
0.135618 0.000479195 2
0.135893 0.000489249 5
0.136169 0.000499121 2
0.136445 0.00050875 3
0.13672 0.000515396 4
0.136996 0.000521317 5
0.137272 0.000526526 3
0.137547 0.000531354 3
0.137823 0.000535945 3
0.138098 0.000540263 1
0.138374 0.000544266 4
0.13865 0.000547985 2
0.138925 0.000551434 2
0.139201 0.000554593 1
0.139476 0.000557467 1
0.139752 0.000560049 1
0.140028 0.000562322 1
0.140303 0.00056425 2
0.140579 0.000565781 3
0.140855 0.000566881 2
0.14113 0.000567519 2
0.141406 0.000567606 4
0.141681 0.000567167 4
0.141957 0.000566277 3
0.142233 0.000564876 1
0.142508 0.000563057 3
0.142784 0.000560923 1
0.14306 0.000558514 4
0.143335 0.000555798 5
0.143611 0.000552732 3
0.143886 0.000549271 2
0.144162 0.000545377 2
0.144438 0.00054103 2
0.144713 0.000536218 2
0.144989 0.000530942 2
0.145265 0.000525212 1
0.14554 0.000519048 2
0.145816 0.000512491 1
0.146091 0.000505593 1
0.146367 0.000498402 2
0.146643 0.000490955 4
0.146918 0.000483281 1
0.147194 0.000475388 4
0.14747 0.00046721 3
0.147745 0.000458609 3
0.148021 0.000449564 3
0.148296 0.000439828 4
0.148572 0.000429914 2
0.148848 0.000419846 2
0.149123 0.000409692 2
0.149399 0.000399498 1
0.149674 0.00038931 1
0.14995 0.000379227 1
0.150226 0.000369021 2
0.150501 0.000358876 2
0.150777 0.00034865 1
0.151053 0.00033829 1
0.151328 0.00032777 1
0.151604 0.000317071 1
0.151879 0.000306207 1
0.152155 0.000295232 3
0.152431 0.000284217 1
0.152706 0.000273285 1
0.152982 0.00026237 2
0.153258 0.000251719 2
0.153533 0.000241203 2
0.153809 0.000230967 2
0.154084 0.000220936 1
0.15436 0.000211081 2
0.154636 0.000201403 2
0.154911 0.000191882 1
0.155187 0.000182487 2
0.155463 0.000173231 1
0.155738 0.000164145 2
0.156014 0.000155286 1
0.156289 0.000146751 2
0.156565 0.000138443 2
0.156841 0.00013053 1
0.157116 0.000122986 1
0.157392 0.000115821 1
0.157667 0.000109045 1
0.157943 0.000102693 1
0.158219 9.67575e-05 1
0.158494 9.12106e-05 1
0.15877 8.6039e-05 4
0.159046 8.12349e-05 2
0.159321 7.67703e-05 2
0.159597 7.26799e-05 2
0.159872 6.89643e-05 2
0.160148 6.57313e-05 2
0.160424 6.30513e-05 2
0.160699 6.0984e-05 2
0.160975 5.95057e-05 2
0.161251 5.85909e-05 2
0.161526 5.81771e-05 1
0.161802 5.8321e-05 2
0.162077 5.89897e-05 2
0.162353 6.01131e-05 2
0.162629 6.16328e-05 2
0.162904 6.36039e-05 2
0.16318 6.59661e-05 2
0.163456 6.87719e-05 2
0.163731 7.19037e-05 2
0.164007 7.54198e-05 2
0.164282 7.94244e-05 1
0.164558 8.38245e-05 1
0.164834 8.86181e-05 1
0.165109 9.38239e-05 1
0.165385 9.93415e-05 1
0.16566 0.00010516 1
0.165936 0.000111248 1
0.166212 0.000117559 1
0.166487 0.000124078 4
0.166763 0.000130828 2
0.167039 0.000137865 2
0.167314 0.000145226 2
0.16759 0.000152976 2
0.167865 0.000161146 1
0.168141 0.000169732 2
0.168417 0.000178708 1
0.168692 0.000188036 3
0.168968 0.00019761 1
0.169244 0.000207414 1
0.169519 0.000217384 1
0.169795 0.000227508 1
0.17007 0.000237671 1
0.170346 0.000247957 1
0.170622 0.000258336 1
0.170897 0.000268803 1
0.171173 0.000279395 1
0.171449 0.000290136 1
0.171724 0.00030105 1
0.172 0.000312094 2
0.172275 0.000323209 2
0.172551 0.000334343 1
0.172827 0.000345481 1
0.173102 0.000356605 4
0.173378 0.000367689 2
0.173653 0.000378721 2
0.173929 0.000389671 2
0.174205 0.000400512 2
0.17448 0.00041124 1
0.174756 0.000421837 1
0.175032 0.000432318 1
0.175307 0.000442707 1
0.175583 0.00045302 1
0.175858 0.000463235 1
0.176134 0.000473399 1
0.17641 0.00048322 1
0.176685 0.000492931 1
0.176961 0.000500087 4
0.177237 0.000506475 3
0.177512 0.000512307 3
0.177788 0.000517656 4
0.178063 0.000522748 3
0.178339 0.00052753 1
0.178615 0.000532031 4
0.17889 0.000536203 4
0.179166 0.00054009 2
0.179442 0.000543724 3
0.179717 0.000547092 3
0.179993 0.000550285 2
0.180268 0.000552983 3
0.180544 0.000555476 1
0.18082 0.000557612 2
0.181095 0.000559339 1
0.181371 0.000560624 2
0.181646 0.000561439 2
0.181922 0.000561775 4
0.182198 0.000561545 4
0.182473 0.000560781 3
0.182749 0.000559575 1
0.183025 0.000558023 3
0.1833 0.000556166 3
0.183576 0.000554035 4
0.183851 0.000551628 2
0.184127 0.000548999 4
0.184403 0.00054577 2
0.184678 0.000542211 2
0.184954 0.000538168 2
0.18523 0.00053362 2
0.185505 0.000528574 2
0.185781 0.000523045 2
0.186056 0.00051707 1
0.186332 0.000510697 2
0.186608 0.000503984 1
0.186883 0.00049699 2
0.187159 0.000489758 4
0.187435 0.000482307 1
0.18771 0.000474633 3
0.187986 0.000466706 3
0.188261 0.000458279 4
0.188537 0.000449361 3
0.188813 0.000439878 4
0.189088 0.00043021 2
0.189364 0.000420373 2
0.18964 0.000410428 3
0.189915 0.000400415 1
0.190191 0.000390362 1
0.190466 0.000380297 2
0.190742 0.000370314 2
0.191018 0.000360187 2
0.191293 0.000350118 2
0.191569 0.00034 4
0.191844 0.000329779 2
0.19212 0.000319435 2
0.192396 0.000308956 2
0.192671 0.000298337 1
0.192947 0.000287598 2
0.193223 0.000276922 2
0.193498 0.000266126 2
0.193774 0.000255497 2
0.194049 0.000245055 2
0.194325 0.000234832 2
0.194601 0.000224834 1
0.194876 0.000215044 2
0.195152 0.000205438 1
0.195428 0.000195964 2
0.195703 0.000186656 1
0.195979 0.000177431 2
0.196254 0.000168402 1
0.19653 0.000159581 1
0.196806 0.000151017 1
0.197081 0.000142767 1
0.197357 0.00013487 1
0.197633 0.000127354 1
0.197908 0.000120219 1
0.198184 0.000113456 1
0.198459 0.000107065 1
0.198735 0.000100989 1
0.199011 9.52591e-05 1
0.199286 8.98697e-05 1
0.199562 8.48245e-05 2
0.199837 8.01404e-05 4
0.200113 7.58266e-05 2
0.200389 7.19365e-05 2
0.200664 6.8521e-05 2
0.20094 6.56735e-05 2
0.201216 6.34043e-05 2
0.201491 6.16616e-05 2
0.201767 6.04088e-05 1
0.202042 5.95878e-05 1
0.202318 5.92878e-05 1
0.202594 5.94792e-05 1
0.202869 6.01278e-05 1
0.203145 6.12178e-05 2
0.203421 6.28166e-05 2
0.203696 6.4847e-05 2
0.203972 6.72801e-05 2
0.204247 7.01152e-05 2
0.204523 7.33381e-05 2
0.204799 7.69464e-05 2
0.205074 8.08523e-05 2
0.20535 8.51505e-05 2
0.205626 8.97786e-05 1
0.205901 9.48142e-05 1
0.206177 0.000100123 1
0.206452 0.000105665 4
0.206728 0.000111504 2
0.207004 0.000117653 2
0.207279 0.000124134 2
0.207555 0.000130953 2
0.20783 0.000138113 2
0.208106 0.000145605 2
0.208382 0.000153433 2
0.208657 0.000161593 2
0.208933 0.000170082 1
0.209209 0.000178885 1
0.209484 0.000187983 1
0.20976 0.00019734 2
0.210035 0.00020692 2
0.210311 0.000216668 2
0.210587 0.000226542 2
0.210862 0.000236503 2
0.211138 0.000246537 2
0.211414 0.000256675 2
0.211689 0.000266908 1
0.211965 0.000277244 1
0.21224 0.000287688 2
0.212516 0.00029822 2
0.212792 0.000308849 1
0.213067 0.000319568 1
0.213343 0.000330357 1
0.213619 0.00034118 2
0.213894 0.000352019 2
0.21417 0.000362828 2
0.214445 0.000373578 4
0.214721 0.000384225 3
0.214997 0.000394764 1
0.215272 0.000405228 3
0.215548 0.000415618 2
0.215823 0.000425938 2
0.216099 0.000436207 3
0.216375 0.000446419 1
0.21665 0.000456546 1
0.216926 0.000466545 1
0.217202 0.000476376 1
0.217477 0.000483737 4
0.217753 0.000490334 3
0.218028 0.000496212 3
0.218304 0.000501415 4
0.21858 0.000506318 3
0.218855 0.000510977 1
0.219131 0.000515385 3
0.219407 0.0005195 5
0.219682 0.000523339 2
0.219958 0.000526932 2
0.220233 0.000530282 3
0.220509 0.000533403 2
0.220785 0.000536297 1
0.22106 0.000539031 2
0.221336 0.000541271 1
0.221612 0.000543255 3
0.221887 0.000544827 3
0.222163 0.000545869 3
0.222438 0.000546387 4
0.222714 0.000546421 5
0.22299 0.000545974 3
0.223265 0.000545074 1
0.223541 0.000543781 3
0.223816 0.000542072 2
0.224092 0.000540023 1
0.224368 0.000537716 2
0.224643 0.000535118 4
0.224919 0.000532177 2
0.225195 0.000528845 2
0.22547 0.000525097 2
0.225746 0.000520916 2
0.226021 0.00051629 2
0.226297 0.00051122 2
0.226573 0.000505723 1
0.226848 0.000499818 2
0.227124 0.000493572 2
0.2274 0.000487031 1
0.227675 0.000480233 2
0.227951 0.000473207 2
0.228226 0.000466049 4
0.228502 0.000458493 3
0.228778 0.0004508 4
0.229053 0.00044267 3
0.229329 0.000434065 3
0.229605 0.000424588 4
0.22988 0.000414949 2
0.230156 0.000405164 2
0.230431 0.000395302 2
0.230707 0.000385415 2
0.230983 0.000375557 1
0.231258 0.000365745 1
0.231534 0.000355968 2
0.231809 0.000346259 2
0.232085 0.00033635 1
0.232361 0.000326378 1
0.232636 0.000316321 1
0.232912 0.000306013 1
0.233188 0.000295626 1
0.233463 0.000285133 3
0.233739 0.000274587 2
0.234014 0.000264069 2
0.23429 0.000253709 2
0.234566 0.000243424 2
0.234841 0.000233417 2
0.235117 0.000223673 2
0.235393 0.000214179 1
0.235668 0.000204943 2
0.235944 0.000195812 1
0.236219 0.000186825 2
0.236495 0.000177983 1
0.236771 0.000169202 2
0.237046 0.000160616 1
0.237322 0.000152226 2
0.237598 0.00014408 1
0.237873 0.000136239 1
0.238149 0.000128776 1
0.238424 0.000121655 1
0.2387 0.000114962 1
0.238976 0.000108615 1
0.239251 0.00010266 1
0.239527 9.70636e-05 1
0.239803 9.18067e-05 1
0.240078 8.69167e-05 1
0.240354 8.23573e-05 2
0.240629 7.81443e-05 4
0.240905 7.423e-05 2
0.241181 7.06402e-05 2
0.241456 6.75134e-05 2
0.241732 6.48418e-05 2
0.242007 6.26663e-05 2
0.242283 6.10129e-05 2
0.242559 5.99025e-05 2
0.242834 5.93517e-05 1
0.24311 5.93021e-05 1
0.243386 5.98058e-05 2
0.243661 6.08466e-05 2
0.243937 6.22791e-05 2
0.244212 6.41029e-05 2
0.244488 6.63721e-05 3
0.244764 6.90234e-05 2
0.245039 7.19764e-05 2
0.245315 7.52646e-05 2
0.245591 7.8957e-05 2
0.245866 8.30664e-05 2
0.246142 8.75939e-05 2
0.246417 9.25237e-05 4
0.246693 9.78451e-05 1
0.246969 0.00010352 1
0.247244 0.000109533 2
0.24752 0.000115856 2
0.247796 0.000122467 2
0.248071 0.000129345 2
0.248347 0.000136488 2
0.248622 0.000143913 2
0.248898 0.000151601 2
0.249174 0.000159603 2
0.249449 0.000167914 1
0.249725 0.000176533 1
0.25 0.000185446 1
0.250276 0.000194625 1
0.250552 0.000204035 3
0.250827 0.000213634 2
0.251103 0.000223384 2
0.251379 0.000233284 2
0.251654 0.000243228 2
0.25193 0.000253295 1
0.252205 0.000263511 1
0.252481 0.000273868 1
0.252757 0.000284314 2
0.253032 0.000294813 2
0.253308 0.000305365 1
0.253584 0.000315971 1
0.253859 0.000326634 2
0.254135 0.000337326 4
0.25441 0.000348024 3
0.254686 0.000358776 3
0.254962 0.000369439 1
0.255237 0.00037997 3
0.255513 0.000390443 2
0.255789 0.000400779 1
0.256064 0.00041099 2
0.25634 0.000421069 2
0.256615 0.000431037 2
0.256891 0.000440931 2
0.257167 0.000450737 2
0.257442 0.00046042 1
0.257718 0.000469974 3
0.257993 0.000477107 4
0.258269 0.000483629 3
0.258545 0.000489553 1
0.25882 0.000494998 4
0.259096 0.000500072 3
0.259372 0.000504805 4
0.259647 0.000509344 3
0.259923 0.000513564 5
0.260198 0.000517488 2
0.260474 0.000521132 2
0.26075 0.000524489 2
0.261025 0.00052758 2
0.261301 0.000530423 3
0.261577 0.000533014 3
0.261852 0.000535314 1
0.262128 0.000537279 2
0.262403 0.000538858 3
0.262679 0.00054002 3
0.262955 0.000540736 4
0.26323 0.00054106 3
0.263506 0.000540756 5
0.263782 0.000539877 3
0.264057 0.000538692 1
0.264333 0.000537197 3
0.264608 0.000535425 3
0.264884 0.000533399 4
0.26516 0.000531101 2
0.265435 0.000528481 4
0.265711 0.000525479 2
0.265986 0.00052205 2
0.266262 0.000518165 2
0.266538 0.000513814 2
0.266813 0.000509099 2
0.267089 0.000503838 2
0.267365 0.000498063 2
0.26764 0.000491994 2
0.267916 0.000485607 2
0.268191 0.000478952 2
0.268467 0.000472069 4
0.268743 0.000464982 1
0.269018 0.000457687 3
0.269294 0.000450122 3
0.26957 0.000442152 4
0.269845 0.000433744 3
0.270121 0.000424617 4
0.270396 0.000415176 3
0.270672 0.000405626 3
0.270948 0.000395976 2
0.271223 0.000386302 1
0.271499 0.000376639 1
0.271775 0.000367009 2
0.27205 0.000357417 2
0.272326 0.000347854 2
0.272601 0.000338291 2
0.272877 0.000328749 1
0.273153 0.00031898 1
0.273428 0.000309139 1
0.273704 0.000299165 1
0.273979 0.000289047 1
0.274255 0.000278812 1
0.274531 0.000268526 3
0.274806 0.000258276 2
0.275082 0.0002482 2
0.275358 0.000238221 2
0.275633 0.000228521 2
0.275909 0.000219072 2
0.276184 0.000209866 1
0.27646 0.000200864 1
0.276736 0.000192027 1
0.277011 0.000183309 2
0.277287 0.000174738 1
0.277563 0.000166246 2
0.277838 0.000157953 1
0.278114 0.000149873 1
0.278389 0.000142061 1
0.278665 0.000134571 1
0.278941 0.000127433 1
0.279216 0.000120659 2
0.279492 0.000114254 1
0.279768 0.000108179 1
0.280043 0.000102437 1
0.280319 9.70228e-05 1
0.280594 9.19308e-05 1
0.28087 8.71699e-05 1
0.281146 8.27421e-05 2
0.281421 7.86615e-05 2
0.281697 7.49443e-05 2
0.281973 7.16149e-05 2
0.282248 6.86973e-05 4
0.282524 6.62244e-05 2
0.282799 6.42297e-05 2
0.283075 6.27388e-05 2
0.283351 6.17775e-05 1
0.283626 6.13537e-05 1
0.283902 6.14551e-05 1
0.284177 6.20606e-05 1
0.284453 6.313e-05 1
0.284729 6.4617e-05 2
0.285004 6.64727e-05 2
0.28528 6.86597e-05 2
0.285556 7.11583e-05 2
0.285831 7.39673e-05 2
0.286107 7.71015e-05 2
0.286382 8.05832e-05 4
0.286658 8.44358e-05 2
0.286934 8.86851e-05 1
0.287209 9.33444e-05 1
0.287485 9.84019e-05 1
0.287761 0.000103838 2
0.288036 0.000109613 2
0.288312 0.000115698 2
0.288587 0.000122066 2
0.288863 0.000128701 2
0.289139 0.000135596 2
0.289414 0.00014276 2
0.28969 0.000150204 2
0.289966 0.000157942 1
0.290241 0.000165985 1
0.290517 0.000174334 1
0.290792 0.000182971 1
0.291068 0.000191872 2
0.291344 0.000201002 2
0.291619 0.000210327 1
0.291895 0.000219814 1
0.29217 0.00022945 2
0.292446 0.00023923 2
0.292722 0.000249134 1
0.292997 0.000259148 1
0.293273 0.000269239 2
0.293549 0.000279401 2
0.293824 0.000289654 2
0.2941 0.000300006 1
0.294375 0.000310446 1
0.294651 0.000320948 2
0.294927 0.000331501 1
0.295202 0.000342078 2
0.295478 0.00035263 4
0.295754 0.000363091 1
0.296029 0.000373456 2
0.296305 0.000383718 2
0.29658 0.000393884 2
0.296856 0.000403944 2
0.297132 0.000413907 2
0.297407 0.000423807 2
0.297683 0.000433631 1
0.297959 0.000443364 3
0.298234 0.00045298 3
0.29851 0.000462421 3
0.298785 0.000468768 4
0.299061 0.000474497 3
0.299337 0.000479632 3
0.299612 0.000484437 4
0.299888 0.00048905 3
0.300163 0.000493439 1
0.300439 0.000497592 4
0.300715 0.000501445 2
0.30099 0.000505014 2
0.301266 0.000508318 1
0.301542 0.000511374 2
0.301817 0.000514219 2
0.302093 0.000516866 1
0.302368 0.000519297 2
0.302644 0.000521459 1
0.30292 0.000523298 3
0.303195 0.000524751 3
0.303471 0.000525793 3
0.303747 0.000526303 4
0.304022 0.000526289 5
0.304298 0.000525835 3
0.304573 0.000524953 1
0.304849 0.000523619 3
0.305125 0.000521921 3
0.3054 0.000519972 1
0.305676 0.000517793 4
0.305952 0.000515338 5
0.306227 0.000512563 3
0.306503 0.000509427 2
0.306778 0.000505907 2
0.307054 0.000501983 2
0.30733 0.000497637 2
0.307605 0.00049286 1
0.307881 0.000487644 2
0.308156 0.000482029 2
0.308432 0.000476057 1
0.308708 0.000469785 2
0.308983 0.000463261 2
0.309259 0.000456514 2
0.309535 0.00044956 4
0.30981 0.000442398 3
0.310086 0.000435025 4
0.310361 0.00042726 4
0.310637 0.000419033 3
0.310913 0.00041034 3
0.311188 0.000400926 4
0.311464 0.0003914 3
0.31174 0.000381787 3
0.312015 0.000372134 2
0.312291 0.000362501 1
0.312566 0.000352938 1
0.312842 0.000343452 2
0.313118 0.000334025 2
0.313393 0.000324599 2
0.313669 0.000315108 2
0.313945 0.000305508 1
0.31422 0.000295759 1
0.314496 0.000285885 3
0.314771 0.000275904 1
0.315047 0.000265838 2
0.315323 0.000255752 2
0.315598 0.000245746 2
0.315874 0.000235905 2
0.316149 0.000226295 3
0.316425 0.000216949 2
0.316701 0.00020788 2
0.316976 0.00019906 1
0.317252 0.000190446 2
0.317528 0.000181999 1
0.317803 0.000173658 2
0.318079 0.00016544 1
0.318354 0.000157346 2
0.31863 0.000149429 1
0.318906 0.000141737 2
0.319181 0.00013432 1
0.319457 0.000127225 1
0.319733 0.000120494 1
0.320008 0.000114144 1
0.320284 0.000108185 1
0.320559 0.000102603 1
0.320835 9.73802e-05 1
0.321111 9.24929e-05 1
0.321386 8.79213e-05 1
0.321662 8.36567e-05 2
0.321938 7.96963e-05 2
0.322213 7.6049e-05 2
0.322489 7.27386e-05 2
0.322764 6.97956e-05 2
0.32304 6.72646e-05 2
0.323316 6.51824e-05 4
0.323591 6.35884e-05 2
0.323867 6.25073e-05 1
0.324143 6.19505e-05 1
0.324418 6.18981e-05 1
0.324694 6.23481e-05 1
0.324969 6.32606e-05 1
0.325245 6.46002e-05 1
0.325521 6.63313e-05 2
0.325796 6.84279e-05 2
0.326072 7.08711e-05 2
0.326347 7.36563e-05 2
0.326623 7.67916e-05 4
0.326899 8.02932e-05 2
0.327174 8.41829e-05 2
0.32745 8.84678e-05 2
0.327726 9.31497e-05 1
0.328001 9.8217e-05 1
0.328277 0.000103645 1
0.328552 0.000109404 2
0.328828 0.000115457 2
0.329104 0.000121776 2
0.329379 0.000128348 2
0.329655 0.000135167 2
0.329931 0.000142241 2
0.330206 0.00014958 2
0.330482 0.0001572 1
0.330757 0.000165112 1
0.331033 0.000173322 1
0.331309 0.000181819 1
0.331584 0.000190587 1
0.33186 0.000199593 2
0.332136 0.000208806 2
0.332411 0.000218189 2
0.332687 0.00022772 1
0.332962 0.000237421 1
0.333238 0.000247259 2
0.333514 0.000257159 2
0.333789 0.000267086 2
0.334065 0.000277032 2
0.33434 0.000287026 1
0.334616 0.000297075 1
0.334892 0.00030719 2
0.335167 0.000317365 4
0.335443 0.000327588 1
0.335719 0.000337877 3
0.335994 0.000348183 1
0.33627 0.00035845 2
0.336545 0.00036862 1
0.336821 0.000378671 2
0.337097 0.000388594 2
0.337372 0.0003984 2
0.337648 0.00040811 2
0.337924 0.000417729 2
0.338199 0.000427258 1
0.338475 0.000436693 1
0.33875 0.000446032 1
0.339026 0.000455251 1
0.339302 0.000461761 4
0.339577 0.000467686 4
0.339853 0.00047305 3
0.340129 0.000477871 4
0.340404 0.000482509 3
0.34068 0.000486909 1
0.340955 0.000491071 3
0.341231 0.000494925 4
0.341507 0.000498502 2
0.341782 0.000501832 2
0.342058 0.000504923 2
0.342333 0.000507784 3
0.342609 0.000510427 3
0.342885 0.000512837 1
0.34316 0.000514979 2
0.343436 0.000516798 1
0.343712 0.000518256 3
0.343987 0.00051931 3
0.344263 0.000519942 4
0.344538 0.000520134 3
0.344814 0.000519806 5
0.34509 0.000518999 3
0.345365 0.000517816 1
0.345641 0.000516352 3
0.345917 0.000514641 2
0.346192 0.000512698 4
0.346468 0.000510504 2
0.346743 0.000508 4
0.347019 0.00050513 2
0.347295 0.000501844 2
0.34757 0.000498116 2
0.347846 0.000493942 2
0.348122 0.000489335 2
0.348397 0.000484315 1
0.348673 0.000478901 2
0.348948 0.000473146 2
0.349224 0.0004671 1
0.3495 0.000460806 1
0.349775 0.000454296 2
0.350051 0.000447586 4
0.350326 0.000440672 3
0.350602 0.000433536 1
0.350878 0.000426055 4
0.351153 0.000418118 3
0.351429 0.000409695 3
0.351705 0.000400422 4
0.35198 0.000391044 3
0.352256 0.000381584 3
0.352531 0.000372106 2
0.352807 0.000362682 1
0.353083 0.000353347 1
0.353358 0.00034411 2
0.353634 0.000334953 2
0.35391 0.000325826 2
0.354185 0.000316661 2
0.354461 0.000307395 2
0.354736 0.000297972 1
0.355012 0.000288406 1
0.355288 0.000278734 1
0.355563 0.00026898 1
0.355839 0.00025919 1
0.356115 0.000249444 1
0.35639 0.000239828 2
0.356666 0.000230416 3
0.356941 0.000221242 2
0.357217 0.000212328 1
0.357493 0.000203658 1
0.357768 0.000195208 1
0.358044 0.000186939 1
0.358319 0.0001788 1
0.358595 0.000170766 2
0.358871 0.000162827 2
0.359146 0.000155015 1
0.359422 0.00014738 2
0.359698 0.000139969 1
0.359973 0.000132825 1
0.360249 0.000125998 1
0.360524 0.000119519 1
0.3608 0.000113404 1
0.361076 0.000107645 1
0.361351 0.000102224 1
0.361627 9.71184e-05 1
0.361903 9.23175e-05 1
0.362178 8.78138e-05 1
0.362454 8.36142e-05 2
0.362729 7.9732e-05 2
0.363005 7.61883e-05 2
0.363281 7.30088e-05 2
0.363556 7.02244e-05 2
0.363832 6.78651e-05 2
0.364108 6.59621e-05 2
0.364383 6.45369e-05 2
0.364659 6.35993e-05 1
0.364934 6.3156e-05 4
0.36521 6.31917e-05 2
0.365486 6.36853e-05 1
0.365761 6.46027e-05 2
0.366037 6.59194e-05 2
0.366312 6.76021e-05 4
0.366588 6.96327e-05 2
0.366864 7.20033e-05 2
0.367139 7.47117e-05 2
0.367415 7.77714e-05 2
0.367691 8.1188e-05 1
0.367966 8.49766e-05 1
0.368242 8.9144e-05 1
0.368517 9.36874e-05 1
0.368793 9.85879e-05 1
0.369069 0.000103822 1
0.369344 0.000109364 1
0.36962 0.000115188 1
0.369896 0.000121277 1
0.370171 0.000127621 1
0.370447 0.000134221 1
0.370722 0.000141083 1
0.370998 0.000148223 1
0.371274 0.00015565 1
0.371549 0.000163375 1
0.371825 0.000171393 1
0.372101 0.000179697 1
0.372376 0.000188264 1
0.372652 0.000197077 1
0.372927 0.000206125 1
0.373203 0.00021536 1
0.373479 0.000224712 1
0.373754 0.00023418 1
0.37403 0.000243748 1
0.374306 0.000253394 2
0.374581 0.000263123 2
0.374857 0.000272948 1
0.375132 0.000282855 1
0.375408 0.000292834 1
0.375684 0.00030288 2
0.375959 0.000312996 1
0.376235 0.00032318 4
0.37651 0.000333385 1
0.376786 0.000343557 2
0.377062 0.000353664 1
0.377337 0.000363718 2
0.377613 0.000373719 2
0.377889 0.000383652 2
0.378164 0.000393512 2
0.37844 0.000403314 2
0.378715 0.000413047 1
0.378991 0.000422682 1
0.379267 0.00043219 1
0.379542 0.000439181 4
0.379818 0.000445506 3
0.380094 0.000451208 1
0.380369 0.00045634 2
0.380645 0.000461108 4
0.38092 0.000465732 3
0.381196 0.00047018 3
0.381472 0.000474418 5
0.381747 0.000478372 3
0.382023 0.000482068 3
0.382299 0.000485547 4
0.382574 0.000488819 3
0.38285 0.000491893 2
0.383125 0.00049478 1
0.383401 0.000497464 3
0.383677 0.000499906 1
0.383952 0.000502059 3
0.384228 0.000503866 3
0.384503 0.000505297 3
0.384779 0.000506224 3
0.385055 0.000506663 4
0.38533 0.000506661 5
0.385606 0.000506228 3
0.385882 0.000505316 1
0.386157 0.000504026 3
0.386433 0.00050247 3
0.386708 0.00050068 1
0.386984 0.000498648 4
0.38726 0.00049633 5
0.387535 0.000493688 3
0.387811 0.000490688 2
0.388087 0.00048731 2
0.388362 0.000483533 2
0.388638 0.000479346 2
0.388913 0.00047474 1
0.389189 0.000469733 2
0.389465 0.00046436 2
0.38974 0.000458662 2
0.390016 0.000452686 2
0.390292 0.000446466 2
0.390567 0.000440023 4
0.390843 0.000433366 1
0.391118 0.000426486 3
0.391394 0.000419379 3
0.39167 0.000411854 4
0.391945 0.000403883 3
0.392221 0.000395461 3
0.392496 0.000386369 4
0.392772 0.00037718 3
0.393048 0.000367937 2
0.393323 0.000358692 2
0.393599 0.000349486 1
0.393875 0.000340333 1
0.39415 0.000331239 2
0.394426 0.000322191 2
0.394701 0.000313151 2
0.394977 0.000304068 2
0.395253 0.000294897 1
0.395528 0.000285614 1
0.395804 0.000276209 1
0.39608 0.000266724 3
0.396355 0.000257198 2
0.396631 0.000247668 1
0.396906 0.000238193 2
0.397182 0.000228866 2
0.397458 0.000219758 2
0.397733 0.00021091 3
0.398009 0.000202329 3
0.398285 0.000193999 3
0.39856 0.000185888 1
0.398836 0.000177944 2
0.399111 0.000170134 2
0.399387 0.000162405 2
0.399663 0.000154767 2
0.399938 0.00014725 1
0.400214 0.000139916 1
0.400489 0.00013283 1
0.400765 0.000126049 1
0.401041 0.000119617 1
0.401316 0.000113572 1
0.401592 0.000107919 1
0.401868 0.000102648 1
0.402143 9.77304e-05 1
0.402419 9.31348e-05 1
0.402694 8.8832e-05 1
0.40297 8.48116e-05 1
0.403246 8.10683e-05 2
0.403521 7.76192e-05 2
0.403797 7.4489e-05 2
0.404073 7.17145e-05 2
0.404348 6.93341e-05 2
0.404624 6.73932e-05 2
0.404899 6.59237e-05 2
0.405175 6.49532e-05 1
0.405451 6.4487e-05 1
0.405726 6.45186e-05 1
0.406002 6.50183e-05 1
0.406278 6.59694e-05 1
0.406553 6.73336e-05 1
0.406829 6.90819e-05 2
0.407104 7.11905e-05 2
0.40738 7.36443e-05 2
0.407656 7.64375e-05 2
0.407931 7.95731e-05 2
0.408207 8.30595e-05 2
0.408482 8.68983e-05 1
0.408758 9.10975e-05 1
0.409034 9.56617e-05 1
0.409309 0.000100568 1
0.409585 0.000105791 1
0.409861 0.000111303 1
0.410136 0.000117076 1
0.410412 0.000123089 1
0.410687 0.000129329 1
0.410963 0.000135795 1
0.411239 0.000142496 1
0.411514 0.00014945 1
0.41179 0.000156672 1
0.412066 0.00016418 1
0.412341 0.00017198 1
0.412617 0.000180073 1
0.412892 0.00018844 1
0.413168 0.000197059 1
0.413444 0.000205906 1
0.413719 0.000214967 1
0.413995 0.000224214 1
0.414271 0.000233578 2
0.414546 0.000242981 2
0.414822 0.000252396 2
0.415097 0.000261832 2
0.415373 0.000271307 1
0.415649 0.000280826 1
0.415924 0.000290401 1
0.4162 0.000300047 2
0.416476 0.000309793 4
0.416751 0.00031962 1
0.417027 0.000329504 2
0.417302 0.000339356 1
0.417578 0.000349153 2
0.417854 0.000358884 2
0.418129 0.000368544 2
0.418405 0.00037812 2
0.41868 0.000387612 2
0.418956 0.000397026 2
0.419232 0.000406353 1
0.419507 0.000415581 1
0.419783 0.000424702 1
0.420059 0.000433702 4
0.420334 0.000440329 4
0.42061 0.000446358 3
0.420885 0.000451823 1
0.421161 0.000456733 4
0.421437 0.000461237 3
0.421712 0.000465573 3
0.421988 0.000469708 3
0.422264 0.000473612 4
0.422539 0.000477221 2
0.422815 0.000480578 2
0.42309 0.00048373 1
0.423366 0.000486672 1
0.423642 0.000489412 1
0.423917 0.000491944 3
0.424193 0.000494246 1
0.424469 0.000496275 3
0.424744 0.000497977 2
0.42502 0.000499307 3
0.425295 0.000500244 3
0.425571 0.000500771 4
0.425847 0.000500853 3
0.426122 0.000500515 5
0.426398 0.000499745 3
0.426673 0.000498585 1
0.426949 0.000497176 3
0.427225 0.00049555 2
0.4275 0.000493714 4
0.427776 0.000491634 2
0.428052 0.000489255 4
0.428327 0.000486522 2
0.428603 0.000483391 2
0.428878 0.000479837 2
0.429154 0.000475858 2
0.42943 0.000471462 3
0.429705 0.000466664 3
0.429981 0.000461499 1
0.430257 0.00045601 2
0.430532 0.000450245 2
0.430808 0.000444244 2
0.431083 0.000438031 2
0.431359 0.000431617 4
0.431635 0.000424999 3
0.43191 0.000418161 1
0.432186 0.000411078 2
0.432462 0.000403551 4
0.432737 0.000395546 3
0.433013 0.000387094 3
0.433288 0.000377908 4
0.433564 0.000368691 2
0.43384 0.000359488 2
0.434115 0.000350361 2
0.434391 0.000341345 1
0.434666 0.000332441 1
0.434942 0.000323627 2
0.435218 0.000314859 2
0.435493 0.000306074 2
0.435769 0.000297207 2
0.436045 0.000288219 1
0.43632 0.000279079 1
0.436596 0.000269829 1
0.436871 0.00026052 1
0.437147 0.000251195 1
0.437423 0.00024192 1
0.437698 0.000232777 1
0.437974 0.000223838 1
0.43825 0.000215143 3
0.438525 0.000206702 2
0.438801 0.000198506 1
0.439076 0.00019052 2
0.439352 0.000182714 1
0.439628 0.000175036 2
0.439903 0.000167455 1
0.440179 0.000159954 2
0.440455 0.000152539 2
0.44073 0.000145241 2
0.441006 0.000138121 1
0.441281 0.000131251 2
0.441557 0.000124678 1
0.441833 0.000118438 1
0.442108 0.000112565 1
0.442384 0.000107067 1
0.442659 0.000101934 1
0.442935 9.71433e-05 1
0.443211 9.26593e-05 1
0.443486 8.84625e-05 1
0.443762 8.45382e-05 1
0.444038 8.08911e-05 2
0.444313 7.754e-05 2
0.444589 7.4518e-05 2
0.444864 7.18569e-05 2
0.44514 6.95945e-05 2
0.445416 6.77668e-05 2
0.445691 6.64008e-05 2
0.445967 6.55089e-05 1
0.446243 6.50974e-05 1
0.446518 6.51542e-05 1
0.446794 6.56578e-05 1
0.447069 6.65798e-05 1
0.447345 6.78848e-05 1
0.447621 6.95458e-05 2
0.447896 7.15477e-05 2
0.448172 7.38827e-05 2
0.448448 7.65512e-05 2
0.448723 7.95567e-05 2
0.448999 8.29116e-05 2
0.449274 8.66228e-05 1
0.44955 9.06906e-05 1
0.449826 9.51081e-05 1
0.450101 9.98509e-05 1
0.450377 0.000104894 1
0.450652 0.00011021 1
0.450928 0.000115778 1
0.451204 0.000121582 1
0.451479 0.000127623 1
0.451755 0.000133907 1
0.452031 0.000140453 1
0.452306 0.00014728 1
0.452582 0.000154409 1
0.452857 0.000161846 1
0.453133 0.000169596 1
0.453409 0.000177654 1
0.453684 0.000186024 1
0.45396 0.000194655 1
0.454236 0.000203479 1
0.454511 0.000212468 1
0.454787 0.000221582 1
0.455062 0.000230769 2
0.455338 0.000240022 2
0.455614 0.000249338 2
0.455889 0.000258716 1
0.456165 0.00026815 1
0.456441 0.000277653 1
0.456716 0.000287242 2
0.456992 0.00029694 4
0.457267 0.000306741 1
0.457543 0.00031662 2
0.457819 0.000326491 1
0.458094 0.000336328 2
0.45837 0.00034613 2
0.458646 0.000355894 2
0.458921 0.000365609 2
0.459197 0.000375267 2
0.459472 0.000384842 1
0.459748 0.000394363 1
0.460024 0.000403789 1
0.460299 0.000413104 1
0.460575 0.000422281 1
0.46085 0.000428342 4
0.461126 0.000433846 1
0.461402 0.000438808 3
0.461677 0.00044327 2
0.461953 0.000447658 4
0.462229 0.000451914 3
0.462504 0.000456017 3
0.46278 0.000459887 4
0.463055 0.000463532 2
0.463331 0.000466968 4
0.463607 0.0004702 3
0.463882 0.000473255 3
0.464158 0.000476149 3
0.464434 0.000478875 1
0.464709 0.000481391 3
0.464985 0.000483651 3
0.46526 0.000485607 2
0.465536 0.000487227 2
0.465812 0.000488476 2
0.466087 0.000489347 1
0.466363 0.000489715 4
0.466639 0.000489605 4
0.466914 0.000489002 1
0.46719 0.000487998 3
0.467465 0.000486715 3
0.467741 0.0004852 1
0.468017 0.000483477 2
0.468292 0.000481518 4
0.468568 0.000479288 5
0.468843 0.000476738 3
0.469119 0.000473829 2
0.469395 0.000470538 2
0.46967 0.000466849 2
0.469946 0.000462756 1
0.470222 0.000458257 2
0.470497 0.000453386 2
0.470773 0.000448176 1
0.471048 0.000442669 2
0.471324 0.000436914 2
0.4716 0.000430936 2
0.471875 0.000424753 2
0.472151 0.000418368 4
0.472427 0.000411773 3
0.472702 0.000404957 1
0.472978 0.000397756 3
0.473253 0.000390123 4
0.473529 0.000382053 3
0.473805 0.000373264 4
0.47408 0.00036441 3
0.474356 0.000355517 3
0.474632 0.000346632 2
0.474907 0.0003378 1
0.475183 0.000329032 1
0.475458 0.000320328 2
0.475734 0.000311675 2
0.47601 0.000303037 2
0.476285 0.000294365 2
0.476561 0.000285613 2
0.476836 0.000276754 1
0.477112 0.000267779 1
0.477388 0.000258744 1
0.477663 0.000249703 1
0.477939 0.000240684 3
0.478215 0.000231737 1
0.47849 0.00022293 1
0.478766 0.000214325 1
0.479041 0.000205962 1
0.479317 0.000197849 1
0.479593 0.000189967 1
0.479868 0.000182283 1
0.480144 0.000174751 2
0.48042 0.000167336 1
0.480695 0.000160001 2
0.480971 0.000152761 2
0.481246 0.000145638 2
0.481522 0.000138679 1
0.481798 0.000131946 1
0.482073 0.000125493 1
0.482349 0.000119381 1
0.482625 0.000113649 1
0.4829 0.000108294 1
0.483176 0.000103309 1
0.483451 9.86753e-05 1
0.483727 9.43717e-05 1
0.484003 9.03683e-05 1
0.484278 8.66408e-05 1
0.484554 8.31788e-05 1
0.484829 7.9983e-05 2
0.485105 7.70774e-05 2
0.485381 7.4496e-05 2
0.485656 7.22784e-05 2
0.485932 7.04685e-05 2
0.486208 6.91061e-05 2
0.486483 6.82161e-05 2
0.486759 6.78132e-05 1
0.487034 6.78891e-05 1
0.48731 6.84358e-05 1
0.487586 6.94279e-05 1
0.487861 7.08289e-05 1
0.488137 7.26015e-05 1
0.488413 7.47143e-05 2
0.488688 7.71489e-05 2
0.488964 7.98985e-05 2
0.489239 8.2954e-05 2
0.489515 8.63322e-05 2
0.489791 9.00416e-05 2
0.490066 9.40848e-05 1
0.490342 9.84612e-05 1
0.490618 0.000103156 1
0.490893 0.000108152 1
0.491169 0.00011342 1
0.491444 0.000118934 1
0.49172 0.000124675 1
0.491996 0.000130632 1
0.492271 0.000136805 1
0.492547 0.000143203 1
0.492822 0.000149841 1
0.493098 0.000156739 1
0.493374 0.000163911 1
0.493649 0.000171371 1
0.493925 0.000179126 1
0.494201 0.000187184 1
0.494476 0.000195505 1
0.494752 0.000204055 1
0.495027 0.000212787 1
0.495303 0.000221629 2
0.495579 0.000230536 2
0.495854 0.000239496 2
0.49613 0.000248496 2
0.496406 0.000257525 1
0.496681 0.00026658 1
0.496957 0.000275683 1
0.497232 0.000284852 1
0.497508 0.000294118 1
0.497784 0.000303488 4
0.498059 0.000312924 1
0.498335 0.000322352 2
0.498611 0.000331743 2
0.498886 0.000341109 2
0.499162 0.000350454 2
0.499437 0.000359762 2
0.499713 0.000369026 2
0.499989 0.000378243 2
0.500264 0.000387399 1
0.50054 0.000396472 1
0.500815 0.000405441 1
0.501091 0.000414284 4
0.501367 0.000422933 3
0.501642 0.000428788 4
0.501918 0.000434113 3
0.502194 0.000438906 4
0.502469 0.000443194 3
0.502745 0.00044736 3
0.50302 0.000451374 3
0.503296 0.000455191 3
0.503572 0.000458747 4
0.503847 0.000462065 2
0.504123 0.000465178 2
0.504399 0.000468094 2
0.504674 0.000470828 3
0.50495 0.000473386 1
0.505225 0.000475751 3
0.505501 0.000477883 3
0.505777 0.000479734 3
0.506052 0.000481258 3
0.506328 0.000482426 3
0.506604 0.000483222 3
0.506879 0.00048364 4
0.507155 0.000483677 3
0.50743 0.000483245 4
0.507706 0.000482397 3
0.507982 0.000481242 1
0.508257 0.00047986 2
0.508533 0.000478272 1
0.508809 0.000476483 4
0.509084 0.000474454 5
0.50936 0.000472136 3
0.509635 0.000469478 2
0.509911 0.000466443 2
0.510187 0.000463013 2
0.510462 0.000459181 3
0.510738 0.000454951 1
0.511013 0.000450349 3
0.511289 0.000445412 3
0.511565 0.000440173 2
0.51184 0.000434676 2
0.512116 0.000428955 2
0.512392 0.000423031 2
0.512667 0.000416908 2
0.512943 0.000410584 4
0.513218 0.000404047 3
0.513494 0.000397289 3
0.51377 0.000390176 4
0.514045 0.000382597 3
0.514321 0.000374577 3
0.514597 0.000365706 4
0.514872 0.00035684 2
0.515148 0.000348005 2
0.515423 0.000339244 2
0.515699 0.000330592 1
0.515975 0.000322051 1
0.51625 0.000313602 2
0.516526 0.000305204 2
0.516802 0.000296796 2
0.517077 0.000288312 2
0.517353 0.000279706 2
0.517628 0.000270974 1
0.517904 0.000262133 1
0.51818 0.000253256 1
0.518455 0.000244403 1
0.518731 0.000235614 1
0.519006 0.000226946 1
0.519282 0.000218461 1
0.519558 0.000210207 3
0.519833 0.000202196 2
0.520109 0.000194421 1
0.520385 0.000186843 2
0.52066 0.000179433 1
0.520936 0.000172144 2
0.521211 0.000164945 1
0.521487 0.000157813 2
0.521763 0.000150762 1
0.522038 0.000143816 2
0.522314 0.000137033 2
0.52259 0.000130477 1
0.522865 0.000124205 1
0.523141 0.000118248 1
0.523416 0.00011265 1
0.523692 0.000107419 1
0.523968 0.000102538 1
0.524243 9.79864e-05 1
0.524519 9.37468e-05 1
0.524795 8.97994e-05 1
0.52507 8.61369e-05 1
0.525346 8.27499e-05 1
0.525621 7.96453e-05 2
0.525897 7.68415e-05 2
0.526173 7.43652e-05 2
0.526448 7.22511e-05 2
0.526724 7.05339e-05 2
0.526999 6.92444e-05 2
0.527275 6.84019e-05 2
0.527551 6.80098e-05 1
0.527826 6.80729e-05 1
0.528102 6.85778e-05 1
0.528378 6.95062e-05 1
0.528653 7.0828e-05 1
0.528929 7.25152e-05 2
0.529204 7.45457e-05 2
0.52948 7.69043e-05 2
0.529756 7.95831e-05 2
0.530031 8.25781e-05 2
0.530307 8.58962e-05 2
0.530583 8.95431e-05 2
0.530858 9.35191e-05 1
0.531134 9.78155e-05 1
0.531409 0.000102418 1
0.531685 0.000107301 1
0.531961 0.000112442 1
0.532236 0.000117818 1
0.532512 0.00012342 1
0.532788 0.000129247 2
0.533063 0.000135307 2
0.533339 0.000141614 2
0.533614 0.00014819 1
0.53389 0.000155058 1
0.534166 0.000162239 1
0.534441 0.000169763 1
0.534717 0.00017762 2
0.534992 0.000185771 1
0.535268 0.000194163 1
0.535544 0.000202714 2
0.535819 0.00021139 2
0.536095 0.00022016 2
0.536371 0.000229004 1
0.536646 0.000237888 1
0.536922 0.000246817 1
0.537197 0.000255804 1
0.537473 0.000264879 1
0.537749 0.000274063 4
0.538024 0.000283381 2
0.5383 0.000292824 2
0.538576 0.000302355 2
0.538851 0.000311893 2
0.539127 0.000321417 2
0.539402 0.000330931 2
0.539678 0.00034044 2
0.539954 0.000349931 2
0.540229 0.000359392 2
0.540505 0.000368784 1
0.540781 0.000378122 1
0.541056 0.000387377 1
0.541332 0.000396529 1
0.541607 0.000405548 1
0.541883 0.000411511 4
0.542159 0.00041694 1
0.542434 0.000421852 3
0.54271 0.000426285 2
0.542985 0.000430498 4
0.543261 0.000434601 3
0.543537 0.000438604 3
0.543812 0.000442445 4
0.544088 0.000446051 3
0.544364 0.000449453 4
0.544639 0.000452685 3
0.544915 0.000455747 3
0.54519 0.000458644 2
0.545466 0.000461384 1
0.545742 0.000463949 3
0.546017 0.000466308 2
0.546293 0.000468414 3
0.546569 0.000470221 3
0.546844 0.000471691 3
0.54712 0.000472803 3
0.547395 0.000473529 4
0.547671 0.000473864 3
0.547947 0.000473608 4
0.548222 0.000472872 3
0.548498 0.000471828 1
0.548774 0.000470547 3
0.549049 0.000469059 2
0.549325 0.000467368 1
0.5496 0.000465457 4
0.549876 0.000463279 5
0.550152 0.000460786 3
0.550427 0.000457939 2
0.550703 0.000454715 2
0.550979 0.000451105 2
0.551254 0.000447106 1
0.55153 0.000442737 2
0.551805 0.00043803 2
0.552081 0.000433014 2
0.552357 0.000427732 2
0.552632 0.000422218 2
0.552908 0.000416499 2
0.553183 0.000410585 2
0.553459 0.000404478 4
0.553735 0.000398165 3
0.55401 0.00039163 2
0.554286 0.000384745 3
0.554562 0.000377431 4
0.554837 0.000369706 3
0.555113 0.000361208 4
0.555388 0.000352683 4
0.555664 0.000344121 3
0.55594 0.0003356 2
0.556215 0.000327165 1
0.556491 0.00031881 1
0.556767 0.000310509 2
0.557042 0.00030224 2
0.557318 0.000293968 2
0.557593 0.000285665 2
0.557869 0.000277302 2
0.558145 0.000268856 1
0.55842 0.000260322 1
0.558696 0.000251713 1
0.558972 0.000243101 1
0.559247 0.000234546 1
0.559523 0.000226083 1
0.559798 0.00021775 1
0.560074 0.000209598 3
0.56035 0.000201666 2
0.560625 0.00019397 3
0.560901 0.000186493 1
0.561176 0.000179203 2
0.561452 0.000172067 1
0.561728 0.000165044 2
0.562003 0.000158113 1
0.562279 0.000151266 2
0.562555 0.000144537 1
0.56283 0.000137956 2
0.563106 0.000131584 2
0.563381 0.000125484 1
0.563657 0.000119689 1
0.563933 0.000114235 1
0.564208 0.000109149 1
0.564484 0.000104417 1
0.56476 0.000100016 1
0.565035 9.59332e-05 1
0.565311 9.21487e-05 1
0.565586 8.86494e-05 1
0.565862 8.54223e-05 1
0.566138 8.24675e-05 2
0.566413 7.97983e-05 2
0.566689 7.74387e-05 2
0.566965 7.54213e-05 2
0.56724 7.3788e-05 2
0.567516 7.2564e-05 2
0.567791 7.17783e-05 2
0.568067 7.14463e-05 1
0.568343 7.1565e-05 1
0.568618 7.2133e-05 1
0.568894 7.31312e-05 1
0.569169 7.45319e-05 1
0.569445 7.63011e-05 1
0.569721 7.84088e-05 2
0.569996 8.08317e-05 2
0.570272 8.35492e-05 2
0.570548 8.65588e-05 2
0.570823 8.98623e-05 2
0.571099 9.34629e-05 2
0.571374 9.73601e-05 1
0.57165 0.00010155 1
0.571926 0.000106024 1
0.572201 0.000110765 1
0.572477 0.000115758 1
0.572753 0.000120978 1
0.573028 0.000126415 1
0.573304 0.000132059 1
0.573579 0.000137917 1
0.573855 0.000143996 1
0.574131 0.000150316 1
0.574406 0.000156898 1
0.574682 0.000163765 1
0.574958 0.000170951 1
0.575233 0.000178458 2
0.575509 0.000186261 1
0.575784 0.00019431 1
0.57606 0.000202528 2
0.576336 0.000210873 2
0.576611 0.000219312 2
0.576887 0.000227814 1
0.577162 0.000236345 1
0.577438 0.000244901 1
0.577714 0.000253494 1
0.577989 0.000262153 1
0.578265 0.000270916 1
0.578541 0.0002798 1
0.578816 0.000288781 4
0.579092 0.000297808 1
0.579367 0.00030684 2
0.579643 0.000315899 2
0.579919 0.000324996 2
0.580194 0.000334099 2
0.58047 0.000343193 2
0.580746 0.000352261 2
0.581021 0.000361311 1
0.581297 0.000370295 1
0.581572 0.000379188 1
0.581848 0.000387975 1
0.582124 0.000396642 4
0.582399 0.000405147 2
0.582675 0.000410966 4
0.582951 0.00041626 3
0.583226 0.000421035 1
0.583502 0.000425315 4
0.583777 0.000429375 3
0.584053 0.000433315 1
0.584329 0.000437098 3
0.584604 0.000440641 4
0.58488 0.000443968 2
0.585155 0.000447099 2
0.585431 0.000450039 1
0.585707 0.000452806 1
0.585982 0.000455415 1
0.586258 0.00045786 1
0.586534 0.000460103 3
0.586809 0.000462103 3
0.587085 0.000463816 2
0.58736 0.000465211 2
0.587636 0.000466267 2
0.587912 0.000466972 2
0.588187 0.00046732 4
0.588463 0.000467221 4
0.588739 0.00046671 3
0.589014 0.000465877 1
0.58929 0.000464792 3
0.589565 0.000463497 2
0.589841 0.000462004 1
0.590117 0.000460305 2
0.590392 0.000458362 4
0.590668 0.00045613 2
0.590944 0.000453569 2
0.591219 0.000450649 2
0.591495 0.000447356 2
0.59177 0.000443686 2
0.592046 0.00043964 1
0.592322 0.000435244 2
0.592597 0.000430532 2
0.592873 0.000425539 2
0.593149 0.000420302 2
0.593424 0.000414849 2
0.5937 0.000409197 2
0.593975 0.000403351 2
0.594251 0.000397308 4
0.594527 0.00039106 3
0.594802 0.000384599 3
0.595078 0.000377861 1
0.595353 0.000370686 4
0.595629 0.000363066 3
0.595905 0.000355059 3
0.59618 0.000346392 4
0.596456 0.000337783 2
0.596732 0.000329261 2
0.597007 0.000320853 2
0.597283 0.000312559 2
0.597558 0.000304358 2
0.597834 0.000296211 2
0.59811 0.000288068 2
0.598385 0.000279877 2
0.598661 0.000271594 2
0.598937 0.000263206 2
0.599212 0.000254727 1
0.599488 0.000246198 1
0.599763 0.000237709 1
0.600039 0.000229332 1
0.600315 0.000221095 1
0.60059 0.000213027 1
0.600866 0.000205162 3
0.601142 0.000197528 1
0.601417 0.00019011 3
0.601693 0.000182897 1
0.601968 0.000175841 2
0.602244 0.000168915 1
0.60252 0.000162077 2
0.602795 0.000155314 1
0.603071 0.000148619 2
0.603346 0.000142025 1
0.603622 0.000135587 2
0.603898 0.000129355 1
0.604173 0.000123393 2
0.604449 0.000117757 1
0.604725 0.000112464 1
0.605 0.000107525 1
0.605276 0.000102912 1
0.605551 9.8623e-05 2
0.605827 9.46445e-05 2
0.606103 9.09483e-05 2
0.606378 8.75189e-05 2
0.606654 8.43618e-05 2
0.60693 8.14876e-05 2
0.607205 7.89143e-05 2
0.607481 7.66618e-05 2
0.607756 7.47548e-05 1
0.608032 7.32156e-05 1
0.608308 7.20699e-05 1
0.608583 7.13291e-05 1
0.608859 7.10047e-05 1
0.609135 7.1093e-05 1
0.60941 7.15947e-05 1
0.609686 7.25006e-05 1
0.609961 7.37937e-05 1
0.610237 7.54599e-05 1
0.610513 7.7484e-05 2
0.610788 7.98527e-05 2
0.611064 8.25516e-05 2
0.611339 8.55661e-05 2
0.611615 8.88892e-05 2
0.611891 9.25156e-05 2
0.612166 9.64346e-05 1
0.612442 0.000100638 1
0.612718 0.000105109 1
0.612993 0.000109839 1
0.613269 0.000114802 1
0.613544 0.000119987 1
0.61382 0.000125385 1
0.614096 0.000131002 1
0.614371 0.000136847 2
0.614647 0.000142941 2
0.614923 0.000149305 1
0.615198 0.000155997 1
0.615474 0.000163032 2
0.615749 0.000170392 1
0.616025 0.000178041 1
0.616301 0.000185916 2
0.616576 0.000193981 2
0.616852 0.00020221 2
0.617128 0.000210565 1
0.617403 0.000218998 1
0.617679 0.000227485 1
0.617954 0.000236026 1
0.61823 0.000244634 4
0.618506 0.00025333 2
0.618781 0.000262126 2
0.619057 0.000271043 1
0.619332 0.000280071 2
0.619608 0.000289181 1
0.619884 0.000298298 2
0.620159 0.000307415 2
0.620435 0.000316554 2
0.620711 0.000325728 2
0.620986 0.000334929 2
0.621262 0.000344134 1
0.621537 0.000353304 1
0.621813 0.000362434 1
0.622089 0.00037149 1
0.622364 0.000380448 1
0.62264 0.000389285 1
0.622916 0.00039521 4
0.623191 0.000400609 1
0.623467 0.000405499 3
0.623742 0.000409921 2
0.624018 0.000413954 4
0.624294 0.000417948 3
0.624569 0.000421852 3
0.624845 0.000425622 4
0.625121 0.00042918 5
0.625396 0.000432552 2
0.625672 0.000435758 3
0.625947 0.000438795 2
0.626223 0.000441676 3
0.626499 0.00044442 1
0.626774 0.000447024 3
0.62705 0.000449454 3
0.627325 0.000451672 2
0.627601 0.000453633 2
0.627877 0.000455297 2
0.628152 0.000456631 2
0.628428 0.000457605 1
0.628704 0.00045821 4
0.628979 0.000458257 1
0.629255 0.000457928 4
0.62953 0.000457242 3
0.629806 0.00045621 1
0.630082 0.000454961 3
0.630357 0.00045352 2
0.630633 0.000451888 1
0.630909 0.000450039 4
0.631184 0.000447929 5
0.63146 0.000445509 3
0.631735 0.000442743 2
0.632011 0.000439612 2
0.632287 0.000436109 1
0.632562 0.00043224 2
0.632838 0.000428035 2
0.633114 0.000423516 2
0.633389 0.000418716 2
0.633665 0.00041367 2
0.63394 0.000408409 2
0.634216 0.000402952 2
0.634492 0.000397308 2
0.634767 0.000391473 4
0.635043 0.000385433 3
0.635318 0.000379172 2
0.635594 0.000372623 1
0.63587 0.000365655 3
0.636145 0.000358283 4
0.636421 0.000350541 3
0.636697 0.000342193 4
0.636972 0.000333863 2
0.637248 0.000325582 2
0.637523 0.000317388 2
0.637799 0.000309292 2
0.638075 0.000301277 2
0.63835 0.00029331 2
0.638626 0.000285352 2
0.638902 0.00027737 2
0.639177 0.000269333 2
0.639453 0.00026122 2
0.639728 0.000253029 1
0.640004 0.000244778 1
0.64028 0.00023651 1
0.640555 0.00022831 1
0.640831 0.000220241 1
0.641107 0.000212329 1
0.641382 0.000204597 1
0.641658 0.000197076 1
0.641933 0.00018978 3
0.642209 0.000182702 1
0.642485 0.000175803 2
0.64276 0.000169052 1
0.643036 0.000162408 2
0.643312 0.000155856 1
0.643587 0.000149384 2
0.643863 0.00014302 1
0.644138 0.000136796 2
0.644414 0.000130779 1
0.64469 0.000125016 1
0.644965 0.000119548 1
0.645241 0.000114404 2
0.645516 0.000109598 1
0.645792 0.000105109 1
0.646068 0.000100933 1
0.646343 9.70574e-05 1
0.646619 9.34587e-05 2
0.646895 9.01233e-05 2
0.64717 8.70589e-05 2
0.647446 8.4281e-05 2
0.647721 8.18172e-05 2
0.647997 7.96767e-05 2
0.648273 7.7881e-05 2
0.648548 7.64458e-05 2
0.648824 7.53873e-05 2
0.6491 7.47143e-05 2
0.649375 7.44317e-05 1
0.649651 7.45479e-05 1
0.649926 7.50644e-05 1
0.650202 7.59746e-05 1
0.650478 7.72676e-05 1
0.650753 7.89292e-05 1
0.651029 8.09429e-05 2
0.651305 8.32908e-05 2
0.65158 8.59498e-05 2
0.651856 8.89109e-05 2
0.652131 9.21631e-05 2
0.652407 9.56952e-05 1
0.652683 9.94967e-05 1
0.652958 0.000103558 1
0.653234 0.000107863 1
0.653509 0.000112403 1
0.653785 0.000117159 1
0.654061 0.000122125 1
0.654336 0.000127287 1
0.654612 0.000132646 1
0.654888 0.000138213 1
0.655163 0.000144009 1
0.655439 0.000150083 2
0.655714 0.000156452 2
0.65599 0.000163128 1
0.656266 0.000170097 1
0.656541 0.000177314 2
0.656817 0.00018476 2
0.657093 0.000192417 2
0.657368 0.000200252 1
0.657644 0.000208211 1
0.657919 0.000216259 1
0.658195 0.000224376 1
0.658471 0.000232562 1
0.658746 0.00024082 1
0.659022 0.000249172 1
0.659298 0.000257618 1
0.659573 0.00026614 1
0.659849 0.000274712 4
0.660124 0.000283308 2
0.6604 0.000291932 2
0.660676 0.000300633 2
0.660951 0.000309415 2
0.661227 0.000318262 2
0.661502 0.000327148 2
0.661778 0.00033605 1
0.662054 0.000344936 1
0.662329 0.000353771 1
0.662605 0.000362507 1
0.662881 0.000371127 1
0.663156 0.000379622 1
0.663432 0.000387967 4
0.663707 0.000393644 4
0.663983 0.000398827 3
0.664259 0.000403526 1
0.664534 0.000407774 4
0.66481 0.000411725 3
0.665086 0.000415593 1
0.665361 0.000419343 3
0.665637 0.000422911 3
0.665912 0.000426238 4
0.666188 0.000429374 2
0.666464 0.000432362 1
0.666739 0.000435195 1
0.667015 0.000437876 3
0.667291 0.000440407 2
0.667566 0.000442768 3
0.667842 0.000444927 2
0.668117 0.000446837 2
0.668393 0.000448464 2
0.668669 0.000449777 2
0.668944 0.00045076 2
0.66922 0.000451402 1
0.669495 0.00045164 4
0.669771 0.000451494 4
0.670047 0.00045096 3
0.670322 0.000450102 1
0.670598 0.000449021 3
0.670874 0.000447766 2
0.671149 0.000446343 1
0.671425 0.000444738 2
0.6717 0.000442905 3
0.671976 0.000440795 1
0.672252 0.000438357 1
0.672527 0.000435563 1
0.672803 0.000432402 1
0.673079 0.000428872 1
0.673354 0.000424992 1
0.67363 0.000420787 1
0.673905 0.000416287 1
0.674181 0.000411526 1
0.674457 0.000406536 1
0.674732 0.00040134 2
0.675008 0.00039595 2
0.675284 0.00039037 2
0.675559 0.000384596 4
0.675835 0.00037862 1
0.67611 0.000372433 1
0.676386 0.000366011 3
0.676662 0.000359153 4
0.676937 0.000351875 3
0.677213 0.000344219 3
0.677488 0.000335866 4
0.677764 0.000327592 2
0.67804 0.000319411 2
0.678315 0.000311334 2
0.678591 0.000303362 2
0.678867 0.000295476 2
0.679142 0.000287642 2
0.679418 0.000279811 2
0.679693 0.000271937 2
0.679969 0.000263984 2
0.680245 0.000255938 2
0.68052 0.000247816 1
0.680796 0.000239657 1
0.681072 0.000231528 1
0.681347 0.00022352 1
0.681623 0.000215691 1
0.681898 0.000208054 1
0.682174 0.000200615 3
0.68245 0.00019339 1
0.682725 0.000186367 2
0.683001 0.000179537 1
0.683277 0.000172854 2
0.683552 0.000166289 1
0.683828 0.000159805 2
0.684103 0.000153386 1
0.684379 0.00014703 2
0.684655 0.000140768 1
0.68493 0.000134654 2
0.685206 0.000128744 1
0.685482 0.000123105 1
0.685757 0.000117775 1
0.686033 0.000112784 1
0.686308 0.000108141 1
0.686584 0.000103823 1
0.68686 9.98014e-05 2
0.687135 9.60524e-05 2
0.687411 9.2546e-05 2
0.687686 8.92996e-05 2
0.687962 8.6327e-05 2
0.688238 8.36377e-05 2
0.688513 8.12448e-05 2
0.688789 7.91725e-05 2
0.689065 7.74472e-05 2
0.68934 7.60918e-05 1
0.689616 7.51196e-05 1
0.689891 7.45338e-05 1
0.690167 7.4337e-05 1
0.690443 7.45185e-05 1
0.690718 7.50771e-05 1
0.690994 7.60012e-05 1
0.69127 7.72844e-05 1
0.691545 7.89215e-05 1
0.691821 8.0909e-05 1
0.692096 8.32423e-05 2
0.692372 8.59131e-05 2
0.692648 8.89131e-05 2
0.692923 9.22275e-05 2
0.693199 9.58379e-05 1
0.693475 9.97206e-05 1
0.69375 0.000103851 1
0.694026 0.000108208 1
0.694301 0.000112777 1
0.694577 0.000117551 1
0.694853 0.000122522 1
0.695128 0.000127697 1
0.695404 0.00013309 1
0.695679 0.00013875 2
0.695955 0.000144738 1
0.696231 0.000151062 2
0.696506 0.000157654 1
0.696782 0.000164476 2
0.697058 0.000171532 1
0.697333 0.000178819 2
0.697609 0.000186336 2
0.697884 0.000194059 1
0.69816 0.000201955 1
0.698436 0.000209998 1
0.698711 0.000218163 1
0.698987 0.000226428 4
0.699263 0.000234772 2
0.699538 0.000243183 2
0.699814 0.000251663 1
0.700089 0.000260204 1
0.700365 0.000268785 1
0.700641 0.000277398 2
0.700916 0.000286011 2
0.701192 0.000294666 2
0.701468 0.00030341 2
0.701743 0.000312246 1
0.702019 0.000321161 1
0.702294 0.000330129 1
0.70257 0.00033909 1
0.702846 0.000348017 1
0.703121 0.000356863 1
0.703397 0.000365601 1
0.703672 0.00037421 1
0.703948 0.000382666 1
0.704224 0.000387843 4
0.704499 0.000392568 3
0.704775 0.000396839 1
0.705051 0.000400705 4
0.705326 0.000404382 4
0.705602 0.000408034 3
0.705877 0.000411607 3
0.706153 0.000415027 2
0.706429 0.000418239 4
0.706704 0.000421285 2
0.70698 0.000424202 1
0.707256 0.000426978 1
0.707531 0.000429619 1
0.707807 0.000432131 3
0.708082 0.00043451 3
0.708358 0.000436725 1
0.708634 0.00043873 2
0.708909 0.000440483 2
0.709185 0.000441948 2
0.709461 0.000443092 2
0.709736 0.000443898 1
0.710012 0.000444266 4
0.710287 0.000444252 1
0.710563 0.000443808 4
0.710839 0.000443007 3
0.711114 0.000441961 1
0.71139 0.000440726 2
0.711665 0.00043932 2
0.711941 0.000437734 1
0.712217 0.000435936 4
0.712492 0.000433881 5
0.712768 0.000431523 3
0.713044 0.000428828 2
0.713319 0.000425784 2
0.713595 0.000422384 2
0.71387 0.000418645 3
0.714146 0.00041459 3
0.714422 0.000410246 3
0.714697 0.000405642 2
0.714973 0.00040081 2
0.715249 0.000395776 2
0.715524 0.000390556 2
0.7158 0.000385153 2
0.716075 0.000379561 4
0.716351 0.000373767 3
0.716627 0.000367757 2
0.716902 0.000361525 2
0.717178 0.000354915 3
0.717454 0.000347913 4
0.717729 0.000340558 3
0.718005 0.000332459 4
0.71828 0.000324414 2
0.718556 0.000316415 2
0.718832 0.000308516 2
0.719107 0.000300734 2
0.719383 0.000293038 2
0.719658 0.000285386 2
0.719934 0.000277736 2
0.72021 0.000270055 2
0.720485 0.000262322 2
0.720761 0.000254523 2
0.721037 0.000246659 2
0.721312 0.000238749 1
0.721588 0.000230828 1
0.721863 0.000222982 1
0.722139 0.000215281 1
0.722415 0.000207748 1
0.72269 0.000200402 1
0.722966 0.000193265 1
0.723242 0.000186347 1
0.723517 0.000179635 1
0.723793 0.000173095 3
0.724068 0.000166693 1
0.724344 0.000160391 2
0.72462 0.000154173 1
0.724895 0.000148033 2
0.725171 0.000141996 1
0.725447 0.000136097 2
0.725722 0.000130388 1
0.725998 0.00012493 2
0.726273 0.000119766 1
0.726549 0.000114919 1
0.726825 0.000110401 1
0.7271 0.000106192 1
0.727376 0.000102273 1
0.727652 9.86181e-05 1
0.727927 9.51928e-05 1
0.728203 9.20087e-05 2
0.728478 8.90849e-05 2
0.728754 8.64326e-05 2
0.72903 8.40741e-05 2
0.729305 8.20428e-05 2
0.729581 8.03712e-05 2
0.729856 7.90828e-05 1
0.730132 7.81824e-05 1
0.730408 7.76571e-05 1
0.730683 7.75025e-05 1
0.730959 7.77046e-05 1
0.731235 7.82495e-05 1
0.73151 7.91291e-05 1
0.731786 8.03426e-05 1
0.732061 8.18876e-05 1
0.732337 8.3768e-05 1
0.732613 8.59791e-05 2
0.732888 8.85186e-05 2
0.733164 9.13789e-05 2
0.73344 9.45446e-05 2
0.733715 9.79964e-05 1
0.733991 0.000101715 1
0.734266 0.00010567 1
0.734542 0.000109842 1
0.734818 0.000114215 1
0.735093 0.000118779 1
0.735369 0.00012353 1
0.735645 0.000128469 1
0.73592 0.000133611 1
0.736196 0.000139019 2
0.736471 0.000144711 1
0.736747 0.000150675 1
0.737023 0.000156872 2
0.737298 0.000163304 1
0.737574 0.000169972 2
0.737849 0.000176892 2
0.738125 0.000184045 1
0.738401 0.000191401 1
0.738676 0.000198931 1
0.738952 0.000206614 1
0.739228 0.000214423 1
0.739503 0.000222335 2
0.739779 0.000230323 2
0.740054 0.000238386 1
0.74033 0.000246508 1
0.740606 0.000254668 4
0.740881 0.000262851 2
0.741157 0.00027104 2
0.741433 0.000279261 2
0.741708 0.000287582 2
0.741984 0.000296018 2
0.742259 0.000304555 2
0.742535 0.000313162 2
0.742811 0.000321816 2
0.743086 0.000330479 2
0.743362 0.000339122 2
0.743638 0.000347679 2
0.743913 0.000356125 2
0.744189 0.000364445 1
0.744464 0.000372631 2
0.74474 0.000378163 4
0.745016 0.000383236 3
0.745291 0.000387845 4
0.745567 0.00039203 3
0.745842 0.000395877 4
0.746118 0.000399674 3
0.746394 0.000403359 3
0.746669 0.000406883 2
0.746945 0.000410188 4
0.747221 0.000413317 2
0.747496 0.000416311 1
0.747772 0.000419163 2
0.748047 0.000421883 3
0.748323 0.000424477 3
0.748599 0.000426932 3
0.748874 0.000429217 1
0.74915 0.000431288 2
0.749426 0.000433108 2
0.749701 0.000434647 2
0.749977 0.000435882 2
0.750252 0.000436795 1
0.750528 0.000437375 2
0.750804 0.000437619 4
0.751079 0.000437399 4
0.751355 0.000436808 3
0.751631 0.000435989 1
0.751906 0.000434993 3
0.752182 0.000433831 1
0.752457 0.000432504 2
0.752733 0.000430978 4
0.753009 0.000429214 5
0.753284 0.000427161 2
0.75356 0.000424781 2
0.753835 0.000422053 2
0.754111 0.000418969 2
0.754387 0.000415547 3
0.754662 0.000411806 3
0.754938 0.000407771 3
0.755214 0.00040347 3
0.755489 0.000398929 2
0.755765 0.000394174 2
0.75604 0.00038922 2
0.756316 0.000384076 2
0.756592 0.000378743 2
0.756867 0.000373212 4
0.757143 0.000367475 3
0.757419 0.000361525 2
0.757694 0.000355366 2
0.75797 0.000348802 3
0.758245 0.000341835 4
0.758521 0.000334504 3
0.758797 0.000326424 4
0.759072 0.000318444 2
0.759348 0.000310535 2
0.759624 0.000302735 2
0.759899 0.000295061 2
0.760175 0.00028747 2
0.76045 0.000279912 2
0.760726 0.000272344 2
0.761002 0.000264735 2
0.761277 0.000257068 2
0.761553 0.000249342 2
0.761828 0.00024157 1
0.762104 0.000233788 1
0.76238 0.000226052 1
0.762655 0.000218421 1
0.762931 0.000210974 1
0.763207 0.000203741 1
0.763482 0.00019671 1
0.763758 0.000189866 3
0.764033 0.000183204 1
0.764309 0.000176701 3
0.764585 0.000170342 1
0.76486 0.000164085 2
0.765136 0.000157915 1
0.765412 0.000151817 2
0.765687 0.000145804 1
0.765963 0.000139895 2
0.766238 0.000134134 1
0.766514 0.000128582 2
0.76679 0.00012329 1
0.767065 0.000118302 1
0.767341 0.00011364 1
0.767617 0.000109302 1
0.767892 0.000105276 1
0.768168 0.000101521 1
0.768443 9.80111e-05 1
0.768719 9.47298e-05 1
0.768995 9.1665e-05 2
0.76927 8.88322e-05 2
0.769546 8.62455e-05 2
0.769822 8.39641e-05 2
0.770097 8.20282e-05 2
0.770373 8.04579e-05 2
0.770648 7.92647e-05 2
0.770924 7.84609e-05 1
0.7712 7.80418e-05 1
0.771475 7.80021e-05 1
0.771751 7.83195e-05 1
0.772026 7.89838e-05 1
0.772302 7.9974e-05 1
0.772578 8.12821e-05 1
0.772853 8.2905e-05 1
0.773129 8.48462e-05 1
0.773405 8.71079e-05 1
0.77368 8.96952e-05 1
0.773956 9.26086e-05 1
0.774231 9.58392e-05 1
0.774507 9.93717e-05 1
0.774783 0.000103179 1
0.775058 0.000107237 1
0.775334 0.000111515 1
0.77561 0.000116001 1
0.775885 0.000120695 2
0.776161 0.000125609 1
0.776436 0.000130756 1
0.776712 0.000136116 1
0.776988 0.000141654 2
0.777263 0.00014738 1
0.777539 0.000153313 1
0.777815 0.000159502 2
0.77809 0.000165982 2
0.778366 0.000172766 1
0.778641 0.000179846 2
0.778917 0.000187199 1
0.779193 0.000194786 1
0.779468 0.000202555 3
0.779744 0.000210452 2
0.780019 0.000218423 1
0.780295 0.000226423 1
0.780571 0.00023443 1
0.780846 0.000242449 1
0.781122 0.0002505 1
0.781398 0.000258596 1
0.781673 0.00026675 1
0.781949 0.000274943 1
0.782224 0.000283213 1
0.7825 0.000291603 1
0.782776 0.000300114 1
0.783051 0.000308722 2
0.783327 0.000317386 2
0.783603 0.000326049 2
0.783878 0.000334688 2
0.784154 0.000343258 2
0.784429 0.000351733 1
0.784705 0.000360104 1
0.784981 0.000368345 1
0.785256 0.000373533 4
0.785532 0.000378265 1
0.785808 0.000382538 3
0.786083 0.000386405 4
0.786359 0.000389907 5
0.786634 0.000393417 3
0.78691 0.000396884 3
0.787186 0.000400251 3
0.787461 0.000403429 4
0.787737 0.000406449 2
0.788012 0.000409342 1
0.788288 0.000412099 2
0.788564 0.00041474 3
0.788839 0.00041728 1
0.789115 0.000419708 3
0.789391 0.000421992 3
0.789666 0.00042409 3
0.789942 0.00042596 3
0.790217 0.000427569 3
0.790493 0.00042889 3
0.790769 0.000429905 3
0.791044 0.000430593 2
0.79132 0.000430953 4
0.791596 0.000430812 5
0.791871 0.000430347 3
0.792147 0.000429584 1
0.792422 0.000428554 3
0.792698 0.000427354 3
0.792974 0.000426005 1
0.793249 0.000424487 5
0.793525 0.00042276 3
0.793801 0.000420774 5
0.794076 0.000418478 2
0.794352 0.000415844 2
0.794627 0.000412858 2
0.794903 0.000409536 2
0.795179 0.000405902 3
0.795454 0.000401982 3
0.79573 0.000397805 2
0.796005 0.000393398 2
0.796281 0.000388784 2
0.796557 0.000383981 2
0.796832 0.000378997 2
0.797108 0.000373829 2
0.797384 0.000368469 2
0.797659 0.000362906 4
0.797935 0.000357131 3
0.79821 0.00035114 3
0.798486 0.000344869 1
0.798762 0.000338225 4
0.799037 0.000331235 3
0.799313 0.000323946 1
0.799589 0.000316062 4
0.799864 0.000308273 2
0.80014 0.000300553 2
0.800415 0.000292948 1
0.800691 0.000285454 1
0.800967 0.000278027 2
0.801242 0.00027061 2
0.801518 0.000263164 2
0.801794 0.000255666 2
0.802069 0.000248113 2
0.802345 0.000240513 2
0.80262 0.000232888 1
0.802896 0.000225279 1
0.803172 0.00021774 1
0.803447 0.000210355 1
0.803723 0.000203176 1
0.803998 0.000196199 1
0.804274 0.000189415 1
0.80455 0.00018282 1
0.804825 0.000176408 1
0.805101 0.000170157 1
0.805377 0.000164038 3
0.805652 0.000158027 1
0.805928 0.000152105 2
0.806203 0.000146279 1
0.806479 0.00014056 2
0.806755 0.000134986 1
0.80703 0.000129591 2
0.807306 0.000124425 1
0.807582 0.000119532 1
0.807857 0.000114936 1
0.808133 0.000110652 1
0.808408 0.000106673 1
0.808684 0.000102979 1
0.80896 9.95443e-05 1
0.809235 9.63369e-05 2
0.809511 9.33539e-05 1
0.809787 9.05966e-05 1
0.810062 8.80793e-05 2
0.810338 8.5837e-05 2
0.810613 8.38915e-05 2
0.810889 8.22931e-05 2
0.811165 8.10718e-05 2
0.81144 8.02322e-05 2
0.811716 7.97686e-05 1
0.811991 7.96783e-05 1
0.812267 7.99502e-05 1
0.812543 8.05677e-05 1
0.812818 8.15088e-05 1
0.813094 8.27504e-05 1
0.81337 8.42787e-05 2
0.813645 8.60883e-05 2
0.813921 8.81897e-05 2
0.814196 9.0591e-05 2
0.814472 9.32995e-05 1
0.814748 9.63147e-05 1
0.815023 9.96299e-05 1
0.815299 0.000103227 1
0.815575 0.000107085 1
0.81585 0.000111175 1
0.816126 0.00011548 1
0.816401 0.00012 2
0.816677 0.00012475 1
0.816953 0.000129728 2
0.817228 0.000134865 1
0.817504 0.000140119 2
0.81778 0.000145515 1
0.818055 0.000151103 2
0.818331 0.000156952 2
0.818606 0.000163089 1
0.818882 0.000169529 1
0.819158 0.000176264 1
0.819433 0.000183279 1
0.819709 0.000190537 1
0.819985 0.00019799 1
0.82026 0.000205577 1
0.820536 0.00021324 1
0.820811 0.000220928 1
0.821087 0.000228627 1
0.821363 0.000236336 3
0.821638 0.000244063 2
0.821914 0.00025182 1
0.822189 0.000259616 3
0.822465 0.00026748 2
0.822741 0.000275477 1
0.823016 0.000283621 2
0.823292 0.000291887 1
0.823568 0.000300237 2
0.823843 0.000308644 2
0.824119 0.000317058 2
0.824394 0.000325457 2
0.82467 0.000333781 2
0.824946 0.00034201 1
0.825221 0.000350147 1
0.825497 0.0003582 1
0.825773 0.000363582 4
0.826048 0.000368517 3
0.826324 0.00037303 1
0.826599 0.000377154 2
0.826875 0.000380915 5
0.827151 0.000384629 3
0.827426 0.000388265 3
0.827702 0.000391775 2
0.827978 0.000395115 4
0.828253 0.000398242 2
0.828529 0.000401217 2
0.828804 0.00040408 3
0.82908 0.000406826 3
0.829356 0.000409454 2
0.829631 0.00041196 1
0.829907 0.000414334 2
0.830182 0.000416539 1
0.830458 0.000418537 2
0.830734 0.000420288 2
0.831009 0.000421763 2
0.831285 0.000422938 2
0.831561 0.000423793 1
0.831836 0.000424323 4
0.832112 0.000424458 1
0.832387 0.00042425 4
0.832663 0.000423709 1
0.832939 0.000422897 3
0.833214 0.000421913 3
0.83349 0.000420783 1
0.833766 0.000419494 2
0.834041 0.000418005 4
0.834317 0.000416274 5
0.834592 0.000414253 2
0.834868 0.000411911 2
0.835144 0.000409233 2
0.835419 0.000406219 2
0.835695 0.00040289 2
0.835971 0.00039927 2
0.836246 0.000395384 2
0.836522 0.00039126 2
0.836797 0.000386921 2
0.837073 0.000382388 2
0.837349 0.000377668 2
0.837624 0.000372764 2
0.8379 0.000367669 2
0.838175 0.000362371 4
0.838451 0.000356862 3
0.838727 0.000351135 3
0.839002 0.000345196 3
0.839278 0.000338889 3
0.839554 0.000332201 4
0.839829 0.000325189 4
0.840105 0.000317384 4
0.84038 0.000309697 3
0.840656 0.000302086 3
0.840932 0.000294573 3
0.841207 0.000287169 2
0.841483 0.000279849 2
0.841759 0.000272562 2
0.842034 0.000265266 2
0.84231 0.000257933 2
0.842585 0.000250559 2
0.842861 0.000243149 2
0.843137 0.000235722 1
0.843412 0.000228306 1
0.843688 0.000220945 1
0.843964 0.000213693 1
0.844239 0.000206598 1
0.844515 0.000199719 1
0.84479 0.000193065 1
0.845066 0.000186604 1
0.845342 0.000180305 1
0.845617 0.000174144 3
0.845893 0.000168107 1
0.846168 0.000162167 2
0.846444 0.000156307 1
0.84672 0.000150517 2
0.846995 0.00014482 1
0.847271 0.000139239 2
0.847547 0.000133821 1
0.847822 0.000128615 2
0.848098 0.000123662 1
0.848373 0.000118991 1
0.848649 0.00011462 1
0.848925 0.000110545 1
0.8492 0.000106756 1
0.849476 0.000103225 1
0.849752 9.99268e-05 1
0.850027 9.68466e-05 1
0.850303 9.39728e-05 2
0.850578 9.1328e-05 1
0.850854 8.89362e-05 1
0.85113 8.6827e-05 2
0.851405 8.50348e-05 2
0.851681 8.35736e-05 2
0.851957 8.24818e-05 2
0.852232 8.17813e-05 2
0.852508 8.14591e-05 1
0.852783 8.15013e-05 1
0.853059 8.1904e-05 1
0.853335 8.26569e-05 1
0.85361 8.37386e-05 1
0.853886 8.51311e-05 1
0.854161 8.68195e-05 2
0.854437 8.87949e-05 2
0.854713 9.1058e-05 2
0.854988 9.3613e-05 2
0.855264 9.64606e-05 2
0.85554 9.95994e-05 1
0.855815 0.000103033 1
0.856091 0.000106762 1
0.856366 0.000110775 1
0.856642 0.000115018 1
0.856918 0.00011945 2
0.857193 0.00012408 1
0.857469 0.000128856 1
0.857745 0.000133737 1
0.85802 0.000138744 2
0.858296 0.000143942 2
0.858571 0.000149402 2
0.858847 0.000155169 1
0.859123 0.000161261 1
0.859398 0.00016768 1
0.859674 0.000174407 1
0.85995 0.000181412 1
0.860225 0.000188639 1
0.860501 0.000196027 3
0.860776 0.00020351 2
0.861052 0.000211041 1
0.861328 0.000218588 1
0.861603 0.000226154 1
0.861879 0.00023375 1
0.862155 0.000241388 1
0.86243 0.000249079 1
0.862706 0.000256819 1
0.862981 0.000264635 1
0.863257 0.000272584 1
0.863533 0.000280668 1
0.863808 0.00028887 2
0.864084 0.000297145 2
0.864359 0.000305466 2
0.864635 0.000313794 2
0.864911 0.000322108 2
0.865186 0.000330366 2
0.865462 0.00033855 1
0.865738 0.000346669 1
0.866013 0.000354701 1
0.866289 0.0003599 4
0.866564 0.000364652 1
0.86684 0.000368949 3
0.867116 0.000372842 3
0.867391 0.000376369 4
0.867667 0.000379755 3
0.867943 0.00038312 3
0.868218 0.000386403 3
0.868494 0.000389543 2
0.868769 0.000392498 4
0.869045 0.000395325 2
0.869321 0.000398064 1
0.869596 0.0004007 1
0.869872 0.000403238 1
0.870148 0.00040568 3
0.870423 0.00040801 1
0.870699 0.000410192 2
0.870974 0.000412182 1
0.87125 0.00041394 2
0.871526 0.000415437 2
0.871801 0.000416649 2
0.872077 0.000417557 1
0.872352 0.000418159 4
0.872628 0.000418283 1
0.872904 0.000418094 4
0.873179 0.000417613 3
0.873455 0.000416865 1
0.873731 0.000415935 3
0.874006 0.000414843 2
0.874282 0.000413592 1
0.874557 0.000412152 4
0.874833 0.000410482 2
0.875109 0.000408536 5
0.875384 0.000406276 2
0.87566 0.000403679 2
0.875936 0.000400756 2
0.876211 0.000397525 2
0.876487 0.000394011 3
0.876762 0.00039024 3
0.877038 0.000386243 2
0.877314 0.000382039 2
0.877589 0.000377649 2
0.877865 0.000373078 2
0.878141 0.000368329 2
0.878416 0.000363392 2
0.878692 0.000358256 2
0.878967 0.000352905 4
0.879243 0.000347336 3
0.879519 0.000341552 3
0.879794 0.000335572 3
0.88007 0.00032924 4
0.880345 0.000322585 5
0.880621 0.000315654 3
0.880897 0.000308034 4
0.881172 0.000300536 2
0.881448 0.000293107 2
0.881724 0.000285772 2
0.881999 0.000278527 2
0.882275 0.000271335 2
0.88255 0.000264148 2
0.882826 0.000256934 2
0.883102 0.000249679 2
0.883377 0.000242381 2
0.883653 0.000235051 2
0.883929 0.000227713 1
0.884204 0.000220411 1
0.88448 0.000213201 2
0.884755 0.000206139 2
0.885031 0.000199288 2
0.885307 0.000192668 2
0.885582 0.000186248 2
0.885858 0.000179999 1
0.886134 0.000173901 1
0.886409 0.000167935 2
0.886685 0.000162089 3
0.88696 0.00015634 1
0.887236 0.000150675 2
0.887512 0.000145107 1
0.887787 0.000139651 2
0.888063 0.000134348 1
0.888338 0.000129233 2
0.888614 0.000124343 1
0.88889 0.000119718 1
0.889165 0.000115382 1
0.889441 0.000111331 1
0.889717 0.000107559 1
0.889992 0.00010405 1
0.890268 0.000100785 1
0.890543 9.77446e-05 1
0.890819 9.49237e-05 2
0.891095 9.23302e-05 2
0.89137 8.99774e-05 2
0.891646 8.7897e-05 1
0.891922 8.61157e-05 1
0.892197 8.46531e-05 2
0.892473 8.35279e-05 2
0.892748 8.27518e-05 2
0.893024 8.23225e-05 2
0.8933 8.22353e-05 1
0.893575 8.24953e-05 1
0.893851 8.30994e-05 1
0.894127 8.40319e-05 1
0.894402 8.52743e-05 1
0.894678 8.6819e-05 1
0.894953 8.86616e-05 1
0.895229 9.08039e-05 1
0.895505 9.32419e-05 2
0.89578 9.59637e-05 2
0.896056 9.89597e-05 1
0.896331 0.000102231 1
0.896607 0.000105787 1
0.896883 0.000109626 1
0.897158 0.000113689 1
0.897434 0.000117893 1
0.89771 0.0001222 1
0.897985 0.000126624 1
0.898261 0.000131213 1
0.898536 0.000136007 2
0.898812 0.000141042 2
0.899088 0.000146337 1
0.899363 0.000151917 1
0.899639 0.000157795 1
0.899915 0.000163966 1
0.90019 0.000170408 1
0.900466 0.000177084 1
0.900741 0.000183949 1
0.901017 0.00019096 1
0.901293 0.000198079 1
0.901568 0.000205285 3
0.901844 0.000212563 2
0.90212 0.00021992 1
0.902395 0.000227355 1
0.902671 0.00023486 1
0.902946 0.000242419 1
0.903222 0.000250006 1
0.903498 0.000257635 1
0.903773 0.000265364 1
0.904049 0.000273201 2
0.904325 0.000281127 2
0.9046 0.000289117 2
0.904876 0.000297157 2
0.905151 0.000305216 2
0.905427 0.000313283 2
0.905703 0.000321321 2
0.905978 0.000329317 1
0.906254 0.000337275 1
0.906529 0.000345198 1
0.906805 0.000350442 4
0.907081 0.000355287 3
0.907356 0.000359746 1
0.907632 0.000363832 2
0.907908 0.000367577 4
0.908183 0.000371213 4
0.908459 0.000374792 3
0.908734 0.000378267 3
0.90901 0.000381593 2
0.909286 0.000384717 4
0.909561 0.000387687 2
0.909837 0.000390542 1
0.910113 0.000393277 1
0.910388 0.000395907 1
0.910664 0.00039844 1
0.910939 0.000400874 2
0.911215 0.000403172 1
0.911491 0.000405296 2
0.911766 0.000407202 2
0.912042 0.000408857 3
0.912318 0.000410233 3
0.912593 0.000411308 3
0.912869 0.00041207 1
0.913144 0.00041252 4
0.91342 0.000412666 4
0.913696 0.000412405 3
0.913971 0.00041182 1
0.914247 0.000411064 3
0.914522 0.000410164 1
0.914798 0.000409116 2
0.915074 0.00040789 1
0.915349 0.000406451 4
0.915625 0.000404756 5
0.915901 0.000402762 3
0.916176 0.000400442 2
0.916452 0.000397787 2
0.916727 0.000394817 2
0.917003 0.000391559 2
0.917279 0.00038804 2
0.917554 0.000384291 2
0.91783 0.000380333 2
0.918106 0.000376183 2
0.918381 0.000371852 2
0.918657 0.000367344 2
0.918932 0.000362656 2
0.919208 0.000357773 2
0.919484 0.000352683 4
0.919759 0.00034738 3
0.920035 0.000341863 2
0.920311 0.000336141 2
0.920586 0.000330115 1
0.920862 0.000323735 3
0.921137 0.000317052 4
0.921413 0.000310116 3
0.921689 0.000302566 4
0.921964 0.000295137 2
0.92224 0.000287774 2
0.922515 0.0002805 2
0.922791 0.000273316 2
0.923067 0.000266184 2
0.923342 0.000259056 2
0.923618 0.000251909 2
0.923894 0.000244739 2
0.924169 0.00023756 2
0.924445 0.000230392 1
0.92472 0.000223262 1
0.924996 0.000216208 1
0.925272 0.000209273 2
0.925547 0.000202499 2
0.925823 0.00019592 2
0.926099 0.000189567 1
0.926374 0.000183423 1
0.92665 0.000177437 1
0.926925 0.000171568 1
0.927201 0.000165795 3
0.927477 0.000160115 1
0.927752 0.000154516 2
0.928028 0.000149006 1
0.928304 0.0001436 2
0.928579 0.000138334 1
0.928855 0.000133242 2
0.92913 0.000128362 1
0.929406 0.00012373 1
0.929682 0.000119364 1
0.929957 0.000115275 1
0.930233 0.000111457 1
0.930508 0.000107901 1
0.930784 0.00010458 1
0.93106 0.000101477 1
0.931335 9.85902e-05 1
0.931611 9.59197e-05 2
0.931887 9.34823e-05 2
0.932162 9.13031e-05 2
0.932438 8.94151e-05 2
0.932713 8.7847e-05 2
0.932989 8.6622e-05 1
0.933265 8.57337e-05 2
0.93354 8.51959e-05 1
0.933816 8.4992e-05 1
0.934092 8.50966e-05 1
0.934367 8.54981e-05 2
0.934643 8.61982e-05 1
0.934918 8.71985e-05 1
0.935194 8.8522e-05 1
0.93547 9.01838e-05 1
0.935745 9.2194e-05 2
0.936021 9.45541e-05 1
0.936297 9.72709e-05 1
0.936572 0.000100343 2
0.936848 0.000103731 2
0.937123 0.000107322 2
0.937399 0.000111019 2
0.937675 0.000114789 1
0.93795 0.000118658 1
0.938226 0.000122686 2
0.938501 0.000126914 2
0.938777 0.000131365 2
0.939053 0.000136064 2
0.939328 0.000141029 1
0.939604 0.000146284 1
0.93988 0.000151842 1
0.940155 0.000157687 1
0.940431 0.00016379 1
0.940706 0.00017011 1
0.940982 0.000176613 1
0.941258 0.000183275 1
0.941533 0.000190084 3
0.941809 0.000197031 2
0.942085 0.000204111 3
0.94236 0.000211321 3
0.942636 0.000218646 3
0.942911 0.000226053 2
0.943187 0.000233516 2
0.943463 0.000241021 1
0.943738 0.000248544 1
0.944014 0.000256098 1
0.94429 0.000263722 1
0.944565 0.000271417 1
0.944841 0.000279192 2
0.945116 0.000287032 2
0.945392 0.000294937 2
0.945668 0.000302885 2
0.945943 0.000310862 2
0.946219 0.000318829 2
0.946494 0.000326773 2
0.94677 0.000334683 1
0.947046 0.00034257 1
0.947321 0.000350398 4
0.947597 0.000354885 4
0.947873 0.000358993 3
0.948148 0.000362727 2
0.948424 0.000366108 4
0.948699 0.000369259 3
0.948975 0.000372436 1
0.949251 0.000375592 3
0.949526 0.000378646 2
0.949802 0.000381531 4
0.950078 0.000384267 2
0.950353 0.000386897 1
0.950629 0.00038941 2
0.950904 0.000391823 2
0.95118 0.000394147 1
0.951456 0.000396383 2
0.951731 0.000398503 1
0.952007 0.000400478 3
0.952283 0.00040227 2
0.952558 0.000403853 3
0.952834 0.000405197 3
0.953109 0.000406274 3
0.953385 0.000407071 2
0.953661 0.00040757 4
0.953936 0.00040778 3
0.954212 0.000407536 5
0.954488 0.000406949 3
0.954763 0.000406171 1
0.955039 0.000405258 3
0.955314 0.000404201 2
0.95559 0.000402977 1
0.955866 0.000401552 4
0.956141 0.000399882 2
0.956417 0.000397927 5
0.956692 0.000395656 2
0.956968 0.000393071 2
0.957244 0.000390188 2
0.957519 0.000387032 2
0.957795 0.000383624 2
0.958071 0.000379987 2
0.958346 0.000376141 2
0.958622 0.000372103 2
0.958897 0.000367885 2
0.959173 0.000363493 2
0.959449 0.000358927 2
0.959724 0.000354178 2
0.96 0.000349232 2
0.960276 0.000344076 4
0.960551 0.000338709 3
0.960827 0.000333135 3
0.961102 0.000327378 3
0.961378 0.000321363 4
0.961654 0.000315031 5
0.961929 0.000308423 3
0.962205 0.00030161 3
0.962481 0.000294215 4
0.962756 0.000286932 2
0.963032 0.000279707 1
0.963307 0.000272563 1
0.963583 0.000265489 2
0.963859 0.000258448 2
0.964134 0.000251391 2
0.96441 0.000244307 2
0.964685 0.000237205 2
0.964961 0.000230105 2
0.965237 0.000223028 1
0.965512 0.000216004 1
0.965788 0.000209078 1
0.966064 0.000202294 2
0.966339 0.000195699 2
0.966615 0.000189311 2
0.96689 0.000183141 2
0.967166 0.00017716 1
0.967442 0.000171314 1
0.967717 0.000165575 1
0.967993 0.000159938 1
0.968269 0.000154405 3
0.968544 0.000148979 1
0.96882 0.000143662 2
0.969095 0.000138481 1
0.969371 0.000133459 2
0.969647 0.000128632 1
0.969922 0.00012402 2
0.970198 0.000119653 1
0.970474 0.000115542 1
0.970749 0.000111701 1
0.971025 0.000108119 1
0.9713 0.000104792 1
0.971576 0.000101699 1
0.971852 9.88277e-05 1
0.972127 9.61765e-05 1
0.972403 9.37533e-05 2
0.972678 9.15778e-05 2
0.972954 8.96674e-05 1
0.97323 8.80497e-05 1
0.973505 8.6747e-05 1
0.973781 8.57755e-05 1
0.974057 8.51277e-05 2
0.974332 8.48083e-05 1
0.974608 8.48018e-05 1
0.974883 8.50855e-05 1
0.975159 8.56708e-05 1
0.975435 8.65485e-05 2
0.97571 8.76958e-05 1
0.975986 8.91545e-05 1
0.976262 9.09791e-05 1
0.976537 9.31913e-05 1
0.976813 9.57778e-05 2
0.977088 9.86782e-05 2
0.977364 0.000101824 2
0.97764 0.000105173 2
0.977915 0.000108704 1
0.978191 0.000112395 1
0.978467 0.000116238 1
0.978742 0.000120236 1
0.979018 0.000124401 1
0.979293 0.000128747 1
0.979569 0.000133298 1
0.979845 0.000138066 1
0.98012 0.000143065 1
0.980396 0.000148305 1
0.980671 0.00015379 2
0.980947 0.00015952 2
0.981223 0.000165487 1
0.981498 0.000171686 1
0.981774 0.000178107 3
0.98205 0.00018473 1
0.982325 0.00019153 1
0.982601 0.000198482 2
0.982876 0.00020556 2
0.983152 0.000212734 2
0.983428 0.000219964 2
0.983703 0.000227223 2
0.983979 0.0002345 1
0.984255 0.000241784 1
0.98453 0.000249098 1
0.984806 0.000256493 1
0.985081 0.000263984 1
0.985357 0.000271573 2
0.985633 0.000279247 1
0.985908 0.000287005 2
0.986184 0.00029481 2
0.98646 0.000302645 2
0.986735 0.000310469 2
0.987011 0.000318265 2
0.987286 0.000326022 2
0.987562 0.00033374 1
0.987838 0.000338864 4
0.988113 0.000343587 3
0.988389 0.000347931 1
0.988664 0.000351925 2
0.98894 0.000355607 1
0.989216 0.000359125 4
0.989491 0.000362634 3
0.989767 0.000366094 3
0.990043 0.000369435 2
0.990318 0.000372626 4
0.990594 0.000375642 2
0.990869 0.000378519 1
0.991145 0.000381262 3
0.991421 0.000383883 3
0.991696 0.000386394 3
0.991972 0.000388812 3
0.992248 0.000391125 2
0.992523 0.000393306 2
0.992799 0.000395318 2
0.993074 0.000397124 2
0.99335 0.000398692 2
0.993626 0.000399991 2
0.993901 0.000401 2
0.994177 0.000401707 2
0.994453 0.000402109 4
0.994728 0.00040209 5
0.995004 0.000401744 3
0.995279 0.00040119 1
0.995555 0.000400481 3
0.995831 0.000399621 1
0.996106 0.000398595 2
0.996382 0.000397376 1
0.996658 0.00039593 4
0.996933 0.000394225 5
0.997209 0.000392234 2
0.997484 0.000389938 2
0.99776 0.00038734 2
0.998036 0.000384458 2
0.998311 0.000381312 2
0.998587 0.000377926 2
0.998862 0.000374322 2
0.999138 0.000370519 2
0.999414 0.000366531 2
0.999689 0.00036237 2
0.999965 0.000358037 2
