0 0.00999774
0.0338878 0.00999197
0.0677756 0.00997528
0.101663 0.00994802
0.135551 0.00991039
0.169439 0.00986257
0.203327 0.00980475
0.237215 0.00973712
0.271102 0.00965989
0.30499 0.00957329
0.338878 0.00947748
0.372766 0.00937268
0.406653 0.00925908
0.440541 0.00913688
0.474429 0.00900629
0.508317 0.00886752
0.542205 0.0087208
0.576092 0.00856634
0.60998 0.00840436
0.643868 0.00823509
0.677756 0.00805877
0.711644 0.00787565
0.745531 0.00768598
0.779419 0.00749003
0.813307 0.00728793
0.847195 0.00707996
0.881082 0.00686634
0.91497 0.00664735
0.948858 0.00642321
0.982746 0.00619421
1.01663 0.00596059
1.05052 0.00572264
1.08441 0.00548063
1.1183 0.00523479
1.15218 0.00498538
1.18607 0.00473269
1.21996 0.00447698
1.25385 0.00421855
1.28774 0.00395766
1.32162 0.00369463
1.35551 0.0034298
1.3894 0.00316348
1.42329 0.00289585
1.45717 0.00262714
1.49106 0.00235759
1.52495 0.00208746
1.55884 0.00181701
1.59273 0.0015465
1.62661 0.00127623
1.6605 0.00100646
1.69439 0.000737449
1.72828 0.000469458
1.76216 0.000202741
1.79605 6.23968e-05
1.82994 0.000325772
1.86383 0.000587086
1.89772 0.000846099
1.9316 0.00110257
1.96549 0.00135628
1.99938 0.00160699
2.03327 0.00185449
2.06716 0.00209855
2.10104 0.00233896
2.13493 0.00257552
2.16882 0.00280803
2.20271 0.00303629
2.23659 0.00326013
2.27048 0.00347935
2.30437 0.00369378
2.33826 0.00390326
2.37215 0.0041076
2.40603 0.00430666
2.43992 0.00450027
2.47381 0.00468829
2.5077 0.00487059
2.54158 0.00504702
2.57547 0.00521745
2.60936 0.00538178
2.64325 0.00553987
2.67714 0.00569163
2.71102 0.00583695
2.74491 0.00597574
2.7788 0.00610792
2.81269 0.00623339
2.84657 0.0063521
2.88046 0.00646397
2.91435 0.00656895
2.94824 0.00666697
2.98213 0.00675799
3.01601 0.00684198
3.0499 0.0069189
3.08379 0.00698873
3.11768 0.00705146
3.15156 0.00710706
3.18545 0.00715554
3.21934 0.0071969
3.25323 0.00723114
3.28712 0.00725829
3.321 0.00727836
3.35489 0.0072914
3.38878 0.00729742
3.42267 0.00729646
3.45655 0.00728859
3.49044 0.00727387
3.52433 0.00725235
3.55822 0.00722412
3.59211 0.00718926
3.62599 0.00714783
3.65988 0.00709989
3.69377 0.00704553
3.72766 0.00698488
3.76154 0.00691803
3.79543 0.00684509
3.82932 0.00676619
3.86321 0.00668143
3.8971 0.00659094
3.93098 0.00649484
3.96487 0.00639327
3.99876 0.00628635
4.03265 0.00617423
4.06653 0.00605704
4.10042 0.00593495
4.13431 0.00580811
4.1682 0.00567666
4.20209 0.00554075
4.23597 0.00540054
4.26986 0.0052562
4.30375 0.0051079
4.33764 0.00495581
4.37152 0.00480011
4.40541 0.00464096
4.4393 0.00447855
4.47319 0.00431307
4.50708 0.00414468
4.54096 0.00397358
4.57485 0.00379997
4.60874 0.00362409
4.64263 0.00344608
4.67651 0.00326609
4.7104 0.00308427
4.74429 0.00290082
4.77818 0.00271592
4.81207 0.00252974
4.84595 0.00234249
4.87984 0.00215434
4.91373 0.00196548
4.94762 0.00177611
4.9815 0.00158642
5.01539 0.0013966
5.04928 0.00120682
5.08317 0.00101727
5.11706 0.00082811
5.15094 0.000639536
5.18483 0.000451724
5.21872 0.000264851
5.25261 7.90909e-05
5.28649 0.000105359
5.32038 0.000288362
5.35427 0.000469735
5.38816 0.000649318
5.42205 0.000826952
5.45593 0.00100248
5.48982 0.00117576
5.52371 0.00134663
5.5576 0.00151495
5.59149 0.00168057
5.62537 0.00184336
5.65926 0.00200318
5.69315 0.00215989
5.72704 0.00231337
5.76092 0.00246349
5.79481 0.00261012
5.8287 0.00275317
5.86259 0.00289252
5.89648 0.00302807
5.93036 0.00315972
5.96425 0.00328737
5.99814 0.00341093
6.03203 0.00353031
6.06591 0.00364543
6.0998 0.00375621
6.13369 0.00386257
6.16758 0.00396444
6.20147 0.00406176
6.23535 0.00415447
6.26924 0.00424251
6.30313 0.00432583
6.33702 0.00440439
6.3709 0.00447815
6.40479 0.00454707
6.43868 0.00461112
6.47257 0.00467027
6.50646 0.0047245
6.54034 0.0047738
6.57423 0.00481814
6.60812 0.00485753
6.64201 0.00489196
6.67589 0.00492143
6.70978 0.00494594
6.74367 0.00496552
6.77756 0.00498018
6.81145 0.00498994
6.84533 0.00499482
6.87922 0.00499487
6.91311 0.0049901
6.947 0.00498055
6.98088 0.00496629
7.01477 0.00494734
7.04866 0.00492377
7.08255 0.00489563
7.11644 0.00486298
7.15032 0.00482587
7.18421 0.00478438
7.2181 0.00473858
7.25199 0.00468854
7.28587 0.00463434
7.31976 0.00457607
7.35365 0.00451382
7.38754 0.00444766
7.42143 0.0043777
7.45531 0.00430402
7.4892 0.00422673
7.52309 0.00414593
7.55698 0.00406172
7.59086 0.00397421
7.62475 0.0038835
7.65864 0.00378975
7.69253 0.00369301
7.72642 0.0035934
7.7603 0.00349103
7.79419 0.00338603
7.82808 0.00327851
7.86197 0.0031686
7.89585 0.00305642
7.92974 0.0029421
7.96363 0.00282574
7.99752 0.0027075
8.03141 0.00258748
8.06529 0.00246582
8.09918 0.00234264
8.13307 0.00221807
8.16696 0.00209225
8.20084 0.00196529
8.23473 0.00183734
8.26862 0.00170854
8.30251 0.001579
8.3364 0.00144884
8.37028 0.0013182
8.40417 0.00118721
8.43806 0.001056
8.47195 0.000924693
8.50583 0.000793419
8.53972 0.000662305
8.57361 0.000531477
8.6075 0.000401058
8.64139 0.000271173
8.67527 0.000141941
8.70916 1.34855e-05
8.74305 0.000114062
8.77694 0.000240604
8.81082 0.000366015
8.84471 0.000490185
8.8786 0.000613004
8.91249 0.000734364
8.94638 0.000854159
8.98026 0.000972287
9.01415 0.00108865
9.04804 0.00120314
9.08193 0.00131568
9.11582 0.00142615
9.1497 0.00153448
9.18359 0.00164058
9.21748 0.00174436
9.25137 0.00184573
9.28525 0.00194463
9.31914 0.00204096
9.35303 0.00213467
9.38692 0.00222566
9.42081 0.00231388
9.45469 0.00239926
9.48858 0.00248175
9.52247 0.00256128
9.55636 0.00263781
9.59024 0.00271127
9.62413 0.00278162
9.65802 0.00284881
9.69191 0.00291281
9.7258 0.00297357
9.75968 0.00303107
9.79357 0.00308525
9.82746 0.00313611
9.86135 0.0031836
9.89523 0.00322772
9.92912 0.00326843
9.96301 0.00330574
9.9969 0.00333962
10.0308 0.00337006
10.0647 0.00339707
10.0986 0.00342063
10.1324 0.00344076
10.1663 0.00345746
10.2002 0.00347074
10.2341 0.0034806
10.268 0.00348706
10.3019 0.00349014
10.3358 0.00348987
10.3697 0.00348626
10.4036 0.00347934
10.4374 0.00346914
10.4713 0.00345571
10.5052 0.00343906
10.5391 0.00341925
10.573 0.00339631
10.6069 0.00337029
10.6408 0.00334124
10.6747 0.00330921
10.7085 0.00327424
10.7424 0.0032364
10.7763 0.00319574
10.8102 0.00315231
10.8441 0.00310619
10.878 0.00305743
10.9119 0.00300609
10.9458 0.00295225
10.9796 0.00289598
11.0135 0.00283734
11.0474 0.00277641
11.0813 0.00271326
11.1152 0.00264797
11.1491 0.00258062
11.183 0.00251128
11.2169 0.00244004
11.2507 0.00236697
11.2846 0.00229217
11.3185 0.00221571
11.3524 0.00213768
11.3863 0.00205815
11.4202 0.00197723
11.4541 0.00189501
11.488 0.00181156
11.5218 0.00172697
11.5557 0.00164132
11.5896 0.00155472
11.6235 0.00146725
11.6574 0.00137901
11.6913 0.00129008
11.7252 0.00120056
11.7591 0.00111053
11.793 0.00102009
11.8268 0.00092933
11.8607 0.000838332
11.8946 0.000747189
11.9285 0.000655989
11.9624 0.000564821
11.9963 0.000473772
12.0302 0.000382928
12.0641 0.000292375
12.0979 0.000202199
12.1318 0.000112482
12.1657 2.33089e-05
12.1996 6.51572e-05
12.2335 0.000153008
12.2674 0.000240075
12.3013 0.000326279
12.3352 0.000411544
12.369 0.000495796
12.4029 0.00057896
12.4368 0.000660966
12.4707 0.000741744
12.5046 0.000821225
12.5385 0.000899342
12.5724 0.000976031
12.6063 0.00105123
12.6401 0.00112487
12.674 0.00119691
12.7079 0.00126727
12.7418 0.00133591
12.7757 0.00140278
12.8096 0.00146781
12.8435 0.00153097
12.8774 0.0015922
12.9112 0.00165147
12.9451 0.00170872
12.979 0.00176393
13.0129 0.00181704
13.0468 0.00186802
13.0807 0.00191684
13.1146 0.00196348
13.1485 0.00200789
13.1823 0.00205004
13.2162 0.00208992
13.2501 0.0021275
13.284 0.00216276
13.3179 0.0021957
13.3518 0.00222629
13.3857 0.00225452
13.4196 0.00228038
13.4535 0.00230386
13.4873 0.00232496
13.5212 0.00234368
13.5551 0.00236001
13.589 0.00237395
13.6229 0.00238552
13.6568 0.0023947
13.6907 0.00240153
13.7246 0.00240599
13.7584 0.00240811
13.7923 0.0024079
13.8262 0.00240538
13.8601 0.00240057
13.894 0.00239349
13.9279 0.00238416
13.9618 0.0023726
13.9957 0.00235886
14.0295 0.00234294
14.0634 0.00232489
14.0973 0.00230473
14.1312 0.00228251
14.1651 0.00225825
14.199 0.002232
14.2329 0.00220379
14.2668 0.00217367
14.3006 0.00214167
14.3345 0.00210785
14.3684 0.00207224
14.4023 0.0020349
14.4362 0.00199587
14.4701 0.00195519
14.504 0.00191292
14.5379 0.00186911
14.5717 0.00182381
14.6056 0.00177707
14.6395 0.00172897
14.6734 0.00167954
14.7073 0.00162885
14.7412 0.00157696
14.7751 0.00152392
14.809 0.00146979
14.8429 0.00141464
14.8767 0.00135852
14.9106 0.00130149
14.9445 0.00124362
14.9784 0.00118497
15.0123 0.00112559
15.0462 0.00106555
15.0801 0.00100492
15.114 0.000943752
15.1478 0.000882112
15.1817 0.000820063
15.2156 0.000757667
15.2495 0.000694987
15.2834 0.000632085
15.3173 0.000569022
15.3512 0.000505862
15.3851 0.000442665
15.4189 0.000379492
15.4528 0.000316404
15.4867 0.00025346
15.5206 0.000190719
15.5545 0.000128242
15.5884 6.60856e-05
15.6223 4.30755e-06
15.6562 5.68917e-05
15.69 0.000117746
15.7239 0.000178055
15.7578 0.000237764
15.7917 0.000296822
15.8256 0.000355175
15.8595 0.000412774
15.8934 0.000469569
15.9273 0.00052551
15.9611 0.00058055
15.995 0.000634644
16.0289 0.000687746
16.0628 0.000739811
16.0967 0.000790798
16.1306 0.000840664
16.1645 0.000889371
16.1984 0.000936881
16.2323 0.000983156
16.2661 0.00102816
16.3 0.00107186
16.3339 0.00111423
16.3678 0.00115523
16.4017 0.00119483
16.4356 0.001233
16.4695 0.00126973
16.5034 0.00130498
16.5372 0.00133872
16.5711 0.00137095
16.605 0.00140164
16.6389 0.00143076
16.6728 0.00145831
16.7067 0.00148426
16.7406 0.00150861
16.7745 0.00153134
16.8083 0.00155244
16.8422 0.00157191
16.8761 0.00158973
16.91 0.0016059
16.9439 0.00162042
16.9778 0.00163329
17.0117 0.0016445
17.0456 0.00165405
17.0794 0.00166195
17.1133 0.00166821
17.1472 0.00167282
17.1811 0.0016758
17.215 0.00167716
17.2489 0.0016769
17.2828 0.00167503
17.3167 0.00167158
17.3505 0.00166655
17.3844 0.00165997
17.4183 0.00165184
17.4522 0.00164219
17.4861 0.00163103
17.52 0.0016184
17.5539 0.00160431
17.5878 0.00158878
17.6216 0.00157185
17.6555 0.00155353
17.6894 0.00153386
17.7233 0.00151286
17.7572 0.00149056
17.7911 0.00146699
17.825 0.00144219
17.8589 0.00141619
17.8928 0.00138902
17.9266 0.00136071
17.9605 0.00133131
17.9944 0.00130084
18.0283 0.00126934
18.0622 0.00123685
18.0961 0.00120341
18.13 0.00116906
18.1639 0.00113384
18.1977 0.00109778
18.2316 0.00106093
18.2655 0.00102333
18.2994 0.000985023
18.3333 0.000946043
18.3672 0.000906437
18.4011 0.000866248
18.435 0.000825517
18.4688 0.000784289
18.5027 0.000742606
18.5366 0.000700511
18.5705 0.000658047
18.6044 0.000615259
18.6383 0.000572189
18.6722 0.000528881
18.7061 0.000485379
18.7399 0.000441724
18.7738 0.000397961
18.8077 0.000354131
18.8416 0.000310279
18.8755 0.000266445
18.9094 0.000222671
18.9433 0.000179001
18.9772 0.000135473
19.011 9.213e-05
19.0449 4.90113e-05
19.0788 6.15687e-06
19.1127 3.63995e-05
19.1466 7.86116e-05
19.1805 0.000120443
19.2144 0.000161857
19.2483 0.000202815
19.2822 0.000243284
19.316 0.000283226
19.3499 0.000322609
19.3838 0.000361397
19.4177 0.000399559
19.4516 0.000437062
19.4855 0.000473876
19.5194 0.00050997
19.5533 0.000545314
19.5871 0.00057988
19.621 0.00061364
19.6549 0.000646567
19.6888 0.000678637
19.7227 0.000709824
19.7566 0.000740105
19.7905 0.000769458
19.8244 0.00079786
19.8582 0.000825293
19.8921 0.000851736
19.926 0.000877172
19.9599 0.000901582
19.9938 0.000924952
20.0277 0.000947265
20.0616 0.000968508
20.0955 0.000988669
20.1293 0.00100774
20.1632 0.0010257
20.1971 0.00104254
20.231 0.00105827
20.2649 0.00107287
20.2988 0.00108633
20.3327 0.00109865
20.3666 0.00110982
20.4004 0.00111985
20.4343 0.00112874
20.4682 0.00113647
20.5021 0.00114306
20.536 0.0011485
20.5699 0.0011528
20.6038 0.00115596
20.6377 0.00115799
20.6716 0.00115889
20.7054 0.00115868
20.7393 0.00115735
20.7732 0.00115492
20.8071 0.0011514
20.841 0.00114679
20.8749 0.00114112
20.9088 0.0011344
20.9427 0.00112663
20.9765 0.00111784
21.0104 0.00110803
21.0443 0.00109724
21.0782 0.00108546
21.1121 0.00107273
21.146 0.00105906
21.1799 0.00104447
21.2138 0.00102898
21.2476 0.00101261
21.2815 0.000995384
21.3154 0.000977328
21.3493 0.000958462
21.3832 0.000938809
21.4171 0.000918396
21.451 0.000897245
21.4849 0.000875384
21.5187 0.000852838
21.5526 0.000829633
21.5865 0.000805797
21.6204 0.000781356
21.6543 0.000756339
21.6882 0.000730774
21.7221 0.000704689
21.756 0.000678113
21.7898 0.000651074
21.8237 0.000623603
21.8576 0.000595729
21.8915 0.000567481
21.9254 0.000538889
21.9593 0.000509983
21.9932 0.000480792
22.0271 0.000451348
22.061 0.000421681
22.0948 0.000391819
22.1287 0.000361794
22.1626 0.000331635
22.1965 0.000301372
22.2304 0.000271035
22.2643 0.000240654
22.2982 0.000210258
22.3321 0.000179877
22.3659 0.000149539
22.3998 0.000119274
22.4337 8.91104e-05
22.4676 5.90752e-05
22.5015 2.91967e-05
22.5354 5.14427e-07
22.5693 2.99961e-05
22.6032 5.92391e-05
22.637 8.82172e-05
22.6709 0.000116904
22.7048 0.000145274
22.7387 0.000173303
22.7726 0.000200968
22.8065 0.000228242
22.8404 0.000255105
22.8743 0.000281531
22.9081 0.0003075
22.942 0.000332989
22.9759 0.000357977
23.0098 0.000382445
23.0437 0.000406371
23.0776 0.000429738
23.1115 0.000452527
23.1454 0.000474719
23.1792 0.000496299
23.2131 0.00051725
23.247 0.000537556
23.2809 0.000557203
23.3148 0.000576176
23.3487 0.000594463
23.3826 0.00061205
23.4165 0.000628925
23.4503 0.000645078
23.4842 0.000660498
23.5181 0.000675176
23.552 0.000689103
23.5859 0.00070227
23.6198 0.000714672
23.6537 0.0007263
23.6876 0.00073715
23.7215 0.000747216
23.7553 0.000756496
23.7892 0.000764984
23.8231 0.00077268
23.857 0.00077958
23.8909 0.000785685
23.9248 0.000790994
23.9587 0.000795507
23.9926 0.000799227
24.0264 0.000802155
24.0603 0.000804293
24.0942 0.000805647
24.1281 0.000806219
24.162 0.000806015
24.1959 0.000805042
24.2298 0.000803304
24.2637 0.000800809
24.2975 0.000797566
24.3314 0.000793582
24.3653 0.000788867
24.3992 0.000783431
24.4331 0.000777283
24.467 0.000770436
24.5009 0.000762899
24.5348 0.000754686
24.5686 0.00074581
24.6025 0.000736282
24.6364 0.000726119
24.6703 0.000715332
24.7042 0.000703938
24.7381 0.000691951
24.772 0.000679388
24.8059 0.000666264
24.8397 0.000652596
24.8736 0.000638401
24.9075 0.000623696
24.9414 0.000608499
24.9753 0.000592828
