0 0.00999097
0.0338878 0.00998517
0.0677756 0.00996847
0.101663 0.00994123
0.135551 0.00990371
0.169439 0.00985577
0.203327 0.00979728
0.237215 0.00972844
0.271102 0.00964976
0.30499 0.00956165
0.338878 0.00946449
0.372766 0.00935863
0.406653 0.00924401
0.440541 0.00912065
0.474429 0.00898919
0.508317 0.00884981
0.542205 0.00870232
0.576092 0.00854688
0.60998 0.00838365
0.643868 0.00821284
0.677756 0.00803473
0.711644 0.00784952
0.745531 0.00765843
0.779419 0.00746285
0.813307 0.00726102
0.847195 0.00705413
0.881082 0.00684266
0.91497 0.00662641
0.948858 0.00640517
0.982746 0.00617886
1.01663 0.00594753
1.05052 0.00571136
1.08441 0.00547065
1.1183 0.00522571
1.15218 0.00497691
1.18607 0.0047246
1.21996 0.00446912
1.25385 0.00421082
1.28774 0.00395003
1.32162 0.00368709
1.35551 0.00342219
1.3894 0.00315551
1.42329 0.00288728
1.45717 0.00261769
1.49106 0.00234718
1.52495 0.002076
1.55884 0.00180455
1.59273 0.00153302
1.62661 0.00126171
1.6605 0.000990898
1.69439 0.000720859
1.72828 0.000451829
1.76216 0.000184039
1.79605 8.21391e-05
1.82994 0.000346497
1.86383 0.000608814
1.89772 0.000868687
1.9316 0.00112582
1.96549 0.00137999
1.99938 0.00163107
2.03327 0.00187887
2.06716 0.00212305
2.10104 0.00236332
2.13493 0.00259944
2.16882 0.00283135
2.20271 0.00305899
2.23659 0.00328221
2.27048 0.0035008
2.30437 0.00371456
2.33826 0.00392329
2.37215 0.00412678
2.40603 0.00432495
2.43992 0.00451768
2.47381 0.00470482
2.5077 0.00488626
2.54158 0.00506185
2.57547 0.00523146
2.60936 0.00539493
2.64325 0.00555214
2.67714 0.00570297
2.71102 0.00584738
2.74491 0.00598537
2.7788 0.00611689
2.81269 0.00624189
2.84657 0.00636025
2.88046 0.00647188
2.91435 0.00657669
2.94824 0.00667461
2.98213 0.00676557
3.01601 0.00684953
3.0499 0.00692645
3.08379 0.00699628
3.11768 0.00705902
3.15156 0.00711464
3.18545 0.00716313
3.21934 0.00720449
3.25323 0.00723872
3.28712 0.00726584
3.321 0.00728584
3.35489 0.00729877
3.38878 0.00730465
3.42267 0.00730355
3.45655 0.00729555
3.49044 0.00728066
3.52433 0.00725896
3.55822 0.00723051
3.59211 0.00719541
3.62599 0.00715373
3.65988 0.00710556
3.69377 0.00705101
3.72766 0.00699017
3.76154 0.00692314
3.79543 0.00685006
3.82932 0.00677102
3.86321 0.00668616
3.8971 0.00659559
3.93098 0.00649945
3.96487 0.00639786
3.99876 0.00629099
4.03265 0.00617895
4.06653 0.0060619
4.10042 0.00593999
4.13431 0.00581335
4.1682 0.00568211
4.20209 0.00554641
4.23597 0.00540639
4.26986 0.00526224
4.30375 0.00511411
4.33764 0.00496213
4.37152 0.00480647
4.40541 0.00464731
4.4393 0.00448484
4.47319 0.00431922
4.50708 0.0041506
4.54096 0.00397918
4.57485 0.00380521
4.60874 0.00362889
4.64263 0.00345036
4.67651 0.0032698
4.7104 0.00308737
4.74429 0.00290333
4.77818 0.00271784
4.81207 0.00253108
4.84595 0.00234325
4.87984 0.00215456
4.91373 0.00196517
4.94762 0.00177527
4.9815 0.00158507
5.01539 0.00139474
5.04928 0.00120447
5.08317 0.00101444
5.11706 0.000824839
5.15094 0.000635823
5.18483 0.000447624
5.21872 0.000260402
5.25261 7.43031e-05
5.28649 0.000111025
5.32038 0.000294377
5.35427 0.000476171
5.38816 0.000656211
5.42205 0.000834354
5.45593 0.00101039
5.48982 0.001184
5.52371 0.00135499
5.5576 0.00152325
5.59149 0.00168878
5.62537 0.00185154
5.65926 0.00201149
5.69315 0.00216846
5.72704 0.00232233
5.76092 0.00247304
5.79481 0.00262027
5.8287 0.00276385
5.86259 0.00290362
5.89648 0.00303947
5.93036 0.0031713
5.96425 0.00329904
5.99814 0.0034226
6.03203 0.00354194
6.06591 0.00365698
6.0998 0.00376768
6.13369 0.00387397
6.16758 0.00397575
6.20147 0.00407298
6.23535 0.00416561
6.26924 0.0042536
6.30313 0.0043369
6.33702 0.00441545
6.3709 0.00448921
6.40479 0.00455813
6.43868 0.0046222
6.47257 0.00468139
6.50646 0.00473567
6.54034 0.00478502
6.57423 0.00482944
6.60812 0.0048689
6.64201 0.0049034
6.67589 0.00493295
6.70978 0.00495754
6.74367 0.00497719
6.77756 0.00499193
6.81145 0.00500178
6.84533 0.00500675
6.87922 0.00500688
6.91311 0.00500221
6.947 0.00499277
6.98088 0.00497862
7.01477 0.0049598
7.04866 0.00493636
7.08255 0.00490836
7.11644 0.00487584
7.15032 0.00483887
7.18421 0.00479751
7.2181 0.00475183
7.25199 0.0047019
7.28587 0.0046478
7.31976 0.00458961
7.35365 0.0045274
7.38754 0.00446126
7.42143 0.00439128
7.45531 0.00431754
7.4892 0.00424014
7.52309 0.0041592
7.55698 0.00407482
7.59086 0.0039871
7.62475 0.00389617
7.65864 0.00380213
7.69253 0.00370511
7.72642 0.00360518
7.7603 0.00350251
7.79419 0.00339718
7.82808 0.00328931
7.86197 0.00317902
7.89585 0.00306645
7.92974 0.00295171
7.96363 0.00283495
7.99752 0.00271628
8.03141 0.00259584
8.06529 0.00247376
8.09918 0.00235014
8.13307 0.00222514
8.16696 0.00209889
8.20084 0.00197152
8.23473 0.00184315
8.26862 0.00171391
8.30251 0.00158393
8.3364 0.00145329
8.37028 0.00132222
8.40417 0.0011908
8.43806 0.00105914
8.47195 0.000927379
8.50583 0.000795633
8.53972 0.000664038
8.57361 0.000532694
8.6075 0.000401726
8.64139 0.000271284
8.67527 0.000141517
8.70916 1.25353e-05
8.74305 0.000115731
8.77694 0.000242832
8.81082 0.000368785
8.84471 0.000493483
8.8786 0.000616812
8.91249 0.000738679
8.94638 0.000859012
8.98026 0.000977669
9.01415 0.00109447
9.04804 0.00120932
9.08193 0.00132217
9.11582 0.00143301
9.1497 0.0015419
9.18359 0.0016488
9.21748 0.00175335
9.25137 0.00185541
9.28525 0.00195491
9.31914 0.00205175
9.35303 0.00214587
9.38692 0.00223722
9.42081 0.00232573
9.45469 0.00241137
9.48858 0.00249409
9.52247 0.00257384
9.55636 0.00265057
9.59024 0.00272424
9.62413 0.0027948
9.65802 0.00286222
9.69191 0.00292645
9.7258 0.00298746
9.75968 0.0030452
9.79357 0.00309966
9.82746 0.00315078
9.86135 0.00319853
9.89523 0.00324288
9.92912 0.00328381
9.96301 0.0033213
9.9969 0.00335534
10.0308 0.00338593
10.0647 0.00341306
10.0986 0.00343672
10.1324 0.00345693
10.1663 0.0034737
10.2002 0.00348704
10.2341 0.00349696
10.268 0.0035035
10.3019 0.00350666
10.3358 0.00350647
10.3697 0.00350296
10.4036 0.00349615
10.4374 0.00348607
10.4713 0.00347276
10.5052 0.00345624
10.5391 0.00343655
10.573 0.00341374
10.6069 0.00338784
10.6408 0.0033589
10.6747 0.00332697
10.7085 0.00329209
10.7424 0.00325432
10.7763 0.00321372
10.8102 0.00317034
10.8441 0.00312424
10.878 0.00307549
10.9119 0.00302416
10.9458 0.00297031
10.9796 0.002914
11.0135 0.00285531
11.0474 0.00279432
11.0813 0.00273108
11.1152 0.00266566
11.1491 0.00259814
11.183 0.0025286
11.2169 0.00245711
11.2507 0.00238376
11.2846 0.00230864
11.3185 0.00223185
11.3524 0.00215346
11.3863 0.00207358
11.4202 0.00199228
11.4541 0.00190967
11.488 0.00182583
11.5218 0.00174085
11.5557 0.0016548
11.5896 0.0015678
11.6235 0.00147994
11.6574 0.00139129
11.6913 0.00130195
11.7252 0.001212
11.7591 0.00112154
11.793 0.00103066
11.8268 0.000939451
11.8607 0.00084802
11.8946 0.000756444
11.9285 0.000664771
11.9624 0.000573151
11.9963 0.000481659
12.0302 0.000390361
12.0641 0.000299341
12.0979 0.000208714
12.1318 0.000118546
12.1657 2.891e-05
12.1996 6.00417e-05
12.2335 0.000148403
12.2674 0.000235982
12.3013 0.000322732
12.3352 0.000408603
12.369 0.000493481
12.4029 0.000577198
12.4368 0.000659634
12.4707 0.000740744
12.5046 0.00082053
12.5385 0.000899022
12.5724 0.000976219
12.6063 0.00105205
12.6401 0.00112642
12.674 0.00119919
12.7079 0.00127028
12.7418 0.00133959
12.7757 0.00140704
12.8096 0.00147256
12.8435 0.00153611
12.8774 0.00159765
12.9112 0.00165716
12.9451 0.00171461
12.979 0.00176998
13.0129 0.00182326
13.0468 0.00187442
13.0807 0.00192343
13.1146 0.00197026
13.1485 0.00201488
13.1823 0.00205727
13.2162 0.0020974
13.2501 0.00213525
13.284 0.00217078
13.3179 0.002204
13.3518 0.00223487
13.3857 0.00226338
13.4196 0.00228953
13.4535 0.00231329
13.4873 0.00233467
13.5212 0.00235364
13.5551 0.00237022
13.589 0.00238439
13.6229 0.00239617
13.6568 0.00240555
13.6907 0.00241256
13.7246 0.0024172
13.7584 0.00241949
13.7923 0.00241945
13.8262 0.0024171
13.8601 0.00241245
13.894 0.00240553
13.9279 0.00239635
13.9618 0.00238494
13.9957 0.00237132
14.0295 0.00235553
14.0634 0.00233758
14.0973 0.00231751
14.1312 0.00229535
14.1651 0.00227114
14.199 0.00224492
14.2329 0.00221672
14.2668 0.00218658
14.3006 0.00215456
14.3345 0.00212069
14.3684 0.00208502
14.4023 0.00204761
14.4362 0.0020085
14.4701 0.00196774
14.504 0.00192538
14.5379 0.00188145
14.5717 0.00183602
14.6056 0.00178914
14.6395 0.00174088
14.6734 0.00169128
14.7073 0.0016404
14.7412 0.00158831
14.7751 0.00153506
14.809 0.0014807
14.8429 0.00142531
14.8767 0.00136893
14.9106 0.00131165
14.9445 0.00125352
14.9784 0.00119458
15.0123 0.00113492
15.0462 0.00107459
15.0801 0.00101366
15.114 0.00095218
15.1478 0.000890224
15.1817 0.00082784
15.2156 0.000765115
15.2495 0.000702082
15.2834 0.000638828
15.3173 0.000575387
15.3512 0.000511852
15.3851 0.000448269
15.4189 0.000384699
15.4528 0.000321209
15.4867 0.000257854
15.5206 0.000194677
15.5545 0.000131783
15.5884 6.91963e-05
15.6223 6.97573e-06
15.6562 5.46169e-05
15.69 0.000115914
15.7239 0.000176639
15.7578 0.000236741
15.7917 0.000296168
15.8256 0.000354884
15.8595 0.000412879
15.8934 0.000470093
15.9273 0.000526434
15.9611 0.00058183
15.995 0.000636277
16.0289 0.000689766
16.0628 0.000742272
16.0967 0.000793751
16.1306 0.000844142
16.1645 0.000893365
16.1984 0.000941355
16.2323 0.000988059
16.2661 0.00103344
16.3 0.00107746
16.3339 0.00112011
16.3678 0.00116136
16.4017 0.00120119
16.4356 0.00123959
16.4695 0.00127653
16.5034 0.00131199
16.5372 0.00134597
16.5711 0.00137843
16.605 0.00140936
16.6389 0.00143874
16.6728 0.00146656
16.7067 0.00149278
16.7406 0.0015174
16.7745 0.00154041
16.8083 0.00156178
16.8422 0.0015815
16.8761 0.00159957
16.91 0.00161598
16.9439 0.00163073
16.9778 0.0016438
17.0117 0.0016552
17.0456 0.00166493
17.0794 0.001673
17.1133 0.00167941
17.1472 0.00168416
17.1811 0.00168727
17.215 0.00168875
17.2489 0.00168861
17.2828 0.00168687
17.3167 0.00168352
17.3505 0.0016786
17.3844 0.00167211
17.4183 0.00166407
17.4522 0.00165449
17.4861 0.00164341
17.52 0.00163083
17.5539 0.00161679
17.5878 0.00160129
17.6216 0.00158438
17.6555 0.00156607
17.6894 0.0015464
17.7233 0.00152539
17.7572 0.00150308
17.7911 0.00147949
17.825 0.00145466
17.8589 0.00142862
17.8928 0.00140141
17.9266 0.00137306
17.9605 0.0013436
17.9944 0.00131306
18.0283 0.00128149
18.0622 0.00124891
18.0961 0.00121537
18.13 0.00118089
18.1639 0.00114552
18.1977 0.00110931
18.2316 0.0010723
18.2655 0.00103452
18.2994 0.000996034
18.3333 0.000956871
18.3672 0.000917072
18.4011 0.000876678
18.435 0.000835739
18.4688 0.000794303
18.5027 0.000752399
18.5366 0.00071008
18.5705 0.000667376
18.6044 0.000624353
18.6383 0.000581028
18.6722 0.000537462
18.7061 0.000493694
18.7399 0.000449772
18.7738 0.000405724
18.8077 0.000361611
18.8416 0.000317471
18.8755 0.000273334
18.9094 0.000229249
18.9433 0.000185278
18.9772 0.000141443
19.011 9.77998e-05
19.0449 5.43808e-05
19.0788 1.12181e-05
19.1127 3.15291e-05
19.1466 7.40845e-05
19.1805 0.000116271
19.2144 0.000158044
19.2483 0.000199372
19.2822 0.000240224
19.316 0.000280539
19.3499 0.000320267
19.3838 0.000359379
19.4177 0.000397851
19.4516 0.00043567
19.4855 0.000472828
19.5194 0.00050931
19.5533 0.000545087
19.5871 0.000580114
19.621 0.000614341
19.6549 0.000647709
19.6888 0.000680173
19.7227 0.000711697
19.7566 0.000742257
19.7905 0.000771837
19.8244 0.000800425
19.8582 0.000828014
19.8921 0.000854595
19.926 0.000880159
19.9599 0.000904697
19.9938 0.000928197
20.0277 0.000950648
20.0616 0.000972036
20.0955 0.000992351
20.1293 0.00101158
20.1632 0.00102971
20.1971 0.00104674
20.231 0.00106265
20.2649 0.00107744
20.2988 0.00109109
20.3327 0.00110361
20.3666 0.00111499
20.4004 0.00112521
20.4343 0.00113429
20.4682 0.00114222
20.5021 0.00114899
20.536 0.00115461
20.5699 0.00115908
20.6038 0.00116241
20.6377 0.0011646
20.6716 0.00116566
20.7054 0.0011656
20.7393 0.00116442
20.7732 0.00116214
20.8071 0.00115875
20.841 0.00115428
20.8749 0.00114873
20.9088 0.00114211
20.9427 0.00113444
20.9765 0.00112572
21.0104 0.00111598
21.0443 0.00110522
21.0782 0.00109348
21.1121 0.00108076
21.146 0.00106708
21.1799 0.00105247
21.2138 0.00103695
21.2476 0.00102054
21.2815 0.00100326
21.3154 0.000985138
21.3493 0.000966201
21.3832 0.00094647
21.4171 0.000925974
21.451 0.000904737
21.4849 0.000882787
21.5187 0.000860145
21.5526 0.000836831
21.5865 0.000812869
21.6204 0.000788288
21.6543 0.000763119
21.6882 0.000737392
21.7221 0.00071114
21.756 0.000684398
21.7898 0.000657193
21.8237 0.000629553
21.8576 0.000601503
21.8915 0.000573072
21.9254 0.000544294
21.9593 0.000515202
21.9932 0.000485828
22.0271 0.000456206
22.061 0.000426359
22.0948 0.00039632
22.1287 0.000366118
22.1626 0.000335778
22.1965 0.000305324
22.2304 0.000274783
22.2643 0.000244186
22.2982 0.000213567
22.3321 0.000182963
22.3659 0.000152396
22.3998 0.000121891
22.4337 9.14801e-05
22.4676 6.11845e-05
22.5015 3.10411e-05
22.5354 2.50821e-06
22.5693 2.84752e-05
22.6032 5.79994e-05
22.637 8.72462e-05
22.6709 0.000116196
22.7048 0.000144838
22.7387 0.00017316
22.7726 0.000201124
22.8065 0.000228696
22.8404 0.000255858
22.8743 0.000282628
22.9081 0.000308991
22.942 0.000334923
22.9759 0.000360363
23.0098 0.000385247
23.0437 0.000409532
23.0776 0.000433205
23.1115 0.000456248
23.1454 0.000478648
23.1792 0.000500396
23.2131 0.000521482
23.247 0.000541898
23.2809 0.000561634
23.3148 0.000580683
23.3487 0.000599036
23.3826 0.000616683
23.4165 0.000633617
23.4503 0.00064983
23.4842 0.000665313
23.5181 0.000680058
23.552 0.000694059
23.5859 0.000707307
23.6198 0.000719794
23.6537 0.000731513
23.6876 0.000742457
23.7215 0.00075262
23.7553 0.000761997
23.7892 0.000770582
23.8231 0.000778372
23.857 0.000785365
23.8909 0.00079156
23.9248 0.000796958
23.9587 0.000801558
23.9926 0.000805364
24.0264 0.000808378
24.0603 0.000810604
24.0942 0.000812057
24.1281 0.000812736
24.162 0.000812638
24.1959 0.000811766
24.2298 0.000810124
24.2637 0.000807717
24.2975 0.00080455
24.3314 0.00080063
24.3653 0.000795964
24.3992 0.000790561
24.4331 0.000784431
24.467 0.000777586
24.5009 0.000770039
24.5348 0.000761801
24.5686 0.000752887
24.6025 0.00074331
24.6364 0.000733086
24.6703 0.000722231
24.7042 0.00071076
24.7381 0.000698708
24.772 0.000686078
24.8059 0.000672883
24.8397 0.00065914
24.8736 0.000644868
24.9075 0.000630085
24.9414 0.000614808
24.9753 0.000599055
