t sb -1 xb vb dt perf.t perf.speed
0 0 -1 0.5 0 0.000202385 0 0 
0.000202385 0 -1 0.5 0.00026042 0.000202385 0.006215 164763 1 31.36 168.942 0.185625 4 
0.00491164 -3.25544e-06 -1 0.5 0.00276468 0.00470926 0.018665 109724 11 122.048 3.90745 1.36734 7 5 118.955 17.5563 1.46619 6 2 0.029881 6.31685e-06 68.7776 3 
0.0137207 -2.47719e-05 -1 0.500023 0.00823679 0.00880908 0.027728 110791 5 22.8451 1.03222 1.85782 7 6 107.277 4.87527 1.67398 7 3 0.0515834 7.00587e-05 9.02989 2 
0.0262156 -3.98679e-05 -1 0.500123 0.0159003 0.0124949 0.034928 117270 2 12.5273 0.218414 7.57337 7 5 14.1289 2.22783 1.44692 8 6 0.122107 3.13992e-05 3.96555 2 
0.0421182 -3.55279e-05 -1 0.500372 0.0252996 0.0159026 0.041542 123249 2 12.9541 0.348444 6.09729 7 3 5.47942 1.27591 1.62544 9 7 0.224185 5.57119e-05 3.27304 2 
0.061079 -1.28928e-05 -1 0.500845 0.0360393 0.0189608 0.049378 124428 5 28.4747 0.226726 2.62901 7 2 4.44135 0.701367 2.51643 10 8 0.420612 8.07681e-05 2.91461 2 
0.0828488 -2.69185e-07 -1 0.501622 0.0481473 0.0217698 0.05632 127273 2 55.8275 0.149627 19.3161 7 2 13.173 0.176205 8.64636 10 10 0.718775 5.45382e-05 2.5822 2 
0.107158 -4.80367e-07 -1 0.502787 0.0613597 0.0243096 0.064356 127292 3 68.1406 0.0692162 9.94793 6 2 19.1934 0.253235 8.70591 10 12 1.01268 9.04608e-05 2.17479 2 
0.133698 -5.67767e-06 -1 0.504412 0.0753882 0.0265398 0.077453 118988 4 99.3077 0.0117876 9.58053 5 2 29.1045 0.364985 8.92983 10 28 1.23301 7.86022e-05 1.41202 2 
0.162361 -5.22658e-06 -1 0.506577 0.0900413 0.028663 0.094755 108068 9 157.261 0.0999937 2.2656 5 3 48.5568 0.303418 5.4292 9 27 3.65594 7.96767e-05 1.48818 3 
0.192873 -7.44405e-08 -1 0.50934 0.105106 0.0305122 0.108321 103987 9 79.0249 0.0949212 2.111 6 3 25.0108 0.407572 3.94434 9 14 5.51201 3.98e-05 2.3294 4 
0.225139 5.51358e-06 -1 0.512756 0.120424 0.0322658 0.455962 26949.6 9 150.803 0.0950413 2.26783 6 100 44.289 0.43961 1.04721 100 11 5.0465 5.0153e-05 2.84964 4 
0.258979 1.16818e-05 -1 0.516865 0.135797 0.0338398 1.07705 12359.7 9 208.17 0.0651958 2.45107 7 100 72.2099 0.444377 1.05222 100 12 4.29288 6.34316e-05 2.5266 4 
0.293676 1.75961e-05 -1 0.521614 0.150806 0.0346965 1.69489 8458.36 7 149.292 0.0718783 2.97797 7 100 78.1227 0.394608 1.0543 100 10 7.99548 5.22874e-05 3.29947 4 
0.329285 2.48658e-05 -1 0.527004 0.165319 0.0356095 1.71024 8981.22 10 238.217 0.0662729 2.26759 6 1 79.3212 0.270659 293.067 100 7 4.07751 8.34772e-05 4.67555 4 
0.364895 3.15226e-05 -1 0.532826 0.178828 0.0356095 1.73168 9461.31 12 479.917 0.0702528 2.08709 6 2 211.415 0.239784 29.6933 99 7 4.04721 2.48173e-05 5.55429 4 
0.400504 3.79819e-05 -1 0.539203 0.191256 0.0356095 2.34942 7409.49 13 1039.48 0.067992 2.09833 6 100 447.024 0.465108 1.07109 100 8 7.99019 3.12738e-05 4.74157 3 
0.433831 4.16841e-05 -1 0.545618 0.202004 0.0333269 2.96801 6210.22 11 364.585 0.0755759 2.162 7 100 110.957 0.470729 1.05615 100 7 9.69445 5.97117e-05 5.55075 3 
0.465512 4.54787e-05 -1 0.552057 0.211213 0.0316811 3.59044 5418.84 10 317.462 0.0946585 2.25192 6 100 175.753 0.59892 1.05846 100 12 5.53795 6.41825e-05 2.57827 3 
0.495685 5.00448e-05 -1 0.558372 0.219008 0.0301725 4.21079 4863.7 9 278.497 0.098879 2.41714 6 100 174.458 0.667356 1.05724 100 16 5.52567 9.62123e-05 1.98357 3 
0.525147 5.62643e-05 -1 0.564806 0.225778 0.0294625 4.83224 4450.11 7 427.879 0.103848 3.28411 6 100 185.18 0.927983 1.05439 100 16 6.21046 6.53506e-05 2.047 3 
0.553924 6.46746e-05 -1 0.571301 0.231637 0.0287774 5.45085 4132.94 5 1158.03 0.0912004 6.61827 5 100 525.616 0.56969 1.07066 100 19 5.39732 6.25115e-05 1.81887 3 
0.58204 8.12955e-05 -1 0.577767 0.236265 0.0281158 5.46821 4307.08 7 451.722 0.103311 3.3121 4 1 183.726 0.43882 418.681 100 16 9.13712 8.49319e-05 2.06293 4 
0.609833 0.000101904 -1 0.584312 0.240112 0.0277926 6.08536 4038.55 8 539.964 0.108614 2.89774 4 100 250.797 1.12488 1.05556 100 14 6.35092 4.60255e-05 2.3288 4 
0.637626 0.000121042 -1 0.59104 0.24325 0.0277926 6.70309 3819.13 7 266.865 0.121755 3.00094 4 100 183.547 1.0097 1.05341 100 12 5.63948 8.20411e-05 2.52988 4 
0.665095 0.000140759 -1 0.5976 0.245578 0.0274695 7.31469 3639.8 7 407.968 0.120433 3.19351 4 100 162.44 0.932584 1.05296 100 9 4.09553 3.20732e-05 3.69277 4 
0.692564 0.000159591 -1 0.604262 0.247295 0.0274695 7.92865 3487.1 9 594.1 0.119293 2.57516 3 100 258.802 0.630119 1.06203 100 8 5.14381 3.24883e-05 4.46627 4 
0.720034 0.000176529 -1 0.611113 0.248463 0.0274695 8.54973 3353.56 16 1347.07 0.102299 1.80913 6 100 591.946 0.579361 1.07175 100 7 7.30974 8.60266e-05 5.06036 4 
0.747503 0.000180933 -1 0.617806 0.248865 0.0274695 9.16766 3239.21 8 455.56 0.122951 2.7932 6 100 202.804 0.774262 1.05726 100 7 8.18157 9.41019e-05 5.07698 4 
0.774973 0.000186532 -1 0.624574 0.248937 0.0274695 9.79007 3137.87 9 318.491 0.12455 2.39133 7 100 210.911 0.890544 1.0562 100 8 5.14668 2.55557e-05 4.60262 4 
0.802442 0.000193088 -1 0.631418 0.248703 0.0274695 10.4162 3047.56 6 367.629 0.131629 3.75269 6 100 166.785 0.854668 1.05415 100 7 6.7699 5.97521e-05 5.2727 4 
0.829912 0.000203594 -1 0.638151 0.24813 0.0274695 10.4295 3141.84 6 480.308 0.107195 4.06029 5 1 181.992 0.488295 372.709 100 7 4.09406 2.76071e-05 5.4794 4 
0.857733 0.000218563 -1 0.64498 0.246993 0.0278216 10.4445 3235.38 13 1576.89 0.123305 2.06971 4 1 722.404 0.33162 2178.41 100 7 4.27086 3.74649e-05 5.27731 4 
0.885555 0.000226554 -1 0.651731 0.245659 0.0278216 11.0781 3142.78 12 511.06 0.117736 2.00969 5 100 223.507 0.629615 1.06048 100 12 8.92913 4.25865e-05 2.77627 4 
0.913748 0.00023196 -1 0.65862 0.244138 0.0281926 11.708 3061.16 10 410.797 0.104548 2.28787 5 100 222.833 0.65194 1.06008 100 12 8.5798 4.65127e-05 2.74679 4 
0.94194 0.000237187 -1 0.665431 0.242593 0.0281926 12.3318 2989.36 11 399.776 0.124714 2.08314 4 100 228.17 0.690461 1.05972 100 8 6.03004 8.10175e-05 4.06413 4 
0.970524 0.000243551 -1 0.672277 0.240888 0.0285842 12.9521 2925.25 13 486.665 0.104611 1.91482 5 100 307.061 0.639314 1.06369 100 7 5.9447 2.84303e-05 5.75506 4 
0.999109 0.000249544 -1 0.67907 0.239065 0.0285842 12.9742 2999.18 14 1813.48 0.106326 2.00575 5 2 853.44 0.388042 46.8972 99 10 5.41375 7.07817e-05 3.07863 3 
1.02811 0.000253536 -1 0.685893 0.237009 0.0289984 13.5981 2936.88 13 535.421 0.0999648 1.93568 5 100 234.987 0.515154 1.06314 100 16 9.67623 5.72962e-05 2.12189 3 
1.05754 0.000256564 -1 0.692798 0.234933 0.0294312 14.2284 2878.76 11 367.934 0.0942581 2.12078 5 100 285.795 0.571746 1.06411 100 25 10.8549 9.74384e-05 1.59175 2 
1.08697 0.000260197 -1 0.699604 0.23299 0.0294312 14.8631 2824.72 11 472.188 0.11118 2.13711 5 100 322.206 0.716329 1.06299 100 36 8.38413 9.47357e-05 1.37219 2 
1.1164 0.000266113 -1 0.706347 0.231122 0.0294312 14.8801 2890.31 9 416.07 0.0900465 2.55381 5 1 275.564 0.254145 1084.28 100 20 9.49554 7.07541e-05 1.80463 2 
1.14583 0.000275018 -1 0.713066 0.229271 0.0294312 14.9076 2953.66 9 1861.11 0.0986708 2.98583 4 1 880.916 0.118166 7454.9 100 44 11.8777 8.60938e-05 1.30862 3 
1.17574 0.000285152 -1 0.719844 0.227312 0.0299059 14.9249 3018.84 8 686.148 0.0975326 3.02628 4 1 245.779 0.315595 778.779 100 15 15.827 5.35977e-05 2.31571 4 
1.20564 0.000298533 -1 0.726621 0.225477 0.0299059 15.5456 2964.19 9 329.227 0.0920734 2.48209 4 100 304.218 0.492777 1.06636 100 11 16.6761 8.41868e-05 3.03062 4 
1.23325 0.000312244 -1 0.732706 0.224011 0.0276055 16.1773 2911.74 6 536.833 0.124853 4.03249 4 100 283.763 0.682485 1.06216 100 15 16.1906 9.99388e-05 2.22486 3 
1.26129 0.000330448 -1 0.738873 0.222469 0.0280437 16.193 2972.15 9 558.59 0.117626 2.56159 4 1 256.487 0.327431 783.333 100 13 19.1992 4.84076e-05 2.69553 3 
1.28934 0.000343087 -1 0.745041 0.2209 0.0280437 16.2153 3031.22 15 1604.9 0.101604 1.90503 4 1 744.796 0.128946 5776.04 100 29 17.6098 7.3212e-05 1.53305 2 
1.31738 0.000346434 -1 0.751173 0.219469 0.0280437 16.235 3090.61 12 660.405 0.105931 2.07125 4 1 554.115 0.393813 1407.05 100 26 17.3015 7.90714e-05 1.60468 2 
1.34496 0.000350148 -1 0.757153 0.218256 0.0275839 16.2535 3150.08 12 374.457 0.107777 1.97275 4 1 503.323 0.194866 2582.92 100 22 20.7499 8.96091e-05 1.75327 2 
1.37043 0.000354388 -1 0.762707 0.217445 0.0254621 16.2689 3210.05 10 468.898 0.12462 2.27798 4 1 263.877 0.180198 1464.37 100 14 19.4717 7.64221e-05 2.43308 2 
1.39589 0.000360695 -1 0.768145 0.216643 0.0254621 16.2834 3270.08 9 539.723 0.100258 2.59753 5 1 552.341 0.194292 2842.85 100 12 25.2535 4.65933e-05 3.00492 2 
1.42135 0.000368155 -1 0.773596 0.215841 0.0254621 16.2997 3329.64 10 1495.81 0.131205 2.54503 4 1 704.558 0.282173 2496.9 100 14 33.262 3.9831e-05 2.64838 3 
1.44423 0.00037296 -1 0.778505 0.215293 0.022879 16.3189 3388.45 9 402.194 0.155332 2.39465 5 1 338.069 0.472557 715.404 100 21 32.2711 8.08552e-05 1.84807 3 
1.46711 0.000376741 -1 0.783449 0.214626 0.022879 16.3393 3446.91 8 694.453 0.151199 2.86921 5 1 649.55 0.491244 1322.26 100 25 35.413 7.89659e-05 1.68294 3 
1.48999 0.000381338 -1 0.788291 0.213977 0.022879 16.3618 3504.74 6 456.338 0.14977 3.80753 5 2 656.274 0.505962 36.015 99 17 37.3878 5.9062e-05 2.19412 3 
1.51219 0.000387471 -1 0.792987 0.213553 0.0222061 16.3764 3564.14 7 430.452 0.156401 3.10016 5 1 368.13 0.646234 569.654 99 12 37.3378 6.57883e-05 3.01648 3 
1.53474 0.000393202 -1 0.797709 0.213124 0.0225425 16.3922 3623.18 7 667.018 0.178636 3.23825 4 1 789.58 0.359675 2195.26 99 17 31.794 2.91382e-05 2.26553 3 
1.55628 0.000399258 -1 0.802273 0.21288 0.021548 16.4083 3682.04 10 1094.22 0.184222 2.38438 4 1 845.307 0.323579 2612.36 99 17 27.8669 6.90578e-05 2.13677 2 
1.57783 0.000402859 -1 0.80685 0.212508 0.021548 16.4242 3740.83 11 875.204 0.185168 2.15799 4 1 716.276 0.815249 878.598 99 15 32.1788 5.77229e-05 2.41591 2 
1.59971 0.000405274 -1 0.811492 0.212148 0.0218795 16.4521 3796.72 11 709.755 0.196303 2.10606 4 2 927.546 0.5738 40.2057 98 35 34.6779 9.15662e-05 1.44338 2 
1.61838 0.000407768 -1 0.815416 0.212293 0.0186705 16.4721 3854.27 7 456.351 0.263502 2.90165 4 2 529.324 0.647445 28.593 97 11 22.2525 6.44707e-05 3.18754 3 
1.63705 0.000410726 -1 0.819368 0.212167 0.0186705 16.4863 3913.07 6 960.151 0.278617 3.88647 3 1 766.566 1.13922 672.888 97 11 22.9317 8.62011e-05 3.11297 3 
1.65598 0.00041572 -1 0.823334 0.211942 0.0189298 16.5004 3971.79 7 1088.59 0.250391 3.3094 3 1 983.371 0.606553 1621.25 97 12 27.4864 4.21804e-05 3.05141 3 
1.67491 0.000422671 -1 0.827327 0.211694 0.0189298 16.5146 4030.37 8 829.035 0.199162 2.83414 3 1 957.102 0.822242 1164.02 97 12 18.6443 7.54224e-05 2.81462 3 
1.69235 0.0004298 -1 0.830995 0.211626 0.0174354 16.5281 4089.05 5 934.89 0.243824 5.20879 2 1 626.001 0.156807 3992.17 97 12 20.9703 5.41075e-05 2.9221 3 
1.70978 0.000441254 -1 0.834705 0.211472 0.0174354 16.5446 4146.86 7 724.85 0.212467 3.19674 3 1 753.045 0.362635 2076.59 97 19 30.7541 7.2214e-05 1.97824 3 
1.72676 0.000452085 -1 0.838272 0.211287 0.0169765 16.5611 4204.56 7 835.474 0.307773 3.09406 2 1 895.314 1.25317 714.439 97 19 37.2732 9.47998e-05 1.96994 3 
1.74374 0.000463491 -1 0.841852 0.211088 0.0169765 16.5786 4261.88 7 814.467 0.277785 3.12831 2 1 1247.98 1.28672 969.892 97 22 46.6872 6.23191e-05 1.84938 3 
1.76095 0.000474848 -1 0.845449 0.210838 0.0172091 16.5956 4319.22 6 604.143 0.309622 3.53496 2 1 797 1.20774 659.912 97 21 54.3908 7.42147e-05 1.90234 3 
1.77769 0.000488376 -1 0.848965 0.210647 0.016744 16.6102 4377.06 6 965.504 0.287531 3.86971 2 1 922.586 0.634969 1452.96 97 15 55.8814 5.5912e-05 2.51179 3 
1.79421 0.00049915 -1 0.8524 0.21042 0.0165177 16.6241 4435 6 881.804 0.265554 3.86251 2 1 1173.56 0.588827 1993.05 97 13 56.2189 7.8205e-05 2.8217 3 
1.80967 0.000507915 -1 0.855634 0.210325 0.0154589 16.6379 4492.86 6 963.298 0.263488 3.92494 2 1 1461.57 0.556814 2624.89 97 13 55.3779 7.7527e-05 2.82032 3 
1.82436 0.00051459 -1 0.858689 0.210175 0.0146955 16.6519 4550.6 6 663.4 0.297022 3.61547 2 1 804.381 1.23224 652.78 97 13 55.5976 5.44551e-05 2.89889 3 
1.83906 0.000521367 -1 0.861786 0.209741 0.0146955 16.6657 4608.28 6 1194.8 0.282808 4.02069 2 1 1199.6 0.316234 3793.39 97 13 59.6719 3.90557e-05 2.99019 3 
1.85413 0.000527802 -1 0.864936 0.209238 0.0150772 16.6801 4665.67 8 1279.09 0.330279 2.80868 3 1 1750.91 1.12127 1561.54 97 13 64.7793 4.67813e-05 2.96765 3 
1.86941 0.000530615 -1 0.868139 0.208744 0.0152782 16.6999 4721.46 5 575.068 0.372973 4.34118 3 2 913.482 1.4659 24.9631 96 13 69.8918 4.78384e-05 2.97991 3 
1.8849 0.000535379 -1 0.871352 0.208341 0.0154875 16.7203 4776.95 8 1030.06 0.346855 2.717 3 2 1259.81 1.34261 30.6321 95 13 75.7627 5.2599e-05 2.97666 3 
1.89977 0.000539768 -1 0.874449 0.208109 0.014868 16.7341 4834.21 6 1296.12 0.390667 3.86195 3 1 1570 0.949945 1652.73 95 12 73.7416 6.54868e-05 3.19372 3 
1.91424 0.000544611 -1 0.877434 0.20773 0.0144767 16.7535 4889.74 7 1866.15 0.332481 3.43239 3 2 1623.05 0.484627 57.8711 94 12 74.747 4.24521e-05 3.31493 3 
1.92892 0.000550967 -1 0.880472 0.207036 0.0146724 16.7732 4945.02 6 1499.43 0.461704 3.84822 2 2 1393.8 0.0824792 129.995 93 12 83.3047 6.92983e-05 3.21116 3 
1.944 0.000561607 -1 0.883567 0.20622 0.0150857 16.7927 5000.27 7 1248.45 0.396684 3.16012 2 2 1190.85 0.149442 89.2674 92 13 93.786 3.33903e-05 3.13357 3 
1.95953 0.00057155 -1 0.886759 0.204925 0.0155294 16.8067 5057.02 10 2423.42 0.342759 2.4263 2 1 1882.95 1.37474 1369.68 92 12 104.472 5.05263e-05 3.35962 3 
1.9753 0.00058049 -1 0.889971 0.20287 0.0157647 16.8264 5111.96 9 2083.5 0.291915 2.68022 4 2 1774.68 0.143361 111.261 91 11 89.0248 7.90901e-05 3.54917 3 
1.99106 0.000586209 -1 0.893204 0.200184 0.0157647 16.8454 5167 7 3178.21 0.351238 3.67473 3 2 2457.53 0.0947491 161.05 90 11 86.3684 4.08446e-05 3.75855 3 
2.00683 0.000586619 -1 0.896371 0.197421 0.0157647 16.8605 5223.1 11 2978.13 0.30001 2.30859 3 1 2693.95 0.950002 2835.73 90 13 62.538 9.88847e-05 2.79404 3 
2.02311 0.000583983 -1 0.899593 0.1953 0.0162815 16.8753 5279.2 9 3197.7 0.301829 2.80047 3 1 2996.23 1.30661 2293.13 90 14 61.4073 6.67149e-05 2.66686 3 
2.03995 0.000578692 -1 0.902861 0.193926 0.016843 16.8963 5333.25 9 2465.73 0.349817 2.6765 3 2 2503.42 1.16492 46.3574 89 16 49.3736 5.15414e-05 2.36501 3 
2.05741 0.000576566 -1 0.906237 0.193304 0.0174554 16.9147 5387.98 4 895.886 0.32248 7.26001 2 2 855.241 0.529343 40.1953 88 13 29.9333 5.78516e-05 2.75122 3 
2.07519 0.000587677 -1 0.909632 0.193137 0.0177848 16.9284 5444.11 11 1215.93 0.30549 2.12454 3 1 1335.09 0.331743 4024.47 88 10 35.3397 7.40559e-05 3.69718 3 
2.09298 0.000592188 -1 0.91304 0.193203 0.0177848 16.9409 5500.52 8 1539.02 0.298286 2.91123 3 1 1656.55 0.270163 6131.66 88 9 34.011 7.39221e-05 4.25799 3 
2.11112 0.000599745 -1 0.916494 0.193211 0.0181405 16.9528 5557.07 8 1328.84 0.270692 2.89317 3 1 1666.14 0.278791 5976.29 88 7 23.0285 9.23667e-05 5.90153 3 
2.12963 0.000606423 -1 0.920074 0.193007 0.0185184 16.9679 5612.47 9 793.886 0.214323 2.49185 4 1 936.769 0.696041 1345.85 88 17 11.0379 7.11336e-05 2.01996 2 
2.14898 0.000609795 -1 0.923822 0.192575 0.0193415 16.9827 5667.9 9 677.504 0.232991 2.42572 4 1 590.96 0.922569 640.559 88 16 13.8183 6.45727e-05 2.15353 2 
2.16832 0.000612639 -1 0.927586 0.192243 0.0193415 17.0036 5721.14 8 417.404 0.221521 2.5668 4 2 393.5 0.891641 21.0076 87 19 15.6955 8.51174e-05 1.89298 2 
2.18812 0.000615448 -1 0.931355 0.191825 0.019802 17.0169 5776.84 7 1111.08 0.243701 3.33195 4 1 1022.76 0.537873 1901.49 87 13 15.371 9.97499e-05 2.50646 2 
2.20792 0.000619877 -1 0.935117 0.191384 0.019802 17.0296 5832.66 7 1137.7 0.205148 3.42651 4 1 1139.21 0.326041 3494.07 87 11 13.5791 3.44816e-05 3.22598 2 
2.22772 0.000624493 -1 0.938834 0.190712 0.019802 17.042 5888.52 7 1010.13 0.16665 3.4703 4 1 1071.49 0.989738 1082.6 87 10 12.7852 4.57851e-05 3.50428 2 
2.24805 0.000630334 -1 0.94265 0.190023 0.0203231 17.0592 5942.6 6 408.043 0.214049 3.52126 3 2 792.657 0.102407 87.979 86 10 10.1199 5.8479e-05 3.34055 2 
2.26893 0.000640784 -1 0.946567 0.189598 0.0208876 17.0754 5996.92 11 1063.62 0.17438 2.2086 3 1 720.88 0.76012 948.377 86 21 15.9783 7.29064e-05 1.79607 2 
2.28869 0.000647377 -1 0.950334 0.189289 0.0197585 17.0951 6049.92 6 581.711 0.210639 3.74566 3 1 587.126 0.746043 786.987 86 29 20.173 6.4048e-05 1.54737 3 
2.30902 0.00065555 -1 0.954217 0.188907 0.0203231 17.1129 6103.46 7 902.099 0.237367 3.24642 3 1 937.797 0.602868 1555.56 86 23 20.637 7.26189e-05 1.72629 3 
2.32934 0.000665019 -1 0.958122 0.188618 0.0203231 17.1316 6156.59 7 779.243 0.233286 3.18712 3 1 811.472 0.915587 886.286 86 25 18.4082 6.51009e-05 1.65218 3 
2.3503 0.000673544 -1 0.962028 0.188265 0.0209582 17.1528 6208.68 8 655.736 0.196055 2.75768 3 2 613.789 0.726727 29.0619 85 18 17.2995 8.33495e-05 1.97422 3 
2.37125 0.000680519 -1 0.965907 0.187897 0.0209582 17.1668 6263.25 7 535.707 0.174904 3.14788 3 1 372.906 0.371204 1004.59 85 14 15.2556 6.51636e-05 2.41841 3 
2.39221 0.000689796 -1 0.969763 0.187564 0.0209582 17.1794 6318.26 7 473.819 0.209788 3.01383 3 1 576.196 0.168843 3412.62 85 11 12.3984 7.92091e-05 2.96644 3 
2.41317 0.000705398 -1 0.973654 0.187407 0.0209582 17.1921 6373.18 10 993.732 0.164731 2.38808 3 1 840.581 0.615617 1365.43 85 8 16.1495 4.43311e-05 4.95657 3 
2.43413 0.00071148 -1 0.977597 0.18711 0.0209582 17.2048 6427.98 10 994.08 0.170478 2.37999 4 1 966.176 0.151093 6394.58 85 8 23.5285 4.95749e-05 5.1232 3 
2.45589 0.000715955 -1 0.981742 0.186788 0.0217643 17.2178 6482.58 9 727.662 0.189815 2.50137 3 1 751.878 0.2145 3505.25 85 9 25.3443 3.19078e-05 4.52432 3 
2.47766 0.000719514 -1 0.98591 0.186508 0.0217643 17.2306 6537.19 10 521.565 0.171788 2.22962 3 1 536.603 0.232993 2303.08 85 8 22.7123 5.79428e-05 5.00216 3 
2.50037 0.000724778 -1 0.990074 0.186074 0.0227105 17.2446 6591.3 11 760.899 0.15645 2.1636 3 1 738.657 0.290293 2544.52 85 13 21.5806 7.09214e-05 2.64114 2 
2.51887 0.000730372 -1 0.993439 0.186038 0.0185049 17.2569 6645.92 8 567.116 0.234505 2.64813 3 1 592.062 1.11162 532.611 85 11 8.80005 5.0016e-05 2.99814 2 
2.53892 0.000740088 -1 0.9971 0.185967 0.0200469 17.2693 6700.45 7 255.548 0.184094 2.81138 4 1 843.364 0.980434 860.194 85 11 11.8584 4.0757e-05 3.13842 2 
2.55897 0.000748831 -1 1.00079 0.185962 0.0200469 17.2829 6754.43 7 973.723 0.227415 3.30219 3 1 700.919 0.937011 748.037 85 15 10.6302 8.89704e-05 2.18015 2 
2.57997 0.000757874 -1 1.00472 0.185918 0.0210016 17.3019 6806.18 12 1022.41 0.170166 2.06489 3 1 975.513 0.125402 7779.09 85 23 18.5153 5.7037e-05 1.7363 3 
2.60097 0.000760933 -1 1.00869 0.185833 0.0210016 17.3182 6858.9 10 780.446 0.218817 2.26582 3 1 734.833 0.454154 1618.03 85 17 23.7764 5.59126e-05 2.14337 3 
2.62314 0.000764993 -1 1.01291 0.185637 0.0221683 17.3358 6911.03 11 726.51 0.176789 2.13072 3 1 645.812 0.79175 815.677 85 20 25.9065 7.76097e-05 1.88875 3 
2.64108 0.000769046 -1 1.01619 0.185645 0.0179458 17.3489 6964.83 6 703.38 0.293631 3.6579 4 1 508.771 0.332949 1528.08 85 12 15.2948 4.38867e-05 2.89635 3 
2.65903 0.000774611 -1 1.01944 0.185659 0.0179458 17.3618 7018.64 8 514.021 0.304434 2.53184 3 1 555.737 0.815401 681.551 85 10 8.8789 3.32956e-05 3.48817 3 
2.67797 0.000779608 -1 1.02289 0.185737 0.0189428 17.3814 7069.61 7 175.323 0.218659 2.59937 4 1 395.547 0.303107 1304.97 85 35 11.741 8.48886e-05 1.40243 2 
2.6981 0.000786084 -1 1.02657 0.185912 0.0201267 17.3968 7122.22 7 836.358 0.212135 3.26349 4 1 439.746 0.378951 1160.43 85 20 9.16386 6.64682e-05 1.80706 2 
2.71966 0.000791153 -1 1.0306 0.186003 0.0215643 17.4124 7174.64 11 720.602 0.209032 2.09696 3 1 765.951 0.807715 948.293 85 18 11.6576 6.93437e-05 1.95124 2 
2.74123 0.000794419 -1 1.03468 0.186098 0.0215643 17.4281 7226.93 10 915.359 0.214009 2.30736 3 1 820.319 0.730835 1122.44 85 19 17.5705 8.36804e-05 1.90596 2 
2.76475 0.000798908 -1 1.03915 0.185966 0.0235247 17.4512 7276.04 12 1029.84 0.137594 2.10304 3 2 889.959 0.510452 41.7549 84 25 28.5589 7.7339e-05 1.66991 2 
2.78044 0.00080309 -1 1.04204 0.186247 0.0156831 17.464 7329.38 7 537.783 0.313759 2.89735 3 1 770.552 0.667147 1155 84 13 12.4347 9.19791e-05 2.48135 2 
2.79733 0.000807461 -1 1.04511 0.186202 0.0168895 17.4762 7382.86 6 590.639 0.257678 3.63112 2 1 557.38 0.473761 1176.5 84 13 10.9528 4.24177e-05 2.60799 2 
2.81575 0.00082033 -1 1.04848 0.186328 0.0184249 17.4937 7434.01 8 305.412 0.289275 2.38752 3 2 555.232 0.0780998 84.3164 83 12 10.9409 5.01028e-05 2.78569 2 
2.83418 0.000833624 -1 1.05185 0.186611 0.0184249 17.5051 7487.63 5 369.482 0.234089 4.36157 3 1 252.482 0.614093 411.147 83 11 12.4142 3.67856e-05 3.18103 2 
2.8549 0.000847672 -1 1.05571 0.186851 0.0207281 17.5184 7540.43 8 1012.46 0.202147 2.90044 3 1 432.424 0.386245 1119.56 83 12 11.0602 7.96423e-05 2.68257 3 
2.87563 0.000859196 -1 1.05964 0.187136 0.0207281 17.5418 7588.73 7 549.465 0.166195 3.18244 4 1 592.837 0.178132 3328.08 83 38 10.7807 8.20261e-05 1.36365 3 
2.89636 0.000867357 -1 1.0636 0.187331 0.0207281 17.5657 7636.7 7 832.521 0.211609 3.26251 4 1 697.25 0.227396 3066.24 83 39 14.2728 9.58957e-05 1.35717 3 
2.91709 0.000874904 -1 1.06751 0.187346 0.0207281 17.5889 7684.83 7 871.881 0.221525 3.26269 4 1 758.387 0.465321 1629.81 83 37 21.1576 8.15272e-05 1.40065 3 
2.93367 0.00088175 -1 1.07055 0.187521 0.0165824 17.6032 7736.76 5 569.199 0.299351 4.52707 3 1 537.709 0.212714 2527.85 83 16 13.4698 5.09448e-05 2.18218 3 
2.95025 0.000890895 -1 1.0736 0.187643 0.0165824 17.6164 7789.13 8 486.925 0.295107 2.52456 2 1 505.131 0.169181 2985.75 83 12 9.51652 8.58689e-05 2.63261 3 
2.96684 0.000900075 -1 1.07666 0.187877 0.0165824 17.6289 7841.68 7 243.584 0.307655 2.59468 2 1 342.29 0.720147 475.306 83 11 9.65016 5.76409e-05 2.98463 3 
2.98342 0.000908735 -1 1.07973 0.188184 0.0165824 17.6464 7891.93 7 522.891 0.294306 2.91226 2 1 240.221 0.233094 1030.58 83 30 10.5805 7.47872e-05 1.48487 2 
3 0.000916981 -1 1.08286 0.188486 0.0165824 17.6605 7943.61 7 618.34 0.306236 2.96597 2 1 251.09 0.047016 5340.53 83 19 11.2706 6.42457e-05 1.88801 2 

# Multigrid, 137 steps, 141.308 CPU, 17.68 real, 7.93e+03 points.step/s, 24 var
