t sb -1 xb vb dt perf.t perf.speed
0 0 -1 0.5 0 0.00134247 0 0 
0.00134247 0 -1 0.5 -0.000217773 0.00134247 0.004574 223874 1 351.09 51.5025 6.81695 4 
0.00390324 3.63048e-06 -1 0.499998 -0.000626906 0.00256077 0.00774 264599 1 68.8371 15.2234 4.52179 4 1 80.7487 20.5912 3.92151 4 1 0.000449889 6.74349e-09 66714.6 4 
0.00757493 -3.53749e-05 -1 0.499996 0.00194247 0.00367169 0.012033 255298 4 29.2216 6.44773 1.45906 4 1 98.6304 20.4658 4.81928 4 1 0.000625445 2.76522e-08 22618.3 4 
0.0122506 -7.6656e-05 -1 0.500004 0.00549419 0.00467566 0.014816 276458 1 5.79073 2.83562 2.04214 4 1 29.2346 2.17749 13.4258 4 1 0.00171155 2.21759e-07 7718.08 4 
0.0178456 -9.84871e-05 -1 0.500035 0.00964438 0.00559504 0.017595 290992 1 2.78786 1.07204 2.60052 4 1 12.9979 5.82381 2.23186 4 1 0.00289174 6.78947e-07 4259.15 4 
0.0242727 -8.44913e-05 -1 0.500096 0.0136329 0.00642706 0.020787 295569 2 3.80748 2.28891 1.28975 4 1 18.3487 9.67525 1.89646 4 1 0.00425771 1.52871e-06 2785.16 4 
0.0314604 -4.44798e-05 -1 0.500192 0.0169683 0.00718775 0.02449 292691 3 3.87718 1.67909 1.32174 4 2 16.0221 6.46488 1.57427 4 1 0.00546282 2.74435e-06 1990.57 4 
0.0393345 -7.26945e-06 -1 0.500324 0.0204556 0.00787411 0.026944 304038 1 2.58813 0.795739 3.25249 4 1 13.4282 2.68914 4.99349 4 1 0.00639358 4.2105e-06 1518.48 4 
0.0478178 1.69422e-05 -1 0.500495 0.0241053 0.00848328 0.029345 314057 1 2.79269 0.221801 12.591 4 1 4.96934 1.07627 4.6172 4 1 0.00747325 6.16868e-06 1211.48 4 
0.0568736 2.28005e-05 -1 0.50071 0.0280256 0.00905577 0.031802 321992 1 2.70762 0.724243 3.73854 4 1 10.9392 0.46072 23.7437 4 1 0.00858468 8.60963e-06 997.101 4 
0.0664603 9.87055e-06 -1 0.500975 0.0323887 0.00958673 0.034565 325879 2 2.64507 0.634412 2.04189 4 1 8.57775 1.02814 8.34294 4 1 0.00972385 1.15268e-05 843.587 4 
0.0765067 -1.12579e-05 -1 0.501296 0.0371757 0.0100464 0.037334 329137 2 2.47498 0.533247 2.15438 4 1 10.0088 0.829072 12.0723 4 1 0.0109178 1.48142e-05 736.985 4 
0.0869852 -3.07744e-05 -1 0.501682 0.0422104 0.0104785 0.039739 334986 1 2.68456 0.710723 3.77722 4 1 9.25213 0.392035 23.6003 4 1 0.012377 1.84773e-05 669.851 4 
0.0978546 -4.47678e-05 -1 0.502137 0.0473758 0.0108695 0.042744 335392 3 842.757 0.350079 13.4023 2 1 2.81897 0.290002 9.7205 4 1 0.013763 2.22021e-05 619.896 4 
0.10906 -4.76913e-05 -1 0.502665 0.0526626 0.0112052 0.04505 340954 1 6.9049 0.745378 9.26362 2 1 16.6513 0.729802 22.8162 4 1 0.0150392 2.57805e-05 583.357 4 
0.120578 -3.97215e-05 -1 0.503269 0.0578614 0.0115177 0.048053 340957 4 851.547 0.381287 6.87447 2 1 3.78245 1.01533 3.72532 4 1 0.016179 2.92422e-05 553.278 4 
0.132378 -2.48047e-05 -1 0.50395 0.063104 0.0118009 0.050613 343943 2 8.75033 0.271212 5.68013 2 1 6.81864 0.841208 8.10577 4 1 0.0170416 3.2395e-05 526.057 4 
0.144478 -1.11025e-05 -1 0.504712 0.068367 0.0120997 0.053192 346518 2 8.83341 0.229359 6.20592 2 1 3.94147 0.721106 5.46587 4 1 0.0179209 3.67846e-05 487.184 4 
0.156786 1.03048e-07 -1 0.505553 0.0736213 0.0123083 0.055731 349106 2 8.29386 0.192502 6.56389 2 1 4.63933 0.512104 9.05935 4 1 0.0187283 4.0355e-05 464.09 4 
0.169312 8.65437e-06 -1 0.506476 0.0788266 0.0125252 0.05873 348714 4 841.17 0.289903 7.33935 2 1 4.95351 0.45067 10.9914 4 1 0.0192471 4.43197e-05 434.278 4 
0.182062 1.06274e-05 -1 0.507483 0.0841099 0.0127508 0.061318 350696 2 8.16318 0.141191 7.60373 2 1 5.43613 0.323515 16.8033 4 1 0.0195536 4.82564e-05 405.201 4 
0.194989 9.86616e-06 -1 0.508574 0.0894444 0.0129263 0.064089 351511 3 893.238 0.50983 12.0554 2 1 5.20298 0.369696 14.0737 4 1 0.0198129 5.16466e-05 383.625 4 
0.208096 -1.38317e-06 -1 0.509752 0.094754 0.0131075 0.067115 350920 4 791.997 0.419725 6.59082 2 1 7.42428 0.392797 18.9011 4 1 0.0201599 5.52625e-05 364.803 4 
0.221328 -4.70959e-06 -1 0.511012 0.100084 0.0132318 0.069658 352809 2 13.3548 0.220014 7.79099 2 1 5.86353 0.469619 12.4857 4 1 0.0204069 5.81108e-05 351.173 4 
0.234687 -2.61651e-06 -1 0.512356 0.105443 0.013359 0.072709 352088 4 961.907 0.155936 8.8623 2 1 6.39388 0.559019 11.4377 4 1 0.0231645 6.11712e-05 378.683 4 
0.248176 1.55451e-06 -1 0.513787 0.11074 0.0134893 0.075702 351695 4 587.58 0.258548 6.90449 2 1 6.95 0.378193 18.3769 4 1 0.0248953 6.45446e-05 385.707 4 
0.261799 7.35123e-06 -1 0.515305 0.115978 0.0136229 0.078218 353474 2 12.2504 0.475039 5.0782 2 1 7.82113 0.359359 21.7641 4 1 0.0258485 6.79175e-05 380.586 4 
0.27549 1.81846e-05 -1 0.516902 0.121162 0.013691 0.080967 354120 3 11.4412 0.187795 3.93486 2 1 6.82239 0.368654 18.5062 4 1 0.0265356 7.02669e-05 377.64 4 
0.28932 2.67225e-05 -1 0.518589 0.126243 0.01383 0.084284 352333 5 635.727 0.21748 4.93367 2 1 8.11974 0.255644 31.7619 4 1 0.025614 7.4673e-05 343.015 4 
0.303221 2.77236e-05 -1 0.520355 0.131254 0.0139009 0.087252 352084 4 826.721 0.215821 7.86713 2 1 9.36923 0.394418 23.7546 4 1 0.0294087 7.86827e-05 373.763 4 
0.317194 2.53572e-05 -1 0.5222 0.136194 0.0139729 0.090442 350987 5 812.345 0.234933 5.10222 2 1 17.5803 0.410843 42.7907 4 1 0.0335089 8.38258e-05 399.745 4 
0.33124 1.84606e-05 -1 0.524118 0.141075 0.0140461 0.093018 352276 2 16.8841 0.498083 5.82221 2 1 11.6439 0.539 21.6028 4 1 0.0326231 8.53061e-05 382.424 4 
0.345361 1.45548e-05 -1 0.52611 0.14601 0.0141204 0.095978 352081 4 1028.68 0.349271 7.36681 2 1 14.3357 0.707911 20.2507 4 1 0.0368223 9.0699e-05 405.984 4 
0.359481 1.04031e-05 -1 0.528157 0.150896 0.0141204 0.098955 351837 4 831.464 0.0936974 9.70575 2 1 15.312 0.807045 18.973 4 1 0.0316164 9.34587e-05 338.292 4 
0.373677 1.06969e-05 -1 0.530272 0.155643 0.0141963 0.101991 351404 4 946.011 0.325406 7.3429 2 1 15.1314 1.03223 14.6589 4 1 0.0332922 9.51644e-05 349.839 4 
0.387951 1.5744e-05 -1 0.532468 0.160196 0.0142735 0.105584 349144 5 892.028 0.203113 5.35215 2 1 17.0605 1.38637 12.3059 4 2 0.0350333 1.08414e-06 179.762 3 
0.402224 1.48401e-05 -1 0.534734 0.164605 0.0142735 0.108551 349034 3 23.9019 0.0979977 6.24797 2 1 16.9887 1.46573 11.5906 4 2 0.0393749 3.31626e-05 34.4576 2 
0.416577 1.7475e-05 -1 0.537093 0.169024 0.0143524 0.112092 347143 4 929.261 0.197885 8.27811 2 1 17.4092 1.39977 12.4372 4 3 0.0372232 6.44137e-06 17.9451 2 
0.430929 1.58032e-05 -1 0.539527 0.17324 0.0143524 0.115526 345688 4 651.229 0.245584 7.17602 2 1 18.5891 1.36349 13.6335 4 3 0.0369763 7.35715e-06 17.1292 2 
0.445362 1.85757e-05 -1 0.542042 0.177364 0.014433 0.119158 343745 5 904.058 0.134933 5.82393 2 1 26.2386 1.06075 24.7359 4 3 0.0428797 6.1885e-06 19.0644 2 
0.459795 2.19817e-05 -1 0.54462 0.181306 0.014433 0.122334 343192 4 852.376 0.124529 9.09578 2 1 16.8373 1.30141 12.9377 4 2 0.0391404 6.68168e-05 24.203 2 
0.474228 2.43721e-05 -1 0.547254 0.185194 0.014433 0.12518 343569 3 26.6688 0.186417 5.23005 2 1 17.5717 1.23284 14.2531 4 2 0.0423123 4.86147e-05 29.5019 2 
0.488744 2.84168e-05 -1 0.54996 0.189032 0.0145159 0.1285 342661 5 895.527 0.267347 5.06991 2 1 18.6095 1.13974 16.3279 4 2 0.0450316 5.89328e-05 27.6427 2 
0.50326 2.7505e-05 -1 0.552709 0.1926 0.0145159 0.131628 342298 4 616.431 0.383163 6.33323 2 1 20.7728 0.867818 23.9368 4 2 0.0488481 5.19593e-05 30.6614 2 
0.517776 3.44626e-05 -1 0.555482 0.196102 0.0145159 0.13474 341992 4 906.294 0.229292 7.92903 2 1 27.2106 1.50847 18.0386 4 2 0.037506 3.8402e-05 31.2517 2 
0.532292 4.38566e-05 -1 0.558307 0.19952 0.0145159 0.138257 340699 4 955.351 0.293232 7.55506 2 2 26.0219 0.129504 14.1752 4 2 0.0397421 3.77736e-05 32.4363 2 
0.546808 4.89068e-05 -1 0.56119 0.202715 0.0145159 0.141694 339662 4 914.658 0.284237 7.53173 2 2 25.1185 0.182829 11.7213 3 2 0.0395998 3.57077e-05 33.3016 2 
0.56141 5.68396e-05 -1 0.564137 0.205608 0.0146023 0.145055 338851 4 801.521 0.412174 6.64062 2 2 23.4442 0.211804 10.5209 3 2 0.0381826 3.69691e-05 32.1376 2 
0.576012 7.8594e-05 -1 0.567136 0.208409 0.0146023 0.1483 338341 4 991.977 0.462145 6.80661 2 2 22.5345 0.326722 8.30491 2 2 0.04772 3.69588e-05 35.9328 2 
0.590615 6.14425e-05 -1 0.570173 0.211169 0.0146023 0.151251 338510 3 24.6838 0.221658 4.81108 2 2 23.386 0.81036 5.37203 2 2 0.0481525 3.65208e-05 36.3111 2 
0.605217 5.70699e-05 -1 0.573273 0.213897 0.0146023 0.154278 338506 3 998.934 0.444034 13.1031 2 2 20.9122 0.900372 4.81936 2 2 0.0509674 3.54457e-05 37.9197 2 
0.619819 4.65074e-05 -1 0.576395 0.216439 0.0146023 0.157471 338145 4 677.236 0.187266 7.7548 2 2 30.0548 0.574239 7.23454 2 2 0.0492625 3.51137e-05 37.4559 2 
0.634422 4.97462e-05 -1 0.579524 0.218802 0.0146023 0.160668 337790 4 1011.29 0.266224 7.85067 2 2 39.7685 0.721883 7.42226 2 2 0.0416135 3.85921e-05 32.8374 2 
0.649024 6.17342e-05 -1 0.582702 0.220936 0.0146023 0.164164 336834 5 943.337 0.301852 5.00005 2 2 31.7698 0.748548 6.51474 2 2 0.0389871 4.35817e-05 29.9095 2 
0.663626 7.49158e-05 -1 0.585932 0.222923 0.0146023 0.167584 336070 5 513.887 0.258001 4.56929 2 2 29.2832 0.845217 5.88606 2 2 0.0456722 6.10041e-05 27.3619 2 
0.678321 8.4018e-05 -1 0.589218 0.22475 0.0146942 0.170975 335394 5 606.862 0.216539 4.89227 2 2 25.0947 0.676076 6.09247 2 2 0.0433535 7.18614e-05 24.562 2 
0.693015 8.81725e-05 -1 0.592545 0.226581 0.0146942 0.174205 335054 4 925.843 0.293465 7.49454 2 2 22.5117 0.679654 5.75519 2 2 0.0473555 6.06317e-05 27.947 2 
0.707709 8.59611e-05 -1 0.595885 0.228176 0.0146942 0.177365 334857 4 865.63 0.16331 8.53257 2 2 27.7779 0.837058 5.76066 2 2 0.0471816 4.53639e-05 32.2501 2 
0.722403 8.70487e-05 -1 0.599207 0.229681 0.0146942 0.180048 335555 2 31.2893 0.420178 8.62941 2 2 24.2611 0.704045 5.87022 2 2 0.0404604 4.28105e-05 30.7425 2 
0.737097 0.000100148 -1 0.602517 0.231024 0.0146942 0.183234 335309 4 954.331 0.443937 6.80917 2 2 24.8692 0.764828 5.70229 2 2 0.0446174 4.08882e-05 33.0334 2 
0.751791 9.3124e-05 -1 0.605868 0.232293 0.0146942 0.186148 335561 3 483.611 0.218574 13.0306 2 2 27.2497 1.06409 5.06049 2 2 0.0437249 4.27218e-05 31.9919 2 
0.766486 9.26562e-05 -1 0.609269 0.233413 0.0146942 0.189806 334489 5 972.27 0.0977501 6.30281 2 2 26.6603 1.00419 5.15258 2 3 0.049586 6.64846e-06 19.538 2 
0.78118 9.23487e-05 -1 0.612724 0.234424 0.0146942 0.193514 333371 5 889.157 0.095008 6.2265 2 2 24.5034 0.662323 6.08244 2 3 0.047541 8.09383e-06 18.0428 2 
0.795874 9.40338e-05 -1 0.616204 0.235299 0.0146942 0.196932 332785 4 789.955 0.261857 7.41113 2 2 25.8015 0.558988 6.79394 2 3 0.0446837 5.00727e-06 20.7419 2 
0.810568 0.000102769 -1 0.619663 0.236069 0.0146942 0.200068 332687 4 816.835 0.270455 7.41327 2 2 20.4753 0.482378 6.51511 2 2 0.0489984 6.71049e-05 27.0218 2 
0.825262 0.000117952 -1 0.623069 0.23675 0.0146942 0.203207 332587 4 1284.6 0.314616 7.99368 2 2 21.0233 0.46493 6.72444 2 2 0.0483611 6.89237e-05 26.4889 2 
0.839956 0.000128253 -1 0.626523 0.237362 0.0146942 0.206338 332503 4 917.421 0.345618 7.17783 2 2 26.2897 0.957146 5.24087 2 2 0.0420909 5.11357e-05 28.6901 2 
0.854651 0.000132824 -1 0.630005 0.237844 0.0146942 0.20947 332420 4 259.547 0.26571 5.59052 2 2 24.0415 1.00058 4.90179 2 2 0.0453418 3.47975e-05 36.0974 2 
0.869345 0.000141439 -1 0.633523 0.238338 0.0146942 0.212661 332247 4 867.149 0.237961 7.76957 2 2 23.1435 0.701263 5.74479 2 2 0.0478553 3.41433e-05 37.438 2 
0.884039 0.00015354 -1 0.637051 0.238696 0.0146942 0.216023 331817 5 1240.25 0.148806 6.08384 2 2 28.111 0.736719 6.17714 2 2 0.0451988 3.35244e-05 36.7183 2 
0.898733 0.000150977 -1 0.64055 0.239054 0.0146942 0.219143 331765 4 1076.52 0.251972 8.08476 2 2 18.3853 0.618985 5.44999 2 2 0.043496 3.76852e-05 33.9734 2 
0.913427 0.000154732 -1 0.643943 0.239276 0.0146942 0.22234 331600 4 846.241 0.251036 7.61973 2 2 19.3661 1.12802 4.14345 2 2 0.0517112 5.44275e-05 30.8236 2 
0.928121 0.000150467 -1 0.647402 0.239379 0.0146942 0.225471 331537 4 734.229 0.0783497 9.83894 2 2 27.6799 1.36297 4.5065 2 2 0.052373 7.7535e-05 25.9899 2 
0.942816 0.00015379 -1 0.650907 0.239479 0.0146942 0.22862 331450 4 356.89 0.152504 6.95526 2 2 28.9935 1.51369 4.37655 2 2 0.0588195 9.08681e-05 25.4422 2 
0.95751 0.000159171 -1 0.654459 0.239555 0.0146942 0.232013 331016 5 842.886 0.237691 5.12804 2 2 29.2023 0.582509 7.08039 2 2 0.058164 7.42458e-05 27.9892 2 
0.972204 0.000167465 -1 0.658034 0.239569 0.0146942 0.235223 330852 4 850.05 0.228943 7.80601 2 2 27.9281 0.642675 6.59212 2 2 0.0516934 5.61294e-05 30.3475 2 
0.986898 0.000178064 -1 0.66163 0.239511 0.0146942 0.238861 330100 6 1328.65 0.377725 3.89977 2 2 19.8812 0.538447 6.07645 2 2 0.0465202 5.54481e-05 28.9652 2 
1.00159 0.00019274 -1 0.665044 0.23941 0.0146942 0.242322 329611 5 1540.41 0.240395 5.77221 2 2 21.4051 0.897805 4.88278 2 2 0.0543616 8.24964e-05 25.6702 2 
1.01629 0.000192478 -1 0.668481 0.239195 0.0146942 0.245793 329122 5 778.306 0.186017 5.30053 2 2 41.328 1.30988 5.61702 2 2 0.0647248 8.13997e-05 28.1984 2 
1.03098 0.000188994 -1 0.671947 0.238913 0.0146942 0.249602 328202 6 873.628 0.202467 4.03486 2 2 26.6473 1.22419 4.66554 2 2 0.071983 8.20724e-05 29.6153 2 
1.04567 0.000194749 -1 0.675449 0.238566 0.0146942 0.253083 327734 5 724.778 0.354824 4.59239 2 2 24.0428 1.12613 4.6206 2 2 0.0794387 8.34318e-05 30.8568 2 
1.06037 0.00020049 -1 0.678968 0.238339 0.0146942 0.256738 327057 6 1723.94 0.245779 4.37518 2 2 26.2134 1.40082 4.32584 2 2 0.0718675 7.72289e-05 30.5054 2 
1.07506 0.000194755 -1 0.682534 0.237962 0.0146942 0.260253 326575 4 59.5767 0.385351 3.52619 2 2 21.9511 1.53223 3.785 2 3 0.0693759 6.58055e-06 21.9271 2 
1.08976 0.000192834 -1 0.686038 0.237585 0.0146942 0.263908 325932 4 751.503 0.210449 7.73029 2 2 30.8641 1.06714 5.37795 2 3 0.0671541 8.4648e-06 19.9443 2 
1.10445 0.000188173 -1 0.68943 0.237 0.0146942 0.267623 325234 4 785.275 0.23496 7.60338 2 2 23.1588 1.09228 4.60459 2 3 0.0770756 4.94332e-06 24.9823 2 
1.11915 0.000186025 -1 0.692838 0.236428 0.0146942 0.270722 325293 3 22.9749 0.168289 5.14912 2 2 36.2599 0.705487 7.16917 2 2 0.0733622 7.89707e-05 30.4792 2 
1.13384 0.000187271 -1 0.696289 0.235932 0.0146942 0.274117 325000 4 1181.67 0.16855 9.15044 2 2 26.1955 0.615877 6.52178 2 2 0.068259 9.41009e-05 26.9329 2 
1.14853 0.000190965 -1 0.699765 0.235416 0.0146942 0.277408 324836 4 666.231 0.271052 7.04114 2 2 30.0563 0.664291 6.72649 2 2 0.0687743 9.08198e-05 27.5184 2 
1.16323 0.000187677 -1 0.703277 0.234748 0.0146942 0.28068 324697 4 712.469 0.394745 6.51797 2 2 37.3939 0.701158 7.30285 2 2 0.0804699 8.32085e-05 31.098 2 
1.17792 0.000194573 -1 0.706787 0.234029 0.0146942 0.283986 324523 4 800.357 0.384222 6.75578 2 2 39.9869 0.793733 7.09776 2 2 0.0920278 8.01426e-05 33.8866 2 
1.19262 0.000192332 -1 0.710209 0.233313 0.0146942 0.287327 324313 4 1529.66 0.383363 7.94779 2 2 45.336 0.668714 8.23383 2 2 0.0801546 7.723e-05 32.216 2 
1.20731 0.000183005 -1 0.713532 0.232646 0.0146942 0.290682 324093 4 957.2 0.267046 7.73756 2 2 92.7692 1.25787 8.58784 2 2 0.0818061 8.75832e-05 30.562 2 
1.222 0.00017927 -1 0.716841 0.232062 0.0146942 0.294299 323589 4 1764.63 0.301058 8.74985 2 3 121.249 0.287175 7.50201 2 2 0.0653464 6.59238e-05 31.484 2 
1.2367 0.000166778 -1 0.720201 0.231368 0.0146942 0.297817 323205 4 113.879 0.148199 5.26502 2 2 35.2754 0.745023 6.881 2 2 0.0815828 6.06476e-05 36.6769 2 
1.25139 0.000167622 -1 0.723611 0.230729 0.0146942 0.301787 322347 5 1097.99 0.177566 5.73123 2 2 48.6418 0.679327 8.46185 2 2 0.0938922 6.0081e-05 39.5318 2 
1.26609 0.000174749 -1 0.727049 0.230057 0.0146942 0.305515 321765 4 876.093 0.338343 7.13343 2 2 35.6711 0.673189 7.2793 2 2 0.103246 6.03388e-05 41.3655 2 
1.28078 0.000174914 -1 0.730508 0.229364 0.0146942 0.308588 321879 3 38.0418 0.163203 6.15429 2 2 34.2928 0.583444 7.66658 2 2 0.116223 7.5816e-05 39.1531 2 
1.29548 0.000180018 -1 0.733887 0.228718 0.0146942 0.311956 321686 3 35.6768 0.154344 6.13713 2 2 39.4127 0.597291 8.12316 2 3 0.114709 2.1515e-06 37.6373 2 
1.31017 0.000188527 -1 0.737229 0.228048 0.0146942 0.315627 321189 4 2337.7 0.33766 9.12173 2 2 36.0678 0.750391 6.93291 2 3 0.0993616 3.35438e-06 30.9411 2 
1.32486 0.000201572 -1 0.740504 0.227429 0.0146942 0.319233 320769 4 763.715 0.32024 6.98818 2 2 45.3657 0.807593 7.49493 2 3 0.0907819 4.22255e-06 27.8062 2 
1.33956 0.000208639 -1 0.743772 0.226798 0.0146942 0.322918 320279 4 779.504 0.164268 8.29978 2 2 38.1587 0.830271 6.77933 2 3 0.104594 4.03931e-06 29.5846 2 
1.35425 0.000204972 -1 0.747059 0.226116 0.0146942 0.326828 319581 4 724.227 0.167593 8.10783 2 2 35.5253 1.1143 5.64635 2 3 0.119154 2.8851e-06 34.566 2 
1.36895 0.000206535 -1 0.750376 0.225545 0.0146942 0.330193 319425 4 1521.08 0.330801 8.23468 2 2 59.0688 1.19682 7.02531 2 2 0.130147 9.72601e-05 36.5805 2 
1.38364 0.000187883 -1 0.753728 0.224884 0.0146942 0.333853 318991 4 719.873 0.179229 7.96089 2 2 25.7649 1.66337 3.93568 2 3 0.125824 8.44744e-06 24.6044 2 
1.39834 0.000176306 -1 0.757063 0.224167 0.0146942 0.33724 318823 3 37.825 0.142415 6.42798 2 2 41.7213 1.01296 6.41776 2 3 0.121803 8.59146e-06 24.2027 2 
1.41303 0.000182289 -1 0.760349 0.223495 0.0146942 0.340606 318679 4 802.59 0.309628 7.13532 2 2 44.116 0.71224 7.87019 2 2 0.123377 8.78454e-05 37.4763 2 
1.42772 0.000189749 -1 0.763628 0.222817 0.0146942 0.343734 318758 3 695.196 0.430486 11.7323 2 2 82.312 1.08887 8.69448 2 2 0.129208 8.18524e-05 39.7309 2 
1.44242 0.000195339 -1 0.766864 0.222069 0.0146942 0.34706 318654 4 696.515 0.24125 7.3302 2 2 54.9969 0.696427 8.88651 2 2 0.103042 7.72051e-05 36.5329 2 
1.45711 0.000189328 -1 0.770067 0.221441 0.0146942 0.350427 318514 4 543.32 0.321411 6.41208 2 2 44.2225 0.673471 8.10331 2 2 0.0935219 5.63951e-05 40.7226 2 
1.47181 0.000186223 -1 0.773281 0.220507 0.0146942 0.354539 317708 7 2287.76 0.346717 3.51264 2 2 50.4313 0.633132 8.92489 2 2 0.105834 5.7778e-05 42.7988 2 
1.4865 0.000202273 -1 0.776525 0.219745 0.0146942 0.357646 317811 3 149.843 0.305602 7.88546 2 2 51.623 0.722792 8.45113 2 2 0.116133 6.10331e-05 43.6209 2 
1.50119 0.00020923 -1 0.779783 0.218893 0.0146942 0.361465 317287 6 1056.13 0.202204 4.16538 2 2 58.3949 0.503087 10.7737 2 2 0.130375 6.45563e-05 44.9395 2 
1.51589 0.000213727 -1 0.78301 0.218169 0.0146942 0.364882 317122 4 774.714 0.156384 8.38952 2 2 47.3571 0.747706 7.95843 2 2 0.141651 6.22127e-05 47.7166 2 
1.53058 0.000214495 -1 0.786187 0.21749 0.0146942 0.368202 317043 4 2770.05 0.445716 8.87886 2 2 45.4362 1.67573 5.20714 2 2 0.158322 6.41556e-05 49.6768 2 
1.54528 0.000203355 -1 0.789381 0.216752 0.0146942 0.371522 316966 3 115.764 0.147706 9.21989 2 3 125.961 0.45278 6.52804 2 2 0.160252 8.55152e-05 43.2892 2 
1.55997 0.000201807 -1 0.792548 0.215956 0.0146942 0.375134 316644 4 720.321 0.21017 7.65136 2 3 28.0253 0.518347 3.78132 2 2 0.140793 9.97375e-05 37.5717 2 
1.57467 0.000205337 -1 0.795688 0.215095 0.0146942 0.37842 316601 4 137.61 0.148526 5.51712 2 2 36.9145 0.894338 6.42463 2 2 0.162601 9.45329e-05 41.4735 2 
1.58936 0.00021151 -1 0.798807 0.214276 0.0146942 0.381442 316777 3 113.445 0.147435 9.1635 2 2 48.098 0.751191 8.00181 2 2 0.172889 7.52494e-05 47.9327 2 
1.60405 0.00021521 -1 0.80195 0.213491 0.0146942 0.384478 316939 3 56.306 0.160425 7.05387 2 2 50.2073 0.564938 9.42721 2 2 0.173471 6.21911e-05 52.814 2 
1.61875 0.000214919 -1 0.805103 0.212743 0.0146942 0.387956 316737 5 1765.48 0.309449 5.63968 2 2 40.023 0.74008 7.35386 2 2 0.167871 6.29658e-05 51.6339 2 
1.63344 0.000201722 -1 0.808282 0.212017 0.0146942 0.391402 316565 5 781.151 0.315327 4.77304 2 2 46.7863 1.02805 6.74609 2 2 0.166042 7.15904e-05 48.1595 2 
1.64814 0.000186119 -1 0.811403 0.211284 0.0146942 0.394667 316540 4 610.005 0.205129 7.3846 2 2 60.2473 0.902071 8.17237 2 2 0.160661 8.46124e-05 43.5751 2 
1.66283 0.000179037 -1 0.814501 0.210609 0.0146942 0.398375 316164 5 680.453 0.205735 5.05706 2 3 146.155 0.245948 8.40731 2 2 0.162476 9.72628e-05 40.8716 2 
1.67752 0.000173882 -1 0.817564 0.210023 0.0146942 0.401933 315913 4 1610.81 0.336289 8.31922 2 2 67.0045 0.741131 9.50833 2 3 0.166781 3.33982e-06 36.8248 2 
1.69222 0.000162526 -1 0.820616 0.209493 0.0146942 0.405297 315818 3 89.1411 0.276259 6.85889 2 2 62.8787 0.633483 9.96287 2 3 0.149656 8.7886e-06 25.7271 2 
1.70691 0.000159535 -1 0.823626 0.208788 0.0146942 0.408854 315575 4 3397.85 0.325341 10.1092 2 2 38.069 0.630948 7.76763 2 3 0.159688 1.12889e-05 24.1847 2 
1.72161 0.000156473 -1 0.82665 0.208086 0.0146942 0.412421 315328 4 745.941 0.134686 8.62672 2 2 35.4566 0.529211 8.18529 2 3 0.170033 7.41543e-06 28.4096 2 
1.7363 0.000158758 -1 0.82969 0.2073 0.0146942 0.415746 315269 4 1278.95 0.21446 8.78773 2 2 66.9999 0.564839 10.8912 2 2 0.190421 8.63992e-05 46.9464 2 
1.751 0.000165881 -1 0.832762 0.206625 0.0146942 0.419 315265 4 1599.22 0.278823 8.70252 2 2 50.0298 0.776852 8.025 2 2 0.200826 9.50492e-05 45.9659 2 
1.76569 0.000186081 -1 0.835845 0.206072 0.0146942 0.422218 315287 4 562.219 0.11551 8.3526 2 2 30.1923 0.625479 6.94772 2 2 0.211664 9.98597e-05 46.0392 2 
1.78038 0.000192217 -1 0.838939 0.205452 0.0146942 0.425811 315032 4 659.838 0.44816 6.19443 2 2 150.436 0.75936 14.0751 2 3 0.238612 2.65104e-06 44.8152 2 
1.79508 0.000177857 -1 0.841968 0.204827 0.0146942 0.429273 314877 4 721.626 0.393019 6.54598 2 2 48.2667 0.907111 7.29447 2 3 0.228966 2.9178e-06 42.8126 2 
1.80977 0.000176123 -1 0.844977 0.20437 0.0146942 0.432522 314879 3 66.5729 0.217634 6.73789 2 2 40.5331 0.504643 8.96216 2 3 0.199115 3.13683e-06 39.8906 2 
1.82447 0.000176824 -1 0.847949 0.203911 0.0146942 0.436085 314654 4 1115.19 0.44506 7.07511 2 2 63.7335 0.879122 8.5145 2 3 0.177895 3.19981e-06 38.1663 2 
1.83916 0.00018755 -1 0.850871 0.203611 0.0146942 0.439568 314491 4 696.349 0.252253 7.24849 2 2 39.694 0.544795 8.53583 2 3 0.160872 3.11112e-06 37.2553 2 
1.85385 0.000189594 -1 0.853765 0.203063 0.0146942 0.443492 314017 5 3234.96 0.18516 7.05447 2 2 89.3702 0.640832 11.8093 2 3 0.162074 2.94315e-06 38.0453 2 
1.86855 0.000196086 -1 0.856709 0.202275 0.0146942 0.447817 313271 6 3131.29 0.37563 4.50291 2 2 39.0527 0.823781 6.88525 2 3 0.19063 3.11152e-06 39.4221 2 
1.88324 0.000218052 -1 0.859669 0.201612 0.0146942 0.451394 313057 4 748.344 0.329386 6.90397 2 2 70.2999 0.666019 10.2739 2 3 0.20469 3.0924e-06 40.4514 2 
1.89794 0.000224911 -1 0.862662 0.201121 0.0146942 0.455217 312677 4 1041.57 0.34058 7.43648 2 2 140.925 1.22474 10.7268 2 3 0.207964 3.104e-06 40.6152 2 
1.91263 0.000216641 -1 0.865668 0.200734 0.0146942 0.458909 312393 4 556.167 0.247301 6.88644 2 2 54.9477 1.49128 6.07009 2 3 0.218857 3.49894e-06 39.6955 2 
1.92733 0.000210055 -1 0.868704 0.20034 0.0146942 0.462589 312122 4 986.974 0.336926 7.35687 2 2 58.6811 1.12769 7.21364 2 3 0.217909 3.83525e-06 38.4439 2 
1.94202 0.000200599 -1 0.871696 0.19991 0.0146942 0.466445 311737 4 660.406 0.280582 6.96527 2 2 37.4906 0.895771 6.46938 2 3 0.212555 4.17207e-06 37.0715 2 
1.95671 0.000196067 -1 0.874651 0.199542 0.0146942 0.469969 311578 4 711.427 0.120334 8.76871 2 2 24.1754 0.830039 5.39682 2 3 0.182273 4.4791e-06 34.3962 2 
1.97141 0.000197692 -1 0.877559 0.199231 0.0146942 0.473508 311412 4 588.295 0.134318 8.13514 2 2 82.322 1.61477 7.14008 2 3 0.174083 4.6455e-06 33.4637 2 
1.9861 0.000202407 -1 0.880384 0.198832 0.0146942 0.477053 311244 4 676.904 0.452541 6.21895 2 2 26.903 0.919688 5.40854 2 3 0.146054 4.96973e-06 30.8598 2 
2.0008 0.000191754 -1 0.883207 0.198178 0.0146942 0.481251 310657 7 2697.25 0.449226 3.46561 2 2 35.092 1.20642 5.39329 2 3 0.15151 4.80456e-06 31.5933 2 
2.01549 0.00021058 -1 0.886054 0.197872 0.0146942 0.48505 310335 4 193.832 0.407812 4.66919 2 3 146.581 0.499979 6.64317 2 3 0.168258 5.94835e-06 30.4691 2 
2.03018 0.000208025 -1 0.888936 0.197595 0.0146942 0.488771 310067 5 3177.59 0.176937 7.09343 2 2 69.1665 1.23581 7.48121 2 3 0.180296 7.99412e-06 28.2535 2 
2.04488 0.000202716 -1 0.891856 0.197119 0.0146942 0.492525 309783 5 939.6 0.271576 5.10282 2 2 64.7243 1.19639 7.35525 2 3 0.191947 5.36464e-06 32.9519 2 
2.05957 0.000209355 -1 0.894792 0.196779 0.0146942 0.495769 309822 4 568.139 0.158728 7.73483 2 2 47.1839 1.09691 6.55862 2 2 0.193288 8.97877e-05 46.3974 2 
2.07427 0.000212399 -1 0.897755 0.196444 0.0146942 0.498716 310044 3 205.586 0.248958 9.38186 2 2 53.623 0.7373 8.52812 2 2 0.201 7.56487e-05 51.5463 2 
2.08896 0.000214235 -1 0.900726 0.196157 0.0146942 0.501654 310270 3 136.894 0.20021 8.80979 2 2 142.707 1.69837 9.16657 2 2 0.1709 8.25143e-05 45.51 2 
2.10366 0.000214633 -1 0.903699 0.195888 0.0146942 0.505269 310076 4 644.651 0.254135 7.09684 2 2 40.5242 1.11087 6.03983 2 3 0.159818 4.29806e-06 33.3773 2 
2.11835 0.000213274 -1 0.906584 0.195665 0.0146942 0.508968 309835 4 688.595 0.179896 7.86567 2 2 47.5014 0.792163 7.74366 2 3 0.147503 5.05036e-06 30.7959 2 
2.13304 0.000217891 -1 0.909355 0.195498 0.0146942 0.512725 309562 4 2614.67 0.358677 9.24014 2 2 37.0544 0.63567 7.63491 2 3 0.127911 5.00196e-06 29.4616 2 
2.14774 0.000201523 -1 0.912127 0.195243 0.0146942 0.516572 309239 4 652.324 0.207185 7.49077 2 2 136.044 1.46789 9.62704 2 3 0.150109 4.70256e-06 31.7217 2 
2.16243 0.0001968 -1 0.914919 0.194766 0.0146942 0.520558 308838 5 3415.13 0.0929735 8.18483 2 2 68.2966 0.55989 11.0446 2 3 0.166935 4.7572e-06 32.739 2 
2.17713 0.000202289 -1 0.917718 0.194409 0.0146942 0.52439 308534 4 1001.97 0.208142 8.3296 2 2 73.8983 0.915687 8.98346 2 3 0.166897 5.23567e-06 31.7073 2 
2.19182 0.000201092 -1 0.920566 0.194082 0.0146942 0.527956 308389 3 488.956 0.276384 12.0944 2 2 43.1729 1.34283 5.67015 2 3 0.17759 5.75653e-06 31.3631 2 
2.20651 0.000196591 -1 0.923434 0.193856 0.0146942 0.531701 308143 4 716.816 0.40838 6.4727 2 2 34.2974 0.958476 5.98191 2 3 0.17963 5.68177e-06 31.6202 2 
2.22121 0.000194139 -1 0.92633 0.193629 0.0146942 0.535442 307903 3 160.952 0.231645 8.85709 2 3 159.415 0.212239 9.09008 2 3 0.153253 5.14782e-06 30.9929 2 
2.2359 0.000190995 -1 0.929235 0.19342 0.0146942 0.538904 307825 3 98.6297 0.329834 6.68709 2 2 29.3089 0.408276 8.47271 2 3 0.140319 4.62802e-06 31.1822 2 
2.2506 0.000191531 -1 0.93216 0.193213 0.0146942 0.54237 307746 3 44.1263 0.199775 6.04485 2 2 52.136 0.461633 10.6272 2 3 0.132537 4.69001e-06 30.4594 2 
2.26529 0.000195258 -1 0.935066 0.193021 0.0146942 0.546366 307369 5 2643.4 0.146745 7.09774 2 2 35.14 0.738154 6.89965 2 3 0.115791 4.5301e-06 29.4571 2 
2.27999 0.00019894 -1 0.937949 0.192846 0.0146942 0.550052 307171 4 726.001 0.351662 6.74067 2 2 132.028 1.66156 8.91405 2 3 0.136471 4.06921e-06 32.2485 2 
2.29468 0.000200474 -1 0.94069 0.192567 0.0146942 0.553748 306970 4 598.166 0.220165 7.21969 2 2 74.561 0.834448 9.45271 2 3 0.15097 4.17689e-06 33.0633 2 
2.30937 0.00019616 -1 0.943432 0.192369 0.0146942 0.55775 306603 5 3023.15 0.308851 6.28264 2 2 50.8765 1.00279 7.12286 2 3 0.168466 4.49833e-06 33.457 2 
2.32407 0.000189104 -1 0.94618 0.192205 0.0146942 0.561151 306570 4 1080.46 0.202047 8.55145 2 2 46.3752 1.15654 6.33233 2 2 0.168983 9.24941e-05 42.743 2 
2.33876 0.000184156 -1 0.948951 0.192096 0.0146942 0.56467 306473 3 504.437 0.365742 11.1312 2 2 44.8633 1.01513 6.64791 2 3 0.166273 4.82489e-06 32.542 2 
2.35346 0.000181264 -1 0.951745 0.191986 0.0146942 0.568375 306277 4 602.669 0.135074 8.17291 2 2 135.375 1.1303 10.9439 2 3 0.151562 6.71002e-06 28.2676 2 
2.36815 0.000179402 -1 0.954578 0.191877 0.0146942 0.572075 306086 4 685.881 0.160596 8.08404 2 2 40.2972 0.576834 8.35819 2 3 0.127162 6.97086e-06 26.3243 2 
2.38284 0.000182787 -1 0.957428 0.191793 0.0146942 0.575527 306029 3 101.495 0.164743 8.50902 2 2 48.598 0.585402 9.11134 2 3 0.124706 4.23006e-06 30.892 2 
2.39754 0.000185369 -1 0.960296 0.191699 0.0146942 0.578973 305976 3 43.8106 0.193562 6.09424 2 2 42.4275 0.526517 8.97672 2 3 0.111996 4.16492e-06 29.9593 2 
2.41223 0.000189215 -1 0.963156 0.191636 0.0146942 0.582642 305807 4 2127.38 0.232227 9.78324 2 2 136.342 1.53237 9.43263 2 3 0.127013 4.47434e-06 30.5052 2 
2.42693 0.000190161 -1 0.966015 0.191558 0.0146942 0.586383 305602 4 492.619 0.145271 7.63102 2 2 45.2833 0.432656 10.2305 2 3 0.147936 4.66654e-06 31.649 2 
2.44162 0.000193764 -1 0.968862 0.19131 0.0146942 0.590252 305334 5 2975.55 0.37322 6.03004 2 2 73.4842 0.950494 8.7927 2 3 0.156867 4.61344e-06 32.3968 2 
2.45632 0.000209055 -1 0.971698 0.191192 0.0146942 0.593893 305186 4 1021.04 0.46285 6.85332 2 2 36.503 0.40316 9.51538 2 3 0.163824 4.89542e-06 32.2252 2 
2.47101 0.000209922 -1 0.974461 0.191314 0.0146942 0.597586 305014 4 1149.35 0.233879 8.37269 2 2 37.391 0.476994 8.85375 2 3 0.160992 5.08854e-06 31.6279 2 
2.4857 0.000207575 -1 0.977199 0.191334 0.0146942 0.601215 304876 4 682.025 0.166374 8.00163 2 2 117.57 1.65851 8.41958 2 3 0.157 4.61356e-06 32.4057 2 
2.5004 0.000206087 -1 0.97994 0.191365 0.0146942 0.604622 304852 3 618.875 0.428229 11.306 2 2 28.9783 0.464478 7.89867 2 3 0.125252 4.26471e-06 30.8531 2 
2.51509 0.000181495 -1 0.982712 0.19133 0.0146942 0.608064 304810 3 327.957 0.306062 10.233 2 2 37.2923 0.441193 9.19381 2 3 0.117976 4.20224e-06 30.3928 2 
2.52979 0.000169132 -1 0.985514 0.191283 0.0146942 0.611723 304661 4 659.818 0.234069 7.28652 2 2 45.7031 0.692583 8.12338 2 3 0.111529 4.06344e-06 30.1646 2 
2.54448 0.000168919 -1 0.988343 0.191309 0.0146942 0.615196 304605 3 150.435 0.191902 9.22055 2 2 37.1939 0.390605 9.75813 2 3 0.120303 3.98999e-06 31.1245 2 
2.55917 0.000171317 -1 0.991174 0.191272 0.0146942 0.619045 304366 4 1915.87 0.252589 9.33229 2 3 131.056 0.286072 7.70892 2 3 0.134052 4.01519e-06 32.2 2 
2.57387 0.000190728 -1 0.994013 0.191373 0.0146942 0.622643 304251 4 2909.67 0.43711 9.03261 2 2 40.5574 0.491753 9.08159 2 3 0.154545 3.48292e-06 35.4027 2 
2.58856 0.000184741 -1 0.996853 0.191392 0.0146942 0.625777 304364 3 172.211 0.130219 10.9765 2 2 58.6583 0.607682 9.82487 2 2 0.154128 9.70883e-05 39.8435 2 
2.60326 0.000182722 -1 0.999701 0.191404 0.0146942 0.629075 304396 4 650.13 0.192982 7.61852 2 2 78.7432 1.21396 8.05385 2 2 0.158948 8.25604e-05 43.8775 2 
2.61795 0.000187783 -1 1.00254 0.191356 0.0146942 0.632386 304422 4 1165.74 0.335571 7.67723 2 2 33.1176 0.549227 7.76521 2 2 0.146665 8.6669e-05 41.1369 2 
2.63265 0.000197638 -1 1.00537 0.191394 0.0146942 0.635758 304418 4 578.522 0.178827 7.54175 2 2 102.666 0.826825 11.1431 2 2 0.139964 9.46645e-05 38.4516 2 
2.64734 0.000199047 -1 1.00815 0.191468 0.0146942 0.639054 304450 4 637.825 0.184277 7.67022 2 2 26.5441 0.866385 5.53514 2 2 0.115181 9.60631e-05 34.6267 2 
2.66203 0.000199216 -1 1.01089 0.191593 0.0146942 0.642129 304587 3 50.9331 0.134634 7.23239 2 2 40.845 0.915931 6.67787 2 2 0.111794 9.13403e-05 34.9846 2 
2.67673 0.000200895 -1 1.01364 0.191707 0.0146942 0.645541 304563 3 345.947 0.44611 9.18733 2 2 40.4604 1.11062 6.03577 2 3 0.10575 6.01259e-06 26.0059 2 
2.69142 0.000212244 -1 1.01644 0.191793 0.0146942 0.649148 304448 4 643.261 0.109225 8.76025 2 2 34.8225 1.22706 5.32719 2 3 0.120582 8.0436e-06 24.6572 2 
2.70612 0.00021649 -1 1.01925 0.191857 0.0146942 0.652786 304320 4 2835.42 0.385653 9.25987 2 2 36.6624 0.647417 7.52521 2 3 0.132839 6.40921e-06 27.4688 2 
2.72081 0.000237914 -1 1.02208 0.19192 0.0146942 0.65644 304186 4 139.732 0.287012 4.69731 2 2 109.536 1.52078 8.48684 2 3 0.143 5.15606e-06 30.2696 2 
2.7355 0.000246688 -1 1.02492 0.191945 0.0146942 0.660088 304056 4 137.009 0.336806 4.49099 2 2 31.9313 0.500282 7.98916 2 3 0.153175 5.35017e-06 30.5919 2 
2.7502 0.000252131 -1 1.02777 0.192016 0.0146942 0.663492 304040 3 125.267 0.129713 9.88443 2 2 47.7482 0.529228 9.49855 2 3 0.153869 5.23639e-06 30.8584 2 
2.76489 0.000253263 -1 1.03062 0.192213 0.0146942 0.666893 304025 4 972.673 0.294957 7.57795 2 2 53.9393 0.378087 11.9442 2 2 0.152872 9.48417e-05 40.1481 2 
2.77959 0.000257881 -1 1.03347 0.192254 0.0146942 0.670263 304024 4 1269.1 0.278142 8.21878 2 2 23.6748 0.342231 8.31732 2 2 0.134493 9.79672e-05 37.0519 2 
2.79428 0.000259374 -1 1.03632 0.192326 0.0146942 0.673649 304016 4 584.222 0.149983 7.90013 2 2 98.6455 1.51349 8.07326 2 2 0.114986 9.81024e-05 34.236 2 
2.80898 0.000261821 -1 1.03915 0.192499 0.0146942 0.677388 303849 4 714.671 0.264306 7.21107 2 2 38.8984 0.403776 9.81512 2 3 0.104065 3.71135e-06 30.3802 2 
2.82367 0.000257172 -1 1.04192 0.192608 0.0146942 0.680824 303820 3 34.7205 0.101322 6.99779 2 2 39.8279 0.480398 9.10527 2 3 0.100184 3.93913e-06 29.4081 2 
2.83836 0.00025764 -1 1.04469 0.19274 0.0146942 0.684257 303792 3 357.296 0.226235 11.6454 2 2 36.1204 1.14902 5.60676 2 3 0.113923 4.25402e-06 29.9183 2 
2.85306 0.000259175 -1 1.04747 0.192785 0.0146942 0.688194 303542 4 2691.23 0.402132 9.04473 2 3 28.0818 0.397877 4.13262 2 3 0.123965 3.7938e-06 31.9699 2 
2.86775 0.0002665 -1 1.0503 0.192909 0.0146942 0.692037 303336 4 654.383 0.168519 7.89397 2 3 109.435 0.400709 6.48797 2 3 0.135408 3.22216e-06 34.7669 2 
2.88245 0.000275183 -1 1.05313 0.192979 0.0146942 0.695451 303320 3 181.894 0.179683 10.0408 2 2 26.2849 1.16047 4.75922 2 3 0.145883 3.0417e-06 36.3326 2 
2.89714 0.000280578 -1 1.05598 0.193041 0.0146942 0.698786 303338 3 114.206 0.213943 8.11205 2 2 43.1235 0.606019 8.43556 2 3 0.14736 3.02057e-06 36.5396 2 
2.91183 0.000282854 -1 1.05884 0.193116 0.0146942 0.702118 303356 3 84.5762 0.306376 6.51125 2 2 28.6544 0.359316 8.93012 2 3 0.139645 2.75928e-06 36.9893 2 
2.92653 0.000284027 -1 1.06172 0.193109 0.0146942 0.705705 303266 5 1211.17 0.182184 5.81486 2 2 20.9807 0.527039 6.30941 2 2 0.135225 9.9027e-05 36.9531 2 
2.94122 0.0002836 -1 1.06458 0.193172 0.0146942 0.708779 303395 3 63.3306 0.131589 7.83666 2 2 105.896 0.715433 12.1662 2 2 0.119373 9.65686e-05 35.1589 2 
2.95592 0.000285227 -1 1.06745 0.193295 0.0146942 0.712252 303353 5 696.121 0.136094 5.51784 2 2 32.0497 0.648288 7.03117 2 2 0.102103 9.47119e-05 32.8335 2 
2.97061 0.00028313 -1 1.07029 0.19346 0.0146942 0.715268 303506 3 534.879 0.376802 11.2386 2 2 37.775 0.737705 7.15584 2 2 0.096791 9.27047e-05 32.3122 2 
2.98531 0.000280813 -1 1.0731 0.193555 0.0146942 0.718807 303436 5 666.189 0.207517 5.027 2 2 37.1108 0.706425 7.24798 2 2 0.100942 9.02455e-05 33.4444 2 
3 0.000273675 -1 1.07586 0.193536 0.0146942 0.722284 303393 5 2728.76 0.459832 5.68425 2 2 35.2938 0.665804 7.28075 2 2 0.115662 9.29981e-05 35.2662 2 

# Multigrid, 214 steps, 5.79781 CPU, 0.726 real, 3.02e+05 points.step/s, 23 var
