0.909805 0
0.910023 0.03125

0.910013 0.03125
0.910684 0.0625

0.910661 0.0625
0.911848 0.09375

0.911816 0.09375
0.91363 0.125

0.913571 0.125
0.916196 0.15625

0.916105 0.15625
0.919838 0.1875

0.919876 0.1875
0.924821 0.21875

0.92496 0.21875
0.930761 0.25

0.929273 0.25
0.9375 0.277637

0.9347 0.28125
0.9375 0.286797

0.9375 0.276948
0.93878 0.28125

0.9375 0.284636
0.958167 0.3125

0.953231 0.3125
0.96875 0.325617

0.96875 0.321167
1 0.336707

1 0.336387
1.03125 0.338858

1.03125 0.337776
1.0625 0.329984

1.0625 0.329434
1.09375 0.314642

1.125 0.294172
1.09685 0.3125

1.09375 0.313886
1.09604 0.3125

1.15625 0.269076
1.14164 0.28125

1.125 0.293276
1.14026 0.28125

1.1875 0.236671
1.17551 0.25

1.15625 0.267553
1.17423 0.25

1.21875 0.195837
1.20239 0.21875

1.1875 0.235434
1.20141 0.21875

1.25 0.139862
1.24256 0.15625

1.24229 0.15625
1.22425 0.1875

1.21875 0.195176
1.22392 0.1875

1.28039 0
1.27893 0.03125

1.27895 0.03125
1.2745 0.0625

1.27454 0.0625
1.26701 0.09375

1.26699 0.09375
1.25633 0.125

1.25 0.138935
1.25633 0.125

kappa_offset_provider_stats evaluations=7049 clamp_hits=0 denominator_guard_hits=0 min_abs_denominator=0.83748143374248651 max_abs_d_over_h=0.50344985790177355 grad_samples=7049 grad_min=0.89630339702698292 grad_mean=0.99556428193040725 grad_std=0.015377404881101947 grad_max=1.012760363745093
