t sb -1 xb vb dt perf.t perf.speed
0 0 -1 0.5 0 0.000474636 0 0 
0.000474636 0 -1 0.5 -8.61669e-05 0.000474636 0.010578 387219 1 1699.4 210.145 8.0868 4 
0.00138056 2.30323e-06 -1 0.5 -0.000158581 0.000905927 0.018094 452747 1 282.146 67.0574 4.20753 4 1 342.229 93.5651 3.65765 4 1 0.000547185 1.33978e-08 40841.4 4 
0.00267867 -3.19504e-06 -1 0.499999 -4.20556e-05 0.0012981 0.025282 486037 1 130.739 33.2385 3.93335 4 1 493.216 114.474 4.30852 4 1 0.000708436 9.44929e-08 7497.24 4 
0.00433282 -1.35385e-05 -1 0.499999 0.000665771 0.00165415 0.031749 516048 1 53.4111 23.1853 2.30366 4 1 276.56 26.4761 10.4456 4 1 0.000809903 3.03898e-07 2665.05 4 
0.00631146 -2.83128e-05 -1 0.500001 0.00188053 0.00197864 0.03787 540797 1 23.8329 18.233 1.30713 4 1 39.3465 18.0993 2.17392 4 1 0.00143062 9.75153e-07 1467.07 4 
0.00858457 -4.34465e-05 -1 0.500005 0.00348693 0.00227311 0.044036 558089 1 17.6832 10.0266 1.76362 4 1 24.6498 3.13032 7.87455 4 1 0.00215861 2.23784e-06 964.596 4 
0.0111261 -5.53142e-05 -1 0.500013 0.00539042 0.00254156 0.050359 569352 1 7.89204 3.93506 2.00557 4 1 38.5138 10.3845 3.70879 4 1 0.00295065 4.09461e-06 720.619 4 
0.0139091 -6.08963e-05 -1 0.500028 0.00741968 0.00278294 0.05648 580170 1 11.4705 0.941546 12.1826 4 1 32.6647 17.401 1.87717 4 1 0.00372267 6.37935e-06 583.551 4 
0.0169132 -5.88145e-05 -1 0.50005 0.00944441 0.00300412 0.062812 586894 1 14.6411 4.12667 3.54791 4 1 44.1005 20.0075 2.20419 4 1 0.00438707 8.8079e-06 498.084 4 
0.0201208 -4.94426e-05 -1 0.500081 0.0113889 0.00320762 0.070352 582215 1 15.2059 5.81065 2.61689 4 1 27.0433 21.1139 1.28083 4 1 0.00493142 1.14362e-05 431.211 4 
0.0235109 -3.48047e-05 -1 0.500119 0.0131902 0.00339008 0.076573 588406 1 14.7163 6.09596 2.41411 4 1 51.6958 17.9273 2.88363 4 1 0.00537994 1.47561e-05 364.59 4 
0.027067 -1.82886e-05 -1 0.500166 0.0148358 0.00355614 0.08279 593695 1 13.7052 5.0811 2.69728 4 1 19.1807 14.2143 1.34939 4 1 0.00571672 1.80713e-05 316.342 4 
0.0307739 -3.52477e-06 -1 0.500221 0.0164456 0.0037069 0.089162 597205 1 12.483 3.11808 4.00344 4 1 21.4861 8.2725 2.59729 4 1 0.00599643 2.13289e-05 281.141 4 
0.0346151 6.75864e-06 -1 0.500284 0.0180198 0.00384117 0.095327 601550 1 11.1732 1.29966 8.59699 4 1 11.4518 3.47316 3.29723 4 1 0.00630522 2.47599e-05 254.655 4 
0.0385848 1.0917e-05 -1 0.500355 0.019668 0.00396973 0.101533 605123 1 9.97658 0.715951 13.9347 4 1 15.6615 0.939244 16.6745 4 1 0.00661452 2.83007e-05 233.723 4 
0.0426695 8.83126e-06 -1 0.500435 0.0215452 0.00408471 0.108709 602857 2 3576.33 5.64861 25.1622 3 1 10.6341 3.59359 2.95919 4 1 0.00697291 3.21322e-05 217.007 4 
0.0468525 2.14978e-06 -1 0.500525 0.0234147 0.00418293 0.114677 607201 1 27.4237 2.63169 10.4206 3 1 15.1666 4.12938 3.67285 4 1 0.0073971 3.64895e-05 202.719 4 
0.0511324 -6.03115e-06 -1 0.500624 0.0254993 0.00427992 0.120733 610670 1 27.1031 2.57922 10.5083 3 1 13.2523 3.58259 3.69909 4 1 0.00777492 4.06194e-05 191.409 4 
0.0554946 -1.57017e-05 -1 0.500735 0.0277112 0.00436223 0.128376 606219 3 3528.72 3.53601 9.99312 2 1 7.60229 3.24939 2.3396 4 1 0.00822415 4.49819e-05 182.832 4 
0.0599358 -2.29984e-05 -1 0.500858 0.0300426 0.00444118 0.134169 610573 1 27.5497 2.80907 9.80741 2 1 12.1142 0.728029 16.6397 4 1 0.00872985 4.99281e-05 174.848 4 
0.0644451 -2.72603e-05 -1 0.500993 0.0323883 0.0045093 0.140308 613051 1 26.9572 2.90853 9.26833 2 1 7.71442 0.937108 8.23216 4 1 0.00908814 5.40591e-05 168.115 4 
0.0690176 -2.81676e-05 -1 0.50114 0.0347419 0.00457252 0.146273 616054 1 25.9796 3.15869 8.22482 2 1 5.07117 2.26176 2.24213 4 1 0.00940648 5.81539e-05 161.751 4 
0.0736552 -2.59307e-05 -1 0.501301 0.0370747 0.00463763 0.152157 619150 1 24.2691 3.30678 7.33919 2 1 5.3124 3.08612 1.72139 4 1 0.00970044 6.23959e-05 155.466 4 
0.0783449 -2.0886e-05 -1 0.501475 0.0393151 0.00468966 0.160923 610876 4 3481.85 1.23149 7.29197 2 1 5.11432 3.34477 1.52905 4 1 0.00991695 6.59706e-05 150.324 4 
0.0830802 -1.58346e-05 -1 0.50166 0.0415321 0.00473526 0.166712 614233 1 19.1244 2.86787 6.66852 2 1 36.6762 2.31774 15.8241 4 1 0.0100361 6.88478e-05 145.772 4 
0.087862 -1.10683e-05 -1 0.501859 0.043751 0.00478184 0.172486 617418 1 18.7095 2.84057 6.58653 2 1 8.70528 1.70035 5.11969 4 1 0.0102345 7.22554e-05 141.644 4 
0.0926834 -6.93289e-06 -1 0.50207 0.0459532 0.00482142 0.178202 620599 1 21.3546 2.62215 8.14394 2 1 5.51642 0.860636 6.4097 4 1 0.0104251 7.54674e-05 138.141 4 
0.097537 -3.88221e-06 -1 0.502293 0.048151 0.00485362 0.183969 623409 1 21.9598 2.39448 9.17104 2 1 5.93174 0.489895 12.1082 4 1 0.0105825 7.82807e-05 135.187 4 
0.102423 -2.10032e-06 -1 0.502528 0.0503613 0.0048863 0.192264 617817 4 3373.35 0.838228 7.9648 2 1 7.00692 0.389317 17.998 4 1 0.0107673 8.13014e-05 132.437 4 
0.107343 -1.82195e-06 -1 0.502775 0.0525876 0.00491949 0.197976 620681 1 20.3922 3.52652 5.78255 2 1 9.92372 0.958377 10.3547 4 1 0.0109626 8.44833e-05 129.76 4 
0.112288 -1.77057e-06 -1 0.503035 0.0547977 0.00494471 0.203761 623161 1 15.7389 2.45972 6.39865 2 1 21.7843 0.627329 34.7254 4 1 0.0111194 8.71012e-05 127.661 4 
0.117258 -2.63588e-06 -1 0.503308 0.0570289 0.00497025 0.209492 625666 1 12.1112 2.12263 5.70577 2 1 9.93436 1.10652 8.97805 4 1 0.0113034 8.96803e-05 126.041 4 
0.122254 -4.35784e-06 -1 0.503593 0.0592767 0.00499609 0.216946 623049 3 3475.72 3.03592 10.4613 2 1 7.41576 0.793855 9.34145 4 1 0.0119967 9.25195e-05 129.667 4 
0.127267 -5.45905e-06 -1 0.50389 0.0615753 0.0050135 0.222703 625335 1 15.9655 2.68727 5.94117 2 1 14.3886 0.71723 20.0613 4 1 0.0124842 9.48622e-05 131.604 4 
0.132298 -6.09476e-06 -1 0.5042 0.0638653 0.00503106 0.228399 627674 1 15.7499 2.87567 5.47695 2 1 9.91949 0.728414 13.6179 4 1 0.0124902 9.68802e-05 128.924 4 
0.137347 -6.49534e-06 -1 0.504523 0.0660705 0.00504877 0.23593 624999 3 3176.6 2.68955 10.5705 2 1 7.32641 0.430739 17.009 4 1 0.012413 9.89494e-05 125.448 4 
0.142414 -5.86041e-06 -1 0.504858 0.0684236 0.00506664 0.243796 621634 2 30.4425 0.540669 7.50368 2 1 77.2518 1.51748 50.9081 4 2 0.0121354 1.40579e-06 92.9107 3 
0.147489 -5.35621e-06 -1 0.505206 0.0706871 0.00507564 0.251155 619729 2 23.4053 0.336882 8.33525 2 1 11.3723 1.04418 10.8911 4 2 0.0122681 1.45669e-05 29.0206 2 
0.152583 -4.48131e-06 -1 0.505566 0.0729344 0.00509377 0.259888 614665 4 3607.98 0.594591 8.82595 2 1 8.51161 0.863656 9.85533 4 2 0.0122005 3.08134e-05 19.8985 2 
0.157686 -3.72779e-06 -1 0.505939 0.0751339 0.0051029 0.268662 609837 1 35.2662 3.70738 9.51243 2 1 8.15898 0.787104 10.3658 4 2 0.0123483 3.06705e-05 20.0652 2 
0.162798 -2.47077e-06 -1 0.506324 0.07733 0.00511208 0.277474 605231 4 3724.03 1.16263 7.52302 2 1 13.1842 0.804127 16.3957 4 2 0.0124826 3.07083e-05 20.1616 2 
0.16792 -1.72092e-06 -1 0.506721 0.079546 0.0051213 0.286248 600989 4 3676.09 0.460651 9.45156 2 1 17.4587 0.970992 17.9803 4 2 0.0130232 3.03925e-05 20.7002 2 
0.17305 -1.34203e-06 -1 0.50713 0.0817319 0.00513058 0.295049 596945 4 3282.51 0.440489 9.29111 2 1 12.7566 0.623232 20.4685 4 2 0.0138602 2.99101e-05 21.5266 2 
0.17819 -1.30198e-06 -1 0.507551 0.0839196 0.00513991 0.303868 593100 4 3806.89 1.23111 7.45707 2 1 22.9912 0.566694 40.5707 4 2 0.0144277 2.9473e-05 22.1251 2 
0.183339 -2.02981e-06 -1 0.507984 0.0861121 0.00514929 0.312568 589696 4 3516.92 0.557129 8.91357 2 1 11.7602 0.582659 20.1836 4 2 0.0157278 2.90206e-05 23.2798 2 
0.188489 -2.44784e-06 -1 0.508428 0.0882876 0.00514929 0.322189 584800 5 2583.38 1.07788 4.74159 2 1 14.5262 0.873665 16.6268 4 2 0.01585 2.85397e-05 23.5663 2 
0.193647 -3.20397e-06 -1 0.508885 0.0904378 0.00515874 0.330973 581655 4 3682.46 0.615697 8.79413 2 1 21.2877 0.731668 29.0948 4 2 0.0154322 2.89958e-05 23.0699 2 
0.198806 -4.186e-06 -1 0.509352 0.0926284 0.00515874 0.339786 578623 4 3725.95 3.35896 5.77109 2 1 16.2469 0.625299 25.9826 4 2 0.0145121 2.91114e-05 22.3271 2 
0.203974 -6.92407e-06 -1 0.509831 0.0947228 0.00516825 0.348521 575873 4 3711.09 0.614959 8.81381 2 1 16.7091 1.35273 12.3521 4 2 0.0149415 2.93686e-05 22.5556 2 
0.209143 -8.5493e-06 -1 0.510322 0.0968892 0.00516825 0.357262 573249 4 3809.85 0.936624 7.98612 2 1 20.3714 0.803702 25.3469 4 2 0.01622 3.08251e-05 22.9389 2 
0.21432 -9.20577e-06 -1 0.510824 0.0990318 0.00517784 0.364321 573384 2 35.6604 0.677558 7.25471 2 1 90.9663 2.5891 35.1343 4 2 0.0174862 3.31526e-05 22.9662 2 
0.219498 -8.9323e-06 -1 0.511338 0.101185 0.00517784 0.373015 571001 4 3324.54 3.27311 5.64538 2 1 17.7933 0.740213 24.038 4 2 0.0184405 3.47523e-05 23.0353 2 
0.224686 -9.40822e-06 -1 0.511863 0.103267 0.0051875 0.380091 571147 2 37.1287 0.78636 6.87138 2 1 17.2608 1.43857 11.9986 4 2 0.0173769 3.42673e-05 22.5188 2 
0.229873 -9.21407e-06 -1 0.512399 0.105361 0.0051875 0.387175 571277 2 35.8823 0.743248 6.94821 2 1 16.7588 0.927741 18.0641 4 2 0.017271 3.47146e-05 22.305 2 
0.235061 -8.81955e-06 -1 0.512945 0.107478 0.0051875 0.395074 570222 3 3088.91 3.44517 9.64269 2 1 17.3407 0.801505 21.6352 4 2 0.0187885 3.52266e-05 23.0946 2 
0.240248 -8.84772e-06 -1 0.513502 0.109518 0.0051875 0.40379 568058 4 3389.3 1.09285 7.46256 2 1 18.7044 1.01746 18.3833 4 2 0.0189499 3.61884e-05 22.8833 2 
0.245446 -8.47341e-06 -1 0.51407 0.111585 0.00519727 0.410845 568273 2 43.0231 0.911855 6.86891 2 1 29.3044 0.891392 32.8748 4 2 0.0192072 3.75206e-05 22.6254 2 
0.250643 -7.92674e-06 -1 0.514648 0.113629 0.00519727 0.419601 566176 4 3665.41 1.49889 7.03215 2 1 19.1574 1.30614 14.6672 4 2 0.019169 3.86379e-05 22.2737 2 
0.25584 -8.32456e-06 -1 0.515235 0.115645 0.00519727 0.42667 566396 2 64.7596 0.950751 8.25313 2 1 25.3753 2.08787 12.1537 4 2 0.0170363 3.98939e-05 20.665 2 
0.261037 -8.71361e-06 -1 0.515833 0.11766 0.00519727 0.436454 563083 4 3980.87 1.64613 7.01258 2 1 25.0126 2.80624 8.91321 4 3 0.0203578 8.95667e-06 13.148 2 
0.266235 -7.46509e-06 -1 0.516442 0.11967 0.00519727 0.445373 561004 3 3100.41 1.79843 11.9906 2 1 27.0461 2.95092 9.16531 4 3 0.0208074 1.59674e-05 10.9226 2 
0.271432 -7.99539e-06 -1 0.517063 0.121663 0.00519727 0.454262 559043 3 3216.61 3.05043 10.1784 2 1 27.3292 2.71373 10.0707 4 3 0.0209034 1.87649e-05 10.3663 2 
0.276639 -8.84751e-06 -1 0.517696 0.123661 0.00520719 0.466353 553332 2 57.0581 0.771806 8.59814 2 1 29.3367 2.32853 12.5988 4 3 0.0213819 1.81479e-05 10.5619 2 
0.281846 -8.70303e-06 -1 0.51834 0.125648 0.00520719 0.476983 549588 5 3600.1 1.20555 4.95479 2 1 26.1278 2.74806 9.5077 4 3 0.0203665 1.43606e-05 11.2352 2 
0.287053 -9.56153e-06 -1 0.518994 0.127605 0.00520719 0.485918 547911 3 3096.84 2.95717 10.155 2 1 27.9186 2.75626 10.1292 4 3 0.0217462 1.2304e-05 12.0905 2 
0.292261 -1.03614e-05 -1 0.519659 0.129523 0.00520719 0.49408 547150 2 32.0869 0.571701 7.49167 2 1 28.1663 2.56305 10.9894 4 3 0.0221649 1.04369e-05 12.8538 2 
0.297468 -1.06229e-05 -1 0.520335 0.131457 0.00520719 0.501863 546827 2 34.4395 0.828246 6.44836 2 1 28.4587 3.32265 8.56507 4 3 0.0214441 8.99281e-06 13.3599 2 
0.302675 -1.05549e-05 -1 0.521021 0.133392 0.00520719 0.510319 545792 4 3652.13 0.56439 8.96895 2 1 25.7282 2.62276 9.80958 4 2 0.0196835 9.54852e-05 14.3576 2 
0.307882 -1.10564e-05 -1 0.521717 0.135305 0.00520719 0.518806 544759 4 2356.64 1.06075 6.86546 2 1 101.457 2.9347 34.5716 4 2 0.0217793 9.04652e-05 15.5161 2 
0.313089 -1.12352e-05 -1 0.522423 0.137197 0.00520719 0.527273 543779 4 3744.3 0.963867 7.89475 2 1 27.3229 2.92618 9.3374 4 2 0.023317 8.7001e-05 16.371 2 
0.318297 -1.10981e-05 -1 0.523139 0.139047 0.00520719 0.535724 542847 4 3781.34 0.609845 8.87374 2 1 28.8327 3.1021 9.29456 4 2 0.023387 7.95634e-05 17.1447 2 
0.323504 -1.02085e-05 -1 0.523865 0.140948 0.00520719 0.544128 541990 4 3788.43 1.01109 7.8238 2 1 70.4961 2.56762 27.4558 4 2 0.021378 6.33e-05 18.3773 2 
0.328711 -1.07373e-05 -1 0.524601 0.142716 0.00520719 0.552595 541098 4 3697.88 3.08085 5.886 2 1 31.3812 2.27602 13.7877 4 2 0.023367 5.71531e-05 20.22 2 
0.333918 -8.96668e-06 -1 0.525345 0.144583 0.00520719 0.561057 540237 4 3696.45 1.91301 6.63005 2 1 33.9537 1.27829 26.5619 4 2 0.0250753 5.57328e-05 21.2113 2 
0.339125 -9.4428e-06 -1 0.5261 0.146412 0.00520719 0.56873 540151 3 3733.84 2.53136 11.3833 2 1 38.8158 2.44208 15.8946 4 2 0.0237823 5.42539e-05 20.9369 2 
0.344333 -1.18512e-05 -1 0.526863 0.148246 0.00520719 0.577243 539281 4 3772.04 1.22891 7.44327 2 1 36.9448 1.80977 20.4141 4 2 0.0252021 5.27579e-05 21.8562 2 
0.34955 -1.19922e-05 -1 0.527637 0.149999 0.00521742 0.585721 538468 4 3305.6 1.26486 7.14993 2 1 30.3018 1.49116 20.321 4 2 0.0249778 5.21462e-05 21.886 2 
0.354767 -1.2091e-05 -1 0.528419 0.151804 0.00521742 0.59269 539047 2 48.7716 1.03157 6.87597 2 1 38.6382 2.01058 19.2175 4 2 0.0262318 5.06769e-05 22.7514 2 
0.359985 -1.15455e-05 -1 0.529208 0.153559 0.00521742 0.600506 538852 3 3431.79 2.52073 11.0832 2 1 44.1341 3.17372 13.9061 4 2 0.0220873 4.94743e-05 21.1291 2 
0.365202 -1.11299e-05 -1 0.530006 0.155347 0.00521742 0.609171 537911 4 3360.65 0.920099 7.77405 2 1 42.4639 4.69784 9.03902 4 2 0.0192977 4.92065e-05 19.8035 2 
0.37042 -1.03523e-05 -1 0.530813 0.15703 0.00521742 0.617827 537005 4 3503.35 1.25652 7.26656 2 1 44.4651 5.01626 8.8642 4 2 0.0202431 5.01286e-05 20.0954 2 
0.375637 -1.17808e-05 -1 0.531629 0.158763 0.00521742 0.626478 536127 4 3642.07 1.03281 7.70605 2 1 40.3451 4.1013 9.83715 4 2 0.0231203 5.14951e-05 21.1892 2 
0.380855 -1.20421e-05 -1 0.532455 0.160477 0.00521742 0.635136 535268 4 3913.43 0.935332 8.04263 2 1 33.645 4.22177 7.96941 4 2 0.026817 5.29589e-05 22.5028 2 
0.386072 -1.24493e-05 -1 0.533291 0.16216 0.00521742 0.643098 535010 3 2812.01 2.12024 10.987 2 1 38.7484 3.1349 12.3603 4 2 0.0263431 5.34361e-05 22.2032 2 
0.391289 -1.39076e-05 -1 0.534138 0.163836 0.00521742 0.650189 535475 2 45.4262 0.933603 6.97545 2 1 45.3001 2.53089 17.8989 4 2 0.0273798 5.32725e-05 22.6706 2 
0.396507 -1.31509e-05 -1 0.534994 0.165464 0.00521742 0.662962 531337 4 3229.63 1.51985 6.7895 2 1 40.0996 3.37317 11.8878 4 2 0.025211 5.31046e-05 21.7886 2 
0.401724 -1.34922e-05 -1 0.535859 0.167141 0.00521742 0.671785 530455 4 2122.82 1.09102 6.64156 2 1 39.3856 1.7424 22.6042 4 2 0.0279998 5.20228e-05 23.1996 2 
0.406942 -1.35244e-05 -1 0.536733 0.168772 0.00521742 0.680565 529631 4 3753.28 0.64461 8.73532 2 1 42.8409 1.90344 22.5071 4 2 0.0281329 4.81656e-05 24.1679 2 
0.412159 -1.33002e-05 -1 0.537616 0.170366 0.00521742 0.689352 528821 4 3280.49 0.780517 8.05173 2 1 35.6302 2.0125 17.7045 4 2 0.0264384 4.62141e-05 23.9183 2 
0.417376 -1.30879e-05 -1 0.538507 0.171948 0.00521742 0.696509 529268 2 91.1275 1.69975 7.32203 2 1 45.9485 1.58378 29.012 4 2 0.029541 4.43887e-05 25.7974 2 
0.422594 -1.21854e-05 -1 0.539407 0.173498 0.00521742 0.705242 528522 4 3759.1 0.875307 8.09526 2 1 49.6146 1.67182 29.677 4 2 0.0281362 4.38891e-05 25.3195 2 
0.427811 -1.23546e-05 -1 0.540314 0.175086 0.00521742 0.714027 527756 4 3768.29 0.832757 8.20175 2 1 44.7653 2.03034 22.0481 4 2 0.0305468 4.49004e-05 26.083 2 
0.433029 -1.2577e-05 -1 0.541228 0.176591 0.00521742 0.72283 526995 4 3609.28 1.99712 6.5201 2 1 49.9981 1.67143 29.9133 4 2 0.0311048 4.80153e-05 25.4521 2 
0.438246 -1.32309e-05 -1 0.542147 0.178144 0.00521742 0.731606 526272 4 3785.09 0.826122 8.22731 2 1 52.241 2.0626 25.3278 4 2 0.028078 5.12068e-05 23.4163 2 
0.443464 -1.40795e-05 -1 0.543074 0.179566 0.00521742 0.739591 526129 3 3724.02 3.42996 10.278 2 1 121.105 6.11588 19.8017 4 2 0.02548 5.83058e-05 20.9047 2 
0.448681 -1.52787e-05 -1 0.544009 0.181143 0.00521742 0.748398 525410 4 3885.66 1.5391 7.08842 2 1 58.8324 5.88741 9.99292 4 2 0.0242231 6.59039e-05 19.1716 2 
0.453898 -1.43288e-05 -1 0.544952 0.182624 0.00521742 0.757232 524690 4 3341.67 1.72412 6.63512 2 1 58.2527 4.82169 12.0814 4 2 0.0262893 7.46121e-05 18.7709 2 
0.459116 -1.47807e-05 -1 0.545904 0.184048 0.00521742 0.76595 524066 4 3333.25 3.16505 5.69668 2 1 61.8386 6.03731 10.2427 4 2 0.029186 8.08138e-05 19.004 2 
0.464333 -1.28906e-05 -1 0.546863 0.185501 0.00521742 0.774729 523414 4 3559.46 0.475873 9.29979 2 1 68.5724 4.35272 15.7539 4 2 0.0288249 8.51391e-05 18.4001 2 
0.469551 -1.22146e-05 -1 0.54783 0.186862 0.00521742 0.78433 522229 5 3410.96 1.30944 4.82123 2 1 55.1377 6.88154 8.0124 4 2 0.0270764 8.72278e-05 17.6184 2 
0.474768 -1.19527e-05 -1 0.548804 0.188271 0.00521742 0.793203 521551 4 3543.58 1.37779 7.12139 2 1 55.5289 5.64778 9.83198 4 2 0.0310634 8.60717e-05 18.9974 2 
0.479986 -1.46212e-05 -1 0.549784 0.189626 0.00521742 0.803221 520146 4 3300.25 1.1982 7.24443 2 1 56.6399 6.96573 8.13123 4 3 0.030678 1.00038e-05 14.5285 2 
0.485203 -1.6063e-05 -1 0.550774 0.190961 0.00521742 0.811988 519574 2 57.41 1.04425 7.41466 2 1 50.452 7.3513 6.863 4 3 0.0306394 2.01753e-05 11.4944 2 
0.49042 -1.63507e-05 -1 0.551772 0.19233 0.00521742 0.821286 518679 3 3609.88 1.9433 12.2928 2 1 53.3406 5.73974 9.29321 4 3 0.0310636 2.05576e-05 11.4752 2 
0.495638 -1.67093e-05 -1 0.552777 0.19368 0.00521742 0.831675 517125 4 3311.48 1.38438 6.99345 2 1 59.6133 3.79172 15.722 4 3 0.0332454 1.4763e-05 13.1075 2 
0.500855 -1.7687e-05 -1 0.553788 0.194971 0.00521742 0.841011 516255 3 2698.52 2.48564 10.2777 2 1 76.9228 3.2055 23.9971 4 3 0.0335663 1.12993e-05 14.3753 2 
0.506073 -1.81034e-05 -1 0.554802 0.196255 0.00521742 0.849174 516116 2 72.5002 0.887247 9.03956 2 1 71.0061 3.89139 18.247 4 3 0.0285335 9.08992e-06 14.6419 2 
0.51129 -1.70661e-05 -1 0.555824 0.19752 0.00521742 0.862962 512616 4 3688.5 1.08451 7.63668 2 1 68.7541 6.05171 11.3611 4 3 0.029686 7.72839e-06 15.6611 2 
0.516507 -1.56738e-05 -1 0.556854 0.198744 0.00521742 0.872767 511550 4 3742.17 2.03515 6.54835 2 1 63.7657 5.64305 11.2999 4 3 0.026673 7.07754e-06 15.5619 2 
0.521725 -1.25943e-05 -1 0.557891 0.199995 0.00521742 0.881586 511079 4 3904.93 0.837909 8.26236 2 1 59.5656 5.02793 11.8469 4 2 0.0287317 9.13752e-05 17.7324 2 
0.526942 -1.24435e-05 -1 0.558935 0.201182 0.00521742 0.890385 510629 4 3472.24 1.02816 7.62321 2 1 52.2133 3.68158 14.1823 4 2 0.0311679 6.81324e-05 21.3883 2 
0.53216 -1.16044e-05 -1 0.559986 0.20237 0.00521742 0.899201 510177 4 3895.22 1.6441 6.97671 2 1 50.3476 3.5754 14.0817 4 2 0.0282758 4.71525e-05 24.4881 2 
0.537377 -1.22107e-05 -1 0.561044 0.203509 0.00521742 0.908061 509710 4 4033.79 0.872353 8.24623 2 1 61.4346 2.71701 22.6111 4 2 0.0317669 4.93997e-05 25.3586 2 
0.542595 -1.08415e-05 -1 0.562106 0.204639 0.00521742 0.916813 509312 4 3474.98 0.539038 8.96052 2 1 57.6972 2.97133 19.418 4 2 0.0306677 6.07035e-05 22.4768 2 
0.547812 -9.94843e-06 -1 0.563176 0.205776 0.00521742 0.924769 509360 3 3427.68 1.57117 12.9696 2 1 61.5741 3.44896 17.8529 4 2 0.0332474 6.49747e-05 22.6207 2 
0.553029 -8.05533e-06 -1 0.56425 0.206906 0.00521742 0.931884 509866 2 62.0366 1.49252 6.44709 2 1 63.4842 3.25837 19.4835 4 2 0.0331373 5.49131e-05 24.5652 2 
0.558247 -6.08561e-06 -1 0.565327 0.207989 0.00521742 0.938975 510378 2 65.6126 1.62803 6.34836 2 1 64.0085 4.71629 13.5718 4 2 0.0349904 5.54031e-05 25.1309 2 
0.563464 -4.22325e-06 -1 0.566406 0.209029 0.00521742 0.94775 509974 4 3673.23 1.04576 7.69846 2 1 74.517 4.55526 16.3584 4 2 0.0254259 5.45834e-05 21.5828 2 
0.568682 -3.91592e-06 -1 0.56749 0.210057 0.00521742 0.955662 510038 3 3392.24 2.26772 11.4367 2 1 76.5086 7.07975 10.8067 4 2 0.029787 5.23634e-05 23.8506 2 
0.573899 -1.30814e-06 -1 0.568582 0.211105 0.00521742 0.963663 510054 3 2363.88 1.64955 11.2742 2 1 75.5886 7.5225 10.0483 4 2 0.0316339 5.13277e-05 24.8256 2 
0.579117 -4.29541e-07 -1 0.569682 0.212122 0.00521742 0.972495 509633 4 3450.69 2.09421 6.3712 2 1 78.6156 8.27064 9.50538 4 2 0.0324227 4.97612e-05 25.5258 2 
0.584334 -6.60755e-07 -1 0.570789 0.213096 0.00521742 0.981332 509218 4 4257.78 1.4219 7.39739 2 1 74.1471 7.69727 9.63291 4 2 0.0318771 4.7308e-05 25.958 2 
0.589551 -8.35028e-07 -1 0.571903 0.214104 0.00521742 0.990234 508777 4 3481.35 1.24127 7.2773 2 1 61.0812 6.74393 9.0572 4 2 0.0316663 5.61776e-05 23.742 2 
0.594769 -7.09676e-07 -1 0.573023 0.215062 0.00521742 0.999314 508253 4 3810.6 0.805428 8.29357 2 1 59.3844 6.67439 8.89735 4 2 0.0321364 6.39986e-05 22.4085 2 
0.599986 -5.01404e-07 -1 0.574148 0.215968 0.00521742 1.00836 507754 4 3956.64 1.95235 6.70953 2 1 71.4737 7.13005 10.0243 4 2 0.0310291 7.02748e-05 21.0128 2 
0.605204 -1.26357e-06 -1 0.575277 0.216836 0.00521742 1.01716 507387 4 3328.12 2.98695 5.77754 2 1 66.1424 6.0801 10.8785 4 2 0.0336227 6.92249e-05 22.0387 2 
0.610421 1.69438e-06 -1 0.57641 0.217738 0.00521742 1.02512 507444 3 3220.36 3.67326 9.57085 2 1 71.6433 2.57191 27.856 4 2 0.0337572 6.31146e-05 23.127 2 
0.615638 4.05977e-06 -1 0.577543 0.218634 0.00521742 1.03478 506665 5 4151.68 0.925753 5.3746 2 1 73.5333 5.26017 13.9793 4 2 0.0305647 5.38656e-05 23.8207 2 
0.620856 3.68123e-06 -1 0.578679 0.219451 0.00521742 1.04361 506306 4 3797.35 3.24591 5.84838 2 1 81.4125 5.9809 13.6121 4 2 0.0273825 5.48768e-05 22.3379 2 
0.626073 1.90909e-06 -1 0.579821 0.220307 0.00521742 1.05295 505705 4 4468.1 1.77743 7.08081 2 1 79.3879 5.99152 13.2501 4 2 0.0299506 5.76434e-05 22.7944 2 
0.631291 1.36267e-06 -1 0.580969 0.221122 0.00521742 1.06669 503028 5 4347.58 0.927777 5.42201 2 1 67.8564 4.63676 14.6345 4 2 0.0313159 5.96699e-05 22.9089 2 
0.636508 8.57926e-07 -1 0.582122 0.221941 0.00521742 1.07552 502709 4 3467.03 2.50336 6.1004 2 1 55.3837 3.99566 13.8609 4 2 0.0287638 5.92853e-05 22.0267 2 
0.641726 -1.19257e-06 -1 0.58328 0.222735 0.00521742 1.08348 502793 3 1322.98 2.84274 7.74947 2 1 63.7316 3.77261 16.8932 4 2 0.0317046 6.04617e-05 22.8992 2 
0.646943 -1.73777e-06 -1 0.584442 0.223479 0.00521742 1.09228 502492 4 3624.83 1.6708 6.82482 2 1 68.2472 3.48166 19.6019 4 2 0.0307159 6.11395e-05 22.4141 2 
0.65216 -5.21143e-07 -1 0.585607 0.224205 0.00521742 1.10108 502196 4 3323.22 0.64121 8.48476 2 1 56.2143 4.5068 12.4732 4 2 0.0307663 6.02727e-05 22.5932 2 
0.657378 -2.21083e-07 -1 0.586776 0.224889 0.00521742 1.11002 501842 3 3311.84 3.10743 10.2146 2 1 68.15 5.10656 13.3456 4 3 0.0341821 1.96361e-05 12.0295 2 
0.662595 -2.58462e-08 -1 0.587948 0.225635 0.00521742 1.11978 501126 4 2230.08 3.29236 5.10156 2 1 74.2785 5.05097 14.7058 4 3 0.0335766 2.44963e-05 11.1083 2 
0.667813 1.49807e-06 -1 0.589119 0.226322 0.00521742 1.12954 500422 4 3974.22 2.76044 6.15982 2 1 83.2766 4.2728 19.4899 4 3 0.0301475 1.76155e-05 11.9615 2 
0.67303 -1.22675e-06 -1 0.590296 0.226984 0.00521742 1.13932 499723 4 3648.54 1.43048 7.10655 2 1 84.3969 14.0135 6.02254 4 3 0.0328211 1.27869e-05 13.6919 2 
0.678248 -6.60147e-07 -1 0.591479 0.22759 0.00521742 1.14906 499050 4 3592.19 3.21219 5.78282 2 1 87.7573 11.1269 7.88694 4 3 0.0309587 9.81712e-06 14.6645 2 
0.683465 -3.85556e-08 -1 0.592668 0.228251 0.00521742 1.1588 498394 4 3637.67 2.52349 6.16177 2 1 77.8936 11.5538 6.74182 4 3 0.0308742 8.37913e-06 15.4454 2 
0.688682 1.50881e-06 -1 0.59386 0.228889 0.00521742 1.16951 497328 5 3600.28 1.31803 4.86723 2 1 70.547 11.5191 6.12434 4 3 0.0311663 7.53472e-06 16.0524 2 
0.6939 2.26833e-06 -1 0.595058 0.229504 0.00521742 1.17825 497118 4 3284.45 1.03097 7.51284 2 1 63.0703 10.3531 6.0919 4 2 0.030595 8.75835e-05 18.6902 2 
0.699117 2.04606e-06 -1 0.596258 0.230113 0.00521742 1.18703 496890 4 4142.09 1.35001 7.44254 2 1 64.688 9.40557 6.87762 4 2 0.0309953 5.97166e-05 22.7825 2 
0.704335 1.19484e-06 -1 0.597461 0.230686 0.00521742 1.19578 496680 4 3360.41 1.27036 7.1716 2 1 59.3629 9.35481 6.34571 4 2 0.0306803 5.04668e-05 24.6562 2 
0.709552 8.43784e-07 -1 0.598662 0.231192 0.00521742 1.20461 496438 4 4169.87 2.35197 6.48892 2 1 70.1089 6.02687 11.6327 4 2 0.0301445 6.75061e-05 21.1316 2 
0.714769 3.19134e-07 -1 0.599861 0.231753 0.00521742 1.21336 496234 4 3290.65 0.985731 7.60117 2 1 68.6407 4.92686 13.9319 4 2 0.0294761 7.15904e-05 20.2912 2 
0.719987 2.19946e-07 -1 0.601064 0.232243 0.00521742 1.22215 496017 4 4805.9 2.00033 7.00113 2 1 78.8217 8.33469 9.45706 4 2 0.027859 7.70657e-05 19.0131 2 
0.725204 3.05946e-06 -1 0.602271 0.232722 0.00521742 1.23196 495394 4 3549.19 0.898094 7.9287 2 1 64.743 7.14081 9.06662 4 3 0.030039 1.00157e-05 14.4212 2 
0.730422 3.76201e-06 -1 0.603483 0.23328 0.00521742 1.24174 494790 4 5176.71 1.18129 8.13625 2 1 57.4804 4.64539 12.3736 4 3 0.0283775 1.08602e-05 13.7735 2 
0.735639 3.28504e-06 -1 0.604699 0.233723 0.00521742 1.25154 494189 4 858.197 1.03078 5.37162 2 1 55.9915 4.84854 11.5481 4 3 0.0325538 1.19394e-05 13.9703 2 
0.740857 3.28244e-06 -1 0.605919 0.234132 0.00521742 1.26531 492049 4 3694.97 1.08157 7.6452 2 1 60.6123 6.44039 9.41127 4 3 0.0327262 1.28523e-05 13.6554 2 
0.746074 1.6767e-06 -1 0.607144 0.234559 0.00521742 1.27512 491475 4 3140.35 0.982931 7.5182 2 1 141.588 5.52489 25.6273 4 3 0.0335926 1.27141e-05 13.8246 2 
0.751291 8.79198e-07 -1 0.608369 0.234988 0.00521742 1.2849 490922 4 3385.99 0.861711 7.91737 2 1 62.0174 4.09358 15.1499 4 3 0.0326883 1.26061e-05 13.7384 2 
0.756509 1.0181e-07 -1 0.609592 0.235381 0.00521742 1.29466 490384 4 3563.42 0.749753 8.30304 2 1 69.8893 2.67485 26.1284 4 3 0.0336777 1.26069e-05 13.8754 2 
0.761726 3.34826e-07 -1 0.610813 0.235769 0.00521742 1.30449 489827 4 3560.42 0.845334 8.05598 2 1 65.2711 4.68594 13.9291 4 3 0.031526 1.24058e-05 13.6463 2 
0.766944 9.39266e-07 -1 0.612039 0.236124 0.00521742 1.31427 489300 4 3302.97 0.462999 9.19034 2 1 66.1123 8.16582 8.09622 4 3 0.0309658 1.15942e-05 13.8744 2 
0.772161 1.55851e-06 -1 0.61327 0.236493 0.00521742 1.32408 488767 4 4568.48 0.946952 8.33414 2 1 71.9776 8.29317 8.67914 4 3 0.0323712 1.03912e-05 14.6049 2 
0.777379 2.19083e-06 -1 0.614505 0.236819 0.00521742 1.33387 488250 4 2370.96 0.87353 7.21791 2 1 103.852 7.82343 13.2744 4 3 0.0295252 9.5553e-06 14.5652 2 
0.782596 2.87104e-06 -1 0.615743 0.237149 0.00521742 1.34362 487757 4 3464.2 0.887731 7.9037 2 1 55.6716 7.25704 7.67139 4 3 0.027257 9.14636e-06 14.3905 2 
0.787813 3.57124e-06 -1 0.616984 0.237457 0.00521742 1.35252 487574 3 2669.64 2.2977 10.5128 2 1 55.2335 7.17855 7.69425 4 3 0.0306769 8.99252e-06 15.0537 2 
0.793031 3.37452e-06 -1 0.618225 0.23774 0.00521742 1.36229 487085 4 3242.69 1.61289 6.69615 2 1 127.866 7.53486 16.9699 4 3 0.0336566 8.7538e-06 15.666 2 
0.798248 2.75761e-06 -1 0.619465 0.238031 0.00521742 1.37122 486900 3 2383.04 1.62286 11.3662 2 1 66.2924 6.46476 10.2544 4 3 0.0305797 8.18206e-06 15.5188 2 
0.803466 1.82135e-06 -1 0.620696 0.238297 0.00521742 1.38099 486423 4 5001.48 1.49867 7.60061 2 1 61.3177 4.23158 14.4905 4 3 0.0276676 7.40488e-06 15.5174 2 
0.808683 1.1769e-06 -1 0.62193 0.23858 0.00521742 1.39074 485956 4 5617.51 0.870572 8.96262 2 1 62.0757 7.97967 7.77922 4 3 0.0309365 6.80083e-06 16.5693 2 
0.8139 1.40378e-06 -1 0.623167 0.238806 0.00521742 1.40045 485512 4 3576.96 0.710717 8.42276 2 1 64.484 7.48982 8.60955 4 3 0.0305742 8.09104e-06 15.5758 2 
0.819118 2.2153e-06 -1 0.624411 0.23903 0.00521742 1.40936 485349 3 3250.96 1.12681 14.236 2 1 58.6123 7.47468 7.84144 4 3 0.0341496 2.67661e-05 10.8459 2 
0.824335 1.52673e-06 -1 0.625659 0.239206 0.00521742 1.41915 484887 4 3307.24 0.695518 8.30404 2 1 56.6367 6.73503 8.40927 4 3 0.035392 2.58643e-05 11.102 2 
0.829553 1.99285e-06 -1 0.626912 0.239403 0.00521742 1.42806 484730 3 5614.4 3.44702 11.7658 2 1 72.5356 4.63941 15.6347 4 3 0.0345485 1.84211e-05 12.3321 2 
0.83477 3.81348e-06 -1 0.628166 0.239625 0.00521742 1.4378 484294 4 3229.51 0.578442 8.64409 2 1 65.169 2.94835 22.1035 4 3 0.0343482 1.37881e-05 13.5561 2 
0.839988 3.8307e-06 -1 0.629421 0.239749 0.00521742 1.44753 483869 4 5956.84 1.29252 8.23939 2 1 145.55 4.4218 32.9164 4 3 0.0311937 9.47266e-06 14.8776 2 
0.845205 4.86902e-06 -1 0.630665 0.23999 0.00521742 1.45728 483444 4 4316.22 1.02325 8.05899 2 1 220.673 4.70442 46.9075 4 3 0.0337923 9.90107e-06 15.0561 2 
0.850422 3.3131e-06 -1 0.631908 0.240123 0.00521742 1.46772 482796 4 3448.07 1.15258 7.39565 2 1 297.883 6.11709 48.6969 4 2 0.0364902 8.88125e-05 20.2699 2 
0.85564 2.18778e-06 -1 0.633155 0.24026 0.00521742 1.47648 482706 4 2326.04 1.11371 6.76023 2 1 74.7554 6.08076 12.2938 4 2 0.0342515 6.23579e-05 23.4366 2 
0.860857 3.4029e-06 -1 0.634406 0.240395 0.00521742 1.48526 482610 4 3036.6 1.00239 7.41887 2 1 68.1388 5.97779 11.3987 4 2 0.0330536 7.41882e-05 21.1077 2 
0.866075 4.94615e-06 -1 0.63566 0.240505 0.00521742 1.49402 482522 4 707.313 1.98311 4.34577 2 1 67.0248 5.90702 11.3466 4 2 0.033765 8.73947e-05 19.6558 2 
0.871292 6.52597e-06 -1 0.636918 0.240628 0.00521742 1.50196 482698 3 3526.09 2.51606 11.1907 2 1 59.1608 5.1099 11.5777 4 2 0.0349816 9.33099e-05 19.3623 2 
0.87651 5.60199e-06 -1 0.638177 0.240732 0.00521742 1.51065 482633 4 4438.68 0.960629 8.24469 2 1 52.8245 6.56288 8.04898 4 2 0.0327458 8.88009e-05 19.203 2 
0.881727 4.48174e-06 -1 0.639438 0.240814 0.00521742 1.51944 482536 4 5305.3 1.00303 8.52804 2 1 50.301 4.99352 10.0733 4 2 0.030182 8.24502e-05 19.1328 2 
0.886944 5.41309e-06 -1 0.640692 0.240881 0.00521742 1.52819 482455 4 3296.89 1.33261 7.05262 2 1 122.153 5.62652 21.7102 4 2 0.0306151 7.61695e-05 20.0483 2 
0.892162 4.78294e-06 -1 0.641932 0.240994 0.00521742 1.53698 482358 4 5925.58 1.95548 7.41941 2 1 65.768 6.22332 10.568 4 2 0.0345566 7.18589e-05 21.9293 2 
0.897379 5.34344e-06 -1 0.643177 0.241045 0.00521742 1.54577 482267 4 3307.02 1.25905 7.15894 2 1 74.3668 7.30298 10.1831 4 2 0.0375864 7.05367e-05 23.0838 2 
0.902597 3.46007e-06 -1 0.644429 0.241101 0.00521742 1.55454 482180 4 3084.64 0.767302 7.96268 2 1 64.5616 6.7905 9.50763 4 2 0.0376117 6.88814e-05 23.3674 2 
0.907814 2.99568e-06 -1 0.645686 0.241146 0.00521742 1.56245 482359 3 1099.27 1.02453 10.2375 2 1 64.9898 4.8447 13.4146 4 2 0.0378586 6.53389e-05 24.0711 2 
0.913031 2.57682e-06 -1 0.646947 0.241134 0.00521742 1.57116 482294 4 6222.54 0.984413 8.91656 2 1 102.029 3.52167 28.9718 4 2 0.0337165 6.07759e-05 23.5535 2 
0.918249 1.7943e-06 -1 0.648211 0.241194 0.00521742 1.57993 482208 4 3185.44 0.732666 8.12019 2 1 56.2422 2.52082 22.3111 4 2 0.0294636 5.83666e-05 22.4678 2 
0.923466 2.00087e-06 -1 0.649479 0.241217 0.00521742 1.58707 482621 2 123.507 1.481 9.13207 2 1 69.7165 1.98062 35.1993 4 2 0.0330107 6.0732e-05 23.3141 2 
0.928684 3.0943e-06 -1 0.650746 0.241237 0.00521742 1.59583 482539 4 3692.13 0.58972 8.89524 2 1 67.6898 2.08033 32.538 4 2 0.0372864 7.37178e-05 22.49 2 
0.933901 4.48104e-06 -1 0.651996 0.24125 0.00521742 1.60527 482252 4 3328.75 3.24498 5.65936 2 1 67.2702 2.39951 28.035 4 2 0.0411016 8.36609e-05 22.165 2 
0.939119 2.92243e-06 -1 0.65324 0.241241 0.00521742 1.61418 482127 4 3236.74 2.60256 5.9385 2 1 73.4772 4.21276 17.4416 4 2 0.0429225 7.72833e-05 23.5668 2 
0.944336 2.26806e-06 -1 0.654489 0.24123 0.00521742 1.62379 481795 4 7078.74 3.06524 6.93223 2 1 64.1037 5.27814 12.1451 4 2 0.0416915 6.81524e-05 24.7334 2 
0.949553 3.31577e-06 -1 0.655741 0.241154 0.00521742 1.63322 481522 4 3372.07 2.8382 5.87101 2 1 47.5483 4.90611 9.69163 4 2 0.0366051 8.07749e-05 21.2879 2 
0.954771 2.45157e-06 -1 0.656998 0.241113 0.00521742 1.6426 481267 4 4960.73 1.06936 8.25287 2 1 59.3183 4.80968 12.3331 4 2 0.0396678 8.85106e-05 21.17 2 
0.959988 2.75927e-06 -1 0.658257 0.241118 0.00521742 1.65226 480933 4 6847.62 1.25141 8.60072 2 1 70.0649 3.87115 18.0992 4 2 0.0413457 8.32833e-05 22.2811 2 
0.965206 1.14004e-06 -1 0.65952 0.241038 0.00521742 1.66425 479929 3 3028.68 2.66402 10.4369 2 1 65.7081 3.8529 17.0542 4 2 0.0463397 7.29187e-05 25.2091 2 
0.970423 1.31837e-06 -1 0.660785 0.241095 0.00521742 1.67404 479567 4 3360.59 1.00691 7.60075 2 1 76.131 3.7207 20.4615 4 3 0.0447399 2.00222e-05 13.0736 2 
0.975641 1.21079e-06 -1 0.662051 0.240951 0.00521742 1.68266 479546 3 4149.56 3.22934 10.8717 2 1 80.4964 5.05103 15.9366 4 3 0.0425361 3.7234e-05 10.4538 2 
0.980858 9.77381e-07 -1 0.663292 0.240948 0.00521742 1.69217 479271 4 3176.76 2.5332 5.95085 2 1 78.8759 3.33591 23.6444 4 3 0.0402946 2.93634e-05 11.1125 2 
0.986075 1.82227e-08 -1 0.664535 0.240873 0.00521742 1.70161 479021 4 3212.19 0.721961 8.16718 2 1 63.32 3.55397 17.8167 4 3 0.0425628 2.11517e-05 12.6249 2 
0.991293 4.62127e-07 -1 0.665782 0.240769 0.00521742 1.71122 478724 4 3145.32 1.02167 7.44883 2 1 54.1992 3.17055 17.0946 4 3 0.0402778 1.53977e-05 13.7785 2 
0.99651 1.00306e-06 -1 0.667034 0.240669 0.00521742 1.72089 478413 4 6162.18 0.979622 8.90572 2 1 60.7025 2.15136 28.2159 4 3 0.0412934 1.35281e-05 14.506 2 
1.00173 4.69229e-06 -1 0.66829 0.24047 0.00521742 1.72972 478338 3 3049.95 2.46299 10.7385 2 1 103.686 2.30435 44.9957 4 3 0.0412172 1.15266e-05 15.2918 2 
1.00695 4.5133e-06 -1 0.66955 0.240461 0.00521742 1.7384 478306 4 2967.31 0.476033 8.88549 2 1 85.4784 2.87668 29.7143 4 2 0.0406661 9.22881e-05 20.9915 2 
1.01216 3.77848e-06 -1 0.670813 0.240375 0.00521742 1.74709 478272 4 2357.46 1.09059 6.81861 2 1 83.6261 3.06875 27.2509 4 2 0.0441751 6.37422e-05 26.3254 2 
1.01738 3.59471e-06 -1 0.67208 0.240262 0.00521742 1.75588 478209 4 3264.36 1.847 6.48385 2 1 78.6521 2.87044 27.4007 4 2 0.0473378 7.73242e-05 24.7427 2 
1.0226 2.89332e-06 -1 0.67334 0.240163 0.00521742 1.76553 477917 5 4894.75 1.2076 5.26698 2 1 80.0882 3.29091 24.3362 4 2 0.046231 8.81408e-05 22.9022 2 
1.02781 6.10706e-06 -1 0.674579 0.240071 0.00521742 1.77345 478092 3 3003.67 3.55889 9.45031 2 1 68.3773 3.17076 21.565 4 2 0.0445996 6.95945e-05 25.315 2 
1.03303 3.05213e-06 -1 0.675812 0.23991 0.00521742 1.78217 478051 4 7127.47 2.23864 7.51169 2 1 132.544 5.64479 23.4808 4 2 0.0413546 6.06062e-05 26.1218 2 
1.03825 1.25138e-06 -1 0.677051 0.23979 0.00521742 1.79095 477994 4 3772.08 1.63766 6.92771 2 1 66.8179 6.16766 10.8336 4 2 0.0403071 6.03536e-05 25.8428 2 
1.04347 2.5584e-06 -1 0.678292 0.239601 0.00521742 1.79972 477941 4 3434.17 2.58674 6.03625 2 1 80.7203 4.67571 17.2638 4 2 0.0437114 6.82485e-05 25.3076 2 
1.04868 2.04779e-06 -1 0.679538 0.239467 0.00521742 1.80848 477892 4 4067.49 1.19611 7.6364 2 1 81.3331 5.37328 15.1366 4 2 0.0492155 8.10385e-05 24.6437 2 
1.0539 2.76389e-06 -1 0.68079 0.23929 0.00521742 1.81725 477839 4 4633.35 3.45497 6.0515 2 1 93.5048 6.22765 15.0145 4 2 0.0527438 8.75935e-05 24.5386 2 
1.05912 4.28525e-06 -1 0.682047 0.239072 0.00521742 1.82517 478009 3 3702.64 3.42796 10.2603 2 1 74.3046 4.62547 16.0642 4 2 0.0559416 8.31849e-05 25.9325 2 
1.06434 3.95897e-06 -1 0.683308 0.239033 0.00521742 1.83391 477964 4 3123.58 0.753237 8.02472 2 1 59.5468 3.31732 17.9503 4 2 0.0606777 8.93172e-05 26.0644 2 
1.06955 3.38352e-06 -1 0.684563 0.238862 0.00521742 1.84263 477926 4 8109 2.79074 7.34196 2 1 92.3337 3.07206 30.056 4 2 0.0493791 8.10629e-05 24.6809 2 
1.07477 9.99291e-07 -1 0.685806 0.23869 0.00521742 1.85055 478094 3 2845.31 2.61577 10.2843 2 1 61.8863 3.12973 19.7737 4 2 0.0472723 8.03473e-05 24.2559 2 
1.07999 7.42226e-07 -1 0.687038 0.238526 0.00521742 1.86335 477007 4 8481.36 1.67135 8.44013 2 1 81.9233 2.90627 28.1885 4 2 0.0497972 7.08993e-05 26.5022 2 
1.08521 2.45646e-06 -1 0.688268 0.23837 0.00521742 1.87232 476910 4 3154.43 1.1668 7.21076 2 1 90.0803 4.12436 21.841 4 2 0.0534327 7.4406e-05 26.7978 2 
1.09042 3.4391e-06 -1 0.689504 0.238165 0.00521742 1.88112 476855 4 4090.36 2.24527 6.53316 2 1 70.7225 3.58341 19.7361 4 2 0.0604099 7.36332e-05 28.6429 2 
1.09564 2.425e-06 -1 0.690742 0.237902 0.00521742 1.88991 476807 4 3215.44 1.31163 7.03651 2 1 85.8602 3.36237 25.5357 4 2 0.0581954 6.7809e-05 29.2955 2 
1.10086 -1.35988e-06 -1 0.691984 0.23776 0.00521742 1.89869 476758 4 3086.59 1.80219 6.43309 2 1 80.809 3.60009 22.4464 4 2 0.0538578 6.2883e-05 29.2656 2 
1.10608 -4.47264e-06 -1 0.693229 0.237602 0.00521742 1.90752 476699 4 3233.18 0.579876 8.64119 2 1 81.5562 5.22408 15.6116 4 2 0.053024 5.89474e-05 29.9919 2 
1.11129 -6.22516e-06 -1 0.694479 0.237438 0.00521742 1.91631 476649 4 3054.8 0.951169 7.52803 2 1 66.8368 5.52479 12.0976 4 2 0.0556766 6.20383e-05 29.9576 2 
1.11651 -6.44935e-06 -1 0.695721 0.237281 0.00521742 1.92507 476607 4 6762.11 1.26942 8.54317 2 1 71.2582 6.9717 10.2211 4 2 0.0575564 6.47449e-05 29.8156 2 
1.12173 -5.9654e-06 -1 0.696957 0.237149 0.00521742 1.9331 476746 2 177.789 1.72144 10.1627 2 1 93.0663 8.06743 11.5361 4 3 0.0578447 6.8736e-06 20.3404 2 
1.12695 -6.33372e-06 -1 0.698186 0.236966 0.00521742 1.94121 476865 2 141.399 1.82733 8.79659 2 1 97.4204 9.94678 9.79416 4 3 0.0567917 2.61658e-05 12.9474 2 
1.13216 -6.45756e-06 -1 0.699409 0.236687 0.00521742 1.95012 476786 3 3091.17 3.39735 9.69008 2 1 103.969 8.82413 11.7823 4 3 0.0562168 2.37198e-05 13.3327 2 
1.13738 -6.42944e-06 -1 0.700631 0.236476 0.00521742 1.95992 476494 4 5358.97 1.00691 8.54127 2 1 95.5522 5.53719 17.2565 4 3 0.0583933 1.65716e-05 15.2171 2 
1.1426 -7.01866e-06 -1 0.701858 0.23622 0.00521742 1.96903 476368 3 3254.21 3.23178 10.0231 2 1 93.2733 3.59197 25.9672 4 3 0.0578904 1.21339e-05 16.8346 2 
1.14782 -8.53078e-06 -1 0.703089 0.236025 0.00521742 1.97845 476171 4 2820.37 1.11202 7.09657 2 1 81.0082 3.54245 22.8679 4 3 0.0590253 1.04736e-05 17.7957 2 
1.15303 -1.09481e-05 -1 0.704325 0.235836 0.00521742 1.98788 475973 4 3672.17 0.958604 7.86721 2 1 151.519 3.50904 43.1795 4 3 0.0524337 8.97338e-06 18.0116 2 
1.15825 -1.24709e-05 -1 0.705563 0.235625 0.00521742 1.99732 475774 4 7824.04 1.73042 8.20012 2 1 65.842 2.98483 22.0589 4 3 0.0484916 8.91553e-06 17.5862 2 
1.16347 -1.54211e-05 -1 0.706802 0.235451 0.00521742 2.00676 475577 4 2944.16 0.580389 8.43938 2 1 93.032 2.92937 31.7584 4 3 0.0524454 9.24961e-06 17.8318 2 
1.16869 -1.50135e-05 -1 0.708031 0.235222 0.00521742 2.01619 475384 4 3003.05 1.00729 7.38928 2 1 93.8982 3.82787 24.5301 4 3 0.0596119 9.27355e-06 18.5936 2 
1.1739 -1.41901e-05 -1 0.709258 0.235029 0.00521742 2.02393 475589 2 127.202 1.04203 11.0486 2 1 114.53 4.44125 25.7877 4 3 0.0649845 9.45097e-06 19.0157 2 
1.17912 -1.36562e-05 -1 0.71048 0.234791 0.00521742 2.03343 475382 4 3092.84 0.888376 7.68139 2 1 94.1697 4.69763 20.0462 4 3 0.0699472 9.65332e-06 19.3507 2 
1.18434 -1.30409e-05 -1 0.711697 0.234547 0.00521742 2.04307 475143 4 3071.72 0.683525 8.1876 2 1 87.3363 5.10954 17.0928 4 3 0.071955 9.32002e-06 19.7643 2 
1.18955 -1.39262e-05 -1 0.712905 0.234309 0.00521742 2.05273 474902 4 5752.51 0.981843 8.74891 2 1 67.0059 5.48709 12.2115 4 3 0.0754701 7.90092e-06 21.2177 2 
1.19477 -1.45367e-05 -1 0.714118 0.234048 0.00521742 2.06727 473543 5 9687.9 1.09613 6.15564 2 1 106.361 5.77735 18.41 4 3 0.0627203 6.0169e-06 21.8447 2 
1.19999 -1.07499e-05 -1 0.715332 0.233861 0.00521742 2.07612 473500 3 2770.55 1.86576 11.4087 2 1 75.4094 7.26543 10.3792 4 3 0.0588892 5.48994e-06 22.0541 2 
1.20521 -1.12934e-05 -1 0.716554 0.233589 0.00521742 2.08576 473274 4 4351.31 1.15649 7.83193 2 1 95.1764 8.82575 10.784 4 3 0.0612048 6.12352e-06 21.5408 2 
1.21042 -1.20774e-05 -1 0.717779 0.233329 0.00521742 2.09537 473058 4 9739.99 1.3409 9.23189 2 1 102.154 6.307 16.197 4 3 0.0668751 7.00775e-06 21.211 2 
1.21564 -1.29884e-05 -1 0.719001 0.233098 0.00521742 2.10425 473008 3 1953.85 2.584 9.1103 2 1 87.2521 4.54057 19.2161 4 3 0.0774314 8.13837e-06 21.1898 2 
1.22086 -1.56965e-05 -1 0.720218 0.232849 0.00521742 2.11403 472758 4 3046.01 0.978122 7.47024 2 1 81.3345 2.87994 28.2418 4 3 0.0784156 8.39074e-06 21.0637 2 
1.22608 -1.53372e-05 -1 0.721434 0.232628 0.00521742 2.12381 472509 4 3151.72 1.15735 7.22389 2 1 104.297 2.35941 44.2048 4 3 0.0707581 7.72389e-06 20.9241 2 
1.23129 -1.41203e-05 -1 0.722646 0.232359 0.00521742 2.13191 472635 2 174.527 1.63401 10.3348 2 1 66.5071 2.16767 30.6814 4 3 0.0710984 7.26457e-06 21.3903 2 
1.23651 -1.31022e-05 -1 0.723857 0.232095 0.00521742 2.14175 472377 4 7768.63 1.44379 8.56465 2 1 82.8104 1.91349 43.2771 4 3 0.0754655 7.07981e-06 22.0077 2 
1.24173 -1.23919e-05 -1 0.725063 0.231836 0.00521742 2.15052 472355 4 2891.91 3.43481 5.38667 2 1 115.718 1.87485 61.7212 4 2 0.0771429 9.98482e-05 27.7957 2 
1.24695 -1.26252e-05 -1 0.726263 0.231568 0.00521742 2.15931 472328 4 4297.73 2.94318 6.18167 2 1 115.909 3.28453 35.2893 4 2 0.0766962 9.83233e-05 27.9292 2 
1.25216 -1.12501e-05 -1 0.727465 0.231296 0.00521742 2.16822 472277 4 2860.7 3.06041 5.52934 2 1 120.334 3.88659 30.9612 4 2 0.0749459 9.13737e-05 28.6394 2 
1.25738 -1.2427e-05 -1 0.728672 0.231033 0.00521742 2.17698 472257 4 5507.05 1.33526 8.01379 2 1 127.542 3.54128 36.0158 4 2 0.0732352 7.80165e-05 30.6384 2 
1.2626 -1.12439e-05 -1 0.729879 0.230798 0.00521742 2.18574 472240 4 4092.04 0.773702 8.52789 2 1 113.503 2.95804 38.3708 4 2 0.0703606 8.08603e-05 29.4983 2 
1.26782 -1.08541e-05 -1 0.731081 0.230525 0.00521742 2.19451 472219 4 3932.94 1.1009 7.73113 2 1 90.2517 3.95101 22.8427 4 2 0.072929 8.63487e-05 29.0618 2 
1.27303 -1.08454e-05 -1 0.732279 0.230287 0.00521742 2.20328 472199 4 2338.85 1.12402 6.75393 2 1 183.599 5.05413 36.3266 4 2 0.0660523 8.24193e-05 28.3093 2 
1.27825 -1.00116e-05 -1 0.733476 0.229979 0.00521742 2.21221 472143 3 6912.21 3.38079 12.6921 2 1 65.7741 5.52339 11.9083 4 3 0.0622006 2.28003e-05 13.9728 2 
1.28347 -6.19075e-06 -1 0.734674 0.229763 0.00521742 2.22199 471910 4 8464.29 2.0718 7.99486 2 1 89.5302 5.4608 16.3951 4 3 0.0611434 2.53226e-05 13.4157 2 
1.28869 -4.9557e-06 -1 0.735873 0.229525 0.00521742 2.23175 471681 4 2915 0.651254 8.17941 2 1 106.343 3.90414 27.2384 4 3 0.0695826 1.75133e-05 15.8384 2 
1.2939 -4.25376e-06 -1 0.73707 0.229247 0.00521742 2.24155 471446 4 2940.53 1.2151 7.0138 2 1 125.619 2.21722 56.656 4 3 0.076631 1.26988e-05 18.206 2 
1.29912 -5.19516e-06 -1 0.738266 0.22898 0.00521742 2.24966 471566 2 589.983 2.83298 14.431 2 1 116.412 2.53461 45.9288 4 3 0.0832804 1.03899e-05 20.0129 2 
1.30434 -5.61201e-06 -1 0.739454 0.228708 0.00521742 2.25946 471333 4 2934.26 0.773299 7.84852 2 1 157.616 4.38392 35.9533 4 3 0.0876801 9.13301e-06 21.2534 2 
1.30956 -5.75675e-06 -1 0.740646 0.228448 0.00521742 2.26855 471251 3 6367.46 3.388 12.3407 2 1 114.847 4.1006 28.0074 4 3 0.088938 5.72649e-06 24.9498 2 
1.31477 -9.51148e-06 -1 0.74184 0.228223 0.00521742 2.2778 471136 4 3362.13 0.747411 8.18962 2 1 99.3106 3.68466 26.9524 4 2 0.0932922 9.57298e-05 31.2176 2 
1.31999 -9.31953e-06 -1 0.74303 0.227957 0.00521742 2.28731 470967 4 11108 1.62406 9.09407 2 1 93.2041 3.85934 24.1503 4 2 0.085559 9.19144e-05 30.5099 2 
1.32521 -7.43907e-06 -1 0.744216 0.227709 0.00521742 2.2954 471092 3 4357.35 3.20199 11.0816 2 1 61.4665 3.75172 16.3836 4 2 0.0704735 8.86094e-05 28.2015 2 
1.33043 -8.08684e-06 -1 0.745401 0.227454 0.00521742 2.30431 471047 4 10957.8 1.77435 8.86483 2 1 99.5825 3.32189 29.9777 4 2 0.0768543 8.66921e-05 29.7745 2 
1.33564 -1.22423e-05 -1 0.746585 0.227196 0.00521742 2.31145 471365 2 227.285 2.79743 9.01376 2 1 110.966 3.73243 29.7303 4 2 0.0856103 8.35658e-05 32.0073 2 
1.34086 -1.39497e-05 -1 0.747769 0.226918 0.00521742 2.32031 471330 4 2806.11 0.959932 7.35303 2 1 102.73 4.30936 23.8388 4 2 0.0953066 7.90435e-05 34.7239 2 
1.34608 -1.40205e-05 -1 0.74895 0.226659 0.00521742 2.32831 471469 3 637.448 2.87424 6.05305 2 1 118.579 4.45978 26.5885 4 2 0.0924593 7.80804e-05 34.4116 2 
1.35129 -1.3831e-05 -1 0.750131 0.226414 0.00521742 2.33706 471458 4 3209.38 0.918653 7.68807 2 1 116.491 4.92869 23.6353 4 2 0.0854059 7.28464e-05 34.2405 2 
1.35651 -1.30082e-05 -1 0.75131 0.226162 0.00521742 2.34584 471440 4 2832.16 1.00096 7.29333 2 1 143.905 6.39808 22.4919 4 2 0.0887419 6.98976e-05 35.6314 2 
1.36173 -1.26654e-05 -1 0.752486 0.225863 0.00521742 2.35463 471419 4 8125.66 1.54983 8.50929 2 1 102.403 5.59367 18.307 4 2 0.0920941 8.58084e-05 32.7605 2 
1.36695 -9.96973e-06 -1 0.753661 0.225574 0.00521742 2.36362 471359 3 2955.85 3.32219 9.61803 2 1 118.772 4.43199 26.7989 4 3 0.0919142 3.66732e-06 29.2647 2 
1.37216 -9.54649e-06 -1 0.754839 0.22532 0.00521742 2.37338 471146 4 2749.8 0.808239 7.63731 2 1 143.682 4.6916 30.6254 4 3 0.0905108 3.70701e-06 29.0107 2 
1.37738 -9.07929e-06 -1 0.756011 0.225055 0.00521742 2.38333 470898 4 2695.83 0.482317 8.64649 2 1 131.715 3.96572 33.2133 4 3 0.0881563 4.30336e-06 27.362 2 
1.3826 -8.90737e-06 -1 0.757183 0.224751 0.00521742 2.39227 470850 3 5283.25 3.57742 11.3879 2 1 138.287 3.86222 35.8051 4 3 0.0851362 4.93653e-06 25.8363 2 
1.38782 -8.41495e-06 -1 0.758352 0.224494 0.00521742 2.40203 470642 4 4085.23 0.566584 9.21484 2 1 127.911 3.55397 35.9909 4 3 0.083316 4.50946e-06 26.4363 2 
1.39303 -7.52637e-06 -1 0.759523 0.224223 0.00521742 2.41177 470439 4 2884.51 1.11482 7.13209 2 1 220.585 6.31561 34.9269 4 3 0.0829722 4.0864e-06 27.2812 2 
1.39825 -7.91183e-06 -1 0.760691 0.223941 0.00521742 2.42152 470236 4 2830.3 0.905231 7.47771 2 1 125.836 3.09473 40.6613 4 3 0.0736907 3.36524e-06 27.9769 2 
1.40347 -7.48611e-06 -1 0.76186 0.223673 0.00521742 2.43029 470225 4 10263.3 2.10393 8.35726 2 1 166.308 7.6279 21.8026 4 2 0.0703448 8.97347e-05 27.9986 2 
1.40869 -5.96921e-06 -1 0.763028 0.223404 0.00521742 2.43905 470216 4 2969.22 0.893707 7.5921 2 1 103.992 3.41116 30.4857 4 2 0.0776904 8.59399e-05 30.0667 2 
1.4139 -5.08793e-06 -1 0.764195 0.223128 0.00521742 2.44688 470385 3 2321.36 1.98132 10.5422 2 1 137.122 4.35318 31.4994 4 2 0.0868582 9.53922e-05 30.1751 2 
1.41912 -5.47648e-06 -1 0.765358 0.222862 0.00521742 2.45481 470534 3 2853.6 3.17018 9.65539 2 1 206.044 4.4509 46.2927 4 2 0.0941834 9.73419e-05 31.1055 2 
1.42434 -4.60309e-06 -1 0.766516 0.222592 0.00521742 2.46357 470523 4 2383.91 0.390603 8.8387 2 1 129.746 5.11681 25.3568 4 2 0.100294 9.25095e-05 32.9263 2 
1.42956 -5.02387e-06 -1 0.767672 0.222324 0.00521742 2.47333 470323 4 11297.7 2.77067 7.991 2 1 114.693 7.23021 15.863 4 3 0.104119 1.5504e-05 18.8667 2 
1.43477 -9.09423e-06 -1 0.768826 0.222025 0.00521742 2.48317 470109 4 6372.61 1.01485 8.90182 2 1 97.9428 8.36325 11.7111 4 3 0.110954 2.85772e-05 15.7172 2 
1.43999 -8.82112e-06 -1 0.769978 0.221675 0.00521742 2.49378 469751 5 12663.2 2.19835 5.65053 2 1 109.11 5.51388 19.7882 4 3 0.108334 2.254e-05 16.8761 2 
1.44521 -4.196e-06 -1 0.771131 0.221427 0.00521742 2.50354 469556 4 4845.7 0.723169 9.04751 2 1 108.03 3.78695 28.527 4 3 0.0998285 1.67081e-05 18.1458 2 
1.45043 -4.62065e-06 -1 0.772284 0.221175 0.00521742 2.51332 469358 4 6467.11 2.44009 7.17507 2 1 70.4602 2.82031 24.9831 4 3 0.0937878 1.17527e-05 19.9834 2 
1.45564 -7.41511e-06 -1 0.773438 0.220921 0.00521742 2.52312 469159 4 6870.01 3.48629 6.66267 2 1 315.201 12.7651 24.6924 4 3 0.105243 8.71463e-06 22.9429 2 
1.46086 -1.27876e-05 -1 0.774592 0.220638 0.00521742 2.53277 468989 5 637.733 1.5244 3.34432 2 1 429.184 10.4079 41.2364 4 2 0.107715 9.86407e-05 33.0453 2 
1.46608 -1.44143e-05 -1 0.775746 0.220344 0.00521742 2.54158 468974 4 729.412 1.83071 4.46774 2 1 132.751 5.90914 22.4655 4 2 0.105188 9.54345e-05 33.1995 2 
1.4713 -1.46196e-05 -1 0.776898 0.220075 0.00521742 2.55037 468965 4 4780.51 1.37337 7.68107 2 1 120.533 3.82331 31.5259 4 2 0.0963501 9.25074e-05 32.2729 2 
1.47651 -1.49391e-05 -1 0.778051 0.219825 0.00521742 2.55914 468958 4 2845.25 1.01948 7.26835 2 1 85.9493 3.67451 23.3907 4 2 0.0896646 9.08087e-05 31.4229 2 
1.48173 -1.52896e-05 -1 0.779199 0.219466 0.00521742 2.56785 468961 4 9509.77 3.18883 7.38983 2 1 127.674 3.59017 35.5623 4 2 0.0816772 9.13526e-05 29.9013 2 
1.48695 -5.67439e-06 -1 0.780341 0.219235 0.00521742 2.57661 468956 4 2332.57 0.464593 8.41765 2 1 129.758 4.55896 28.4622 4 2 0.0820898 9.91162e-05 28.7788 2 
1.49217 -4.02014e-06 -1 0.781478 0.21899 0.00521742 2.58373 469250 2 275.758 2.33306 10.8718 2 1 170.573 6.81197 25.0402 4 2 0.0891518 9.68904e-05 30.3337 2 
1.49738 -8.99452e-06 -1 0.782613 0.218735 0.00521742 2.59255 469234 4 4166.08 1.4103 7.37232 2 1 171.231 7.45154 22.9793 4 2 0.094979 9.77651e-05 31.1689 2 
1.5026 -1.1275e-05 -1 0.783745 0.218391 0.00521742 2.60308 468909 5 6084.05 0.952806 5.76816 2 1 147.854 4.76151 31.0519 4 3 0.0976617 4.50492e-06 27.8834 2 
1.50782 -8.50914e-06 -1 0.784877 0.218139 0.00521742 2.61255 468778 4 2783.12 0.785719 7.71465 2 1 149.79 6.30284 23.7655 4 3 0.0988847 4.55506e-06 27.8962 2 
1.51303 -7.11986e-06 -1 0.786011 0.217909 0.00521742 2.62203 468645 4 4082.77 2.45347 6.38695 2 1 143.745 7.52958 19.0907 4 3 0.0951242 4.50316e-06 27.6434 2 
1.51825 -4.55789e-06 -1 0.787147 0.21763 0.00521742 2.63052 468689 4 2330.01 1.62885 6.14992 2 1 172.165 5.72112 30.0929 4 2 0.0919276 9.77948e-05 30.6595 2 
1.52347 -2.20118e-06 -1 0.788283 0.217435 0.00521742 2.64003 468552 4 12074.9 2.42515 8.40014 2 1 118.791 4.73358 25.0954 4 3 0.0778521 4.25066e-06 26.3595 2 
1.52869 -4.45052e-06 -1 0.789421 0.217138 0.00521742 2.64947 468429 4 3643.87 1.01743 7.73598 2 1 111.876 5.38488 20.776 4 3 0.0897466 4.00292e-06 28.1977 2 
1.5339 -5.93017e-06 -1 0.790557 0.216893 0.00521742 2.65885 468317 4 2776.15 0.496691 8.64648 2 1 128.916 4.05889 31.7614 4 3 0.100763 4.07944e-06 29.1229 2 
1.53912 -5.56506e-06 -1 0.791694 0.216626 0.00521742 2.66678 468461 2 511.131 3.14405 12.7503 2 1 149.985 3.3514 44.7531 4 3 0.111231 4.66304e-06 28.7863 2 
1.54434 -5.00777e-06 -1 0.792828 0.216396 0.00521742 2.67567 468434 3 2728.95 3.39494 9.29797 2 1 138.792 2.64261 52.5209 4 3 0.118736 5.16347e-06 28.4368 2 
1.54956 -4.90075e-06 -1 0.793956 0.216156 0.00521742 2.68532 468276 4 13911.4 3.11892 8.17225 2 1 175.038 4.81754 36.3334 4 3 0.125064 5.14914e-06 28.9601 2 
1.55477 -7.30154e-06 -1 0.795079 0.215915 0.00521742 2.69497 468119 4 7822.7 2.8402 7.24439 2 1 101.904 4.22378 24.1263 4 3 0.132272 5.73555e-06 28.4641 2 
1.55999 -1.08553e-05 -1 0.7962 0.215627 0.00521742 2.70473 467944 4 2813.18 3.20842 5.4416 2 1 179.178 3.97834 45.0384 4 3 0.119418 6.82946e-06 25.9554 2 
1.56521 -1.32358e-05 -1 0.797317 0.215313 0.00521742 2.71284 468055 2 443.122 2.72581 12.7501 2 1 134.217 4.34285 30.9054 4 3 0.114625 7.90645e-06 24.3837 2 
1.57043 -1.42805e-05 -1 0.798435 0.215107 0.00521742 2.72268 467868 4 5142.64 1.69135 7.42572 2 1 165.365 7.54242 21.9247 4 3 0.117779 8.32815e-06 24.1828 2 
1.57564 -1.84291e-05 -1 0.799552 0.214879 0.00521742 2.73245 467695 4 2850.25 1.33926 6.79211 2 1 106.845 3.15106 33.9076 4 3 0.122932 7.99802e-06 24.8634 2 
1.58086 -1.93807e-05 -1 0.800669 0.214651 0.00521742 2.74139 467664 3 2752.34 3.28944 9.42309 2 1 146.178 3.48929 41.8933 4 3 0.121771 8.16756e-06 24.6122 2 
1.58608 -2.07745e-05 -1 0.801785 0.214388 0.00521742 2.75116 467491 4 2857.9 1.10385 7.13321 2 1 163.542 3.79362 43.1097 4 3 0.116515 1.87005e-05 18.4011 2 
1.5913 -2.16668e-05 -1 0.802904 0.214126 0.00521742 2.76362 466866 4 2931.87 2.30785 5.97013 2 1 115.84 4.36235 26.5546 4 3 0.11159 3.56456e-05 14.6287 2 
1.59651 -2.36061e-05 -1 0.804023 0.213797 0.00521742 2.77174 466976 2 607.419 1.82778 18.2298 2 1 134.606 3.68212 36.5566 4 3 0.103671 2.80781e-05 15.456 2 
1.60173 -2.56701e-05 -1 0.805143 0.213533 0.00521742 2.78152 466806 4 10741.6 1.57996 9.08041 2 1 123.67 2.11973 58.3423 4 3 0.0981338 2.00959e-05 16.9656 2 
1.60695 -2.50824e-05 -1 0.80626 0.213296 0.00521742 2.79132 466635 4 2898.81 0.584567 8.39163 2 1 370.582 8.91016 41.591 4 3 0.0976798 1.51837e-05 18.5984 2 
1.61217 -2.51486e-05 -1 0.807375 0.213078 0.00521742 2.80028 466605 3 3055.94 3.16919 9.87943 2 1 180.987 5.29959 34.1512 4 3 0.10642 1.37677e-05 19.7722 2 
1.61738 -2.73439e-05 -1 0.808484 0.212809 0.00521742 2.81005 466440 4 2214.08 0.377729 8.74991 2 1 183.073 5.40877 33.8474 4 3 0.114685 1.07962e-05 21.9825 2 
1.6226 -2.81449e-05 -1 0.809591 0.212554 0.00521742 2.81986 466270 4 2750.29 0.589356 8.26514 2 1 157.398 5.4705 28.7721 4 3 0.118935 9.87301e-06 22.9238 2 
1.62782 -2.82587e-05 -1 0.810694 0.212201 0.00521742 2.8305 465964 5 13063.7 1.60361 6.05611 2 1 160.863 5.07198 31.7161 4 3 0.118657 1.09849e-05 22.1054 2 
1.63304 -2.32599e-05 -1 0.811798 0.211952 0.00521742 2.84028 465802 4 2936.29 1.99197 6.19626 2 1 196.117 6.61412 29.6513 4 3 0.126698 1.34044e-05 21.1434 2 
1.63825 -2.23245e-05 -1 0.812899 0.211787 0.00521742 2.85007 465639 4 14126.4 2.20623 8.94532 2 1 147.001 4.58006 32.0959 4 3 0.117104 1.66819e-05 19.1474 2 
1.64347 -2.68896e-05 -1 0.814002 0.211503 0.00521742 2.85985 465479 4 3197.91 0.721076 8.16058 2 1 112.217 4.37558 25.6463 4 3 0.1151 2.02334e-05 17.8513 2 
1.64869 -2.83806e-05 -1 0.815102 0.211242 0.00521742 2.86967 465313 4 2581.74 0.519525 8.39608 2 1 140.275 3.37308 41.5865 4 3 0.123402 2.33428e-05 17.4203 2 
1.65391 -2.84714e-05 -1 0.816204 0.210969 0.00521742 2.87948 465151 4 2796.84 1.18424 6.97119 2 1 142.616 3.3768 42.234 4 3 0.135357 2.42068e-05 17.7493 2 
1.65912 -2.82539e-05 -1 0.817303 0.210733 0.00521742 2.88847 465122 3 513.989 1.67258 6.74822 2 1 146.379 3.76676 38.8608 4 3 0.135018 2.23457e-05 18.2138 2 
1.66434 -2.76496e-05 -1 0.818403 0.210517 0.00521742 2.89848 464927 4 3036.19 1.25246 7.01683 2 1 136.295 3.99877 34.0842 4 3 0.128303 1.96094e-05 18.7036 2 
1.66956 -2.96918e-05 -1 0.819501 0.210225 0.00521742 2.90907 464644 4 2910.49 0.849742 7.65015 2 1 382.452 6.0553 63.1599 4 3 0.11781 1.70956e-05 19.0298 2 
1.67477 -3.14816e-05 -1 0.8206 0.210011 0.00521742 2.91921 464433 4 9865.22 1.53423 8.95476 2 1 133.676 4.77392 28.0014 4 3 0.105106 1.51206e-05 19.0847 2 
1.67999 -3.41074e-05 -1 0.821693 0.209764 0.00521742 2.92907 464268 4 2615.07 0.845565 7.45734 2 1 152.164 3.11627 48.829 4 3 0.0964863 1.31234e-05 19.4449 2 
1.68521 -3.43284e-05 -1 0.822787 0.209532 0.00521742 2.93804 464244 3 2141.23 1.09839 12.4921 2 1 189.735 3.50503 54.1322 4 3 0.105767 1.16053e-05 20.8881 2 
1.69043 -3.55656e-05 -1 0.823878 0.2092 0.00521742 2.94705 464216 3 2698 2.38162 10.4245 2 1 193.506 3.77323 51.2838 4 3 0.111114 1.19973e-05 21.0005 2 
1.69564 -3.59925e-05 -1 0.824968 0.209031 0.00521742 2.95601 464193 3 5925.12 2.74357 12.9259 2 1 174.206 6.5114 26.754 4 3 0.11299 1.23567e-05 20.9112 2 
1.70086 -3.82962e-05 -1 0.826055 0.208797 0.00521742 2.96583 464037 4 2707.64 0.906228 7.3933 2 1 179.772 3.28458 54.732 4 3 0.111967 1.18718e-05 21.128 2 
1.70608 -3.95553e-05 -1 0.827143 0.208544 0.00521742 2.97567 463879 4 3974.62 1.55046 7.11556 2 1 161.701 2.53965 63.6704 4 3 0.10678 1.08834e-05 21.4079 2 
1.7113 -4.10842e-05 -1 0.828228 0.20833 0.00521742 2.98561 463707 4 2957.07 0.98617 7.39993 2 1 120.763 3.28155 36.8005 4 3 0.108183 9.50378e-06 22.4951 2 
1.71651 -4.28006e-05 -1 0.829315 0.20805 0.00521742 2.99704 463305 4 12422.7 1.4523 9.617 2 1 137.504 3.28129 41.9056 4 3 0.112198 8.00628e-06 24.1093 2 
1.72173 -4.21133e-05 -1 0.8304 0.207852 0.00521742 3.00752 463053 4 2815.66 1.37671 6.72488 2 1 188.71 6.48819 29.0852 4 3 0.119064 1.29511e-05 20.9488 2 
1.72695 -4.25485e-05 -1 0.831486 0.207623 0.00521742 3.01784 462827 4 2674.4 1.81595 6.19484 2 1 349.817 11.058 31.6347 4 3 0.131241 6.39458e-06 27.3791 2 
1.73217 -4.2711e-05 -1 0.832569 0.207416 0.00521742 3.02873 462515 4 14423.7 2.51333 8.70376 2 1 132.016 5.01705 26.3135 4 3 0.1454 6.26669e-06 28.5217 2 
1.73738 -4.64715e-05 -1 0.833651 0.207218 0.00521742 3.03789 462468 3 6114.85 3.2493 12.3462 2 1 133.923 6.76711 19.7903 4 3 0.152047 7.25777e-06 27.5671 2 
1.7426 -4.69586e-05 -1 0.834728 0.206894 0.00521742 3.04743 462364 3 2832.72 1.89986 11.4242 2 1 117.291 7.52877 15.579 4 3 0.15335 8.12952e-06 26.6199 2 
1.74782 -5.0338e-05 -1 0.8358 0.206601 0.00521742 3.05844 462040 4 7918.37 2.51518 7.4906 2 1 156.749 9.1889 17.0585 4 3 0.147001 2.24722e-05 18.7022 2 
1.75304 -4.80132e-05 -1 0.836873 0.206335 0.00521742 3.07113 461464 2 356.68 2.75267 11.3832 2 1 127.214 7.7718 16.3687 4 3 0.14502 2.36347e-05 18.3074 2 
1.75825 -4.75244e-05 -1 0.837952 0.206206 0.00521742 3.0819 461181 4 2633.95 0.48183 8.59861 2 1 169.573 5.60347 30.2621 4 3 0.142477 1.67175e-05 20.4264 2 
1.76347 -4.75733e-05 -1 0.839027 0.205992 0.00521742 3.09174 461038 4 5253.11 0.786391 9.04054 2 1 140.666 3.42066 41.1223 4 3 0.138769 1.23718e-05 22.3848 2 
1.76869 -4.52945e-05 -1 0.840102 0.205784 0.00521742 3.1022 460804 4 2600.87 0.718201 7.75744 2 1 176.884 2.90252 60.9415 4 3 0.130589 1.03923e-05 23.2487 2 
1.77391 -4.53077e-05 -1 0.841174 0.205523 0.00521742 3.11329 460477 4 5489.96 1.49154 7.78903 2 1 184.872 3.2925 56.1494 4 3 0.122658 9.10692e-06 23.7926 2 
1.77912 -4.22292e-05 -1 0.842246 0.205267 0.00521742 3.12424 460174 4 2643.22 1.26425 6.762 2 1 165.24 2.50053 66.0819 4 3 0.11625 8.57452e-06 23.8448 2 
1.78434 -4.04286e-05 -1 0.843317 0.205038 0.00521742 3.13315 460173 2 179.935 1.40574 11.3137 2 1 344.08 4.53005 75.9551 4 3 0.109461 8.13926e-06 23.7807 2 
1.78956 -3.99686e-05 -1 0.844388 0.204891 0.00521742 3.1437 459932 4 11825.3 1.31275 9.74221 2 1 122.738 2.73413 44.8909 4 3 0.102172 7.65355e-06 23.7223 2 
1.79478 -4.32713e-05 -1 0.845457 0.204705 0.00521742 3.15422 459696 4 2857.81 0.999473 7.31249 2 1 157.984 3.4162 46.2455 4 3 0.115472 6.93526e-06 25.5351 2 
1.79999 -4.40889e-05 -1 0.846527 0.20451 0.00521742 3.16514 459405 4 2697.24 0.726299 7.8064 2 1 203.288 5.14548 39.5081 4 3 0.127119 6.26098e-06 27.2807 2 
1.80521 -4.30797e-05 -1 0.847593 0.204347 0.00521742 3.17384 459435 3 2109.46 3.40929 8.52123 2 1 201.358 4.9133 40.9822 4 3 0.136701 6.72e-06 27.2982 2 
1.81043 -4.1931e-05 -1 0.848657 0.20414 0.00521742 3.18195 459552 2 366.962 3.4555 10.3052 2 1 178.576 4.541 39.3252 4 3 0.144658 7.24216e-06 27.1326 2 
1.81565 -4.05314e-05 -1 0.849713 0.203906 0.00521742 3.19225 459353 5 15751.9 1.07891 6.80565 2 1 157.984 4.59463 34.3845 4 3 0.14618 7.76497e-06 26.6021 2 
1.82086 -3.70556e-05 -1 0.850769 0.203686 0.00521742 3.20173 459271 4 6512.51 0.516258 10.5979 2 1 119.226 5.06212 23.5526 4 3 0.149719 8.15037e-06 26.3856 2 
1.82608 -3.84775e-05 -1 0.851826 0.203485 0.00521742 3.2104 459307 3 2703.8 3.49899 9.17651 2 1 88.6047 5.60313 15.8134 4 3 0.145231 7.49634e-06 26.8577 2 
1.8313 -4.04767e-05 -1 0.852888 0.203276 0.00521742 3.21986 459230 4 2810.87 1.24184 6.89754 2 1 159.532 7.47852 21.3321 4 3 0.1493 6.99789e-06 27.7352 2 
1.83652 -4.09388e-05 -1 0.853953 0.203055 0.00521742 3.22853 459266 3 4297.17 2.59441 11.8317 2 1 110.473 4.85499 22.7545 4 3 0.15312 6.38106e-06 28.8434 2 
1.84173 -4.15443e-05 -1 0.855015 0.202874 0.00521742 3.2372 459301 3 3268.09 2.20914 11.3944 2 1 301.48 6.65117 45.3274 4 3 0.148641 6.63466e-06 28.1907 2 
1.84695 -4.27105e-05 -1 0.856074 0.202686 0.00521742 3.24577 459350 3 2344.18 1.59081 11.3795 2 1 178.462 2.43619 73.2544 4 3 0.138524 6.75161e-06 27.3762 2 
1.85217 -4.38289e-05 -1 0.857133 0.202492 0.00521742 3.25476 459340 3 2787.29 3.0138 9.74293 2 1 142.581 2.35025 60.6661 4 3 0.12803 6.66426e-06 26.7826 2 
1.85738 -4.39165e-05 -1 0.85819 0.202307 0.00521742 3.26783 458756 3 1933.07 1.7592 10.3192 2 1 137.005 3.00374 45.6114 4 3 0.116422 6.41578e-06 26.2782 2 
1.8626 -4.36542e-05 -1 0.859248 0.202084 0.00521742 3.27763 458634 4 13342.2 1.79847 9.2807 2 1 164.808 3.42523 48.1157 4 3 0.10712 6.18317e-06 25.8753 2 
1.86782 -4.30193e-05 -1 0.860302 0.201863 0.00521742 3.28744 458511 4 2799.8 3.43473 5.34329 2 1 210.323 2.61044 80.57 4 3 0.118065 5.90151e-06 27.1469 2 
1.87304 -4.24727e-05 -1 0.861356 0.201723 0.00521742 3.29729 458384 4 2712.67 2.41745 5.78775 2 1 237.055 3.80299 62.3338 4 3 0.126878 5.55789e-06 28.3678 2 
1.87825 -4.27507e-05 -1 0.862407 0.201565 0.00521742 3.30715 458256 4 2797.23 0.49861 8.6545 2 1 263.811 6.07687 43.4124 4 3 0.135209 5.16766e-06 29.6873 2 
1.88347 -4.25061e-05 -1 0.863454 0.201392 0.00521742 3.31696 458136 4 2830.76 3.13062 5.48363 2 1 185.673 4.34059 42.776 4 3 0.138663 5.17305e-06 29.9276 2 
1.88869 -4.41334e-05 -1 0.864493 0.201167 0.00521742 3.32673 458021 4 16927.6 1.551 10.221 2 1 186.819 4.58205 40.7719 4 3 0.133353 5.3338e-06 29.2407 2 
1.89391 -4.16684e-05 -1 0.865535 0.201005 0.00521742 3.33651 457906 4 2718.4 1.41708 6.61805 2 1 154.518 5.4102 28.5605 4 3 0.139458 5.52748e-06 29.3295 2 
1.89912 -4.20223e-05 -1 0.866578 0.200866 0.00521742 3.34552 457898 3 2625.6 3.27263 9.29203 2 1 243.54 6.06199 40.175 4 3 0.12853 5.7533e-06 28.1641 2 
1.90434 -4.29049e-05 -1 0.867624 0.200672 0.00521742 3.35445 457899 3 4084.06 2.33931 12.0411 2 1 182.441 5.00727 36.4352 4 3 0.148265 5.84146e-06 29.3882 2 
1.90956 -4.25128e-05 -1 0.868672 0.200484 0.00521742 3.36424 457784 4 2646.65 2.16189 5.91515 2 1 150.431 5.37312 27.9969 4 3 0.148581 2.16814e-05 18.9944 2 
1.91478 -4.38951e-05 -1 0.869726 0.200322 0.00521742 3.37321 457781 3 2903.13 2.1906 10.9842 2 1 171.304 5.84608 29.3023 4 3 0.143954 2.23396e-05 18.6087 2 
1.91999 -4.3649e-05 -1 0.870775 0.200108 0.00521742 3.38301 457666 4 4622.12 0.940109 8.37367 2 1 166.122 3.12024 53.24 4 3 0.132173 1.58744e-05 20.2682 2 
1.92521 -4.32339e-05 -1 0.871823 0.199964 0.00521742 3.39196 457665 3 108.721 0.465625 6.1578 2 1 119.19 2.45594 48.5315 4 3 0.119898 1.17785e-05 21.6724 2 
1.93043 -4.31233e-05 -1 0.872868 0.199741 0.00521742 3.40176 457552 4 10769.1 1.36207 9.42963 2 1 162.264 3.39758 47.7589 4 3 0.109974 9.88431e-06 22.3245 2 
1.93565 -4.3468e-05 -1 0.873913 0.19963 0.00521742 3.40988 457663 2 432.085 3.35583 11.3471 2 1 467.147 12.2285 38.2017 4 3 0.109494 8.61926e-06 23.3332 2 
1.94086 -4.27386e-05 -1 0.874954 0.199457 0.00521742 3.41968 457550 4 2650.91 0.355325 9.29377 2 1 229.725 7.28953 31.5144 4 3 0.118144 6.18644e-06 26.7294 2 
1.94608 -4.18701e-05 -1 0.875996 0.199336 0.00521742 3.42945 457440 4 14245.4 2.47144 8.71326 2 1 220.701 5.07854 43.4576 4 3 0.125058 6.34771e-06 27.0084 2 
1.9513 -4.66862e-05 -1 0.877033 0.199222 0.00521742 3.43925 457328 4 2405.22 1.18623 6.71037 2 1 200.638 3.84518 52.1789 4 3 0.127973 6.76934e-06 26.6394 2 
1.95652 -4.7418e-05 -1 0.878066 0.199005 0.00521742 3.44904 457217 4 6034.98 1.15545 8.50121 2 1 205.222 5.10056 40.2351 4 3 0.124098 7.18016e-06 25.8549 2 
1.96173 -4.77881e-05 -1 0.879092 0.198738 0.00521742 3.46372 456462 5 15109.7 3.60665 5.30189 2 1 125.556 3.12004 40.2418 4 3 0.129931 7.60942e-06 25.7506 2 
1.96695 -3.90355e-05 -1 0.880121 0.198512 0.00521742 3.47271 456460 3 1858.72 2.243 9.3928 2 1 343.761 6.61001 52.0061 4 3 0.12326 7.75961e-06 25.1378 2 
1.97217 -3.45085e-05 -1 0.88115 0.198421 0.00521742 3.48255 456346 4 4122.61 1.38194 7.39044 2 1 95.9028 3.38401 28.34 4 3 0.136719 7.85114e-06 25.9198 2 
1.97739 -3.39247e-05 -1 0.882182 0.198333 0.00521742 3.49235 456239 4 2813.61 0.941775 7.39315 2 1 127.075 3.31905 38.2864 4 3 0.149502 7.92217e-06 26.6236 2 
1.9826 -3.51457e-05 -1 0.883216 0.198158 0.00521742 3.50127 456246 3 2949.89 2.97056 9.97675 2 1 160.996 5.01132 32.1264 4 3 0.143516 7.74078e-06 26.4671 2 
1.98782 -3.53223e-05 -1 0.884252 0.198038 0.00521742 3.51103 456144 4 2666.5 0.680708 7.91125 2 1 163.044 5.4424 29.9581 4 3 0.134962 7.48217e-06 26.2258 2 
1.99304 -3.54142e-05 -1 0.88529 0.197872 0.00521742 3.52082 456040 4 2738.12 0.845612 7.54346 2 1 123.397 6.11352 20.1844 4 3 0.122937 7.12348e-06 25.8423 2 
1.99826 -3.56538e-05 -1 0.886333 0.1977 0.00521742 3.53078 455913 3 2634.17 3.17201 9.39946 2 2 579.866 0.950131 24.7043 3 3 0.122782 6.89891e-06 26.1086 2 
2.00347 -3.54509e-05 -1 0.887371 0.197446 0.00521742 3.54036 455837 4 8889.31 1.93355 8.23433 2 1 183.814 5.53028 33.2378 3 3 0.120845 6.86589e-06 26.0122 2 
2.00869 -3.05455e-05 -1 0.888406 0.197255 0.00521742 3.5482 455983 2 364.096 2.66914 11.6794 2 1 226.393 5.13261 44.1088 3 3 0.117875 6.74386e-06 25.952 2 
2.01391 -2.80528e-05 -1 0.889437 0.197162 0.00521742 3.55772 455915 4 2694.41 0.553168 8.35414 2 1 218.731 4.46275 49.0127 3 3 0.118184 7.03628e-06 25.6098 2 
2.01912 -2.80433e-05 -1 0.890467 0.197096 0.00521742 3.56726 455844 4 2245.63 0.921945 7.02519 2 1 201.049 6.47128 31.0679 3 3 0.12055 7.20979e-06 25.571 2 
2.02434 -2.99236e-05 -1 0.891494 0.196987 0.00521742 3.57684 455767 4 14118 2.93731 8.32637 2 1 182.11 6.598 27.6008 3 3 0.117518 7.26012e-06 25.2961 2 
2.02956 -3.01719e-05 -1 0.892516 0.196824 0.00521742 3.58729 455581 4 14669.8 3.27789 8.17914 2 2 297.149 3.94408 8.67989 2 3 0.121582 7.11474e-06 25.7575 2 
2.03478 -3.19262e-05 -1 0.893529 0.196711 0.00521742 3.59752 455424 4 4233.75 1.23045 7.65888 2 2 161.434 1.7638 9.56694 2 3 0.122913 6.98647e-06 26.0084 2 
2.03999 -3.24861e-05 -1 0.894546 0.196563 0.00521742 3.60775 455269 4 2683.35 0.715901 7.82449 2 2 87.1275 1.59112 7.39991 2 3 0.13496 7.09283e-06 26.6969 2 
2.04521 -3.24612e-05 -1 0.895563 0.196397 0.00521742 3.61797 455115 4 3519.5 1.64004 6.80623 2 2 151.036 1.83578 9.07046 2 3 0.13817 7.00642e-06 27.0171 2 
2.05043 -2.9834e-05 -1 0.896583 0.196228 0.00521742 3.62819 454961 4 1957.69 0.700222 7.27155 2 2 141.337 4.28048 5.74622 2 3 0.14278 6.85306e-06 27.5166 2 
2.05565 -2.91752e-05 -1 0.897603 0.196102 0.00521742 3.63842 454809 4 2710.37 1.47805 6.54387 2 2 154.194 2.93336 7.25022 2 3 0.132742 6.74255e-06 27.0019 2 
2.06086 -2.86729e-05 -1 0.898625 0.195975 0.00521742 3.64868 454652 4 2182.03 1.17033 6.5711 2 2 570.022 10.9148 7.22668 2 3 0.119898 6.38372e-06 26.5815 2 
2.06608 -2.72067e-05 -1 0.899647 0.195839 0.00521742 3.658 454613 4 2849.87 1.14621 7.06139 2 1 123.252 13.2638 9.29236 2 3 0.121963 6.10235e-06 27.1379 2 
2.0713 -2.58422e-05 -1 0.900672 0.19571 0.00521742 3.67249 453935 4 8672.49 1.43527 8.81662 2 2 182.969 3.88622 6.86159 2 3 0.136881 1.97676e-05 19.0603 2 
2.07652 -2.49868e-05 -1 0.9017 0.195557 0.00521742 3.6819 453887 3 2804.62 3.60669 9.19578 2 2 213.995 4.05407 7.26534 2 3 0.140124 2.5724e-05 17.5951 2 
2.08173 -2.60829e-05 -1 0.902731 0.195459 0.00521742 3.69213 453740 4 2774.64 0.329788 9.5773 2 2 215.242 2.58737 9.12084 2 3 0.139031 1.95321e-05 19.2363 2 
2.08695 -2.59517e-05 -1 0.903762 0.195326 0.00521742 3.70156 453689 3 2256.77 1.97296 10.4582 2 2 203.632 3.2788 7.88071 2 3 0.134563 1.47876e-05 20.8774 2 
2.09217 -2.60109e-05 -1 0.904789 0.195233 0.00521742 3.7101 453750 2 205.115 2.04052 10.026 2 2 285.249 4.16534 8.27536 2 3 0.12915 1.06959e-05 22.9417 2 
2.09739 -2.63799e-05 -1 0.905809 0.19516 0.00521742 3.7195 453704 4 14248.2 1.94398 9.25266 2 1 164.499 13.7264 11.9842 2 3 0.122166 8.05521e-06 24.7528 2 
2.1026 -2.86414e-05 -1 0.906827 0.195045 0.00521742 3.72798 453770 2 578.329 3.52656 12.806 2 2 147.811 2.4255 7.80644 2 3 0.123667 7.32157e-06 25.6576 2 
2.10782 -3.13809e-05 -1 0.907836 0.194893 0.00521742 3.73812 453635 4 2853.64 0.628881 8.20744 2 1 93.8022 11.5656 8.11044 2 3 0.134733 6.79356e-06 27.0682 2 
2.11304 -3.18454e-05 -1 0.90884 0.194778 0.00521742 3.7476 453581 4 3574.99 0.941377 7.85015 2 1 142.921 14.5866 9.7981 2 3 0.140148 6.24369e-06 28.2086 2 
2.11826 -3.11946e-05 -1 0.909844 0.194635 0.00521742 3.75703 453533 4 2648.86 0.998603 7.17656 2 1 122.037 8.38398 14.556 2 3 0.143581 5.87397e-06 29.0216 2 
2.12347 -3.04895e-05 -1 0.910852 0.194508 0.00521742 3.76729 453385 4 2756.87 0.496519 8.63217 2 2 574.749 7.98117 8.48605 2 3 0.133822 5.80932e-06 28.4534 2 
2.12869 -3.03e-05 -1 0.91186 0.194397 0.00521742 3.77583 453444 3 2751.57 1.97749 11.1641 2 1 112.722 9.86773 11.4232 2 3 0.120554 5.67315e-06 27.6983 2 
2.13391 -3.01983e-05 -1 0.91287 0.194308 0.00521742 3.78524 453399 4 2377.52 0.268008 9.70497 2 1 112.512 12.0908 9.30552 2 3 0.120668 5.51983e-06 27.9612 2 
2.13913 -3.01367e-05 -1 0.913881 0.194205 0.00521742 3.79465 453355 4 8522.07 0.796288 10.1711 2 1 156.398 11.2977 13.8434 2 3 0.126619 5.35668e-06 28.6991 2 
2.14434 -3.04543e-05 -1 0.914894 0.194115 0.00521742 3.8049 453209 4 2618.46 0.567165 8.24298 2 2 215.011 2.28913 9.69159 2 3 0.141677 5.65726e-06 29.2571 2 
2.14956 -3.03545e-05 -1 0.915907 0.194007 0.00521742 3.81512 453069 4 1876.68 0.534203 7.69876 2 2 219.443 3.59215 7.816 2 3 0.144193 5.76701e-06 29.2414 2 
2.15478 -3.0554e-05 -1 0.916923 0.19389 0.00521742 3.82535 452928 4 2808.94 0.927854 7.41764 2 2 204.276 6.32269 5.68404 2 3 0.141591 6.1075e-06 28.5139 2 
2.16 -3.02388e-05 -1 0.917941 0.193773 0.00521742 3.83552 452795 4 2549.2 0.732108 7.6817 2 2 269.196 7.92977 5.82645 2 3 0.135629 6.27438e-06 27.8566 2 
2.16521 -3.05899e-05 -1 0.918963 0.193679 0.00521742 3.84572 452659 4 14097.9 0.964118 10.9965 2 2 162.94 5.03152 5.69068 2 3 0.128662 6.41258e-06 27.1731 2 
2.17043 -3.16514e-05 -1 0.919985 0.193587 0.00521742 3.85592 452524 4 11974.6 1.73472 9.11502 2 2 154.366 2.38381 8.04711 2 3 0.123858 6.44936e-06 26.7795 2 
2.17565 -3.18213e-05 -1 0.921008 0.193489 0.00521742 3.86808 452160 3 506.12 0.880296 8.31524 2 2 104.926 1.288 9.02575 2 3 0.132941 6.24592e-06 27.7133 2 
2.18086 -3.15852e-05 -1 0.922021 0.193388 0.00521742 3.87827 452028 4 2800.63 0.504455 8.63194 2 2 131.659 2.16792 7.79297 2 3 0.137153 6.02961e-06 28.3339 2 
2.18608 -3.08394e-05 -1 0.923028 0.1933 0.00521742 3.88763 451993 3 3329.71 3.4112 9.91973 2 2 139.117 0.916611 12.3196 2 3 0.141966 6.09497e-06 28.5586 2 
2.1913 -3.06201e-05 -1 0.924022 0.193192 0.00521742 3.89786 451858 4 2638.82 0.749049 7.70416 2 2 571.962 10.4124 7.41155 2 3 0.131169 6.42955e-06 27.3244 2 
2.19652 -3.12198e-05 -1 0.925018 0.193094 0.00521742 3.90901 451618 4 2750.73 2.95366 5.52423 2 2 122.249 2.11598 7.60095 2 3 0.118449 6.56686e-06 26.2255 2 
2.20173 -3.24622e-05 -1 0.926014 0.193007 0.00521742 3.91921 451487 4 2664.13 2.31421 5.82489 2 2 117.134 2.30425 7.12979 2 3 0.121074 6.66211e-06 26.2913 2 
2.20695 -3.36052e-05 -1 0.927014 0.192929 0.00521742 3.92944 451354 4 8527 1.23091 9.1231 2 2 143.217 1.85802 8.77954 2 3 0.127412 6.64515e-06 26.765 2 
2.21217 -3.41297e-05 -1 0.928014 0.19289 0.00521742 3.93966 451223 4 2767.51 2.47322 5.78371 2 2 191.335 1.96573 9.86588 2 3 0.142213 6.50432e-06 27.9627 2 
2.21739 -3.45776e-05 -1 0.929016 0.192793 0.00521742 3.94985 451096 4 2475.11 1.2517 6.66844 2 2 213.093 2.51307 9.20836 2 3 0.143405 6.43383e-06 28.1426 2 
2.2226 -3.53032e-05 -1 0.930018 0.192708 0.00521742 3.96418 450499 4 2645.94 1.20825 6.84079 2 2 255.632 4.16925 7.8303 2 3 0.139559 6.32915e-06 28.0417 2 
2.22782 -3.57708e-05 -1 0.931023 0.192626 0.00521742 3.97442 450368 4 2659.64 0.870237 7.43526 2 2 176.739 2.52843 8.36067 2 3 0.133941 6.29674e-06 27.7076 2 
2.23304 -3.60112e-05 -1 0.932028 0.192557 0.00521742 3.98378 450338 4 13718.8 1.83352 9.30053 2 1 166.478 12.4154 13.409 2 3 0.125424 6.76381e-06 26.4685 2 
2.23826 -3.77543e-05 -1 0.933035 0.192459 0.00521742 3.99401 450210 5 11740.7 1.27944 6.20205 2 1 145.729 13.8261 10.5401 2 3 0.121451 2.64638e-05 16.6182 2 
2.24347 -3.63559e-05 -1 0.934044 0.192364 0.00521742 4.00424 450083 4 2631.01 0.516607 8.44774 2 2 105.102 3.21121 5.721 2 3 0.130339 3.19778e-05 15.9738 2 
2.24869 -3.56481e-05 -1 0.935056 0.192304 0.00521742 4.0119 450245 2 356.819 1.72312 14.3902 2 1 138.694 12.2225 11.3475 2 3 0.134791 2.32088e-05 17.975 2 
2.25391 -3.68855e-05 -1 0.936069 0.192225 0.00521742 4.02126 450215 3 3576.63 3.4676 10.1037 2 2 552.607 8.5506 8.03915 2 3 0.137272 1.71046e-05 20.0212 2 
2.25913 -3.74589e-05 -1 0.937083 0.192162 0.00521742 4.02979 450279 3 2502.88 1.6444 11.503 2 1 158.402 9.22896 17.1636 2 3 0.127248 1.38496e-05 20.9446 2 
2.26434 -3.91458e-05 -1 0.938096 0.19211 0.00521742 4.0383 450344 3 2135.05 2.51945 9.46311 2 1 139.571 12.9139 10.8078 2 3 0.118195 1.26057e-05 21.0868 2 
2.26956 -3.94198e-05 -1 0.939104 0.192039 0.00521742 4.04787 450291 4 2731.17 0.537613 8.44247 2 1 95.4986 11.2731 8.47136 2 3 0.122535 9.2339e-06 23.6751 2 
2.27478 -3.94233e-05 -1 0.940092 0.191988 0.00521742 4.05615 450382 3 8609.68 3.52538 13.4667 2 1 151.673 12.2657 12.3657 2 3 0.127025 8.22797e-06 24.9 2 
2.28 -3.98319e-05 -1 0.941082 0.191926 0.00521742 4.06515 450393 4 2333.16 0.940802 7.05686 2 1 183.548 13.2264 13.8774 2 3 0.139368 8.4274e-06 25.4775 2 
2.28521 -4.02697e-05 -1 0.942073 0.191854 0.00521742 4.07501 450308 4 2655.81 1.44113 6.55199 2 2 255.408 6.90228 6.08304 2 3 0.139085 8.42138e-06 25.4663 2 
2.29043 -4.0793e-05 -1 0.943066 0.191798 0.00521742 4.08318 450410 2 220.518 2.15259 10.1214 2 2 197.695 2.44517 8.99174 2 3 0.134285 8.41109e-06 25.1802 2 
2.29565 -4.10705e-05 -1 0.944059 0.191749 0.00521742 4.09302 450327 4 14290 1.66616 9.62341 2 2 180.454 2.6027 8.32667 2 3 0.126774 8.64671e-06 24.4752 2 
2.30087 -4.26853e-05 -1 0.945056 0.191714 0.00521742 4.10285 450247 4 4500.79 1.1163 7.96851 2 2 159.536 2.3641 8.21478 2 3 0.1185 8.7711e-06 23.817 2 
2.30608 -4.35155e-05 -1 0.946051 0.191669 0.00521742 4.1127 450165 4 11484.7 2.06085 8.64008 2 2 147.202 3.53658 6.45157 2 3 0.116042 9.38853e-06 23.121 2 
2.3113 -4.28805e-05 -1 0.94705 0.191623 0.00521742 4.12254 450083 4 2683.15 0.487548 8.61305 2 2 111.419 1.5886 8.37477 2 3 0.125406 9.78841e-06 23.3993 2 
2.31652 -4.2471e-05 -1 0.948047 0.191521 0.00521742 4.13159 450090 3 2538.66 1.52334 11.8559 2 2 125.142 1.39054 9.48658 2 3 0.127132 9.85995e-06 23.4491 2 
2.32174 -4.24256e-05 -1 0.949047 0.191477 0.00521742 4.14074 450083 3 2560.76 3.16437 9.31882 2 2 554.441 2.51794 14.839 2 3 0.130378 8.85266e-06 24.5119 2 
2.32695 -4.16844e-05 -1 0.95005 0.19144 0.00521742 4.15083 449976 4 3497.29 0.825088 8.06878 2 2 146.415 2.91834 7.08312 2 3 0.119817 7.36166e-06 25.3424 2 
2.33217 -4.01777e-05 -1 0.951056 0.191383 0.00521742 4.15934 450040 2 148.057 2.88896 7.15885 2 2 149.059 2.33061 7.99731 2 3 0.118827 6.34299e-06 26.5587 2 
2.33739 -3.97029e-05 -1 0.952061 0.191347 0.00521742 4.16793 450096 3 128.676 0.502589 6.34981 2 1 109.956 14.6889 7.48562 2 3 0.122395 6.674e-06 26.3709 2 
2.3426 -3.93722e-05 -1 0.953068 0.191287 0.00521742 4.17734 450062 3 2495.31 2.84658 9.57048 2 2 134.407 2.13435 7.93557 2 3 0.134488 6.8345e-06 26.9977 2 
2.34782 -3.80532e-05 -1 0.954074 0.191278 0.00521742 4.18752 449947 4 7676.43 0.859544 9.72126 2 2 156.07 1.83997 9.20989 2 3 0.134634 7.09516e-06 26.6725 2 
2.35304 -3.88225e-05 -1 0.955081 0.191208 0.00521742 4.1977 449832 4 2605.64 1.1479 6.90245 2 2 255.038 2.27557 10.5866 2 3 0.130438 7.29848e-06 26.1451 2 
2.35826 -4.14159e-05 -1 0.956083 0.191183 0.00521742 4.20814 449688 4 2718 0.772384 7.70201 2 2 189.357 3.07317 7.84959 2 3 0.123426 7.54481e-06 25.3855 2 
2.36347 -4.1606e-05 -1 0.95707 0.19115 0.00521742 4.21833 449573 4 13434 1.99967 9.05339 2 2 193.081 3.17748 7.79523 2 3 0.115423 7.78198e-06 24.5697 2 
2.36869 -4.35084e-05 -1 0.958056 0.191124 0.00521742 4.22691 449630 3 2634.47 2.76861 9.83581 2 1 176.789 14.4469 12.2371 2 3 0.111728 7.95366e-06 24.1285 2 
2.37391 -4.25554e-05 -1 0.959044 0.191081 0.00521742 4.23803 449416 5 11468.9 1.22856 6.22336 2 2 168.766 3.20493 7.25659 2 3 0.111499 8.10646e-06 23.9596 2 
2.37913 -4.02132e-05 -1 0.960033 0.191047 0.00521742 4.24741 449388 4 4521.85 1.48077 7.43374 2 1 112.583 11.2357 10.0201 2 3 0.120722 7.84405e-06 24.8742 2 
2.38434 -4.08698e-05 -1 0.961024 0.191026 0.00521742 4.25596 449448 3 1091.83 1.432 9.1356 2 1 90.5863 9.64575 9.39131 2 3 0.131499 7.65054e-06 25.8074 2 
2.38956 -4.08539e-05 -1 0.962015 0.190999 0.00521742 4.26527 449428 3 2618.45 2.87854 9.68926 2 2 548.7 3.67064 12.2263 2 3 0.125493 7.30437e-06 25.8035 2 
2.39478 -4.11453e-05 -1 0.963008 0.190935 0.00521742 4.27377 449492 3 2695.13 1.16815 13.2138 2 1 149.592 10.8381 13.8024 2 3 0.116654 7.06113e-06 25.4688 2 
2.4 -4.26037e-05 -1 0.964 0.19089 0.00521742 4.2823 449553 3 3470.1 3.05201 10.4372 2 1 133.092 11.5606 11.5125 2 3 0.117353 6.57965e-06 26.1274 2 
2.40521 -4.14046e-05 -1 0.964995 0.190921 0.00521742 4.29169 449523 4 2540.7 0.817281 7.46699 2 1 114.327 12.8305 8.91062 2 3 0.128521 1.82194e-05 19.1784 2 
2.41043 -4.14733e-05 -1 0.965992 0.1909 0.00521742 4.30028 449579 2 89.1474 1.38297 8.02874 2 2 124.022 3.87741 5.65559 2 3 0.127795 2.37539e-05 17.5224 2 
2.41565 -4.11832e-05 -1 0.966993 0.19087 0.00521742 4.30973 449543 4 8025.56 1.09869 9.24484 2 1 152.928 13.342 11.4622 2 3 0.123516 1.74553e-05 19.1984 2 
2.42087 -4.18751e-05 -1 0.967994 0.190851 0.00521742 4.32002 449420 4 2573.78 0.276163 9.82543 2 2 261.439 2.29817 10.6658 2 3 0.117013 1.288e-05 20.866 2 
2.42608 -4.2018e-05 -1 0.968997 0.190831 0.00521742 4.32941 449392 3 2475.68 3.28452 9.10069 2 2 176.971 2.46472 8.47359 2 3 0.109823 1.02541e-05 22.0427 2 
2.4313 -4.20445e-05 -1 0.969999 0.190805 0.00521742 4.33966 449274 4 12612.4 1.20255 10.1198 2 2 176.417 2.95384 7.72817 2 3 0.101519 9.28189e-06 22.1975 2 
2.43652 -4.18578e-05 -1 0.971002 0.190712 0.00521742 4.34912 449238 3 2602.29 3.10146 9.43185 2 2 200.687 3.47683 7.59745 2 3 0.107251 7.08652e-06 24.7356 2 
2.44174 -4.40032e-05 -1 0.972002 0.19074 0.00521742 4.35962 449096 4 11523.2 1.44383 9.45179 2 2 131.401 3.75775 5.91338 2 3 0.105281 6.56124e-06 25.2225 2 
2.44695 -4.32721e-05 -1 0.973002 0.190747 0.00521742 4.37059 448906 4 4944.18 0.828626 8.78889 2 2 181.671 2.59877 8.36102 2 3 0.109581 6.48952e-06 25.6551 2 
2.45217 -4.2019e-05 -1 0.973993 0.190743 0.00521742 4.38024 448852 4 2602.81 0.714815 7.76805 2 1 83.1578 13.6227 6.10437 2 3 0.122109 6.27685e-06 26.8948 2 
2.45739 -4.20926e-05 -1 0.974978 0.190728 0.00521742 4.39037 448750 3 1385.28 0.834381 11.8411 2 2 538.558 6.69594 8.96831 2 3 0.118563 6.14466e-06 26.8216 2 
2.46261 -4.21824e-05 -1 0.975963 0.190743 0.00521742 4.40088 448608 4 2699.79 0.598448 8.1955 2 2 141.014 1.89417 8.62824 2 3 0.114469 5.9071e-06 26.8599 2 
2.46782 -4.13841e-05 -1 0.976951 0.190718 0.00521742 4.41033 448576 3 1089.78 0.726774 11.4458 2 2 142.415 2.03921 8.35695 2 3 0.123153 5.58971e-06 28.034 2 
2.47304 -4.11011e-05 -1 0.977939 0.190734 0.00521742 4.41977 448545 3 3541.46 2.46351 11.2861 2 2 149.335 1.82943 9.03488 2 3 0.120267 5.26843e-06 28.3676 2 
2.47826 -3.96924e-05 -1 0.978929 0.190707 0.00521742 4.42835 448601 3 2704.84 2.3912 10.4194 2 1 125.712 12.0403 10.4409 2 3 0.115657 5.60244e-06 27.4325 2 
2.48348 -3.91044e-05 -1 0.979919 0.190663 0.00521742 4.43697 448652 3 2518.36 3.0692 9.36191 2 1 128.885 12.6833 10.1618 2 3 0.109477 5.94636e-06 26.4052 2 
2.48869 -3.85718e-05 -1 0.980911 0.190676 0.00521742 4.44723 448538 4 7451.33 1.3377 8.6391 2 2 265.148 4.83603 7.40456 2 3 0.102526 6.21027e-06 25.4629 2 
2.49391 -3.89716e-05 -1 0.981905 0.190702 0.00521742 4.45744 448430 4 12924.9 2.05043 8.91037 2 2 160.968 4.96335 5.69484 2 3 0.0951881 6.49551e-06 24.4713 2 
2.49913 -4.22407e-05 -1 0.982904 0.190694 0.00521742 4.46766 448320 4 2002.69 0.736112 7.22216 2 2 176.709 2.53296 8.35248 2 3 0.0964384 6.70765e-06 24.3161 2 
2.50434 -4.37189e-05 -1 0.983902 0.190684 0.00521742 4.47616 448384 2 378.932 3.0923 11.0698 2 2 201.124 2.0008 10.0261 2 3 0.100929 6.96819e-06 24.3762 2 
2.50956 -4.4143e-05 -1 0.984903 0.190598 0.00521742 4.48732 448182 5 11905.7 2.85281 5.29781 2 2 180.988 2.8845 7.92117 2 3 0.105303 7.26257e-06 24.3847 2 
2.51478 -3.88567e-05 -1 0.985902 0.1906 0.00521742 4.49581 448246 3 2740.43 3.32806 9.37294 2 1 111.447 11.3641 9.80694 2 3 0.102609 7.5165e-06 23.8995 2 
2.52 -3.61003e-05 -1 0.986903 0.190625 0.00521742 4.50603 448139 4 4975.31 1.09325 8.21345 2 2 189.067 2.41953 8.83979 2 3 0.117689 7.7285e-06 24.7864 2 
2.52521 -3.67498e-05 -1 0.987903 0.190672 0.00521742 4.51626 448031 4 5327.77 1.42819 7.81519 2 2 562.525 7.32908 8.76085 2 3 0.116427 7.85464e-06 24.5646 2 
2.53043 -3.68224e-05 -1 0.988903 0.190704 0.00521742 4.52478 448092 3 271.43 1.1282 6.21952 2 1 153.506 8.89929 17.2493 2 3 0.111925 7.84322e-06 24.2555 2 
2.53565 -3.77062e-05 -1 0.989901 0.190703 0.00521742 4.53498 447987 5 2435.68 1.10609 4.66193 2 1 134.698 12.974 10.3821 2 3 0.110118 7.35531e-06 24.6463 2 
2.54087 -3.79807e-05 -1 0.990895 0.190687 0.00521742 4.5435 448050 3 1330.72 0.742374 12.1475 2 1 142.475 14.0028 10.1748 2 3 0.104409 7.15498e-06 24.4368 2 
2.54608 -3.77734e-05 -1 0.99188 0.190674 0.00521742 4.55371 447944 4 2656.31 3.63519 5.19921 2 2 145.74 2.51594 7.61096 2 3 0.0986266 6.7208e-06 24.4826 2 
2.5513 -3.93553e-05 -1 0.992866 0.190638 0.00521742 4.56311 447919 3 3285.23 2.0115 11.7765 2 2 133.831 3.04505 6.62949 2 3 0.0937869 6.46046e-06 24.3946 2 
2.55652 -4.03622e-05 -1 0.993852 0.190644 0.00521742 4.57334 447813 4 8214.41 1.53038 8.55942 2 2 265.536 6.56072 6.36188 2 3 0.0871569 6.21474e-06 24.1153 2 
2.56174 -3.96793e-05 -1 0.99484 0.19069 0.00521742 4.58356 447708 4 12297.4 0.923407 10.7425 2 2 131.026 2.42503 7.35056 2 3 0.0874751 6.23899e-06 24.1133 2 
2.56695 -4.05564e-05 -1 0.995829 0.19073 0.00521742 4.59291 447688 3 2499.6 2.32254 10.2479 2 2 182.802 3.96176 6.79276 2 3 0.0920478 6.56439e-06 24.1142 2 
2.57217 -3.95896e-05 -1 0.99682 0.190697 0.00521742 4.60227 447667 3 2621.06 3.39084 9.17747 2 2 188.355 2.40625 8.84746 2 3 0.094855 1.24687e-05 19.6674 2 
2.57739 -3.84813e-05 -1 0.997813 0.190797 0.00521742 4.61244 447568 4 12373 2.78228 8.16617 2 2 180.571 3.48706 7.19606 2 3 0.0986766 2.33062e-05 16.1776 2 
2.58261 -4.15769e-05 -1 0.998811 0.19076 0.00521742 4.62262 447469 4 2166.62 0.671765 7.53601 2 2 148.681 4.50714 5.7435 2 3 0.109086 1.84615e-05 18.0787 2 
2.58782 -4.19112e-05 -1 0.999808 0.190775 0.00521742 4.63197 447450 4 2215.31 0.633871 7.6888 2 1 80.1106 11.8604 6.75448 2 3 0.112262 1.35382e-05 20.2406 2 
2.59304 -4.26028e-05 -1 1.00081 0.190748 0.00521742 4.64221 447346 4 5176.38 3.38528 6.25328 2 2 442.822 9.77844 6.72946 2 3 0.109293 1.02733e-05 21.9935 2 
2.59826 -4.02443e-05 -1 1.00181 0.190737 0.00521742 4.65166 447317 4 5287.38 1.42715 7.80176 2 1 103.424 8.36927 12.3576 2 3 0.106697 9.35249e-06 22.5117 2 
2.60348 -3.84421e-05 -1 1.00281 0.190769 0.00521742 4.66098 447301 4 2594.86 0.439963 8.76344 2 1 130.859 13.7059 9.54767 2 3 0.0995128 7.45881e-06 23.7175 2 
2.60869 -3.85542e-05 -1 1.00381 0.190814 0.00521742 4.66864 447445 2 151.742 2.50655 7.78063 2 1 124.085 12.4644 9.95516 2 3 0.0919342 7.1895e-06 23.3844 2 
2.61391 -3.93443e-05 -1 1.00481 0.190843 0.00521742 4.67633 447585 2 89.9989 2.79841 5.67104 2 1 148.017 14.6371 10.1125 2 3 0.0857583 7.20093e-06 22.8365 2 
2.61913 -3.99843e-05 -1 1.00581 0.19085 0.00521742 4.68567 447568 4 2410.63 1.00558 6.99727 2 1 140.326 11.4687 12.2357 2 3 0.081407 7.0424e-06 22.6107 2 
2.62435 -4.0554e-05 -1 1.00681 0.190819 0.00521742 4.6951 447541 3 3510.42 2.44317 11.2841 2 2 137.508 2.38286 7.59652 2 3 0.0756582 6.92578e-06 22.1886 2 
2.62956 -3.46905e-05 -1 1.0078 0.190884 0.00521742 4.70493 447477 4 11912.9 3.45796 7.66125 2 2 227.967 4.35659 7.23373 2 3 0.0839512 6.66378e-06 23.2685 2 
2.63478 -3.72562e-05 -1 1.00879 0.190913 0.00521742 4.71313 447567 3 332.549 0.649812 7.99876 2 1 142.975 11.0223 12.9714 2 3 0.0878574 6.52082e-06 23.7954 2 
2.64 -3.78844e-05 -1 1.00977 0.190941 0.00521742 4.72296 447503 4 2499.67 0.709352 7.70469 2 2 175.559 2.71743 8.03772 2 3 0.0938135 6.30653e-06 24.5938 2 
2.64522 -3.77827e-05 -1 1.01076 0.190954 0.00521742 4.73196 447517 3 841.782 0.724719 10.5118 2 2 172.103 2.13694 8.97423 2 3 0.0967831 6.08427e-06 25.1496 2 
2.65043 -3.75954e-05 -1 1.01175 0.190932 0.00521742 4.74259 447377 5 11865.2 1.20802 6.28694 2 2 161.442 2.87569 7.49269 2 3 0.0981321 7.50087e-06 23.5631 2 
2.65565 -3.51161e-05 -1 1.01274 0.190939 0.00521742 4.75089 447458 3 1984.88 2.60322 9.13568 2 1 89.5932 9.87245 9.07507 2 3 0.0987964 8.3673e-06 22.7712 2 
2.66087 -3.47945e-05 -1 1.01374 0.190974 0.00521742 4.75992 447470 4 2697.37 0.874123 7.45319 2 1 93.0593 13.5872 6.84904 2 3 0.102678 7.5455e-06 23.8742 2 
2.66609 -3.4811e-05 -1 1.01473 0.190991 0.00521742 4.76916 447462 3 2223.05 2.04905 10.2754 2 2 388.838 4.67591 9.11909 2 3 0.105155 6.14645e-06 25.7673 2 
2.6713 -3.53734e-05 -1 1.01573 0.191046 0.00521742 4.77835 447459 4 4953.74 1.06943 8.24983 2 1 99.6753 9.27881 10.7422 2 3 0.102078 5.62956e-06 26.2716 2 
2.67652 -3.72515e-05 -1 1.01673 0.191075 0.00521742 4.78758 447451 4 5529.87 1.15018 8.32697 2 1 114.07 10.9527 10.4148 2 3 0.0958857 5.58062e-06 25.8042 2 
2.68174 -3.79822e-05 -1 1.01773 0.191095 0.00521742 4.79681 447444 4 2665.12 0.428185 8.88222 2 1 129.99 11.5378 11.2665 2 3 0.0877785 5.39969e-06 25.3322 2 
2.68695 -3.77592e-05 -1 1.01873 0.191123 0.00521742 4.80691 447356 4 2600.88 0.845141 7.44814 2 2 150.548 1.6927 9.43077 2 3 0.0783087 5.58994e-06 24.1065 2 
2.69217 -3.71014e-05 -1 1.01973 0.191112 0.00521742 4.8145 447501 2 66.0376 1.25658 7.24936 2 1 135.491 12.3908 10.9348 2 3 0.0704742 5.58787e-06 23.277 2 
2.69739 -3.65073e-05 -1 1.02074 0.191136 0.00521742 4.82459 447415 4 11749.7 2.0323 8.71985 2 2 208.215 4.42074 6.86291 2 3 0.0786389 5.69874e-06 23.9857 2 
2.70261 -3.56914e-05 -1 1.02174 0.19117 0.00521742 4.83397 447394 4 3431.91 1.15018 7.39082 2 1 106.99 10.8873 9.82707 2 3 0.0834406 5.82472e-06 24.2866 2 
2.70782 -3.54119e-05 -1 1.02274 0.191221 0.00521742 4.84334 447374 4 7281.96 1.6105 8.20015 2 1 149.162 12.8876 11.5741 2 3 0.0853653 6.00652e-06 24.2225 2 
2.71304 -3.65231e-05 -1 1.02374 0.191248 0.00521742 4.85352 447280 4 2558.19 0.667218 7.86894 2 2 152.426 2.26456 8.20423 2 3 0.0861342 6.08884e-06 24.185 2 
2.71826 -3.59092e-05 -1 1.02473 0.191266 0.00521742 4.862 447342 2 222.4 2.74506 9.00102 2 2 150.787 2.05955 8.55649 2 3 0.0882552 6.31235e-06 24.0907 2 
2.72348 -3.48986e-05 -1 1.02572 0.1913 0.00521742 4.87223 447244 4 11733 1.46917 9.45331 2 2 154.688 2.59477 7.72111 2 3 0.0911778 5.89064e-06 24.9216 2 
2.72869 -3.43177e-05 -1 1.02671 0.191312 0.00521742 4.88077 447300 3 2711.15 2.95476 9.71726 2 1 90.6572 11.2736 8.04154 2 3 0.100554 6.36229e-06 25.0955 2 
2.73391 -3.39609e-05 -1 1.0277 0.191352 0.00521742 4.89013 447282 4 2478.53 0.622475 7.94361 2 1 88.5926 9.3611 9.46392 2 3 0.100401 5.94949e-06 25.6499 2 
2.73913 -3.33927e-05 -1 1.02869 0.191376 0.00521742 4.90035 447185 4 2155.9 0.649089 7.59156 2 2 378.467 8.14019 6.81862 2 3 0.102461 9.14788e-06 22.3741 2 
2.74435 -3.30197e-05 -1 1.02969 0.191392 0.00521742 4.90966 447171 4 5439.02 1.00776 8.57119 2 1 78.3067 10.3199 7.58792 2 3 0.0989735 2.45615e-05 15.9131 2 
2.74956 -3.33381e-05 -1 1.03069 0.191382 0.00521742 4.91818 447229 3 2287.86 2.06511 10.3473 2 1 94.6909 11.7864 8.03393 2 3 0.0935247 2.16199e-05 16.2939 2 
2.75478 -3.26458e-05 -1 1.03168 0.191446 0.00521742 4.92753 447212 4 5740.91 0.893109 8.95404 2 1 119.651 12.3379 9.69785 2 3 0.0864978 1.63322e-05 17.4309 2 
2.76 -3.16985e-05 -1 1.03269 0.191469 0.00521742 4.93774 447116 4 284.995 1.64947 3.62554 2 2 147.678 1.81683 9.01571 2 3 0.0771608 1.21049e-05 18.5415 2 
2.76522 -3.10136e-05 -1 1.03369 0.191517 0.00521742 4.94723 447087 4 11823.5 1.21434 9.93347 2 1 134.159 14.1394 9.48828 2 3 0.0709157 9.02965e-06 19.8773 2 
2.77043 -3.33884e-05 -1 1.03469 0.191543 0.00521742 4.95727 447008 4 2619.05 0.5601 8.26931 2 1 132.465 14.1724 9.34667 2 3 0.0773186 7.187e-06 22.0756 2 
2.77565 -3.37291e-05 -1 1.0357 0.191582 0.00521742 4.9663 447020 2 245.58 2.71215 9.51567 2 2 183.344 2.94732 7.88713 2 3 0.0801433 6.25693e-06 23.3975 2 
2.78087 -3.34752e-05 -1 1.0367 0.191623 0.00521742 4.97717 446866 4 7836.37 1.12927 9.12702 2 2 171.519 2.44389 8.37751 2 3 0.0809096 6.44538e-06 23.2408 2 
2.78609 -3.43756e-05 -1 1.0377 0.191666 0.00521742 4.98622 446877 4 2374.67 1.23391 6.62339 2 1 121.294 11.0258 11.0009 2 3 0.0822731 6.55548e-06 23.239 2 
2.7913 -3.43536e-05 -1 1.03871 0.19169 0.00521742 4.99607 446815 4 2649.05 0.773808 7.64917 2 2 138.803 1.49653 9.63068 2 3 0.0833892 6.60234e-06 23.2883 2 
2.79652 -3.46031e-05 -1 1.03971 0.191667 0.00521742 5.00674 446681 5 11885.8 1.58106 5.95959 2 2 135.931 1.43096 9.74641 2 3 0.0895633 7.19747e-06 23.1731 2 
2.80174 -3.06364e-05 -1 1.04071 0.191613 0.00521742 5.01497 446765 2 1033.71 3.44766 17.3156 2 2 115.881 2.05599 7.50749 2 3 0.0958655 8.23567e-06 22.6632 2 
2.80696 -3.0919e-05 -1 1.0417 0.191733 0.00521742 5.024 446777 4 2632.41 0.485294 8.58197 2 1 70.7682 11.3306 6.24576 2 3 0.0956747 8.15462e-06 22.7229 2 
2.81217 -3.03992e-05 -1 1.04269 0.191782 0.00521742 5.03305 446788 4 2665.06 0.82424 7.54072 2 1 66.5463 8.53265 7.79902 2 3 0.0945401 6.43591e-06 24.4907 2 
2.81739 -3.16496e-05 -1 1.04368 0.191827 0.00521742 5.04291 446727 4 2483.04 0.75589 7.57062 2 2 280.31 3.64878 8.76487 2 3 0.0943202 6.39334e-06 24.5259 2 
2.82261 -3.23881e-05 -1 1.04468 0.191883 0.00521742 5.05229 446707 4 5486.56 1.04595 8.51034 2 1 82.4839 12.9358 6.37643 2 3 0.0907498 6.69057e-06 23.8485 2 
2.82783 -3.33379e-05 -1 1.04567 0.191924 0.00521742 5.06157 446698 4 2622.5 0.732092 7.73638 2 1 95.3592 13.5098 7.05851 2 3 0.0855588 6.9831e-06 23.0536 2 
2.83304 -3.38405e-05 -1 1.04668 0.191922 0.00521742 5.0717 446613 4 5838.89 0.872871 9.04368 2 2 133.71 9.72364 3.70823 2 3 0.0775242 7.22851e-06 22.0527 2 
2.83826 -3.32867e-05 -1 1.04768 0.191958 0.00521742 5.08178 446533 4 11755.5 1.65773 9.1766 2 2 135.528 5.97185 4.76388 2 3 0.0701943 7.43393e-06 21.1362 2 
2.84348 -3.51485e-05 -1 1.04868 0.191997 0.00521742 5.09011 446608 3 2263.8 2.73856 9.3851 2 1 126.288 12.1785 10.3698 2 3 0.0753459 7.61726e-06 21.4661 2 
2.84869 -3.45413e-05 -1 1.04969 0.192018 0.00521742 5.09938 446598 4 2613.45 0.582231 8.18521 2 1 122.86 12.4024 9.9062 2 3 0.078074 7.66273e-06 21.6791 2 
2.85391 -3.42443e-05 -1 1.05069 0.192053 0.00521742 5.1096 446507 4 2628.68 0.571106 8.23674 2 2 143.685 2.66125 7.3479 2 3 0.0796644 7.68829e-06 21.8011 2 
2.85913 -3.37207e-05 -1 1.0517 0.192082 0.00521742 5.119 446487 4 7696.32 1.20757 8.93496 2 1 90.791 11.1047 8.17592 2 3 0.0803615 7.64352e-06 21.9071 2 
2.86435 -3.38531e-05 -1 1.05271 0.192116 0.00521742 5.12835 446472 4 2218.31 1.14504 6.63438 2 1 175.355 11.8767 14.7647 2 3 0.0812623 7.5649e-06 22.0646 2 
2.86956 -3.45388e-05 -1 1.05371 0.192157 0.00521742 5.13771 446456 4 2369.4 3.11798 5.25039 2 1 127.167 14.041 9.05684 2 3 0.0835617 7.43084e-06 22.4039 2 
2.87478 -3.52749e-05 -1 1.05472 0.192174 0.00521742 5.14714 446434 4 11303 2.51661 8.18643 2 1 118.829 14.1208 8.41521 2 3 0.0897917 7.31732e-06 23.0654 2 
2.88 -3.84707e-05 -1 1.05572 0.192187 0.00521742 5.15654 446414 4 2473.71 2.72082 5.49114 2 1 107.591 11.1707 9.63157 2 3 0.0966244 7.12051e-06 23.852 2 
2.88522 -4.04532e-05 -1 1.05672 0.192211 0.00521742 5.16516 446462 3 2741.03 2.34651 10.5317 2 1 72.9486 8.24369 8.84903 2 3 0.0980481 7.05417e-06 24.0435 2 
2.89043 -4.26106e-05 -1 1.05772 0.192248 0.00521742 5.17461 446438 4 2572.71 0.839396 7.44057 2 1 85.9484 6.92627 12.409 2 3 0.0963904 6.93482e-06 24.0436 2 
2.89565 -4.31201e-05 -1 1.05871 0.192284 0.00521742 5.18486 446346 4 3397.29 2.05888 6.37346 2 2 236.319 2.32959 10.0719 2 3 0.0939437 6.82377e-06 23.967 2 
2.90087 -4.63114e-05 -1 1.05971 0.192285 0.00521742 5.19425 446327 4 5690.91 1.82502 7.47272 2 1 84.0629 8.45427 9.94325 2 3 0.0895866 6.6378e-06 23.8089 2 
2.90609 -4.43063e-05 -1 1.0607 0.192362 0.00521742 5.20362 446311 4 2300.16 0.681991 7.6207 2 1 92.0469 9.0682 10.1505 2 3 0.0845965 6.43442e-06 23.6019 2 
2.9113 -4.3799e-05 -1 1.0617 0.192417 0.00521742 5.213 446294 4 5874.37 2.57678 6.90989 2 1 133.456 11.2505 11.8622 2 3 0.0763355 2.94956e-05 13.7296 2 
2.91652 -4.43521e-05 -1 1.06271 0.192404 0.00521742 5.22235 446279 4 11209.2 1.4973 9.30179 2 1 139.042 13.5686 10.2473 2 3 0.0716851 3.00145e-05 13.367 2 
2.92174 -4.71002e-05 -1 1.06371 0.192439 0.00521742 5.23168 446265 4 2178.55 0.419837 8.48734 2 1 121.171 12.6903 9.54831 2 3 0.0747229 2.17532e-05 15.0884 2 
2.92696 -4.7565e-05 -1 1.06472 0.192491 0.00521742 5.23996 446342 3 1760.62 2.11865 9.40161 2 1 122.977 13.4922 9.11469 2 3 0.0765867 1.60448e-05 16.8373 2 
2.93217 -4.83395e-05 -1 1.06572 0.192531 0.00521742 5.249 446354 4 2783.21 0.785438 7.7154 2 1 118.82 14.1076 8.42239 2 3 0.0781553 1.41426e-05 17.6798 2 
2.93739 -4.83809e-05 -1 1.06673 0.192531 0.00521742 5.25802 446367 4 7858.22 0.763093 10.0736 2 1 103.159 11.9039 8.66597 2 3 0.0785881 1.22112e-05 18.6008 2 
2.94261 -4.83318e-05 -1 1.06774 0.192562 0.00521742 5.2653 446528 3 1451.69 0.569419 13.6609 2 1 171.018 14.2524 11.9992 2 2 0.0797532 9.67529e-05 28.7106 2 
2.94783 -4.86829e-05 -1 1.06875 0.1926 0.00521742 5.27421 446551 4 2366.41 0.546389 8.11236 2 2 123.695 1.71707 8.48752 2 2 0.0821659 9.23064e-05 29.8353 2 
2.95304 -4.85672e-05 -1 1.06976 0.192602 0.00521742 5.28223 446648 4 11256.9 2.99087 7.83259 2 1 117.853 14.4283 8.16819 2 2 0.0885533 9.29521e-05 30.8655 2 
2.95826 -4.7128e-05 -1 1.07077 0.192598 0.00521742 5.29028 446742 4 2565.17 1.59562 6.33209 2 1 77.6899 13.937 5.57437 2 2 0.0951555 9.38711e-05 31.8384 2 
2.96348 -4.78725e-05 -1 1.07177 0.192617 0.00521742 5.29852 446821 4 2913.2 0.990383 7.36448 2 1 71.0164 11.1892 6.34686 2 2 0.0988296 8.80508e-05 33.5025 2 
2.9687 -4.68989e-05 -1 1.07277 0.192701 0.00521742 5.30689 446888 4 2370.01 0.653742 7.75954 2 1 68.9576 8.95658 7.6991 2 2 0.0930646 8.98074e-05 32.1911 2 
2.97391 -4.74387e-05 -1 1.07377 0.192741 0.00521742 5.31598 446894 4 3511.63 0.94167 7.81452 2 2 203.381 2.39272 9.21953 2 2 0.0925902 9.09982e-05 31.8982 2 
2.97913 -4.82182e-05 -1 1.07477 0.192746 0.00521742 5.32512 446896 4 2604.89 1.24744 6.75994 2 2 227.314 1.56985 12.0333 2 2 0.0893434 9.51982e-05 30.6349 2 
2.98435 -4.82409e-05 -1 1.07577 0.192794 0.00521742 5.33438 446889 4 5409.51 1.05673 8.4586 2 1 89.406 9.39599 9.51533 2 3 0.0848934 6.60926e-06 23.4193 2 
2.98957 -5.08556e-05 -1 1.07677 0.192817 0.00521742 5.34361 446883 4 5872.89 0.710153 9.53619 2 1 112.892 13.7869 8.18833 2 3 0.0776288 6.49293e-06 22.8662 2 
2.99478 -5.04803e-05 -1 1.07777 0.19279 0.00521742 5.35372 446804 4 11003.2 2.14818 8.45984 2 2 133.331 2.62651 7.12486 2 3 0.0706091 6.27452e-06 22.4092 2 
3 -5.20634e-05 -1 1.07878 0.192779 0.00521742 5.36127 446939 2 374.126 3.07481 11.0306 2 1 124.262 11.2136 11.0813 2 3 0.0724006 5.9506e-06 23 2 

# Multigrid, 585 steps, 85.7954 CPU, 5.372 real, 4.46e+05 points.step/s, 23 var
