0 0.00996391
0.0338878 0.00995781
0.0677756 0.00994066
0.101663 0.00991284
0.135551 0.00987479
0.169439 0.00982672
0.203327 0.00976845
0.237215 0.00970058
0.271102 0.00962328
0.30499 0.00953678
0.338878 0.00944127
0.372766 0.00933691
0.406653 0.00922387
0.440541 0.00910232
0.474429 0.00897243
0.508317 0.00883438
0.542205 0.00868835
0.576092 0.00853452
0.60998 0.00837308
0.643868 0.00820427
0.677756 0.00802832
0.711644 0.00784548
0.745531 0.007656
0.779419 0.00746018
0.813307 0.00725827
0.847195 0.0070505
0.881082 0.00683711
0.91497 0.00661837
0.948858 0.00639452
0.982746 0.00616585
1.01663 0.00593261
1.05052 0.00569507
1.08441 0.00545349
1.1183 0.00520814
1.15218 0.00495928
1.18607 0.0047072
1.21996 0.00445216
1.25385 0.00419443
1.28774 0.00393424
1.32162 0.00367187
1.35551 0.00340758
1.3894 0.00314166
1.42329 0.0028744
1.45717 0.0026061
1.49106 0.00233701
1.52495 0.00206742
1.55884 0.00179756
1.59273 0.00152768
1.62661 0.00125802
1.6605 0.000988878
1.69439 0.00072054
1.72828 0.000453304
1.76216 0.0001874
1.79605 7.68365e-05
1.82994 0.000339386
1.86383 0.000599827
1.89772 0.000857903
1.9316 0.00111337
1.96549 0.00136602
1.99938 0.00161565
2.03327 0.00186206
2.06716 0.00210508
2.10104 0.00234447
2.13493 0.00258004
2.16882 0.0028116
2.20271 0.00303896
2.23659 0.00326191
2.27048 0.0034803
2.30437 0.00369391
2.33826 0.00390259
2.37215 0.00410617
2.40603 0.00430449
2.43992 0.00449741
2.47381 0.00468479
2.5077 0.00486651
2.54158 0.00504244
2.57547 0.00521245
2.60936 0.00537642
2.64325 0.00553423
2.67714 0.00568577
2.71102 0.00583094
2.74491 0.00596963
2.7788 0.00610176
2.81269 0.00622722
2.84657 0.00634595
2.88046 0.00645787
2.91435 0.00656292
2.94824 0.00666103
2.98213 0.00675216
3.01601 0.00683626
3.0499 0.0069133
3.08379 0.00698331
3.11768 0.00704623
3.15156 0.00710203
3.18545 0.00715071
3.21934 0.00719226
3.25323 0.00722671
3.28712 0.00725407
3.321 0.00727437
3.35489 0.00728763
3.38878 0.0072939
3.42267 0.00729322
3.45655 0.00728564
3.49044 0.00727123
3.52433 0.00725004
3.55822 0.00722214
3.59211 0.00718761
3.62599 0.00714654
3.65988 0.007099
3.69377 0.0070451
3.72766 0.00698492
3.76154 0.00691857
3.79543 0.00684616
3.82932 0.00676784
3.86321 0.00668373
3.8971 0.0065939
3.93098 0.00649849
3.96487 0.00639762
3.99876 0.00629142
4.03265 0.00618004
4.06653 0.00606361
4.10042 0.00594227
4.13431 0.00581616
4.1682 0.00568545
4.20209 0.00555029
4.23597 0.00541082
4.26986 0.00526721
4.30375 0.00511962
4.33764 0.0049682
4.37152 0.00481313
4.40541 0.00465457
4.4393 0.00449271
4.47319 0.00432771
4.50708 0.00415976
4.54096 0.00398904
4.57485 0.00381573
4.60874 0.00364002
4.64263 0.0034621
4.67651 0.00328215
4.7104 0.00310036
4.74429 0.00291691
4.77818 0.002732
4.81207 0.00254579
4.84595 0.00235847
4.87984 0.00217025
4.91373 0.00198133
4.94762 0.00179191
4.9815 0.00160219
5.01539 0.00141228
5.04928 0.00122236
5.08317 0.00103263
5.11706 0.000843342
5.15094 0.000654626
5.18483 0.000466689
5.21872 0.000279695
5.25261 9.38725e-05
5.28649 9.07597e-05
5.32038 0.000273894
5.35427 0.000455335
5.38816 0.000635048
5.42205 0.000812802
5.45593 0.000988409
5.48982 0.00116171
5.52371 0.00133257
5.5576 0.00150085
5.59149 0.00166645
5.62537 0.00182923
5.65926 0.00198907
5.69315 0.00214585
5.72704 0.00229943
5.76092 0.0024497
5.79481 0.00259653
5.8287 0.0027398
5.86259 0.00287941
5.89648 0.00301525
5.93036 0.00314723
5.96425 0.00327526
5.99814 0.00339924
6.03203 0.0035191
6.06591 0.00363475
6.0998 0.0037461
6.13369 0.00385307
6.16758 0.00395561
6.20147 0.00405362
6.23535 0.00414706
6.26924 0.00423586
6.30313 0.00431997
6.33702 0.00439932
6.3709 0.00447392
6.40479 0.00454372
6.43868 0.00460866
6.47257 0.00466869
6.50646 0.0047238
6.54034 0.00477396
6.57423 0.00481916
6.60812 0.00485939
6.64201 0.00489464
6.67589 0.00492492
6.70978 0.00495024
6.74367 0.0049706
6.77756 0.00498602
6.81145 0.00499652
6.84533 0.00500213
6.87922 0.00500289
6.91311 0.00499882
6.947 0.00498997
6.98088 0.00497637
7.01477 0.00495809
7.04866 0.00493517
7.08255 0.00490767
7.11644 0.00487565
7.15032 0.00483917
7.18421 0.00479831
7.2181 0.00475313
7.25199 0.00470371
7.28587 0.00465013
7.31976 0.00459247
7.35365 0.00453087
7.38754 0.00446533
7.42143 0.004396
7.45531 0.00432292
7.4892 0.00424625
7.52309 0.00416607
7.55698 0.00408247
7.59086 0.00399554
7.62475 0.0039054
7.65864 0.00381215
7.69253 0.0037159
7.72642 0.00361677
7.7603 0.00351485
7.79419 0.00341028
7.82808 0.00330316
7.86197 0.00319361
7.89585 0.00308175
7.92974 0.0029677
7.96363 0.00285159
7.99752 0.00273355
8.03141 0.00261371
8.06529 0.0024922
8.09918 0.00236913
8.13307 0.00224464
8.16696 0.00211884
8.20084 0.00199187
8.23473 0.00186387
8.26862 0.00173499
8.30251 0.00160536
8.3364 0.00147512
8.37028 0.00134438
8.40417 0.00121324
8.43806 0.00108182
8.47195 0.000950244
8.50583 0.000818651
8.53972 0.000687229
8.57361 0.000556132
8.6075 0.000425421
8.64139 0.000295229
8.67527 0.000165674
8.70916 3.68804e-05
8.74305 9.11132e-05
8.77694 0.00021806
8.81082 0.000343833
8.84471 0.000468336
8.8786 0.000591474
8.91249 0.000713165
8.94638 0.000833302
8.98026 0.000951792
9.01415 0.00106854
9.04804 0.00118344
9.08193 0.00129639
9.11582 0.00140731
9.1497 0.0015161
9.18359 0.00162267
9.21748 0.00172693
9.25137 0.00182879
9.28525 0.00192819
9.31914 0.00202504
9.35303 0.00211928
9.38692 0.00221084
9.42081 0.00229966
9.45469 0.00238567
9.48858 0.00246881
9.52247 0.00254902
9.55636 0.00262628
9.59024 0.00270049
9.62413 0.00277167
9.65802 0.00283971
9.69191 0.00290457
9.7258 0.0029662
9.75968 0.00302457
9.79357 0.00307965
9.82746 0.00313139
9.86135 0.00317978
9.89523 0.00322479
9.92912 0.0032664
9.96301 0.00330458
9.9969 0.00333934
10.0308 0.00337065
10.0647 0.00339852
10.0986 0.00342294
10.1324 0.00344391
10.1663 0.00346143
10.2002 0.00347552
10.2341 0.00348618
10.268 0.00349343
10.3019 0.00349729
10.3358 0.00349776
10.3697 0.00349489
10.4036 0.00348869
10.4374 0.0034792
10.4713 0.00346645
10.5052 0.00345048
10.5391 0.00343132
10.573 0.00340902
10.6069 0.00338362
10.6408 0.00335518
10.6747 0.00332373
10.7085 0.00328933
10.7424 0.00325205
10.7763 0.00321192
10.8102 0.00316902
10.8441 0.0031234
10.878 0.00307513
10.9119 0.00302428
10.9458 0.00297093
10.9796 0.00291509
11.0135 0.00285688
11.0474 0.00279636
11.0813 0.00273359
11.1152 0.00266869
11.1491 0.00260168
11.183 0.00253267
11.2169 0.00246172
11.2507 0.00238896
11.2846 0.00231444
11.3185 0.00223825
11.3524 0.00216045
11.3863 0.00208115
11.4202 0.0020004
11.4541 0.00191832
11.488 0.00183501
11.5218 0.00175054
11.5557 0.00166501
11.5896 0.00157851
11.6235 0.00149113
11.6574 0.00140294
11.6913 0.00131402
11.7252 0.00122448
11.7591 0.00113439
11.793 0.00104384
11.8268 0.000952945
11.8607 0.000861795
11.8946 0.000770494
11.9285 0.000679146
11.9624 0.000587812
11.9963 0.00049657
12.0302 0.000405499
12.0641 0.000314678
12.0979 0.000224208
12.1318 0.000134166
12.1657 4.46392e-05
12.1996 4.41171e-05
12.2335 0.000132304
12.2674 0.000219734
12.3013 0.000306323
12.3352 0.000391985
12.369 0.000476637
12.4029 0.000560196
12.4368 0.000642587
12.4707 0.000723737
12.5046 0.000803582
12.5385 0.000882092
12.5724 0.00095921
12.6063 0.00103486
12.6401 0.00110893
12.674 0.00118145
12.7079 0.00125232
12.7418 0.00132146
12.7757 0.00138885
12.8096 0.00145443
12.8435 0.00151814
12.8774 0.00157995
12.9112 0.0016398
12.9451 0.00169765
12.979 0.00175347
13.0129 0.00180721
13.0468 0.00185883
13.0807 0.00190831
13.1146 0.0019556
13.1485 0.00200068
13.1823 0.00204352
13.2162 0.00208409
13.2501 0.00212238
13.284 0.00215835
13.3179 0.00219199
13.3518 0.00222329
13.3857 0.00225222
13.4196 0.00227878
13.4535 0.00230297
13.4873 0.00232476
13.5212 0.00234416
13.5551 0.00236116
13.589 0.00237578
13.6229 0.002388
13.6568 0.00239783
13.6907 0.00240529
13.7246 0.00241038
13.7584 0.00241311
13.7923 0.0024135
13.8262 0.00241157
13.8601 0.00240733
13.894 0.0024008
13.9279 0.00239201
13.9618 0.00238099
13.9957 0.00236775
14.0295 0.00235233
14.0634 0.00233476
14.0973 0.00231507
14.1312 0.0022933
14.1651 0.00226948
14.199 0.00224365
14.2329 0.00221585
14.2668 0.00218612
14.3006 0.00215451
14.3345 0.00212105
14.3684 0.0020858
14.4023 0.00204879
14.4362 0.00201009
14.4701 0.00196973
14.504 0.00192776
14.5379 0.00188425
14.5717 0.00183924
14.6056 0.00179277
14.6395 0.00174492
14.6734 0.00169573
14.7073 0.00164527
14.7412 0.00159358
14.7751 0.00154072
14.809 0.00148676
14.8429 0.00143176
14.8767 0.00137577
14.9106 0.00131885
14.9445 0.00126106
14.9784 0.00120246
15.0123 0.0011431
15.0462 0.00108307
15.0801 0.00102243
15.114 0.000961244
15.1478 0.000899577
15.1817 0.000837483
15.2156 0.000775015
15.2495 0.00071223
15.2834 0.000649194
15.3173 0.000585978
15.3512 0.000522657
15.3851 0.000459301
15.4189 0.000395971
15.4528 0.000332723
15.4867 0.000269604
15.5206 0.000206664
15.5545 0.000143952
15.5884 8.15263e-05
15.6223 1.94506e-05
15.6562 4.22928e-05
15.69 0.000103461
15.7239 0.000164071
15.7578 0.000224064
15.7917 0.00028339
15.8256 0.000342004
15.8595 0.000399862
15.8934 0.000456921
15.9273 0.00051314
15.9611 0.000568473
15.995 0.000622874
16.0289 0.000676296
16.0628 0.000728692
16.0967 0.000780018
16.1306 0.000830228
16.1645 0.000879283
16.1984 0.000927144
16.2323 0.000973774
16.2661 0.00101914
16.3 0.0010632
16.3339 0.00110594
16.3678 0.00114731
16.4017 0.00118729
16.4356 0.00122586
16.4695 0.00126298
16.5034 0.00129863
16.5372 0.00133278
16.5711 0.00136543
16.605 0.00139653
16.6389 0.00142609
16.6728 0.00145406
16.7067 0.00148045
16.7406 0.00150524
16.7745 0.00152841
16.8083 0.00154994
16.8422 0.00156984
16.8761 0.0015881
16.91 0.0016047
16.9439 0.00161964
16.9778 0.00163293
17.0117 0.00164455
17.0456 0.00165453
17.0794 0.00166284
17.1133 0.00166951
17.1472 0.00167452
17.1811 0.0016779
17.215 0.00167964
17.2489 0.00167976
17.2828 0.00167826
17.3167 0.00167517
17.3505 0.0016705
17.3844 0.00166425
17.4183 0.00165646
17.4522 0.00164714
17.4861 0.0016363
17.52 0.00162398
17.5539 0.00161019
17.5878 0.00159495
17.6216 0.0015783
17.6555 0.00156025
17.6894 0.00154084
17.7233 0.0015201
17.7572 0.00149805
17.7911 0.00147472
17.825 0.00145015
17.8589 0.00142437
17.8928 0.00139741
17.9266 0.0013693
17.9605 0.00134009
17.9944 0.0013098
18.0283 0.00127848
18.0622 0.00124616
18.0961 0.00121288
18.13 0.00117867
18.1639 0.00114358
18.1977 0.00110765
18.2316 0.00107091
18.2655 0.00103341
18.2994 0.000995196
18.3333 0.000956301
18.3672 0.000916768
18.4011 0.000876639
18.435 0.000835952
18.4688 0.000794748
18.5027 0.000753068
18.5366 0.000710957
18.5705 0.000668462
18.6044 0.000625635
18.6383 0.000582523
18.6722 0.000539177
18.7061 0.000495641
18.7399 0.000451956
18.7738 0.000408158
18.8077 0.000364281
18.8416 0.000320359
18.8755 0.000276429
18.9094 0.000232533
18.9433 0.000188716
18.9772 0.000145023
19.011 0.000101502
19.0449 5.81991e-05
19.0788 1.51604e-05
19.1127 2.72923e-05
19.1466 6.96718e-05
19.1805 0.00011168
19.2144 0.000153284
19.2483 0.000194438
19.2822 0.000235103
19.316 0.00027524
19.3499 0.000314813
19.3838 0.000353783
19.4177 0.000392119
19.4516 0.00042979
19.4855 0.000466772
19.5194 0.000503037
19.5533 0.000538561
19.5871 0.000573315
19.621 0.000607271
19.6549 0.000640401
19.6888 0.000672678
19.7227 0.000704077
19.7566 0.000734572
19.7905 0.000764143
19.8244 0.000792767
19.8582 0.000820424
19.8921 0.000847095
19.926 0.00087276
19.9599 0.000897404
19.9938 0.000921009
20.0277 0.00094356
20.0616 0.000965044
20.0955 0.000985447
20.1293 0.00100476
20.1632 0.00102297
20.1971 0.00104007
20.231 0.00105605
20.2649 0.0010709
20.2988 0.00108462
20.3327 0.00109719
20.3666 0.00110862
20.4004 0.0011189
20.4343 0.00112803
20.4682 0.00113601
20.5021 0.00114284
20.536 0.00114851
20.5699 0.00115304
20.6038 0.00115643
20.6377 0.00115868
20.6716 0.0011598
20.7054 0.0011598
20.7393 0.00115868
20.7732 0.00115645
20.8071 0.00115313
20.841 0.00114872
20.8749 0.00114324
20.9088 0.0011367
20.9427 0.00112912
20.9765 0.0011205
21.0104 0.00111086
21.0443 0.00110023
21.0782 0.00108861
21.1121 0.00107604
21.146 0.00106251
21.1799 0.00104807
21.2138 0.00103272
21.2476 0.00101649
21.2815 0.000999395
21.3154 0.000981466
21.3493 0.000962721
21.3832 0.000943187
21.4171 0.000922885
21.451 0.000901843
21.4849 0.000880084
21.5187 0.000857635
21.5526 0.000834523
21.5865 0.000810773
21.6204 0.000786414
21.6543 0.000761473
21.6882 0.000735978
21.7221 0.000709959
21.756 0.000683443
21.7898 0.00065646
21.8237 0.00062904
21.8576 0.000601211
21.8915 0.000573
21.9254 0.000544436
21.9593 0.000515547
21.9932 0.000486364
22.0271 0.000456921
22.061 0.000427247
22.0948 0.000397372
22.1287 0.00036733
22.1626 0.000337156
22.1965 0.000306879
22.2304 0.000276526
22.2643 0.000246127
22.2982 0.000215707
22.3321 0.000185295
22.3659 0.000154918
22.3998 0.000124603
22.4337 9.43806e-05
22.4676 6.428e-05
22.5015 3.43315e-05
22.5354 4.57343e-06
22.5693 2.49864e-05
22.6032 5.43036e-05
22.637 8.33468e-05
22.6709 0.000112092
22.7048 0.000140522
22.7387 0.000168616
22.7726 0.000196348
22.8065 0.000223695
22.8404 0.000250636
22.8743 0.000277148
22.9081 0.000303208
22.942 0.000328792
22.9759 0.000353878
23.0098 0.000378445
23.0437 0.000402472
23.0776 0.000425939
23.1115 0.000448828
23.1454 0.000471123
23.1792 0.000492806
23.2131 0.000513862
23.247 0.000534277
23.2809 0.000554034
23.3148 0.000573121
23.3487 0.000591523
23.3826 0.000609228
23.4165 0.000626222
23.4503 0.000642495
23.4842 0.000658035
23.5181 0.000672832
23.552 0.000686879
23.5859 0.000700167
23.6198 0.000712688
23.6537 0.000724437
23.6876 0.000735408
23.7215 0.000745595
23.7553 0.000754996
23.7892 0.000763607
23.8231 0.000771425
23.857 0.000778449
23.8909 0.000784677
23.9248 0.000790109
23.9587 0.000794745
23.9926 0.000798586
24.0264 0.000801633
24.0603 0.00080389
24.0942 0.000805359
24.1281 0.000806044
24.162 0.000805951
24.1959 0.000805085
24.2298 0.000803452
24.2637 0.000801059
24.2975 0.000797914
24.3314 0.000794027
24.3653 0.000789405
24.3992 0.000784059
24.4331 0.000778
24.467 0.000771239
24.5009 0.000763787
24.5348 0.000755656
24.5686 0.00074686
24.6025 0.00073741
24.6364 0.000727322
24.6703 0.00071661
24.7042 0.000705288
24.7381 0.000693371
24.772 0.000680876
24.8059 0.000667818
24.8397 0.000654215
24.8736 0.000640082
24.9075 0.000625438
24.9414 0.0006103
24.9753 0.000594686
