0 0.00996391
0.0338878 0.00995781
0.0677756 0.00994067
0.101663 0.00991285
0.135551 0.00987481
0.169439 0.00982674
0.203327 0.00976847
0.237215 0.0097006
0.271102 0.0096233
0.30499 0.00953679
0.338878 0.00944127
0.372766 0.0093369
0.406653 0.00922385
0.440541 0.00910228
0.474429 0.00897237
0.508317 0.00883429
0.542205 0.00868823
0.576092 0.00853437
0.60998 0.00837292
0.643868 0.00820409
0.677756 0.00802814
0.711644 0.0078453
0.745531 0.00765583
0.779419 0.00746003
0.813307 0.00725814
0.847195 0.00705039
0.881082 0.00683702
0.91497 0.00661829
0.948858 0.00639445
0.982746 0.00616577
1.01663 0.00593253
1.05052 0.00569501
1.08441 0.00545345
1.1183 0.00520812
1.15218 0.00495927
1.18607 0.00470718
1.21996 0.00445212
1.25385 0.00419436
1.28774 0.00393417
1.32162 0.00367183
1.35551 0.00340759
1.3894 0.00314171
1.42329 0.00287445
1.45717 0.0026061
1.49106 0.00233696
1.52495 0.00206731
1.55884 0.00179743
1.59273 0.00152759
1.62661 0.00125802
1.6605 0.000988981
1.69439 0.000720694
1.72828 0.000453423
1.76216 0.000187433
1.79605 7.67407e-05
1.82994 0.000339224
1.86383 0.000599631
1.89772 0.000857717
1.9316 0.00111325
1.96549 0.00136599
1.99938 0.0016157
2.03327 0.00186216
2.06716 0.00210518
2.10104 0.00234453
2.13493 0.00258005
2.16882 0.00281154
2.20271 0.00303883
2.23659 0.00326174
2.27048 0.00348007
2.30437 0.00369366
2.33826 0.00390232
2.37215 0.00410589
2.40603 0.00430422
2.43992 0.00449714
2.47381 0.00468454
2.5077 0.00486627
2.54158 0.00504221
2.57547 0.00521224
2.60936 0.00537622
2.64325 0.00553405
2.67714 0.00568561
2.71102 0.0058308
2.74491 0.00596951
2.7788 0.00610165
2.81269 0.00622713
2.84657 0.00634588
2.88046 0.00645781
2.91435 0.00656288
2.94824 0.006661
2.98213 0.00675215
3.01601 0.00683627
3.0499 0.00691336
3.08379 0.00698338
3.11768 0.00704632
3.15156 0.00710213
3.18545 0.00715082
3.21934 0.00719239
3.25323 0.00722684
3.28712 0.00725421
3.321 0.0072745
3.35489 0.00728777
3.38878 0.00729404
3.42267 0.00729336
3.45655 0.00728579
3.49044 0.00727138
3.52433 0.00725019
3.55822 0.0072223
3.59211 0.00718777
3.62599 0.0071467
3.65988 0.00709917
3.69377 0.00704526
3.72766 0.00698508
3.76154 0.00691873
3.79543 0.00684632
3.82932 0.006768
3.86321 0.00668388
3.8971 0.00659405
3.93098 0.00649863
3.96487 0.00639775
3.99876 0.00629155
4.03265 0.00618016
4.06653 0.00606372
4.10042 0.00594237
4.13431 0.00581626
4.1682 0.00568554
4.20209 0.00555037
4.23597 0.00541089
4.26986 0.00526727
4.30375 0.00511967
4.33764 0.00496825
4.37152 0.00481318
4.40541 0.00465461
4.4393 0.00449274
4.47319 0.00432774
4.50708 0.00415978
4.54096 0.00398906
4.57485 0.00381574
4.60874 0.00364003
4.64263 0.00346211
4.67651 0.00328217
4.7104 0.00310038
4.74429 0.00291693
4.77818 0.002732
4.81207 0.00254578
4.84595 0.00235848
4.87984 0.00217029
4.91373 0.0019814
4.94762 0.00179199
4.9815 0.00160224
5.01539 0.00141232
5.04928 0.0012224
5.08317 0.00103269
5.11706 0.000843393
5.15094 0.000654697
5.18483 0.000466787
5.21872 0.000279829
5.25261 9.40034e-05
5.28649 9.06861e-05
5.32038 0.000273837
5.35427 0.00045536
5.38816 0.000635032
5.42205 0.000812696
5.45593 0.000988215
5.48982 0.00116146
5.52371 0.00133229
5.5576 0.00150059
5.59149 0.00166622
5.62537 0.00182904
5.65926 0.00198892
5.69315 0.00214572
5.72704 0.00229933
5.76092 0.0024496
5.79481 0.00259643
5.8287 0.00273969
5.86259 0.0028793
5.89648 0.00301514
5.93036 0.00314712
5.96425 0.00327515
5.99814 0.00339914
6.03203 0.00351901
6.06591 0.00363467
6.0998 0.00374603
6.13369 0.00385302
6.16758 0.00395557
6.20147 0.0040536
6.23535 0.00414705
6.26924 0.00423586
6.30313 0.00431998
6.33702 0.00439935
6.3709 0.00447395
6.40479 0.00454377
6.43868 0.00460872
6.47257 0.00466876
6.50646 0.00472388
6.54034 0.00477405
6.57423 0.00481926
6.60812 0.0048595
6.64201 0.00489476
6.67589 0.00492506
6.70978 0.00495038
6.74367 0.00497075
6.77756 0.00498618
6.81145 0.00499669
6.84533 0.00500231
6.87922 0.00500307
6.91311 0.00499901
6.947 0.00499016
6.98088 0.00497656
7.01477 0.00495828
7.04866 0.00493536
7.08255 0.00490786
7.11644 0.00487584
7.15032 0.00483936
7.18421 0.0047985
7.2181 0.00475333
7.25199 0.00470391
7.28587 0.00465033
7.31976 0.00459268
7.35365 0.00453107
7.38754 0.00446555
7.42143 0.00439624
7.45531 0.00432315
7.4892 0.00424647
7.52309 0.0041663
7.55698 0.00408269
7.59086 0.00399576
7.62475 0.00390562
7.65864 0.00381237
7.69253 0.00371611
7.72642 0.00361697
7.7603 0.00351505
7.79419 0.00341047
7.82808 0.00330335
7.86197 0.0031938
7.89585 0.00308194
7.92974 0.00296789
7.96363 0.00285178
7.99752 0.00273373
8.03141 0.00261388
8.06529 0.00249235
8.09918 0.00236928
8.13307 0.00224479
8.16696 0.00211901
8.20084 0.00199208
8.23473 0.0018641
8.26862 0.00173522
8.30251 0.00160556
8.3364 0.00147528
8.37028 0.00134449
8.40417 0.00121334
8.43806 0.00108193
8.47195 0.000950405
8.50583 0.00081888
8.53972 0.000687484
8.57361 0.00055635
8.6075 0.000425612
8.64139 0.000295398
8.67527 0.000165858
8.70916 3.70895e-05
8.74305 9.09029e-05
8.77694 0.000217856
8.81082 0.000343649
8.84471 0.000468178
8.8786 0.000591333
8.91249 0.000713021
8.94638 0.000833149
8.98026 0.000951629
9.01415 0.00106836
9.04804 0.00118326
9.08193 0.00129621
9.11582 0.00140713
9.1497 0.00151592
9.18359 0.00162249
9.21748 0.00172675
9.25137 0.00182862
9.28525 0.00192802
9.31914 0.00202488
9.35303 0.00211913
9.38692 0.0022107
9.42081 0.00229953
9.45469 0.00238556
9.48858 0.00246871
9.52247 0.00254895
9.55636 0.00262622
9.59024 0.00270047
9.62413 0.00277164
9.65802 0.0028397
9.69191 0.00290457
9.7258 0.00296622
9.75968 0.0030246
9.79357 0.00307968
9.82746 0.00313144
9.86135 0.00317984
9.89523 0.00322486
9.92912 0.00326648
9.96301 0.00330468
9.9969 0.00333944
10.0308 0.00337077
10.0647 0.00339865
10.0986 0.00342308
10.1324 0.00344405
10.1663 0.00346158
10.2002 0.00347568
10.2341 0.00348634
10.268 0.00349359
10.3019 0.00349745
10.3358 0.00349793
10.3697 0.00349506
10.4036 0.00348887
10.4374 0.00347938
10.4713 0.00346664
10.5052 0.00345067
10.5391 0.00343152
10.573 0.00340923
10.6069 0.00338384
10.6408 0.0033554
10.6747 0.00332397
10.7085 0.00328958
10.7424 0.0032523
10.7763 0.00321218
10.8102 0.00316929
10.8441 0.00312367
10.878 0.00307541
10.9119 0.00302455
10.9458 0.0029712
10.9796 0.00291538
11.0135 0.00285717
11.0474 0.00279665
11.0813 0.00273389
11.1152 0.00266896
11.1491 0.00260196
11.183 0.00253294
11.2169 0.00246199
11.2507 0.0023892
11.2846 0.00231465
11.3185 0.00223841
11.3524 0.0021606
11.3863 0.00208127
11.4202 0.00200053
11.4541 0.00191843
11.488 0.00183512
11.5218 0.00175064
11.5557 0.00166511
11.5896 0.0015786
11.6235 0.00149121
11.6574 0.00140301
11.6913 0.00131409
11.7252 0.00122455
11.7591 0.00113448
11.793 0.00104395
11.8268 0.000953064
11.8607 0.000861915
11.8946 0.000770616
11.9285 0.000679261
11.9624 0.000587915
11.9963 0.000496663
12.0302 0.000405589
12.0641 0.000314792
12.0979 0.000224364
12.1318 0.00013436
12.1657 4.48611e-05
12.1996 4.41449e-05
12.2335 0.000132259
12.2674 0.000219606
12.3013 0.000306114
12.3352 0.00039171
12.369 0.00047632
12.4029 0.000559863
12.4368 0.000642272
12.4707 0.000723468
12.5046 0.000803365
12.5385 0.000881917
12.5724 0.000959058
12.6063 0.00103468
12.6401 0.00110879
12.674 0.00118129
12.7079 0.00125216
12.7418 0.00132132
12.7757 0.00138871
12.8096 0.0014543
12.8435 0.00151802
12.8774 0.00157984
12.9112 0.00163971
12.9451 0.00169757
12.979 0.0017534
13.0129 0.00180715
13.0468 0.00185879
13.0807 0.00190828
13.1146 0.00195558
13.1485 0.00200067
13.1823 0.00204352
13.2162 0.0020841
13.2501 0.0021224
13.284 0.00215837
13.3179 0.00219202
13.3518 0.00222332
13.3857 0.00225226
13.4196 0.00227883
13.4535 0.00230301
13.4873 0.00232481
13.5212 0.00234421
13.5551 0.00236122
13.589 0.00237584
13.6229 0.00238807
13.6568 0.00239791
13.6907 0.00240537
13.7246 0.00241047
13.7584 0.00241321
13.7923 0.0024136
13.8262 0.00241167
13.8601 0.00240743
13.894 0.0024009
13.9279 0.00239212
13.9618 0.00238109
13.9957 0.00236785
14.0295 0.00235243
14.0634 0.00233487
14.0973 0.00231518
14.1312 0.00229341
14.1651 0.00226959
14.199 0.00224377
14.2329 0.00221597
14.2668 0.00218625
14.3006 0.00215464
14.3345 0.00212118
14.3684 0.00208593
14.4023 0.00204893
14.4362 0.00201023
14.4701 0.00196987
14.504 0.00192791
14.5379 0.0018844
14.5717 0.00183939
14.6056 0.00179293
14.6395 0.00174508
14.6734 0.00169589
14.7073 0.00164543
14.7412 0.00159374
14.7751 0.00154088
14.809 0.00148692
14.8429 0.00143192
14.8767 0.00137593
14.9106 0.00131901
14.9445 0.00126122
14.9784 0.00120262
15.0123 0.00114327
15.0462 0.00108324
15.0801 0.00102258
15.114 0.000961383
15.1478 0.000899706
15.1817 0.000837616
15.2156 0.000775171
15.2495 0.000712428
15.2834 0.000649438
15.3173 0.000586253
15.3512 0.000522931
15.3851 0.000459534
15.4189 0.000396131
15.4528 0.000332798
15.4867 0.000269608
15.5206 0.00020663
15.5545 0.000143927
15.5884 8.15545e-05
15.6223 1.95613e-05
15.6562 4.21089e-05
15.69 0.000103253
15.7239 0.000163847
15.7578 0.00022383
15.7917 0.000283158
15.8256 0.00034178
15.8595 0.000399648
15.8934 0.000456719
15.9273 0.000512946
15.9611 0.000568287
15.995 0.000622694
16.0289 0.000676121
16.0628 0.000728521
16.0967 0.00077985
16.1306 0.000830065
16.1645 0.000879124
16.1984 0.00092699
16.2323 0.000973624
16.2661 0.00101899
16.3 0.00106307
16.3339 0.00110581
16.3678 0.00114719
16.4017 0.00118718
16.4356 0.00122575
16.4695 0.00126288
16.5034 0.00129854
16.5372 0.00133271
16.5711 0.00136536
16.605 0.00139647
16.6389 0.00142603
16.6728 0.00145402
16.7067 0.00148042
16.7406 0.00150521
16.7745 0.00152839
16.8083 0.00154994
16.8422 0.00156985
16.8761 0.00158811
16.91 0.00160472
16.9439 0.00161967
16.9778 0.00163296
17.0117 0.0016446
17.0456 0.00165457
17.0794 0.00166289
17.1133 0.00166956
17.1472 0.00167458
17.1811 0.00167796
17.215 0.00167971
17.2489 0.00167984
17.2828 0.00167836
17.3167 0.00167527
17.3505 0.00167061
17.3844 0.00166437
17.4183 0.00165658
17.4522 0.00164726
17.4861 0.00163643
17.52 0.00162411
17.5539 0.00161033
17.5878 0.0015951
17.6216 0.00157845
17.6555 0.00156041
17.6894 0.00154101
17.7233 0.00152027
17.7572 0.00149822
17.7911 0.0014749
17.825 0.00145033
17.8589 0.00142456
17.8928 0.0013976
17.9266 0.0013695
17.9605 0.00134029
17.9944 0.00131001
18.0283 0.00127869
18.0622 0.00124637
18.0961 0.00121309
18.13 0.00117888
18.1639 0.00114379
18.1977 0.00110786
18.2316 0.00107113
18.2655 0.00103363
18.2994 0.00099541
18.3333 0.000956515
18.3672 0.000916983
18.4011 0.000876856
18.435 0.000836173
18.4688 0.000794974
18.5027 0.000753298
18.5366 0.000711188
18.5705 0.000668691
18.6044 0.000625857
18.6383 0.000582736
18.6722 0.00053938
18.7061 0.000495834
18.7399 0.000452143
18.7738 0.000408345
18.8077 0.000364476
18.8416 0.000320568
18.8755 0.000276657
18.9094 0.000232781
18.9433 0.000188979
18.9772 0.000145298
19.011 0.000101782
19.0449 5.8478e-05
19.0788 1.54336e-05
19.1127 2.71009e-05
19.1466 6.94582e-05
19.1805 0.000111453
19.2144 0.000153037
19.2483 0.000194172
19.2822 0.00023482
19.316 0.000274946
19.3499 0.000314513
19.3838 0.000353489
19.4177 0.00039184
19.4516 0.000429533
19.4855 0.00046654
19.5194 0.000502829
19.5533 0.000538372
19.5871 0.00057314
19.621 0.000607105
19.6549 0.000640241
19.6888 0.000672522
19.7227 0.000703924
19.7566 0.000734424
19.7905 0.000764001
19.8244 0.000792632
19.8582 0.000820297
19.8921 0.000846978
19.926 0.000872654
19.9599 0.000897308
19.9938 0.000920924
20.0277 0.000943486
20.0616 0.00096498
20.0955 0.000985394
20.1293 0.00100472
20.1632 0.00102294
20.1971 0.00104004
20.231 0.00105603
20.2649 0.00107089
20.2988 0.00108461
20.3327 0.00109719
20.3666 0.00110863
20.4004 0.00111891
20.4343 0.00112805
20.4682 0.00113603
20.5021 0.00114287
20.536 0.00114855
20.5699 0.00115309
20.6038 0.00115648
20.6377 0.00115874
20.6716 0.00115986
20.7054 0.00115987
20.7393 0.00115875
20.7732 0.00115654
20.8071 0.00115322
20.841 0.00114882
20.8749 0.00114335
20.9088 0.00113681
20.9427 0.00112924
20.9765 0.00112062
21.0104 0.001111
21.0443 0.00110037
21.0782 0.00108876
21.1121 0.00107619
21.146 0.00106268
21.1799 0.00104824
21.2138 0.00103289
21.2476 0.00101667
21.2815 0.000999581
21.3154 0.000981657
21.3493 0.000962919
21.3832 0.000943389
21.4171 0.000923093
21.451 0.000902055
21.4849 0.0008803
21.5187 0.000857855
21.5526 0.000834746
21.5865 0.000811
21.6204 0.000786643
21.6543 0.000761705
21.6882 0.000736212
21.7221 0.000710195
21.756 0.00068368
21.7898 0.000656698
21.8237 0.000629278
21.8576 0.000601449
21.8915 0.00057324
21.9254 0.000544678
21.9593 0.000515791
21.9932 0.000486616
22.0271 0.000457184
22.061 0.000427514
22.0948 0.000397635
22.1287 0.00036758
22.1626 0.000337403
22.1965 0.000307122
22.2304 0.000276765
22.2643 0.000246364
22.2982 0.000215946
22.3321 0.000185539
22.3659 0.000155168
22.3998 0.000124859
22.4337 9.46379e-05
22.4676 6.45474e-05
22.5015 3.46205e-05
22.5354 4.86832e-06
22.5693 2.46881e-05
22.6032 5.40098e-05
22.637 8.30664e-05
22.6709 0.00011183
22.7048 0.000140276
22.7387 0.00016838
22.7726 0.00019612
22.8065 0.000223476
22.8404 0.000250427
22.8743 0.000276946
22.9081 0.000303008
22.942 0.000328591
22.9759 0.000353676
23.0098 0.000378241
23.0437 0.000402268
23.0776 0.000425736
23.1115 0.000448628
23.1454 0.000470927
23.1792 0.000492615
23.2131 0.000513678
23.247 0.0005341
23.2809 0.000553865
23.3148 0.00057296
23.3487 0.000591371
23.3826 0.000609085
23.4165 0.000626089
23.4503 0.000642371
23.4842 0.000657922
23.5181 0.000672729
23.552 0.000686786
23.5859 0.000700084
23.6198 0.000712616
23.6537 0.000724374
23.6876 0.000735354
23.7215 0.000745551
23.7553 0.000754961
23.7892 0.00076358
23.8231 0.000771406
23.857 0.000778437
23.8909 0.000784673
23.9248 0.000790112
23.9587 0.000794755
23.9926 0.000798602
24.0264 0.000801656
24.0603 0.000803919
24.0942 0.000805395
24.1281 0.000806086
24.162 0.000805999
24.1959 0.00080514
24.2298 0.000803513
24.2637 0.000801127
24.2975 0.00079799
24.3314 0.00079411
24.3653 0.000789496
24.3992 0.000784158
24.4331 0.000778107
24.467 0.000771354
24.5009 0.000763911
24.5348 0.000755788
24.5686 0.000747
24.6025 0.000737559
24.6364 0.000727479
24.6703 0.000716774
24.7042 0.00070546
24.7381 0.000693551
24.772 0.000681063
24.8059 0.000668012
24.8397 0.000654415
24.8736 0.000640289
24.9075 0.000625651
24.9414 0.000610518
24.9753 0.000594909
