0 0.00999097
0.0338878 0.00998494
0.0677756 0.00996787
0.101663 0.00994027
0.135551 0.00990249
0.169439 0.00985469
0.203327 0.00979711
0.237215 0.00972984
0.271102 0.00965293
0.30499 0.00956656
0.338878 0.00947095
0.372766 0.00936635
0.406653 0.00925296
0.440541 0.00913098
0.474429 0.00900061
0.508317 0.00886204
0.542205 0.00871553
0.576092 0.00856126
0.60998 0.00839946
0.643868 0.00823032
0.677756 0.00805401
0.711644 0.00787066
0.745531 0.00768025
0.779419 0.00748371
0.813307 0.00728133
0.847195 0.00707325
0.881082 0.0068597
0.91497 0.00664086
0.948858 0.00641698
0.982746 0.00618829
1.01663 0.00595503
1.05052 0.00571745
1.08441 0.00547582
1.1183 0.00523039
1.15218 0.00498142
1.18607 0.00472915
1.21996 0.00447389
1.25385 0.00421601
1.28774 0.00395573
1.32162 0.00369325
1.35551 0.00342876
1.3894 0.00316253
1.42329 0.00289491
1.45717 0.00262618
1.49106 0.00235656
1.52495 0.00208625
1.55884 0.00181552
1.59273 0.00154464
1.62661 0.001274
1.6605 0.00100403
1.69439 0.00073508
1.72828 0.00046735
1.76216 0.000201031
1.79605 6.17153e-05
1.82994 0.000324999
1.86383 0.000586248
1.89772 0.000845221
1.9316 0.00110168
1.96549 0.00135537
1.99938 0.00160607
2.03327 0.00185354
2.06716 0.00209757
2.10104 0.00233791
2.13493 0.00257439
2.16882 0.00280683
2.20271 0.00303504
2.23659 0.0032588
2.27048 0.00347795
2.30437 0.00369233
2.33826 0.00390175
2.37215 0.00410607
2.40603 0.00430509
2.43992 0.00449871
2.47381 0.00468677
2.5077 0.00486913
2.54158 0.00504564
2.57547 0.0052162
2.60936 0.00538069
2.64325 0.00553898
2.67714 0.00569097
2.71102 0.00583653
2.74491 0.00597559
2.7788 0.00610803
2.81269 0.00623377
2.84657 0.00635272
2.88046 0.00646483
2.91435 0.00657002
2.94824 0.00666823
2.98213 0.00675943
3.01601 0.00684358
3.0499 0.00692064
3.08379 0.00699059
3.11768 0.00705342
3.15156 0.00710913
3.18545 0.00715769
3.21934 0.00719912
3.25323 0.00723343
3.28712 0.00726064
3.321 0.00728078
3.35489 0.00729389
3.38878 0.0073
3.42267 0.00729916
3.45655 0.00729143
3.49044 0.00727686
3.52433 0.00725551
3.55822 0.00722746
3.59211 0.00719278
3.62599 0.00715156
3.65988 0.00710389
3.69377 0.00704984
3.72766 0.00698952
3.76154 0.00692303
3.79543 0.00685046
3.82932 0.00677192
3.86321 0.00668753
3.8971 0.00659741
3.93098 0.00650167
3.96487 0.00640045
3.99876 0.00629387
4.03265 0.0061821
4.06653 0.00606524
4.10042 0.00594347
4.13431 0.00581692
4.1682 0.00568576
4.20209 0.00555014
4.23597 0.00541022
4.26986 0.00526616
4.30375 0.00511812
4.33764 0.00496628
4.37152 0.00481078
4.40541 0.00465184
4.4393 0.00448974
4.47319 0.00432456
4.50708 0.00415643
4.54096 0.00398554
4.57485 0.003812
4.60874 0.00363601
4.64263 0.00345781
4.67651 0.00327762
4.7104 0.00309559
4.74429 0.00291189
4.77818 0.00272671
4.81207 0.00254026
4.84595 0.00235273
4.87984 0.0021642
4.91373 0.00197483
4.94762 0.00178488
4.9815 0.00159476
5.01539 0.00140472
5.04928 0.00121489
5.08317 0.00102538
5.11706 0.000836334
5.15094 0.000647902
5.18483 0.00046025
5.21872 0.00027354
5.25261 8.79398e-05
5.28649 9.66011e-05
5.32038 0.000279806
5.35427 0.000461391
5.38816 0.000641192
5.42205 0.00081905
5.45593 0.000994806
5.48982 0.0011683
5.52371 0.00133939
5.5576 0.00150792
5.59149 0.00167375
5.62537 0.00183674
5.65926 0.00199677
5.69315 0.00215369
5.72704 0.00230736
5.76092 0.00245773
5.79481 0.00260468
5.8287 0.00274809
5.86259 0.00288785
5.89648 0.00302386
5.93036 0.003156
5.96425 0.0032842
5.99814 0.00340833
6.03203 0.00352832
6.06591 0.00364408
6.0998 0.0037555
6.13369 0.00386252
6.16758 0.00396503
6.20147 0.00406294
6.23535 0.00415623
6.26924 0.00424483
6.30313 0.00432869
6.33702 0.00440777
6.3709 0.00448202
6.40479 0.00455141
6.43868 0.0046159
6.47257 0.00467546
6.50646 0.00473009
6.54034 0.00477976
6.57423 0.00482444
6.60812 0.00486414
6.64201 0.00489888
6.67589 0.00492867
6.70978 0.00495352
6.74367 0.00497343
6.77756 0.00498843
6.81145 0.00499853
6.84533 0.00500375
6.87922 0.00500414
6.91311 0.00499971
6.947 0.00499052
6.98088 0.00497659
7.01477 0.00495797
7.04866 0.00493472
7.08255 0.00490689
7.11644 0.00487455
7.15032 0.00483774
7.18421 0.00479658
7.2181 0.00475117
7.25199 0.00470152
7.28587 0.00464768
7.31976 0.00458976
7.35365 0.00452785
7.38754 0.00446203
7.42143 0.00439241
7.45531 0.00431907
7.4892 0.00424212
7.52309 0.00416165
7.55698 0.00407777
7.59086 0.00399058
7.62475 0.00390013
7.65864 0.00380652
7.69253 0.00370994
7.72642 0.00361051
7.7603 0.0035083
7.79419 0.00340343
7.82808 0.00329603
7.86197 0.0031862
7.89585 0.00307407
7.92974 0.00295976
7.96363 0.00284339
7.99752 0.00272509
8.03141 0.00260497
8.06529 0.00248316
8.09918 0.00235977
8.13307 0.00223486
8.16696 0.00210854
8.20084 0.00198112
8.23473 0.00185293
8.26862 0.00172409
8.30251 0.00159459
8.3364 0.00146448
8.37028 0.00133387
8.40417 0.00120288
8.43806 0.00107167
8.47195 0.000940368
8.50583 0.000809078
8.53972 0.000677919
8.57361 0.000547014
8.6075 0.000416483
8.64139 0.000286447
8.67527 0.000157027
8.70916 2.83393e-05
8.74305 0.000102324
8.77694 0.000229193
8.81082 0.000354947
8.84471 0.000479474
8.8786 0.000602663
8.91249 0.000724406
8.94638 0.000844596
8.98026 0.00096313
9.01415 0.0010799
9.04804 0.00119482
9.08193 0.00130779
9.11582 0.00141871
9.1497 0.0015275
9.18359 0.00163407
9.21748 0.00173835
9.25137 0.00184026
9.28525 0.0019397
9.31914 0.00203662
9.35303 0.00213089
9.38692 0.00222246
9.42081 0.00231124
9.45469 0.00239723
9.48858 0.00248034
9.52247 0.0025605
9.55636 0.00263765
9.59024 0.00271173
9.62413 0.00278269
9.65802 0.00285048
9.69191 0.00291507
9.7258 0.00297641
9.75968 0.00303447
9.79357 0.00308922
9.82746 0.00314062
9.86135 0.00318866
9.89523 0.00323332
9.92912 0.00327457
9.96301 0.0033124
9.9969 0.0033468
10.0308 0.00337777
10.0647 0.00340529
10.0986 0.00342938
10.1324 0.00345002
10.1663 0.00346723
10.2002 0.00348101
10.2341 0.00349138
10.268 0.00349834
10.3019 0.00350192
10.3358 0.00350213
10.3697 0.003499
10.4036 0.00349256
10.4374 0.00348282
10.4713 0.00346983
10.5052 0.00345362
10.5391 0.00343423
10.573 0.00341169
10.6069 0.00338606
10.6408 0.00335737
10.6747 0.00332569
10.7085 0.00329106
10.7424 0.00325353
10.7763 0.00321317
10.8102 0.00317002
10.8441 0.00312415
10.878 0.00307563
10.9119 0.00302451
10.9458 0.00297087
10.9796 0.00291477
11.0135 0.00285628
11.0474 0.00279548
11.0813 0.00273244
11.1152 0.00266724
11.1491 0.00259994
11.183 0.00253064
11.2169 0.0024594
11.2507 0.0023863
11.2846 0.00231141
11.3185 0.00223474
11.3524 0.00215652
11.3863 0.00207694
11.4202 0.00199611
11.4541 0.00191408
11.488 0.00183082
11.5218 0.00174637
11.5557 0.00166082
11.5896 0.00157426
11.6235 0.0014868
11.6574 0.00139854
11.6913 0.00130956
11.7252 0.00121996
11.7591 0.00112986
11.793 0.00103931
11.8268 0.000948422
11.8607 0.000857266
11.8946 0.000765931
11.9285 0.000674503
11.9624 0.000583071
11.9963 0.000491724
12.0302 0.000400551
12.0641 0.000309636
12.0979 0.000219066
12.1318 0.000128923
12.1657 3.92907e-05
12.1996 5.22133e-05
12.2335 0.000140472
12.2674 0.000227965
12.3013 0.000314616
12.3352 0.000400351
12.369 0.000485093
12.4029 0.000568768
12.4368 0.000651299
12.4707 0.000732614
12.5046 0.000812638
12.5385 0.000891303
12.5724 0.00096854
12.6063 0.00104429
12.6401 0.00111848
12.674 0.00119107
12.7079 0.00126199
12.7418 0.00133119
12.7757 0.00139862
12.8096 0.00146423
12.8435 0.00152797
12.8774 0.00158979
12.9112 0.00164965
12.9451 0.00170749
12.979 0.00176329
13.0129 0.00181701
13.0468 0.0018686
13.0807 0.00191802
13.1146 0.00196526
13.1485 0.00201028
13.1823 0.00205305
13.2162 0.00209353
13.2501 0.0021317
13.284 0.00216756
13.3179 0.00220108
13.3518 0.00223224
13.3857 0.00226105
13.4196 0.00228748
13.4535 0.00231154
13.4873 0.00233323
13.5212 0.00235255
13.5551 0.00236948
13.589 0.00238401
13.6229 0.00239615
13.6568 0.00240591
13.6907 0.00241329
13.7246 0.00241831
13.7584 0.00242096
13.7923 0.00242128
13.8262 0.00241926
13.8601 0.00241494
13.894 0.00240832
13.9279 0.00239943
13.9618 0.0023883
13.9957 0.00237496
14.0295 0.00235942
14.0634 0.00234171
14.0973 0.00232188
14.1312 0.00229995
14.1651 0.00227596
14.199 0.00225001
14.2329 0.00222211
14.2668 0.00219229
14.3006 0.0021606
14.3345 0.00212707
14.3684 0.00209176
14.4023 0.00205471
14.4362 0.00201598
14.4701 0.0019756
14.504 0.00193357
14.5379 0.00188997
14.5717 0.00184485
14.6056 0.00179829
14.6395 0.00175033
14.6734 0.00170103
14.7073 0.00165045
14.7412 0.00159866
14.7751 0.0015457
14.809 0.00149165
14.8429 0.00143655
14.8767 0.00138047
14.9106 0.00132347
14.9445 0.00126562
14.9784 0.00120698
15.0123 0.0011476
15.0462 0.00108753
15.0801 0.00102682
15.114 0.000965549
15.1478 0.000903773
15.1817 0.000841559
15.2156 0.000778968
15.2495 0.000716066
15.2834 0.000652915
15.3173 0.000589577
15.3512 0.000526114
15.3851 0.000462586
15.4189 0.000399054
15.4528 0.000335579
15.4867 0.000272218
15.5206 0.000209033
15.5545 0.000146081
15.5884 8.34207e-05
15.6223 2.11089e-05
15.6562 4.31769e-05
15.69 0.00010444
15.7239 0.000165169
15.7578 0.000225311
15.7917 0.000284815
15.8256 0.000343628
15.8595 0.000401701
15.8934 0.000458982
15.9273 0.000515423
15.9611 0.000570976
15.995 0.000625594
16.0289 0.000679231
16.0628 0.000731845
16.0967 0.000783393
16.1306 0.000833836
16.1645 0.000883135
16.1984 0.000931253
16.2323 0.000978153
16.2661 0.0010238
16.3 0.00106815
16.3339 0.00111118
16.3678 0.00115286
16.4017 0.00119314
16.4356 0.00123201
16.4695 0.00126943
16.5034 0.00130538
16.5372 0.00133983
16.5711 0.00137275
16.605 0.00140414
16.6389 0.00143396
16.6728 0.00146221
16.7067 0.00148886
16.7406 0.00151391
16.7745 0.00153733
16.8083 0.00155913
16.8422 0.00157928
16.8761 0.00159778
16.91 0.00161462
16.9439 0.00162981
16.9778 0.00164333
17.0117 0.00165519
17.0456 0.00166539
17.0794 0.00167392
17.1133 0.00168079
17.1472 0.00168601
17.1811 0.00168958
17.215 0.00169152
17.2489 0.00169182
17.2828 0.0016905
17.3167 0.00168757
17.3505 0.00168305
17.3844 0.00167695
17.4183 0.00166929
17.4522 0.00166009
17.4861 0.00164936
17.52 0.00163713
17.5539 0.00162342
17.5878 0.00160826
17.6216 0.00159166
17.6555 0.00157367
17.6894 0.00155429
17.7233 0.00153357
17.7572 0.00151153
17.7911 0.0014882
17.825 0.00146362
17.8589 0.00143782
17.8928 0.00141084
17.9266 0.0013827
17.9605 0.00135345
17.9944 0.00132312
18.0283 0.00129174
18.0622 0.00125935
18.0961 0.00122599
18.13 0.00119171
18.1639 0.00115652
18.1977 0.00112049
18.2316 0.00108364
18.2655 0.00104602
18.2994 0.00100767
18.3333 0.000968629
18.3672 0.000928943
18.4011 0.000888653
18.435 0.000847804
18.4688 0.000806436
18.5027 0.000764593
18.5366 0.000722319
18.5705 0.000679657
18.6044 0.000636648
18.6383 0.000593339
18.6722 0.00054977
18.7061 0.000505985
18.7399 0.000462027
18.7738 0.00041794
18.8077 0.000373765
18.8416 0.000329545
18.8755 0.000285322
18.9094 0.000241139
18.9433 0.000197035
18.9772 0.000153054
19.011 0.000109236
19.0449 6.56197e-05
19.0788 2.22469e-05
19.1127 2.13259e-05
19.1466 6.4021e-05
19.1805 0.000106349
19.2144 0.000148273
19.2483 0.000189757
19.2822 0.000230765
19.316 0.000271262
19.3499 0.000311212
19.3838 0.000350582
19.4177 0.00038934
19.4516 0.000427453
19.4855 0.00046489
19.5194 0.000501619
19.5533 0.000537609
19.5871 0.000572831
19.621 0.00060726
19.6549 0.000640869
19.6888 0.000673633
19.7227 0.000705526
19.7566 0.000736524
19.7905 0.000766602
19.8244 0.000795737
19.8582 0.000823906
19.8921 0.000851089
19.926 0.000877266
19.9599 0.000902417
19.9938 0.000926526
20.0277 0.000949576
20.0616 0.000971552
20.0955 0.00099244
20.1293 0.00101223
20.1632 0.00103091
20.1971 0.00104846
20.231 0.00106489
20.2649 0.00108017
20.2988 0.00109431
20.3327 0.00110731
20.3666 0.00111914
20.4004 0.00112982
20.4343 0.00113934
20.4682 0.0011477
20.5021 0.0011549
20.536 0.00116094
20.5699 0.00116583
20.6038 0.00116956
20.6377 0.00117214
20.6716 0.00117358
20.7054 0.00117388
20.7393 0.00117305
20.7732 0.0011711
20.8071 0.00116804
20.841 0.00116389
20.8749 0.00115864
20.9088 0.00115232
20.9427 0.00114494
20.9765 0.00113651
21.0104 0.00112705
21.0443 0.00111657
21.0782 0.0011051
21.1121 0.00109266
21.146 0.00107925
21.1799 0.0010649
21.2138 0.00104964
21.2476 0.00103348
21.2815 0.00101645
21.3154 0.000998562
21.3493 0.00097985
21.3832 0.000960334
21.4171 0.000940039
21.451 0.000918988
21.4849 0.000897208
21.5187 0.000874724
21.5526 0.000851562
21.5865 0.00082775
21.6204 0.000803315
21.6543 0.000778285
21.6882 0.000752688
21.7221 0.000726552
21.756 0.000699906
21.7898 0.000672778
21.8237 0.000645202
21.8576 0.000617207
21.8915 0.000588822
21.9254 0.000560077
21.9593 0.000531001
21.9932 0.000501622
22.0271 0.00047197
22.061 0.000442075
22.0948 0.000411969
22.1287 0.00038168
22.1626 0.000351238
22.1965 0.000320673
22.2304 0.000290014
22.2643 0.000259292
22.2982 0.000228537
22.3321 0.000197779
22.3659 0.000167045
22.3998 0.000136365
22.4337 0.000105767
22.4676 7.52801e-05
22.5015 4.49322e-05
22.5354 1.47509e-05
22.5693 1.51923e-05
22.6032 4.49313e-05
22.637 7.44183e-05
22.6709 0.000103628
22.7048 0.000132534
22.7387 0.000161112
22.7726 0.000189337
22.8065 0.000217185
22.8404 0.000244632
22.8743 0.000271656
22.9081 0.000298234
22.942 0.000324342
22.9759 0.000349957
23.0098 0.000375061
23.0437 0.000399631
23.0776 0.000423651
23.1115 0.000447103
23.1454 0.000469968
23.1792 0.000492229
23.2131 0.000513868
23.247 0.000534869
23.2809 0.000555215
23.3148 0.000574889
23.3487 0.000593878
23.3826 0.000612168
23.4165 0.000629744
23.4503 0.000646595
23.4842 0.00066271
23.5181 0.000678077
23.552 0.000692688
23.5859 0.000706534
23.6198 0.000719606
23.6537 0.000731897
23.6876 0.000743401
23.7215 0.000754113
23.7553 0.000764028
23.7892 0.000773142
23.8231 0.000781453
23.857 0.000788957
23.8909 0.000795653
23.9248 0.000801541
23.9587 0.000806621
23.9926 0.000810894
24.0264 0.000814361
24.0603 0.000817025
24.0942 0.000818888
24.1281 0.000819954
24.162 0.000820229
24.1959 0.000819717
24.2298 0.000818425
24.2637 0.000816358
24.2975 0.000813525
24.3314 0.000809934
24.3653 0.000805594
24.3992 0.000800514
24.4331 0.000794704
24.467 0.000788176
24.5009 0.00078094
24.5348 0.00077301
24.5686 0.000764397
24.6025 0.000755115
24.6364 0.000745179
24.6703 0.000734601
24.7042 0.000723398
24.7381 0.000711584
24.772 0.000699176
24.8059 0.00068619
24.8397 0.000672643
24.8736 0.000658551
24.9075 0.000643933
24.9414 0.000628805
24.9753 0.000613184
