0 0 0
3.16783e-06 6.02219e-10 1
7.6918e-05 3.09005e-05 3
0.000214834 2.36324e-05 3
0.000411082 2.26212e-05 3
0.00066036 2.35338e-05 1
0.000957847 2.56643e-05 3
0.00129916 2.82137e-05 2
0.00168031 3.0567e-05 3
0.00209769 3.2893e-05 2
0.00254799 3.63595e-05 2
0.00302823 4.27583e-05 2
0.00353567 5.35447e-05 3
0.00406786 6.87926e-05 3
0.00462254 8.71718e-05 1
0.00519766 0.000106772 3
0.00579137 0.000126546 3
0.00640197 0.000146724 1
0.00702794 0.000168441 2
0.00766787 0.000192705 2
0.00832049 0.000219112 1
0.00898466 0.000246857 3
0.00965932 0.000275284 3
0.0103435 0.000304191 1
0.0110364 0.000333657 3
0.0117371 0.000363627 1
0.012445 0.00039354 2
0.0131595 0.000421346 4
0.0138798 0.000449156 3
0.0146056 0.000475745 2
0.0153362 0.000501035 2
0.0160713 0.000525553 3
0.0168104 0.000549308 2
0.0175532 0.000571864 2
0.0182993 0.000591831 2
0.0190485 0.000607181 2
0.0198005 0.000617246 2
0.0205549 0.000621945 2
0.0213117 0.000621876 2
0.0220705 0.000617859 2
0.0228312 0.000610698 2
0.0235936 0.000600722 3
0.0243576 0.000588198 3
0.025123 0.000573393 2
0.0258897 0.000557045 2
0.0266575 0.000539852 2
0.0274264 0.000504216 4
0.0281963 0.000468638 3
0.0289671 0.000432928 2
0.0297387 0.000396677 3
0.030511 0.000359177 1
0.0312839 0.000320272 3
0.0320575 0.000280449 2
0.0328316 0.000240717 3
0.0336062 0.000202372 3
0.0343813 0.000166623 3
0.0351567 0.00013434 3
0.0359326 0.000106073 3
0.0367087 8.20504e-05 2
0.0374852 6.23724e-05 2
0.038262 4.72593e-05 4
0.039039 3.68996e-05 3
0.0398163 3.13229e-05 3
0.0405937 3.04516e-05 3
0.0413714 3.42375e-05 3
0.0421492 4.26649e-05 1
0.0429272 5.56848e-05 4
0.0437054 7.32186e-05 3
0.0444836 9.50207e-05 1
0.045262 0.000120439 2
0.0460405 0.000148721 2
0.0468191 0.000178956 2
0.0475978 0.00021022 2
0.0483765 0.00024203 2
0.0491554 0.000273706 3
0.0499343 0.000305155 3
0.0507132 0.000336793 3
0.0514923 0.000368892 3
0.0522713 0.000401357 3
0.0530504 0.000433651 3
0.0538296 0.000464891 3
0.0546088 0.000488748 5
0.055388 0.000512713 2
0.0561673 0.00053517 2
0.0569466 0.00055539 2
0.0577259 0.000572973 3
0.0585052 0.000587824 3
0.0592846 0.000599796 3
0.060064 0.000608479 2
0.0608434 0.000613574 3
0.0616228 0.000615113 3
0.0624022 0.000612933 3
0.0631816 0.000606183 3
0.0639611 0.000594442 3
0.0647406 0.000577593 3
0.06552 0.000556416 3
0.0662995 0.000532299 3
0.067079 0.000506952 2
0.0678585 0.000481904 2
0.068638 0.000458369 2
0.0694175 0.000418226 4
0.070197 0.000379606 3
0.0709766 0.000341601 3
0.0717561 0.000303191 2
0.0725356 0.000263816 1
0.0733152 0.0002238 2
0.0740947 0.000184161 3
0.0748742 0.000146673 3
0.0756538 0.000113116 2
0.0764333 8.48028e-05 3
0.0772129 6.2585e-05 3
0.0779924 4.66947e-05 2
0.078772 3.67219e-05 2
0.0795515 3.17791e-05 2
0.0803311 3.07523e-05 2
0.0811107 3.28451e-05 2
0.0818902 3.7782e-05 2
0.0826698 4.57905e-05 1
0.0834493 5.74459e-05 2
0.0842289 7.34969e-05 2
0.0850085 9.43252e-05 2
0.085788 0.000119769 2
0.0865676 0.000149082 2
0.0873472 0.000181121 2
0.0881267 0.000214117 3
0.0889063 0.000246027 3
0.0896859 0.000276302 3
0.0904654 0.000305137 3
0.091245 0.000333219 3
0.0920246 0.000361344 3
0.0928041 0.000387229 4
0.0935837 0.000416281 3
0.0943633 0.000446848 2
0.0951429 0.000477409 3
0.0959224 0.000506475 3
0.096702 0.00053248 3
0.0974816 0.000554077 3
0.0982611 0.000570742 3
0.0990407 0.00058283 3
0.0998203 0.000591302 3
0.1006 0.000596743 2
0.101379 0.000599336 3
0.102159 0.000598978 3
0.102939 0.000595248 3
0.103718 0.000587697 3
0.104498 0.00057607 3
0.105277 0.000560968 3
0.106057 0.000543304 2
0.106836 0.000524393 2
0.107616 0.000486886 4
0.108396 0.000450671 3
0.109175 0.000415574 2
0.109955 0.000381058 3
0.110734 0.000346927 3
0.111514 0.000312567 3
0.112293 0.000277467 2
0.113073 0.000241325 3
0.113853 0.000204449 3
0.114632 0.00016796 3
0.115412 0.000133606 3
0.116191 0.000103278 3
0.116971 7.85013e-05 3
0.11775 6.00386e-05 4
0.11853 4.789e-05 3
0.11931 4.13937e-05 3
0.120089 3.95582e-05 2
0.120869 4.15042e-05 2
0.121648 4.6761e-05 3
0.122428 5.54177e-05 3
0.123207 6.77938e-05 4
0.123987 8.43332e-05 3
0.124767 0.000105106 3
0.125546 0.000129989 1
0.126326 0.000158371 2
0.127105 0.000188923 1
0.127885 0.000220238 2
0.128664 0.000251429 2
0.129444 0.00028115 1
0.130224 0.000309522 3
0.131003 0.000337307 3
0.131783 0.000365415 3
0.132562 0.000394487 3
0.133342 0.000424585 1
0.134122 0.000448714 4
0.134901 0.000475591 3
0.135681 0.000502683 3
0.13646 0.000527888 3
0.13724 0.000549699 3
0.138019 0.000567223 3
0.138799 0.000580414 3
0.139579 0.000589671 3
0.140358 0.00059536 3
0.141138 0.000598196 3
0.141917 0.000598454 3
0.142697 0.000595673 3
0.143476 0.000588787 3
0.144256 0.000576678 3
0.145036 0.000559245 3
0.145815 0.000537157 3
0.146595 0.000511947 3
0.147374 0.00048556 3
0.148154 0.000460131 3
0.148933 0.000437103 2
0.149713 0.000398702 4
0.150493 0.000363314 3
0.151272 0.00032954 3
0.152052 0.000295427 3
0.152831 0.000259656 3
0.153611 0.000222114 3
0.15439 0.000183818 2
0.15517 0.000146575 3
0.15595 0.000112775 2
0.156729 8.42374e-05 3
0.157509 6.22875e-05 1
0.158288 4.74683e-05 1
0.159068 3.942e-05 3
0.159847 3.69997e-05 2
0.160627 3.85951e-05 2
0.161407 4.2888e-05 2
0.162186 4.92821e-05 2
0.162966 5.7791e-05 2
0.163745 6.9099e-05 2
0.164525 8.41231e-05 3
0.165304 0.000103644 3
0.166084 0.000127822 3
0.166864 0.000156124 2
0.167643 0.000187383 2
0.168423 0.000218793 4
0.169202 0.000248897 3
0.169982 0.000276943 3
0.170761 0.000303075 3
0.171541 0.000328114 4
0.172321 0.000349594 5
0.1731 0.000374979 3
0.17388 0.000403298 3
0.174659 0.000433598 2
0.175439 0.000464522 3
0.176218 0.000494187 5
0.176998 0.000520278 3
0.177778 0.000541177 3
0.178557 0.000556236 3
0.179337 0.000566199 3
0.180116 0.000572265 3
0.180896 0.000575291 2
0.181676 0.000575846 3
0.182455 0.000574021 3
0.183235 0.000569585 3
0.184014 0.000562069 3
0.184794 0.000551382 3
0.185573 0.000537692 3
0.186353 0.000521962 2
0.187133 0.000505069 2
0.187912 0.000469332 4
0.188692 0.000434934 3
0.189471 0.000401496 3
0.190251 0.000368182 4
0.19103 0.00033488 4
0.19181 0.000301721 3
0.19259 0.000268401 2
0.193369 0.000234345 3
0.194149 0.000199357 3
0.194928 0.000164178 3
0.195708 0.000130516 3
0.196487 0.000100472 3
0.197267 7.58632e-05 4
0.198047 5.77129e-05 2
0.198826 4.61393e-05 2
0.199606 4.05417e-05 2
0.200385 3.98515e-05 3
0.201165 4.30868e-05 2
0.201944 4.96426e-05 3
0.202724 5.94076e-05 3
0.203504 7.23695e-05 4
0.204283 8.88919e-05 3
0.205063 0.000109339 3
0.205842 0.000133464 3
0.206622 0.000160522 1
0.207401 0.000189455 2
0.208181 0.000219008 3
0.208961 0.000247586 4
0.20974 0.000274698 4
0.21052 0.000300699 4
0.211299 0.000326343 3
0.212079 0.000352431 3
0.212858 0.000379562 3
0.213638 0.000407543 3
0.214418 0.000430713 5
0.215197 0.000457341 2
0.215977 0.000484496 2
0.216756 0.000509881 3
0.217536 0.000531918 3
0.218315 0.000549482 3
0.219095 0.000562336 3
0.219875 0.000570772 3
0.220654 0.000575252 3
0.221434 0.000576303 2
0.222213 0.00057473 3
0.222993 0.000570278 3
0.223772 0.000562001 3
0.224552 0.000549394 3
0.225332 0.000532224 3
0.226111 0.000511073 3
0.226891 0.000487169 4
0.22767 0.000462333 3
0.22845 0.000438222 3
0.229229 0.000416347 4
0.230009 0.000379892 5
0.230789 0.000345964 4
0.231568 0.000313504 4
0.232348 0.000280945 2
0.233127 0.000246833 3
0.233907 0.000210939 2
0.234687 0.000174473 2
0.235466 0.000139124 3
0.236246 0.000106919 3
0.237025 7.96632e-05 3
0.237805 5.85212e-05 3
0.238584 4.42013e-05 3
0.239364 3.6898e-05 3
0.240144 3.56338e-05 3
0.240923 3.87716e-05 3
0.241703 4.47391e-05 3
0.242482 5.26523e-05 3
0.243262 6.249e-05 3
0.244041 7.47679e-05 3
0.244821 9.01302e-05 2
0.245601 0.000109272 2
0.24638 0.000132446 2
0.24716 0.000159302 2
0.247939 0.000187822 4
0.248719 0.000216554 3
0.249498 0.000244318 3
0.250278 0.000270452 3
0.251058 0.000295054 4
0.251837 0.000314463 5
0.252617 0.000337397 3
0.253396 0.000363175 3
0.254176 0.00039143 2
0.254955 0.000421462 2
0.255735 0.000451859 3
0.256515 0.000480567 4
0.257294 0.000505355 3
0.258074 0.000524835 3
0.258853 0.000538499 3
0.259633 0.00054725 3
0.260412 0.000552168 3
0.261192 0.000554036 2
0.261972 0.000553346 3
0.262751 0.000550307 3
0.263531 0.000544758 3
0.26431 0.000536742 3
0.26509 0.00052625 3
0.265869 0.000513812 2
0.266649 0.000500189 2
0.267429 0.000485991 2
0.268208 0.000453037 4
0.268988 0.000421192 3
0.269767 0.000389574 3
0.270547 0.000357341 3
0.271326 0.000324868 3
0.272106 0.000292232 3
0.272886 0.000259285 2
0.273665 0.000225705 3
0.274445 0.000191509 3
0.275224 0.000157514 3
0.276004 0.000125279 3
0.276783 9.66249e-05 4
0.277563 7.31623e-05 3
0.278343 5.58499e-05 2
0.279122 4.47714e-05 2
0.279902 3.9373e-05 2
0.280681 3.88229e-05 2
0.281461 4.22373e-05 3
0.282241 4.9078e-05 2
0.28302 5.92323e-05 3
0.2838 7.26811e-05 4
0.284579 8.94652e-05 3
0.285359 0.000109611 3
0.286138 0.000132809 3
0.286918 0.000158402 1
0.287698 0.000185422 2
0.288477 0.000212221 3
0.289257 0.000237988 3
0.290036 0.000262809 3
0.290816 0.000287181 3
0.291595 0.000311673 3
0.292375 0.000336831 3
0.293155 0.000362795 1
0.293934 0.000389619 3
0.294714 0.000412894 4
0.295493 0.000439201 3
0.296273 0.00046558 3
0.297052 0.000489925 3
0.297832 0.000510868 3
0.298612 0.000527733 3
0.299391 0.000540218 3
0.300171 0.0005483 3
0.30095 0.000552302 2
0.30173 0.00055309 2
0.302509 0.000551109 3
0.303289 0.000545762 3
0.304069 0.000536581 3
0.304848 0.000523154 3
0.305628 0.000505702 3
0.306407 0.000484943 4
0.307187 0.000462249 3
0.307966 0.00043908 3
0.308746 0.000416912 3
0.309526 0.000396846 4
0.310305 0.000362381 5
0.311085 0.00032972 4
0.311864 0.000297836 4
0.312644 0.000265448 3
0.313423 0.000231856 3
0.314203 0.000197245 3
0.314983 0.000162571 2
0.315762 0.000129123 3
0.316542 9.85408e-05 3
0.317321 7.29251e-05 3
0.318101 5.37208e-05 3
0.31888 4.14544e-05 3
0.31966 3.57103e-05 3
0.32044 3.52362e-05 3
0.321219 3.86341e-05 3
0.321999 4.5025e-05 3
0.322778 5.37184e-05 2
0.323558 6.44321e-05 3
0.324337 7.74846e-05 3
0.325117 9.33788e-05 3
0.325897 0.000112515 3
0.326676 0.000135019 2
0.327456 0.000159656 3
0.328235 0.000185504 3
0.329015 0.000211563 3
0.329794 0.000237021 3
0.330574 0.000261455 3
0.331354 0.000284956 4
0.332133 0.00030474 5
0.332913 0.000327724 3
0.333692 0.000353217 3
0.334472 0.000380784 2
0.335252 0.000409654 2
0.336031 0.000438468 3
0.336811 0.000465325 4
0.33759 0.000488268 3
0.33837 0.000506045 3
0.339149 0.000518472 3
0.339929 0.000526357 3
0.340709 0.000530474 3
0.341488 0.000531492 3
0.342268 0.000529992 3
0.343047 0.000526251 3
0.343827 0.000520333 3
0.344606 0.000512361 3
0.345386 0.000502621 2
0.346166 0.000491467 2
0.346945 0.000479458 2
0.347725 0.000467021 2
0.348504 0.000436012 4
0.349284 0.000405847 2
0.350063 0.000375523 3
0.350843 0.000344258 3
0.351623 0.000312612 3
0.352402 0.00028075 3
0.353182 0.000248544 2
0.353961 0.000215725 3
0.354741 0.000182449 3
0.35552 0.000149684 3
0.3563 0.000118978 3
0.35708 9.20116e-05 4
0.357859 7.01689e-05 3
0.358639 5.41929e-05 2
0.359418 4.4097e-05 2
0.360198 3.93114e-05 2
0.360977 3.89816e-05 2
0.361757 4.24419e-05 3
0.362537 4.93779e-05 1
0.363316 5.95513e-05 3
0.364096 7.2987e-05 4
0.364875 8.96074e-05 3
0.365655 0.00010929 3
0.366434 0.000131597 2
0.367214 0.000155644 2
0.367994 0.00018038 1
0.368773 0.000204772 3
0.369553 0.000228318 3
0.370332 0.000251334 3
0.371112 0.00027432 3
0.371891 0.000297809 3
0.372671 0.000322054 3
0.373451 0.000347357 3
0.37423 0.000369217 4
0.37501 0.000395169 3
0.375789 0.000422385 3
0.376569 0.000448793 3
0.377348 0.000472726 3
0.378128 0.000493118 3
0.378908 0.00050943 3
0.379687 0.000521358 3
0.380467 0.000528842 3
0.381246 0.000532203 2
0.382026 0.000531887 2
0.382806 0.000528532 3
0.383585 0.000521876 3
0.384365 0.000511482 3
0.385144 0.000497379 3
0.385924 0.000479883 4
0.386703 0.0004599 3
0.387483 0.000438582 3
0.388263 0.000417325 2
0.389042 0.000397316 2
0.389822 0.000379364 4
0.390601 0.000346912 4
0.391381 0.000315577 3
0.39216 0.000284799 3
0.39294 0.00025342 2
0.39372 0.000220541 2
0.394499 0.000186517 2
0.395279 0.000152557 2
0.396058 0.000120338 3
0.396838 9.17441e-05 3
0.397617 6.83639e-05 3
0.398397 5.10773e-05 3
0.399177 4.01701e-05 2
0.399956 3.5393e-05 2
0.400736 3.57048e-05 2
0.401515 3.97713e-05 2
0.402295 4.66635e-05 2
0.403074 5.57607e-05 1
0.403854 6.68846e-05 3
0.404634 8.02941e-05 3
0.405413 9.6351e-05 3
0.406193 0.000115351 2
0.406972 0.000136541 3
0.407752 0.000159381 3
0.408531 0.000183143 3
0.409311 0.000207031 3
0.410091 0.000230452 3
0.41087 0.000253153 4
0.41165 0.000271509 5
0.412429 0.00029301 3
0.413209 0.000316951 3
0.413988 0.000343111 3
0.414768 0.000371054 2
0.415548 0.00039971 3
0.416327 0.000427392 3
0.417107 0.000452129 4
0.417886 0.000472498 3
0.418666 0.00048779 3
0.419445 0.00049841 3
0.420225 0.000505103 3
0.421005 0.000508418 2
0.421784 0.000508933 3
0.422564 0.000507035 3
0.423343 0.000503018 3
0.424123 0.00049699 3
0.424902 0.000489285 2
0.425682 0.000480105 2
0.426462 0.000470089 2
0.427241 0.000459626 2
0.428021 0.000448942 2
0.4288 0.000420148 4
0.42958 0.000391794 2
0.430359 0.000362681 3
0.431139 0.000332285 3
0.431919 0.000301211 3
0.432698 0.000269878 3
0.433478 0.000238263 2
0.434257 0.00020621 3
0.435037 0.000174018 3
0.435817 0.000142704 3
0.436596 0.000113738 3
0.437376 8.86308e-05 4
0.438155 6.85249e-05 3
0.438935 5.39178e-05 2
0.439714 4.46726e-05 2
0.440494 4.02715e-05 2
0.441274 4.00619e-05 2
0.442053 4.34723e-05 3
0.442833 5.01951e-05 1
0.443612 6.00035e-05 3
0.444392 7.28529e-05 4
0.445171 8.86073e-05 3
0.445951 0.000106994 3
0.446731 0.000127528 2
0.44751 0.000149483 2
0.44829 0.000171965 3
0.449069 0.000194286 3
0.449849 0.000216042 3
0.450628 0.000237533 3
0.451408 0.000259518 3
0.452188 0.000282281 3
0.452967 0.000306054 3
0.453747 0.000331242 1
0.454526 0.000354219 4
0.455306 0.000380187 3
0.456085 0.000406789 3
0.456865 0.000432224 3
0.457645 0.000455204 3
0.458424 0.000474592 3
0.459204 0.000489685 3
0.459983 0.000500173 3
0.460763 0.000506115 3
0.461542 0.000508022 2
0.462322 0.000506939 2
0.463102 0.000503069 3
0.463881 0.000495978 3
0.464661 0.000485586 3
0.46544 0.000471856 4
0.46622 0.00045529 3
0.466999 0.000436614 3
0.467779 0.000416952 3
0.468559 0.000397447 2
0.469338 0.000378911 4
0.470118 0.000361959 2
0.470897 0.000330909 4
0.471677 0.000301231 3
0.472456 0.000271688 3
0.473236 0.000240998 2
0.474016 0.000208829 3
0.474795 0.000175775 2
0.475575 0.000143167 3
0.476354 0.000112675 3
0.477134 8.5984e-05 3
0.477913 6.4561e-05 3
0.478693 4.94023e-05 3
0.479473 4.03429e-05 3
0.480252 3.66937e-05 2
0.481032 3.77109e-05 2
0.481811 4.24789e-05 2
0.482591 4.99635e-05 1
0.483371 5.94238e-05 1
0.48415 7.06364e-05 1
0.48493 8.38154e-05 2
0.485709 9.91658e-05 2
0.486489 0.00011657 3
0.487268 0.000135875 3
0.488048 0.000156677 3
0.488828 0.00017839 3
0.489607 0.000200398 3
0.490387 0.000222246 4
0.491166 0.000243798 4
0.491946 0.000262467 5
0.492725 0.000284146 3
0.493505 0.000308153 3
0.494285 0.000334061 3
0.495064 0.000361248 2
0.495844 0.000388592 3
0.496623 0.000414512 4
0.497403 0.000437269 3
0.498182 0.000455726 3
0.498962 0.000469297 3
0.499742 0.000478549 3
0.500521 0.00048416 3
0.501301 0.00048667 2
0.50208 0.000486599 3
0.50286 0.000484405 3
0.503639 0.000480415 3
0.504419 0.000474853 3
0.505199 0.000467996 2
0.505978 0.000460129 2
0.506758 0.000451483 2
0.507537 0.000442358 2
0.508317 0.000432772 2
0.509096 0.000422675 2
0.509876 0.000392528 4
0.510656 0.000362967 3
0.511435 0.000332899 3
0.512215 0.000301936 3
0.512994 0.00027011 3
0.513774 0.000237798 3
0.514553 0.000205414 3
0.515333 0.000173469 3
0.516113 0.000142834 3
0.516892 0.000114698 3
0.517672 9.03567e-05 4
0.518451 7.08709e-05 3
0.519231 5.67757e-05 2
0.52001 4.79492e-05 2
0.52079 4.3832e-05 2
0.52157 4.36979e-05 2
0.522349 4.69617e-05 2
0.523129 5.32332e-05 3
0.523908 6.23004e-05 4
0.524688 7.39704e-05 3
0.525467 8.81407e-05 3
0.526247 0.000104636 3
0.527027 0.000123154 1
0.527806 0.000143174 2
0.528586 0.000163977 3
0.529365 0.000184834 3
0.530145 0.000205508 3
0.530924 0.000226304 3
0.531704 0.000247434 3
0.532484 0.000269291 3
0.533263 0.000292625 1
0.534043 0.000314512 4
0.534822 0.000339978 3
0.535602 0.00036698 3
0.536382 0.00039405 3
0.537161 0.000419669 3
0.537941 0.00044255 3
0.53872 0.000461491 3
0.5395 0.000475539 3
0.540279 0.000484407 3
0.541059 0.00048875 2
0.541839 0.000489743 2
0.542618 0.000488143 3
0.543398 0.000483871 3
0.544177 0.0004765 3
0.544957 0.00046584 3
0.545736 0.000452191 4
0.546516 0.000436078 3
0.547296 0.00041836 2
0.548075 0.000399761 2
0.548855 0.000381297 2
0.549634 0.000364382 4
0.550414 0.000349654 2
0.551193 0.000320436 4
0.551973 0.000291671 3
0.552753 0.000262527 3
0.553532 0.000232259 2
0.554312 0.000200673 3
0.555091 0.000168524 2
0.555871 0.000137298 2
0.55665 0.000108643 3
0.55743 8.39769e-05 3
0.55821 6.44728e-05 3
0.558989 5.06996e-05 3
0.559769 4.25512e-05 3
0.560548 3.97007e-05 2
0.561328 4.13372e-05 2
0.562107 4.63843e-05 2
0.562887 5.39316e-05 1
0.563667 6.3322e-05 1
0.564446 7.4295e-05 2
0.565226 8.67947e-05 3
0.566005 0.000101025 3
0.566785 0.000117093 3
0.567564 0.000134878 3
0.568344 0.000154051 3
0.569124 0.000174121 3
0.569903 0.000194602 4
0.570683 0.000215173 4
0.571462 0.000232653 5
0.572242 0.000253214 3
0.573021 0.000276073 3
0.573801 0.000300854 3
0.574581 0.000327156 3
0.57536 0.000354126 3
0.57614 0.000380418 3
0.576919 0.000404338 4
0.577699 0.000424649 3
0.578478 0.000440799 3
0.579258 0.00045258 3
0.580038 0.000460547 3
0.580817 0.000465269 2
0.581597 0.000467244 3
0.582376 0.000466981 3
0.583156 0.000464862 3
0.583935 0.000461228 2
0.584715 0.000456322 2
0.585495 0.000450418 2
0.586274 0.000443685 2
0.587054 0.000436405 2
0.587833 0.000428566 2
0.588613 0.000419999 2
0.589393 0.000410388 2
0.590172 0.000381892 4
0.590952 0.000353541 3
0.591731 0.000324322 3
0.592511 0.000293921 3
0.59329 0.000262625 3
0.59407 0.000230962 2
0.59485 0.000199479 3
0.595629 0.000168791 3
0.596409 0.000139788 3
0.597188 0.000113541 4
0.597968 9.11261e-05 1
0.598747 7.32931e-05 3
0.599527 6.03891e-05 2
0.600307 5.22249e-05 2
0.601086 4.83053e-05 2
0.601866 4.80284e-05 2
0.602645 5.09172e-05 2
0.603425 5.66413e-05 3
0.604204 6.49632e-05 4
0.604984 7.56603e-05 3
0.605764 8.85699e-05 3
0.606543 0.000103535 1
0.607323 0.000120262 2
0.608102 0.000138308 3
0.608882 0.000157146 3
0.609661 0.000176373 3
0.610441 0.00019575 3
0.611221 0.000215594 3
0.612 0.000236465 3
0.61278 0.000258319 3
0.613559 0.000281169 1
0.614339 0.000303559 4
0.615118 0.000329261 3
0.615898 0.000355956 3
0.616678 0.000381994 3
0.617457 0.000405911 3
0.618237 0.000426626 3
0.619016 0.000443441 3
0.619796 0.000455801 3
0.620575 0.000463516 3
0.621355 0.000466963 2
0.622135 0.000466904 2
0.622914 0.0004644 3
0.623694 0.000459609 3
0.624473 0.000452155 3
0.625253 0.00044196 4
0.626032 0.000429165 2
0.626812 0.000414346 3
0.627592 0.000398284 2
0.628371 0.000381482 2
0.629151 0.000364783 4
0.62993 0.000349212 2
0.63071 0.000335297 2
0.631489 0.000323089 2
0.632269 0.000293019 4
0.633049 0.000263161 3
0.633828 0.000232678 2
0.634608 0.000201256 3
0.635387 0.000169405 3
0.636167 0.000138578 2
0.636947 0.000110591 2
0.637726 8.69346e-05 3
0.638506 6.84896e-05 3
0.639285 5.5718e-05 3
0.640065 4.8641e-05 3
0.640844 4.66663e-05 1
0.641624 4.8818e-05 1
0.642404 5.37364e-05 2
0.643183 6.04367e-05 2
0.643963 6.88249e-05 1
0.644742 7.86427e-05 1
0.645522 8.9876e-05 1
0.646301 0.000102629 2
0.647081 0.000116928 2
0.647861 0.00013267 2
0.64864 0.00014969 3
0.64942 0.000167784 3
0.650199 0.00018673 4
0.650979 0.000203615 5
0.651758 0.000223895 3
0.652538 0.000246618 3
0.653318 0.000271229 3
0.654097 0.000297233 3
0.654877 0.000323911 2
0.655656 0.000350248 3
0.656436 0.000374875 4
0.657215 0.000396737 3
0.657995 0.000415182 3
0.658775 0.000429475 3
0.659554 0.00043984 3
0.660334 0.000446828 2
0.661113 0.000450834 2
0.661893 0.000452335 3
0.662672 0.000451782 3
0.663452 0.000449657 2
0.664232 0.000446353 2
0.665011 0.000442241 2
0.665791 0.000437616 2
0.66657 0.000432593 2
0.66735 0.000426913 2
0.668129 0.000420417 2
0.668909 0.000412731 2
0.669689 0.000403522 2
0.670468 0.000392939 2
0.671248 0.00036362 4
0.672027 0.000333837 3
0.672807 0.000303005 3
0.673586 0.000271188 3
0.674366 0.000239011 2
0.675146 0.00020731 2
0.675925 0.000176925 2
0.676705 0.000148641 3
0.677484 0.000123244 4
0.678264 0.000101507 3
0.679043 8.40754e-05 1
0.679823 7.126e-05 1
0.680603 6.29651e-05 2
0.681382 5.87496e-05 2
0.682162 5.8046e-05 2
0.682941 6.03575e-05 2
0.683721 6.52946e-05 4
0.6845 7.25577e-05 3
0.68528 8.18484e-05 3
0.68606 9.29602e-05 1
0.686839 0.000105766 2
0.687619 0.000120193 2
0.688398 0.000136025 2
0.689178 0.000152985 3
0.689958 0.000170757 3
0.690737 0.000189282 3
0.691517 0.000208611 3
0.692296 0.000228999 3
0.693076 0.000250677 1
0.693855 0.000272091 4
0.694635 0.000296953 3
0.695415 0.000323207 3
0.696194 0.000349791 3
0.696974 0.000375359 3
0.697753 0.000398614 3
0.698533 0.000418587 3
0.699312 0.000434417 3
0.700092 0.000445467 3
0.700872 0.000451605 3
0.701651 0.000453476 3
0.702431 0.000452263 3
0.70321 0.000448737 3
0.70399 0.000443003 3
0.704769 0.000434929 2
0.705549 0.000424553 4
0.706329 0.000412369 2
0.707108 0.000398875 2
0.707888 0.000384682 2
0.708667 0.000370059 2
0.709447 0.000355516 4
0.710226 0.000341701 2
0.711006 0.000328812 2
0.711786 0.000316682 2
0.712565 0.000287254 4
0.713345 0.000258063 3
0.714124 0.000228346 2
0.714904 0.000197863 3
0.715683 0.000167393 3
0.716463 0.000138435 2
0.717243 0.000112617 3
0.718022 9.1109e-05 3
0.718802 7.47087e-05 3
0.719581 6.36774e-05 3
0.720361 5.76728e-05 3
0.72114 5.60905e-05 3
0.72192 5.78001e-05 2
0.7227 6.18731e-05 2
0.723479 6.80292e-05 1
0.724259 7.57009e-05 1
0.725038 8.44937e-05 1
0.725818 9.43992e-05 1
0.726597 0.000105543 2
0.727377 0.00011806 2
0.728157 0.000132007 2
0.728936 0.000147354 3
0.729716 0.000164005 4
0.730495 0.000181819 3
0.731275 0.000199201 5
0.732054 0.000219752 3
0.732834 0.000242562 3
0.733614 0.000266992 3
0.734393 0.000292481 3
0.735173 0.000318266 2
0.735952 0.000343178 3
0.736732 0.000366142 4
0.737512 0.000386383 3
0.738291 0.000403274 3
0.739071 0.000416144 3
0.73985 0.00042541 3
0.74063 0.000431635 2
0.741409 0.000435241 2
0.742189 0.000436646 3
0.742969 0.000436332 3
0.743748 0.000434753 2
0.744528 0.000432316 2
0.745307 0.00042933 2
0.746087 0.000426024 2
0.746866 0.000422124 2
0.747646 0.000417508 2
0.748426 0.000411867 2
0.749205 0.000404715 2
0.749985 0.000395658 2
0.750764 0.000384686 2
0.751544 0.000372295 2
0.752323 0.0003586 3
0.753103 0.000325941 5
0.753883 0.000293621 3
0.754662 0.000261275 4
0.755442 0.000229205 3
0.756221 0.000198255 3
0.757001 0.000169472 4
0.75778 0.000143793 3
0.75856 0.000121902 3
0.75934 0.000104185 3
0.760119 9.07816e-05 3
0.760899 8.1599e-05 3
0.761678 7.62903e-05 2
0.762458 7.43781e-05 2
0.763237 7.53242e-05 4
0.764017 7.86882e-05 3
0.764797 8.41305e-05 3
0.765576 9.14251e-05 3
0.766356 0.000100434 3
0.767135 0.000111139 1
0.767915 0.000123472 2
0.768694 0.000137383 2
0.769474 0.000152739 3
0.770254 0.000169404 3
0.771033 0.000187139 3
0.771813 0.000205961 3
0.772592 0.000225813 3
0.773372 0.000246724 1
0.774151 0.000268308 4
0.774931 0.000292573 3
0.775711 0.000318191 3
0.77649 0.000343525 3
0.77727 0.000367975 3
0.778049 0.000390124 3
0.778829 0.000408902 3
0.779608 0.000423685 3
0.780388 0.000433813 3
0.781168 0.000439271 3
0.781947 0.000440879 3
0.782727 0.000439525 3
0.783506 0.000435944 3
0.784286 0.000430409 3
0.785065 0.00042281 3
0.785845 0.000413331 5
0.786625 0.00040231 3
0.787404 0.00038989 3
0.788184 0.000376546 2
0.788963 0.00036311 4
0.789743 0.000349916 3
0.790523 0.000337151 2
0.791302 0.000324893 2
0.792082 0.00031322 2
0.792861 0.000284845 4
0.793641 0.000256804 3
0.79442 0.000228363 2
0.7952 0.000199363 3
0.79598 0.000170614 3
0.796759 0.000143638 2
0.797539 0.00011989 3
0.798318 0.000100513 3
0.799098 8.59768e-05 3
0.799877 7.60588e-05 3
0.800657 7.04359e-05 3
0.801437 6.83551e-05 3
0.802216 6.91937e-05 2
0.802996 7.27972e-05 2
0.803775 7.82808e-05 1
0.804555 8.48758e-05 3
0.805334 9.22896e-05 1
0.806114 0.000100615 3
0.806894 0.000110107 2
0.807673 0.000121003 2
0.808453 0.000133471 2
0.809232 0.000147566 3
0.810012 0.000163251 4
0.810791 0.000179393 5
0.811571 0.000198948 3
0.812351 0.000220924 3
0.81313 0.000244649 3
0.81391 0.000269545 3
0.814689 0.000294894 2
0.815469 0.00031967 2
0.816248 0.000342926 4
0.817028 0.000363997 3
0.817808 0.000382276 3
0.818587 0.000397276 3
0.819367 0.000408557 3
0.820146 0.000416673 3
0.820926 0.000422308 2
0.821705 0.000425822 2
0.822485 0.000427563 3
0.823265 0.000427863 3
0.824044 0.000427146 3
0.824824 0.000425765 3
0.825603 0.000424022 2
0.826383 0.000422004 2
0.827162 0.000419419 2
0.827942 0.000415722 2
0.828722 0.00041045 2
0.829501 0.000403103 2
0.830281 0.000393603 2
0.83106 0.000382339 2
0.83184 0.000369416 3
0.832619 0.000355005 3
0.833399 0.000339508 3
0.834179 0.00032349 3
0.834958 0.000289557 5
0.835738 0.000257365 3
0.836517 0.000226909 5
0.837297 0.000198509 3
0.838077 0.000172831 3
0.838856 0.000150538 2
0.839636 0.000132052 2
0.840415 0.000117476 2
0.841195 0.000106716 3
0.841974 9.95316e-05 4
0.842754 9.55996e-05 3
0.843534 9.45169e-05 3
0.844313 9.5834e-05 3
0.845093 9.91849e-05 2
0.845872 0.000104324 2
0.846652 0.000111175 2
0.847431 0.000119783 2
0.848211 0.000130201 2
0.848991 0.000142489 3
0.84977 0.000156584 3
0.85055 0.000172377 3
0.851329 0.000189666 3
0.852109 0.000208235 3
0.852888 0.000227785 3
0.853668 0.000248446 5
0.854448 0.000271757 3
0.855227 0.000296296 3
0.856007 0.000321262 3
0.856786 0.000345859 3
0.857566 0.000368927 3
0.858345 0.000389451 3
0.859125 0.000406466 3
0.859905 0.000419894 3
0.860684 0.000429058 3
0.861464 0.000433927 3
0.862243 0.0004352 3
0.863023 0.000434023 3
0.863802 0.000430774 3
0.864582 0.000425715 3
0.865362 0.000418965 3
0.866141 0.000410792 3
0.866921 0.000401488 3
0.8677 0.000390798 3
0.86848 0.000379099 3
0.869259 0.000367183 3
0.870039 0.000355275 3
0.870819 0.00034328 3
0.871598 0.000331196 3
0.872378 0.00031908 3
0.873157 0.000307093 2
0.873937 0.000277413 5
0.874716 0.000248539 3
0.875496 0.000220242 3
0.876276 0.000192753 3
0.877055 0.000167048 3
0.877835 0.00014432 2
0.878614 0.00012544 3
0.879394 0.000110962 3
0.880173 0.000100867 3
0.880953 9.45861e-05 3
0.881733 9.15333e-05 3
0.882512 9.1208e-05 1
0.883292 9.26946e-05 2
0.884071 9.55084e-05 3
0.884851 9.9862e-05 3
0.88563 0.000105536 1
0.88641 0.000112428 3
0.88719 0.000120556 2
0.887969 0.000130017 3
0.888749 0.000140948 3
0.889528 0.000153506 4
0.890308 0.000168023 5
0.891088 0.00018606 3
0.891867 0.00020691 3
0.892647 0.00023004 3
0.893426 0.000254722 2
0.894206 0.000279993 2
0.894985 0.000304704 2
0.895765 0.000327973 4
0.896545 0.000349275 3
0.897324 0.000368246 3
0.898104 0.000384533 2
0.898883 0.000397589 2
0.899663 0.000407617 2
0.900442 0.000415243 3
0.901222 0.000420915 3
0.902002 0.000424897 2
0.902781 0.000427337 3
0.903561 0.000428546 3
0.90434 0.000428874 2
0.90512 0.000428661 2
0.905899 0.000428119 2
0.906679 0.000427218 2
0.907459 0.000425351 2
0.908238 0.000422029 2
0.909018 0.000416706 2
0.909797 0.000409152 2
0.910577 0.000399462 2
0.911356 0.000387667 2
0.912136 0.000373889 3
0.912916 0.000358565 3
0.913695 0.000342319 3
0.914475 0.000325894 3
0.915254 0.000309991 2
0.916034 0.000295254 1
0.916813 0.000264074 5
0.917593 0.000236115 2
0.918373 0.000211057 3
0.919152 0.000188798 3
0.919932 0.000169546 3
0.920711 0.000153633 2
0.921491 0.00014116 4
0.92227 0.000131894 3
0.92305 0.000125485 3
0.92383 0.000121668 3
0.924609 0.000120248 1
0.925389 0.00012105 1
0.926168 0.000123901 2
0.926948 0.00012865 2
0.927727 0.000135249 2
0.928507 0.000143815 2
0.929287 0.000154478 2
0.930066 0.000167287 1
0.930846 0.000182113 1
0.931625 0.000198684 3
0.932405 0.000216627 3
0.933184 0.000235412 3
0.933964 0.000256112 5
0.934744 0.000278836 3
0.935523 0.00030229 3
0.936303 0.000325729 3
0.937082 0.000348197 3
0.937862 0.000368537 3
0.938642 0.000386343 3
0.939421 0.0004015 3
0.940201 0.000413753 3
0.94098 0.000422902 3
0.94176 0.000428362 3
0.942539 0.000431242 3
0.943319 0.00043188 3
0.944099 0.000430291 3
0.944878 0.000426754 3
0.945658 0.000420808 3
0.946437 0.00041271 3
0.947217 0.000403585 3
0.947996 0.000394451 3
0.948776 0.000385549 3
0.949556 0.000376209 2
0.950335 0.000365779 2
0.951115 0.000354696 2
0.951894 0.000343422 2
0.952674 0.000332082 3
0.953453 0.00032064 3
0.954233 0.000292991 5
0.955013 0.000265894 3
0.955792 0.000239399 3
0.956572 0.000214102 3
0.957351 0.000190954 3
0.958131 0.000170768 3
0.95891 0.000153921 3
0.95969 0.000140737 3
0.96047 0.000131103 3
0.961249 0.000124468 3
0.962029 0.000120273 1
0.962808 0.000118077 1
0.963588 0.000117169 2
0.964367 0.000117407 3
0.965147 0.000119314 1
0.965927 0.00012289 3
0.966706 0.00012799 2
0.967486 0.000134561 3
0.968265 0.000142634 3
0.969045 0.000152342 4
0.969824 0.000165293 5
0.970604 0.000181633 3
0.971384 0.000200846 2
0.972163 0.000222561 2
0.972943 0.000246075 2
0.973722 0.000270386 2
0.974502 0.000294428 4
0.975281 0.000317389 3
0.976061 0.000338704 3
0.976841 0.000358017 2
0.97762 0.000375064 2
0.9784 0.000389291 2
0.979179 0.000400871 2
0.979959 0.000410276 2
0.980738 0.00041791 3
0.981518 0.000424061 2
0.982298 0.000428797 2
0.983077 0.000432305 2
0.983857 0.000434868 2
0.984636 0.000436809 2
0.985416 0.000438265 2
0.986195 0.000439232 2
0.986975 0.00043941 2
0.987755 0.000438078 2
0.988534 0.000434441 2
0.989314 0.000428419 2
0.990093 0.000420125 2
0.990873 0.000409513 3
0.991653 0.000396686 3
0.992432 0.000382014 3
0.993212 0.000366123 3
0.993991 0.000349744 2
0.994771 0.000333583 2
0.99555 0.00031837 1
0.99633 0.00030464 4
0.99711 0.000292844 2
0.997889 0.000283181 2
0.998669 0.000257456 5
0.999448 0.000235293 2
