0.609375 0.291283
0.604793 0.296875

0.603668 0.296875
0.604406 0.3125

0.605992 0.3125
0.609375 0.316354

0.609375 0.294548
0.625 0.282725

0.609375 0.314472
0.625 0.324861

0.640625 0.281105
0.640004 0.28125

0.625 0.284501
0.638917 0.28125

0.625 0.32115
0.640625 0.325666

0.65625 0.281
0.651317 0.28125

0.640625 0.281697
0.649431 0.28125

0.640625 0.326761
0.646869 0.328125

0.645251 0.328125
0.65625 0.330528

0.65625 0.281098
0.671875 0.281122

0.65625 0.329577
0.671875 0.330894

0.671989 0.28125
0.6875 0.281521

0.671875 0.330874
0.6875 0.33179

0.6875 0.281537
0.703125 0.281777

0.6875 0.331853
0.703125 0.33228

0.703125 0.281774
0.71875 0.281954

0.703125 0.332236
0.71875 0.332139

0.71875 0.281962
0.734375 0.282071

0.71875 0.332096
0.734375 0.331651

0.734375 0.282087
0.75 0.282078

0.734375 0.331617
0.75 0.330979

0.75 0.282083
0.765625 0.281913

0.75 0.330949
0.765625 0.330244

0.765625 0.28191
0.78125 0.281573

0.765625 0.330234
0.78125 0.329541

0.796875 0.281207
0.795299 0.28125

0.78125 0.281502
0.790508 0.28125

0.78125 0.329549
0.796875 0.328873

0.796875 0.281142
0.8125 0.280639

0.796875 0.328843
0.8125 0.328228

0.8125 0.280654
0.828125 0.279981

0.828125 0.327665
0.818226 0.328125

0.8125 0.328139
0.812807 0.328125

0.828125 0.279999
0.84375 0.279092

0.828125 0.327799
0.84375 0.32637

0.84375 0.279083
0.859375 0.277923

0.84375 0.326196
0.859375 0.324045

0.859375 0.277923
0.875 0.276526

0.859375 0.323876
0.875 0.321688

0.875 0.276523
0.890625 0.274897

0.875 0.321634
0.890625 0.319855

0.890625 0.274918
0.90625 0.273028

0.890625 0.31988
0.90625 0.318567

0.90625 0.272976
0.921875 0.270883

0.90625 0.31858
0.921875 0.317657

0.921875 0.27077
0.9375 0.268804

0.921875 0.317648
0.9375 0.317108

0.9375 0.268957
0.953125 0.267035

0.9375 0.31712
0.953125 0.316958

0.96875 0.26449
0.962276 0.265625

0.953125 0.267364
0.96304 0.265625

0.953125 0.317006
0.96875 0.317099

0.96875 0.264499
0.984375 0.260534

0.96875 0.317114
0.984375 0.317337

0.984375 0.260966
1 0.255058

0.984375 0.317392
1 0.317604

1.01562 0.245421
1.00887 0.25

1 0.255754
1.00918 0.25

1 0.317707
1.01562 0.317593

1.03125 0.225099
1.0259 0.234375

1.01562 0.246033
1.02648 0.234375

1.01562 0.317689
1.03125 0.316854

1.03919 0
1.03922 0.015625

1.03922 0.015625
1.03931 0.03125

1.03931 0.03125
1.03948 0.046875

1.03947 0.046875
1.03972 0.0625

1.03972 0.0625
1.04005 0.078125

1.04005 0.078125
1.04046 0.09375

1.04047 0.09375
1.04095 0.109375

1.04097 0.109375
1.04149 0.125

1.04152 0.125
1.04199 0.140625

1.04204 0.140625
1.04229 0.15625

1.04236 0.15625
1.04212 0.171875

1.04222 0.171875
1.04113 0.1875

1.0413 0.1875
1.03881 0.203125

1.03912 0.203125
1.03428 0.21875

1.03125 0.225136
1.03473 0.21875

1.03125 0.316812
1.04688 0.315145

1.04688 0.31502
1.0625 0.312853

1.07812 0.310295
1.06521 0.3125

1.0625 0.31305
1.06572 0.3125

1.07812 0.31029
1.09375 0.306908

1.09375 0.306913
1.10938 0.302852

1.10938 0.302829
1.125 0.298127

1.14062 0.292707
1.12879 0.296875

1.125 0.298288
1.12901 0.296875

1.14062 0.29262
1.15625 0.286332

1.17188 0.279409
1.16785 0.28125

1.15625 0.286445
1.16761 0.28125

1.17188 0.279211
1.1875 0.271151

1.20312 0.262381
1.19754 0.265625

1.1875 0.27124
1.19716 0.265625

1.20312 0.262154
1.21875 0.251899

1.23438 0.240526
1.22149 0.25

1.21875 0.251974
1.22158 0.25

1.25 0.227659
1.24194 0.234375

1.23438 0.240318
1.24179 0.234375

1.26562 0.212851
1.25961 0.21875

1.25 0.227303
1.25933 0.21875

1.28125 0.195785
1.27491 0.203125

1.26562 0.212599
1.2746 0.203125

1.29688 0.175904
1.28817 0.1875

1.28125 0.195577
1.28789 0.1875

1.3125 0.152388
1.31027 0.15625

1.31007 0.15625
1.29978 0.171875

1.29688 0.175775
1.29965 0.171875

1.32812 0.122293
1.32696 0.125

1.32684 0.125
1.31904 0.140625

1.3125 0.151904
1.319 0.140625

1.34375 0.0786725
1.33919 0.09375

1.33919 0.09375
1.33351 0.109375

1.32812 0.121907
1.3335 0.109375

1.35431 0
1.35389 0.015625

1.35388 0.015625
1.35265 0.03125

1.35266 0.03125
1.35059 0.046875

1.35059 0.046875
1.34768 0.0625

1.3477 0.0625
1.34391 0.078125

1.34375 0.0786046
1.3439 0.078125

