0.91191 0
0.91196 0.015625

0.911959 0.015625
0.912109 0.03125

0.912108 0.03125
0.912361 0.046875

0.912359 0.046875
0.912722 0.0625

0.91272 0.0625
0.913202 0.078125

0.913198 0.078125
0.913809 0.09375

0.913804 0.09375
0.91456 0.109375

0.914556 0.109375
0.915477 0.125

0.915469 0.125
0.91658 0.140625

0.916572 0.140625
0.917903 0.15625

0.917895 0.15625
0.919479 0.171875

0.919466 0.171875
0.921343 0.1875

0.921306 0.1875
0.921875 0.191461

0.921875 0.191347
0.923567 0.203125

0.92354 0.203125
0.926249 0.21875

0.926229 0.21875
0.929488 0.234375

0.929474 0.234375
0.93335 0.25

0.93323 0.25
0.9375 0.264035

0.9375 0.263938
0.938013 0.265625

0.937945 0.265625
0.943895 0.28125

0.943684 0.28125
0.951333 0.296875

0.950654 0.296875
0.953125 0.300906

0.953125 0.300026
0.961672 0.3125

0.96107 0.3125
0.96875 0.320974

0.96875 0.320721
0.97826 0.328125

0.976934 0.328125
0.984375 0.333106

0.984375 0.332167
1 0.338835

1 0.338812
1.01562 0.341975

1.01562 0.341908
1.03125 0.341746

1.03125 0.341527
1.04688 0.338615

1.04688 0.338487
1.0625 0.333518

1.07812 0.326818
1.07513 0.328125

1.0625 0.333516
1.07487 0.328125

1.07812 0.32656
1.09375 0.318212

1.10938 0.30874
1.10338 0.3125

1.09375 0.3182
1.10284 0.3125

1.10938 0.308405
1.125 0.297199

1.14062 0.284823
1.12544 0.296875

1.125 0.297218
1.12545 0.296875

1.15625 0.271167
1.14479 0.28125

1.14062 0.284665
1.14466 0.28125

1.17188 0.255942
1.16207 0.265625

1.15625 0.270884
1.16184 0.265625

1.1875 0.239005
1.17762 0.25

1.17188 0.255711
1.17736 0.25

1.20312 0.220276
1.19162 0.234375

1.1875 0.238883
1.19142 0.234375

1.21875 0.199141
1.21608 0.203125

1.21588 0.203125
1.20431 0.21875

1.20312 0.220215
1.20427 0.21875

1.23438 0.174316
1.22641 0.1875

1.21875 0.198733
1.22631 0.1875

1.25 0.144468
1.24431 0.15625

1.24424 0.15625
1.23577 0.171875

1.23438 0.174214
1.23576 0.171875

1.26562 0.105268
1.26432 0.109375

1.26428 0.109375
1.25846 0.125

1.25842 0.125
1.25177 0.140625

1.25 0.14432
1.25178 0.140625

1.28125 0.0306558
1.28121 0.03125

1.28121 0.03125
1.27936 0.046875

1.27936 0.046875
1.27673 0.0625

1.27673 0.0625
1.27335 0.078125

1.27334 0.078125
1.2692 0.09375

1.26562 0.105062
1.26921 0.09375

1.28268 0
1.28231 0.015625

1.28125 0.0305741
1.28231 0.015625

kappa_offset_provider_stats evaluations=38643 clamp_hits=0 denominator_guard_hits=0 min_abs_denominator=0.87709769006363547 max_abs_d_over_h=0.50115390726252462 grad_samples=38643 grad_min=0.94174946333531429 grad_mean=0.99903516002434156 grad_std=0.010693185630680604 grad_max=1.0117159558875444
