0 0.00996391
0.0338878 0.00995781
0.0677756 0.00994068
0.101663 0.00991285
0.135551 0.00987481
0.169439 0.00982674
0.203327 0.00976845
0.237215 0.00970057
0.271102 0.00962326
0.30499 0.00953675
0.338878 0.00944121
0.372766 0.00933684
0.406653 0.00922377
0.440541 0.00910219
0.474429 0.00897227
0.508317 0.00883417
0.542205 0.0086881
0.576092 0.00853424
0.60998 0.00837278
0.643868 0.00820396
0.677756 0.00802801
0.711644 0.00784518
0.745531 0.00765575
0.779419 0.00745999
0.813307 0.00725813
0.847195 0.00705041
0.881082 0.00683706
0.91497 0.00661834
0.948858 0.00639452
0.982746 0.00616587
1.01663 0.00593264
1.05052 0.00569512
1.08441 0.00545356
1.1183 0.00520825
1.15218 0.00495943
1.18607 0.00470736
1.21996 0.00445231
1.25385 0.00419455
1.28774 0.00393435
1.32162 0.00367201
1.35551 0.0034078
1.3894 0.00314199
1.42329 0.00287483
1.45717 0.00260657
1.49106 0.00233747
1.52495 0.00206781
1.55884 0.00179787
1.59273 0.00152796
1.62661 0.00125835
1.6605 0.000989296
1.69439 0.000721059
1.72828 0.000453872
1.76216 0.000187953
1.79605 7.64162e-05
1.82994 0.000338898
1.86383 0.000599254
1.89772 0.000857266
1.9316 0.00111273
1.96549 0.00136542
1.99938 0.00161512
2.03327 0.00186162
2.06716 0.00210469
2.10104 0.00234411
2.13493 0.0025797
2.16882 0.00281126
2.20271 0.00303859
2.23659 0.00326152
2.27048 0.00347987
2.30437 0.00369346
2.33826 0.00390212
2.37215 0.00410568
2.40603 0.00430399
2.43992 0.00449692
2.47381 0.00468432
2.5077 0.00486605
2.54158 0.00504199
2.57547 0.00521202
2.60936 0.00537601
2.64325 0.00553385
2.67714 0.00568543
2.71102 0.00583063
2.74491 0.00596935
2.7788 0.00610151
2.81269 0.00622701
2.84657 0.00634578
2.88046 0.00645774
2.91435 0.00656282
2.94824 0.00666098
2.98213 0.00675216
3.01601 0.00683631
3.0499 0.00691341
3.08379 0.00698348
3.11768 0.00704646
3.15156 0.00710232
3.18545 0.00715106
3.21934 0.00719268
3.25323 0.00722719
3.28712 0.0072546
3.321 0.00727495
3.35489 0.00728826
3.38878 0.00729457
3.42267 0.00729394
3.45655 0.0072864
3.49044 0.00727201
3.52433 0.00725085
3.55822 0.00722298
3.59211 0.00718848
3.62599 0.00714743
3.65988 0.00709991
3.69377 0.00704602
3.72766 0.00698586
3.76154 0.00691952
3.79543 0.00684711
3.82932 0.00676878
3.86321 0.00668466
3.8971 0.00659483
3.93098 0.00649942
3.96487 0.00639854
3.99876 0.00629234
4.03265 0.00618095
4.06653 0.00606451
4.10042 0.00594315
4.13431 0.00581703
4.1682 0.00568631
4.20209 0.00555112
4.23597 0.00541164
4.26986 0.00526801
4.30375 0.00512039
4.33764 0.00496896
4.37152 0.00481387
4.40541 0.0046553
4.4393 0.00449343
4.47319 0.00432843
4.50708 0.00416049
4.54096 0.00398979
4.57485 0.0038165
4.60874 0.00364081
4.64263 0.00346289
4.67651 0.00328294
4.7104 0.00310115
4.74429 0.00291773
4.77818 0.00273286
4.81207 0.00254671
4.84595 0.00235944
4.87984 0.00217123
4.91373 0.00198227
4.94762 0.00179278
4.9815 0.00160298
5.01539 0.00141301
5.04928 0.00122313
5.08317 0.00103348
5.11706 0.000844217
5.15094 0.000655511
5.18483 0.00046756
5.21872 0.000280503
5.25261 9.4528e-05
5.28649 8.97683e-05
5.32038 0.000272906
5.35427 0.000454419
5.38816 0.000634153
5.42205 0.000811933
5.45593 0.000987596
5.48982 0.00116098
5.52371 0.00133192
5.5576 0.00150029
5.59149 0.00166595
5.62537 0.00182878
5.65926 0.00198864
5.69315 0.00214543
5.72704 0.00229901
5.76092 0.00244928
5.79481 0.00259611
5.8287 0.0027394
5.86259 0.00287903
5.89648 0.0030149
5.93036 0.00314691
5.96425 0.00327498
5.99814 0.00339901
6.03203 0.00351891
6.06591 0.0036346
6.0998 0.003746
6.13369 0.00385302
6.16758 0.0039556
6.20147 0.00405367
6.23535 0.00414716
6.26924 0.00423601
6.30313 0.00432017
6.33702 0.00439958
6.3709 0.00447423
6.40479 0.00454409
6.43868 0.00460908
6.47257 0.00466918
6.50646 0.00472434
6.54034 0.00477456
6.57423 0.00481981
6.60812 0.0048601
6.64201 0.0048954
6.67589 0.00492574
6.70978 0.0049511
6.74367 0.00497151
6.77756 0.00498698
6.81145 0.00499754
6.84533 0.0050032
6.87922 0.005004
6.91311 0.00499997
6.947 0.00499116
6.98088 0.00497761
7.01477 0.00495936
7.04866 0.00493647
7.08255 0.004909
7.11644 0.00487701
7.15032 0.00484056
7.18421 0.00479972
7.2181 0.00475457
7.25199 0.00470517
7.28587 0.00465162
7.31976 0.00459398
7.35365 0.00453235
7.38754 0.00446683
7.42143 0.00439752
7.45531 0.00432449
7.4892 0.00424783
7.52309 0.00416767
7.55698 0.00408408
7.59086 0.00399716
7.62475 0.00390702
7.65864 0.00381377
7.69253 0.00371752
7.72642 0.00361838
7.7603 0.00351645
7.79419 0.00341187
7.82808 0.00330474
7.86197 0.00319519
7.89585 0.00308334
7.92974 0.00296931
7.96363 0.00285321
7.99752 0.00273516
8.03141 0.00261528
8.06529 0.00249372
8.09918 0.00237062
8.13307 0.0022461
8.16696 0.00212033
8.20084 0.00199339
8.23473 0.00186542
8.26862 0.00173652
8.30251 0.00160681
8.3364 0.00147643
8.37028 0.00134554
8.40417 0.00121429
8.43806 0.00108282
8.47195 0.000951274
8.50583 0.000819774
8.53972 0.000688426
8.57361 0.000557335
8.6075 0.000426606
8.64139 0.000296356
8.67527 0.000166709
8.70916 3.78175e-05
8.74305 8.98874e-05
8.77694 0.000216829
8.81082 0.000342658
8.84471 0.000467261
8.8786 0.000590519
8.91249 0.000712339
8.94638 0.000832588
8.98026 0.000951156
9.01415 0.00106794
9.04804 0.00118286
9.08193 0.00129582
9.11582 0.00140673
9.1497 0.00151553
9.18359 0.00162212
9.21748 0.00172641
9.25137 0.00182832
9.28525 0.00192776
9.31914 0.00202467
9.35303 0.00211896
9.38692 0.00221058
9.42081 0.00229946
9.45469 0.00238554
9.48858 0.00246875
9.52247 0.00254903
9.55636 0.00262636
9.59024 0.00270065
9.62413 0.0027719
9.65802 0.00284001
9.69191 0.00290494
9.7258 0.00296664
9.75968 0.00302508
9.79357 0.00308021
9.82746 0.00313202
9.86135 0.00318047
9.89523 0.00322554
9.92912 0.00326721
9.96301 0.00330546
9.9969 0.00334028
10.0308 0.00337166
10.0647 0.00339958
10.0986 0.00342405
10.1324 0.00344506
10.1663 0.00346263
10.2002 0.00347676
10.2341 0.00348746
10.268 0.00349474
10.3019 0.00349863
10.3358 0.00349914
10.3697 0.0034963
10.4036 0.00349014
10.4374 0.00348069
10.4713 0.00346797
10.5052 0.00345204
10.5391 0.00343292
10.573 0.00341065
10.6069 0.00338529
10.6408 0.00335688
10.6747 0.00332547
10.7085 0.00329111
10.7424 0.00325385
10.7763 0.00321375
10.8102 0.00317088
10.8441 0.00312529
10.878 0.00307704
10.9119 0.00302619
10.9458 0.00297283
10.9796 0.00291702
11.0135 0.00285882
11.0474 0.0027983
11.0813 0.00273554
11.1152 0.00267061
11.1491 0.0026036
11.183 0.00253457
11.2169 0.00246362
11.2507 0.00239081
11.2846 0.00231624
11.3185 0.00223998
11.3524 0.00216214
11.3863 0.0020828
11.4202 0.00200207
11.4541 0.00191997
11.488 0.00183666
11.5218 0.00175218
11.5557 0.00166661
11.5896 0.00158005
11.6235 0.00149258
11.6574 0.00140431
11.6913 0.00131533
11.7252 0.00122576
11.7591 0.00113568
11.793 0.00104519
11.8268 0.00095434
11.8607 0.000863212
11.8946 0.000771883
11.9285 0.000680437
11.9624 0.000588973
11.9963 0.000497611
12.0302 0.000406454
12.0641 0.000315586
12.0979 0.000225098
12.1318 0.000135071
12.1657 4.55815e-05
12.1996 4.323e-05
12.2335 0.000131498
12.2674 0.000218964
12.3013 0.000305549
12.3352 0.000391178
12.369 0.000475786
12.4029 0.00055931
12.4368 0.000641691
12.4707 0.000722876
12.5046 0.000802778
12.5385 0.000881346
12.5724 0.000958543
12.6063 0.00103424
12.6401 0.00110842
12.674 0.001181
12.7079 0.00125195
12.7418 0.00132117
12.7757 0.00138863
12.8096 0.00145428
12.8435 0.00151806
12.8774 0.00157992
12.9112 0.00163984
12.9451 0.00169775
12.979 0.00175363
13.0129 0.00180743
13.0468 0.00185911
13.0807 0.00190864
13.1146 0.00195599
13.1485 0.00200113
13.1823 0.00204403
13.2162 0.00208466
13.2501 0.00212299
13.284 0.00215902
13.3179 0.00219272
13.3518 0.00222407
13.3857 0.00225305
13.4196 0.00227966
13.4535 0.00230389
13.4873 0.00232572
13.5212 0.00234516
13.5551 0.0023622
13.589 0.00237685
13.6229 0.00238911
13.6568 0.00239898
13.6907 0.00240647
13.7246 0.00241159
13.7584 0.00241436
13.7923 0.00241478
13.8262 0.00241288
13.8601 0.00240867
13.894 0.00240217
13.9279 0.00239341
13.9618 0.00238241
13.9957 0.0023692
14.0295 0.0023538
14.0634 0.00233625
14.0973 0.00231659
14.1312 0.00229484
14.1651 0.00227104
14.199 0.00224523
14.2329 0.00221745
14.2668 0.00218774
14.3006 0.00215615
14.3345 0.00212271
14.3684 0.00208747
14.4023 0.00205047
14.4362 0.00201178
14.4701 0.00197143
14.504 0.00192947
14.5379 0.00188596
14.5717 0.00184095
14.6056 0.00179449
14.6395 0.00174663
14.6734 0.00169744
14.7073 0.00164697
14.7412 0.00159526
14.7751 0.0015424
14.809 0.00148842
14.8429 0.00143339
14.8767 0.00137737
14.9106 0.00132043
14.9445 0.00126262
14.9784 0.00120403
15.0123 0.00114469
15.0462 0.00108468
15.0801 0.00102403
15.114 0.000962809
15.1478 0.000901077
15.1817 0.000838901
15.2156 0.000776356
15.2495 0.000713518
15.2834 0.000650459
15.3173 0.000587245
15.3512 0.00052394
15.3851 0.000460594
15.4189 0.000397259
15.4528 0.000333983
15.4867 0.000270818
15.5206 0.000207818
15.5545 0.000145045
15.5884 8.25617e-05
15.6223 2.04353e-05
15.6562 4.12103e-05
15.69 0.000102347
15.7239 0.000162975
15.7578 0.000223035
15.7917 0.000282454
15.8256 0.000341169
15.8595 0.00039913
15.8934 0.000456288
15.9273 0.000512594
15.9611 0.000567998
15.995 0.000622452
16.0289 0.000675912
16.0628 0.000728335
16.0967 0.000779682
16.1306 0.000829914
16.1645 0.000878993
16.1984 0.000926884
16.2323 0.000973549
16.2661 0.00101895
16.3 0.00106306
16.3339 0.00110585
16.3678 0.00114727
16.4017 0.00118731
16.4356 0.00122593
16.4695 0.00126311
16.5034 0.00129881
16.5372 0.00133302
16.5711 0.00136571
16.605 0.00139687
16.6389 0.00142646
16.6728 0.00145449
16.7067 0.00148092
16.7406 0.00150574
16.7745 0.00152895
16.8083 0.00155054
16.8422 0.00157048
16.8761 0.00158878
16.91 0.00160542
16.9439 0.00162041
16.9778 0.00163374
17.0117 0.00164542
17.0456 0.00165544
17.0794 0.00166379
17.1133 0.00167049
17.1472 0.00167554
17.1811 0.00167895
17.215 0.00168072
17.2489 0.00168087
17.2828 0.00167941
17.3167 0.00167635
17.3505 0.0016717
17.3844 0.00166548
17.4183 0.00165772
17.4522 0.00164842
17.4861 0.00163761
17.52 0.00162531
17.5539 0.00161154
17.5878 0.00159633
17.6216 0.0015797
17.6555 0.00156167
17.6894 0.00154228
17.7233 0.00152156
17.7572 0.00149952
17.7911 0.00147621
17.825 0.00145166
17.8589 0.00142589
17.8928 0.00139894
17.9266 0.00137084
17.9605 0.00134163
17.9944 0.00131135
18.0283 0.00128003
18.0622 0.00124771
18.0961 0.00121442
18.13 0.00118021
18.1639 0.00114512
18.1977 0.00110918
18.2316 0.00107243
18.2655 0.00103492
18.2994 0.000996686
18.3333 0.000957772
18.3672 0.000918219
18.4011 0.00087807
18.435 0.000837368
18.4688 0.000796155
18.5027 0.000754471
18.5366 0.00071236
18.5705 0.000669862
18.6044 0.000627022
18.6383 0.000583886
18.6722 0.000540503
18.7061 0.000496917
18.7399 0.000453173
18.7738 0.000409314
18.8077 0.000365383
18.8416 0.00032142
18.8755 0.000277467
18.9094 0.000233562
18.9433 0.000189745
18.9772 0.000146055
19.011 0.000102537
19.0449 5.92328e-05
19.0788 1.61852e-05
19.1127 2.64923e-05
19.1466 6.89085e-05
19.1805 0.000110938
19.2144 0.000152543
19.2483 0.000193691
19.2822 0.000234349
19.316 0.000274487
19.3499 0.000314072
19.3838 0.000353072
19.4177 0.000391453
19.4516 0.000429182
19.4855 0.000466227
19.5194 0.000502556
19.5533 0.000538141
19.5871 0.000572951
19.621 0.000606958
19.6549 0.000640135
19.6888 0.000672457
19.7227 0.000703898
19.7566 0.000734436
19.7905 0.00076405
19.8244 0.000792719
19.8582 0.000820422
19.8921 0.000847139
19.926 0.000872853
19.9599 0.000897545
19.9938 0.000921198
20.0277 0.000943796
20.0616 0.000965326
20.0955 0.000985774
20.1293 0.00100513
20.1632 0.00102338
20.1971 0.00104052
20.231 0.00105653
20.2649 0.00107142
20.2988 0.00108517
20.3327 0.00109777
20.3666 0.00110924
20.4004 0.00111955
20.4343 0.00112871
20.4682 0.00113673
20.5021 0.00114359
20.536 0.00114929
20.5699 0.00115386
20.6038 0.00115728
20.6377 0.00115956
20.6716 0.0011607
20.7054 0.00116073
20.7393 0.00115963
20.7732 0.00115743
20.8071 0.00115414
20.841 0.00114975
20.8749 0.0011443
20.9088 0.00113778
20.9427 0.00113022
20.9765 0.00112162
21.0104 0.00111201
21.0443 0.00110139
21.0782 0.0010898
21.1121 0.00107724
21.146 0.00106373
21.1799 0.0010493
21.2138 0.00103397
21.2476 0.00101775
21.2815 0.00100067
21.3154 0.000982752
21.3493 0.000964018
21.3832 0.000944492
21.4171 0.000924197
21.451 0.00090316
21.4849 0.000881404
21.5187 0.000858957
21.5526 0.000835844
21.5865 0.000812093
21.6204 0.00078773
21.6543 0.000762784
21.6882 0.000737282
21.7221 0.000711253
21.756 0.000684726
21.7898 0.000657729
21.8237 0.000630293
21.8576 0.000602447
21.8915 0.000574221
21.9254 0.000545644
21.9593 0.000516746
21.9932 0.000487554
22.0271 0.000458098
22.061 0.000428408
22.0948 0.000398525
22.1287 0.000368472
22.1626 0.000338277
22.1965 0.000307968
22.2304 0.000277573
22.2643 0.000247126
22.2982 0.000216674
22.3321 0.00018623
22.3659 0.000155824
22.3998 0.000125483
22.4337 9.52357e-05
22.4676 6.51186e-05
22.5015 3.51777e-05
22.5354 5.41063e-06
22.5693 2.41543e-05
22.6032 5.34942e-05
22.637 8.25726e-05
22.6709 0.000111371
22.7048 0.00013986
22.7387 0.000168011
22.7726 0.000195794
22.8065 0.000223184
22.8404 0.000250155
22.8743 0.000276688
22.9081 0.000302769
22.942 0.000328372
22.9759 0.000353478
23.0098 0.000378068
23.0437 0.000402123
23.0776 0.000425621
23.1115 0.000448545
23.1454 0.000470876
23.1792 0.000492596
23.2131 0.000513689
23.247 0.00053414
23.2809 0.000553934
23.3148 0.000573058
23.3487 0.000591497
23.3826 0.00060924
23.4165 0.000626273
23.4503 0.000642585
23.4842 0.000658165
23.5181 0.000673003
23.552 0.00068709
23.5859 0.000700417
23.6198 0.000712976
23.6537 0.000724762
23.6876 0.000735767
23.7215 0.000745988
23.7553 0.000755419
23.7892 0.000764059
23.8231 0.000771904
23.857 0.000778953
23.8909 0.000785205
23.9248 0.000790661
23.9587 0.00079532
23.9926 0.000799183
24.0264 0.000802254
24.0603 0.000804534
24.0942 0.000806027
24.1281 0.000806737
24.162 0.000806669
24.1959 0.000805827
24.2298 0.000804219
24.2637 0.000801851
24.2975 0.00079873
24.3314 0.000794866
24.3653 0.000790267
24.3992 0.000784943
24.4331 0.000778905
24.467 0.000772163
24.5009 0.00076473
24.5348 0.000756617
24.5686 0.000747837
24.6025 0.000738404
24.6364 0.000728332
24.6703 0.000717634
24.7042 0.000706325
24.7381 0.00069442
24.772 0.000681936
24.8059 0.000668888
24.8397 0.000655293
24.8736 0.000641167
24.9075 0.000626528
24.9414 0.000611393
24.9753 0.000595781
