0 0.00985624
0.0338878 0.00984994
0.0677756 0.00983291
0.101663 0.00980508
0.135551 0.00976738
0.169439 0.00972001
0.203327 0.00966311
0.237215 0.00959682
0.271102 0.0095213
0.30499 0.0094367
0.338878 0.00934318
0.372766 0.00924089
0.406653 0.00913
0.440541 0.00901067
0.474429 0.00888308
0.508317 0.0087474
0.542205 0.00860381
0.576092 0.00845249
0.60998 0.00829364
0.643868 0.00812567
0.677756 0.0079507
0.711644 0.0077688
0.745531 0.00758032
0.779419 0.00738536
0.813307 0.00718428
0.847195 0.00697719
0.881082 0.00676449
0.91497 0.0065463
0.948858 0.00632304
0.982746 0.00609483
1.01663 0.00586211
1.05052 0.00562503
1.08441 0.00538405
1.1183 0.00513929
1.15218 0.00489126
1.18607 0.00464007
1.21996 0.00438622
1.25385 0.0041298
1.28774 0.00387129
1.32162 0.00361076
1.35551 0.00334863
1.3894 0.00308494
1.42329 0.00282011
1.45717 0.00255416
1.49106 0.0022875
1.52495 0.00202018
1.55884 0.00175261
1.59273 0.00148486
1.62661 0.00121736
1.6605 0.000950192
1.69439 0.000683791
1.72828 0.000418245
1.76216 0.000153977
1.79605 0.000109076
1.82994 0.000370095
1.86383 0.000628899
1.89772 0.00088542
1.9316 0.00113929
1.96549 0.00139044
1.99938 0.00163854
2.03327 0.00188352
2.06716 0.0021251
2.10104 0.00236318
2.13493 0.00259751
2.16882 0.00282798
2.20271 0.00305432
2.23659 0.0032764
2.27048 0.00349397
2.30437 0.00370688
2.33826 0.00391488
2.37215 0.00411781
2.40603 0.00431548
2.43992 0.00450774
2.47381 0.00469441
2.5077 0.00487539
2.54158 0.00505052
2.57547 0.00521971
2.60936 0.00538284
2.64325 0.00553981
2.67714 0.00569054
2.71102 0.00583492
2.74491 0.00597288
2.7788 0.00610434
2.81269 0.00622922
2.84657 0.00634743
2.88046 0.00645894
2.91435 0.00656364
2.94824 0.00666152
2.98213 0.00675251
3.01601 0.00683658
3.0499 0.00691367
3.08379 0.00698377
3.11768 0.00704683
3.15156 0.00710285
3.18545 0.00715182
3.21934 0.00719374
3.25323 0.0072286
3.28712 0.00725643
3.321 0.00727724
3.35489 0.00729107
3.38878 0.00729795
3.42267 0.00729794
3.45655 0.00729108
3.49044 0.00727741
3.52433 0.00725703
3.55822 0.00722997
3.59211 0.00719634
3.62599 0.00715617
3.65988 0.00710957
3.69377 0.0070566
3.72766 0.00699736
3.76154 0.00693194
3.79543 0.00686045
3.82932 0.00678296
3.86321 0.00669962
3.8971 0.0066105
3.93098 0.00651577
3.96487 0.0064155
3.99876 0.00630989
4.03265 0.006199
4.06653 0.00608303
4.10042 0.00596204
4.13431 0.00583625
4.1682 0.00570571
4.20209 0.00557067
4.23597 0.00543118
4.26986 0.00528748
4.30375 0.00513964
4.33764 0.00498793
4.37152 0.00483241
4.40541 0.00467336
4.4393 0.00451087
4.47319 0.00434523
4.50708 0.00417651
4.54096 0.00400501
4.57485 0.00383082
4.60874 0.00365423
4.64263 0.00347532
4.67651 0.00329441
4.7104 0.00311155
4.74429 0.00292707
4.77818 0.00274102
4.81207 0.00255371
4.84595 0.00236519
4.87984 0.00217577
4.91373 0.0019855
4.94762 0.00179468
4.9815 0.00160338
5.01539 0.00141189
5.04928 0.00122028
5.08317 0.00102885
5.11706 0.000837687
5.15094 0.000647134
5.18483 0.000457215
5.21872 0.000268222
5.25261 8.02349e-05
5.28649 0.000106601
5.32038 0.000291675
5.35427 0.000475073
5.38816 0.000656544
5.42205 0.000836032
5.45593 0.00101331
5.48982 0.00118833
5.52371 0.00136088
5.5576 0.00153103
5.59149 0.00169857
5.62537 0.00186332
5.65926 0.0020251
5.69315 0.00218381
5.72704 0.00233927
5.76092 0.00249139
5.79481 0.00263999
5.8287 0.00278497
5.86259 0.00292619
5.89648 0.00306356
5.93036 0.003197
5.96425 0.00332637
5.99814 0.00345159
6.03203 0.00357262
6.06591 0.00368941
6.0998 0.00380184
6.13369 0.00390985
6.16758 0.00401339
6.20147 0.0041124
6.23535 0.00420685
6.26924 0.00429667
6.30313 0.00438182
6.33702 0.00446223
6.3709 0.00453788
6.40479 0.00460872
6.43868 0.0046747
6.47257 0.0047358
6.50646 0.00479199
6.54034 0.00484323
6.57423 0.0048895
6.60812 0.00493078
6.64201 0.00496707
6.67589 0.00499835
6.70978 0.00502463
6.74367 0.0050459
6.77756 0.00506219
6.81145 0.00507349
6.84533 0.00507983
6.87922 0.00508126
6.91311 0.00507778
6.947 0.00506943
6.98088 0.00505625
7.01477 0.0050383
7.04866 0.00501566
7.08255 0.00498836
7.11644 0.00495647
7.15032 0.00492004
7.18421 0.00487915
7.2181 0.00483385
7.25199 0.00478423
7.28587 0.00473035
7.31976 0.00467231
7.35365 0.00461016
7.38754 0.00454402
7.42143 0.00447396
7.45531 0.00440008
7.4892 0.00432246
7.52309 0.00424124
7.55698 0.00415647
7.59086 0.00406829
7.62475 0.00397678
7.65864 0.00388208
7.69253 0.00378427
7.72642 0.00368351
7.7603 0.00357982
7.79419 0.00347341
7.82808 0.00336434
7.86197 0.00325276
7.89585 0.00313875
7.92974 0.0030225
7.96363 0.00290407
7.99752 0.00278367
8.03141 0.00266136
8.06529 0.00253736
8.09918 0.00241172
8.13307 0.00228465
8.16696 0.00215624
8.20084 0.00202668
8.23473 0.00189596
8.26862 0.00176429
8.30251 0.00163175
8.3364 0.00149861
8.37028 0.00136488
8.40417 0.00123075
8.43806 0.00109631
8.47195 0.00096174
8.50583 0.000827114
8.53972 0.000692617
8.57361 0.000558316
8.6075 0.000424391
8.64139 0.000290906
8.67527 0.000158032
8.70916 2.58393e-05
8.74305 0.000106203
8.77694 0.000236393
8.81082 0.000365412
8.84471 0.000493153
8.8786 0.000619535
8.91249 0.000744422
8.94638 0.000867764
8.98026 0.000989432
9.01415 0.0011094
9.04804 0.00122753
9.08193 0.00134369
9.11582 0.00145775
9.1497 0.00156961
9.18359 0.00167914
9.21748 0.00178627
9.25137 0.00189087
9.28525 0.0019929
9.31914 0.00209227
9.35303 0.0021889
9.38692 0.00228276
9.42081 0.00237379
9.45469 0.00246192
9.48858 0.00254711
9.52247 0.00262932
9.55636 0.00270848
9.59024 0.00278454
9.62413 0.00285745
9.65802 0.00292716
9.69191 0.00299363
9.7258 0.0030568
9.75968 0.00311665
9.79357 0.00317313
9.82746 0.00322623
9.86135 0.0032759
9.89523 0.00332213
9.92912 0.0033649
9.96301 0.00340419
9.9969 0.00343999
10.0308 0.00347229
10.0647 0.00350108
10.0986 0.00352635
10.1324 0.00354811
10.1663 0.00356635
10.2002 0.00358108
10.2341 0.00359229
10.268 0.00360004
10.3019 0.00360429
10.3358 0.00360508
10.3697 0.00360241
10.4036 0.0035963
10.4374 0.00358679
10.4713 0.00357389
10.5052 0.00355766
10.5391 0.00353817
10.573 0.00351543
10.6069 0.00348949
10.6408 0.00346038
10.6747 0.00342815
10.7085 0.00339287
10.7424 0.00335458
10.7763 0.00331333
10.8102 0.00326919
10.8441 0.00322222
10.878 0.00317248
10.9119 0.00312005
10.9458 0.00306497
10.9796 0.00300734
11.0135 0.00294722
11.0474 0.0028847
11.0813 0.00281983
11.1152 0.00275273
11.1491 0.00268343
11.183 0.00261205
11.2169 0.00253864
11.2507 0.0024633
11.2846 0.00238609
11.3185 0.00230712
11.3524 0.00222643
11.3863 0.00214416
11.4202 0.00206036
11.4541 0.00197516
11.488 0.00188863
11.5218 0.00180092
11.5557 0.00171211
11.5896 0.00162231
11.6235 0.00153157
11.6574 0.00144001
11.6913 0.00134768
11.7252 0.0012547
11.7591 0.0011611
11.793 0.00106703
11.8268 0.000972525
11.8607 0.000877721
11.8946 0.000782681
11.9285 0.000687588
11.9624 0.000592574
11.9963 0.000497649
12.0302 0.000402869
12.0641 0.000308353
12.0979 0.000214153
12.1318 0.000120389
12.1657 2.71138e-05
12.1996 6.67365e-05
12.2335 0.000158575
12.2674 0.000249552
12.3013 0.000339574
12.3352 0.000428594
12.369 0.000516531
12.4029 0.000603346
12.4368 0.000689221
12.4707 0.000774046
12.5046 0.000857565
12.5385 0.000939707
12.5724 0.00102036
12.6063 0.00109945
12.6401 0.00117688
12.674 0.00125259
12.7079 0.00132649
12.7418 0.00139853
12.7757 0.00146865
12.8096 0.00153681
12.8435 0.00160297
12.8774 0.0016671
12.9112 0.00172916
12.9451 0.00178911
12.979 0.00184693
13.0129 0.00190258
13.0468 0.00195603
13.0807 0.00200726
13.1146 0.00205623
13.1485 0.00210291
13.1823 0.00214728
13.2162 0.0021893
13.2501 0.00222896
13.284 0.00226624
13.3179 0.0023011
13.3518 0.00233354
13.3857 0.00236354
13.4196 0.00239107
13.4535 0.00241614
13.4873 0.00243873
13.5212 0.00245884
13.5551 0.00247645
13.589 0.00249157
13.6229 0.00250419
13.6568 0.00251433
13.6907 0.002522
13.7246 0.0025272
13.7584 0.00252993
13.7923 0.00253021
13.8262 0.00252805
13.8601 0.00252347
13.894 0.00251649
13.9279 0.00250714
13.9618 0.00249543
13.9957 0.00248141
14.0295 0.00246513
14.0634 0.00244658
14.0973 0.00242582
14.1312 0.00240286
14.1651 0.00237774
14.199 0.00235051
14.2329 0.00232119
14.2668 0.00228984
14.3006 0.00225649
14.3345 0.00222119
14.3684 0.00218398
14.4023 0.00214491
14.4362 0.00210404
14.4701 0.0020614
14.504 0.00201708
14.5379 0.0019711
14.5717 0.00192354
14.6056 0.00187444
14.6395 0.00182388
14.6734 0.00177191
14.7073 0.00171859
14.7412 0.00166397
14.7751 0.00160812
14.809 0.0015511
14.8429 0.00149297
14.8767 0.00143377
14.9106 0.0013736
14.9445 0.00131248
14.9784 0.00125052
15.0123 0.00118776
15.0462 0.00112428
15.0801 0.00106014
15.114 0.000995436
15.1478 0.000930214
15.1817 0.000864565
15.2156 0.000798533
15.2495 0.000732205
15.2834 0.000665617
15.3173 0.000598845
15.3512 0.000531932
15.3851 0.000464952
15.4189 0.000397953
15.4528 0.000331075
15.4867 0.000264308
15.5206 0.000197719
15.5545 0.000131359
15.5884 6.5308e-05
15.6223 6.4979e-06
15.6562 6.61482e-05
15.69 0.000131472
15.7239 0.00019603
15.7578 0.000259715
15.7917 0.000322516
15.8256 0.00038444
15.8595 0.000445562
15.8934 0.000505917
15.9273 0.000565335
15.9611 0.000623772
15.995 0.00068119
16.0289 0.000737542
16.0628 0.000792795
16.0967 0.000846897
16.1306 0.00089981
16.1645 0.000951505
16.1984 0.00100194
16.2323 0.00105107
16.2661 0.00109886
16.3 0.00114529
16.3339 0.00119031
16.3678 0.00123389
16.4017 0.00127601
16.4356 0.00131663
16.4695 0.00135572
16.5034 0.00139325
16.5372 0.00142921
16.5711 0.00146355
16.605 0.00149627
16.6389 0.00152732
16.6728 0.0015567
16.7067 0.00158439
16.7406 0.00161037
16.7745 0.00163462
16.8083 0.00165713
16.8422 0.0016779
16.8761 0.00169691
16.91 0.00171417
16.9439 0.00172966
16.9778 0.00174339
17.0117 0.00175536
17.0456 0.0017656
17.0794 0.00177409
17.1133 0.00178082
17.1472 0.0017858
17.1811 0.00178904
17.215 0.00179055
17.2489 0.00179033
17.2828 0.0017884
17.3167 0.00178477
17.3505 0.00177945
17.3844 0.00177245
17.4183 0.0017638
17.4522 0.0017535
17.4861 0.00174159
17.52 0.00172808
17.5539 0.00171304
17.5878 0.00169645
17.6216 0.00167835
17.6555 0.00165875
17.6894 0.0016377
17.7233 0.00161522
17.7572 0.00159135
17.7911 0.00156611
17.825 0.00153954
17.8589 0.00151168
17.8928 0.00148257
17.9266 0.00145223
17.9605 0.0014207
17.9944 0.00138803
18.0283 0.00135426
18.0622 0.00131942
18.0961 0.00128355
18.13 0.00124669
18.1639 0.0012089
18.1977 0.0011702
18.2316 0.00113064
18.2655 0.00109027
18.2994 0.00104912
18.3333 0.00100723
18.3672 0.000964665
18.4011 0.000921441
18.435 0.000877616
18.4688 0.000833226
18.5027 0.000788325
18.5366 0.000742951
18.5705 0.000697165
18.6044 0.000651006
18.6383 0.000604541
18.6722 0.000557813
18.7061 0.000510909
18.7399 0.000463863
18.7738 0.000416707
18.8077 0.00036948
18.8416 0.00032223
18.8755 0.00027499
18.9094 0.000227809
18.9433 0.00018072
18.9772 0.000133772
19.011 8.70568e-05
19.0449 4.05695e-05
19.0788 6.42975e-06
19.1127 5.20017e-05
19.1466 9.7546e-05
19.1805 0.000142673
19.2144 0.000187337
19.2483 0.000231506
19.2822 0.000275132
19.316 0.000318187
19.3499 0.000360663
19.3838 0.0004025
19.4177 0.000443648
19.4516 0.000484077
19.4855 0.000523752
19.5194 0.000562645
19.5533 0.000600721
19.5871 0.000637956
19.621 0.000674327
19.6549 0.000709818
19.6888 0.000744379
19.7227 0.000777984
19.7566 0.000810604
19.7905 0.000842215
19.8244 0.000872794
19.8582 0.00090232
19.8921 0.000930773
19.926 0.000958137
19.9599 0.00098439
19.9938 0.00100952
20.0277 0.00103351
20.0616 0.00105634
20.0955 0.001078
20.1293 0.00109848
20.1632 0.00111777
20.1971 0.00113585
20.231 0.00115272
20.2649 0.00116836
20.2988 0.00118278
20.3327 0.00119596
20.3666 0.0012079
20.4004 0.00121862
20.4343 0.0012281
20.4682 0.00123633
20.5021 0.00124331
20.536 0.00124904
20.5699 0.00125353
20.6038 0.00125678
20.6377 0.0012588
20.6716 0.00125959
20.7054 0.00125915
20.7393 0.00125751
20.7732 0.00125467
20.8071 0.00125063
20.841 0.00124541
20.8749 0.00123903
20.9088 0.00123149
20.9427 0.00122282
20.9765 0.00121302
21.0104 0.00120212
21.0443 0.00119014
21.0782 0.00117708
21.1121 0.00116298
21.146 0.00114789
21.1799 0.00113179
21.2138 0.00111472
21.2476 0.00109669
21.2815 0.00107772
21.3154 0.00105785
21.3493 0.00103709
21.3832 0.00101548
21.4171 0.00099304
21.451 0.000969795
21.4849 0.000945776
21.5187 0.000921007
21.5526 0.000895524
21.5865 0.00086935
21.6204 0.000842519
21.6543 0.000815058
21.6882 0.000787002
21.7221 0.000758377
21.756 0.000729219
21.7898 0.000699553
21.8237 0.000669417
21.8576 0.000638838
21.8915 0.000607852
21.9254 0.000576486
21.9593 0.000544774
21.9932 0.000512746
22.0271 0.000480436
22.061 0.000447882
22.0948 0.00041511
22.1287 0.000382145
22.1626 0.000349025
22.1965 0.000315781
22.2304 0.000282463
22.2643 0.000249095
22.2982 0.000215714
22.3321 0.000182351
22.3659 0.000149041
22.3998 0.000115813
22.4337 8.27049e-05
22.4676 4.97425e-05
22.5015 1.69691e-05
22.5354 1.59214e-05
22.5693 4.81678e-05
22.6032 8.01421e-05
22.637 0.000111822
22.6709 0.000143182
22.7048 0.000174198
22.7387 0.000204843
22.7726 0.000235097
22.8065 0.000264965
22.8404 0.00029438
22.8743 0.000323314
22.9081 0.00035174
22.942 0.000379631
22.9759 0.000406978
23.0098 0.000433737
23.0437 0.000459884
23.0776 0.000485396
23.1115 0.000510253
23.1454 0.000534439
23.1792 0.000557938
23.2131 0.000580732
23.247 0.000602808
23.2809 0.000624153
23.3148 0.000644752
23.3487 0.000664594
23.3826 0.000683666
23.4165 0.000701955
23.4503 0.000719451
23.4842 0.000736146
23.5181 0.000752028
23.552 0.000767082
23.5859 0.000781297
23.6198 0.000794668
23.6537 0.000807186
23.6876 0.000818876
23.7215 0.000829705
23.7553 0.00083966
23.7892 0.000848736
23.8231 0.000856936
23.857 0.000864261
23.8909 0.000870704
23.9248 0.000876265
23.9587 0.000880952
23.9926 0.00088476
24.0264 0.000887691
24.0603 0.000889745
24.0942 0.000890928
24.1281 0.000891243
24.162 0.000890696
24.1959 0.000889295
24.2298 0.000887046
24.2637 0.000883957
24.2975 0.000880036
24.3314 0.000875294
24.3653 0.000869738
24.3992 0.000863381
24.4331 0.000856235
24.467 0.000848311
24.5009 0.000839623
24.5348 0.000830185
24.5686 0.000820011
24.6025 0.000809117
24.6364 0.000797518
24.6703 0.000785231
24.7042 0.000772271
24.7381 0.000758656
24.772 0.000744436
24.8059 0.000729569
24.8397 0.000714132
24.8736 0.000698115
24.9075 0.000681537
24.9414 0.000664418
24.9753 0.00064678
