t sb -1 xb vb dt perf.t perf.speed
0 0 -1 0.5 0 7.15541e-05 0 0 
7.15541e-05 0 -1 0.5 0.000733444 7.15541e-05 0.011261 363733 1 144.316 626.056 0.230516 4 
0.00173726 -3.50739e-07 -1 0.5 0.00166296 0.0016657 0.034181 239665 8 461.1 27.7853 1.42068 6 2 517.149 103.028 2.24042 4 2 0.0537435 1.92437e-05 52.8468 3 
0.00485072 -6.92811e-06 -1 0.500002 0.00338098 0.00311346 0.054381 225961 6 92.7195 9.22508 1.46904 6 3 339.659 18.1573 2.65459 4 3 0.0454625 6.67334e-05 8.79907 2 
0.00928141 -1.2888e-05 -1 0.500015 0.00586657 0.00443069 0.06809 240623 2 35.5233 1.02108 5.89831 6 2 67.7428 16.082 2.0524 5 5 0.0559469 6.74851e-05 3.83454 2 
0.0149031 -1.38535e-05 -1 0.500047 0.00912214 0.00562165 0.092377 221700 3 21.3057 2.70652 1.98928 6 5 36.8003 10.572 1.28333 7 8 0.116234 7.14782e-05 2.51997 2 
0.0216111 -9.4895e-06 -1 0.50011 0.0132934 0.00670808 0.116851 210319 4 23.4074 1.94391 1.86281 7 2 20.7198 6.74196 1.75307 8 11 0.179799 8.88861e-05 1.99775 2 
0.0293072 -4.62295e-06 -1 0.500214 0.0179795 0.0076961 0.142758 200843 2 44.003 1.24167 5.95303 7 2 10.9546 1.17142 3.05803 9 15 0.254796 9.54696e-05 1.69208 2 
0.0378931 -1.63099e-06 -1 0.500369 0.0232049 0.00858582 0.175748 186449 2 71.8135 0.53525 11.5831 7 2 15.8784 1.13401 3.74192 9 22 0.329988 8.45708e-05 1.45626 2 
0.0472966 -1.46033e-06 -1 0.500587 0.028842 0.00940351 0.198868 185369 2 82.9588 0.23848 18.6511 7 2 22.6334 2.07941 3.29917 9 10 0.416816 8.53311e-05 2.33821 3 
0.0574433 -3.43353e-06 -1 0.500879 0.0347273 0.0101467 0.227497 180046 2 267.389 0.822083 18.0349 6 2 25.4566 1.99311 3.57383 9 14 0.619883 7.20311e-05 1.9101 3 
0.0682615 -6.10734e-06 -1 0.501256 0.0412067 0.0108182 0.258817 174084 3 271.897 0.504393 8.13851 5 2 32.6635 1.62542 4.4828 9 13 1.16292 4.88639e-05 2.17099 4 
0.0797136 -7.76865e-06 -1 0.501726 0.0477225 0.0114521 0.31329 156890 4 267.548 0.145958 6.54324 4 2 35.6005 1.3229 5.18758 9 27 2.20742 8.24646e-05 1.45877 4 
0.0917313 -7.72536e-06 -1 0.5023 0.0544949 0.0120176 0.385308 138196 5 107.664 0.426262 3.02328 5 2 28.9777 1.13571 5.05125 9 38 2.56451 9.5304e-05 1.3079 4 
0.104213 -6.56121e-06 -1 0.502981 0.0614534 0.0124818 0.474013 120976 5 280.089 0.596678 3.42224 4 2 56.1619 1.24543 6.71523 9 49 2.33154 9.59149e-05 1.22887 4 
0.117199 -4.90585e-06 -1 0.503781 0.0685882 0.0129856 0.5162 119024 5 183.486 0.501478 3.25589 5 2 65.9239 1.32779 7.04624 9 16 2.33945 7.62233e-05 1.90739 5 
0.130607 -3.35612e-06 -1 0.504704 0.0759041 0.0134084 0.561899 116633 4 270.033 0.469924 4.89607 4 2 61.9129 1.42543 6.59049 9 16 3.62166 7.06499e-05 1.96953 5 
0.144336 -1.74349e-06 -1 0.505749 0.0831817 0.0137292 0.60438 115212 7 262.05 0.493773 2.45056 4 2 94.7009 0.868436 10.4426 9 15 3.09681 5.20087e-05 2.08124 5 
0.158473 -2.32005e-07 -1 0.506929 0.0905977 0.0141369 0.646235 114089 8 296.114 0.461542 2.2434 4 2 112.881 1.34912 9.14713 9 14 3.16206 6.12279e-05 2.17092 5 
0.172897 1.1862e-06 -1 0.508241 0.0980565 0.014424 0.68096 114286 5 294.822 0.305867 3.9519 4 2 104.035 1.91883 7.3633 9 12 4.48416 9.14515e-05 2.45966 5 
0.187622 2.93919e-06 -1 0.50969 0.105527 0.0147245 0.713447 114823 4 342.26 0.324998 5.69664 4 3 136.173 0.147874 9.72896 8 10 3.64054 8.07503e-05 2.92013 5 
0.202581 5.62118e-06 -1 0.511273 0.112927 0.0149595 0.753654 114132 9 425.287 0.377647 2.18306 5 3 153.379 0.354978 7.56 7 9 4.28178 5.5892e-05 3.48897 5 
0.217785 7.44193e-06 -1 0.512993 0.120333 0.0152034 0.78199 115234 4 320.109 0.273325 5.84998 4 3 131.972 0.222253 8.40513 7 8 4.86665 3.48606e-05 4.39655 5 
0.233156 9.35775e-06 -1 0.514842 0.12768 0.0153714 0.807287 116697 5 497.491 0.419327 4.11952 4 3 200.297 0.782982 6.34806 7 6 3.61212 7.24945e-05 6.0661 5 
0.248788 1.23791e-05 -1 0.516833 0.134973 0.0156319 0.84432 116430 12 2922.91 0.34402 2.12538 5 4 1187.02 1.14884 5.66957 6 7 4.7331 2.70841e-05 5.60943 5 
0.264599 1.38265e-05 -1 0.518969 0.14217 0.0158116 0.876347 116849 5 1148.21 0.213212 5.57496 4 4 463.518 0.801386 4.90407 5 10 10.1159 4.96729e-05 3.39538 4 
0.280503 1.52056e-05 -1 0.521236 0.149205 0.0159035 0.911712 116809 10 912.838 0.344101 2.19974 5 5 672.349 0.854695 3.79452 4 9 7.95345 4.39091e-05 3.83904 4 
0.296595 1.6776e-05 -1 0.523645 0.15616 0.0160917 0.945844 116924 5 726.796 0.153358 5.43427 4 5 467.327 0.793984 3.58065 4 12 6.19923 6.41841e-05 2.60261 4 
0.312783 1.91193e-05 -1 0.52618 0.162962 0.0161881 0.997478 114978 5 926.17 0.289132 5.0248 4 4 500.552 1.29873 4.43081 4 24 7.55535 7.39012e-05 1.61709 4 
0.329168 2.27147e-05 -1 0.528851 0.169636 0.0163855 1.05749 112327 4 587.611 0.208789 7.2836 3 5 459.314 0.81299 3.55144 3 28 6.41347 9.33723e-05 1.48849 4 
0.345655 2.74884e-05 -1 0.531636 0.175986 0.0164866 1.13113 108634 8 1063.14 0.357891 2.7171 2 5 496.086 0.787936 3.62922 3 35 6.02891 7.96648e-05 1.37848 4 
0.362244 3.31327e-05 -1 0.534556 0.182181 0.0165897 1.23832 102539 11 3506.89 0.251231 2.38125 4 5 1584.87 0.617788 4.80652 3 50 10.3047 9.64611e-05 1.26059 5 
0.378939 3.79517e-05 -1 0.537605 0.18818 0.0166947 1.29442 101259 7 1467.9 0.337525 3.30956 3 5 753.566 0.627813 4.12913 3 20 10.2425 8.51687e-05 1.79476 6 
0.395634 4.3688e-05 -1 0.540755 0.193901 0.0166947 1.3437 100594 8 1046.87 0.350996 2.71847 3 5 669.98 1.37247 3.44915 2 15 8.67294 5.87248e-05 2.21117 6 
0.412436 5.05303e-05 -1 0.544005 0.199374 0.0168024 1.38233 100746 8 1613.38 0.304723 2.92065 3 6 1043.15 0.758924 3.33446 2 11 8.62988 3.68387e-05 3.07719 6 
0.429348 5.75353e-05 -1 0.547376 0.204603 0.0169122 1.41852 101063 8 904.124 0.320343 2.69977 3 5 678.869 0.756629 3.89566 2 10 8.18376 4.26181e-05 3.37548 6 
0.44626 6.43448e-05 -1 0.550833 0.209525 0.0169122 1.46002 100996 14 6303.52 0.32769 2.02306 6 5 3026.79 0.826643 5.16099 2 10 6.55651 5.19009e-05 3.23705 6 
0.463173 6.7798e-05 -1 0.554373 0.214109 0.0169122 1.50043 101006 7 2211.92 0.314654 3.54456 6 5 1008.38 1.00555 3.98331 2 11 14.7227 3.75986e-05 3.22432 6 
0.479973 7.04181e-05 -1 0.557966 0.218394 0.0168002 1.53786 101211 6 1911.62 0.332985 4.23152 5 6 1433.6 0.876237 3.43269 2 10 11.142 7.20698e-05 3.30309 6 
0.496443 7.47615e-05 -1 0.561569 0.222309 0.0164708 1.57431 101469 6 1763.64 0.340613 4.15935 4 6 1285.19 0.913048 3.34769 2 10 9.88871 4.53306e-05 3.41881 6 
0.512595 8.07262e-05 -1 0.565145 0.22585 0.016152 1.61124 101686 8 1078.17 0.336161 2.74326 3 6 876.377 1.02936 3.07861 2 10 7.80721 3.81218e-05 3.39729 6 
0.52854 8.6778e-05 -1 0.568734 0.229045 0.0159449 1.64933 101820 13 6205.38 0.365076 2.11551 4 6 3034.11 0.816846 3.93534 2 9 6.25497 6.53738e-05 3.57622 6 
0.544183 9.10248e-05 -1 0.572318 0.231946 0.0156421 1.69801 101314 11 2649.53 0.355351 2.2493 4 5 1199.98 1.49493 3.80987 2 14 13.6673 9.18378e-05 2.3414 6 
0.559726 9.33945e-05 -1 0.575914 0.234519 0.0155431 1.7385 101310 9 2015.61 0.319447 2.64377 5 4 1483.19 1.1079 6.04887 2 11 10.8084 7.50296e-05 2.94413 6 
0.575073 9.56151e-05 -1 0.579505 0.236847 0.0153476 1.77341 101625 7 1879.33 0.411821 3.3324 4 8 1429.9 1.20537 2.42255 2 8 9.19721 5.54935e-05 4.49187 6 
0.590324 9.8473e-05 -1 0.583117 0.238921 0.0152511 1.81069 101796 8 1080.15 0.345174 2.73483 5 9 872.781 1.29035 2.06284 2 8 7.55108 2.15166e-05 4.93349 6 
0.60548 0.000101466 -1 0.586706 0.240735 0.0151552 1.84603 102066 8 5636.49 0.415979 3.28467 5 9 2775.42 1.05811 2.3981 2 7 4.3436 6.10258e-05 4.93391 6 
0.620539 0.000103954 -1 0.590333 0.242307 0.0150599 1.88426 102169 9 3432.98 0.42494 2.71737 5 8 1565.93 1.64096 2.35754 2 9 13.3956 5.49476e-05 3.96787 5 
0.635505 0.00010571 -1 0.59395 0.243671 0.0149652 1.92617 102072 9 2326.75 0.401975 2.61855 4 6 1666.26 1.1631 3.35754 2 15 10.7291 6.18713e-05 2.23497 4 
0.65047 0.000107996 -1 0.597577 0.244822 0.0149652 1.97747 101495 8 1876.2 0.430146 2.85074 3 5 1447.98 0.696867 4.60811 2 20 9.37241 9.04287e-05 1.78146 4 
0.665435 0.000111643 -1 0.601244 0.245835 0.0149652 2.01748 101513 8 1207.07 0.411791 2.71257 3 5 961.758 0.712195 4.22759 2 16 7.46644 8.68064e-05 2.03428 4 
0.6804 0.000116488 -1 0.604884 0.246591 0.0149652 2.05562 101622 10 4616.56 0.441249 2.52327 3 6 2299.26 1.00381 3.63069 2 14 4.70942 4.90293e-05 2.26931 4 
0.695365 0.000121552 -1 0.608558 0.247118 0.0149652 2.14541 99278 11 4064.19 0.360408 2.3355 3 6 1991.01 0.880618 3.62283 2 38 12.8532 7.59269e-05 1.37276 5 
0.71033 0.000126124 -1 0.61227 0.247517 0.0149652 2.20336 98525.9 11 2370.16 0.387658 2.20908 3 5 1616.36 1.64044 3.96932 2 23 10.8602 7.72751e-05 1.67424 5 
0.725296 0.000130086 -1 0.615934 0.247774 0.0149652 2.24461 98540 11 2181.63 0.329626 2.22506 3 5 1648.53 1.47677 4.06965 2 13 9.56159 8.52767e-05 2.4459 5 
0.740261 0.00013365 -1 0.619634 0.247892 0.0149652 2.27513 99018.7 8 1335.67 0.433757 2.72933 2 5 1001.65 0.708783 4.26619 2 9 8.05523 3.8675e-05 3.89907 5 
0.755226 0.00013799 -1 0.623317 0.24781 0.0149652 2.30947 99319.5 14 5416.21 0.421626 1.96555 4 5 2684.97 1.14297 4.72259 2 8 5.79497 8.51262e-05 4.01905 5 
0.770292 0.000140504 -1 0.627045 0.247659 0.0150656 2.34888 99397.4 12 3998.61 0.349656 2.17866 5 6 1816.3 1.38583 3.30811 2 9 13.6669 9.82183e-05 3.72819 4 
0.785357 0.000141952 -1 0.630745 0.247359 0.0150656 2.3817 99747.1 8 2022.56 0.367835 2.93448 4 5 1473.83 1.21742 4.1362 2 10 11.2008 3.28885e-05 3.57454 4 
0.800423 0.000143701 -1 0.634457 0.24695 0.0150656 2.41374 100120 9 2183.56 0.401895 2.60019 4 6 1730.21 1.47328 3.24814 2 9 8.8274 9.12284e-05 3.58069 4 
0.815592 0.000146585 -1 0.638185 0.246452 0.0151695 2.4446 100532 8 1591.93 0.411339 2.80844 4 6 1114.48 1.26097 3.09785 2 9 8.44713 5.48295e-05 3.7706 4 
0.830762 0.000150575 -1 0.641901 0.245917 0.0151695 2.49201 100263 11 6741.75 0.326728 2.46737 5 6 3333.98 0.629038 4.17556 2 17 6.6992 6.8454e-05 1.96592 4 
0.846038 0.000152599 -1 0.645634 0.245246 0.0152763 2.57003 98813 11 2316.38 0.369076 2.21434 4 5 1067.94 1.39938 3.77157 2 29 13.8907 7.01867e-05 1.52278 5 
0.861314 0.000153855 -1 0.649355 0.244502 0.0152763 2.61989 98495.9 8 1812.8 0.423283 2.84423 5 6 842.861 0.251487 3.86848 3 17 9.66957 8.96668e-05 1.97718 5 
0.876701 0.000155506 -1 0.653103 0.243756 0.0153862 2.65475 98745.1 5 1704.84 0.380512 5.37357 4 5 1168.04 0.337397 5.10344 3 11 7.65037 9.69072e-05 2.78748 5 
0.892087 0.000158915 -1 0.656828 0.242881 0.0153862 2.69326 98854.3 10 1927.55 0.416469 2.32564 5 6 1262.75 1.03589 3.26839 3 11 11.3472 9.60701e-05 2.89147 4 
0.907586 0.000160939 -1 0.660571 0.242039 0.0154994 2.73737 98757.5 10 8422.2 0.317867 2.76897 6 6 4090.62 0.314642 4.84911 3 11 8.90114 7.29243e-05 2.90012 4 
0.923201 0.000162003 -1 0.66432 0.241069 0.015615 2.77142 99022.2 8 3092.84 0.318341 3.15089 6 5 1331.35 1.00503 4.21136 3 9 11.6884 3.76642e-05 4.07571 4 
0.938935 0.000163268 -1 0.668093 0.240025 0.0157333 2.81068 99096.2 8 2377.2 0.391885 2.97073 5 5 1456.05 0.76459 4.52845 3 13 9.96156 9.95783e-05 2.42453 4 
0.954668 0.000165423 -1 0.671843 0.238983 0.0157333 2.86198 98751.4 6 1586.02 0.383833 4.00585 4 4 1099.84 1.29749 5.39581 2 22 9.29472 7.65623e-05 1.70255 5 
0.970523 0.000169818 -1 0.675608 0.23792 0.0158553 2.91847 98243.2 11 1700.82 0.353314 2.16159 4 5 920.129 1.30387 3.71298 2 21 13.6455 7.7008e-05 1.77798 5 
0.986503 0.000173504 -1 0.679386 0.236836 0.0159801 2.98096 97557.7 10 5944.65 0.368005 2.63528 3 5 2867.47 1.27388 4.68246 2 20 10.5676 5.32937e-05 1.8402 6 
1.00248 0.000177887 -1 0.683144 0.235689 0.0159801 3.03475 97178.4 9 2680.94 0.375802 2.68008 3 8 1361.37 1.27045 2.39195 2 17 11.1247 5.39087e-05 2.05412 6 
1.01859 0.000182251 -1 0.686917 0.234544 0.016109 3.07853 97127 9 2419.7 0.285129 2.73227 3 8 1835.09 1.38406 2.45648 2 12 10.09 4.51533e-05 2.79104 6 
1.03483 0.000185196 -1 0.690693 0.233388 0.016241 3.12214 97082 11 2281.91 0.374444 2.20843 2 9 1567.52 1.48041 2.16817 2 11 10.7626 7.07474e-05 2.95876 6 
1.05107 0.00018798 -1 0.69446 0.232381 0.016241 3.16791 96972.4 13 8407.71 0.346202 2.17438 4 8 4186.22 1.36649 2.72758 2 10 15.4676 9.50112e-05 3.32021 6 
1.06745 0.000190234 -1 0.698239 0.231275 0.0163775 3.20873 97015.4 11 2971.27 0.289122 2.31587 4 6 1428.33 1.057 3.325 2 10 14.7841 4.93256e-05 3.52917 6 
1.08397 0.000192232 -1 0.702047 0.23015 0.0165175 3.24743 97120.4 9 2740.82 0.252194 2.80841 4 6 1555.23 0.862802 3.48857 2 10 10.0197 2.75472e-05 3.59814 6 
1.10049 0.000194702 -1 0.705808 0.229188 0.0165175 3.27977 97411.9 5 1816.21 0.268507 5.83502 3 6 1253.64 1.37924 3.11235 2 9 11.1785 3.21137e-05 4.12804 6 
1.11715 0.000201018 -1 0.709599 0.228081 0.0166624 3.3155 97597.3 10 2306.73 0.350203 2.40917 3 6 1164.56 0.851952 3.33138 2 8 12.4004 8.77677e-05 4.40314 6 
1.13381 0.000205588 -1 0.713365 0.227031 0.0166624 3.37455 97103.4 12 5574.72 0.320562 2.2561 4 6 2628.26 0.502842 4.16587 2 17 14.1819 8.39711e-05 2.03005 6 
1.15062 0.00020745 -1 0.717169 0.226125 0.0168125 3.41643 97111.9 6 2267.54 0.18679 4.79402 3 6 1419.43 1.07049 3.31453 2 13 17.3135 4.78244e-05 2.67667 6 
1.16744 0.000209495 -1 0.720942 0.22513 0.0168125 3.45411 97238.3 9 1714.42 0.325456 2.59128 5 6 1088.09 0.260176 4.0139 2 9 11.7343 4.72463e-05 3.97607 6 
1.18441 0.000211864 -1 0.724737 0.224226 0.0169682 3.4894 97428.7 8 2348.22 0.282142 3.09054 5 5 1365.62 0.968963 4.26388 2 8 12.3754 2.37026e-05 5.18466 6 
1.20137 0.000213952 -1 0.728507 0.223178 0.0169682 3.52642 97567.5 10 6901.54 0.297628 2.73229 5 7 3052.28 0.726459 3.29329 2 8 9.44123 6.43664e-05 4.42381 5 
1.21834 0.00021512 -1 0.73227 0.222316 0.0169682 3.56278 97721.6 9 4072.88 0.311625 2.86657 5 5 1609.23 0.728711 4.66458 3 9 12.3646 8.1995e-05 3.76164 5 
1.23547 0.000216635 -1 0.736054 0.22145 0.0171313 3.59782 97908.1 5 2728.8 0.243373 6.45565 3 5 1220.43 1.01563 4.13005 3 13 17.0504 5.70127e-05 2.63762 4 
1.2526 0.000220103 -1 0.739822 0.220582 0.0171313 3.64095 97873.3 8 2654.52 0.277818 3.14433 4 5 1431.56 0.784511 4.48995 3 19 28.0155 4.52253e-05 2.01764 4 
1.26974 0.00022362 -1 0.743562 0.219693 0.0171313 3.69557 97535.2 8 7475.66 0.33976 3.48987 4 5 3854.02 0.674067 5.64212 3 21 19.5578 7.58195e-05 1.81006 5 
1.28687 0.000227823 -1 0.747321 0.219061 0.0171313 3.75396 97109.1 9 5730.92 0.27394 3.02039 4 5 1664.4 0.639145 4.82094 3 18 18.9456 8.07264e-05 1.98775 6 
1.304 0.000230767 -1 0.751045 0.218293 0.0171313 3.79564 97122.1 8 3776.74 0.307463 3.24463 4 5 1278.69 0.950771 4.22414 2 12 19.4022 5.83401e-05 2.88507 6 
1.3213 0.000234134 -1 0.754803 0.217694 0.0173061 3.83962 97076.4 12 2560.38 0.222427 2.17985 5 8 1462.32 0.897735 2.5205 3 11 20.562 5.35242e-05 3.21872 5 
1.33861 0.000236423 -1 0.758531 0.21686 0.0173061 3.87646 97210.3 8 3283.58 0.289434 3.21255 5 5 1861.17 1.22901 4.3256 3 10 19.6673 4.35214e-05 3.67709 5 
1.35556 0.000239041 -1 0.762199 0.216948 0.016953 3.91911 97197.5 12 3041.77 0.319905 2.1454 4 5 2743.56 1.13449 4.7501 3 12 25.7689 5.12267e-05 2.9863 4 
1.37038 0.000240064 -1 0.765406 0.216324 0.0148147 3.9684 97022.4 10 3793.9 0.429261 2.48106 5 5 3964.02 1.69267 4.71968 3 20 35.5993 4.82688e-05 1.96512 4 
1.38407 0.000241472 -1 0.76837 0.217358 0.0136943 4.061 95818.9 5 3384.21 0.369978 6.19807 3 25 6171.89 2.12429 1.37571 22 11 32.8823 5.59149e-05 3.34576 4 
1.39812 0.000241762 -1 0.771399 0.217015 0.0140515 4.10486 95792.8 6 2395.06 0.444081 4.1877 2 3 3942.65 1.62636 13.4335 21 16 21.8299 7.81389e-05 2.18971 3 
1.41256 0.000241797 -1 0.774524 0.217528 0.0144313 4.15936 95522.3 8 3506.31 0.394874 3.11565 2 3 4807.93 1.01558 16.7912 20 22 15.7824 7.86569e-05 1.74189 3 
1.42725 0.000242577 -1 0.777707 0.216957 0.0146986 4.23556 94771 10 3178.23 0.412916 2.44699 3 3 3090.93 0.920956 14.9721 19 29 21.4301 8.93976e-05 1.53288 5 
1.44223 0.000243765 -1 0.780951 0.217307 0.0149785 4.29724 94363.8 12 6357.25 0.421175 2.22964 4 3 6143.34 0.661869 21.0157 18 18 17.9752 5.70023e-05 2.02064 5 
1.45736 0.000244785 -1 0.784213 0.216904 0.015124 4.34449 94280.4 7 3812.32 0.383423 3.72454 2 3 3133.13 0.804821 15.7311 17 12 28.641 5.09895e-05 3.01388 5 
1.47233 0.000245571 -1 0.787459 0.217734 0.0149771 4.39454 94138.7 14 4425.38 0.434282 1.9333 4 4 5354.9 0.935799 8.69746 15 10 32.6731 3.96136e-05 3.90512 5 
1.48475 0.000246567 -1 0.790152 0.217383 0.0124201 4.4399 94099.4 10 4166.66 0.507897 2.46264 4 3 5120.96 1.23238 16.0769 14 13 30.7867 7.95311e-05 2.6905 4 
1.49738 0.00024786 -1 0.792901 0.218209 0.0126271 4.48508 94064.7 6 6058.49 0.528104 4.74906 3 5 5723.83 1.71407 5.06677 12 13 14.9526 7.02894e-05 2.56941 4 
1.51045 0.000247329 -1 0.795741 0.218083 0.0130663 4.55427 93535 12 4900.43 0.56941 2.12765 4 4 4773.52 2.16913 6.84918 10 26 12.8557 7.8691e-05 1.58674 4 
1.52387 0.000245891 -1 0.798665 0.218423 0.0134194 4.6091 93311 8 2451.3 0.480247 2.90731 3 5 2591.33 1.32816 4.55045 9 18 18.3754 5.85762e-05 2.02005 5 
1.53766 0.000244344 -1 0.801656 0.218132 0.0137956 4.66321 93106.7 8 1799.16 0.280892 2.991 3 4 2226.69 1.15712 6.62323 7 19 24.774 5.58912e-05 1.9824 5 
1.55159 0.000244419 -1 0.804695 0.218455 0.013927 4.71821 92889.4 7 2744.44 0.45294 3.47012 3 4 2982.37 1.44436 6.74095 6 21 27.0884 8.47016e-05 1.82868 5 
1.56579 0.000244934 -1 0.807774 0.218051 0.0142001 4.77244 92692.1 7 5618.3 0.352142 3.98485 2 4 2092.59 1.05282 6.67702 5 19 31.4013 9.69959e-05 1.94989 6 
1.58013 0.000245216 -1 0.810895 0.218278 0.0143421 4.8191 92644.6 10 4883.33 0.480848 2.51577 2 5 4300.48 1.16992 5.16502 4 14 35.9202 9.79967e-05 2.49711 6 
1.59462 0.000249798 -1 0.814042 0.217971 0.0144885 4.86046 92699.1 9 3390.9 0.433812 2.70743 3 5 2634.1 1.78693 4.30234 3 12 33.6031 4.27845e-05 3.09926 6 
1.60911 0.000255302 -1 0.817206 0.218621 0.0144885 4.90685 92657.4 12 4594.83 0.421818 2.16984 3 6 3688.98 0.854945 4.03486 3 12 35.8769 3.52849e-05 3.16666 6 
1.62153 0.000259061 -1 0.81991 0.218529 0.0124187 4.94443 92781.6 7 4603.02 0.439933 3.75177 2 5 5093.41 2.24471 4.68997 3 9 27.8679 5.22321e-05 4.32864 6 
1.63406 0.000261293 -1 0.822651 0.219683 0.0125316 4.97986 92943.9 10 4982.58 0.58224 2.47306 2 5 5857.57 2.2427 4.8238 3 9 29.5086 5.83057e-05 4.30333 6 
1.64682 0.000264162 -1 0.82545 0.219598 0.0127658 5.01965 93023.2 12 3928.91 0.599559 2.07987 3 8 4744.07 2.04736 2.63402 2 9 32.2658 6.74881e-05 4.27619 6 
1.65971 0.000261912 -1 0.828281 0.220445 0.0128874 5.0535 93210.6 7 4697.6 0.600365 3.59922 2 7 5325.09 1.42168 3.23969 2 9 33.913 6.60767e-05 4.31003 6 
1.6726 0.000263763 -1 0.831109 0.220382 0.0128874 5.0877 93389.1 9 2913.61 0.441321 2.6571 2 6 3214.08 1.87845 3.45841 2 9 38.891 5.54949e-05 4.46181 6 
1.68549 0.00026693 -1 0.833956 0.221227 0.0128874 5.12367 93532.9 10 3058.75 0.575162 2.35817 2 7 3396.41 2.07501 2.87834 2 9 47.9301 5.5966e-05 4.56233 6 
1.6985 0.00027223 -1 0.836821 0.220919 0.013015 5.16361 93602.8 8 3105.41 0.485249 2.99068 3 6 3428.43 1.73731 3.54163 3 9 59.8656 5.54978e-05 4.68082 6 
1.71055 0.000275396 -1 0.839482 0.221879 0.0120509 5.20875 93577.9 12 4055.39 0.531023 2.10657 4 9 3652.44 2.34309 2.26337 3 10 57.6625 4.60027e-05 4.07203 6 
1.72272 0.000276803 -1 0.842174 0.222045 0.0121646 5.24868 93646.4 6 4227.1 0.505947 4.5046 3 11 3438.14 2.65441 1.91841 4 9 59.0659 8.93188e-05 4.43313 6 
1.73488 0.00027557 -1 0.844877 0.222589 0.0121646 5.28618 93757 9 3711.1 0.55755 2.65951 3 7 3091.74 2.41199 2.77956 4 8 43.2613 6.31745e-05 5.36346 6 
1.74682 0.000274684 -1 0.84752 0.222688 0.0119351 5.32134 93907.1 8 3277.18 0.584146 2.94186 3 6 3027.14 2.16728 3.34338 4 8 53.5296 4.46327e-05 5.75264 6 
1.75801 0.00027643 -1 0.850013 0.223137 0.0111891 5.35628 94059.3 6 2636.44 0.769637 3.88259 3 6 3300.64 2.18418 3.38754 4 7 56.6784 8.99651e-05 6.73717 6 
1.76919 0.000279123 -1 0.852498 0.223212 0.0111891 5.39068 94218.8 7 3258.42 0.643097 3.38257 3 5 2780.09 1.80168 4.34186 3 10 61.3906 9.04268e-05 3.82984 5 
1.77971 0.000278481 -1 0.854854 0.22355 0.0105197 5.42412 94393.2 7 4127.29 0.640015 3.50115 3 5 3387.38 2.61182 4.19357 3 10 58.573 5.28817e-05 4.02197 5 
1.79023 0.000277913 -1 0.8572 0.223724 0.0105197 5.45785 94560.4 7 3572.81 0.583733 3.47513 3 5 4326.81 0.907608 5.44069 3 10 55.0824 5.081e-05 4.01334 5 
1.80049 0.000278838 -1 0.859497 0.22389 0.0102523 5.489 94770 6 2413.83 0.604195 3.98341 3 4 2602.24 2.47399 5.69492 3 10 54.8772 3.53339e-05 4.16026 5 
1.81074 0.00027929 -1 0.861784 0.223986 0.0102523 5.52122 94958.7 7 3942.45 0.78472 3.37848 3 4 4227.44 2.30102 6.54695 3 10 54.0413 3.43621e-05 4.16548 5 
1.82033 0.000280513 -1 0.863931 0.224148 0.00959082 5.55567 95107.2 7 3580.21 0.759745 3.34772 3 4 2805.46 2.02414 6.10156 3 9 49.1482 3.47427e-05 4.82397 5 
1.82955 0.000282044 -1 0.865986 0.224281 0.00921618 5.58212 95390.3 5 3503.91 0.78256 5.37288 3 4 4106.86 1.99144 6.73885 3 8 52.9571 8.924e-05 5.2683 5 
1.83751 0.000283522 -1 0.867766 0.224448 0.00796228 5.6066 95704.3 5 3975.6 0.634573 5.74625 3 4 1813.86 1.5589 5.84045 3 7 46.4839 6.43359e-05 6.87034 5 
1.84558 0.000285031 -1 0.869571 0.224509 0.00807286 5.63229 95995.1 5 3287.46 0.958767 5.09365 3 4 5269.4 4.37101 5.89244 2 8 54.4938 8.71375e-05 5.30295 5 
1.85377 0.000286915 -1 0.871412 0.224616 0.00818737 5.67877 95930.6 6 2541.38 0.829233 3.81123 2 4 2478.42 4.79436 4.76827 2 23 62.85 9.19893e-05 1.7934 4 
1.86213 0.000288235 -1 0.873289 0.224581 0.00836666 5.72494 95872.4 7 3858.11 1.24714 3.15237 2 5 4248.05 2.27227 4.51176 2 22 72.431 7.32194e-05 1.8729 4 
1.87063 0.000290587 -1 0.875203 0.224608 0.00849153 5.76599 95900.3 6 2060.67 1.0684 3.52814 2 4 2490.62 5.17663 4.68344 2 17 82.0733 7.15546e-05 2.27219 4 
1.87918 0.000292265 -1 0.877123 0.224611 0.00855586 5.7985 96069 6 3809.8 0.432658 4.54422 2 4 3613.53 5.12171 5.15382 2 14 93.4823 6.96786e-05 2.7396 4 
1.88787 0.000292672 -1 0.879075 0.224498 0.00868851 5.831 96236 7 3503.36 1.28523 3.09589 2 5 4911.98 2.18606 4.68079 2 13 111.374 7.9965e-05 2.96897 4 
1.89643 0.000293917 -1 0.880987 0.224382 0.00855484 5.86371 96397.8 8 2316.89 1.08385 2.60761 2 4 2389.95 3.54472 5.09567 2 13 122.702 5.00596e-05 3.10091 4 
1.90498 0.000294995 -1 0.882903 0.224283 0.00855484 5.89614 96562.2 7 2561.19 1.12413 3.01759 2 5 1966.46 2.85006 3.69629 2 13 137.718 4.5906e-05 3.14949 4 
1.91354 0.000295224 -1 0.884813 0.224161 0.00855484 5.93365 96642.1 8 3973.28 1.19592 2.75538 3 5 4344.25 2.37021 4.49392 2 13 152.649 4.80447e-05 3.16343 4 
1.92164 0.000295717 -1 0.886631 0.224087 0.00810795 5.96524 96816.8 6 4331.02 0.924345 4.09065 3 5 3800.75 3.14616 4.13445 2 12 150.828 5.83797e-05 3.42256 4 
1.92975 0.000294924 -1 0.888445 0.223854 0.00810795 5.99658 96993.9 7 6127.2 0.80049 3.58793 2 5 5598.2 4.41113 4.17542 2 12 169.694 7.56296e-05 3.38258 4 
1.93786 0.000294182 -1 0.890263 0.223231 0.00810795 6.03226 97099.3 7 10470.5 0.738631 3.91811 2 5 9417.93 2.35062 5.25478 2 12 140.454 6.22765e-05 3.38403 4 
1.94597 0.000296048 -1 0.89207 0.221486 0.00810795 6.06933 97181.1 12 10665.7 1.28778 2.12086 2 7 10109.1 5.90461 2.89689 2 12 83.9633 5.00476e-05 3.30161 4 
1.95224 0.00029845 -1 0.893462 0.2207 0.00627401 6.09494 97444.8 6 6470.87 2.14799 3.80033 2 5 6926.89 6.81909 3.99358 2 9 89.1666 2.98174e-05 5.24235 4 
1.95867 0.00029901 -1 0.894879 0.220166 0.00642797 6.12048 97707.4 6 6378.07 1.82406 3.89591 2 5 5562.7 9.42878 3.58233 2 9 93.1947 4.9514e-05 4.97949 4 
1.96534 0.000299455 -1 0.896351 0.219821 0.0066752 6.15171 97877.1 6 5335.09 2.0764 3.70088 2 5 6908.77 6.72096 4.00308 2 10 93.7605 2.17249e-05 4.60793 4 
1.9722 0.000299784 -1 0.897854 0.21964 0.00685203 6.1782 98120.6 6 3583 0.950949 3.94471 2 4 3423.65 5.60947 4.97041 2 10 105.406 3.66105e-05 4.42513 4 
1.97928 0.000300049 -1 0.899411 0.219483 0.0070883 6.20446 98365.4 6 6664.34 0.508252 4.85601 2 4 7734.86 7.86826 5.59943 2 10 117.184 6.8829e-05 4.19865 4 
1.98658 0.000300402 -1 0.901008 0.219309 0.00729083 6.2364 98518.4 8 4656.95 1.6391 2.70201 2 5 5166.1 3.98352 4.19353 2 12 128.218 7.10308e-05 3.32181 4 
1.99397 0.000300972 -1 0.902632 0.219127 0.00739726 6.27282 98599.4 9 2625.4 1.36653 2.31655 3 5 2776.52 1.72505 4.37864 2 14 140.186 9.80268e-05 2.75213 4 
2.00142 0.000301606 -1 0.90426 0.218952 0.00745206 6.30846 98691.6 9 6984.49 1.43772 2.56807 3 5 7783.17 2.24377 5.10547 2 13 152.862 4.94042e-05 3.15698 4 
2.00905 0.000302261 -1 0.90593 0.218776 0.00762271 6.34367 98789.5 6 5441.14 0.615353 4.54738 2 5 6051.21 2.24397 4.85473 2 12 171.148 5.14928e-05 3.49517 4 
2.01673 0.000303121 -1 0.907604 0.218488 0.0076818 6.37514 98944.3 7 4978.54 0.990782 3.37856 2 5 5330.26 2.75016 4.54442 2 12 185.055 2.65888e-05 3.71721 4 
2.02447 0.000304429 -1 0.909295 0.218238 0.00774229 6.40554 99114.2 6 2188.33 1.0565 3.57032 2 5 3529.43 1.25971 4.89201 2 12 200.39 3.17597e-05 3.68695 4 
2.03221 0.000304994 -1 0.910976 0.217842 0.00774229 6.43579 99284.8 6 6076.75 0.501792 4.79209 2 5 5974.93 1.06659 5.61911 2 12 212.968 3.23558e-05 3.69996 4 
2.04002 0.000305348 -1 0.912673 0.217456 0.00780473 6.46605 99453.6 6 4943.72 0.589372 4.50759 2 5 5860.62 2.22564 4.83167 2 12 228.978 4.06441e-05 3.6523 4 
2.04789 0.000305664 -1 0.914376 0.217129 0.0078687 6.49754 99602 7 3298.68 0.69656 3.35007 2 5 3478.48 1.47289 4.72764 3 12 245.148 6.19606e-05 3.5463 4 
2.05544 0.000305254 -1 0.916015 0.216805 0.00755645 6.53205 99702.8 7 3516.41 1.28737 3.0968 2 5 3175.37 1.50933 4.61958 3 11 236.987 8.50209e-05 3.85414 4 
2.06282 0.000304509 -1 0.917613 0.216464 0.00737935 6.56158 99878.3 6 2575.07 1.31666 3.53633 2 5 2707.38 3.00501 3.89889 2 11 239.859 4.64749e-05 4.07614 4 
2.07026 0.000304383 -1 0.919226 0.216155 0.00743791 6.59024 100066 5 4466.67 1.499 4.95264 2 6 5870.37 2.69092 3.60131 2 11 262.028 5.16977e-05 4.06944 4 
2.07782 0.000305156 -1 0.920861 0.215695 0.00755886 6.61899 100250 6 3819.36 1.57349 3.66596 2 5 3552 4.67787 3.76777 2 11 288.775 7.76327e-05 3.95658 4 
2.08538 0.000306678 -1 0.922498 0.215324 0.00755886 6.64979 100401 7 2502.49 1.09707 3.0181 3 5 2831.05 3.0224 3.92933 2 11 306.164 8.9493e-05 3.92658 4 
2.09288 0.000307562 -1 0.924113 0.214907 0.0074969 6.67865 100581 5 1954.81 1.65845 4.11415 3 5 2652.36 1.64129 4.38217 2 11 315.311 8.64525e-05 3.9495 4 
2.10002 0.000308611 -1 0.925649 0.213197 0.00714271 6.7131 100675 12 19109.2 1.59655 2.18695 3 7 17517.9 5.62857 3.15509 2 10 187.212 8.28464e-05 4.31923 4 
2.10722 0.000311248 -1 0.927178 0.209678 0.00719985 6.75585 100644 12 21314.9 1.89929 2.17524 3 9 20081.4 7.0817 2.41896 3 11 198.269 2.96826e-05 4.17284 4 
2.11466 0.000314051 -1 0.928733 0.20566 0.00743985 6.78788 100773 6 12470 1.32147 4.59694 3 6 10472.4 6.53866 3.42053 3 11 135.15 6.11242e-05 3.77383 4 
2.12229 0.000315879 -1 0.930292 0.202994 0.00763226 6.82327 100850 10 16208 1.33423 2.56124 3 6 15971.4 5.99009 3.72379 2 11 135.911 9.7355e-05 3.61932 4 
2.13006 0.000313994 -1 0.931866 0.202159 0.00776734 6.87736 100653 10 8252.89 1.05925 2.44997 3 9 7518.21 5.76879 2.21878 2 22 112.999 8.78699e-05 1.89536 4 
2.13789 0.000311364 -1 0.933445 0.20256 0.00783732 6.95284 100149 11 9096.2 1.2746 2.24035 3 8 9649.5 4.89347 2.58143 3 34 98.2818 7.57336e-05 1.51286 4 
2.14588 0.000308036 -1 0.935062 0.203505 0.00798246 7.01553 99838 7 8911.81 1.2423 3.55484 2 7 9811.25 4.07991 3.04096 2 31 98.5844 7.03304e-05 1.57863 4 
2.15433 0.00030401 -1 0.93678 0.204371 0.00845666 7.07688 99551.2 7 6585.82 0.975246 3.52428 2 6 5964.77 4.51667 3.3123 2 31 105.65 7.41848e-05 1.57943 4 
2.16296 0.000303021 -1 0.938544 0.20488 0.00862925 7.1227 99485.9 6 3882.31 1.16375 3.86549 2 5 2987.4 3.77241 3.79957 2 22 100.213 8.88328e-05 1.88411 4 
2.17168 0.000306134 -1 0.940327 0.20501 0.00871913 7.16473 99474 7 6647.17 1.15926 3.44288 2 5 7360.97 1.41959 5.53292 2 19 109.02 5.62313e-05 2.14251 4 
2.1804 0.000310322 -1 0.942115 0.204851 0.00871913 7.20486 99488.5 9 7640.41 1.01299 2.69671 3 4 7795.18 3.91025 6.68198 2 17 113.183 9.30954e-05 2.27999 4 
2.18921 0.000313292 -1 0.943918 0.204436 0.00881289 7.24887 99449.4 6 6695.8 0.676629 4.63349 3 5 7136.05 3.97306 4.47576 2 20 117.846 6.23617e-05 2.05977 4 
2.19822 0.000316416 -1 0.945757 0.203986 0.00900873 7.29393 99396.6 6 4563.43 0.822626 4.20741 2 5 4583.94 3.89754 4.11235 2 21 115.724 7.05073e-05 1.97679 4 
2.20744 0.00031989 -1 0.947631 0.203535 0.00921583 7.34161 99309 8 3593.52 0.916616 2.81298 2 5 3437.04 3.09182 4.06625 2 22 125.213 7.21923e-05 1.92131 4 
2.21655 0.000322855 -1 0.949484 0.20317 0.0091099 7.38671 99257.2 7 6814.33 0.730906 3.69046 2 5 7170.43 3.32567 4.6423 2 21 128.578 9.51595e-05 1.95857 4 
2.22545 0.000325231 -1 0.951287 0.202858 0.00890286 7.4295 99236.9 6 6746.31 0.916949 4.41015 2 5 6925.5 2.32935 4.95043 2 20 126.019 9.72676e-05 2.02127 4 
2.23435 0.000327551 -1 0.95309 0.202421 0.00890286 7.47453 99186.9 7 5906.48 0.851344 3.53791 2 5 6487.19 1.15321 5.6238 2 21 127.113 6.08111e-05 1.99969 4 
2.24347 0.000330428 -1 0.954929 0.201963 0.00911483 7.52335 99087.7 8 4349.53 0.790891 2.93454 2 5 4362.76 2.16813 4.57863 2 23 130.254 5.81012e-05 1.88848 4 
2.25293 0.000333583 -1 0.956836 0.201476 0.00945663 7.58071 98878.3 6 3113.86 0.949503 3.85449 3 6 3085.52 1.29324 3.65546 2 26 140.781 6.84848e-05 1.74906 4 
2.26238 0.000337255 -1 0.958735 0.20103 0.00945663 7.63606 98698 5 6606.86 0.97753 5.83409 3 5 6894.52 3.61826 4.52899 2 28 148 7.69923e-05 1.67657 4 
2.27172 0.000340285 -1 0.960608 0.200687 0.00933693 7.69358 98492.6 6 6296.45 0.69659 4.56408 3 5 6145.78 3.25471 4.52078 2 29 148.122 6.75148e-05 1.65448 4 
2.28094 0.000341867 -1 0.962458 0.200372 0.00921874 7.75687 98216.9 6 5572.63 0.80144 4.36883 3 7 5914.99 4.18611 2.81852 2 29 145.962 8.16264e-05 1.64286 4 
2.29053 0.000343409 -1 0.964387 0.200001 0.00958749 7.84146 97679.8 5 5177.52 0.742996 5.86985 3 6 5650.53 2.17937 3.70646 2 47 155.8 8.59339e-05 1.35881 4 
2.30024 0.000345422 -1 0.966332 0.199711 0.00971883 7.91003 97350.8 10 2818.87 0.734335 2.28254 3 6 3033.02 2.54878 3.2553 2 34 153.925 9.77814e-05 1.52148 4 
2.31024 0.000347942 -1 0.968326 0.199347 0.00999651 7.98421 96959.4 6 4021.81 0.977951 4.00268 2 5 3733.93 3.63882 4.00167 2 37 173.254 9.45051e-05 1.47665 4 
2.32024 0.000350738 -1 0.970312 0.198993 0.00999651 8.05558 96608.8 7 6387.63 0.642749 3.72428 2 5 6597.02 2.11563 4.99783 2 38 179.894 6.25816e-05 1.47898 4 
2.32981 0.000352362 -1 0.972212 0.198738 0.00957412 8.11951 96352.6 6 5244.76 0.742288 4.38052 2 5 5409.22 1.41599 5.20493 2 34 167.635 6.7501e-05 1.54202 4 
2.33939 0.000353386 -1 0.974105 0.198541 0.00957412 8.1897 96027 7 4775.12 0.890411 3.41013 2 5 5088.55 1.65855 4.98165 2 35 169.299 6.35773e-05 1.52609 4 
2.34925 0.000354595 -1 0.976056 0.198334 0.00985991 8.26914 95599.8 10 4866.55 0.795232 2.39151 4 6 4807.67 2.72509 3.4761 2 41 176.216 9.67935e-05 1.42131 4 
2.35941 0.000355552 -1 0.97807 0.198172 0.010168 8.33034 95389.1 6 2705.23 0.747175 3.91859 3 6 2749.26 0.868528 3.83182 2 29 187.802 4.45796e-05 1.69213 5 
2.36975 0.000355382 -1 0.980121 0.197972 0.010332 8.37138 95410.8 6 3656.51 0.799119 4.07451 3 6 4132.22 2.02891 3.5603 2 15 204.087 4.0357e-05 2.79851 5 
2.38008 0.00035514 -1 0.982172 0.197745 0.010332 8.41264 95429.7 6 6458.87 0.56225 4.75012 3 6 5687.8 1.3834 4.00251 2 15 212.369 5.00869e-05 2.76582 5 
2.39008 0.000356076 -1 0.984157 0.197523 0.00999874 8.45117 95479.4 6 4521.18 0.622243 4.40097 3 5 4643.85 3.62436 4.1834 2 14 200.971 7.04038e-05 2.89141 5 
2.40008 0.000357274 -1 0.986127 0.197379 0.00999874 8.49139 95509.5 7 4543.47 0.991949 3.33415 3 6 4029.87 1.11214 3.91912 2 14 203.45 7.86214e-05 2.87121 5 
2.41042 0.000359586 -1 0.988161 0.197211 0.0103435 8.53562 95494.4 8 3691.96 0.754092 2.8922 3 5 4139.74 3.6378 4.08533 2 15 214.065 8.59783e-05 2.66938 5 
2.42095 0.000361545 -1 0.990224 0.197103 0.0105282 8.57762 95504.4 7 4597.4 0.816929 3.43369 2 5 2614.65 1.91055 4.23888 2 16 219.479 7.96972e-05 2.52637 5 
2.43167 0.000363716 -1 0.99233 0.196941 0.0107232 8.62432 95462.1 10 4060.75 0.868466 2.32801 2 6 2514.66 2.02054 3.27971 2 17 240.905 5.18312e-05 2.46713 5 
2.44239 0.000365363 -1 0.994437 0.196829 0.0107232 8.66758 95458.3 8 5640.51 0.795389 3.0293 2 6 4787.09 2.0772 3.6344 2 16 252.435 9.34605e-05 2.52331 5 
2.45291 0.000366779 -1 0.99651 0.196819 0.0105209 8.71165 95445.5 10 4357.09 0.585853 2.4386 3 5 4206.8 2.8766 4.29551 2 16 247.427 6.35723e-05 2.58158 5 
2.46344 0.000367641 -1 0.998587 0.196794 0.0105209 8.75682 95421 6 4615.5 0.522936 4.54599 3 6 3922.95 2.1268 3.50199 2 16 252.032 8.57699e-05 2.53663 5 
2.47417 0.000369276 -1 1.00071 0.196739 0.0107313 8.80318 95383.7 8 3537.81 0.693127 2.9073 2 5 3987.59 2.11088 4.52115 2 18 261.181 4.57084e-05 2.37348 5 
2.48512 0.000371129 -1 1.00287 0.19665 0.0109549 8.85285 95311.2 9 2730.58 0.639437 2.53154 3 6 2698.34 2.34224 3.23776 2 19 268.816 7.26865e-05 2.21658 5 
2.49631 0.000373049 -1 1.00506 0.196308 0.011193 8.89688 95299.9 10 7601.86 0.741522 2.51814 3 5 5716.33 1.86633 4.97996 2 15 167.116 9.08513e-05 2.61605 5 
2.50726 0.000374487 -1 1.00719 0.19563 0.0109497 8.93738 95326.3 6 6986.49 0.551274 4.82853 3 5 5567.19 2.01117 4.8802 2 13 91.1906 4.31783e-05 3.06559 5 
2.51656 0.000375729 -1 1.009 0.195525 0.0092969 8.96671 95471.3 6 2352.59 0.897442 3.71327 3 5 2027.89 4.07683 3.46214 2 9 40.8118 4.15699e-05 4.63211 5 
2.52604 0.000373953 -1 1.01085 0.195162 0.0094792 8.99329 95644.7 9 2687.99 0.799909 2.46502 3 5 3268.56 3.93166 3.83669 2 7 21.7802 7.09242e-05 6.07988 4 
2.53498 0.000374514 -1 1.0126 0.195201 0.00894264 9.02616 95750.2 5 2098.63 1.18332 4.46443 3 5 1925.94 4.37158 3.3791 2 16 20.5816 6.247e-05 2.2124 3 
2.54428 0.000374812 -1 1.01443 0.195435 0.00930034 9.06271 95815.9 10 3006.2 0.685997 2.31297 3 5 3952.34 2.47339 4.37233 2 16 14.4963 6.39049e-05 2.16139 3 
2.55419 0.0003744 -1 1.01638 0.195649 0.00990689 9.10393 95832.1 10 2125.23 0.750768 2.21406 3 5 2368.89 3.27823 3.73062 2 19 15.2219 8.19454e-05 1.89371 3 
2.5648 0.000375928 -1 1.01846 0.195815 0.0106145 9.1403 95898.8 5 1761 0.586775 4.95973 3 6 1661.07 1.98135 3.0707 2 18 17.5049 8.6976e-05 1.97085 3 
2.57596 0.000379961 -1 1.02062 0.19593 0.0111589 9.22297 95483.3 7 5208.76 0.420698 3.84309 3 7 2200.49 1.19584 2.92689 3 44 20.673 7.79527e-05 1.3282 4 
2.58742 0.000382145 -1 1.02285 0.195947 0.0114604 9.269 95451.1 10 3691.17 0.691322 2.35911 3 5 1371.78 0.895976 4.33508 3 16 22.1668 4.61154e-05 2.26525 5 
2.59956 0.00038369 -1 1.02522 0.196195 0.0121346 9.31365 95433.3 11 2129.02 0.462039 2.15301 4 6 1159.04 2.59116 2.76546 3 13 25.826 8.2456e-05 2.64702 5 
2.61207 0.000384478 -1 1.02768 0.195972 0.0125138 9.37204 95275.7 10 2214.35 0.446996 2.3415 5 6 1054.46 1.5005 2.98172 3 23 26.1046 8.28877e-05 1.73402 4 
2.625 0.000384153 -1 1.03024 0.195779 0.0129309 9.4126 95300.3 8 1906.07 0.519961 2.78947 4 6 1747.68 1.61221 3.20509 2 14 23.8833 7.1666e-05 2.48019 4 
2.63793 0.000384139 -1 1.03279 0.195471 0.0129309 9.45218 95334.7 7 1734.7 0.522299 3.18452 4 6 1498.87 2.1502 2.9777 3 15 19.1229 5.26062e-05 2.34802 4 
2.65134 0.000384371 -1 1.03537 0.194954 0.0134098 9.50461 95239.6 10 5186.42 0.488309 2.52707 4 6 2200.78 0.667046 3.85837 2 25 21.9052 7.69923e-05 1.65259 3 
2.66475 0.000385401 -1 1.03796 0.194466 0.0134098 9.55424 95173.7 13 3999.66 0.463772 2.00793 3 7 2374.32 1.46585 2.87404 3 20 23.5162 6.21763e-05 1.90058 3 
2.67872 0.00038484 -1 1.04068 0.194828 0.0139686 9.59705 95175.9 10 6476.18 0.406749 2.63148 3 6 3416.14 2.03809 3.44656 3 18 28.1287 6.68352e-05 2.0533 3 
2.68943 0.000385807 -1 1.04278 0.194442 0.0107093 9.64701 95107.6 10 7968.03 0.796757 2.5119 3 11 9853.11 3.3863 2.06488 4 18 29.2281 4.35294e-05 2.10728 4 
2.69978 0.000387375 -1 1.04482 0.19616 0.0103523 9.73766 94642.8 7 6569.01 0.756575 3.65312 2 27 10711.1 3.71005 1.34327 22 8 17.9104 4.73303e-05 4.98019 4 
2.71051 0.000389441 -1 1.04693 0.19608 0.010722 9.7795 94656.8 10 4126.35 0.841152 2.33921 3 3 7124.6 2.02634 15.206 21 10 17.2126 7.30388e-05 3.44532 4 
2.72164 0.000388713 -1 1.0491 0.196474 0.0111344 9.84534 94439.8 10 8693.32 0.739022 2.55301 3 3 7666.71 1.08237 19.2049 20 22 18.8041 5.86108e-05 1.77945 5 
2.73324 0.000387242 -1 1.05136 0.196013 0.0115983 9.91318 94206.7 7 4063.7 0.261955 3.96891 3 3 4014.39 1.06197 15.5777 18 25 23.856 6.34077e-05 1.67116 5 
2.74536 0.000389093 -1 1.05372 0.196121 0.0121255 9.97297 94052.7 7 5975.73 0.504221 3.81915 3 3 6047.04 0.531604 22.4898 17 21 29.6591 9.96117e-05 1.82247 5 
2.7581 0.000389544 -1 1.05623 0.196069 0.0127318 10.0253 93969.8 6 5610.85 0.469744 4.7811 3 3 3300.17 0.83992 15.7797 16 18 36.1727 7.36767e-05 2.07095 5 
2.77083 0.000391911 -1 1.05875 0.196017 0.0127318 10.0743 93920 12 5663.26 0.484283 2.18272 3 3 4343.2 1.16887 15.4887 15 13 39.7417 7.05544e-05 2.76926 5 
2.78229 0.000393735 -1 1.06101 0.196309 0.0114586 10.111 93984.3 7 6371.5 0.669721 3.70114 2 3 5680.71 1.65022 15.0992 14 11 34.7164 9.28388e-05 3.21084 4 
2.79374 0.000396424 -1 1.06326 0.197387 0.0114586 10.1568 93963.3 14 7388.73 0.709176 1.93636 3 4 6931.25 2.81475 7.04438 13 12 28.2121 4.44575e-05 3.04467 4 
2.8052 0.000398141 -1 1.0655 0.197254 0.0114586 10.2038 93932.4 9 7799.71 0.696889 2.8176 3 5 7707.88 2.38491 5.03376 12 13 27.9441 3.94714e-05 2.81839 4 
2.81738 0.000397716 -1 1.0679 0.198172 0.0121748 10.2494 93913.7 8 6668.58 0.267149 3.54536 2 5 9145.03 2.355 5.22203 11 17 37.1963 7.92396e-05 2.15586 3 
2.82879 0.000397488 -1 1.07017 0.197686 0.0114139 10.29 93941.4 9 9147.32 0.638643 2.89589 3 5 7641.01 2.34073 5.04382 9 13 37.0765 6.99329e-05 2.75638 3 
2.84021 0.000399936 -1 1.07245 0.199749 0.0114139 10.3406 93877.5 12 8520.52 0.710534 2.18729 3 5 9289.41 2.90913 5.02163 8 20 40.3882 8.51637e-05 1.92221 3 
2.85162 0.000401822 -1 1.07475 0.198823 0.0114139 10.4232 93526.8 6 5895.6 0.526889 4.72935 3 5 7531.64 2.78292 4.85823 7 50 43.9239 9.17289e-05 1.29898 3 
2.86303 0.000401491 -1 1.07703 0.2011 0.0114139 10.4643 93550.4 8 7192.73 0.439158 3.36344 2 5 7610.21 2.45389 4.99239 7 18 47.3347 4.58843e-05 2.15816 3 
2.87445 0.000403996 -1 1.0793 0.2003 0.0114139 10.5337 93323.6 12 8060.32 0.634029 2.19796 2 6 7773.5 2.86753 3.73409 7 26 50.8993 6.53703e-05 1.68496 5 
2.887 0.000403921 -1 1.0818 0.201872 0.0125552 10.5961 93160.1 12 6200.82 0.599862 2.16039 3 7 8675.4 2.07133 3.29181 6 21 51.8995 6.04164e-05 1.91678 5 
2.8983 0.000405759 -1 1.08409 0.201386 0.0112997 10.6882 92740.7 13 8160.17 0.741656 2.0459 3 7 6957.82 2.57482 3.09205 6 42 41.8839 8.15485e-05 1.36763 4 
2.9096 0.000406902 -1 1.08638 0.203102 0.0112997 10.7481 92605.1 11 7341.89 0.569885 2.36395 3 8 8893.77 2.81566 2.73803 6 21 47.7716 8.74184e-05 1.87593 4 
2.9209 0.000406254 -1 1.0887 0.202912 0.0112997 10.7993 92545 8 6702.41 0.625847 3.18948 3 10 6866.75 2.89814 2.17502 8 15 53.1091 6.43522e-05 2.47994 4 
2.9322 0.000407704 -1 1.09101 0.203718 0.0112997 10.8454 92529.4 7 6322.46 0.581506 3.77241 3 7 6612.73 2.46134 3.08949 7 15 58.5912 8.87656e-05 2.44328 4 
2.9435 0.000409907 -1 1.09329 0.203906 0.0112997 10.9052 92397.5 10 6959.67 0.547687 2.5728 3 6 6073.27 3.04342 3.54822 6 28 63.9957 9.02259e-05 1.61792 3 
2.9548 0.00040975 -1 1.09558 0.204492 0.0112997 10.9537 92362.8 10 5093.93 0.715062 2.42812 3 8 8286.83 2.99655 2.6929 4 19 69.6162 6.52501e-05 2.0762 3 
2.9661 0.000409063 -1 1.09789 0.204653 0.0112997 10.9889 92439.6 7 5436.12 0.699572 3.59567 2 8 5117.59 3.0269 2.53226 4 13 75.6094 4.81764e-05 2.99637 3 
2.9774 0.000409988 -1 1.10021 0.205087 0.0112997 11.0272 92489.7 9 5238.16 0.687615 2.6997 3 6 4686.35 2.51469 3.50799 3 15 80.7811 6.25665e-05 2.55504 3 
2.9887 0.000412514 -1 1.10255 0.204873 0.0112997 11.0815 92406.1 9 4647.46 0.718871 2.65092 3 6 4445.11 1.95187 3.6272 3 28 86.0879 6.88034e-05 1.65106 3 
3 0.000414344 -1 1.10489 0.205615 0.0112997 11.1135 92509 5 5151.99 0.765409 5.8293 3 6 4427.35 1.54524 3.7687 3 14 96.1889 5.53352e-05 2.79076 3 

# Multigrid, 251 steps, 179.191 CPU, 11.22 real, 9.16e+04 points.step/s, 24 var
