0.90985 0
0.910066 0.03125

0.910057 0.03125
0.910724 0.0625

0.910701 0.0625
0.911883 0.09375

0.91185 0.09375
0.913658 0.125

0.9136 0.125
0.916216 0.15625

0.916125 0.15625
0.919848 0.1875

0.919886 0.1875
0.924822 0.21875

0.924965 0.21875
0.930751 0.25

0.929259 0.25
0.9375 0.277741

0.934657 0.28125
0.9375 0.286879

0.9375 0.27705
0.938748 0.28125

0.9375 0.284664
0.958113 0.3125

0.953239 0.3125
0.96875 0.325635

0.96875 0.321256
1 0.336808

1 0.336463
1.03125 0.338906

1.03125 0.337832
1.0625 0.330001

1.0625 0.329434
1.09375 0.314612

1.125 0.294138
1.09682 0.3125

1.09375 0.313867
1.09601 0.3125

1.15625 0.269019
1.14157 0.28125

1.125 0.293236
1.14021 0.28125

1.1875 0.236608
1.17545 0.25

1.15625 0.267508
1.17418 0.25

1.21875 0.195774
1.20235 0.21875

1.1875 0.23538
1.20135 0.21875

1.25 0.13979
1.24252 0.15625

1.24225 0.15625
1.22421 0.1875

1.21875 0.195111
1.22387 0.1875

1.28037 0
1.2789 0.03125

1.27892 0.03125
1.27448 0.0625

1.27451 0.0625
1.26698 0.09375

1.26696 0.09375
1.2563 0.125

1.25 0.138863
1.2563 0.125

rising_k_provider_stats evaluations=7049 clamp_hits=0
