0.915041 0
0.915044 0.00390625

0.915044 0.00390625
0.915053 0.0078125

0.915053 0.0078125
0.915068 0.0117188

0.915068 0.0117188
0.91509 0.015625

0.91509 0.015625
0.915118 0.0195312

0.915118 0.0195312
0.915152 0.0234375

0.915152 0.0234375
0.915193 0.0273438

0.915193 0.0273438
0.91524 0.03125

0.91524 0.03125
0.915294 0.0351562

0.915293 0.0351562
0.915354 0.0390625

0.915354 0.0390625
0.91542 0.0429688

0.91542 0.0429688
0.915494 0.046875

0.915494 0.046875
0.915574 0.0507812

0.915574 0.0507812
0.915662 0.0546875

0.915662 0.0546875
0.915757 0.0585938

0.915757 0.0585938
0.915859 0.0625

0.915859 0.0625
0.915968 0.0664062

0.915968 0.0664062
0.916085 0.0703125

0.916085 0.0703125
0.91621 0.0742188

0.91621 0.0742188
0.916343 0.078125

0.916343 0.078125
0.916485 0.0820312

0.916485 0.0820312
0.916635 0.0859375

0.916635 0.0859375
0.916793 0.0898438

0.916793 0.0898438
0.916961 0.09375

0.916961 0.09375
0.917138 0.0976562

0.917138 0.0976562
0.917324 0.101562

0.917324 0.101562
0.917521 0.105469

0.917521 0.105469
0.917727 0.109375

0.917727 0.109375
0.917944 0.113281

0.917944 0.113281
0.917969 0.113701

0.917969 0.113699
0.918172 0.117188

0.918172 0.117188
0.918412 0.121094

0.918412 0.121094
0.918663 0.125

0.918663 0.125
0.918926 0.128906

0.918926 0.128906
0.919202 0.132812

0.919202 0.132812
0.919491 0.136719

0.91949 0.136719
0.919793 0.140625

0.919793 0.140625
0.920109 0.144531

0.920109 0.144531
0.92044 0.148438

0.92044 0.148438
0.920786 0.152344

0.920786 0.152344
0.921148 0.15625

0.921148 0.15625
0.921527 0.160156

0.921527 0.160156
0.921875 0.163597

0.921875 0.163595
0.921922 0.164062

0.921922 0.164062
0.922336 0.167969

0.922335 0.167969
0.922768 0.171875

0.922768 0.171875
0.92322 0.175781

0.923219 0.175781
0.923692 0.179688

0.923692 0.179688
0.924185 0.183594

0.924185 0.183594
0.924701 0.1875

0.924701 0.1875
0.925239 0.191406

0.925239 0.191406
0.925781 0.195169

0.925781 0.195167
0.925802 0.195312

0.925802 0.195312
0.926391 0.199219

0.92639 0.199219
0.927007 0.203125

0.927007 0.203125
0.927652 0.207031

0.927651 0.207031
0.928325 0.210938

0.928325 0.210938
0.929029 0.214844

0.929028 0.214844
0.929688 0.218335

0.929688 0.218332
0.929766 0.21875

0.929765 0.21875
0.930539 0.222656

0.930539 0.222656
0.931349 0.226562

0.931349 0.226562
0.932197 0.230469

0.932197 0.230469
0.933085 0.234375

0.933082 0.234375
0.933594 0.236517

0.933594 0.236508
0.934017 0.238281

0.934016 0.238281
0.934997 0.242188

0.934997 0.242188
0.936026 0.246094

0.936025 0.246094
0.937105 0.25

0.937099 0.25
0.9375 0.251375

0.9375 0.251358
0.938243 0.253906

0.938242 0.253906
0.939442 0.257812

0.939441 0.257812
0.940702 0.261719

0.940695 0.261719
0.941406 0.263804

0.941406 0.263786
0.942034 0.265625

0.942033 0.265625
0.943443 0.269531

0.94344 0.269531
0.944929 0.273438

0.944913 0.273438
0.945312 0.274424

0.945312 0.274387
0.946509 0.277344

0.946507 0.277344
0.948183 0.28125

0.948169 0.28125
0.949219 0.283547

0.949219 0.283521
0.949966 0.285156

0.949964 0.285156
0.951866 0.289062

0.951849 0.289062
0.953125 0.291513

0.953125 0.291483
0.953898 0.292969

0.953892 0.292969
0.956074 0.296875

0.956044 0.296875
0.957031 0.298517

0.957031 0.298467
0.958422 0.300781

0.958408 0.300781
0.960938 0.304669

0.960886 0.304688
0.960938 0.304764

0.960938 0.304675
0.960946 0.304688

0.960941 0.304688
0.963697 0.308594

0.963682 0.308594
0.964844 0.310158

0.964844 0.310079
0.966717 0.3125

0.966708 0.3125
0.96875 0.314945

0.96875 0.314901
0.970056 0.316406

0.970044 0.316406
0.972656 0.319217

0.972656 0.319181
0.973779 0.320312

0.973741 0.320312
0.976562 0.322977

0.976562 0.322949
0.978009 0.324219

0.977937 0.324219
0.980469 0.326346

0.980469 0.326333
0.982846 0.328125

0.982705 0.328125
0.984375 0.329334

0.984375 0.329275
0.988281 0.331852

0.988281 0.331856
0.988585 0.332031

0.988573 0.332031
0.992188 0.334123

0.992188 0.334103
0.995849 0.335938

0.995757 0.335938
0.996094 0.336106

0.996094 0.336071
1 0.337743

1 0.337719
1.00391 0.339138

1.00391 0.339147
1.00621 0.339844

1.00615 0.339844
1.00781 0.340345

1.00781 0.340323
1.01172 0.341254

1.01172 0.341247
1.01562 0.341966

1.01562 0.341966
1.01953 0.342488

1.01953 0.342486
1.02344 0.342816

1.02344 0.342815
1.02734 0.342959

1.02734 0.342958
1.03125 0.342922

1.03125 0.342921
1.03516 0.342711

1.03516 0.342709
1.03906 0.342335

1.03906 0.342332
1.04297 0.341803

1.04297 0.341802
1.04688 0.341126

1.04688 0.341125
1.05078 0.340306

1.05469 0.339346
1.05266 0.339844

1.05078 0.340309
1.05267 0.339844

1.05469 0.339346
1.05859 0.338244

1.05859 0.338239
1.0625 0.337009

1.06641 0.335665
1.06562 0.335938

1.0625 0.337008
1.0656 0.335938

1.06641 0.335662
1.07031 0.334188

1.07031 0.33418
1.07422 0.332594

1.07812 0.330902
1.07553 0.332031

1.07422 0.3326
1.07552 0.332031

1.07812 0.330886
1.08203 0.329073

1.08594 0.32717
1.084 0.328125

1.08203 0.32908
1.08397 0.328125

1.08594 0.327149
1.08984 0.325126

1.09375 0.323023
1.09155 0.324219

1.08984 0.325135
1.09153 0.324219

1.09375 0.323
1.09766 0.320775

1.10156 0.318475
1.09846 0.320312

1.09766 0.320781
1.09845 0.320312

1.10547 0.316069
1.10492 0.316406

1.10156 0.318468
1.10489 0.316406

1.10547 0.31604
1.10938 0.313537

1.11328 0.310967
1.11097 0.3125

1.10938 0.313538
1.11095 0.3125

1.11719 0.308289
1.11674 0.308594

1.11328 0.310953
1.1167 0.308594

1.11719 0.308253
1.12109 0.305476

1.125 0.302631
1.12219 0.304688

1.12109 0.305464
1.12219 0.304688

1.12891 0.299711
1.12746 0.300781

1.125 0.302617
1.12744 0.300781

1.13281 0.296666
1.13255 0.296875

1.12891 0.299679
1.13251 0.296875

1.13281 0.296636
1.13672 0.293509

1.14062 0.290302
1.13738 0.292969

1.13672 0.293501
1.13738 0.292969

1.14453 0.287017
1.14209 0.289062

1.14062 0.29028
1.14209 0.289062

1.14844 0.283638
1.14668 0.285156

1.14453 0.286972
1.14667 0.285156

1.15234 0.280161
1.15112 0.28125

1.14844 0.283593
1.1511 0.28125

1.15625 0.276593
1.15543 0.277344

1.15234 0.280126
1.1554 0.277344

1.16016 0.272932
1.15962 0.273438

1.15625 0.276563
1.15959 0.273438

1.16406 0.269175
1.1637 0.269531

1.16016 0.272904
1.16367 0.269531

1.16797 0.265321
1.16766 0.265625

1.16406 0.269146
1.16764 0.265625

1.17188 0.261363
1.17153 0.261719

1.16797 0.265294
1.1715 0.261719

1.17578 0.257299
1.17529 0.257812

1.17188 0.261337
1.17527 0.257812

1.17969 0.253126
1.17897 0.253906

1.17578 0.257276
1.17895 0.253906

1.18359 0.248838
1.18255 0.25

1.17969 0.25311
1.18253 0.25

1.1875 0.244431
1.18605 0.246094

1.18359 0.248836
1.18603 0.246094

1.19141 0.239901
1.18948 0.242188

1.1875 0.244443
1.18944 0.242188

1.19531 0.235271
1.1928 0.238281

1.19141 0.239915
1.19278 0.238281

1.19922 0.230495
1.19606 0.234375

1.19531 0.235268
1.19605 0.234375

1.20312 0.225569
1.20236 0.226562

1.20234 0.226562
1.19924 0.230469

1.19922 0.230492
1.19924 0.230469

1.20703 0.220481
1.20539 0.222656

1.20312 0.225551
1.20537 0.222656

1.21094 0.215243
1.20834 0.21875

1.20703 0.220482
1.20832 0.21875

1.21484 0.209826
1.21407 0.210938

1.21406 0.210938
1.21123 0.214844

1.21094 0.215242
1.21123 0.214844

1.21875 0.204219
1.21681 0.207031

1.21484 0.209813
1.21681 0.207031

1.22266 0.198421
1.22214 0.199219

1.22212 0.199219
1.2195 0.203125

1.21875 0.20422
1.21949 0.203125

1.22656 0.192378
1.22469 0.195312

1.22266 0.198402
1.22468 0.195312

1.23047 0.186112
1.22963 0.1875

1.22962 0.1875
1.22718 0.191406

1.22656 0.192375
1.22717 0.191406

1.23438 0.179584
1.23432 0.179688

1.2343 0.179688
1.23199 0.183594

1.23047 0.186091
1.23199 0.183594

1.23828 0.172714
1.23656 0.175781

1.23438 0.179559
1.23655 0.175781

1.24219 0.16553
1.24089 0.167969

1.24089 0.167969
1.23875 0.171875

1.23828 0.172706
1.23875 0.171875

1.24609 0.157964
1.24499 0.160156

1.24499 0.160156
1.24296 0.164062

1.24219 0.165518
1.24296 0.164062

1.25 0.149955
1.24887 0.152344

1.24886 0.152344
1.24695 0.15625

1.24609 0.157952
1.24695 0.15625

1.25391 0.141432
1.25252 0.144531

1.25252 0.144531
1.25072 0.148438

1.25 0.149944
1.25072 0.148438

1.25781 0.132301
1.2576 0.132812

1.2576 0.132812
1.25596 0.136719

1.25596 0.136719
1.25426 0.140625

1.25391 0.141425
1.25426 0.140625

1.26172 0.122387
1.26073 0.125

1.26072 0.125
1.25919 0.128906

1.25781 0.132284
1.25919 0.128906

1.26562 0.11153
1.26503 0.113281

1.26503 0.113281
1.26364 0.117188

1.26364 0.117188
1.26221 0.121094

1.26172 0.12238
1.26221 0.121094

1.26953 0.0993984
1.26888 0.101562

1.26887 0.101562
1.26764 0.105469

1.26764 0.105469
1.26636 0.109375

1.26562 0.111519
1.26636 0.109375

1.27344 0.0854722
1.27332 0.0859375

1.27332 0.0859375
1.27228 0.0898438

1.27228 0.0898438
1.27119 0.09375

1.27119 0.09375
1.27006 0.0976562

1.26953 0.0993901
1.27006 0.0976562

1.27734 0.0686019
1.27699 0.0703125

1.27699 0.0703125
1.27615 0.0742188

1.27614 0.0742188
1.27525 0.078125

1.27525 0.078125
1.27431 0.0820312

1.27344 0.0854609
1.27431 0.0820312

1.28125 0.0457322
1.2811 0.046875

1.2811 0.046875
1.28053 0.0507812

1.28053 0.0507812
1.27991 0.0546875

1.27991 0.0546875
1.27925 0.0585938

1.27925 0.0585938
1.27854 0.0625

1.27854 0.0625
1.27779 0.0664062

1.27734 0.0685952
1.27779 0.0664062

1.28436 0
1.28433 0.00390625

1.28433 0.00390625
1.28427 0.0078125

1.28427 0.0078125
1.28415 0.0117188

1.28415 0.0117188
1.284 0.015625

1.284 0.015625
1.28379 0.0195312

1.28379 0.0195312
1.28354 0.0234375

1.28354 0.0234375
1.28325 0.0273438

1.28325 0.0273438
1.28291 0.03125

1.28291 0.03125
1.28252 0.0351562

1.28252 0.0351562
1.28209 0.0390625

1.28209 0.0390625
1.28162 0.0429688

1.28125 0.045727
1.28162 0.0429688

rising_k_provider_stats evaluations=1218535 clamp_hits=0
