0 0.00996391
0.0338878 0.0099578
0.0677756 0.00994064
0.101663 0.0099128
0.135551 0.00987474
0.169439 0.00982667
0.203327 0.0097684
0.237215 0.00970052
0.271102 0.00962323
0.30499 0.00953674
0.338878 0.00944124
0.372766 0.0093369
0.406653 0.00922389
0.440541 0.00910239
0.474429 0.00897256
0.508317 0.00883457
0.542205 0.0086886
0.576092 0.00853483
0.60998 0.00837344
0.643868 0.00820465
0.677756 0.0080287
0.711644 0.00784585
0.745531 0.00765636
0.779419 0.00746052
0.813307 0.00725858
0.847195 0.00705079
0.881082 0.0068374
0.91497 0.00661865
0.948858 0.00639481
0.982746 0.00616615
1.01663 0.00593293
1.05052 0.0056954
1.08441 0.00545384
1.1183 0.00520851
1.15218 0.00495965
1.18607 0.00470755
1.21996 0.00445248
1.25385 0.00419471
1.28774 0.00393449
1.32162 0.0036721
1.35551 0.00340781
1.3894 0.00314189
1.42329 0.00287459
1.45717 0.00260623
1.49106 0.00233709
1.52495 0.00206745
1.55884 0.00179757
1.59273 0.00152771
1.62661 0.00125814
1.6605 0.000989053
1.69439 0.00072071
1.72828 0.000453433
1.76216 0.000187474
1.79605 7.67751e-05
1.82994 0.000339333
1.86383 0.000599786
1.89772 0.000857921
1.9316 0.00111351
1.96549 0.00136627
1.99938 0.00161599
2.03327 0.00186244
2.06716 0.00210549
2.10104 0.00234491
2.13493 0.00258052
2.16882 0.00281211
2.20271 0.0030395
2.23659 0.0032625
2.27048 0.00348091
2.30437 0.00369456
2.33826 0.00390327
2.37215 0.00410688
2.40603 0.00430522
2.43992 0.00449814
2.47381 0.00468553
2.5077 0.00486724
2.54158 0.00504315
2.57547 0.00521315
2.60936 0.0053771
2.64325 0.00553488
2.67714 0.0056864
2.71102 0.00583154
2.74491 0.0059702
2.7788 0.00610229
2.81269 0.00622773
2.84657 0.00634642
2.88046 0.00645831
2.91435 0.00656332
2.94824 0.0066614
2.98213 0.0067525
3.01601 0.00683658
3.0499 0.0069136
3.08379 0.00698358
3.11768 0.00704648
3.15156 0.00710226
3.18545 0.00715092
3.21934 0.00719246
3.25323 0.0072269
3.28712 0.00725424
3.321 0.00727453
3.35489 0.00728778
3.38878 0.00729405
3.42267 0.00729337
3.45655 0.00728579
3.49044 0.00727137
3.52433 0.00725019
3.55822 0.0072223
3.59211 0.00718778
3.62599 0.00714671
3.65988 0.00709918
3.69377 0.00704528
3.72766 0.0069851
3.76154 0.00691876
3.79543 0.00684635
3.82932 0.00676805
3.86321 0.00668393
3.8971 0.00659411
3.93098 0.0064987
3.96487 0.00639784
3.99876 0.00629165
4.03265 0.00618027
4.06653 0.00606384
4.10042 0.0059425
4.13431 0.00581641
4.1682 0.00568571
4.20209 0.00555055
4.23597 0.0054111
4.26986 0.00526749
4.30375 0.00511991
4.33764 0.0049685
4.37152 0.00481343
4.40541 0.00465487
4.4393 0.00449299
4.47319 0.00432798
4.50708 0.00416001
4.54096 0.00398927
4.57485 0.00381594
4.60874 0.0036402
4.64263 0.00346223
4.67651 0.00328222
4.7104 0.00310038
4.74429 0.0029169
4.77818 0.00273198
4.81207 0.00254579
4.84595 0.00235849
4.87984 0.00217026
4.91373 0.00198128
4.94762 0.00179184
4.9815 0.00160204
5.01539 0.00141208
5.04928 0.00122219
5.08317 0.00103252
5.11706 0.000843224
5.15094 0.000654496
5.18483 0.000466543
5.21872 0.000279486
5.25261 9.35002e-05
5.28649 9.10897e-05
5.32038 0.000274236
5.35427 0.000455791
5.38816 0.000635591
5.42205 0.000813434
5.45593 0.000989143
5.48982 0.00116255
5.52371 0.00133349
5.5576 0.00150183
5.59149 0.00166745
5.62537 0.00183024
5.65926 0.00199007
5.69315 0.00214684
5.72704 0.00230043
5.76092 0.00245071
5.79481 0.00259755
5.8287 0.00274085
5.86259 0.00288048
5.89648 0.00301633
5.93036 0.00314831
5.96425 0.00327634
5.99814 0.00340031
6.03203 0.00352015
6.06591 0.00363577
6.0998 0.0037471
6.13369 0.00385406
6.16758 0.00395657
6.20147 0.00405456
6.23535 0.00414797
6.26924 0.00423674
6.30313 0.00432082
6.33702 0.00440016
6.3709 0.00447472
6.40479 0.0045445
6.43868 0.00460942
6.47257 0.00466944
6.50646 0.00472453
6.54034 0.00477467
6.57423 0.00481986
6.60812 0.00486007
6.64201 0.00489531
6.67589 0.00492558
6.70978 0.00495088
6.74367 0.00497123
6.77756 0.00498664
6.81145 0.00499713
6.84533 0.00500273
6.87922 0.00500347
6.91311 0.00499939
6.947 0.00499052
6.98088 0.00497692
7.01477 0.00495862
7.04866 0.00493568
7.08255 0.00490816
7.11644 0.00487612
7.15032 0.00483962
7.18421 0.00479873
7.2181 0.00475353
7.25199 0.00470408
7.28587 0.00465048
7.31976 0.00459282
7.35365 0.00453118
7.38754 0.00446564
7.42143 0.00439627
7.45531 0.00432317
7.4892 0.00424646
7.52309 0.00416626
7.55698 0.00408264
7.59086 0.00399569
7.62475 0.00390553
7.65864 0.00381227
7.69253 0.00371601
7.72642 0.00361686
7.7603 0.00351494
7.79419 0.00341035
7.82808 0.00330322
7.86197 0.00319365
7.89585 0.00308177
7.92974 0.00296771
7.96363 0.0028516
7.99752 0.00273355
8.03141 0.00261371
8.06529 0.00249218
8.09918 0.00236908
8.13307 0.00224455
8.16696 0.00211871
8.20084 0.00199173
8.23473 0.00186373
8.26862 0.00173486
8.30251 0.00160523
8.3364 0.00147495
8.37028 0.00134412
8.40417 0.00121288
8.43806 0.00108135
8.47195 0.000949681
8.50583 0.000818035
8.53972 0.00068656
8.57361 0.0005554
8.6075 0.000424672
8.64139 0.000294513
8.67527 0.000164985
8.70916 3.61876e-05
8.74305 9.19743e-05
8.77694 0.000218938
8.81082 0.000344724
8.84471 0.000469241
8.8786 0.000592403
8.91249 0.000714127
8.94638 0.000834302
8.98026 0.000952832
9.01415 0.00106961
9.04804 0.00118455
9.08193 0.00129754
9.11582 0.00140849
9.1497 0.0015173
9.18359 0.00162388
9.21748 0.00172815
9.25137 0.00183002
9.28525 0.00192941
9.31914 0.00202625
9.35303 0.00212048
9.38692 0.00221202
9.42081 0.00230081
9.45469 0.0023868
9.48858 0.00246992
9.52247 0.0025501
9.55636 0.00262734
9.59024 0.00270155
9.62413 0.00277269
9.65802 0.0028407
9.69191 0.00290554
9.7258 0.00296715
9.75968 0.0030255
9.79357 0.00308055
9.82746 0.00313227
9.86135 0.00318064
9.89523 0.00322563
9.92912 0.00326721
9.96301 0.00330539
9.9969 0.00334014
10.0308 0.00337144
10.0647 0.0033993
10.0986 0.00342371
10.1324 0.00344467
10.1663 0.00346218
10.2002 0.00347626
10.2341 0.0034869
10.268 0.00349413
10.3019 0.00349796
10.3358 0.00349841
10.3697 0.00349551
10.4036 0.00348929
10.4374 0.00347977
10.4713 0.003467
10.5052 0.003451
10.5391 0.00343182
10.573 0.00340949
10.6069 0.00338407
10.6408 0.00335559
10.6747 0.00332412
10.7085 0.0032897
10.7424 0.00325238
10.7763 0.00321223
10.8102 0.0031693
10.8441 0.00312366
10.878 0.00307536
10.9119 0.00302448
10.9458 0.00297108
10.9796 0.00291522
11.0135 0.00285698
11.0474 0.00279643
11.0813 0.00273366
11.1152 0.00266872
11.1491 0.00260168
11.183 0.00253265
11.2169 0.00246168
11.2507 0.00238888
11.2846 0.0023143
11.3185 0.00223805
11.3524 0.00216021
11.3863 0.00208085
11.4202 0.00200007
11.4541 0.00191794
11.488 0.0018346
11.5218 0.00175011
11.5557 0.00166457
11.5896 0.00157804
11.6235 0.00149061
11.6574 0.00140236
11.6913 0.00131338
11.7252 0.00122376
11.7591 0.00113361
11.793 0.00104303
11.8268 0.000952138
11.8607 0.000861003
11.8946 0.000769712
11.9285 0.000678357
11.9624 0.000586988
11.9963 0.000495678
12.0302 0.000404513
12.0641 0.000313585
12.0979 0.000222996
12.1318 0.000132872
12.1657 4.32934e-05
12.1996 4.52754e-05
12.2335 0.000133531
12.2674 0.00022102
12.3013 0.000307653
12.3352 0.000393338
12.369 0.000477991
12.4029 0.000561532
12.4368 0.000643893
12.4707 0.000725012
12.5046 0.000804891
12.5385 0.000883397
12.5724 0.000960512
12.6063 0.00103611
12.6401 0.00111019
12.674 0.00118268
12.7079 0.00125354
12.7418 0.0013227
12.7757 0.00139008
12.8096 0.00145566
12.8435 0.00151936
12.8774 0.00158115
12.9112 0.00164099
12.9451 0.00169883
12.979 0.00175462
13.0129 0.00180834
13.0468 0.00185994
13.0807 0.00190939
13.1146 0.00195666
13.1485 0.00200171
13.1823 0.00204453
13.2162 0.00208508
13.2501 0.00212334
13.284 0.00215929
13.3179 0.00219292
13.3518 0.00222419
13.3857 0.00225311
13.4196 0.00227966
13.4535 0.00230382
13.4873 0.00232559
13.5212 0.00234497
13.5551 0.00236195
13.589 0.00237653
13.6229 0.00238872
13.6568 0.00239852
13.6907 0.00240594
13.7246 0.002411
13.7584 0.0024137
13.7923 0.00241406
13.8262 0.00241209
13.8601 0.00240782
13.894 0.00240126
13.9279 0.00239244
13.9618 0.00238138
13.9957 0.0023681
14.0295 0.00235265
14.0634 0.00233504
14.0973 0.00231532
14.1312 0.00229351
14.1651 0.00226965
14.199 0.00224378
14.2329 0.00221594
14.2668 0.00218617
14.3006 0.00215452
14.3345 0.00212102
14.3684 0.00208573
14.4023 0.00204868
14.4362 0.00200994
14.4701 0.00196954
14.504 0.00192754
14.5379 0.00188399
14.5717 0.00183894
14.6056 0.00179244
14.6395 0.00174456
14.6734 0.00169534
14.7073 0.00164484
14.7412 0.00159312
14.7751 0.00154023
14.809 0.00148625
14.8429 0.00143122
14.8767 0.0013752
14.9106 0.00131824
14.9445 0.0012604
14.9784 0.00120175
15.0123 0.00114235
15.0462 0.00108228
15.0801 0.00102161
15.114 0.000960407
15.1478 0.000898729
15.1817 0.000836628
15.2156 0.000774153
15.2495 0.000711353
15.2834 0.000648284
15.3173 0.000585011
15.3512 0.000521604
15.3851 0.000458141
15.4189 0.000394698
15.4528 0.000331348
15.4867 0.000268159
15.5206 0.000205189
15.5545 0.000142494
15.5884 8.0114e-05
15.6223 1.80983e-05
15.6562 4.36479e-05
15.69 0.000104825
15.7239 0.000165434
15.7578 0.000225422
15.7917 0.000284758
15.8256 0.000343386
15.8595 0.000401258
15.8934 0.000458332
15.9273 0.000514559
15.9611 0.000569896
15.995 0.000624297
16.0289 0.000677716
16.0628 0.000730108
16.0967 0.000781429
16.1306 0.000831635
16.1645 0.000880685
16.1984 0.000928539
16.2323 0.000975159
16.2661 0.00102051
16.3 0.00106456
16.3339 0.00110728
16.3678 0.00114863
16.4017 0.00118859
16.4356 0.00122713
16.4695 0.00126423
16.5034 0.00129986
16.5372 0.00133399
16.5711 0.00136661
16.605 0.00139768
16.6389 0.00142721
16.6728 0.00145516
16.7067 0.00148152
16.7406 0.00150627
16.7745 0.00152941
16.8083 0.00155092
16.8422 0.00157078
16.8761 0.001589
16.91 0.00160557
16.9439 0.00162048
16.9778 0.00163373
17.0117 0.00164533
17.0456 0.00165527
17.0794 0.00166355
17.1133 0.00167018
17.1472 0.00167516
17.1811 0.00167851
17.215 0.00168022
17.2489 0.0016803
17.2828 0.00167877
17.3167 0.00167565
17.3505 0.00167093
17.3844 0.00166465
17.4183 0.00165682
17.4522 0.00164745
17.4861 0.00163658
17.52 0.00162421
17.5539 0.00161037
17.5878 0.0015951
17.6216 0.0015784
17.6555 0.00156031
17.6894 0.00154086
17.7233 0.00152007
17.7572 0.00149798
17.7911 0.00147461
17.825 0.00144999
17.8589 0.00142417
17.8928 0.00139717
17.9266 0.00136902
17.9605 0.00133977
17.9944 0.00130944
18.0283 0.00127808
18.0622 0.00124572
18.0961 0.0012124
18.13 0.00117816
18.1639 0.00114303
18.1977 0.00110707
18.2316 0.0010703
18.2655 0.00103277
18.2994 0.000994525
18.3333 0.0009556
18.3672 0.000916036
18.4011 0.000875871
18.435 0.000835143
18.4688 0.000793895
18.5027 0.000752172
18.5366 0.000710023
18.5705 0.000667497
18.6044 0.000624646
18.6383 0.000581516
18.6722 0.000538154
18.7061 0.000494599
18.7399 0.000450888
18.7738 0.000407057
18.8077 0.000363139
18.8416 0.000319173
18.8755 0.000275198
18.9094 0.00023126
18.9433 0.000187404
18.9772 0.00014368
19.011 0.000100134
19.0449 5.68141e-05
19.0788 1.37647e-05
19.1127 2.86234e-05
19.1466 7.10162e-05
19.1805 0.000113039
19.2144 0.000154653
19.2483 0.000195819
19.2822 0.000236499
19.316 0.000276651
19.3499 0.000316235
19.3838 0.000355214
19.4177 0.000393558
19.4516 0.000431239
19.4855 0.00046823
19.5194 0.000504503
19.5533 0.000540029
19.5871 0.00057478
19.621 0.000608726
19.6549 0.000641842
19.6888 0.000674101
19.7227 0.00070548
19.7566 0.000735954
19.7905 0.000765503
19.8244 0.000794104
19.8582 0.000821737
19.8921 0.000848381
19.926 0.000874018
19.9599 0.000898632
19.9938 0.000922205
20.0277 0.000944724
20.0616 0.000966173
20.0955 0.000986542
20.1293 0.00100582
20.1632 0.001024
20.1971 0.00104107
20.231 0.00105701
20.2649 0.00107183
20.2988 0.00108552
20.3327 0.00109806
20.3666 0.00110946
20.4004 0.00111971
20.4343 0.0011288
20.4682 0.00113675
20.5021 0.00114354
20.536 0.00114918
20.5699 0.00115367
20.6038 0.00115702
20.6377 0.00115924
20.6716 0.00116032
20.7054 0.00116028
20.7393 0.00115912
20.7732 0.00115685
20.8071 0.00115349
20.841 0.00114904
20.8749 0.00114352
20.9088 0.00113694
20.9427 0.00112931
20.9765 0.00112065
21.0104 0.00111097
21.0443 0.00110029
21.0782 0.00108864
21.1121 0.00107602
21.146 0.00106245
21.1799 0.00104796
21.2138 0.00103257
21.2476 0.0010163
21.2815 0.000999166
21.3154 0.000981195
21.3493 0.000962411
21.3832 0.000942836
21.4171 0.000922495
21.451 0.000901413
21.4849 0.000879616
21.5187 0.00085713
21.5526 0.00083398
21.5865 0.000810195
21.6204 0.000785801
21.6543 0.000760827
21.6882 0.0007353
21.7221 0.00070925
21.756 0.000682705
21.7898 0.000655694
21.8237 0.000628243
21.8576 0.000600381
21.8915 0.000572134
21.9254 0.000543534
21.9593 0.000514619
21.9932 0.00048541
22.0271 0.000455938
22.061 0.000426242
22.0948 0.00039635
22.1287 0.000366288
22.1626 0.000336086
22.1965 0.000305775
22.2304 0.000275388
22.2643 0.000244958
22.2982 0.000214517
22.3321 0.000184101
22.3659 0.000153716
22.3998 0.000123388
22.4337 9.31435e-05
22.4676 6.30133e-05
22.5015 3.30391e-05
22.5354 3.24411e-06
22.5693 2.63419e-05
22.6032 5.56568e-05
22.637 8.46996e-05
22.6709 0.000113449
22.7048 0.000141891
22.7387 0.000169993
22.7726 0.000197732
22.8065 0.000225084
22.8404 0.000252026
22.8743 0.000278535
22.9081 0.000304591
22.942 0.00033017
22.9759 0.00035525
23.0098 0.000379811
23.0437 0.000403831
23.0776 0.00042729
23.1115 0.00045017
23.1454 0.000472452
23.1792 0.00049412
23.2131 0.000515159
23.247 0.000535553
23.2809 0.000555288
23.3148 0.00057435
23.3487 0.000592726
23.3826 0.000610402
23.4165 0.000627367
23.4503 0.000643609
23.4842 0.000659117
23.5181 0.000673882
23.552 0.000687897
23.5859 0.000701153
23.6198 0.000713643
23.6537 0.000725361
23.6876 0.000736301
23.7215 0.000746458
23.7553 0.000755829
23.7892 0.00076441
23.8231 0.000772198
23.857 0.000779192
23.8909 0.000785389
23.9248 0.00079079
23.9587 0.000795393
23.9926 0.000799201
24.0264 0.000802215
24.0603 0.000804437
24.0942 0.000805871
24.1281 0.000806521
24.162 0.000806391
24.1959 0.000805488
24.2298 0.000803817
24.2637 0.000801387
24.2975 0.000798204
24.3314 0.000794278
24.3653 0.000789618
24.3992 0.000784233
24.4331 0.000778135
24.467 0.000771334
24.5009 0.000763842
24.5348 0.000755671
24.5686 0.000746835
24.6025 0.000737346
24.6364 0.000727218
24.6703 0.000716466
24.7042 0.000705104
24.7381 0.000693149
24.772 0.000680615
24.8059 0.000667519
24.8397 0.000653878
24.8736 0.000639709
24.9075 0.000625028
24.9414 0.000609855
24.9753 0.000594206
