0 0.00999097
0.0338878 0.00998507
0.0677756 0.00996816
0.101663 0.00994064
0.135551 0.00990278
0.169439 0.00985466
0.203327 0.00979648
0.237215 0.00972847
0.271102 0.00965086
0.30499 0.00956387
0.338878 0.00946772
0.372766 0.00936265
0.406653 0.00924887
0.440541 0.00912657
0.474429 0.00899595
0.508317 0.00885718
0.542205 0.00871045
0.576092 0.00855597
0.60998 0.00839395
0.643868 0.00822466
0.677756 0.00804832
0.711644 0.00786516
0.745531 0.00767539
0.779419 0.00747974
0.813307 0.00727801
0.847195 0.00707039
0.881082 0.0068572
0.91497 0.00663865
0.948858 0.006415
0.982746 0.00618648
1.01663 0.00595335
1.05052 0.00571585
1.08441 0.00547426
1.1183 0.00522883
1.15218 0.00497984
1.18607 0.00472755
1.21996 0.00447222
1.25385 0.00421414
1.28774 0.00395357
1.32162 0.00369072
1.35551 0.0034259
1.3894 0.00315942
1.42329 0.00289155
1.45717 0.00262258
1.49106 0.00235275
1.52495 0.00208235
1.55884 0.00181166
1.59273 0.00154095
1.62661 0.00127048
1.6605 0.00100052
1.69439 0.000731355
1.72828 0.000463236
1.76216 0.000196419
1.79605 6.86809e-05
1.82994 0.000332086
1.86383 0.000593394
1.89772 0.000852356
1.9316 0.00110873
1.96549 0.00136228
1.99938 0.0016128
2.03327 0.00186007
2.06716 0.00210388
2.10104 0.00234402
2.13493 0.00258029
2.16882 0.00281249
2.20271 0.00304043
2.23659 0.00326393
2.27048 0.00348282
2.30437 0.00369691
2.33826 0.00390606
2.37215 0.00411002
2.40603 0.00430871
2.43992 0.00450198
2.47381 0.0046897
2.5077 0.00487172
2.54158 0.00504791
2.57547 0.00521815
2.60936 0.00538232
2.64325 0.00554029
2.67714 0.00569196
2.71102 0.00583721
2.74491 0.00597596
2.7788 0.0061081
2.81269 0.00623356
2.84657 0.00635226
2.88046 0.00646412
2.91435 0.0065691
2.94824 0.00666711
2.98213 0.00675814
3.01601 0.00684212
3.0499 0.00691903
3.08379 0.00698884
3.11768 0.00705154
3.15156 0.0071071
3.18545 0.00715554
3.21934 0.00719685
3.25323 0.00723105
3.28712 0.00725814
3.321 0.00727816
3.35489 0.00729113
3.38878 0.0072971
3.42267 0.0072961
3.45655 0.0072882
3.49044 0.00727345
3.52433 0.00725191
3.55822 0.00722367
3.59211 0.00718878
3.62599 0.00714734
3.65988 0.00709944
3.69377 0.00704516
3.72766 0.00698461
3.76154 0.00691788
3.79543 0.00684509
3.82932 0.00676635
3.86321 0.00668177
3.8971 0.00659147
3.93098 0.00649559
3.96487 0.00639424
3.99876 0.00628756
4.03265 0.0061757
4.06653 0.00605878
4.10042 0.00593695
4.13431 0.00581037
4.1682 0.00567918
4.20209 0.00554354
4.23597 0.00540361
4.26986 0.00525954
4.30375 0.00511149
4.33764 0.00495966
4.37152 0.00480419
4.40541 0.00464525
4.4393 0.00448304
4.47319 0.00431771
4.50708 0.00414945
4.54096 0.00397843
4.57485 0.0038048
4.60874 0.00362876
4.64263 0.00345051
4.67651 0.00327026
4.7104 0.00308819
4.74429 0.00290448
4.77818 0.00271932
4.81207 0.00253291
4.84595 0.00234542
4.87984 0.00215706
4.91373 0.001968
4.94762 0.00177844
4.9815 0.00158857
5.01539 0.00139856
5.04928 0.00120861
5.08317 0.00101889
5.11706 0.000829585
5.15094 0.00064088
5.18483 0.000452958
5.21872 0.000265985
5.25261 8.01285e-05
5.28649 0.000104295
5.32038 0.000287367
5.35427 0.000468787
5.38816 0.000648391
5.42205 0.00082604
5.45593 0.00100157
5.48982 0.00117482
5.52371 0.00134567
5.5576 0.00151396
5.59149 0.00167956
5.62537 0.00184233
5.65926 0.00200213
5.69315 0.00215884
5.72704 0.00231234
5.76092 0.00246249
5.79481 0.0026092
5.8287 0.00275234
5.86259 0.0028918
5.89648 0.00302748
5.93036 0.00315929
5.96425 0.00328712
5.99814 0.00341087
6.03203 0.00353047
6.06591 0.00364582
6.0998 0.00375684
6.13369 0.00386345
6.16758 0.00396557
6.20147 0.00406312
6.23535 0.00415606
6.26924 0.00424433
6.30313 0.00432788
6.33702 0.00440666
6.3709 0.00448063
6.40479 0.00454975
6.43868 0.00461399
6.47257 0.00467332
6.50646 0.00472772
6.54034 0.00477717
6.57423 0.00482166
6.60812 0.00486118
6.64201 0.00489573
6.67589 0.00492532
6.70978 0.00494995
6.74367 0.00496964
6.77756 0.0049844
6.81145 0.00499425
6.84533 0.00499923
6.87922 0.00499936
6.91311 0.00499469
6.947 0.00498524
6.98088 0.00497107
7.01477 0.00495222
7.04866 0.00492874
7.08255 0.00490071
7.11644 0.00486816
7.15032 0.00483117
7.18421 0.00478981
7.2181 0.00474414
7.25199 0.00469425
7.28587 0.0046402
7.31976 0.00458208
7.35365 0.00451998
7.38754 0.00445398
7.42143 0.00438417
7.45531 0.00431064
7.4892 0.0042335
7.52309 0.00415283
7.55698 0.00406874
7.59086 0.00398134
7.62475 0.00389072
7.65864 0.00379697
7.69253 0.00370023
7.72642 0.00360061
7.7603 0.00349824
7.79419 0.00339322
7.82808 0.00328568
7.86197 0.00317574
7.89585 0.00306351
7.92974 0.00294912
7.96363 0.0028327
7.99752 0.00271437
8.03141 0.00259426
8.06529 0.0024725
8.09918 0.0023492
8.13307 0.00222452
8.16696 0.00209857
8.20084 0.00197148
8.23473 0.00184339
8.26862 0.00171443
8.30251 0.00158473
8.3364 0.00145441
8.37028 0.00132362
8.40417 0.00119247
8.43806 0.0010611
8.47195 0.000929633
8.50583 0.000798197
8.53972 0.000666922
8.57361 0.000535938
8.6075 0.000405364
8.64139 0.000275316
8.67527 0.000145919
8.70916 1.72998e-05
8.74305 0.000110228
8.77694 0.000236933
8.81082 0.00036251
8.84471 0.000486838
8.8786 0.000609805
8.91249 0.000731307
8.94638 0.000851253
8.98026 0.000969534
9.01415 0.00108605
9.04804 0.00120069
9.08193 0.00131338
9.11582 0.00142401
9.1497 0.00153251
9.18359 0.00163877
9.21748 0.00174272
9.25137 0.00184427
9.28525 0.00194334
9.31914 0.00203986
9.35303 0.00213376
9.38692 0.00222496
9.42081 0.0023134
9.45469 0.002399
9.48858 0.00248172
9.52247 0.00256149
9.55636 0.00263825
9.59024 0.00271196
9.62413 0.00278255
9.65802 0.00284999
9.69191 0.00291422
9.7258 0.00297522
9.75968 0.00303294
9.79357 0.00308735
9.82746 0.00313843
9.86135 0.00318614
9.89523 0.00323046
9.92912 0.00327137
9.96301 0.00330887
9.9969 0.00334293
10.0308 0.00337356
10.0647 0.00340073
10.0986 0.00342446
10.1324 0.00344475
10.1663 0.0034616
10.2002 0.00347501
10.2341 0.00348501
10.268 0.00349161
10.3019 0.00349482
10.3358 0.00349466
10.3697 0.00349117
10.4036 0.00348437
10.4374 0.00347429
10.4713 0.00346096
10.5052 0.00344442
10.5391 0.00342471
10.573 0.00340187
10.6069 0.00337595
10.6408 0.00334699
10.6747 0.00331504
10.7085 0.00328016
10.7424 0.00324239
10.7763 0.0032018
10.8102 0.00315844
10.8441 0.00311238
10.878 0.00306368
10.9119 0.00301239
10.9458 0.0029586
10.9796 0.00290237
11.0135 0.00284376
11.0474 0.00278286
11.0813 0.00271973
11.1152 0.00265446
11.1491 0.00258711
11.183 0.00251777
11.2169 0.00244652
11.2507 0.00237344
11.2846 0.00229861
11.3185 0.00222212
11.3524 0.00214404
11.3863 0.00206448
11.4202 0.00198351
11.4541 0.00190122
11.488 0.0018177
11.5218 0.00173303
11.5557 0.00164732
11.5896 0.00156064
11.6235 0.00147308
11.6574 0.00138475
11.6913 0.00129573
11.7252 0.0012061
11.7591 0.00111596
11.793 0.00102541
11.8268 0.000934525
11.8607 0.0008434
11.8946 0.000752125
11.9285 0.00066079
11.9624 0.000569484
11.9963 0.000478292
12.0302 0.000387297
12.0641 0.000296589
12.0979 0.000206257
12.1318 0.000116384
12.1657 2.70501e-05
12.1996 6.14945e-05
12.2335 0.000149492
12.2674 0.000236703
12.3013 0.000323054
12.3352 0.000408475
12.369 0.000492878
12.4029 0.000576189
12.4368 0.000658342
12.4707 0.000739265
12.5046 0.000818891
12.5385 0.000897155
12.5724 0.000973996
12.6063 0.00104935
12.6401 0.00112315
12.674 0.00119534
12.7079 0.00126586
12.7418 0.00133466
12.7757 0.00140169
12.8096 0.00146689
12.8435 0.00153021
12.8774 0.00159162
12.9112 0.00165105
12.9451 0.00170848
12.979 0.00176386
13.0129 0.00181714
13.0468 0.0018683
13.0807 0.0019173
13.1146 0.00196411
13.1485 0.0020087
13.1823 0.00205103
13.2162 0.0020911
13.2501 0.00212886
13.284 0.00216431
13.3179 0.00219742
13.3518 0.00222818
13.3857 0.00225658
13.4196 0.0022826
13.4535 0.00230624
13.4873 0.0023275
13.5212 0.00234636
13.5551 0.00236283
13.589 0.00237691
13.6229 0.0023886
13.6568 0.00239792
13.6907 0.00240486
13.7246 0.00240944
13.7584 0.00241167
13.7923 0.00241156
13.8262 0.00240914
13.8601 0.00240443
13.894 0.00239743
13.9279 0.00238818
13.9618 0.00237671
13.9957 0.00236303
14.0295 0.00234718
14.0634 0.00232919
14.0973 0.0023091
14.1312 0.00228693
14.1651 0.00226272
14.199 0.00223651
14.2329 0.00220835
14.2668 0.00217826
14.3006 0.0021463
14.3345 0.0021125
14.3684 0.00207692
14.4023 0.0020396
14.4362 0.00200059
14.4701 0.00195993
14.504 0.00191768
14.5379 0.00187388
14.5717 0.0018286
14.6056 0.00178189
14.6395 0.00173379
14.6734 0.00168437
14.7073 0.00163368
14.7412 0.00158179
14.7751 0.00152874
14.809 0.0014746
14.8429 0.00141942
14.8767 0.00136328
14.9106 0.00130622
14.9445 0.00124831
14.9784 0.00118962
15.0123 0.00113019
15.0462 0.0010701
15.0801 0.00100941
15.114 0.000948173
15.1478 0.000886463
15.1817 0.000824341
15.2156 0.000761869
15.2495 0.000699107
15.2834 0.000636119
15.3173 0.000572968
15.3512 0.000509714
15.3851 0.000446418
15.4189 0.000383144
15.4528 0.000319955
15.4867 0.00025691
15.5206 0.000194064
15.5545 0.000131472
15.5884 6.91955e-05
15.6223 7.30119e-06
15.6562 5.39778e-05
15.69 0.000114944
15.7239 0.00017536
15.7578 0.000235177
15.7917 0.000294346
15.8256 0.000352813
15.8595 0.000410525
15.8934 0.00046743
15.9273 0.00052348
15.9611 0.000578627
15.995 0.000632829
16.0289 0.000686042
16.0628 0.00073822
16.0967 0.000789321
16.1306 0.000839303
16.1645 0.000888126
16.1984 0.000935751
16.2323 0.000982143
16.2661 0.00102727
16.3 0.00107109
16.3339 0.00111357
16.3678 0.00115469
16.4017 0.00119441
16.4356 0.00123271
16.4695 0.00126956
16.5034 0.00130494
16.5372 0.00133881
16.5711 0.00137116
16.605 0.00140197
16.6389 0.00143122
16.6728 0.00145889
16.7067 0.00148496
16.7406 0.00150943
16.7745 0.00153228
16.8083 0.0015535
16.8422 0.00157308
16.8761 0.00159101
16.91 0.00160729
16.9439 0.00162192
16.9778 0.00163489
17.0117 0.0016462
17.0456 0.00165585
17.0794 0.00166385
17.1133 0.0016702
17.1472 0.0016749
17.1811 0.00167796
17.215 0.0016794
17.2489 0.00167922
17.2828 0.00167743
17.3167 0.00167405
17.3505 0.00166909
17.3844 0.00166257
17.4183 0.0016545
17.4522 0.00164491
17.4861 0.00163382
17.52 0.00162124
17.5539 0.0016072
17.5878 0.00159172
17.6216 0.00157483
17.6555 0.00155655
17.6894 0.00153692
17.7233 0.00151595
17.7572 0.00149369
17.7911 0.00147015
17.825 0.00144538
17.8589 0.00141941
17.8928 0.00139226
17.9266 0.00136397
17.9605 0.00133458
17.9944 0.00130412
18.0283 0.00127263
18.0622 0.00124015
18.0961 0.00120672
18.13 0.00117237
18.1639 0.00113714
18.1977 0.00110108
18.2316 0.00106422
18.2655 0.00102661
18.2994 0.000988281
18.3333 0.000949284
18.3672 0.000909657
18.4011 0.000869441
18.435 0.000828679
18.4688 0.000787417
18.5027 0.000745696
18.5366 0.00070356
18.5705 0.000661052
18.6044 0.000618217
18.6383 0.000575098
18.6722 0.000531738
18.7061 0.00048818
18.7399 0.000444469
18.7738 0.000400647
18.8077 0.000356755
18.8416 0.000312838
18.8755 0.000268938
18.9094 0.000225099
18.9433 0.000181359
18.9772 0.000137759
19.011 9.43412e-05
19.0449 5.11475e-05
19.0788 8.21848e-06
19.1127 3.42059e-05
19.1466 7.64966e-05
19.1805 0.000118404
19.2144 0.000159891
19.2483 0.000200926
19.2822 0.000241471
19.316 0.000281487
19.3499 0.000320944
19.3838 0.000359812
19.4177 0.000398052
19.4516 0.000435632
19.4855 0.000472522
19.5194 0.000508693
19.5533 0.000544117
19.5871 0.000578762
19.621 0.000612601
19.6549 0.00064561
19.6888 0.000677761
19.7227 0.00070903
19.7566 0.000739394
19.7905 0.00076883
19.8244 0.000797317
19.8582 0.000824834
19.8921 0.000851362
19.926 0.000876882
19.9599 0.000901377
19.9938 0.000924831
20.0277 0.000947229
20.0616 0.000968556
20.0955 0.0009888
20.1293 0.00100795
20.1632 0.00102599
20.1971 0.00104292
20.231 0.00105872
20.2649 0.0010734
20.2988 0.00108693
20.3327 0.00109933
20.3666 0.00111058
20.4004 0.00112068
20.4343 0.00112963
20.4682 0.00113743
20.5021 0.00114408
20.536 0.00114959
20.5699 0.00115395
20.6038 0.00115717
20.6377 0.00115926
20.6716 0.00116021
20.7054 0.00116005
20.7393 0.00115877
20.7732 0.00115639
20.8071 0.00115291
20.841 0.00114835
20.8749 0.00114272
20.9088 0.00113604
20.9427 0.0011283
20.9765 0.00111955
21.0104 0.00110977
21.0443 0.00109901
21.0782 0.00108726
21.1121 0.00107455
21.146 0.00106091
21.1799 0.00104634
21.2138 0.00103087
21.2476 0.00101452
21.2815 0.000997313
21.3154 0.000979272
21.3493 0.00096042
21.3832 0.00094078
21.4171 0.000920376
21.451 0.000899235
21.4849 0.00087738
21.5187 0.000854839
21.5526 0.000831637
21.5865 0.000807802
21.6204 0.000783361
21.6543 0.000758342
21.6882 0.000732773
21.7221 0.000706682
21.756 0.0006801
21.7898 0.000653054
21.8237 0.000625572
21.8576 0.000597685
21.8915 0.000569419
21.9254 0.000540807
21.9593 0.00051188
21.9932 0.000482668
22.0271 0.0004532
22.061 0.000423507
22.0948 0.00039362
22.1287 0.000363567
22.1626 0.000333378
22.1965 0.000303083
22.2304 0.000272713
22.2643 0.000242299
22.2982 0.000211869
22.3321 0.00018145
22.3659 0.000151074
22.3998 0.00012077
22.4337 9.05676e-05
22.4676 6.0492e-05
22.5015 3.05706e-05
22.5354 8.32818e-07
22.5693 2.84917e-05
22.6032 5.77785e-05
22.637 8.68001e-05
22.6709 0.000115531
22.7048 0.000143945
22.7387 0.00017202
22.7726 0.000199729
22.8065 0.000227049
22.8404 0.000253957
22.8743 0.000280431
22.9081 0.000306447
22.942 0.000331985
22.9759 0.000357024
23.0098 0.000381543
23.0437 0.00040552
23.0776 0.000428938
23.1115 0.000451778
23.1454 0.000474021
23.1792 0.000495652
23.2131 0.000516653
23.247 0.000537011
23.2809 0.000556709
23.3148 0.000575733
23.3487 0.000594071
23.3826 0.000611709
23.4165 0.000628636
23.4503 0.000644841
23.4842 0.000660312
23.5181 0.00067504
23.552 0.000689017
23.5859 0.000702234
23.6198 0.000714685
23.6537 0.000726361
23.6876 0.000737259
23.7215 0.000747372
23.7553 0.000756697
23.7892 0.000765231
23.8231 0.00077297
23.857 0.000779913
23.8909 0.00078606
23.9248 0.00079141
23.9587 0.000795963
23.9926 0.000799721
24.0264 0.000802686
24.0603 0.000804861
24.0942 0.000806249
24.1281 0.000806855
24.162 0.000806683
24.1959 0.00080574
24.2298 0.000804032
24.2637 0.000801566
24.2975 0.00079835
24.3314 0.000794392
24.3653 0.000789701
24.3992 0.000784288
24.4331 0.000778163
24.467 0.000771337
24.5009 0.00076382
24.5348 0.000755626
24.5686 0.000746768
24.6025 0.000737258
24.6364 0.000727109
24.6703 0.000716338
24.7042 0.000704958
24.7381 0.000692984
24.772 0.000680432
24.8059 0.000667319
24.8397 0.000653661
24.8736 0.000639474
24.9075 0.000624777
24.9414 0.000609587
24.9753 0.000593922
