0 0.00999774
0.0338878 0.00999197
0.0677756 0.00997528
0.101663 0.00994802
0.135551 0.00991038
0.169439 0.00986256
0.203327 0.00980475
0.237215 0.00973712
0.271102 0.00965989
0.30499 0.00957329
0.338878 0.00947749
0.372766 0.00937269
0.406653 0.00925908
0.440541 0.00913688
0.474429 0.00900629
0.508317 0.00886753
0.542205 0.0087208
0.576092 0.00856634
0.60998 0.00840436
0.643868 0.00823509
0.677756 0.00805877
0.711644 0.00787565
0.745531 0.00768599
0.779419 0.00749003
0.813307 0.00728794
0.847195 0.00707996
0.881082 0.00686635
0.91497 0.00664735
0.948858 0.00642322
0.982746 0.00619422
1.01663 0.0059606
1.05052 0.00572264
1.08441 0.00548064
1.1183 0.0052348
1.15218 0.0049854
1.18607 0.00473271
1.21996 0.00447701
1.25385 0.00421857
1.28774 0.00395769
1.32162 0.00369466
1.35551 0.00342983
1.3894 0.00316351
1.42329 0.00289589
1.45717 0.00262717
1.49106 0.00235762
1.52495 0.00208748
1.55884 0.00181703
1.59273 0.00154652
1.62661 0.00127625
1.6605 0.00100648
1.69439 0.000737473
1.72828 0.000469483
1.76216 0.000202768
1.79605 6.2376e-05
1.82994 0.000325749
1.86383 0.000587062
1.89772 0.000846074
1.9316 0.00110255
1.96549 0.00135626
1.99938 0.00160697
2.03327 0.00185446
2.06716 0.00209852
2.10104 0.00233893
2.13493 0.00257549
2.16882 0.002808
2.20271 0.00303626
2.23659 0.00326009
2.27048 0.0034793
2.30437 0.00369374
2.33826 0.00390321
2.37215 0.00410756
2.40603 0.00430661
2.43992 0.00450023
2.47381 0.00468825
2.5077 0.00487055
2.54158 0.00504698
2.57547 0.00521742
2.60936 0.00538175
2.64325 0.00553984
2.67714 0.0056916
2.71102 0.00583692
2.74491 0.00597572
2.7788 0.00610789
2.81269 0.00623337
2.84657 0.00635208
2.88046 0.00646396
2.91435 0.00656893
2.94824 0.00666695
2.98213 0.00675798
3.01601 0.00684196
3.0499 0.00691889
3.08379 0.00698872
3.11768 0.00705144
3.15156 0.00710704
3.18545 0.00715552
3.21934 0.00719688
3.25323 0.00723113
3.28712 0.00725827
3.321 0.00727834
3.35489 0.00729137
3.38878 0.00729739
3.42267 0.00729644
3.45655 0.00728856
3.49044 0.00727383
3.52433 0.00725231
3.55822 0.00722408
3.59211 0.0071892
3.62599 0.00714775
3.65988 0.00709981
3.69377 0.00704545
3.72766 0.0069848
3.76154 0.00691796
3.79543 0.00684503
3.82932 0.00676613
3.86321 0.00668138
3.8971 0.00659089
3.93098 0.0064948
3.96487 0.00639322
3.99876 0.0062863
4.03265 0.00617418
4.06653 0.006057
4.10042 0.0059349
4.13431 0.00580806
4.1682 0.00567662
4.20209 0.00554071
4.23597 0.0054005
4.26986 0.00525617
4.30375 0.00510787
4.33764 0.00495578
4.37152 0.00480008
4.40541 0.00464094
4.4393 0.00447853
4.47319 0.00431304
4.50708 0.00414466
4.54096 0.00397356
4.57485 0.00379995
4.60874 0.00362408
4.64263 0.00344607
4.67651 0.00326607
4.7104 0.00308425
4.74429 0.0029008
4.77818 0.0027159
4.81207 0.00252972
4.84595 0.00234246
4.87984 0.00215431
4.91373 0.00196546
4.94762 0.00177609
4.9815 0.0015864
5.01539 0.00139659
5.04928 0.00120681
5.08317 0.00101726
5.11706 0.000828103
5.15094 0.000639532
5.18483 0.000451724
5.21872 0.000264854
5.25261 7.90969e-05
5.28649 0.000105357
5.32038 0.000288356
5.35427 0.000469725
5.38816 0.000649305
5.42205 0.000826935
5.45593 0.00100246
5.48982 0.00117573
5.52371 0.0013466
5.5576 0.00151491
5.59149 0.00168053
5.62537 0.00184332
5.65926 0.00200313
5.69315 0.00215984
5.72704 0.00231331
5.76092 0.00246343
5.79481 0.00261006
5.8287 0.00275311
5.86259 0.00289246
5.89648 0.00302801
5.93036 0.00315966
5.96425 0.00328731
5.99814 0.00341087
6.03203 0.00353025
6.06591 0.00364537
6.0998 0.00375615
6.13369 0.00386251
6.16758 0.00396439
6.20147 0.00406171
6.23535 0.00415441
6.26924 0.00424245
6.30313 0.00432578
6.33702 0.00440434
6.3709 0.0044781
6.40479 0.00454702
6.43868 0.00461107
6.47257 0.00467022
6.50646 0.00472445
6.54034 0.00477374
6.57423 0.00481809
6.60812 0.00485747
6.64201 0.0048919
6.67589 0.00492137
6.70978 0.00494588
6.74367 0.00496546
6.77756 0.00498012
6.81145 0.00498988
6.84533 0.00499476
6.87922 0.0049948
6.91311 0.00499003
6.947 0.00498049
6.98088 0.00496622
7.01477 0.00494727
7.04866 0.0049237
7.08255 0.00489556
7.11644 0.0048629
7.15032 0.00482579
7.18421 0.0047843
7.2181 0.00473851
7.25199 0.00468847
7.28587 0.00463429
7.31976 0.00457602
7.35365 0.00451377
7.38754 0.00444761
7.42143 0.00437765
7.45531 0.00430398
7.4892 0.0042267
7.52309 0.0041459
7.55698 0.00406169
7.59086 0.00397418
7.62475 0.00388348
7.65864 0.00378973
7.69253 0.00369299
7.72642 0.00359337
7.7603 0.003491
7.79419 0.003386
7.82808 0.00327848
7.86197 0.00316857
7.89585 0.00305639
7.92974 0.00294206
7.96363 0.00282571
7.99752 0.00270746
8.03141 0.00258744
8.06529 0.00246578
8.09918 0.00234261
8.13307 0.00221804
8.16696 0.00209221
8.20084 0.00196525
8.23473 0.00183731
8.26862 0.00170851
8.30251 0.00157897
8.3364 0.00144882
8.37028 0.00131818
8.40417 0.00118719
8.43806 0.00105598
8.47195 0.000924677
8.50583 0.000793406
8.53972 0.000662295
8.57361 0.00053147
8.6075 0.000401055
8.64139 0.000271172
8.67527 0.000141944
8.70916 1.349e-05
8.74305 0.000114066
8.77694 0.000240604
8.81082 0.000366012
8.84471 0.000490179
8.8786 0.000612994
8.91249 0.000734351
8.94638 0.000854143
8.98026 0.000972268
9.01415 0.00108863
9.04804 0.00120312
9.08193 0.00131565
9.11582 0.00142612
9.1497 0.00153445
9.18359 0.00164055
9.21748 0.00174432
9.25137 0.00184569
9.28525 0.00194459
9.31914 0.00204093
9.35303 0.00213463
9.38692 0.00222562
9.42081 0.00231384
9.45469 0.00239923
9.48858 0.00248172
9.52247 0.00256125
9.55636 0.00263777
9.59024 0.00271123
9.62413 0.00278158
9.65802 0.00284878
9.69191 0.00291278
9.7258 0.00297354
9.75968 0.00303103
9.79357 0.00308521
9.82746 0.00313607
9.86135 0.00318356
9.89523 0.00322768
9.92912 0.0032684
9.96301 0.0033057
9.9969 0.00333958
10.0308 0.00337002
10.0647 0.00339703
10.0986 0.00342059
10.1324 0.00344072
10.1663 0.00345742
10.2002 0.00347069
10.2341 0.00348055
10.268 0.00348701
10.3019 0.0034901
10.3358 0.00348982
10.3697 0.00348621
10.4036 0.00347929
10.4374 0.00346909
10.4713 0.00345566
10.5052 0.00343901
10.5391 0.0034192
10.573 0.00339626
10.6069 0.00337025
10.6408 0.0033412
10.6747 0.00330916
10.7085 0.0032742
10.7424 0.00323636
10.7763 0.00319569
10.8102 0.00315227
10.8441 0.00310614
10.878 0.00305738
10.9119 0.00300605
10.9458 0.00295221
10.9796 0.00289594
11.0135 0.0028373
11.0474 0.00277637
11.0813 0.00271322
11.1152 0.00264794
11.1491 0.00258058
11.183 0.00251125
11.2169 0.00244
11.2507 0.00236694
11.2846 0.00229214
11.3185 0.00221568
11.3524 0.00213765
11.3863 0.00205813
11.4202 0.0019772
11.4541 0.00189498
11.488 0.00181154
11.5218 0.00172695
11.5557 0.0016413
11.5896 0.0015547
11.6235 0.00146724
11.6574 0.001379
11.6913 0.00129007
11.7252 0.00120055
11.7591 0.00111052
11.793 0.00102008
11.8268 0.000929321
11.8607 0.000838324
11.8946 0.000747182
11.9285 0.000655983
11.9624 0.000564816
11.9963 0.000473768
12.0302 0.000382926
12.0641 0.000292375
12.0979 0.0002022
12.1318 0.000112485
12.1657 2.33129e-05
12.1996 6.51694e-05
12.2335 0.000153019
12.2674 0.000240083
12.3013 0.000326285
12.3352 0.000411548
12.369 0.000495798
12.4029 0.000578961
12.4368 0.000660966
12.4707 0.000741741
12.5046 0.000821218
12.5385 0.000899332
12.5724 0.000976017
12.6063 0.00105121
12.6401 0.00112485
12.674 0.00119688
12.7079 0.00126724
12.7418 0.00133588
12.7757 0.00140274
12.8096 0.00146778
12.8435 0.00153094
12.8774 0.00159217
12.9112 0.00165143
12.9451 0.00170869
12.979 0.00176389
13.0129 0.001817
13.0468 0.00186798
13.0807 0.00191681
13.1146 0.00196344
13.1485 0.00200785
13.1823 0.00205001
13.2162 0.00208988
13.2501 0.00212746
13.284 0.00216272
13.3179 0.00219566
13.3518 0.00222625
13.3857 0.00225448
13.4196 0.00228034
13.4535 0.00230382
13.4873 0.00232492
13.5212 0.00234364
13.5551 0.00235997
13.589 0.00237391
13.6229 0.00238548
13.6568 0.00239466
13.6907 0.00240148
13.7246 0.00240595
13.7584 0.00240807
13.7923 0.00240786
13.8262 0.00240534
13.8601 0.00240053
13.894 0.00239345
13.9279 0.00238412
13.9618 0.00237256
13.9957 0.00235881
14.0295 0.0023429
14.0634 0.00232485
14.0973 0.00230469
14.1312 0.00228247
14.1651 0.00225821
14.199 0.00223196
14.2329 0.00220375
14.2668 0.00217363
14.3006 0.00214163
14.3345 0.00210781
14.3684 0.0020722
14.4023 0.00203486
14.4362 0.00199583
14.4701 0.00195516
14.504 0.00191289
14.5379 0.00186908
14.5717 0.00182378
14.6056 0.00177705
14.6395 0.00172894
14.6734 0.00167951
14.7073 0.00162883
14.7412 0.00157693
14.7751 0.0015239
14.809 0.00146977
14.8429 0.00141462
14.8767 0.0013585
14.9106 0.00130147
14.9445 0.0012436
14.9784 0.00118495
15.0123 0.00112557
15.0462 0.00106554
15.0801 0.00100491
15.114 0.00094374
15.1478 0.000882101
15.1817 0.000820053
15.2156 0.000757658
15.2495 0.000694978
15.2834 0.000632077
15.3173 0.000569016
15.3512 0.000505857
15.3851 0.000442661
15.4189 0.000379489
15.4528 0.000316401
15.4867 0.000253458
15.5206 0.000190719
15.5545 0.000128242
15.5884 6.6087e-05
15.6223 4.30996e-06
15.6562 5.68976e-05
15.69 0.00011775
15.7239 0.000178058
15.7578 0.000237766
15.7917 0.000296822
15.8256 0.000355175
15.8595 0.000412772
15.8934 0.000469564
15.9273 0.000525504
15.9611 0.000580543
15.995 0.000634635
16.0289 0.000687735
16.0628 0.000739798
16.0967 0.000790784
16.1306 0.000840649
16.1645 0.000889356
16.1984 0.000936865
16.2323 0.000983139
16.2661 0.00102814
16.3 0.00107185
16.3339 0.00111421
16.3678 0.00115521
16.4017 0.00119481
16.4356 0.00123299
16.4695 0.00126971
16.5034 0.00130496
16.5372 0.00133871
16.5711 0.00137093
16.605 0.00140162
16.6389 0.00143074
16.6728 0.00145829
16.7067 0.00148424
16.7406 0.00150859
16.7745 0.00153132
16.8083 0.00155242
16.8422 0.00157189
16.8761 0.00158971
16.91 0.00160588
16.9439 0.0016204
16.9778 0.00163327
17.0117 0.00164448
17.0456 0.00165403
17.0794 0.00166193
17.1133 0.00166819
17.1472 0.0016728
17.1811 0.00167578
17.215 0.00167714
17.2489 0.00167687
17.2828 0.00167501
17.3167 0.00167156
17.3505 0.00166653
17.3844 0.00165994
17.4183 0.00165181
17.4522 0.00164216
17.4861 0.00163101
17.52 0.00161838
17.5539 0.00160429
17.5878 0.00158876
17.6216 0.00157182
17.6555 0.00155351
17.6894 0.00153383
17.7233 0.00151283
17.7572 0.00149054
17.7911 0.00146697
17.825 0.00144217
17.8589 0.00141617
17.8928 0.001389
17.9266 0.00136069
17.9605 0.00133129
17.9944 0.00130082
18.0283 0.00126932
18.0622 0.00123684
18.0961 0.0012034
18.13 0.00116905
18.1639 0.00113383
18.1977 0.00109777
18.2316 0.00106092
18.2655 0.00102332
18.2994 0.00098501
18.3333 0.000946031
18.3672 0.000906426
18.4011 0.000866237
18.435 0.000825507
18.4688 0.000784279
18.5027 0.000742596
18.5366 0.000700502
18.5705 0.000658039
18.6044 0.000615252
18.6383 0.000572182
18.6722 0.000528875
18.7061 0.000485373
18.7399 0.000441719
18.7738 0.000397957
18.8077 0.000354128
18.8416 0.000310277
18.8755 0.000266443
18.9094 0.000222671
18.9433 0.000179001
18.9772 0.000135475
19.011 9.21325e-05
19.0449 4.90148e-05
19.0788 6.16136e-06
19.1127 3.6399e-05
19.1466 7.86103e-05
19.1805 0.000120441
19.2144 0.000161854
19.2483 0.000202812
19.2822 0.00024328
19.316 0.000283223
19.3499 0.000322605
19.3838 0.000361393
19.4177 0.000399554
19.4516 0.000437056
19.4855 0.000473868
19.5194 0.00050996
19.5533 0.000545302
19.5871 0.000579867
19.621 0.000613625
19.6549 0.000646552
19.6888 0.000678621
19.7227 0.000709807
19.7566 0.000740088
19.7905 0.000769441
19.8244 0.000797844
19.8582 0.000825277
19.8921 0.000851721
19.926 0.000877156
19.9599 0.000901567
19.9938 0.000924936
20.0277 0.00094725
20.0616 0.000968493
20.0955 0.000988654
20.1293 0.00100772
20.1632 0.00102568
20.1971 0.00104253
20.231 0.00105825
20.2649 0.00107285
20.2988 0.00108631
20.3327 0.00109863
20.3666 0.00110981
20.4004 0.00111984
20.4343 0.00112872
20.4682 0.00113645
20.5021 0.00114304
20.536 0.00114848
20.5699 0.00115278
20.6038 0.00115595
20.6377 0.00115798
20.6716 0.00115888
20.7054 0.00115866
20.7393 0.00115733
20.7732 0.0011549
20.8071 0.00115138
20.841 0.00114678
20.8749 0.00114111
20.9088 0.00113438
20.9427 0.00112661
20.9765 0.00111782
21.0104 0.00110802
21.0443 0.00109722
21.0782 0.00108544
21.1121 0.00107271
21.146 0.00105904
21.1799 0.00104445
21.2138 0.00102896
21.2476 0.00101259
21.2815 0.00099537
21.3154 0.000977314
21.3493 0.000958449
21.3832 0.000938797
21.4171 0.000918384
21.451 0.000897234
21.4849 0.000875373
21.5187 0.000852828
21.5526 0.000829624
21.5865 0.000805788
21.6204 0.000781348
21.6543 0.000756332
21.6882 0.000730767
21.7221 0.000704683
21.756 0.000678107
21.7898 0.000651069
21.8237 0.000623599
21.8576 0.000595725
21.8915 0.000567478
21.9254 0.000538886
21.9593 0.000509981
21.9932 0.000480791
22.0271 0.000451348
22.061 0.00042168
22.0948 0.000391819
22.1287 0.000361794
22.1626 0.000331636
22.1965 0.000301374
22.2304 0.000271038
22.2643 0.000240657
22.2982 0.000210262
22.3321 0.000179881
22.3659 0.000149544
22.3998 0.000119279
22.4337 8.91152e-05
22.4676 5.90806e-05
22.5015 2.92034e-05
22.5354 5.19432e-07
22.5693 3.00005e-05
22.6032 5.92425e-05
22.637 8.82196e-05
22.6709 0.000116906
22.7048 0.000145276
22.7387 0.000173305
22.7726 0.000200968
22.8065 0.000228242
22.8404 0.000255102
22.8743 0.000281528
22.9081 0.000307495
22.942 0.000332983
22.9759 0.000357971
23.0098 0.000382437
23.0437 0.000406363
23.0776 0.000429729
23.1115 0.000452517
23.1454 0.00047471
23.1792 0.000496289
23.2131 0.00051724
23.247 0.000537546
23.2809 0.000557193
23.3148 0.000576166
23.3487 0.000594453
23.3826 0.00061204
23.4165 0.000628915
23.4503 0.000645068
23.4842 0.000660489
23.5181 0.000675167
23.552 0.000689093
23.5859 0.000702261
23.6198 0.000714662
23.6537 0.00072629
23.6876 0.00073714
23.7215 0.000747207
23.7553 0.000756486
23.7892 0.000764974
23.8231 0.00077267
23.857 0.00077957
23.8909 0.000785675
23.9248 0.000790984
23.9587 0.000795498
23.9926 0.000799217
24.0264 0.000802145
24.0603 0.000804284
24.0942 0.000805637
24.1281 0.000806209
24.162 0.000806005
24.1959 0.000805031
24.2298 0.000803293
24.2637 0.000800799
24.2975 0.000797556
24.3314 0.000793572
24.3653 0.000788857
24.3992 0.000783421
24.4331 0.000777273
24.467 0.000770426
24.5009 0.00076289
24.5348 0.000754677
24.5686 0.000745801
24.6025 0.000736274
24.6364 0.00072611
24.6703 0.000715324
24.7042 0.000703931
24.7381 0.000691944
24.772 0.000679381
24.8059 0.000666258
24.8397 0.00065259
24.8736 0.000638395
24.9075 0.000623691
24.9414 0.000608495
24.9753 0.000592824
