t sb -1 xb vb dt perf.t perf.speed
0 0 -1 0.5 0 0.00134247 0 0 
0.00134247 0 -1 0.5 -0.000370698 0.00134247 0.021196 48311 1 345.777 46.1597 7.49089 4 
0.00390324 3.529e-06 -1 0.499998 -0.000797091 0.00256077 0.041281 49611.2 1 62.1647 11.0921 5.60443 4 1 74.9425 15.1 4.96308 4 1 0.000403484 5.96782e-09 67609.8 4 
0.00757493 -3.69124e-05 -1 0.499995 0.00192322 0.00367169 0.061287 50124.8 4 24.4693 6.12633 1.41369 4 1 93.8257 19.0212 4.9327 4 1 0.000707106 2.43656e-08 29020.7 4 
0.0122506 -7.63931e-05 -1 0.500004 0.00572036 0.00467566 0.074907 54681.1 1 5.31723 2.52617 2.10486 4 1 29.1862 1.97046 14.8119 4 1 0.00173411 2.15546e-07 8045.22 4 
0.0178456 -9.20653e-05 -1 0.500036 0.0100228 0.00559504 0.091903 55710.9 1 2.72123 1.29862 2.09548 4 1 13.6608 6.98473 1.95581 4 1 0.00297033 6.43925e-07 4612.85 4 
0.0242727 -6.94118e-05 -1 0.500099 0.0135781 0.00642706 0.109992 55858.6 3 4.6209 2.10908 1.29881 4 2 17.093 7.83963 1.47659 4 1 0.00434539 1.38187e-06 3144.57 4 
0.0314604 -3.32305e-05 -1 0.500195 0.0169132 0.00718775 0.127101 56396.1 2 3.47197 1.57049 1.48686 4 1 14.8883 5.00105 2.97703 4 1 0.0053765 2.33731e-06 2300.3 4 
0.0393345 -1.0404e-06 -1 0.500326 0.0203886 0.00787411 0.140448 58327.6 1 3.52861 0.727983 4.84711 4 1 13.8871 2.30519 6.02428 4 1 0.00645116 3.57266e-06 1805.7 4 
0.0478178 1.99346e-05 -1 0.500496 0.0240523 0.00848328 0.154304 59726.3 1 3.46888 0.199454 17.3919 4 1 5.06836 0.772976 6.55695 4 1 0.00759991 5.04307e-06 1507 4 
0.0568736 2.42155e-05 -1 0.500711 0.0280066 0.00905577 0.169132 60544.4 1 3.4938 0.620132 5.63396 4 1 11.2441 0.468021 24.0248 4 1 0.00875807 7.13752e-06 1227.05 4 
0.0664603 1.18892e-05 -1 0.500975 0.0323078 0.00958673 0.186004 60557.8 1 3.64167 0.979742 3.71697 4 1 10.1403 1.00538 10.086 4 1 0.00995094 9.83304e-06 1011.99 4 
0.0765067 -1.26811e-05 -1 0.501296 0.037069 0.0100464 0.199958 61452.9 2 3.63768 0.64415 2.3764 4 1 5.78871 1.0441 5.54419 4 1 0.0111161 1.28873e-05 862.564 4 
0.0869852 -3.62081e-05 -1 0.501681 0.0422652 0.0104785 0.218726 60861.5 3 900.539 0.349245 13.7127 3 1 9.41554 0.451976 20.8319 4 1 0.0123359 1.64861e-05 748.263 4 
0.0978546 -4.8024e-05 -1 0.502136 0.0474783 0.0108695 0.235201 60952.1 3 833.58 0.48303 11.9947 2 1 9.33453 0.646842 14.4309 4 1 0.0137674 2.04e-05 674.876 4 
0.10906 -4.88749e-05 -1 0.502666 0.0527484 0.0112052 0.248779 61741.5 4 896.451 0.382793 6.9565 2 1 15.5538 1.10563 14.0679 4 1 0.0149115 2.40392e-05 620.299 4 
0.120578 -3.55916e-05 -1 0.503271 0.0580166 0.0115177 0.264219 62009.2 2 15.1062 0.349082 6.57831 2 1 5.27398 1.0464 5.04012 4 1 0.0159693 2.76984e-05 576.543 4 
0.132378 -2.07225e-05 -1 0.503953 0.0632605 0.0118009 0.280102 62148.8 2 15.22 0.333568 6.75484 2 1 6.98874 1.00502 6.95382 4 1 0.0168723 3.12303e-05 540.255 4 
0.144478 -6.45957e-06 -1 0.504718 0.0684976 0.0120997 0.296453 62175.1 2 13.8113 0.254387 7.36835 2 1 4.66296 0.748095 6.23311 4 1 0.0176999 3.49587e-05 506.308 4 
0.156786 5.22174e-06 -1 0.50556 0.073716 0.0123083 0.3104 62680.4 2 12.0842 0.221228 7.39076 2 1 5.3238 0.520774 10.2229 4 1 0.0183395 3.77152e-05 486.264 4 
0.169312 1.26253e-05 -1 0.506484 0.0788933 0.0125252 0.325569 62905.3 4 853.708 0.28831 7.37671 2 1 5.52639 0.36686 15.064 4 1 0.0185753 4.01243e-05 462.943 4 
0.182062 1.41025e-05 -1 0.507492 0.0841838 0.0127508 0.349305 61562.2 2 9.45017 0.151065 7.9093 2 1 5.52212 0.259282 21.2977 4 1 0.0190081 4.27552e-05 444.581 4 
0.194989 1.05985e-05 -1 0.508584 0.0894967 0.0129263 0.36278 62098.2 4 954.525 0.162748 8.7512 2 1 5.10883 0.343018 14.8938 4 1 0.0193804 4.50276e-05 430.412 4 
0.208096 4.44324e-06 -1 0.509762 0.0948683 0.0131075 0.379195 62110.5 4 797.185 0.217778 7.77833 2 1 6.13616 0.322146 19.0478 4 1 0.020077 4.76441e-05 421.395 4 
0.221328 2.16133e-06 -1 0.511024 0.100244 0.0132318 0.392982 62537.2 2 21.8676 0.341723 7.99951 2 1 5.48305 0.479693 11.4303 4 1 0.0200335 5.09943e-05 392.857 4 
0.234687 2.90313e-06 -1 0.51237 0.105606 0.013359 0.411991 62137.3 5 1014.57 0.180367 5.62373 2 1 6.73481 0.52145 12.9156 4 1 0.0229961 5.48512e-05 419.246 4 
0.248176 6.56691e-06 -1 0.513803 0.110916 0.0134893 0.425988 62499.4 4 591.123 0.11214 8.52077 2 1 7.36662 0.430017 17.131 4 1 0.0248042 5.90875e-05 419.789 4 
0.261799 1.26298e-05 -1 0.515323 0.116179 0.0136229 0.437214 63236.8 2 16.1614 0.450797 5.98755 2 1 6.65347 0.378508 17.5781 4 1 0.0261789 6.37277e-05 410.793 4 
0.27549 2.04249e-05 -1 0.516924 0.121374 0.013691 0.459704 62370.6 2 14.0133 0.506297 5.261 2 1 6.51064 0.284221 22.907 4 1 0.0271181 6.76959e-05 400.587 4 
0.28932 2.86228e-05 -1 0.518613 0.126467 0.01383 0.480022 61863.8 5 631.787 0.337422 4.51315 2 1 8.13345 0.267249 30.434 4 1 0.0262648 7.38503e-05 355.649 4 
0.303221 2.7257e-05 -1 0.520382 0.131472 0.0139009 0.506555 60644.9 4 856.296 0.336739 7.10121 2 1 16.7938 0.386387 43.4637 4 1 0.0300804 7.90254e-05 380.642 4 
0.317194 2.24796e-05 -1 0.52223 0.136471 0.0139729 0.608232 52190.6 5 815.899 0.352001 4.70997 2 1 12.6263 0.613994 20.5642 4 1 0.0341522 8.47539e-05 402.958 4 
0.33124 1.4479e-05 -1 0.524152 0.141422 0.0140461 0.645892 50732.9 3 24.395 0.228891 4.74123 2 1 13.3778 0.605455 22.0955 4 1 0.0327591 9.00917e-05 363.619 4 
0.345361 8.16213e-06 -1 0.526149 0.146376 0.0141204 0.661013 51121.5 4 1093.22 0.361936 7.41343 2 1 16.6375 0.762443 21.8213 4 1 0.0379988 9.67342e-05 392.817 4 
0.359481 5.30175e-06 -1 0.528199 0.15126 0.0141204 0.680533 51159.9 4 841.829 0.185369 8.20913 2 1 16.4003 0.728727 22.5054 4 1 0.0345019 9.86008e-05 349.915 4 
0.373677 7.09308e-06 -1 0.53032 0.155987 0.0141963 0.702734 51000.8 4 986.691 0.325134 7.42215 2 1 15.373 1.02667 14.9736 4 1 0.0350637 9.83202e-05 356.627 4 
0.387951 1.09514e-05 -1 0.532521 0.160601 0.0142735 0.721949 51061.8 5 1060.59 0.307663 5.09911 2 1 17.2448 1.37036 12.5842 4 2 0.0369122 9.40291e-07 198.132 3 
0.402224 9.9468e-06 -1 0.534793 0.164931 0.0142735 0.737719 51358.3 2 33.3534 0.434265 8.7638 2 1 16.9941 1.51642 11.2067 4 2 0.0394669 2.57088e-05 39.181 2 
0.416577 1.20167e-05 -1 0.537157 0.169444 0.0143524 0.753511 51640.9 4 950.725 0.259071 7.78322 2 1 18.0386 1.41892 12.7128 4 2 0.037367 9.86378e-05 19.4636 2 
0.430929 5.94362e-06 -1 0.539598 0.173635 0.0143524 0.766608 52094.4 2 27.7903 0.378288 8.57108 2 1 19.2215 1.4603 13.1627 4 3 0.0370844 5.59384e-06 18.7857 2 
0.445362 1.43345e-05 -1 0.542118 0.177863 0.014433 0.781424 52417.1 4 959.987 0.355628 7.20804 2 1 26.4429 0.8523 31.0253 4 2 0.0430272 9.15032e-05 21.6847 2 
0.459795 1.68934e-05 -1 0.544704 0.181896 0.014433 0.794672 52831.9 3 31.0173 0.198706 5.38432 2 1 16.2589 1.5441 10.5297 4 2 0.0392992 6.59551e-05 24.41 2 
0.474228 2.2979e-05 -1 0.547347 0.185663 0.014433 0.808863 53170.9 4 1011.73 0.224107 8.19696 2 1 18.6279 1.22358 15.2241 4 2 0.0439302 4.91828e-05 29.8865 2 
0.488744 2.32543e-05 -1 0.550059 0.189499 0.0145159 0.823548 53466.2 5 884.877 0.261052 5.08196 2 1 20.0636 1.33357 15.045 4 2 0.0462932 5.62779e-05 28.6807 2 
0.50326 1.96921e-05 -1 0.552813 0.19302 0.0145159 0.835229 53944.5 4 610.052 0.376658 6.34388 2 1 24.3399 0.841394 28.9281 4 2 0.0484526 5.1847e-05 30.5701 2 
0.517776 1.86157e-05 -1 0.555591 0.196601 0.0145159 0.850595 54173.8 4 936.395 0.207669 8.19449 2 1 27.8012 1.5171 18.3253 4 2 0.0384747 3.848e-05 31.6206 2 
0.532292 2.40073e-05 -1 0.558425 0.200019 0.0145159 0.866138 54383.9 4 1003.08 0.409139 7.03665 2 2 27.2249 0.128611 14.5494 4 2 0.0421934 3.529e-05 34.5777 2 
0.546808 2.54644e-05 -1 0.561316 0.203265 0.0145159 0.881389 54604.7 4 937.729 0.271829 7.66382 2 2 25.4445 0.215616 10.8632 3 2 0.0409228 3.35195e-05 34.9408 2 
0.56141 2.91828e-05 -1 0.564273 0.206262 0.0146023 0.897878 54742.4 4 826.668 0.370607 6.87233 2 2 27.12 0.328627 9.08433 2 2 0.0405428 3.47205e-05 34.1715 2 
0.576012 4.85017e-05 -1 0.567282 0.209105 0.0146023 0.914004 54896.9 5 1024.87 0.219543 5.41789 2 2 23.0068 0.518285 6.6626 2 2 0.049372 3.61753e-05 36.9432 2 
0.590615 4.01908e-05 -1 0.57033 0.211825 0.0146023 0.932312 54917.2 3 23.3741 0.233234 4.64495 2 2 25.0941 0.785401 5.65249 2 2 0.0480996 3.77128e-05 35.713 2 
0.605217 3.77882e-05 -1 0.573437 0.214546 0.0146023 0.949061 55027 3 1036.03 0.439557 13.3082 2 2 21.441 1.06835 4.47988 2 2 0.0517576 4.03054e-05 35.8348 2 
0.619819 2.62822e-05 -1 0.576562 0.21706 0.0146023 0.964452 55210.6 4 1128.26 0.203368 8.63041 2 2 27.3855 0.829797 5.7448 2 2 0.0456369 4.44199e-05 32.053 2 
0.634422 3.28281e-05 -1 0.579701 0.219421 0.0146023 0.982977 55211.9 4 877.038 0.201308 8.12436 2 2 25.7787 0.873527 5.43241 2 2 0.0418221 4.95732e-05 29.0455 2 
0.649024 4.05745e-05 -1 0.582889 0.221529 0.0146023 1.00263 55150.7 5 955.449 0.24146 5.2417 2 2 31.1588 0.722998 6.5648 2 2 0.0396126 6.24256e-05 25.1904 2 
0.663626 4.97572e-05 -1 0.58613 0.223518 0.0146023 1.02072 55176.8 5 498.699 0.217631 4.6992 2 2 30.1082 0.861107 5.91308 2 2 0.04636 8.36549e-05 23.5411 2 
0.678321 5.57034e-05 -1 0.589427 0.225366 0.0146942 1.04764 54736.3 5 601.011 0.209368 4.9158 2 2 29.7658 0.584149 7.13833 2 2 0.0436077 8.94381e-05 22.0811 2 
0.693015 5.88773e-05 -1 0.592764 0.227129 0.0146942 1.07299 54397.7 5 956.405 0.104965 6.19326 2 2 25.507 0.635615 6.3348 2 2 0.0486908 7.10111e-05 26.1855 2 
0.707709 5.61157e-05 -1 0.596112 0.228751 0.0146942 1.09147 54414.5 4 854.085 0.235937 7.75668 2 2 24.8703 0.779107 5.64991 2 2 0.048574 5.00267e-05 31.1602 2 
0.722403 5.56279e-05 -1 0.599433 0.23027 0.0146942 1.10897 54479.3 2 28.2419 0.453388 7.89245 2 2 25.9482 0.764448 5.82612 2 2 0.0423652 3.856e-05 33.1464 2 
0.737097 6.82194e-05 -1 0.602753 0.231531 0.0146942 1.1266 54535.6 4 977.706 0.335416 7.34778 2 2 26.2731 0.966963 5.21256 2 2 0.0470585 3.78177e-05 35.2753 2 
0.751791 5.94394e-05 -1 0.606116 0.23285 0.0146942 1.14342 54629.3 4 1149.14 0.101288 10.3206 2 2 27.9601 1.08037 5.08726 2 2 0.0429979 3.96018e-05 32.9508 2 
0.766486 5.73369e-05 -1 0.609526 0.233872 0.0146942 1.15979 54741.1 4 986.702 0.325789 7.41844 2 2 26.6027 1.08018 4.96267 2 3 0.0507146 6.658e-06 19.6757 2 
0.78118 5.61071e-05 -1 0.612992 0.234928 0.0146942 1.17595 54859.5 5 908.98 0.0723043 6.60508 2 2 23.1498 0.871132 5.15503 2 3 0.0473198 8.24881e-06 17.9013 2 
0.795874 5.69296e-05 -1 0.616478 0.235811 0.0146942 1.19081 55034.8 3 33.531 0.347369 4.58724 2 2 23.0113 0.579128 6.30353 2 3 0.0451654 5.20593e-06 20.548 2 
0.810568 6.79959e-05 -1 0.619929 0.236554 0.0146942 1.20278 55338.4 4 1448.01 0.270827 8.55106 2 2 21.4848 0.500345 6.55286 2 2 0.0493595 7.00326e-05 26.5482 2 
0.825262 7.56954e-05 -1 0.623347 0.237221 0.0146942 1.21891 55446.2 4 848.492 0.322345 7.16278 2 2 20.5912 0.336192 7.82614 2 2 0.0486834 7.03104e-05 26.3136 2 
0.839956 7.61344e-05 -1 0.626811 0.237754 0.0146942 1.24865 54945.6 4 968.931 0.448911 6.81606 2 2 25.1826 0.510669 7.02232 2 2 0.0427532 5.34495e-05 28.2822 2 
0.854651 8.0201e-05 -1 0.630303 0.238262 0.0146942 1.26269 55146 4 254.279 0.25531 5.61773 2 2 24.7171 0.557267 6.65989 2 2 0.0467172 3.83613e-05 34.8973 2 
0.869345 8.70744e-05 -1 0.633831 0.238802 0.0146942 1.28107 55154 4 855.744 0.200231 8.08543 2 2 27.4285 0.678344 6.35882 2 2 0.0479682 4.32895e-05 33.2878 2 
0.884039 9.83874e-05 -1 0.637368 0.239223 0.0146942 1.30117 55088.8 4 906.599 0.250274 7.75801 2 2 27.1522 0.855914 5.63232 2 2 0.0473279 4.71456e-05 31.6838 2 
0.898733 0.000100854 -1 0.64085 0.239499 0.0146942 1.32405 54910.2 5 1301.36 0.184135 5.88643 2 2 22.3972 0.738158 5.50836 2 2 0.0452769 4.98357e-05 30.1417 2 
0.913427 9.90711e-05 -1 0.644254 0.239716 0.0146942 1.34214 54933.2 3 53.9827 0.305196 5.61339 2 2 19.8649 1.05426 4.34079 2 2 0.0514948 5.27531e-05 31.2434 2 
0.928121 0.000108334 -1 0.647723 0.239783 0.0146942 1.36105 54922.3 4 761.599 0.116152 8.9986 2 3 30.9035 0.880355 3.27428 2 2 0.0547576 7.00772e-05 27.9534 2 
0.942816 0.000113207 -1 0.651239 0.23986 0.0146942 1.37808 54986.6 4 360.846 0.120588 7.39613 2 2 29.6431 1.3276 4.72529 2 2 0.0624217 8.24098e-05 27.5219 2 
0.95751 0.000115583 -1 0.654802 0.239898 0.0146942 1.39555 55032 5 846.18 0.222311 5.20116 2 2 32.1557 0.681505 6.86901 2 2 0.0605485 6.67802e-05 30.1112 2 
0.972204 0.000122997 -1 0.658387 0.239845 0.0146942 1.41217 55109.4 4 900.111 0.233901 7.87619 2 2 27.9574 0.42146 8.14462 2 2 0.0528141 5.72613e-05 30.37 2 
0.986898 0.000132304 -1 0.661969 0.239743 0.0146942 1.43129 55088.9 5 1377.45 0.330063 5.2978 2 2 26.1834 0.521918 7.08292 2 2 0.0468636 5.98579e-05 27.9806 2 
1.00159 0.000146463 -1 0.665377 0.239675 0.0146942 1.45106 55043.7 5 1625.69 0.207007 6.01188 2 2 21.0505 0.926324 4.76705 2 2 0.0573022 7.97516e-05 26.805 2 
1.01629 0.000147667 -1 0.668825 0.239466 0.0146942 1.46705 55142 5 766.571 0.183649 5.29801 2 2 44.0375 1.34092 5.73073 2 2 0.0680917 8.05003e-05 29.0836 2 
1.03098 0.000143984 -1 0.672301 0.239198 0.0146942 1.48879 55024.4 5 912.935 0.311217 4.93714 2 2 28.2522 1.2886 4.68239 2 2 0.0760718 8.25602e-05 30.3547 2 
1.04567 0.000153482 -1 0.675815 0.238876 0.0146942 1.5106 54908 5 2074.67 0.224899 6.20858 2 2 28.3766 1.4311 4.45292 2 2 0.0829439 8.22825e-05 31.7496 2 
1.06037 0.00015252 -1 0.679346 0.238567 0.0146942 1.52719 54982.1 3 79.2323 0.382155 5.91863 2 2 29.448 1.49707 4.43513 2 2 0.0726404 7.23483e-05 31.6866 2 
1.07506 0.00014889 -1 0.682919 0.238217 0.0146942 1.54457 55026.5 3 74.198 0.439584 5.5265 2 2 26.9669 1.48863 4.25619 2 3 0.0690874 7.01574e-06 21.4343 2 
1.08976 0.000146438 -1 0.686395 0.237835 0.0146942 1.56591 54930.2 4 789.527 0.243462 7.5463 2 2 36.1391 1.21815 5.44677 2 3 0.0679598 9.07004e-06 19.568 2 
1.10445 0.000142563 -1 0.689789 0.237231 0.0146942 1.59084 54713.3 4 827.523 0.228609 7.7566 2 2 33.8943 0.722591 6.84884 2 3 0.0749876 5.52357e-06 23.8556 2 
1.11915 0.000141234 -1 0.693207 0.236735 0.0146942 1.60861 54745.3 4 1564.73 0.179049 9.66867 2 2 34.4669 0.457285 8.68176 2 2 0.0708018 8.81093e-05 28.3473 2 
1.13384 0.000139344 -1 0.69667 0.236014 0.0146942 1.6242 54850.5 4 865.18 0.210971 8.00241 2 2 24.8813 0.619193 6.33904 2 2 0.0665919 9.15015e-05 26.9772 2 
1.14853 0.000146607 -1 0.700155 0.235486 0.0146942 1.63924 54971.8 4 703.302 0.148297 8.29855 2 2 36.5518 0.718416 7.13291 2 2 0.0713856 7.85411e-05 30.1479 2 
1.16323 0.000148054 -1 0.703676 0.234858 0.0146942 1.65715 54995.7 4 704.979 0.374977 6.5848 2 2 38.0815 0.702914 7.36048 2 2 0.0858097 6.99882e-05 35.0151 2 
1.17792 0.000153567 -1 0.707174 0.234154 0.0146942 1.6738 55060.4 4 809.535 0.399137 6.71086 2 2 45.7621 0.699062 8.09087 2 2 0.0934938 6.60932e-05 37.6108 2 
1.19262 0.000146816 -1 0.710587 0.23347 0.0146942 1.69251 55056.8 5 1280.05 0.14946 6.11702 2 2 47.8452 0.635585 8.67626 2 2 0.0772053 6.43377e-05 34.641 2 
1.20731 0.000140352 -1 0.713904 0.232867 0.0146942 1.71456 54945.9 4 1015.73 0.356854 7.30419 2 2 33.5686 0.579872 7.60853 2 2 0.0557196 6.77491e-05 28.6782 2 
1.222 0.000134622 -1 0.717223 0.232263 0.0146942 1.73236 54972.3 4 1876.61 0.413841 8.20607 2 2 26.1562 0.637834 6.40374 2 2 0.0697145 5.83712e-05 34.5591 2 
1.2367 0.000122024 -1 0.720594 0.231561 0.0146942 1.75412 54874.3 3 137.549 0.227563 8.45509 2 2 33.141 0.812218 6.38773 2 2 0.0867495 5.14139e-05 41.0765 2 
1.25139 0.000123796 -1 0.724014 0.230956 0.0146942 1.76973 54968.7 5 1019.56 0.199855 5.51492 2 2 52.7414 0.76709 8.29188 2 2 0.0998412 4.46345e-05 47.2955 2 
1.26609 0.000129362 -1 0.727464 0.230243 0.0146942 1.78475 55080.1 4 941.886 0.300386 7.48307 2 2 35.7544 0.636928 7.49237 2 2 0.11356 4.89753e-05 48.1531 2 
1.28078 0.000128704 -1 0.730914 0.22957 0.0146942 1.79977 55189.2 3 62.0685 0.126844 7.88014 2 2 40.6787 0.533412 8.73277 2 2 0.123927 4.70217e-05 51.3373 2 
1.29548 0.000132301 -1 0.734289 0.228907 0.0146942 1.81682 55235 4 2766.18 0.425688 8.97837 2 2 43.9802 0.612998 8.47031 2 2 0.118686 6.04061e-05 44.3261 2 
1.31017 0.000152826 -1 0.737628 0.228244 0.0146942 1.83165 55346.8 4 720.353 0.325946 6.85646 2 2 45.1611 0.727258 7.88021 2 2 0.102568 8.41307e-05 34.9164 2 
1.32486 0.000152524 -1 0.740902 0.227603 0.0146942 1.84589 55474.6 4 766.818 0.353878 6.82275 2 2 48.1678 1.13817 6.5054 2 2 0.0959071 9.15411e-05 32.3681 2 
1.33956 0.000154404 -1 0.744181 0.226971 0.0146942 1.86906 55334.7 4 819.973 0.156151 8.51263 2 2 38.0971 0.926223 6.4134 2 2 0.109993 8.14908e-05 36.739 2 
1.35425 0.000153696 -1 0.747479 0.226278 0.0146942 1.90399 54857.3 4 714.903 0.334658 6.79848 2 2 33.013 1.10414 5.46801 2 2 0.121711 6.60026e-05 42.9422 2 
1.36895 0.000153225 -1 0.750807 0.225695 0.0146942 1.92858 54688.9 4 1596.43 0.408641 7.90591 2 2 54.8328 1.33826 6.40102 2 2 0.13073 5.34177e-05 49.4703 2 
1.38364 0.000134652 -1 0.754162 0.224997 0.0146942 1.94347 54796.9 4 766.364 0.32288 6.97989 2 2 35.1481 1.62747 4.64724 2 3 0.129711 7.2856e-06 26.1118 2 
1.39834 0.000126327 -1 0.757485 0.224287 0.0146942 1.95833 54903.9 3 44.4133 0.159857 6.5252 2 2 41.2385 1.13831 6.01895 2 3 0.129206 8.56214e-06 24.7116 2 
1.41303 0.000132571 -1 0.76077 0.223609 0.0146942 1.97156 55054.8 4 806.725 0.236979 7.63843 2 2 52.1868 0.517883 10.0384 2 2 0.127696 9.51553e-05 36.633 2 
1.42772 0.000138884 -1 0.764048 0.222897 0.0146942 1.98684 55146.9 4 736.386 0.294738 7.06997 2 2 79.981 0.98676 9.00301 2 2 0.126339 8.36241e-05 38.8689 2 
1.44242 0.000128243 -1 0.767277 0.222181 0.0146942 2.00475 55165 4 159.591 0.176334 5.48489 2 2 55.9068 0.697994 8.94966 2 2 0.110414 7.35839e-05 38.7365 2 
1.45711 0.00012472 -1 0.770488 0.221531 0.0146942 2.02341 55162.3 4 538.76 0.292703 6.55001 2 2 54.7044 0.849369 8.02533 2 2 0.10149 5.47669e-05 43.0479 2 
1.47181 0.00012497 -1 0.773712 0.220615 0.0146942 2.0487 54981.1 7 2449.47 0.342477 3.55332 2 2 56.6681 0.813429 8.34659 2 2 0.126623 5.44762e-05 48.2118 2 
1.4865 0.000139503 -1 0.776967 0.219846 0.0146942 2.06639 55006 4 189.511 0.343847 4.84526 2 2 74.2055 0.804943 9.60142 2 2 0.124894 6.14009e-05 45.1007 2 
1.50119 0.000145137 -1 0.780231 0.218994 0.0146942 2.08583 54984.3 5 1118.81 0.426724 4.8275 2 2 57.399 0.456707 11.2107 2 2 0.138037 6.13322e-05 47.441 2 
1.51589 0.000152264 -1 0.78345 0.218294 0.0146942 2.11803 54631.8 4 765.568 0.093034 9.52435 2 2 45.6917 0.780385 7.65181 2 2 0.15139 5.38676e-05 53.0133 2 
1.53058 0.000156171 -1 0.786626 0.217602 0.0146942 2.13549 54664.7 5 2846.37 0.125305 7.43472 2 2 51.2708 1.71999 5.45974 2 2 0.1654 6.93917e-05 48.8218 2 
1.54528 0.000151128 -1 0.789817 0.21683 0.0146942 2.1505 54759.2 3 177.045 0.123643 11.2712 2 3 125.645 0.862907 5.26091 2 2 0.168932 9.29113e-05 42.6404 2 
1.55997 0.000150517 -1 0.792978 0.215986 0.0146942 2.16947 54752.5 5 721.003 0.167861 5.32841 2 3 29.7813 0.742059 3.42375 2 2 0.158613 9.66105e-05 40.5189 2 
1.57467 0.000153648 -1 0.796115 0.215153 0.0146942 2.18383 54861.4 4 106.849 0.135475 5.29942 2 2 53.0201 0.832645 7.97976 2 2 0.16239 7.95135e-05 45.1918 2 
1.58936 0.000158172 -1 0.799243 0.214357 0.0146942 2.19591 55026 3 74.63 0.135832 8.19038 2 2 38.2663 0.510079 8.66143 2 2 0.169208 6.07912e-05 52.7582 2 
1.60405 0.000159821 -1 0.802397 0.213666 0.0146942 2.21211 55086 4 2471.04 0.188886 10.6947 2 2 43.249 0.578518 8.64628 2 2 0.168848 5.26466e-05 56.6322 2 
1.61875 0.000153322 -1 0.805562 0.212801 0.0146942 2.23586 54958.7 5 554.052 0.308772 4.47489 2 2 49.5709 1.01185 6.9993 2 2 0.165433 6.63407e-05 49.9368 2 
1.63344 0.000146956 -1 0.80874 0.212089 0.0146942 2.25367 54978.6 5 1065.37 0.289929 5.16466 2 2 61.9159 1.26495 6.99622 2 2 0.171488 8.93689e-05 43.805 2 
1.64814 0.000133961 -1 0.811857 0.211383 0.0146942 2.27677 54870.7 4 660.163 0.251049 7.16099 2 3 142.653 0.414115 7.01003 2 2 0.162261 9.04602e-05 42.3524 2 
1.66283 0.000125206 -1 0.814954 0.210798 0.0146942 2.29437 54896.1 5 1653.51 0.355691 5.41336 2 2 65.5421 1.29665 7.10967 2 3 0.164864 3.3897e-06 36.5024 2 
1.67752 0.000113691 -1 0.818016 0.210146 0.0146942 2.31298 54897.1 4 719.35 0.262832 7.23295 2 2 71.2882 1.57236 6.73336 2 3 0.162854 3.45629e-06 36.1184 2 
1.69222 0.000110628 -1 0.821059 0.209536 0.0146942 2.33398 54842 4 582.538 0.369394 6.30171 2 2 67.5194 1.4542 6.814 2 3 0.173031 6.23374e-06 30.2779 2 
1.70691 0.000100591 -1 0.824065 0.208853 0.0146942 2.35317 54829.9 4 3495.88 0.223981 11.1773 2 2 45.8795 1.58107 5.38684 2 3 0.185095 8.51398e-06 27.9096 2 
1.72161 0.000108455 -1 0.827098 0.208132 0.0146942 2.37345 54792.8 4 1309.91 0.192002 9.08832 2 2 74.0539 0.662057 10.5761 2 3 0.174992 5.78497e-06 31.1582 2 
1.7363 0.000108569 -1 0.830147 0.207423 0.0146942 2.39006 54840.5 3 164.453 0.212395 9.18259 2 2 52.7926 0.545619 9.83653 2 2 0.194576 9.20507e-05 45.976 2 
1.751 0.00010667 -1 0.833228 0.206734 0.0146942 2.40585 54906.3 4 1708.84 0.235 9.2344 2 2 37.7079 0.531433 8.42349 2 2 0.203877 9.72801e-05 45.7797 2 
1.76569 0.000120276 -1 0.836321 0.2062 0.0146942 2.42435 54909.6 4 738.188 0.206768 7.72985 2 3 160.103 0.299962 8.11168 2 2 0.220509 9.69455e-05 47.6924 2 
1.78038 0.000122494 -1 0.83941 0.205566 0.0146942 2.44093 54956.2 4 662.46 0.428406 6.27084 2 2 60.9589 0.790068 8.78388 2 2 0.245117 9.13416e-05 51.8027 2 
1.79508 0.000107306 -1 0.842437 0.204975 0.0146942 2.45832 54983.9 4 711.99 0.417939 6.42451 2 2 47.4989 1.05782 6.70096 2 2 0.224139 7.6709e-05 54.055 2 
1.80977 0.000100701 -1 0.845448 0.204569 0.0146942 2.47836 54952.5 4 1139.77 0.227203 8.4159 2 2 55.3196 0.732453 8.6906 2 2 0.225212 8.84694e-05 50.4544 2 
1.82447 0.000100666 -1 0.848415 0.204055 0.0146942 2.49476 55001.7 4 679.449 0.447686 6.2416 2 2 64.0433 0.652934 9.90381 2 2 0.214402 8.73308e-05 49.5486 2 
1.83916 0.000103963 -1 0.851322 0.203772 0.0146942 2.5124 55023.1 4 734.664 0.282056 7.14395 2 2 61.738 0.567216 10.4328 2 2 0.200707 7.75169e-05 50.8843 2 
1.85385 0.000103093 -1 0.854226 0.202961 0.0146942 2.53001 55044.8 5 3489.04 0.359387 6.27233 2 2 53.9632 0.689731 8.84523 2 2 0.210252 9.106e-05 48.0514 2 
1.86855 0.000130806 -1 0.857175 0.202392 0.0146942 2.54426 55139 3 292.383 0.308323 9.82461 2 2 85.8274 1.31466 8.0799 2 2 0.199606 9.04458e-05 46.9778 2 
1.88324 0.000151548 -1 0.860143 0.201853 0.0146942 2.55947 55211.5 5 1454.81 0.120799 6.5486 2 2 150.771 1.67413 9.48994 2 2 0.203067 8.96316e-05 47.598 2 
1.89794 0.000150144 -1 0.863147 0.201435 0.0146942 2.57791 55213.8 4 540.515 0.376106 6.15707 2 2 56.633 1.06621 7.28808 2 3 0.211266 3.59082e-06 38.8937 2 
1.91263 0.000133695 -1 0.866166 0.201004 0.0146942 2.59342 55278.4 4 988.837 0.221006 8.17862 2 2 71.1994 1.28306 7.44928 2 3 0.218756 4.11718e-06 37.5941 2 
1.92733 0.000119801 -1 0.869213 0.200606 0.0146942 2.61181 55281.1 3 96.4398 0.184699 8.05249 2 2 31.8786 0.676169 6.86629 2 3 0.243597 4.3518e-06 38.2532 2 
1.94202 0.000116479 -1 0.872201 0.200112 0.0146942 2.63092 55268.9 4 667.034 0.302107 6.85483 2 2 31.2431 0.597499 7.23117 2 3 0.242379 4.17735e-06 38.7137 2 
1.95671 0.000115114 -1 0.875156 0.199738 0.0146942 2.64744 55310.8 4 699.478 0.232986 7.4022 2 2 87.3433 1.805 6.95626 2 3 0.236671 4.07717e-06 38.7194 2 
1.97141 0.000114805 -1 0.878027 0.199439 0.0146942 2.6624 55384.6 4 625.79 0.14262 8.13883 2 2 47.7658 0.802078 7.71703 2 3 0.219541 4.21648e-06 37.3412 2 
1.9861 0.000115754 -1 0.880861 0.198684 0.0146942 2.68151 55371.9 7 3845.71 0.413552 3.6891 2 2 42.0757 0.823461 7.14816 2 3 0.184523 4.22968e-06 35.2031 2 
2.0008 0.000135925 -1 0.88369 0.198302 0.0146942 2.7009 55353.5 3 355.907 0.275668 10.8889 2 3 161.906 0.358137 7.67487 2 3 0.178442 4.15217e-06 35.0273 2 
2.01549 0.000129015 -1 0.886547 0.198229 0.0146942 2.71892 55363.1 5 3551.29 0.379663 6.22584 2 2 88.9828 1.32502 8.19487 2 3 0.179787 5.75398e-06 31.4966 2 
2.03018 0.000111127 -1 0.889441 0.197715 0.0146942 2.73583 55395.2 4 1136.12 0.307791 7.79457 2 2 70.4691 1.28131 7.41604 2 3 0.18909 7.98316e-06 28.7187 2 
2.04488 0.000122342 -1 0.89237 0.197194 0.0146942 2.75168 55448.4 5 733.94 0.354721 4.60421 2 2 48.0292 1.30806 6.05954 2 3 0.198835 5.63243e-06 32.8044 2 
2.05957 0.000133921 -1 0.895315 0.19682 0.0146942 2.76636 55524.2 3 209.456 0.261866 9.28264 2 2 43.0459 1.22528 5.92718 2 2 0.20368 8.70699e-05 48.3659 2 
2.07427 0.000137229 -1 0.898288 0.19653 0.0146942 2.78032 55613.8 3 122.438 0.25903 7.78971 2 2 128.413 1.39693 9.58776 2 2 0.234233 7.12196e-05 57.3489 2 
2.08896 0.000135728 -1 0.901271 0.196288 0.0146942 2.7939 55710 3 128.065 0.255588 7.94261 2 2 32.8126 0.960062 5.84616 2 2 0.229808 8.37608e-05 52.3796 2 
2.10366 0.000133 -1 0.904243 0.19606 0.0146942 2.80874 55780.1 4 649.719 0.299639 6.82389 2 2 53.7041 0.933204 7.58605 2 2 0.212207 9.83916e-05 46.4409 2 
2.11835 0.000130946 -1 0.907072 0.195833 0.0146942 2.82519 55817.7 4 676.687 0.145357 8.26015 2 2 38.3563 0.777047 7.02578 2 3 0.173 4.42221e-06 33.9471 2 
2.13304 0.000135949 -1 0.909846 0.195555 0.0146942 2.84091 55869.4 4 2858.86 0.190586 11.0669 2 2 149.571 1.81814 9.07008 2 3 0.162898 4.48974e-06 33.1053 2 
2.14774 0.000135718 -1 0.912626 0.195269 0.0146942 2.85938 55866.7 4 639.471 0.284665 6.88449 2 2 106.126 0.692747 12.3772 2 3 0.156839 4.77791e-06 32.0188 2 
2.16243 0.000137578 -1 0.915428 0.194901 0.0146942 2.87848 55851.7 4 3371.41 0.264048 10.63 2 2 66.4093 0.424735 12.5042 2 3 0.174182 5.09375e-06 32.458 2 
2.17713 0.000134828 -1 0.918235 0.194534 0.0146942 2.90223 55747.5 3 294.951 0.356274 9.38978 2 2 66.6695 0.732642 9.53933 2 3 0.17893 5.64297e-06 31.6513 2 
2.19182 0.000131888 -1 0.921091 0.194206 0.0146942 2.91794 55798.2 4 571.804 0.210716 7.21751 2 2 41.4705 1.49264 5.271 2 3 0.185461 6.26762e-06 30.9302 2 
2.20651 0.00012788 -1 0.923968 0.193922 0.0146942 2.93743 55776.7 4 746.616 0.411732 6.5256 2 3 150.754 0.407025 7.18151 2 3 0.205088 6.30069e-06 31.9289 2 
2.22121 0.000127447 -1 0.926875 0.193713 0.0146942 2.95417 55807.2 3 100.486 0.196296 7.99952 2 2 32.5757 0.365931 9.43512 2 3 0.20192 5.65135e-06 32.9364 2 
2.2359 0.000126912 -1 0.92979 0.19352 0.0146942 2.96939 55866.1 3 116.658 0.205233 8.28366 2 2 46.0094 0.45458 10.0605 2 3 0.190739 5.27705e-06 33.0635 2 
2.2506 0.000128317 -1 0.93272 0.193348 0.0146942 2.98516 55914 3 43.9081 0.220693 5.83784 2 2 52.9146 0.632285 9.14811 2 3 0.168725 5.07906e-06 32.1464 2 
2.26529 0.000131095 -1 0.935614 0.19315 0.0146942 3.00562 55874 5 2903.07 0.189814 6.86919 2 2 146.826 1.73878 9.18924 2 3 0.135615 4.73406e-06 30.5978 2 
2.27999 0.000131196 -1 0.938467 0.192946 0.0146942 3.02322 55887.4 4 744.101 0.380516 6.6499 2 2 78.3978 0.914706 9.25787 2 3 0.147917 4.19726e-06 32.7856 2 
2.29468 0.000130832 -1 0.941194 0.192649 0.0146942 3.03929 55928.8 4 3452.91 0.422667 9.50707 2 2 78.8819 0.922795 9.24562 2 3 0.165165 4.2971e-06 33.748 2 
2.30937 0.000120016 -1 0.943946 0.192442 0.0146942 3.0558 55961.8 4 1092.34 0.23358 8.26952 2 2 55.0484 1.01244 7.37373 2 3 0.174811 4.58998e-06 33.6449 2 
2.32407 0.000116183 -1 0.946703 0.19227 0.0146942 3.07116 56015.4 5 714.573 0.234211 4.97609 2 2 47.5147 0.980175 6.96245 2 2 0.17783 8.67051e-05 45.2877 2 
2.33876 0.0001132 -1 0.949482 0.192214 0.0146942 3.08775 56046 4 583.326 0.230039 7.09622 2 2 161.953 1.36178 10.9054 2 3 0.170667 4.83552e-06 32.8021 2 
2.35346 0.000109961 -1 0.952286 0.192117 0.0146942 3.1017 56124 3 309.062 0.282539 10.3036 2 2 44.0047 1.09148 6.34953 2 3 0.178083 6.88759e-06 29.5701 2 
2.36815 0.00010806 -1 0.955129 0.192028 0.0146942 3.11613 56192.8 4 711.132 0.19841 7.73743 2 2 35.3429 0.683252 7.19218 2 3 0.174528 7.65037e-06 28.3614 2 
2.38284 0.000111293 -1 0.957989 0.191942 0.0146942 3.13248 56226.4 3 45.4751 0.191616 6.19128 2 2 49.1744 0.597405 9.07267 2 3 0.158645 4.32477e-06 33.2267 2 
2.39754 0.00011432 -1 0.960862 0.191855 0.0146942 3.14821 56270.7 4 3238.76 0.259838 10.5662 2 2 40.0683 0.647359 7.86734 2 3 0.130751 4.66159e-06 30.3834 2 
2.41223 0.000117974 -1 0.96372 0.191823 0.0146942 3.16396 56314.3 3 276.606 0.351773 9.22995 2 2 135.964 1.41112 9.81589 2 3 0.136675 4.87861e-06 30.3714 2 
2.42693 0.000122709 -1 0.966578 0.191561 0.0146942 3.18065 56340.8 5 3352 0.420003 6.03129 2 2 79.1581 0.877822 9.49608 2 3 0.155609 4.94415e-06 31.5729 2 
2.44162 0.000144492 -1 0.969421 0.191386 0.0146942 3.19844 56347.4 4 701.443 0.335294 6.76303 2 2 63.3006 0.530417 10.9243 2 3 0.16628 5.00407e-06 32.1494 2 
2.45632 0.000141631 -1 0.972247 0.19134 0.0146942 3.21404 56392.6 4 1180.99 0.401231 7.36568 2 2 38.7808 0.579344 8.18163 2 3 0.169796 5.34283e-06 31.6751 2 
2.47101 0.00012798 -1 0.974988 0.19147 0.0146942 3.22834 56460 4 604.488 0.217813 7.25815 2 2 39.0525 0.521149 8.65652 2 3 0.169509 5.60778e-06 31.1507 2 
2.4857 0.000125467 -1 0.977737 0.191458 0.0146942 3.24572 56473.2 4 667.975 0.295426 6.89569 2 3 142.662 0.186025 9.15333 2 3 0.164547 5.22846e-06 31.5723 2 
2.5004 0.000116471 -1 0.98049 0.191458 0.0146942 3.26222 56501.5 3 79.0749 0.172389 7.71217 2 2 23.7101 0.493521 6.93129 2 3 0.159558 4.44888e-06 32.9778 2 
2.51509 0.000114715 -1 0.98327 0.191468 0.0146942 3.27704 56558.3 3 330.876 0.227706 11.3265 2 2 45.6406 0.541886 9.17744 2 3 0.152293 4.21446e-06 33.0607 2 
2.52979 0.000111911 -1 0.986082 0.191441 0.0146942 3.29403 56577.6 4 686.764 0.24836 7.25156 2 2 46.6973 0.849195 7.41553 2 3 0.139356 3.96845e-06 32.7468 2 
2.54448 0.000113282 -1 0.988918 0.191394 0.0146942 3.31042 56606.8 4 2870.1 0.326435 9.68334 2 2 33.7569 0.54532 7.86785 2 3 0.124783 3.65747e-06 32.4333 2 
2.55917 0.000136627 -1 0.99175 0.191518 0.0146942 3.32516 56663.8 4 3272.18 0.424681 9.36901 2 2 126.635 1.75447 8.49579 2 3 0.141925 3.5603e-06 34.1605 2 
2.57387 0.000129207 -1 0.994591 0.191539 0.0146942 3.34245 56677 3 193.88 0.164464 10.5638 2 2 60.8238 0.677412 9.47568 2 2 0.157093 9.62624e-05 40.3972 2 
2.58856 0.000122164 -1 0.997435 0.19153 0.0146942 3.35561 56759.9 3 227.551 0.144892 11.6237 2 2 84.7483 1.23036 8.29946 2 2 0.160823 9.03931e-05 42.18 2 
2.60326 0.000121787 -1 1.00028 0.191482 0.0146942 3.37024 56817.3 4 1209.79 0.427955 7.29168 2 2 33.2013 0.569648 7.63439 2 2 0.160503 7.28461e-05 46.9394 2 
2.61795 0.000135909 -1 1.00312 0.191498 0.0146942 3.38554 56862.9 4 656.763 0.282818 6.94185 2 2 32.2811 0.574149 7.49829 2 2 0.161103 7.98919e-05 44.9055 2 
2.63265 0.00014308 -1 1.00595 0.191555 0.0146942 3.39848 56947.8 4 608.244 0.181505 7.60847 2 2 119.495 0.972522 11.0847 2 2 0.141191 8.88813e-05 39.8564 2 
2.64734 0.000140181 -1 1.00871 0.191625 0.0146942 3.41118 57035.9 4 700.817 0.380809 6.54975 2 2 31.4072 0.956111 5.73139 2 2 0.140419 8.73356e-05 40.0975 2 
2.66203 0.000133715 -1 1.01146 0.191758 0.0146942 3.42434 57115.9 3 78.6326 0.156155 7.95578 2 2 43.8627 1.08791 6.34968 2 2 0.134253 9.474e-05 37.6439 2 
2.67673 0.000131831 -1 1.01422 0.191859 0.0146942 3.43962 57159.8 4 350.423 0.112483 7.47095 2 2 44.6188 1.05246 6.51113 2 3 0.125084 3.83844e-06 31.941 2 
2.69142 0.000137888 -1 1.01703 0.19198 0.0146942 3.45359 57225.1 4 2822.42 0.174294 11.2807 2 2 38.7601 1.21748 5.64237 2 3 0.134038 7.49996e-06 26.1451 2 
2.70612 0.000139401 -1 1.01985 0.191981 0.0146942 3.46889 57268 4 2945.59 0.435162 9.07048 2 2 126.397 1.70672 8.60572 2 3 0.14588 6.56977e-06 28.107 2 
2.72081 0.000161801 -1 1.02268 0.192034 0.0146942 3.4823 57341.5 4 188.636 0.336958 4.86421 2 2 42.9728 0.735991 7.64118 2 3 0.150769 4.26698e-06 32.8144 2 
2.7355 0.000170256 -1 1.02552 0.192086 0.0146942 3.49755 57384.2 4 172.878 0.244424 5.15702 2 2 37.0068 0.48129 8.76874 2 3 0.160015 4.26289e-06 33.4826 2 
2.7502 0.000174422 -1 1.02837 0.192184 0.0146942 3.51558 57381.2 3 134.059 0.20654 8.65826 2 2 77.3977 1.09802 8.39572 2 2 0.156103 9.76644e-05 39.9795 2 
2.76489 0.000175946 -1 1.03122 0.19233 0.0146942 3.5294 57446.6 4 1330.44 0.312076 8.08042 2 2 26.4578 0.379138 8.35369 2 2 0.150824 9.71839e-05 39.3948 2 
2.77959 0.000170796 -1 1.03408 0.19248 0.0146942 3.54304 57514.4 4 618.472 0.195913 7.49574 2 2 100.306 1.60349 7.90918 2 2 0.134768 9.91689e-05 36.8643 2 
2.79428 0.000176257 -1 1.03693 0.192552 0.0146942 3.55717 57573.8 4 691.308 0.225551 7.44058 2 2 31.5541 0.328694 9.79788 2 2 0.126922 9.89028e-05 35.8231 2 
2.80898 0.000176349 -1 1.03976 0.192705 0.0146942 3.57294 57606.3 4 591.601 0.196787 7.40471 2 2 41.7419 0.430831 9.84312 2 2 0.124662 9.71557e-05 35.8206 2 
2.82367 0.000177524 -1 1.04252 0.192806 0.0146942 3.58474 57702.3 3 75.5034 0.151676 7.92531 2 2 43.6522 0.541397 8.97936 2 2 0.118343 9.34727e-05 35.5818 2 
2.83836 0.000181665 -1 1.0453 0.192884 0.0146942 3.59845 57767.2 5 3045.34 0.0803142 8.23699 2 2 39.8856 1.11986 5.96796 2 2 0.126757 9.18271e-05 37.1536 2 
2.85306 0.000185589 -1 1.04809 0.192961 0.0146942 3.61532 57780.8 4 658.183 0.216537 7.42512 2 3 26.7379 0.567165 3.61248 2 2 0.13916 8.92746e-05 39.4814 2 
2.86775 0.000186964 -1 1.05092 0.193051 0.0146942 3.63263 57787.3 4 653.143 0.348535 6.57947 2 3 105.174 0.542858 5.78639 2 2 0.143731 9.41135e-05 39.0796 2 
2.88245 0.000191505 -1 1.05376 0.19316 0.0146942 3.65041 57786.4 3 141.251 0.224892 8.56392 2 2 40.4532 1.26524 5.65444 2 2 0.149592 8.09546e-05 42.9866 2 
2.89714 0.000194169 -1 1.05662 0.193224 0.0146942 3.66252 57874.9 3 122.357 0.310544 7.33109 2 2 32.7643 0.527409 7.88182 2 2 0.150764 6.68784e-05 47.4795 2 
2.91183 0.000195217 -1 1.05948 0.193186 0.0146942 3.67822 57906.2 4 1264.75 0.368807 7.65246 2 2 34.4009 0.610349 7.50751 2 2 0.140368 6.42518e-05 46.7404 2 
2.92653 0.000197903 -1 1.06235 0.19331 0.0146942 3.69472 57924.8 4 648.302 0.246458 7.16157 2 2 48.3931 0.758304 7.98859 2 2 0.132821 7.04165e-05 43.4306 2 
2.94122 0.000206109 -1 1.06522 0.193416 0.0146942 3.71136 57941 5 669.074 0.277534 4.74714 2 2 79.9594 0.743444 10.3708 2 2 0.116523 7.55898e-05 39.2621 2 
2.95592 0.000201006 -1 1.06809 0.19348 0.0146942 3.7272 57969.6 5 676.163 0.304101 4.67096 2 2 38.5804 1.25985 5.53381 2 2 0.118173 7.35964e-05 40.071 2 
2.97061 0.000191576 -1 1.07093 0.193627 0.0146942 3.74049 58037.3 3 529.407 0.400754 10.9725 2 2 42.072 1.27738 5.739 2 2 0.115658 7.77212e-05 38.5761 2 
2.98531 0.000185429 -1 1.07372 0.193748 0.0146942 3.75522 58082.3 5 658.222 0.304622 4.64432 2 2 40.7404 1.1719 5.89613 2 2 0.112475 8.29505e-05 36.8229 2 
3 0.000180337 -1 1.0765 0.193736 0.0146942 3.7735 58072.4 5 2850.94 0.269821 6.37944 2 2 38.9075 1.25671 5.56416 2 2 0.129659 8.48035e-05 39.1016 2 

# Multigrid, 214 steps, 3.33469 CPU, 3.792 real, 5.78e+04 points.step/s, 23 var
