0 0 0
1.12e-06 2.54599e-10 1
2.71946e-05 3.6807e-05 2
7.59553e-05 2.88319e-05 5
0.00014534 2.65162e-05 3
0.000233473 2.51343e-05 1
0.00033865 2.43955e-05 1
0.000459322 2.41811e-05 1
0.000594081 2.43716e-05 1
0.000741645 2.48278e-05 1
0.000900851 2.54891e-05 1
0.00107064 2.63673e-05 1
0.00125005 2.75752e-05 1
0.00143821 2.93318e-05 1
0.00163431 3.18221e-05 1
0.00183765 3.51376e-05 1
0.00204756 3.92152e-05 1
0.00226344 4.38745e-05 2
0.00248475 4.89596e-05 1
0.002711 5.44352e-05 2
0.00294174 6.04287e-05 1
0.00317656 6.71032e-05 2
0.00341508 7.45743e-05 1
0.00365698 8.27654e-05 1
0.00390195 9.1501e-05 1
0.0041497 0.000100593 1
0.00439999 0.000109902 1
0.00465258 0.000119197 1
0.00490726 0.000128428 1
0.00516384 0.000137469 1
0.00542216 0.000146352 1
0.00568205 0.000155297 1
0.00594337 0.000164589 1
0.00620599 0.000174359 4
0.00646979 0.000184809 2
0.00673467 0.000195917 3
0.00700052 0.000207429 3
0.00726726 0.000219399 3
0.00753481 0.000231569 3
0.00780309 0.000243809 3
0.00807204 0.000256289 3
0.0083416 0.000269108 3
0.00861171 0.000282139 3
0.00888231 0.000295507 1
0.00915338 0.000309085 2
0.00942486 0.000322816 2
0.00969671 0.000336385 2
0.00996891 0.000349884 2
0.0102414 0.000363198 2
0.0105142 0.0003764 1
0.0107873 0.000389263 2
0.0110605 0.000402024 2
0.011334 0.000414761 2
0.0116077 0.000427278 4
0.0118816 0.000439772 3
0.0121556 0.000452179 3
0.0124298 0.000464209 2
0.0127041 0.000476321 1
0.0129785 0.000488308 2
0.013253 0.000500597 2
0.0135277 0.000512916 1
0.0138024 0.000525243 1
0.0140772 0.00053742 2
0.0143521 0.000549257 2
0.014627 0.000557675 4
0.014902 0.000564896 3
0.0151771 0.000570939 3
0.0154522 0.000575962 4
0.0157273 0.000580603 3
0.0160025 0.000584965 3
0.0162778 0.000589038 3
0.016553 0.000592956 4
0.0168284 0.000596408 3
0.0171037 0.000599702 3
0.017379 0.000602786 1
0.0176544 0.000605706 2
0.0179298 0.000608466 2
0.0182053 0.000610974 3
0.0184807 0.000613239 3
0.0187562 0.000614766 3
0.0190316 0.000615793 3
0.0193071 0.00061619 4
0.0195826 0.000615867 4
0.0198581 0.00061502 3
0.0201337 0.000613388 3
0.0204092 0.000611386 1
0.0206847 0.000609004 2
0.0209603 0.000606315 2
0.0212358 0.000603504 3
0.0215114 0.000600203 2
0.0217869 0.000596702 2
0.0220625 0.000592823 2
0.0223381 0.000588498 2
0.0226137 0.000583765 2
0.0228892 0.000578225 2
0.0231648 0.000572192 1
0.0234404 0.000565586 2
0.023716 0.000558596 1
0.0239916 0.000550966 2
0.0242672 0.000543105 1
0.0245428 0.000535 4
0.0248184 0.000526697 2
0.025094 0.000518209 1
0.0253696 0.000509606 4
0.0256452 0.000500473 3
0.0259208 0.00049116 4
0.0261964 0.000481555 3
0.026472 0.000471639 3
0.0267476 0.000461496 3
0.0270233 0.000451292 1
0.0272989 0.000440839 2
0.0275745 0.00043046 2
0.0278501 0.000420118 2
0.0281257 0.000409814 2
0.0284013 0.000399513 1
0.0286769 0.000389168 1
0.0289526 0.000378781 3
0.0292282 0.000368009 3
0.0295038 0.000357008 3
0.0297794 0.00034567 1
0.030055 0.000334044 2
0.0303306 0.000322259 2
0.0306063 0.000310476 2
0.0308819 0.000298896 2
0.0311575 0.000287477 2
0.0314331 0.000276474 2
0.0317087 0.000265845 2
0.0319844 0.000255579 2
0.03226 0.000245648 2
0.0325356 0.000235993 1
0.0328112 0.000226595 2
0.0330868 0.00021736 1
0.0333625 0.000208383 2
0.0336381 0.000199608 2
0.0339137 0.00019102 2
0.0341893 0.000182608 2
0.0344649 0.000174451 2
0.0347406 0.000166613 2
0.0350162 0.000159057 2
0.0352918 0.000151888 4
0.0355674 0.000145126 2
0.035843 0.000138789 2
0.0361187 0.000132895 2
0.0363943 0.000127449 2
0.0366699 0.000122433 2
0.0369455 0.000117961 2
0.0372211 0.000114053 2
0.0374968 0.000110634 2
0.0377724 0.000107586 2
0.038048 0.000104859 2
0.0383236 0.000102451 2
0.0385992 0.000100403 2
0.0388749 9.88366e-05 2
0.0391505 9.78837e-05 2
0.0394261 9.765e-05 1
0.0397017 9.81924e-05 1
0.0399774 9.95293e-05 1
0.040253 0.00010162 2
0.0405286 0.000104399 2
0.0408042 0.000107759 3
0.0410798 0.000111596 3
0.0413555 0.000115808 3
0.0416311 0.00012033 3
0.0419067 0.000125136 3
0.0421823 0.000130254 2
0.0424579 0.000135745 2
0.0427336 0.000141639 1
0.0430092 0.000148023 2
0.0432848 0.00015485 1
0.0435604 0.000162129 2
0.043836 0.000169805 2
0.0441117 0.00017783 2
0.0443873 0.000186137 2
0.0446629 0.00019468 2
0.0449385 0.000203402 2
0.0452141 0.000212131 3
0.0454898 0.000221007 1
0.0457654 0.000230081 2
0.046041 0.000239398 1
0.0463166 0.000249032 1
0.0465923 0.00025898 4
0.0468679 0.000269292 2
0.0471435 0.00027994 2
0.0474191 0.000290892 2
0.0476947 0.000302069 2
0.0479704 0.000313444 2
0.048246 0.000324857 2
0.0485216 0.000336379 2
0.0487972 0.000347951 2
0.0490728 0.000359589 2
0.0493485 0.000371295 2
0.0496241 0.000383108 1
0.0498997 0.000395079 3
0.0501753 0.000407311 3
0.0504509 0.000419691 1
0.0507266 0.000432148 3
0.0510022 0.000444594 1
0.0512778 0.000456822 4
0.0515534 0.000469035 2
0.051829 0.000481093 2
0.0521047 0.000493094 2
0.0523803 0.000504969 2
0.0526559 0.000516688 1
0.0529315 0.000528052 1
0.0532072 0.000539328 2
0.0534828 0.000550534 2
0.0537584 0.000561691 2
0.054034 0.000572906 2
0.0543096 0.000583892 2
0.0545853 0.000594836 2
0.0548609 0.00060555 1
0.0551365 0.000615987 2
0.0554121 0.000622657 4
0.0556877 0.000627855 3
0.0559634 0.000631928 4
0.056239 0.000634926 3
0.0565146 0.000637652 3
0.0567902 0.000640295 3
0.0570658 0.000642525 4
0.0573415 0.00064474 2
0.0576171 0.000646504 2
0.0578927 0.000648173 1
0.0581683 0.000649421 1
0.058444 0.000650272 2
0.0587196 0.000650925 2
0.0589952 0.000651239 2
0.0592708 0.000651252 3
0.0595464 0.000650739 3
0.0598221 0.000649618 3
0.0600977 0.000648134 4
0.0603733 0.000646168 4
0.0606489 0.000643731 3
0.0609245 0.000640919 1
0.0612002 0.000637627 3
0.0614758 0.000634025 3
0.0617514 0.000630061 4
0.062027 0.000625943 5
0.0623026 0.00062164 3
0.0625783 0.000616895 3
0.0628539 0.000611648 2
0.0631295 0.00060606 2
0.0634051 0.00059998 2
0.0636807 0.00059339 3
0.0639564 0.000586286 1
0.064232 0.000578823 3
0.0645076 0.000570967 1
0.0647832 0.000562452 2
0.0650589 0.00055384 4
0.0653345 0.000544976 1
0.0656101 0.000535986 4
0.0658857 0.000526756 5
0.0661613 0.000517314 3
0.066437 0.000507753 3
0.0667126 0.000498396 4
0.0669882 0.000488719 2
0.0672638 0.000479047 2
0.0675394 0.000469175 2
0.0678151 0.000459129 1
0.0680907 0.000449097 1
0.0683663 0.00043903 1
0.0686419 0.000428961 1
0.0689175 0.000419038 1
0.0691932 0.000408872 1
0.0694688 0.000398711 1
0.0697444 0.000388438 1
0.07002 0.000378028 1
0.0702957 0.000367377 1
0.0705713 0.000356571 1
0.0708469 0.000345494 1
0.0711225 0.000334393 1
0.0713981 0.000323384 3
0.0716738 0.00031249 2
0.0719494 0.000301819 2
0.072225 0.00029147 1
0.0725006 0.000281486 1
0.0727762 0.000271744 1
0.0730519 0.000262327 2
0.0733275 0.000253157 1
0.0736031 0.000244169 2
0.0738787 0.000235367 1
0.0741543 0.000226779 2
0.07443 0.000218365 1
0.0747056 0.000210256 2
0.0749812 0.000202488 1
0.0752568 0.000195102 1
0.0755324 0.000188143 1
0.0758081 0.000181639 1
0.0760837 0.000175543 1
0.0763593 0.000169925 1
0.0766349 0.000164749 4
0.0769106 0.000159969 2
0.0771862 0.000155585 2
0.0774618 0.000151553 2
0.0777374 0.000147903 2
0.078013 0.000144791 2
0.0782887 0.000142216 2
0.0785643 0.000140097 2
0.0788399 0.000138354 2
0.0791155 0.000136966 2
0.0793911 0.000135943 2
0.0796668 0.000135351 2
0.0799424 0.00013527 2
0.080218 0.000135788 1
0.0804936 0.000136976 2
0.0807692 0.000138855 1
0.0810449 0.000141414 2
0.0813205 0.000144587 2
0.0815961 0.000148297 2
0.0818717 0.000152453 2
0.0821473 0.000156946 2
0.082423 0.000161725 2
0.0826986 0.000166736 2
0.0829742 0.000171996 2
0.0832498 0.00017755 2
0.0835255 0.000183445 2
0.0838011 0.000189744 1
0.0840767 0.000196442 1
0.0843523 0.00020355 1
0.0846279 0.000211025 2
0.0849036 0.00021883 2
0.0851792 0.000226946 2
0.0854548 0.000235311 2
0.0857304 0.000243869 2
0.086006 0.000252604 2
0.0862817 0.000261528 2
0.0865573 0.000270645 1
0.0868329 0.000280102 4
0.0871085 0.000289963 1
0.0873841 0.000300245 1
0.0876598 0.000310905 1
0.0879354 0.000321959 1
0.088211 0.000333228 3
0.0884866 0.000344708 2
0.0887623 0.000356272 2
0.0890379 0.000367869 1
0.0893135 0.000379452 1
0.0895891 0.000391032 1
0.0898647 0.000402654 1
0.0901404 0.000414244 1
0.090416 0.000426024 3
0.0906916 0.000437976 1
0.0909672 0.000450049 1
0.0912428 0.000462156 2
0.0915185 0.000474237 1
0.0917941 0.000486129 4
0.0920697 0.000498039 3
0.0923453 0.000509928 3
0.0926209 0.000521668 3
0.0928966 0.000533168 3
0.0931722 0.000544418 1
0.0934478 0.00055529 2
0.0937234 0.000566056 2
0.093999 0.000576762 1
0.0942747 0.000587447 2
0.0945503 0.000598143 2
0.0948259 0.000608874 1
0.0951015 0.0006195 1
0.0953772 0.000630011 2
0.0956528 0.000636743 4
0.0959284 0.000642317 3
0.096204 0.000646877 3
0.0964796 0.000650287 4
0.0967553 0.000653621 3
0.0970309 0.000656727 3
0.0973065 0.000659634 4
0.0975821 0.000662256 2
0.0978577 0.000664686 2
0.0981334 0.000666622 2
0.098409 0.000668333 2
0.0986846 0.000669709 2
0.0989602 0.000670775 3
0.0992358 0.00067162 3
0.0995115 0.000672035 2
0.0997871 0.000672071 3
0.100063 0.000671712 2
0.100338 0.000670927 2
0.100614 0.00066963 3
0.10089 0.000667845 3
0.101165 0.000665537 1
0.101441 0.000662756 2
0.101716 0.000659568 2
0.101992 0.000655995 1
0.102268 0.000652118 2
0.102543 0.000647913 3
0.102819 0.000643424 2
0.103095 0.000638615 2
0.10337 0.00063343 2
0.103646 0.000627818 2
0.103921 0.000621733 1
0.104197 0.000615141 1
0.104473 0.000608049 2
0.104748 0.000600484 1
0.105024 0.000592551 2
0.1053 0.000584276 1
0.105575 0.000575705 2
0.105851 0.000566868 4
0.106126 0.000557792 1
0.106402 0.000548494 1
0.106678 0.0005391 3
0.106953 0.000529582 3
0.107229 0.000519875 3
0.107504 0.000510311 4
0.10778 0.000500643 2
0.108056 0.000490863 2
0.108331 0.000481012 2
0.108607 0.000471109 1
0.108883 0.000461159 1
0.109158 0.000451169 1
0.109434 0.000441171 1
0.109709 0.000431164 1
0.109985 0.000421131 1
0.110261 0.000411038 1
0.110536 0.000400835 1
0.110812 0.00039047 1
0.111088 0.000379955 1
0.111363 0.00036926 3
0.111639 0.000358429 2
0.111914 0.000347565 2
0.11219 0.000336759 2
0.112466 0.000326116 2
0.112741 0.000315721 3
0.113017 0.000305623 3
0.113293 0.000295825 3
0.113568 0.000286307 3
0.113844 0.000277013 3
0.114119 0.000267927 1
0.114395 0.000259042 2
0.114671 0.00025035 1
0.114946 0.00024186 1
0.115222 0.000233597 1
0.115497 0.000225624 1
0.115773 0.000217989 1
0.116049 0.000210761 1
0.116324 0.000203965 1
0.1166 0.000197609 1
0.116876 0.000191685 1
0.117151 0.00018618 1
0.117427 0.000181047 4
0.117702 0.000176292 2
0.117978 0.000171905 2
0.118254 0.000167891 2
0.118529 0.000164263 2
0.118805 0.00016103 2
0.119081 0.000158216 2
0.119356 0.000156004 2
0.119632 0.000154427 2
0.119907 0.000153438 2
0.120183 0.000152965 2
0.120459 0.000152976 2
0.120734 0.000153447 1
0.12101 0.000154362 2
0.121286 0.000155734 2
0.121561 0.000157602 2
0.121837 0.000159994 2
0.122112 0.000162918 2
0.122388 0.000166376 2
0.122664 0.000170335 2
0.122939 0.000174765 2
0.123215 0.000179596 2
0.12349 0.000184799 2
0.123766 0.000190334 2
0.124042 0.000196188 2
0.124317 0.000202364 1
0.124593 0.000208838 2
0.124869 0.000215669 1
0.125144 0.000222893 2
0.12542 0.00023048 2
0.125695 0.000238408 2
0.125971 0.000246579 2
0.126247 0.000254937 4
0.126522 0.000263483 2
0.126798 0.000272287 2
0.127074 0.000281424 2
0.127349 0.000290938 1
0.127625 0.000300866 2
0.1279 0.000311185 1
0.128176 0.00032182 1
0.128452 0.000332705 1
0.128727 0.000343752 1
0.129003 0.000354908 3
0.129279 0.00036613 2
0.129554 0.000377414 2
0.12983 0.000388737 2
0.130105 0.000400121 2
0.130381 0.000411552 1
0.130657 0.000423078 2
0.130932 0.000434763 2
0.131208 0.000446605 2
0.131483 0.000458522 2
0.131759 0.000470436 2
0.132035 0.00048226 1
0.13231 0.000493989 2
0.132586 0.00050563 4
0.132862 0.000517223 2
0.133137 0.000528757 3
0.133413 0.000540225 1
0.133688 0.000551529 3
0.133964 0.00056266 2
0.13424 0.000573674 2
0.134515 0.000584648 2
0.134791 0.000595592 1
0.135067 0.000606654 2
0.135342 0.00061767 1
0.135618 0.000628587 1
0.135893 0.000639351 2
0.136169 0.000649933 2
0.136445 0.000655732 4
0.13672 0.000660357 3
0.136996 0.000663914 4
0.137272 0.000666782 3
0.137547 0.000669499 4
0.137823 0.000672035 3
0.138098 0.00067435 5
0.138374 0.000676418 3
0.13865 0.000678241 2
0.138925 0.000679789 2
0.139201 0.00068103 2
0.139476 0.000681991 2
0.139752 0.000682687 1
0.140028 0.000683124 2
0.140303 0.000683257 3
0.140579 0.000683049 3
0.140855 0.000682429 3
0.14113 0.000681315 4
0.141406 0.000679667 3
0.141681 0.000677526 4
0.141957 0.00067489 1
0.142233 0.000671823 3
0.142508 0.000668364 3
0.142784 0.000664585 1
0.14306 0.000660541 4
0.143335 0.00065621 5
0.143611 0.000651569 3
0.143886 0.000646586 3
0.144162 0.000641242 3
0.144438 0.000635484 2
0.144713 0.000629281 2
0.144989 0.000622622 2
0.145265 0.000615502 2
0.14554 0.000607979 2
0.145816 0.00060009 2
0.146091 0.000591878 2
0.146367 0.000583388 5
0.146643 0.000574667 3
0.146918 0.000565756 4
0.147194 0.000556693 1
0.14747 0.000547516 5
0.147745 0.000538177 3
0.148021 0.000528662 3
0.148296 0.000519256 4
0.148572 0.000509757 2
0.148848 0.000500151 2
0.149123 0.0004905 2
0.149399 0.000480835 1
0.149674 0.000471177 1
0.14995 0.000461542 1
0.150226 0.000451938 1
0.150501 0.000442348 1
0.150777 0.000432735 1
0.151053 0.000423035 1
0.151328 0.000413179 1
0.151604 0.000403153 1
0.151879 0.000392899 1
0.152155 0.00038246 1
0.152431 0.000371917 1
0.152706 0.00036138 3
0.152982 0.000350966 3
0.153258 0.000340762 2
0.153533 0.000330846 2
0.153809 0.00032127 2
0.154084 0.000312039 3
0.15436 0.000303107 1
0.154636 0.000294426 2
0.154911 0.000285982 1
0.155187 0.00027772 2
0.155463 0.000269635 1
0.155738 0.000261742 1
0.156014 0.000254091 1
0.156289 0.000246738 1
0.156565 0.000239745 1
0.156841 0.000233151 1
0.157116 0.000226997 1
0.157392 0.000221292 1
0.157667 0.000216028 1
0.157943 0.000211159 1
0.158219 0.000206693 1
0.158494 0.000202607 4
0.15877 0.0001989 2
0.159046 0.000195562 2
0.159321 0.000192577 2
0.159597 0.000189908 2
0.159872 0.000187708 2
0.160148 0.000185929 2
0.160424 0.000184633 2
0.160699 0.000183967 2
0.160975 0.000183987 2
0.161251 0.000184656 2
0.161526 0.000185867 2
0.161802 0.000187523 1
0.162077 0.000189487 2
0.162353 0.00019182 1
0.162629 0.000194458 2
0.162904 0.000197466 2
0.16318 0.000200864 2
0.163456 0.000204748 2
0.163731 0.000209116 2
0.164007 0.000213981 3
0.164282 0.000219323 3
0.164558 0.000225126 2
0.164834 0.000231293 2
0.165109 0.000237713 1
0.165385 0.000244384 2
0.16566 0.00025133 1
0.165936 0.000258627 2
0.166212 0.000266212 2
0.166487 0.000274165 2
0.166763 0.000282465 4
0.167039 0.00029107 2
0.167314 0.000299941 2
0.16759 0.000309043 2
0.167865 0.000318383 2
0.168141 0.000327963 1
0.168417 0.000337806 2
0.168692 0.000347911 2
0.168968 0.000358241 2
0.169244 0.000368802 2
0.169519 0.000379574 2
0.169795 0.000390508 1
0.17007 0.000401579 1
0.170346 0.000412736 2
0.170622 0.000423975 2
0.170897 0.000435261 1
0.171173 0.000446638 2
0.171449 0.000458166 2
0.171724 0.000469791 2
0.172 0.000481429 2
0.172275 0.000493013 2
0.172551 0.000504472 4
0.172827 0.000515824 1
0.173102 0.000527218 2
0.173378 0.000538641 3
0.173653 0.000550007 2
0.173929 0.000561222 3
0.174205 0.000572173 3
0.17448 0.000583021 3
0.174756 0.000593771 3
0.175032 0.000604515 3
0.175307 0.00061525 2
0.175583 0.000625975 1
0.175858 0.000636634 2
0.176134 0.000647162 2
0.17641 0.000657482 2
0.176685 0.000667564 3
0.176961 0.000673275 4
0.177237 0.000677994 3
0.177512 0.000681738 4
0.177788 0.000684957 3
0.178063 0.000687991 3
0.178339 0.000690811 1
0.178615 0.000693424 4
0.17889 0.00069576 2
0.179166 0.000697798 3
0.179442 0.000699548 2
0.179717 0.000700987 2
0.179993 0.000702136 3
0.180268 0.00070301 3
0.180544 0.000703618 2
0.18082 0.000703922 1
0.181095 0.0007039 3
0.181371 0.000703482 3
0.181646 0.000702632 2
0.181922 0.000701303 4
0.182198 0.00069941 4
0.182473 0.000696967 1
0.182749 0.000694064 3
0.183025 0.000690754 3
0.1833 0.000687118 1
0.183576 0.000683226 4
0.183851 0.000679091 2
0.184127 0.000674676 4
0.184403 0.000669941 3
0.184678 0.000664813 3
0.184954 0.000659294 2
0.18523 0.000653373 2
0.185505 0.000647021 2
0.185781 0.000640222 2
0.186056 0.000632988 2
0.186332 0.000625373 2
0.186608 0.000617429 2
0.186883 0.000609192 2
0.187159 0.000600707 5
0.187435 0.000592011 3
0.18771 0.000583147 1
0.187986 0.000574199 3
0.188261 0.000565181 4
0.188537 0.000556013 3
0.188813 0.000547 4
0.189088 0.000537897 2
0.189364 0.000528685 2
0.18964 0.000519377 2
0.189915 0.000510035 2
0.190191 0.00050068 1
0.190466 0.000491317 1
0.190742 0.000481946 2
0.191018 0.00047259 2
0.191293 0.000463235 1
0.191569 0.000453841 1
0.191844 0.000444362 1
0.19212 0.000434746 2
0.192396 0.000425003 2
0.192671 0.000415084 1
0.192947 0.000405002 3
0.193223 0.000394821 2
0.193498 0.000384634 3
0.193774 0.000374566 3
0.194049 0.000364721 3
0.194325 0.000355175 2
0.194601 0.000345963 2
0.194876 0.000337087 1
0.195152 0.000328488 3
0.195428 0.000320094 3
0.195703 0.000311867 3
0.195979 0.000303816 1
0.196254 0.000295936 1
0.19653 0.000288258 1
0.196806 0.000280837 1
0.197081 0.000273749 1
0.197357 0.000267051 1
0.197633 0.000260784 1
0.197908 0.000254954 1
0.198184 0.000249556 1
0.198459 0.000244558 1
0.198735 0.000239915 1
0.199011 0.000235613 1
0.199286 0.000231647 1
0.199562 0.000228021 1
0.199837 0.000224759 4
0.200113 0.000221862 2
0.200389 0.000219376 2
0.200664 0.000217323 2
0.20094 0.000215728 2
0.201216 0.000214591 2
0.201491 0.000213956 2
0.201767 0.000213963 2
0.202042 0.000214615 1
0.202318 0.000215919 1
0.202594 0.000217714 1
0.202869 0.000219898 1
0.203145 0.000222444 1
0.203421 0.000225278 2
0.203696 0.000228386 2
0.203972 0.000231803 2
0.204247 0.000235585 2
0.204523 0.000239789 2
0.204799 0.00024437 2
0.205074 0.000249288 1
0.20535 0.000254552 1
0.205626 0.000260186 1
0.205901 0.000266228 1
0.206177 0.000272727 4
0.206452 0.000279703 1
0.206728 0.000287135 2
0.207004 0.000294949 2
0.207279 0.000303063 2
0.207555 0.000311406 2
0.20783 0.000319946 2
0.208106 0.000328677 2
0.208382 0.000337639 2
0.208657 0.00034687 2
0.208933 0.000356405 2
0.209209 0.000366271 1
0.209484 0.00037648 1
0.20976 0.000386983 1
0.210035 0.00039773 2
0.210311 0.000408646 2
0.210587 0.000419677 2
0.210862 0.000430757 2
0.211138 0.000441862 2
0.211414 0.000452988 2
0.211689 0.000464173 1
0.211965 0.000475422 1
0.21224 0.000486682 2
0.212516 0.000497874 2
0.212792 0.000509017 2
0.213067 0.000520118 1
0.213343 0.00053122 4
0.213619 0.000542388 2
0.213894 0.000553615 3
0.21417 0.000564825 2
0.214445 0.00057595 3
0.214721 0.000586903 3
0.214997 0.000597792 3
0.215272 0.000608732 3
0.215548 0.00061971 3
0.215823 0.000630684 1
0.216099 0.000641663 3
0.216375 0.000652553 3
0.21665 0.000663318 3
0.216926 0.000673898 3
0.217202 0.000684288 3
0.217477 0.000689712 4
0.217753 0.00069403 3
0.218028 0.000697311 4
0.218304 0.000700137 3
0.21858 0.000702855 4
0.218855 0.000705472 3
0.219131 0.000707929 5
0.219407 0.000710149 3
0.219682 0.000712112 2
0.219958 0.000713829 2
0.220233 0.000715278 2
0.220509 0.000716479 3
0.220785 0.000717441 3
0.22106 0.000718172 2
0.221336 0.000718638 3
0.221612 0.0007188 2
0.221887 0.000718601 3
0.222163 0.000717998 3
0.222438 0.000716958 4
0.222714 0.000715319 4
0.22299 0.000713141 3
0.223265 0.000710505 1
0.223541 0.000707488 3
0.223816 0.00070416 3
0.224092 0.000700573 1
0.224368 0.000696766 4
0.224643 0.00069269 5
0.224919 0.000688296 3
0.225195 0.000683539 3
0.22547 0.000678396 2
0.225746 0.000672847 2
0.226021 0.00066689 2
0.226297 0.000660522 2
0.226573 0.000653755 2
0.226848 0.000646627 3
0.227124 0.000639175 2
0.2274 0.000631426 2
0.227675 0.00062342 2
0.227951 0.000615191 4
0.228226 0.000606771 4
0.228502 0.000598191 3
0.228778 0.000589484 4
0.229053 0.00058062 3
0.229329 0.00057156 3
0.229605 0.000562553 4
0.22988 0.000553478 2
0.230156 0.000544309 2
0.230431 0.000535104 2
0.230707 0.000525903 2
0.230983 0.000516745 1
0.231258 0.000507622 1
0.231534 0.000498532 1
0.231809 0.000489441 1
0.232085 0.000480298 1
0.232361 0.000471057 1
0.232636 0.000461672 1
0.232912 0.000452119 1
0.233188 0.000442444 1
0.233463 0.000432631 1
0.233739 0.000422745 1
0.234014 0.000412884 1
0.23429 0.000403143 1
0.234566 0.000393588 3
0.234841 0.000384304 2
0.235117 0.000375325 2
0.235393 0.000366674 1
0.235668 0.000358342 1
0.235944 0.000350285 1
0.236219 0.000342442 1
0.236495 0.000334748 1
0.236771 0.000327204 1
0.237046 0.00031986 1
0.237322 0.000312747 1
0.237598 0.000305915 1
0.237873 0.000299423 1
0.238149 0.000293338 1
0.238424 0.000287697 1
0.2387 0.000282512 1
0.238976 0.000277735 1
0.239251 0.000273344 1
0.239527 0.000269314 1
0.239803 0.000265618 1
0.240078 0.000262236 1
0.240354 0.000259136 1
0.240629 0.000256359 4
0.240905 0.000253969 2
0.241181 0.000251959 2
0.241456 0.000250385 2
0.241732 0.00024926 2
0.242007 0.000248621 2
0.242283 0.000248472 2
0.242559 0.000248848 2
0.242834 0.000249744 2
0.24311 0.000251169 1
0.243386 0.000253105 2
0.243661 0.000255536 1
0.243937 0.000258417 2
0.244212 0.000261722 2
0.244488 0.000265409 2
0.244764 0.000269458 2
0.245039 0.00027386 2
0.245315 0.000278607 2
0.245591 0.000283716 2
0.245866 0.000289197 1
0.246142 0.000295044 1
0.246417 0.000301314 4
0.246693 0.000307957 1
0.246969 0.000314954 2
0.247244 0.000322257 1
0.24752 0.000329857 2
0.247796 0.000337719 2
0.248071 0.000345829 2
0.248347 0.000354192 2
0.248622 0.000362811 2
0.248898 0.000371708 2
0.249174 0.000380885 1
0.249449 0.000390359 1
0.249725 0.000400108 1
0.25 0.000410109 1
0.250276 0.000420336 1
0.250552 0.000430764 1
0.250827 0.000441339 1
0.251103 0.000452033 2
0.251379 0.00046279 2
0.251654 0.000473585 1
0.25193 0.000484474 1
0.252205 0.000495432 1
0.252481 0.000506435 2
0.252757 0.000517418 2
0.253032 0.000528329 2
0.253308 0.00053919 4
0.253584 0.000550009 1
0.253859 0.000561006 2
0.254135 0.000572133 3
0.25441 0.000583299 1
0.254686 0.000594361 3
0.254962 0.000605234 3
0.255237 0.000615904 3
0.255513 0.000626501 3
0.255789 0.000637151 3
0.256064 0.00064784 2
0.25634 0.000658517 2
0.256615 0.000669184 2
0.256891 0.000679765 2
0.257167 0.000690228 2
0.257442 0.00070054 2
0.257718 0.000707122 4
0.257993 0.0007127 3
0.258269 0.000717353 3
0.258545 0.000721164 4
0.25882 0.000724566 3
0.259096 0.000727831 3
0.259372 0.000730964 3
0.259647 0.000733886 4
0.259923 0.000736519 3
0.260198 0.000738829 2
0.260474 0.000740825 2
0.26075 0.000742496 2
0.261025 0.000743869 3
0.261301 0.000744969 3
0.261577 0.000745812 3
0.261852 0.000746389 3
0.262128 0.000746673 1
0.262403 0.000746626 3
0.262679 0.000746207 3
0.262955 0.000745363 4
0.26323 0.000744003 3
0.263506 0.000742142 4
0.263782 0.000739824 3
0.264057 0.000737118 1
0.264333 0.00073412 3
0.264608 0.000730868 1
0.264884 0.000727386 4
0.26516 0.000723628 5
0.265435 0.000719546 3
0.265711 0.000715093 3
0.265986 0.000710242 3
0.266262 0.000704991 2
0.266538 0.000699324 2
0.266813 0.000693244 2
0.267089 0.000686763 2
0.267365 0.000679901 2
0.26764 0.000672691 3
0.267916 0.000665201 2
0.268191 0.00065747 2
0.268467 0.00064952 5
0.268743 0.000641388 3
0.269018 0.000633104 1
0.269294 0.000624725 3
0.26957 0.00061625 4
0.269845 0.000607609 3
0.270121 0.000599036 4
0.270396 0.000590374 2
0.270672 0.000581619 2
0.270948 0.000572788 2
0.271223 0.000563964 1
0.271499 0.000555166 1
0.271775 0.000546392 1
0.27205 0.000537625 1
0.272326 0.00052886 2
0.272601 0.000520084 2
0.272877 0.00051126 1
0.273153 0.000502346 1
0.273428 0.000493304 1
0.273704 0.000484144 1
0.273979 0.000474866 1
0.274255 0.000465537 1
0.274531 0.000456178 1
0.274806 0.000446863 1
0.275082 0.000437661 1
0.275358 0.000428643 3
0.275633 0.000419878 2
0.275909 0.000411407 2
0.276184 0.000403242 1
0.27646 0.000395365 1
0.276736 0.000387727 2
0.277011 0.000380266 1
0.277287 0.000372952 2
0.277563 0.000365819 1
0.277838 0.000358885 1
0.278114 0.000352173 1
0.278389 0.00034574 1
0.278665 0.00033966 1
0.278941 0.00033398 1
0.279216 0.000328725 1
0.279492 0.000323879 1
0.279768 0.00031942 1
0.280043 0.000315294 1
0.280319 0.000311486 1
0.280594 0.000307977 1
0.28087 0.000304779 1
0.281146 0.000301905 1
0.281421 0.000299379 1
0.281697 0.00029724 1
0.281973 0.000295517 1
0.282248 0.000294233 4
0.282524 0.000293407 2
0.282799 0.000293057 1
0.283075 0.000293195 1
0.283351 0.000293832 1
0.283626 0.000294969 1
0.283902 0.000296599 1
0.284177 0.000298725 1
0.284453 0.000301317 1
0.284729 0.000304351 1
0.285004 0.000307793 2
0.28528 0.000311614 2
0.285556 0.000315779 2
0.285831 0.000320276 2
0.286107 0.00032509 4
0.286382 0.000330227 2
0.286658 0.000335692 1
0.286934 0.000341484 1
0.287209 0.000347614 1
0.287485 0.000354103 1
0.287761 0.00036092 1
0.288036 0.000368049 1
0.288312 0.000375491 1
0.288587 0.000383224 2
0.288863 0.000391238 2
0.289139 0.000399522 2
0.289414 0.000408073 2
0.28969 0.000416884 1
0.289966 0.000425963 1
0.290241 0.000435293 1
0.290517 0.000444869 1
0.290792 0.00045466 1
0.291068 0.000464654 1
0.291344 0.000474815 1
0.291619 0.000485105 1
0.291895 0.000495514 1
0.29217 0.000506094 1
0.292446 0.000516853 1
0.292722 0.000527745 2
0.292997 0.000538658 2
0.293273 0.000549534 2
0.293549 0.000560359 2
0.293824 0.000571177 1
0.2941 0.000582013 1
0.294375 0.00059287 4
0.294651 0.000603854 2
0.294927 0.000614963 3
0.295202 0.000626121 1
0.295478 0.000637249 3
0.295754 0.000648245 2
0.296029 0.000659191 2
0.296305 0.000670129 2
0.29658 0.000681038 2
0.296856 0.00069188 2
0.297132 0.00070268 2
0.297407 0.000713382 2
0.297683 0.000723993 2
0.297959 0.000734489 2
0.298234 0.000744881 3
0.29851 0.000750139 4
0.298785 0.000754427 3
0.299061 0.000757795 4
0.299337 0.000760681 3
0.299612 0.000763494 3
0.299888 0.000766236 3
0.300163 0.000768845 4
0.300439 0.000771233 2
0.300715 0.000773364 2
0.30099 0.00077524 1
0.301266 0.000776827 2
0.301542 0.000778151 2
0.301817 0.00077923 2
0.302093 0.000780073 2
0.302368 0.000780674 2
0.302644 0.000781015 3
0.30292 0.000781064 2
0.303195 0.000780784 2
0.303471 0.000780134 2
0.303747 0.00077901 3
0.304022 0.000777408 1
0.304298 0.000775284 2
0.304573 0.000772712 2
0.304849 0.000769799 1
0.305125 0.000766618 2
0.3054 0.000763207 4
0.305676 0.000759567 4
0.305952 0.000755651 3
0.306227 0.000751411 2
0.306503 0.000746812 2
0.306778 0.00074184 2
0.307054 0.000736487 2
0.30733 0.000730748 2
0.307605 0.000724629 1
0.307881 0.000718138 2
0.308156 0.000711328 2
0.308432 0.000704233 2
0.308708 0.000696879 2
0.308983 0.000689295 2
0.309259 0.000681508 4
0.309535 0.000673544 1
0.30981 0.000665424 4
0.310086 0.000657189 5
0.310361 0.000648791 3
0.310637 0.000640173 3
0.310913 0.000631565 4
0.311188 0.000622873 2
0.311464 0.000614088 2
0.31174 0.000605278 2
0.312015 0.000596491 2
0.312291 0.000587756 1
0.312566 0.000579075 1
0.312842 0.000570441 1
0.313118 0.000561824 1
0.313393 0.000553166 1
0.313669 0.000544406 1
0.313945 0.000535505 1
0.31422 0.000526471 1
0.314496 0.000517368 1
0.314771 0.000508176 1
0.315047 0.000498939 1
0.315323 0.000489731 1
0.315598 0.000480624 3
0.315874 0.000471717 2
0.316149 0.000463068 2
0.316425 0.000454721 2
0.316701 0.000446694 1
0.316976 0.000438988 1
0.317252 0.000431555 2
0.317528 0.000424345 2
0.317803 0.000417311 1
0.318079 0.000410377 2
0.318354 0.000403584 1
0.31863 0.000396999 2
0.318906 0.000390679 1
0.319181 0.000384686 1
0.319457 0.000379076 1
0.319733 0.000373903 1
0.320008 0.000369186 1
0.320284 0.000364914 1
0.320559 0.00036103 1
0.320835 0.000357499 1
0.321111 0.000354272 1
0.321386 0.000351325 1
0.321662 0.000348657 1
0.321938 0.000346271 1
0.322213 0.000344226 1
0.322489 0.000342556 2
0.322764 0.000341301 2
0.32304 0.000340495 2
0.323316 0.000340166 4
0.323591 0.000340341 2
0.323867 0.000341028 1
0.324143 0.000342232 1
0.324418 0.000343948 1
0.324694 0.000346158 1
0.324969 0.00034883 1
0.325245 0.000351937 1
0.325521 0.000355447 1
0.325796 0.000359275 2
0.326072 0.000363445 2
0.326347 0.000367966 4
0.326623 0.000372817 2
0.326899 0.000378043 1
0.327174 0.000383627 1
0.32745 0.000389556 1
0.327726 0.000395826 1
0.328001 0.00040245 1
0.328277 0.000409379 1
0.328552 0.000416597 1
0.328828 0.000424095 2
0.329104 0.000431853 2
0.329379 0.000439855 2
0.329655 0.000448091 2
0.329931 0.000456565 2
0.330206 0.000465271 1
0.330482 0.000474223 1
0.330757 0.000483405 1
0.331033 0.00049283 1
0.331309 0.00050248 1
0.331584 0.00051235 1
0.33186 0.0005224 1
0.332136 0.000532609 1
0.332411 0.000542943 1
0.332687 0.000553445 1
0.332962 0.000564085 1
0.333238 0.000574795 2
0.333514 0.000585489 2
0.333789 0.000596119 2
0.334065 0.000606671 4
0.33434 0.000617189 1
0.334616 0.000627888 2
0.334892 0.000638749 2
0.335167 0.000649685 1
0.335443 0.000660571 3
0.335719 0.000671312 2
0.335994 0.000681948 2
0.33627 0.000692495 1
0.336545 0.000703058 2
0.336821 0.000713617 1
0.337097 0.000724206 2
0.337372 0.000734708 2
0.337648 0.000745136 2
0.337924 0.000755447 2
0.338199 0.000765664 2
0.338475 0.000775793 2
0.33875 0.000785854 1
0.339026 0.000791632 4
0.339302 0.000796508 3
0.339577 0.000800513 4
0.339853 0.00080376 2
0.340129 0.000806897 3
0.340404 0.000809923 3
0.34068 0.000812768 3
0.340955 0.000815356 4
0.341231 0.0008176 2
0.341507 0.000819525 2
0.341782 0.000821155 2
0.342058 0.000822509 3
0.342333 0.000823596 3
0.342609 0.000824455 3
0.342885 0.000825094 3
0.34316 0.000825507 1
0.343436 0.000825657 2
0.343712 0.000825494 2
0.343987 0.000824966 2
0.344263 0.000823996 4
0.344538 0.000822583 4
0.344814 0.000820735 3
0.34509 0.000818472 1
0.345365 0.000815873 3
0.345641 0.000812989 2
0.345917 0.000809863 4
0.346192 0.000806499 3
0.346468 0.000802856 5
0.346743 0.000798885 3
0.347019 0.000794557 3
0.347295 0.000789858 3
0.34757 0.000784788 2
0.347846 0.000779343 2
0.348122 0.000773527 2
0.348397 0.000767346 2
0.348673 0.000760822 2
0.348948 0.000754001 2
0.349224 0.00074692 2
0.3495 0.000739607 2
0.349775 0.000732094 5
0.350051 0.000724406 3
0.350326 0.000716539 1
0.350602 0.00070855 4
0.350878 0.000700451 4
0.351153 0.000692161 3
0.351429 0.000683868 4
0.351705 0.000675494 3
0.35198 0.000667054 3
0.352256 0.000658569 2
0.352531 0.000650131 2
0.352807 0.00064178 1
0.353083 0.000633507 1
0.353358 0.000625269 2
0.353634 0.000617045 2
0.35391 0.000608784 2
0.354185 0.000600449 2
0.354461 0.000592002 1
0.354736 0.000583436 1
0.355012 0.000574777 1
0.355288 0.00056604 1
0.355563 0.00055729 1
0.355839 0.000548576 1
0.356115 0.000539931 1
0.35639 0.000531428 1
0.356666 0.000523126 2
0.356941 0.000515088 2
0.357217 0.000507337 3
0.357493 0.00049987 2
0.357768 0.000492678 1
0.358044 0.000485713 3
0.358319 0.000478934 3
0.358595 0.000472303 2
0.358871 0.000465781 1
0.359146 0.000459406 2
0.359422 0.000453272 1
0.359698 0.000447406 1
0.359973 0.000441852 1
0.360249 0.000436661 1
0.360524 0.000431866 1
0.3608 0.000427477 1
0.361076 0.000423463 1
0.361351 0.000419799 1
0.361627 0.000416441 1
0.361903 0.000413357 1
0.362178 0.000410537 1
0.362454 0.000407982 1
0.362729 0.000405736 1
0.363005 0.000403852 2
0.363281 0.000402374 2
0.363556 0.000401341 2
0.363832 0.000400781 2
0.364108 0.000400716 1
0.364383 0.000401157 1
0.364659 0.000402109 1
0.364934 0.000403551 1
0.36521 0.000405466 1
0.365486 0.00040783 1
0.365761 0.000410612 1
0.366037 0.00041379 1
0.366312 0.000417342 1
0.366588 0.000421245 2
0.366864 0.00042549 2
0.367139 0.000430071 2
0.367415 0.000434989 2
0.367691 0.000440244 1
0.367966 0.000445835 1
0.368242 0.000451762 1
0.368517 0.000458008 1
0.368793 0.000464565 1
0.369069 0.000471411 1
0.369344 0.000478565 1
0.36962 0.00048597 1
0.369896 0.000493632 1
0.370171 0.000501526 1
0.370447 0.000509652 1
0.370722 0.000518013 1
0.370998 0.000526618 1
0.371274 0.00053546 1
0.371549 0.000544546 1
0.371825 0.000553858 1
0.372101 0.000563392 1
0.372376 0.000573131 1
0.372652 0.000583076 1
0.372927 0.000593197 1
0.373203 0.000603496 1
0.373479 0.000613933 1
0.373754 0.000624419 2
0.37403 0.000634904 2
0.374306 0.00064541 2
0.374581 0.000655928 2
0.374857 0.000666469 4
0.375132 0.000677066 3
0.375408 0.000687836 3
0.375684 0.000698744 3
0.375959 0.000709721 1
0.376235 0.000720651 1
0.37651 0.000731477 1
0.376786 0.0007422 2
0.377062 0.000752915 1
0.377337 0.000763673 2
0.377613 0.000774471 2
0.377889 0.000785266 2
0.378164 0.000796066 2
0.37844 0.000806809 2
0.378715 0.000817493 1
0.378991 0.000828088 2
0.379267 0.000834231 4
0.379542 0.000839342 3
0.379818 0.000843517 1
0.380094 0.000846764 4
0.380369 0.000849695 3
0.380645 0.000852614 3
0.38092 0.000855493 3
0.381196 0.000858244 4
0.381472 0.000860771 2
0.381747 0.000863045 2
0.382023 0.000865059 1
0.382299 0.000866785 3
0.382574 0.000868254 3
0.38285 0.000869493 3
0.383125 0.000870531 2
0.383401 0.00087136 2
0.383677 0.000871965 3
0.383952 0.000872311 3
0.384228 0.000872362 3
0.384503 0.00087208 3
0.384779 0.000871353 4
0.385055 0.000870185 5
0.38533 0.000868516 3
0.385606 0.000866415 1
0.385882 0.000863984 3
0.386157 0.00086127 2
0.386433 0.000858318 1
0.386708 0.000855135 4
0.386984 0.000851684 5
0.38726 0.000847897 3
0.387535 0.00084374 3
0.387811 0.000839214 2
0.388087 0.000834334 2
0.388362 0.000829107 2
0.388638 0.000823539 2
0.388913 0.000817635 2
0.389189 0.000811416 2
0.389465 0.000804918 2
0.38974 0.000798172 2
0.390016 0.000791188 2
0.390292 0.000783979 2
0.390567 0.000776566 4
0.390843 0.000768966 1
0.391118 0.000761185 4
0.391394 0.000753255 5
0.39167 0.000745132 3
0.391945 0.000736764 3
0.392221 0.000728345 4
0.392496 0.000719865 2
0.392772 0.000711332 2
0.393048 0.00070282 2
0.393323 0.000694378 1
0.393599 0.00068603 1
0.393875 0.000677755 1
0.39415 0.000669537 1
0.394426 0.000661326 2
0.394701 0.000653071 2
0.394977 0.000644713 1
0.395253 0.000636217 1
0.395528 0.000627587 1
0.395804 0.000618883 1
0.39608 0.000610211 1
0.396355 0.000601558 1
0.396631 0.00059298 1
0.396906 0.000584521 1
0.397182 0.000576242 1
0.397458 0.000568206 3
0.397733 0.000560449 2
0.398009 0.000553003 1
0.398285 0.000545864 1
0.39856 0.00053901 1
0.398836 0.000532381 2
0.399111 0.000525933 2
0.399387 0.00051962 1
0.399663 0.000513433 2
0.399938 0.00050738 1
0.400214 0.000501546 1
0.400489 0.000496016 1
0.400765 0.000490848 1
0.401041 0.000486066 1
0.401316 0.000481705 1
0.401592 0.000477741 1
0.401868 0.000474189 1
0.402143 0.000471001 1
0.402419 0.000468133 1
0.402694 0.000465546 1
0.40297 0.00046323 1
0.403246 0.00046116 1
0.403521 0.000459398 1
0.403797 0.00045799 2
0.404073 0.000457005 2
0.404348 0.000456461 2
0.404624 0.000456401 2
0.404899 0.000456844 2
0.405175 0.000457808 1
0.405451 0.000459285 1
0.405726 0.000461265 1
0.406002 0.000463725 1
0.406278 0.000466629 1
0.406553 0.000469946 1
0.406829 0.000473651 1
0.407104 0.000477713 2
0.40738 0.000482128 2
0.407656 0.000486882 2
0.407931 0.000491978 2
0.408207 0.000497417 2
0.408482 0.000503191 1
0.408758 0.000509298 1
0.409034 0.00051572 1
0.409309 0.00052243 1
0.409585 0.000529396 1
0.409861 0.000536625 1
0.410136 0.000544056 1
0.410412 0.000551677 1
0.410687 0.000559486 1
0.410963 0.000567481 1
0.411239 0.000575663 1
0.411514 0.000584048 1
0.41179 0.000592648 1
0.412066 0.000601482 1
0.412341 0.000610538 1
0.412617 0.000619824 1
0.412892 0.000629322 1
0.413168 0.000639017 1
0.413444 0.000648914 1
0.413719 0.000658992 1
0.413995 0.000669195 1
0.414271 0.00067945 2
0.414546 0.000689686 2
0.414822 0.000699908 4
0.415097 0.000710118 2
0.415373 0.000720335 1
0.415649 0.000730601 1
0.415924 0.000741077 3
0.4162 0.000751703 3
0.416476 0.000762402 3
0.416751 0.000773036 3
0.417027 0.000783534 2
0.417302 0.0007939 2
0.417578 0.000804244 2
0.417854 0.000814596 2
0.418129 0.000824967 2
0.418405 0.00083531 2
0.41868 0.000845683 2
0.418956 0.00085599 2
0.419232 0.000866218 2
0.419507 0.000876348 2
0.419783 0.000886383 1
0.420059 0.000892184 4
0.420334 0.000897106 3
0.42061 0.000901129 4
0.420885 0.000904379 2
0.421161 0.000907324 3
0.421437 0.000910208 3
0.421712 0.000912994 2
0.421988 0.000915584 4
0.422264 0.000917873 2
0.422539 0.000919869 2
0.422815 0.000921573 2
0.42309 0.000923002 2
0.423366 0.000924167 2
0.423642 0.000925112 2
0.423917 0.000925851 2
0.424193 0.000926388 3
0.424469 0.000926692 3
0.424744 0.000926729 3
0.42502 0.000926454 3
0.425295 0.000925832 3
0.425571 0.000924824 4
0.425847 0.000923352 5
0.426122 0.000921452 3
0.426398 0.000919176 3
0.426673 0.000916596 1
0.426949 0.000913784 3
0.427225 0.000910754 4
0.4275 0.000907498 5
0.427776 0.000903959 3
0.428052 0.000900092 3
0.428327 0.000895875 3
0.428603 0.000891309 2
0.428878 0.000886395 2
0.429154 0.000881138 2
0.42943 0.000875539 2
0.429705 0.000869613 2
0.429981 0.00086338 2
0.430257 0.000856883 2
0.430532 0.000850152 2
0.430808 0.000843208 2
0.431083 0.000836062 5
0.431359 0.000828735 3
0.431635 0.000821237 4
0.43191 0.000813568 3
0.432186 0.000805756 4
0.432462 0.000797742 3
0.432737 0.0007895 3
0.433013 0.00078124 4
0.433288 0.000772968 2
0.433564 0.000764702 2
0.43384 0.000756521 2
0.434115 0.000748472 1
0.434391 0.000740556 1
0.434666 0.00073273 2
0.434942 0.000724959 2
0.435218 0.000717179 2
0.435493 0.000709324 2
0.435769 0.00070135 2
0.436045 0.000693236 1
0.43632 0.000685008 1
0.436596 0.000676729 1
0.436871 0.000668445 1
0.437147 0.000660249 1
0.437423 0.000652176 1
0.437698 0.000644274 1
0.437974 0.000636591 1
0.43825 0.000629161 1
0.438525 0.000622017 1
0.438801 0.000615154 3
0.439076 0.000608552 2
0.439352 0.00060218 3
0.439628 0.000595996 3
0.439903 0.000589953 3
0.440179 0.000584026 3
0.440455 0.000578181 3
0.44073 0.000572473 1
0.441006 0.000566982 2
0.441281 0.000561765 1
0.441557 0.000556869 1
0.441833 0.000552341 1
0.442108 0.000548209 1
0.442384 0.000544467 1
0.442659 0.000541103 1
0.442935 0.000538085 1
0.443211 0.000535358 1
0.443486 0.000532901 1
0.443762 0.000530687 1
0.444038 0.000528754 2
0.444313 0.000527145 2
0.444589 0.000525912 2
0.444864 0.000525101 2
0.44514 0.000524757 2
0.445416 0.0005249 2
0.445691 0.000525551 1
0.445967 0.000526712 1
0.446243 0.000528365 1
0.446518 0.000530484 1
0.446794 0.000533038 1
0.447069 0.000535995 1
0.447345 0.00053933 1
0.447621 0.000543021 1
0.447896 0.000547044 2
0.448172 0.000551402 2
0.448448 0.000556091 2
0.448723 0.00056111 2
0.448999 0.000566456 1
0.449274 0.000572124 1
0.44955 0.000578103 1
0.449826 0.000584371 1
0.450101 0.000590901 1
0.450377 0.000597672 1
0.450652 0.000604654 1
0.450928 0.000611872 1
0.451204 0.000619287 1
0.451479 0.000626888 1
0.451755 0.000634684 1
0.452031 0.000642699 1
0.452306 0.000650942 1
0.452582 0.000659436 1
0.452857 0.00066818 1
0.453133 0.000677184 1
0.453409 0.000686465 1
0.453684 0.000696045 2
0.45396 0.0007059 2
0.454236 0.000715962 2
0.454511 0.000726104 2
0.454787 0.000736252 2
0.455062 0.000746377 2
0.455338 0.000756496 1
0.455614 0.000766591 4
0.455889 0.000776752 3
0.456165 0.000786966 3
0.456441 0.000797397 3
0.456716 0.000808014 1
0.456992 0.000818765 1
0.457267 0.000829555 1
0.457543 0.000840312 1
0.457819 0.000851006 1
0.458094 0.000861712 2
0.45837 0.000872423 2
0.458646 0.000883141 2
0.458921 0.000893823 2
0.459197 0.000904482 2
0.459472 0.000915076 1
0.459748 0.000925609 1
0.460024 0.000936058 1
0.460299 0.000941882 4
0.460575 0.000946721 3
0.46085 0.000950663 1
0.461126 0.000953764 4
0.461402 0.000956454 3
0.461677 0.000959133 3
0.461953 0.00096181 3
0.462229 0.00096443 4
0.462504 0.000966841 2
0.46278 0.000969 2
0.463055 0.000970903 1
0.463331 0.00097253 1
0.463607 0.000973917 3
0.463882 0.000975104 3
0.464158 0.000976124 3
0.464434 0.000976973 2
0.464709 0.000977635 2
0.464985 0.000978075 3
0.46526 0.000978254 3
0.465536 0.000978131 3
0.465812 0.000977657 2
0.466087 0.00097671 4
0.466363 0.000975254 3
0.466639 0.000973358 1
0.466914 0.000971108 3
0.46719 0.000968563 2
0.467465 0.000965779 1
0.467741 0.000962786 4
0.468017 0.000959564 5
0.468292 0.00095607 3
0.468568 0.000952246 3
0.468843 0.00094807 2
0.469119 0.00094356 2
0.469395 0.000938724 2
0.46967 0.000933566 2
0.469946 0.000928086 3
0.470222 0.00092229 3
0.470497 0.000916193 2
0.470773 0.000909835 2
0.471048 0.000903245 2
0.471324 0.000896431 2
0.4716 0.000889403 4
0.471875 0.000882182 1
0.472151 0.000874771 2
0.472427 0.000867187 4
0.472702 0.000859438 3
0.472978 0.000851481 4
0.473253 0.000843277 3
0.473529 0.00083502 4
0.473805 0.000826728 3
0.47408 0.000818425 2
0.474356 0.000810183 2
0.474632 0.000802044 1
0.474907 0.000794019 1
0.475183 0.000786081 2
0.475458 0.000778201 2
0.475734 0.000770331 2
0.47601 0.000762414 2
0.476285 0.000754396 2
0.476561 0.000746242 2
0.476836 0.000737965 1
0.477112 0.000729618 1
0.477388 0.000721316 1
0.477663 0.000713061 1
0.477939 0.000704896 1
0.478215 0.000696879 1
0.47849 0.000689082 1
0.478766 0.00068154 3
0.479041 0.00067429 2
0.479317 0.000667352 1
0.479593 0.000660701 2
0.479868 0.000654319 1
0.480144 0.000648151 2
0.48042 0.000642145 2
0.480695 0.000636256 2
0.480971 0.000630471 2
0.481246 0.000624819 1
0.481522 0.00061933 1
0.481798 0.000614104 1
0.482073 0.000609229 1
0.482349 0.00060475 1
0.482625 0.000600684 1
0.4829 0.000597026 1
0.483176 0.000593776 1
0.483451 0.000590908 1
0.483727 0.000588365 1
0.484003 0.000586115 1
0.484278 0.000584105 1
0.484554 0.000582349 1
0.484829 0.000580874 2
0.485105 0.000579725 2
0.485381 0.000578955 2
0.485656 0.00057862 2
0.485932 0.00057876 2
0.486208 0.000579407 2
0.486483 0.000580572 1
0.486759 0.000582249 1
0.487034 0.000584425 1
0.48731 0.000587072 1
0.487586 0.000590139 1
0.487861 0.00059359 1
0.488137 0.000597394 1
0.488413 0.000601531 2
0.488688 0.000605983 2
0.488964 0.00061075 2
0.489239 0.000615838 2
0.489515 0.000621251 2
0.489791 0.000626985 1
0.490066 0.00063303 1
0.490342 0.000639365 1
0.490618 0.00064596 1
0.490893 0.00065278 1
0.491169 0.00065979 1
0.491444 0.000666966 1
0.49172 0.000674317 1
0.491996 0.000681815 1
0.492271 0.000689476 1
0.492547 0.000697305 1
0.492822 0.000705324 1
0.493098 0.000713565 1
0.493374 0.000722033 1
0.493649 0.00073075 1
0.493925 0.00073975 1
0.494201 0.000749018 2
0.494476 0.000758555 2
0.494752 0.000768305 2
0.495027 0.000778146 2
0.495303 0.000787983 2
0.495579 0.000797799 2
0.495854 0.000807592 4
0.49613 0.000817356 2
0.496406 0.000827164 3
0.496681 0.000837 3
0.496957 0.00084705 3
0.497232 0.000857272 1
0.497508 0.000867606 1
0.497784 0.000877957 1
0.498059 0.000888258 1
0.498335 0.000898489 1
0.498611 0.000908731 2
0.498886 0.000918963 2
0.499162 0.000929193 2
0.499437 0.000939368 2
0.499713 0.000949543 2
0.499989 0.000959644 1
0.500264 0.000969676 1
0.50054 0.000979624 2
0.500815 0.000989483 1
0.501091 0.00099554 4
0.501367 0.00100063 3
0.501642 0.00100485 1
0.501918 0.00100825 4
0.502194 0.00101101 3
0.502469 0.00101375 3
0.502745 0.00101642 1
0.50302 0.00101892 3
0.503296 0.00102114 4
0.503572 0.00102309 2
0.503847 0.00102476 2
0.504123 0.00102617 2
0.504399 0.00102734 3
0.504674 0.0010283 3
0.50495 0.00102909 3
0.505225 0.00102971 3
0.505501 0.00103014 3
0.505777 0.00103033 3
0.506052 0.00103024 3
0.506328 0.00102985 3
0.506604 0.0010291 2
0.506879 0.00102794 4
0.507155 0.00102636 5
0.50743 0.0010244 3
0.507706 0.0010221 3
0.507982 0.00101953 2
0.508257 0.00101675 1
0.508533 0.00101379 4
0.508809 0.00101061 5
0.509084 0.00100715 3
0.50936 0.00100338 3
0.509635 0.000999279 2
0.509911 0.000994851 2
0.510187 0.000990098 2
0.510462 0.000985015 2
0.510738 0.000979607 2
0.511013 0.000973882 2
0.511289 0.000967867 2
0.511565 0.000961601 2
0.51184 0.000955118 2
0.512116 0.000948436 2
0.512392 0.00094157 4
0.512667 0.000934536 1
0.512943 0.000927337 4
0.513218 0.00091995 3
0.513494 0.000912406 3
0.51377 0.000904662 4
0.514045 0.000896679 3
0.514321 0.000888613 4
0.514597 0.000880555 2
0.514872 0.00087255 2
0.515148 0.000864642 2
0.515423 0.0008569 1
0.515699 0.000849321 1
0.515975 0.000841858 2
0.51625 0.000834451 2
0.516526 0.000827029 2
0.516802 0.000819532 2
0.517077 0.000811918 2
0.517353 0.000804171 2
0.517628 0.000796306 1
0.517904 0.000788378 1
0.51818 0.000780474 1
0.518455 0.000772663 1
0.518731 0.00076502 1
0.519006 0.000757578 1
0.519282 0.000750372 1
0.519558 0.00074342 1
0.519833 0.000736728 1
0.520109 0.000730303 3
0.520385 0.000724123 2
0.52066 0.000718155 1
0.520936 0.000712355 2
0.521211 0.000706701 2
0.521487 0.000701169 2
0.521763 0.000695755 2
0.522038 0.000690463 2
0.522314 0.000685335 1
0.52259 0.000680394 1
0.522865 0.000675735 1
0.523141 0.000671424 1
0.523416 0.000667478 1
0.523692 0.000663908 1
0.523968 0.000660718 1
0.524243 0.000657888 1
0.524519 0.000655407 1
0.524795 0.000653239 1
0.52507 0.000651346 1
0.525346 0.000649724 1
0.525621 0.000648382 2
0.525897 0.000647353 2
0.526173 0.000646682 2
0.526448 0.000646417 2
0.526724 0.000646605 2
0.526999 0.000647279 2
0.527275 0.000648458 1
0.527551 0.000650137 1
0.527826 0.000652298 1
0.528102 0.000654912 1
0.528378 0.000657943 1
0.528653 0.000661349 1
0.528929 0.000665104 1
0.529204 0.000669178 1
0.52948 0.000673566 2
0.529756 0.000678261 2
0.530031 0.000683261 2
0.530307 0.000688569 2
0.530583 0.000694181 1
0.530858 0.000700093 1
0.531134 0.000706286 1
0.531409 0.000712734 1
0.531685 0.000719402 1
0.531961 0.000726267 1
0.532236 0.000733301 1
0.532512 0.000740493 1
0.532788 0.000747892 1
0.533063 0.000755459 1
0.533339 0.000763207 1
0.533614 0.000771156 1
0.53389 0.000779394 2
0.534166 0.000787944 2
0.534441 0.000796828 1
0.534717 0.00080602 1
0.534992 0.000815395 2
0.535268 0.000824885 2
0.535544 0.000834406 2
0.535819 0.000843984 4
0.536095 0.000853626 2
0.536371 0.000863302 3
0.536646 0.000873052 3
0.536922 0.00088289 2
0.537197 0.000892807 2
0.537473 0.000902934 2
0.537749 0.000913243 2
0.538024 0.000923689 1
0.5383 0.000934107 2
0.538576 0.000944479 2
0.538851 0.000954849 2
0.539127 0.000965277 2
0.539402 0.000975752 2
0.539678 0.000986282 2
0.539954 0.000996832 2
0.540229 0.00100739 1
0.540505 0.00101789 1
0.540781 0.00102829 1
0.541056 0.00103859 1
0.541332 0.00104402 4
0.541607 0.00104849 3
0.541883 0.00105209 1
0.542159 0.00105489 4
0.542434 0.0010573 3
0.54271 0.00105973 3
0.542985 0.00106219 3
0.543261 0.00106459 2
0.543537 0.00106683 4
0.543812 0.00106883 2
0.544088 0.00107058 1
0.544364 0.00107206 4
0.544639 0.00107331 3
0.544915 0.00107439 3
0.54519 0.00107532 3
0.545466 0.00107612 3
0.545742 0.00107675 3
0.546017 0.0010772 3
0.546293 0.00107743 3
0.546569 0.00107739 3
0.546844 0.00107703 2
0.54712 0.0010763 4
0.547395 0.00107501 5
0.547671 0.00107326 3
0.547947 0.00107112 3
0.548222 0.00106866 3
0.548498 0.00106595 1
0.548774 0.00106302 2
0.549049 0.00105989 4
0.549325 0.0010565 4
0.5496 0.00105283 3
0.549876 0.00104885 3
0.550152 0.00104459 2
0.550427 0.00104003 2
0.550703 0.00103519 2
0.550979 0.00103004 2
0.551254 0.00102458 2
0.55153 0.00101882 2
0.551805 0.00101277 2
0.552081 0.00100647 2
0.552357 0.000999938 2
0.552632 0.000993203 2
0.552908 0.000986283 4
0.553183 0.000979188 2
0.553459 0.000971915 2
0.553735 0.000964458 1
0.55401 0.000956819 4
0.554286 0.000948954 5
0.554562 0.000940987 4
0.554837 0.000932944 3
0.555113 0.000924885 3
0.555388 0.000916856 2
0.555664 0.00090893 1
0.55594 0.000901125 1
0.556215 0.000893427 2
0.556491 0.000885792 2
0.556767 0.000878181 2
0.557042 0.000870552 2
0.557318 0.000862869 2
0.557593 0.000855093 2
0.557869 0.000847204 1
0.558145 0.000839203 1
0.55842 0.000831135 1
0.558696 0.000823163 1
0.558972 0.000815273 2
0.559247 0.000807504 1
0.559523 0.000799888 1
0.559798 0.000792462 1
0.560074 0.000785296 1
0.56035 0.000778413 3
0.560625 0.000771833 2
0.560901 0.000765536 1
0.561176 0.000759481 2
0.561452 0.00075363 1
0.561728 0.000747942 2
0.562003 0.000742386 2
0.562279 0.000736949 2
0.562555 0.000731635 2
0.56283 0.000726487 1
0.563106 0.000721537 1
0.563381 0.000716874 1
0.563657 0.000712569 1
0.563933 0.000708648 1
0.564208 0.000705101 1
0.564484 0.000701942 1
0.56476 0.000699153 1
0.565035 0.000696705 1
0.565311 0.000694552 1
0.565586 0.000692677 1
0.565862 0.000691072 1
0.566138 0.000689747 2
0.566413 0.000688738 2
0.566689 0.000688092 2
0.566965 0.000687859 2
0.56724 0.000688084 2
0.567516 0.00068881 2
0.567791 0.00069004 1
0.568067 0.000691777 1
0.568343 0.000694001 1
0.568618 0.000696682 1
0.568894 0.000699779 1
0.569169 0.000703249 1
0.569445 0.000707061 1
0.569721 0.000711187 2
0.569996 0.000715616 2
0.570272 0.000720346 2
0.570548 0.000725373 2
0.570823 0.000730707 2
0.571099 0.000736329 1
0.571374 0.000742242 1
0.57165 0.000748422 1
0.571926 0.000754847 1
0.572201 0.000761471 1
0.572477 0.000768267 1
0.572753 0.000775201 1
0.573028 0.000782264 1
0.573304 0.000789438 1
0.573579 0.000796792 1
0.573855 0.000804292 1
0.574131 0.000811973 1
0.574406 0.000819856 1
0.574682 0.000827971 1
0.574958 0.000836375 1
0.575233 0.000845063 2
0.575509 0.000854029 1
0.575784 0.000863251 1
0.57606 0.000872607 2
0.576336 0.000882031 2
0.576611 0.000891471 2
0.576887 0.000900915 1
0.577162 0.000910337 1
0.577438 0.0009198 4
0.577714 0.000929289 3
0.577989 0.000938826 3
0.578265 0.000948564 3
0.578541 0.000958514 2
0.578816 0.000968611 1
0.579092 0.000978749 2
0.579367 0.000988828 2
0.579643 0.000998901 2
0.579919 0.001009 2
0.580194 0.00101913 2
0.58047 0.00102926 2
0.580746 0.00103938 2
0.581021 0.00104946 2
0.581297 0.00105946 2
0.581572 0.00106936 1
0.581848 0.00107918 2
0.582124 0.00108881 3
0.582399 0.00109408 4
0.582675 0.00109847 3
0.582951 0.00110203 4
0.583226 0.00110482 3
0.583502 0.00110728 3
0.583777 0.00110969 3
0.584053 0.00111198 3
0.584329 0.00111411 2
0.584604 0.00111596 4
0.58488 0.00111754 2
0.585155 0.00111889 2
0.585431 0.00111999 3
0.585707 0.00112087 3
0.585982 0.00112157 3
0.586258 0.00112213 3
0.586534 0.00112253 3
0.586809 0.00112275 2
0.587085 0.00112276 2
0.58736 0.0011225 2
0.587636 0.00112195 2
0.587912 0.00112106 2
0.588187 0.00111981 4
0.588463 0.00111813 5
0.588739 0.00111605 3
0.589014 0.00111366 3
0.58929 0.00111103 3
0.589565 0.00110821 1
0.589841 0.00110522 4
0.590117 0.00110202 4
0.590392 0.00109858 3
0.590668 0.00109487 3
0.590944 0.00109087 2
0.591219 0.00108657 2
0.591495 0.00108197 2
0.59177 0.00107705 2
0.592046 0.00107182 2
0.592322 0.00106629 2
0.592597 0.00106048 2
0.592873 0.00105442 2
0.593149 0.00104815 2
0.593424 0.00104168 2
0.5937 0.00103501 2
0.593975 0.0010282 4
0.594251 0.00102126 2
0.594527 0.00101416 4
0.594802 0.00100689 3
0.595078 0.000999429 4
0.595353 0.000991749 3
0.595629 0.000983944 4
0.595905 0.000976136 2
0.59618 0.000968388 2
0.596456 0.000960743 2
0.596732 0.000953267 1
0.597007 0.000945965 1
0.597283 0.000938806 2
0.597558 0.000931703 2
0.597834 0.000924586 2
0.59811 0.000917399 2
0.598385 0.000910118 2
0.598661 0.000902741 2
0.598937 0.000895283 1
0.599212 0.000887771 1
0.599488 0.000880263 1
0.599763 0.000872854 1
0.600039 0.000865582 1
0.600315 0.000858531 1
0.60059 0.000851716 1
0.600866 0.000845147 1
0.601142 0.000838828 1
0.601417 0.000832749 3
0.601693 0.00082691 2
0.601968 0.000821279 1
0.602244 0.000815823 2
0.60252 0.000810516 1
0.602795 0.000805337 2
0.603071 0.000800279 1
0.603346 0.000795359 2
0.603622 0.000790602 2
0.603898 0.000786055 2
0.604173 0.000781738 2
0.604449 0.000777684 1
0.604725 0.000773903 1
0.605 0.00077044 1
0.605276 0.000767337 1
0.605551 0.000764598 2
0.605827 0.000762206 2
0.606103 0.000760162 1
0.606378 0.000758445 1
0.606654 0.000757044 2
0.60693 0.000755962 2
0.607205 0.0007552 2
0.607481 0.000754765 2
0.607756 0.000754675 2
0.608032 0.000754963 2
0.608308 0.000755661 2
0.608583 0.000756807 2
0.608859 0.000758417 1
0.609135 0.000760501 1
0.60941 0.00076305 1
0.609686 0.000766045 1
0.609961 0.000769452 1
0.610237 0.000773237 1
0.610513 0.000777356 1
0.610788 0.000781791 1
0.611064 0.000786513 2
0.611339 0.000791517 2
0.611615 0.000796782 2
0.611891 0.000802319 1
0.612166 0.000808118 1
0.612442 0.00081418 1
0.612718 0.000820479 1
0.612993 0.000827004 1
0.613269 0.000833724 1
0.613544 0.000840607 1
0.61382 0.00084765 1
0.614096 0.000854852 1
0.614371 0.000862225 2
0.614647 0.000869852 2
0.614923 0.000877741 1
0.615198 0.000885902 1
0.615474 0.000894249 2
0.615749 0.000902754 1
0.616025 0.000911361 2
0.616301 0.000920107 4
0.616576 0.000929 1
0.616852 0.000938054 1
0.617128 0.000947259 1
0.617403 0.000956623 1
0.617679 0.000966147 3
0.617954 0.000975842 2
0.61823 0.000985601 2
0.618506 0.000995387 1
0.618781 0.00100527 1
0.619057 0.00101528 1
0.619332 0.00102528 2
0.619608 0.00103523 1
0.619884 0.00104518 2
0.620159 0.0010552 2
0.620435 0.00106532 2
0.620711 0.0010755 2
0.620986 0.00108576 1
0.621262 0.00109607 1
0.621537 0.00110634 1
0.621813 0.00111655 1
0.622089 0.00112663 1
0.622364 0.00113193 4
0.62264 0.00113624 3
0.622916 0.00113967 1
0.623191 0.0011423 4
0.623467 0.0011443 3
0.623742 0.0011464 3
0.624018 0.00114853 1
0.624294 0.00115061 3
0.624569 0.00115254 4
0.624845 0.00115426 3
0.625121 0.00115578 1
0.625396 0.00115709 2
0.625672 0.00115819 3
0.625947 0.0011591 3
0.626223 0.00115985 3
0.626499 0.00116047 3
0.626774 0.00116096 3
0.62705 0.00116129 3
0.627325 0.00116144 3
0.627601 0.00116136 2
0.627877 0.00116099 2
0.628152 0.00116031 2
0.628428 0.0011592 4
0.628704 0.00115769 5
0.628979 0.00115568 3
0.629255 0.00115329 3
0.62953 0.0011506 3
0.629806 0.00114768 1
0.630082 0.00114453 4
0.630357 0.00114117 4
0.630633 0.00113757 3
0.630909 0.00113371 3
0.631184 0.00112961 2
0.63146 0.00112527 2
0.631735 0.00112067 2
0.632011 0.00111581 2
0.632287 0.00111067 2
0.632562 0.00110523 2
0.632838 0.0010995 2
0.633114 0.00109352 2
0.633389 0.00108729 2
0.633665 0.00108086 2
0.63394 0.00107425 2
0.634216 0.00106746 4
0.634492 0.0010605 2
0.634767 0.00105335 2
0.635043 0.001046 1
0.635318 0.00103846 4
0.635594 0.00103069 5
0.63587 0.00102282 4
0.636145 0.00101491 3
0.636421 0.001007 3
0.636697 0.000999159 2
0.636972 0.000991443 1
0.637248 0.000983864 1
0.637523 0.00097641 2
0.637799 0.000969024 2
0.638075 0.000961659 2
0.63835 0.000954274 2
0.638626 0.000946838 2
0.638902 0.000939322 2
0.639177 0.000931704 1
0.639453 0.000923986 1
0.639728 0.000916216 1
0.640004 0.000908462 1
0.64028 0.000900849 1
0.640555 0.000893369 2
0.640831 0.000886072 2
0.641107 0.000878997 2
0.641382 0.000872183 2
0.641658 0.000865659 1
0.641933 0.000859415 3
0.642209 0.00085345 2
0.642485 0.000847712 1
0.64276 0.00084216 2
0.643036 0.000836766 2
0.643312 0.000831512 2
0.643587 0.000826384 2
0.643863 0.000821405 2
0.644138 0.000816596 2
0.644414 0.000811984 2
0.64469 0.000807581 1
0.644965 0.000803443 1
0.645241 0.00079961 1
0.645516 0.00079612 1
0.645792 0.00079297 1
0.646068 0.000790174 1
0.646343 0.000787714 1
0.646619 0.000785599 1
0.646895 0.00078381 1
0.64717 0.000782336 1
0.647446 0.000781174 2
0.647721 0.000780324 2
0.647997 0.000779809 2
0.648273 0.000779669 2
0.648548 0.000779943 2
0.648824 0.000780658 2
0.6491 0.00078184 1
0.649375 0.000783498 1
0.649651 0.000785615 1
0.649926 0.000788177 1
0.650202 0.000791142 1
0.650478 0.000794481 1
0.650753 0.000798161 1
0.651029 0.000802146 1
0.651305 0.000806434 2
0.65158 0.000811009 2
0.651856 0.000815873 2
0.652131 0.000821028 2
0.652407 0.000826456 1
0.652683 0.000832147 1
0.652958 0.000838094 1
0.653234 0.000844264 1
0.653509 0.000850627 1
0.653785 0.000857145 1
0.654061 0.0008638 1
0.654336 0.000870564 1
0.654612 0.000877445 1
0.654888 0.000884423 1
0.655163 0.000891562 1
0.655439 0.000898863 1
0.655714 0.000906412 1
0.65599 0.000914181 2
0.656266 0.000922219 1
0.656541 0.000930552 2
0.656817 0.000939119 2
0.657093 0.000947845 2
0.657368 0.000956692 2
0.657644 0.000965612 2
0.657919 0.000974582 1
0.658195 0.000983599 1
0.658471 0.000992669 1
0.658746 0.00100179 4
0.659022 0.00101095 3
0.659298 0.00102018 3
0.659573 0.00102963 2
0.659849 0.00103931 2
0.660124 0.00104911 2
0.6604 0.0010589 2
0.660676 0.00106872 2
0.660951 0.00107858 2
0.661227 0.00108851 2
0.661502 0.00109848 2
0.661778 0.00110848 2
0.662054 0.00111846 2
0.662329 0.00112839 1
0.662605 0.00113817 1
0.662881 0.00114785 2
0.663156 0.00115735 3
0.663432 0.00116291 4
0.663707 0.00116758 3
0.663983 0.00117138 1
0.664259 0.00117435 4
0.664534 0.00117663 3
0.66481 0.00117881 3
0.665086 0.00118091 1
0.665361 0.00118288 3
0.665637 0.00118467 5
0.665912 0.00118619 2
0.666188 0.0011875 2
0.666464 0.00118861 3
0.666739 0.00118952 3
0.667015 0.00119023 3
0.667291 0.00119079 3
0.667566 0.00119121 3
0.667842 0.00119148 3
0.668117 0.00119157 3
0.668393 0.00119145 3
0.668669 0.00119105 3
0.668944 0.00119036 2
0.66922 0.00118933 2
0.669495 0.00118792 4
0.669771 0.00118613 5
0.670047 0.00118399 3
0.670322 0.00118157 3
0.670598 0.00117893 1
0.670874 0.00117612 3
0.671149 0.00117315 1
0.671425 0.00116998 4
0.6717 0.0011666 3
0.671976 0.00116296 3
0.672252 0.00115905 2
0.672527 0.00115486 2
0.672803 0.00115039 2
0.673079 0.00114562 2
0.673354 0.00114055 2
0.67363 0.00113514 2
0.673905 0.00112947 2
0.674181 0.0011236 2
0.674457 0.00111753 2
0.674732 0.00111128 2
0.675008 0.00110489 2
0.675284 0.00109837 4
0.675559 0.0010917 3
0.675835 0.00108487 2
0.67611 0.00107786 3
0.676386 0.00107066 3
0.676662 0.00106326 4
0.676937 0.00105564 3
0.677213 0.00104794 4
0.677488 0.00104029 2
0.677764 0.00103276 2
0.67804 0.00102538 2
0.678315 0.00101819 1
0.678591 0.00101117 1
0.678867 0.00100429 2
0.679142 0.000997443 2
0.679418 0.000990571 2
0.679693 0.000983631 2
0.679969 0.000976605 2
0.680245 0.000969494 1
0.68052 0.000962314 1
0.680796 0.000955115 1
0.681072 0.000947941 1
0.681347 0.0009409 1
0.681623 0.000934058 1
0.681898 0.000927452 1
0.682174 0.000921149 1
0.68245 0.000915134 1
0.682725 0.000909387 1
0.683001 0.000903864 3
0.683277 0.000898533 3
0.683552 0.000893369 1
0.683828 0.000888347 2
0.684103 0.000883458 1
0.684379 0.000878692 2
0.684655 0.000874056 1
0.68493 0.000869573 2
0.685206 0.000865272 2
0.685482 0.000861197 2
0.685757 0.000857376 1
0.686033 0.000853839 2
0.686308 0.000850599 1
0.686584 0.000847642 1
0.68686 0.000844968 1
0.687135 0.000842581 2
0.687411 0.000840483 2
0.687686 0.000838696 2
0.687962 0.000837253 2
0.688238 0.000836165 2
0.688513 0.000835422 2
0.688789 0.000835052 2
0.689065 0.000835066 2
0.68934 0.000835476 2
0.689616 0.000836284 1
0.689891 0.000837481 1
0.690167 0.000839066 1
0.690443 0.000841041 1
0.690718 0.000843404 1
0.690994 0.000846157 1
0.69127 0.000849299 1
0.691545 0.000852828 1
0.691821 0.000856731 1
0.692096 0.000860993 1
0.692372 0.000865604 1
0.692648 0.000870531 1
0.692923 0.000875754 1
0.693199 0.000881247 1
0.693475 0.00088699 1
0.69375 0.000892946 1
0.694026 0.000899104 1
0.694301 0.000905443 1
0.694577 0.000911941 1
0.694853 0.000918627 2
0.695128 0.000925519 1
0.695404 0.000932615 1
0.695679 0.000939932 2
0.695955 0.000947396 1
0.696231 0.000954993 2
0.696506 0.000962655 2
0.696782 0.000970416 1
0.697058 0.000978339 3
0.697333 0.000986504 2
0.697609 0.000994939 1
0.697884 0.00100365 1
0.69816 0.00101261 1
0.698436 0.00102178 1
0.698711 0.00103111 1
0.698987 0.00104052 2
0.699263 0.00104991 2
0.699538 0.00105923 1
0.699814 0.00106845 1
0.700089 0.00107767 1
0.700365 0.00108688 1
0.700641 0.00109617 1
0.700916 0.00110555 1
0.701192 0.00111507 1
0.701468 0.00112472 2
0.701743 0.00113453 1
0.702019 0.00114447 2
0.702294 0.00115449 1
0.70257 0.00116452 2
0.702846 0.0011745 2
0.703121 0.00118435 1
0.703397 0.00118955 4
0.703672 0.00119376 3
0.703948 0.00119709 1
0.704224 0.00119963 4
0.704499 0.00120151 3
0.704775 0.00120322 4
0.705051 0.00120502 3
0.705326 0.00120681 3
0.705602 0.00120852 2
0.705877 0.00121004 4
0.706153 0.00121135 1
0.706429 0.00121249 2
0.706704 0.00121348 1
0.70698 0.00121427 1
0.707256 0.00121491 3
0.707531 0.0012154 2
0.707807 0.00121577 2
0.708082 0.00121601 3
0.708358 0.0012161 3
0.708634 0.001216 3
0.708909 0.00121566 2
0.709185 0.00121505 2
0.709461 0.00121406 4
0.709736 0.00121272 3
0.710012 0.00121102 5
0.710287 0.00120897 3
0.710563 0.00120645 3
0.710839 0.00120362 3
0.711114 0.00120054 1
0.71139 0.00119727 4
0.711665 0.00119382 4
0.711941 0.00119017 3
0.712217 0.00118631 3
0.712492 0.00118222 2
0.712768 0.0011779 2
0.713044 0.00117334 2
0.713319 0.00116852 2
0.713595 0.00116343 3
0.71387 0.00115807 3
0.714146 0.00115246 3
0.714422 0.00114661 2
0.714697 0.00114056 2
0.714973 0.00113432 2
0.715249 0.00112791 3
0.715524 0.00112135 5
0.7158 0.00111462 2
0.716075 0.00110771 2
0.716351 0.00110059 2
0.716627 0.00109327 4
0.716902 0.00108574 3
0.717178 0.00107799 4
0.717454 0.00107016 4
0.717729 0.00106233 3
0.718005 0.00105458 3
0.71828 0.00104697 2
0.718556 0.00103956 1
0.718832 0.00103232 1
0.719107 0.00102522 2
0.719383 0.00101818 2
0.719658 0.00101114 2
0.719934 0.00100404 2
0.72021 0.000996852 2
0.720485 0.000989552 2
0.720761 0.000982142 1
0.721037 0.000974655 1
0.721312 0.000967168 1
0.721588 0.000959766 1
0.721863 0.000952522 1
0.722139 0.00094554 1
0.722415 0.000938804 2
0.72269 0.000932345 1
0.722966 0.000926169 1
0.723242 0.000920264 1
0.723517 0.000914607 1
0.723793 0.000909178 3
0.724068 0.000903933 3
0.724344 0.000898855 2
0.72462 0.000893913 2
0.724895 0.0008891 2
0.725171 0.000884421 2
0.725447 0.000879895 2
0.725722 0.000875548 2
0.725998 0.000871416 2
0.726273 0.000867503 2
0.726549 0.00086383 1
0.726825 0.000860433 1
0.7271 0.000857326 2
0.727376 0.000854502 1
0.727652 0.000852003 2
0.727927 0.000849843 1
0.728203 0.000848029 2
0.728478 0.00084656 2
0.728754 0.000845433 2
0.72903 0.000844637 2
0.729305 0.00084418 2
0.729581 0.000844073 2
0.729856 0.000844335 2
0.730132 0.000844994 2
0.730408 0.000846071 1
0.730683 0.000847565 1
0.730959 0.000849503 1
0.731235 0.000851857 1
0.73151 0.000854603 1
0.731786 0.000857721 1
0.732061 0.000861177 1
0.732337 0.000864946 1
0.732613 0.000869011 1
0.732888 0.00087336 1
0.733164 0.000877984 1
0.73344 0.000882877 1
0.733715 0.000888029 1
0.733991 0.000893436 1
0.734266 0.000899074 1
0.734542 0.000904905 1
0.734818 0.000910913 1
0.735093 0.000917077 1
0.735369 0.000923365 1
0.735645 0.000929767 1
0.73592 0.000936273 1
0.736196 0.0009429 1
0.736471 0.000949678 1
0.736747 0.000956672 2
0.737023 0.000963891 2
0.737298 0.000971397 1
0.737574 0.000979156 1
0.737849 0.000987101 2
0.738125 0.000995205 2
0.738401 0.00100346 2
0.738676 0.00101182 1
0.738952 0.00102029 1
0.739228 0.00102885 1
0.739503 0.00103752 1
0.739779 0.00104631 4
0.740054 0.00105517 2
0.74033 0.0010641 2
0.740606 0.00107311 1
0.740881 0.00108232 1
0.741157 0.00109167 2
0.741433 0.00110105 2
0.741708 0.00111048 2
0.741984 0.00111996 2
0.742259 0.00112951 2
0.742535 0.00113915 2
0.742811 0.00114885 2
0.743086 0.00115861 1
0.743362 0.00116835 1
0.743638 0.00117803 1
0.743913 0.00118763 1
0.744189 0.00119707 1
0.744464 0.00120638 1
0.74474 0.00121106 4
0.745016 0.00121494 1
0.745291 0.00121799 4
0.745567 0.00122031 3
0.745842 0.00122217 3
0.746118 0.00122403 1
0.746394 0.00122583 3
0.746669 0.00122748 2
0.746945 0.0012289 4
0.747221 0.00123013 2
0.747496 0.00123118 1
0.747772 0.00123206 3
0.748047 0.00123277 3
0.748323 0.00123333 3
0.748599 0.00123376 2
0.748874 0.00123405 2
0.74915 0.0012342 2
0.749426 0.00123418 2
0.749701 0.00123394 2
0.749977 0.00123345 2
0.750252 0.00123268 2
0.750528 0.0012316 2
0.750804 0.00123018 4
0.751079 0.0012284 5
0.751355 0.00122628 3
0.751631 0.00122389 3
0.751906 0.0012213 1
0.752182 0.00121857 3
0.752457 0.00121569 1
0.752733 0.00121264 4
0.753009 0.00120939 5
0.753284 0.00120591 3
0.75356 0.00120212 3
0.753835 0.00119806 2
0.754111 0.00119374 2
0.754387 0.00118916 3
0.754662 0.0011843 3
0.754938 0.00117918 3
0.755214 0.00117382 3
0.755489 0.00116825 3
0.755765 0.00116251 2
0.75604 0.0011566 3
0.756316 0.00115055 2
0.756592 0.00114434 3
0.756867 0.00113798 4
0.757143 0.00113148 3
0.757419 0.00112482 2
0.757694 0.00111799 1
0.75797 0.00111096 4
0.758245 0.00110373 3
0.758521 0.00109633 4
0.758797 0.00108886 4
0.759072 0.00108147 3
0.759348 0.00107423 2
0.759624 0.00106716 2
0.759899 0.0010603 1
0.760175 0.00105364 1
0.76045 0.0010471 2
0.760726 0.00104058 2
0.761002 0.00103401 2
0.761277 0.00102733 2
0.761553 0.00102056 2
0.761828 0.0010137 1
0.762104 0.00100682 1
0.76238 0.000999963 1
0.762655 0.000993218 1
0.762931 0.000986632 1
0.763207 0.000980299 1
0.763482 0.000974265 1
0.763758 0.000968524 1
0.764033 0.000963103 1
0.764309 0.000957942 1
0.764585 0.000952973 3
0.76486 0.000948137 3
0.765136 0.000943411 3
0.765412 0.000938799 2
0.765687 0.000934308 2
0.765963 0.00092995 2
0.766238 0.000925744 2
0.766514 0.000921726 2
0.76679 0.000917916 2
0.767065 0.000914342 2
0.767341 0.000911027 1
0.767617 0.000907991 1
0.767892 0.000905234 1
0.768168 0.000902757 1
0.768443 0.00090056 1
0.768719 0.000898629 1
0.768995 0.000896952 2
0.76927 0.000895536 2
0.769546 0.000894399 2
0.769822 0.000893619 2
0.770097 0.000893242 2
0.770373 0.000893295 2
0.770648 0.000893777 2
0.770924 0.000894683 1
0.7712 0.000895999 1
0.771475 0.000897681 1
0.771751 0.000899707 1
0.772026 0.000902058 1
0.772302 0.000904726 1
0.772578 0.000907713 1
0.772853 0.000911023 1
0.773129 0.000914667 1
0.773405 0.000918653 1
0.77368 0.000922977 1
0.773956 0.000927632 1
0.774231 0.000932611 1
0.774507 0.000937888 1
0.774783 0.000943458 2
0.775058 0.000949338 1
0.775334 0.00095551 1
0.77561 0.000961889 2
0.775885 0.000968384 2
0.776161 0.00097495 1
0.776436 0.000981613 2
0.776712 0.000988339 2
0.776988 0.000995128 2
0.777263 0.00100202 2
0.777539 0.00100907 3
0.777815 0.00101634 1
0.77809 0.00102392 1
0.778366 0.0010318 1
0.778641 0.00103996 1
0.778917 0.00104839 1
0.779193 0.00105703 1
0.779468 0.00106582 1
0.779744 0.00107469 2
0.780019 0.0010836 2
0.780295 0.00109249 1
0.780571 0.00110132 1
0.780846 0.0011101 2
0.781122 0.00111879 2
0.781398 0.00112753 1
0.781673 0.00113642 1
0.781949 0.00114547 1
0.782224 0.00115467 1
0.7825 0.001164 1
0.782776 0.00117347 2
0.783051 0.00118304 1
0.783327 0.0011927 2
0.783603 0.00120235 2
0.783878 0.00121196 2
0.784154 0.00122145 2
0.784429 0.00123079 2
0.784705 0.00123501 4
0.784981 0.0012384 3
0.785256 0.00124096 3
0.785532 0.00124281 4
0.785808 0.00124407 3
0.786083 0.00124549 3
0.786359 0.00124696 1
0.786634 0.00124842 1
0.78691 0.00124977 2
0.787186 0.00125095 4
0.787461 0.00125199 1
0.787737 0.00125286 2
0.788012 0.0012536 1
0.788288 0.00125419 2
0.788564 0.00125465 2
0.788839 0.00125499 2
0.789115 0.00125521 2
0.789391 0.00125529 2
0.789666 0.0012552 2
0.789942 0.00125494 2
0.790217 0.00125446 2
0.790493 0.00125367 2
0.790769 0.00125258 4
0.791044 0.00125117 3
0.79132 0.00124944 4
0.791596 0.00124737 3
0.791871 0.00124501 1
0.792147 0.00124227 3
0.792422 0.00123929 3
0.792698 0.00123614 4
0.792974 0.00123283 2
0.793249 0.00122934 4
0.793525 0.00122565 3
0.793801 0.00122174 2
0.794076 0.00121758 2
0.794352 0.00121318 2
0.794627 0.00120851 2
0.794903 0.00120358 2
0.795179 0.00119839 2
0.795454 0.00119298 2
0.79573 0.00118737 2
0.796005 0.00118157 2
0.796281 0.00117563 2
0.796557 0.00116952 2
0.796832 0.00116326 3
0.797108 0.00115685 4
0.797384 0.00115028 2
0.797659 0.00114351 2
0.797935 0.00113652 4
0.79821 0.00112932 3
0.798486 0.00112191 4
0.798762 0.00111428 3
0.799037 0.0011066 4
0.799313 0.001099 2
0.799589 0.00109156 2
0.799864 0.00108431 2
0.80014 0.00107729 1
0.800415 0.00107047 1
0.800691 0.00106378 2
0.800967 0.00105711 2
0.801242 0.00105039 2
0.801518 0.00104357 2
0.801794 0.00103662 2
0.802069 0.00102956 1
0.802345 0.00102242 1
0.80262 0.00101527 1
0.802896 0.00100819 1
0.803172 0.00100129 1
0.803447 0.000994614 1
0.803723 0.00098825 1
0.803998 0.000982163 1
0.804274 0.000976356 1
0.80455 0.000970802 1
0.804825 0.000965473 1
0.805101 0.000960352 1
0.805377 0.000955411 1
0.805652 0.000950625 3
0.805928 0.000945979 3
0.806203 0.000941454 2
0.806479 0.000937052 2
0.806755 0.000932788 2
0.80703 0.000928692 2
0.807306 0.000924788 2
0.807582 0.000921103 1
0.807857 0.000917649 1
0.808133 0.000914447 1
0.808408 0.00091151 1
0.808684 0.000908853 1
0.80896 0.000906433 1
0.809235 0.000904276 2
0.809511 0.000902417 2
0.809787 0.000900884 2
0.810062 0.000899696 2
0.810338 0.000898879 2
0.810613 0.000898455 2
0.810889 0.000898431 1
0.811165 0.000898791 1
0.81144 0.000899526 1
0.811716 0.000900605 1
0.811991 0.000902019 1
0.812267 0.000903755 1
0.812543 0.000905822 1
0.812818 0.000908215 1
0.813094 0.00091095 1
0.81337 0.000914024 1
0.813645 0.000917441 1
0.813921 0.0009212 1
0.814196 0.00092529 1
0.814472 0.000929703 1
0.814748 0.00093442 1
0.815023 0.000939417 1
0.815299 0.000944649 1
0.815575 0.000950101 1
0.81585 0.000955739 1
0.816126 0.000961534 1
0.816401 0.000967465 1
0.816677 0.000973514 1
0.816953 0.000979674 1
0.817228 0.000985933 1
0.817504 0.000992381 2
0.81778 0.000999039 1
0.818055 0.00100596 1
0.818331 0.00101306 2
0.818606 0.0010203 1
0.818882 0.00102766 2
0.819158 0.00103515 1
0.819433 0.0010428 1
0.819709 0.00105061 1
0.819985 0.0010586 1
0.82026 0.00106676 1
0.820536 0.00107511 4
0.820811 0.00108364 2
0.821087 0.00109229 2
0.821363 0.00110102 1
0.821638 0.00110979 1
0.821914 0.00111856 1
0.822189 0.0011274 2
0.822465 0.00113632 2
0.822741 0.00114536 2
0.823016 0.00115449 2
0.823292 0.00116374 2
0.823568 0.0011731 2
0.823843 0.00118254 2
0.824119 0.00119208 2
0.824394 0.00120168 2
0.82467 0.00121126 1
0.824946 0.00122079 1
0.825221 0.0012302 1
0.825497 0.00123949 1
0.825773 0.00124446 4
0.826048 0.00124869 1
0.826324 0.0012521 3
0.826599 0.0012548 4
0.826875 0.00125684 3
0.827151 0.00125871 1
0.827426 0.0012606 3
0.827702 0.00126241 2
0.827978 0.00126405 2
0.828253 0.00126548 4
0.828529 0.00126676 1
0.828804 0.00126787 2
0.82908 0.00126881 2
0.829356 0.00126962 3
0.829631 0.00127029 3
0.829907 0.00127087 3
0.830182 0.00127133 3
0.830458 0.00127165 3
0.830734 0.0012718 3
0.831009 0.00127174 3
0.831285 0.00127143 3
0.831561 0.00127084 3
0.831836 0.00126995 3
0.832112 0.00126871 3
0.832387 0.00126713 5
0.832663 0.00126526 3
0.832939 0.00126314 3
0.833214 0.00126084 1
0.83349 0.00125839 3
0.833766 0.0012558 1
0.834041 0.00125303 4
0.834317 0.00125002 5
0.834592 0.0012468 3
0.834868 0.00124334 2
0.835144 0.00123963 2
0.835419 0.00123565 2
0.835695 0.00123141 2
0.835971 0.0012269 3
0.836246 0.00122216 3
0.836522 0.0012172 3
0.836797 0.00121205 3
0.837073 0.00120673 2
0.837349 0.00120128 2
0.837624 0.00119569 2
0.8379 0.00118995 2
0.838175 0.00118405 3
0.838451 0.00117798 4
0.838727 0.00117175 3
0.839002 0.00116536 2
0.839278 0.00115878 1
0.839554 0.00115197 3
0.839829 0.001145 4
0.840105 0.00113791 5
0.84038 0.00113078 4
0.840656 0.00112374 3
0.840932 0.00111684 2
0.841207 0.00111014 2
0.841483 0.00110365 2
0.841759 0.00109736 2
0.842034 0.00109119 2
0.84231 0.00108503 2
0.842585 0.00107881 2
0.842861 0.00107248 2
0.843137 0.00106607 2
0.843412 0.00105963 1
0.843688 0.0010532 1
0.843964 0.00104685 1
0.844239 0.00104065 2
0.844515 0.00103466 2
0.84479 0.00102894 1
0.845066 0.00102349 1
0.845342 0.00101837 1
0.845617 0.00101359 1
0.845893 0.00100903 1
0.846168 0.00100463 1
0.846444 0.00100029 3
0.84672 0.000996045 3
0.846995 0.000991898 2
0.847271 0.000987872 2
0.847547 0.000983999 2
0.847822 0.000980309 2
0.848098 0.000976837 2
0.848373 0.000973592 2
0.848649 0.000970592 1
0.848925 0.000967842 1
0.8492 0.000965338 1
0.849476 0.000963081 1
0.849752 0.00096105 1
0.850027 0.000959279 1
0.850303 0.00095776 2
0.850578 0.000956511 2
0.850854 0.000955551 2
0.85113 0.000954918 2
0.851405 0.000954619 2
0.851681 0.000954702 2
0.851957 0.000955139 2
0.852232 0.000955949 2
0.852508 0.00095716 2
0.852783 0.00095876 2
0.853059 0.000960793 1
0.853335 0.000963226 1
0.85361 0.00096602 1
0.853886 0.000969134 1
0.854161 0.000972521 1
0.854437 0.000976155 1
0.854713 0.000980077 1
0.854988 0.000984306 1
0.855264 0.000988813 2
0.85554 0.000993573 2
0.855815 0.000998559 2
0.856091 0.00100376 1
0.856366 0.00100915 1
0.856642 0.00101479 1
0.856918 0.00102067 1
0.857193 0.00102678 1
0.857469 0.00103307 1
0.857745 0.00103953 1
0.85802 0.00104613 3
0.858296 0.00105291 3
0.858571 0.00105985 2
0.858847 0.00106697 2
0.859123 0.00107426 1
0.859398 0.00108175 1
0.859674 0.00108941 1
0.85995 0.00109724 1
0.860225 0.00110521 1
0.860501 0.00111334 1
0.860776 0.00112158 1
0.861052 0.00112993 2
0.861328 0.00113835 2
0.861603 0.00114682 1
0.861879 0.00115532 1
0.862155 0.0011638 1
0.86243 0.00117234 1
0.862706 0.00118101 2
0.862981 0.00118979 1
0.863257 0.00119869 1
0.863533 0.00120764 1
0.863808 0.00121665 1
0.864084 0.00122572 1
0.864359 0.00123481 1
0.864635 0.0012439 1
0.864911 0.00125297 2
0.865186 0.00126198 2
0.865462 0.00127093 2
0.865738 0.00127517 4
0.866013 0.00127862 1
0.866289 0.00128125 4
0.866564 0.00128318 5
0.86684 0.00128455 3
0.867116 0.00128576 1
0.867391 0.00128712 3
0.867667 0.00128852 3
0.867943 0.00128986 2
0.868218 0.0012911 4
0.868494 0.0012922 3
0.868769 0.00129317 1
0.869045 0.00129397 2
0.869321 0.00129465 2
0.869596 0.00129517 2
0.869872 0.00129557 2
0.870148 0.00129586 3
0.870423 0.00129604 2
0.870699 0.0012961 2
0.870974 0.00129602 2
0.87125 0.00129576 2
0.871526 0.00129524 2
0.871801 0.00129446 2
0.872077 0.00129339 4
0.872352 0.00129204 3
0.872628 0.00129037 4
0.872904 0.00128843 3
0.873179 0.00128612 1
0.873455 0.00128359 3
0.873731 0.00128085 3
0.874006 0.00127795 4
0.874282 0.00127488 2
0.874557 0.00127161 4
0.874833 0.00126814 3
0.875109 0.00126442 2
0.875384 0.00126046 2
0.87566 0.00125626 2
0.875936 0.0012518 2
0.876211 0.0012471 2
0.876487 0.00124217 2
0.876762 0.00123703 2
0.877038 0.00123171 2
0.877314 0.00122624 2
0.877589 0.00122063 2
0.877865 0.00121489 2
0.878141 0.00120899 2
0.878416 0.00120292 4
0.878692 0.00119668 3
0.878967 0.00119025 3
0.879243 0.0011836 4
0.879519 0.00117675 1
0.879794 0.0011697 3
0.88007 0.00116245 4
0.880345 0.00115506 3
0.880621 0.00114768 4
0.880897 0.00114044 2
0.881172 0.00113338 2
0.881448 0.00112652 1
0.881724 0.00111985 1
0.881999 0.00111336 2
0.882275 0.00110694 2
0.88255 0.00110051 2
0.882826 0.00109399 2
0.883102 0.00108736 2
0.883377 0.00108062 2
0.883653 0.00107381 2
0.883929 0.00106699 1
0.884204 0.00106021 1
0.88448 0.00105359 1
0.884755 0.00104721 1
0.885031 0.00104109 1
0.885307 0.00103531 1
0.885582 0.0010298 1
0.885858 0.00102455 1
0.886134 0.0010195 1
0.886409 0.00101463 2
0.886685 0.00100992 1
0.88696 0.00100534 2
0.887236 0.00100091 1
0.887512 0.000996606 3
0.887787 0.000992439 2
0.888063 0.000988407 2
0.888338 0.000984531 2
0.888614 0.000980835 2
0.88889 0.000977344 2
0.889165 0.000974067 1
0.889441 0.000971005 1
0.889717 0.000968183 1
0.889992 0.000965611 1
0.890268 0.000963299 1
0.890543 0.000961258 1
0.890819 0.000959478 1
0.891095 0.000957961 2
0.89137 0.000956733 2
0.891646 0.000955841 2
0.891922 0.00095533 2
0.892197 0.000955216 2
0.892473 0.000955513 1
0.892748 0.000956234 1
0.893024 0.000957344 1
0.8933 0.000958795 1
0.893575 0.000960559 1
0.893851 0.0009626 1
0.894127 0.000964914 1
0.894402 0.000967492 1
0.894678 0.000970334 2
0.894953 0.000973449 2
0.895229 0.000976851 1
0.895505 0.000980553 1
0.89578 0.000984562 1
0.896056 0.000988886 1
0.896331 0.000993519 1
0.896607 0.000998436 1
0.896883 0.00100362 1
0.897158 0.00100905 1
0.897434 0.00101468 1
0.89771 0.00102047 1
0.897985 0.00102638 2
0.898261 0.00103249 2
0.898536 0.00103876 1
0.898812 0.00104517 1
0.899088 0.00105166 2
0.899363 0.00105825 1
0.899639 0.00106493 2
0.899915 0.00107177 1
0.90019 0.0010788 1
0.900466 0.00108605 1
0.900741 0.00109353 1
0.901017 0.00110124 1
0.901293 0.00110917 1
0.901568 0.00111729 4
0.901844 0.00112555 2
0.90212 0.00113389 2
0.902395 0.00114225 1
0.902671 0.00115061 1
0.902946 0.00115896 1
0.903222 0.00116735 1
0.903498 0.00117584 1
0.903773 0.00118446 2
0.904049 0.00119324 1
0.904325 0.00120218 2
0.9046 0.00121123 1
0.904876 0.00122042 2
0.905151 0.00122969 2
0.905427 0.00123904 2
0.905703 0.00124841 2
0.905978 0.00125774 2
0.906254 0.00126698 1
0.906529 0.00127615 1
0.906805 0.00128519 1
0.907081 0.00128971 4
0.907356 0.00129348 1
0.907632 0.00129655 3
0.907908 0.00129897 4
0.908183 0.00130081 3
0.908459 0.00130261 3
0.908734 0.00130443 3
0.90901 0.00130619 2
0.909286 0.00130779 2
0.909561 0.00130918 4
0.909837 0.00131039 1
0.910113 0.0013115 1
0.910388 0.00131249 1
0.910664 0.00131336 1
0.910939 0.00131412 3
0.911215 0.00131479 2
0.911491 0.00131535 2
0.911766 0.00131579 2
0.912042 0.00131607 2
0.912318 0.00131615 2
0.912593 0.001316 2
0.912869 0.00131557 2
0.913144 0.00131485 2
0.91342 0.00131384 2
0.913696 0.00131249 4
0.913971 0.00131086 5
0.914247 0.00130899 3
0.914522 0.00130693 3
0.914798 0.00130469 1
0.915074 0.00130234 2
0.915349 0.00129984 2
0.915625 0.00129716 4
0.915901 0.00129427 5
0.916176 0.00129114 3
0.916452 0.00128774 2
0.916727 0.00128407 2
0.917003 0.00128013 2
0.917279 0.00127595 2
0.917554 0.00127155 2
0.91783 0.00126695 2
0.918106 0.00126219 2
0.918381 0.00125729 2
0.918657 0.00125226 2
0.918932 0.00124711 2
0.919208 0.00124184 2
0.919484 0.00123642 2
0.919759 0.00123081 3
0.920035 0.00122501 4
0.920311 0.00121905 3
0.920586 0.00121293 2
0.920862 0.0012066 1
0.921137 0.00120009 3
0.921413 0.00119345 3
0.921689 0.00118672 4
0.921964 0.00117992 5
0.92224 0.00117326 3
0.922515 0.00116673 2
0.922791 0.00116037 2
0.923067 0.0011542 2
0.923342 0.00114821 2
0.923618 0.00114234 2
0.923894 0.0011365 2
0.924169 0.0011306 2
0.924445 0.00112464 2
0.92472 0.00111861 2
0.924996 0.00111259 1
0.925272 0.00110663 1
0.925547 0.00110078 1
0.925823 0.00109512 1
0.926099 0.00108967 1
0.926374 0.00108449 1
0.92665 0.00107959 1
0.926925 0.00107495 1
0.927201 0.00107058 1
0.927477 0.00106649 1
0.927752 0.00106257 1
0.928028 0.00105874 1
0.928304 0.00105497 1
0.928579 0.00105128 2
0.928855 0.00104769 3
0.92913 0.00104428 3
0.929406 0.00104107 2
0.929682 0.0010381 1
0.929957 0.00103537 2
0.930233 0.00103289 1
0.930508 0.00103066 1
0.930784 0.00102866 1
0.93106 0.00102688 1
0.931335 0.00102529 1
0.931611 0.00102392 3
0.931887 0.00102277 2
0.932162 0.00102188 2
0.932438 0.00102126 2
0.932713 0.00102096 2
0.932989 0.00102103 2
0.933265 0.00102148 2
0.93354 0.00102233 2
0.933816 0.00102357 2
0.934092 0.00102521 1
0.934367 0.00102722 1
0.934643 0.00102957 1
0.934918 0.00103224 1
0.935194 0.00103521 3
0.93547 0.00103845 2
0.935745 0.00104195 2
0.936021 0.00104572 1
0.936297 0.00104983 1
0.936572 0.00105423 1
0.936848 0.00105891 1
0.937123 0.00106383 1
0.937399 0.00106897 1
0.937675 0.00107435 1
0.93795 0.00107995 1
0.938226 0.00108577 1
0.938501 0.00109176 3
0.938777 0.00109791 1
0.939053 0.00110418 1
0.939328 0.00111057 1
0.939604 0.00111706 2
0.93988 0.00112365 2
0.940155 0.00113033 2
0.940431 0.00113716 2
0.940706 0.00114413 2
0.940982 0.0011513 2
0.941258 0.00115866 1
0.941533 0.00116628 2
0.941809 0.0011741 1
0.942085 0.00118209 2
0.94236 0.00119021 2
0.942636 0.00119835 2
0.942911 0.00120647 2
0.943187 0.00121462 2
0.943463 0.00122288 2
0.943738 0.00123126 2
0.944014 0.00123968 2
0.94429 0.00124814 2
0.944565 0.00125658 2
0.944841 0.00126504 1
0.945116 0.00127353 2
0.945392 0.00128207 2
0.945668 0.00129065 2
0.945943 0.00129927 2
0.946219 0.00130792 2
0.946494 0.00131658 2
0.94677 0.00132062 4
0.947046 0.00132389 4
0.947321 0.00132638 3
0.947597 0.0013282 4
0.947873 0.00132945 3
0.948148 0.00133046 3
0.948424 0.00133162 1
0.948699 0.00133286 3
0.948975 0.0013341 2
0.949251 0.00133527 2
0.949526 0.00133634 4
0.949802 0.00133729 1
0.950078 0.00133813 2
0.950353 0.00133883 2
0.950629 0.00133942 2
0.950904 0.00133988 2
0.95118 0.00134023 2
0.951456 0.00134049 2
0.951731 0.00134063 2
0.952007 0.00134065 2
0.952283 0.00134053 2
0.952558 0.00134024 2
0.952834 0.00133975 2
0.953109 0.00133896 2
0.953385 0.00133788 4
0.953661 0.00133655 3
0.953936 0.00133496 4
0.954212 0.00133312 3
0.954488 0.00133107 1
0.954763 0.00132871 3
0.955039 0.00132613 3
0.955314 0.00132336 4
0.95559 0.0013204 2
0.955866 0.00131723 4
0.956141 0.00131385 3
0.956417 0.00131023 1
0.956692 0.00130639 2
0.956968 0.00130232 2
0.957244 0.00129805 2
0.957519 0.00129356 2
0.957795 0.00128888 2
0.958071 0.00128403 2
0.958346 0.00127901 2
0.958622 0.00127385 2
0.958897 0.00126854 2
0.959173 0.0012631 2
0.959449 0.00125749 2
0.959724 0.0012517 3
0.96 0.00124571 4
0.960276 0.00123952 4
0.960551 0.00123313 3
0.960827 0.00122654 2
0.961102 0.00121976 3
0.961378 0.00121283 3
0.961654 0.00120576 4
0.961929 0.00119865 4
0.962205 0.00119168 2
0.962481 0.00118485 2
0.962756 0.0011782 1
0.963032 0.00117173 1
0.963307 0.00116543 2
0.963583 0.00115923 2
0.963859 0.00115303 2
0.964134 0.00114675 2
0.96441 0.00114036 2
0.964685 0.00113387 2
0.964961 0.00112733 1
0.965237 0.00112078 1
0.965512 0.00111429 1
0.965788 0.00110793 1
0.966064 0.00110179 1
0.966339 0.00109592 1
0.966615 0.00109041 1
0.96689 0.00108518 1
0.967166 0.00108018 1
0.967442 0.00107536 1
0.967717 0.00107068 1
0.967993 0.00106613 1
0.968269 0.00106173 2
0.968544 0.00105747 1
0.96882 0.00105334 3
0.969095 0.00104934 3
0.969371 0.00104549 2
0.969647 0.00104178 2
0.969922 0.00103822 2
0.970198 0.00103484 2
0.970474 0.00103165 1
0.970749 0.00102865 1
0.971025 0.00102586 1
0.9713 0.00102329 1
0.971576 0.00102097 1
0.971852 0.00101891 2
0.972127 0.00101714 2
0.972403 0.00101567 1
0.972678 0.00101449 1
0.972954 0.0010136 2
0.97323 0.00101304 2
0.973505 0.00101283 2
0.973781 0.001013 2
0.974057 0.00101356 1
0.974332 0.00101447 1
0.974608 0.00101576 1
0.974883 0.00101735 1
0.975159 0.00101922 1
0.975435 0.00102137 1
0.97571 0.00102378 1
0.975986 0.00102645 1
0.976262 0.00102941 1
0.976537 0.00103266 1
0.976813 0.00103622 1
0.977088 0.0010401 1
0.977364 0.00104428 1
0.97764 0.00104875 1
0.977915 0.00105346 1
0.978191 0.0010584 1
0.978467 0.00106351 2
0.978742 0.00106886 2
0.979018 0.00107444 1
0.979293 0.00108021 1
0.979569 0.00108609 2
0.979845 0.00109202 1
0.98012 0.00109797 2
0.980396 0.00110401 2
0.980671 0.00111018 1
0.980947 0.00111651 1
0.981223 0.00112306 1
0.981498 0.00112986 1
0.981774 0.00113691 1
0.98205 0.00114422 1
0.982325 0.00115175 1
0.982601 0.00115947 4
0.982876 0.00116733 2
0.983152 0.00117528 2
0.983428 0.00118327 1
0.983703 0.00119128 2
0.983979 0.00119931 2
0.984255 0.00120742 1
0.98453 0.00121554 2
0.984806 0.00122383 2
0.985081 0.00123232 2
0.985357 0.00124103 2
0.985633 0.00124986 2
0.985908 0.0012588 2
0.986184 0.00126778 2
0.98646 0.00127682 2
0.986735 0.00128587 2
0.987011 0.00129494 2
0.987286 0.00130396 2
0.987562 0.00131295 2
0.987838 0.00132189 1
0.988113 0.00133078 1
0.988389 0.00133496 4
0.988664 0.00133848 1
0.98894 0.00134129 3
0.989216 0.00134351 4
0.989491 0.00134516 3
0.989767 0.00134678 3
0.990043 0.00134841 3
0.990318 0.00135 2
0.990594 0.00135145 2
0.990869 0.00135274 4
0.991145 0.00135388 1
0.991421 0.00135491 2
0.991696 0.00135585 2
0.991972 0.00135671 2
0.992248 0.00135748 3
0.992523 0.0013582 2
0.992799 0.00135882 2
0.993074 0.00135932 2
0.99335 0.00135967 2
0.993626 0.00135983 2
0.993901 0.00135977 2
0.994177 0.00135945 2
0.994453 0.00135885 2
0.994728 0.00135792 2
0.995004 0.00135671 2
0.995279 0.00135528 4
0.995555 0.00135364 3
0.995831 0.00135177 1
0.996106 0.00134978 2
0.996382 0.00134766 1
0.996658 0.00134539 2
0.996933 0.00134294 1
0.997209 0.00134028 4
0.997484 0.00133737 4
0.99776 0.0013342 2
0.998036 0.00133076 2
0.998311 0.00132707 2
0.998587 0.00132315 2
0.998862 0.00131902 2
0.999138 0.00131472 2
0.999414 0.00131027 2
0.999689 0.0013057 2
0.999965 0.00130102 2
