t sb -1 xb vb dt perf.t perf.speed
0 0 -1 0.5 0 0.000474636 0 0 
0.000474636 0 -1 0.5 -7.4873e-05 0.000474636 0.010876 376609 1 1696.94 210.29 8.06956 4 
0.00138056 2.24499e-06 -1 0.5 -0.000122078 0.000905927 0.018052 453800 1 281.892 67.613 4.1692 4 1 344.33 90.874 3.78909 4 1 0.000538685 1.32773e-08 40571.9 4 
0.00267867 -3.35349e-06 -1 0.499999 1.10534e-05 0.0012981 0.024668 498135 1 130.538 33.404 3.90786 4 1 493.948 115.881 4.26255 4 1 0.000724542 1.0373e-07 6984.86 4 
0.00433282 -1.37734e-05 -1 0.499999 0.000644221 0.00165415 0.03119 525297 1 53.2852 22.4247 2.37618 4 1 278.941 27.555 10.1231 4 1 0.000862387 3.51493e-07 2453.5 4 
0.00631146 -2.84509e-05 -1 0.500001 0.00187748 0.00197864 0.037938 539828 1 22.306 18.0869 1.23327 4 1 37.361 18.8104 1.98619 4 1 0.00139762 1.13393e-06 1232.55 4 
0.00858457 -4.32967e-05 -1 0.500005 0.00353598 0.00227311 0.044481 552506 1 17.772 10.0058 1.77618 4 1 27.2107 2.88795 9.42214 4 1 0.00216721 2.62775e-06 824.739 4 
0.0111261 -5.47301e-05 -1 0.500014 0.00543611 0.00254156 0.051007 562119 1 9.45847 3.44462 2.74587 4 1 43.0879 11.0644 3.89427 4 1 0.00297957 4.86665e-06 612.243 4 
0.0139091 -5.99314e-05 -1 0.500029 0.00744446 0.00278294 0.057614 568751 1 12.388 1.26448 9.79686 4 1 38.3079 17.0844 2.24227 4 1 0.00372442 7.61679e-06 488.976 4 
0.0169132 -5.74956e-05 -1 0.500051 0.00944914 0.00300412 0.064228 573955 1 17.4441 4.36879 3.9929 4 1 47.0149 20.1282 2.33577 4 1 0.00437453 1.06052e-05 412.488 4 
0.0201208 -4.79344e-05 -1 0.500081 0.0113814 0.00320762 0.070749 578948 1 20.1082 5.85068 3.4369 4 1 26.9947 20.5618 1.31286 4 1 0.00491904 1.34852e-05 364.772 4 
0.0235109 -3.35271e-05 -1 0.50012 0.0131737 0.00339008 0.077417 581991 1 21.0308 5.89602 3.56694 4 1 55.3254 17.0842 3.23839 4 1 0.00536666 1.58867e-05 337.809 4 
0.027067 -1.72382e-05 -1 0.500166 0.0148426 0.00355614 0.084006 585101 1 20.2637 4.90307 4.13285 4 1 22.4744 13.7007 1.64039 4 1 0.00571113 1.80707e-05 316.044 4 
0.0307739 -2.79197e-06 -1 0.500221 0.0164382 0.0037069 0.090535 588148 1 17.0706 3.03621 5.62232 4 1 18.9346 7.96185 2.37816 4 1 0.00601456 2.13871e-05 281.224 4 
0.0346151 6.873e-06 -1 0.500284 0.018002 0.00384117 0.097124 590420 1 14.1278 0.995165 14.1965 4 1 17.9944 2.69291 6.68212 4 1 0.00631248 2.46945e-05 255.623 4 
0.0385848 1.05195e-05 -1 0.500355 0.0196549 0.00396973 0.103737 592267 1 12.2177 0.880148 13.8814 4 1 12.0314 1.14868 10.4741 4 1 0.00662337 2.82005e-05 234.867 4 
0.0426695 8.23559e-06 -1 0.500435 0.0215365 0.00408471 0.111414 588221 2 3636.13 5.77984 25.082 3 1 12.1123 3.74455 3.23465 4 1 0.00700251 3.19937e-05 218.871 4 
0.0468525 1.51657e-06 -1 0.500525 0.0234107 0.00418293 0.11783 590953 1 36.674 2.48179 14.7773 3 1 16.7529 3.88065 4.31704 4 1 0.00744095 3.62388e-05 205.331 4 
0.0511324 -6.51879e-06 -1 0.500624 0.0255546 0.00427992 0.125945 585398 3 3615.34 3.66597 9.95375 2 1 13.8342 3.45749 4.00121 4 1 0.00781102 4.0262e-05 194.005 4 
0.0554946 -1.38333e-05 -1 0.500735 0.0277976 0.00436223 0.132086 589192 1 35.6057 3.49361 10.1917 2 1 10.5458 1.67505 6.29582 4 1 0.00830091 4.49926e-05 184.495 4 
0.0599358 -1.97422e-05 -1 0.500859 0.0300705 0.00444118 0.138211 592717 1 35.4235 3.72485 9.51006 2 1 11.8091 1.06155 11.1244 4 1 0.00867985 4.92046e-05 176.403 4 
0.0644451 -2.34798e-05 -1 0.500994 0.0323767 0.0045093 0.144361 595840 1 33.9091 3.97273 8.53546 2 1 7.12973 0.788271 9.04478 4 1 0.00901386 5.32204e-05 169.369 4 
0.0690176 -2.47811e-05 -1 0.501141 0.0346882 0.00457252 0.150438 598998 1 32.1409 4.05789 7.92061 2 1 4.30485 1.83076 2.3514 4 1 0.00931557 5.71913e-05 162.884 4 
0.0736552 -2.36587e-05 -1 0.501302 0.0370053 0.00463763 0.156596 601599 1 30.0443 4.06832 7.38494 2 1 5.24193 2.3843 2.19852 4 1 0.00960994 6.1385e-05 156.552 4 
0.0783449 -2.03233e-05 -1 0.501475 0.0392514 0.00468966 0.165335 594575 4 3531.91 1.16352 7.42265 2 1 4.73353 2.59301 1.8255 4 1 0.00985627 6.50734e-05 151.464 4 
0.0830802 -1.67868e-05 -1 0.501661 0.0415007 0.00473526 0.171421 597360 1 21.2082 3.38121 6.27238 2 1 37.8223 1.96127 19.2846 4 1 0.010005 6.81245e-05 146.864 4 
0.087862 -1.32816e-05 -1 0.501859 0.043723 0.00478184 0.18154 586626 1 24.577 3.26986 7.51624 2 1 5.97028 1.4592 4.09148 4 1 0.0102434 7.17864e-05 142.693 4 
0.0926834 -9.94551e-06 -1 0.502069 0.0459544 0.00482142 0.187719 589136 1 27.7545 3.05605 9.08183 2 1 8.87406 0.997961 8.89219 4 1 0.0104242 7.49909e-05 139.007 4 
0.097537 -7.16569e-06 -1 0.502292 0.0481744 0.00485362 0.193888 591517 1 28.3305 2.8065 10.0946 2 1 6.83028 0.557871 12.2435 4 1 0.0106192 7.80357e-05 136.081 4 
0.102423 -5.17033e-06 -1 0.502527 0.050389 0.0048863 0.202547 586452 4 3397.8 0.706428 8.32784 2 1 7.8093 0.387558 20.15 4 1 0.0107998 8.10841e-05 133.192 4 
0.107343 -4.53517e-06 -1 0.502775 0.0526092 0.00491949 0.20956 586371 2 25.5454 0.302314 9.19237 2 1 10.8154 0.673101 16.068 4 1 0.0109882 8.42378e-05 130.443 4 
0.112288 -4.80929e-06 -1 0.503035 0.0548458 0.00494471 0.215746 588544 1 19.4746 2.85217 6.82798 2 1 22.7008 0.464276 48.8951 4 1 0.011145 8.6899e-05 128.252 4 
0.117258 -5.15106e-06 -1 0.503308 0.0570863 0.00497025 0.221817 590902 1 17.1269 2.44464 7.00591 2 1 9.33649 0.659835 14.1497 4 1 0.0114402 8.98134e-05 127.378 4 
0.122254 -6.27027e-06 -1 0.503593 0.0593237 0.00499609 0.229678 588511 3 3507.3 3.29815 10.2071 2 1 6.44581 1.05926 6.08522 4 1 0.0123737 9.25944e-05 133.633 4 
0.127267 -6.83905e-06 -1 0.503891 0.0616123 0.0050135 0.235809 590580 1 19.4812 3.3136 5.87917 2 1 13.0294 0.744698 17.4962 4 1 0.0129301 9.50562e-05 136.026 4 
0.132298 -7.12954e-06 -1 0.504201 0.0639007 0.00503106 0.2419 592642 1 19.436 3.61417 5.37772 2 1 9.85002 0.800865 12.2992 4 1 0.0129149 9.71452e-05 132.944 4 
0.137347 -7.45572e-06 -1 0.504524 0.066143 0.00504877 0.249742 590433 3 3185.29 2.37993 11.0203 2 1 76.2016 1.56499 48.6916 4 1 0.0128241 9.93848e-05 129.034 4 
0.142414 -6.60741e-06 -1 0.50486 0.0684619 0.00506664 0.258033 587336 2 24.6554 0.447163 7.42546 2 1 11.1517 0.518606 21.5032 4 2 0.0121976 1.40496e-06 93.1762 3 
0.147489 -6.04916e-06 -1 0.505208 0.0707216 0.00507564 0.265796 585592 2 28.3348 0.390268 8.52077 2 1 10.4166 0.886552 11.7496 4 2 0.0121666 1.46667e-05 28.8017 2 
0.152583 -5.09124e-06 -1 0.505568 0.0730231 0.00509377 0.274137 582716 3 3688.35 3.77137 9.92608 2 1 8.81831 0.850913 10.3633 4 2 0.0121449 3.02297e-05 20.0438 2 
0.157686 -4.19158e-06 -1 0.505941 0.0751976 0.0051029 0.281558 581905 2 48.0137 0.812978 7.68499 2 1 11.9578 1.50861 7.92638 4 2 0.0123134 3.00834e-05 20.2314 2 
0.162798 -3.26338e-06 -1 0.506326 0.0773835 0.00511208 0.290741 577614 4 3796.51 1.21246 7.48047 2 1 16.377 0.709226 23.0913 4 2 0.0123876 3.02472e-05 20.2372 2 
0.16792 -2.09972e-06 -1 0.506724 0.079604 0.0051213 0.298214 576874 2 56.5001 0.899892 7.92372 2 1 10.7145 0.754644 14.1981 4 2 0.0128371 3.01642e-05 20.6295 2 
0.17305 -1.61882e-06 -1 0.507133 0.0817959 0.00513058 0.307409 572944 4 3849.48 0.482515 9.45089 2 1 10.791 0.595012 18.1358 4 2 0.013911 2.98881e-05 21.574 2 
0.17819 -1.17391e-06 -1 0.507554 0.0839721 0.00513991 0.316621 569211 4 3878.36 1.28238 7.4158 2 1 12.3864 0.622483 19.8983 4 2 0.0144413 2.97516e-05 22.0317 2 
0.183339 -1.88711e-06 -1 0.507988 0.0861594 0.00514929 0.325823 565706 4 3540.62 0.610654 8.72612 2 1 24.6877 0.7249 34.0568 4 2 0.0156121 2.92872e-05 23.0883 2 
0.188489 -2.22886e-06 -1 0.508432 0.088376 0.00514929 0.335044 562362 4 2588.02 3.53753 5.20076 2 1 14.2791 1.10115 12.9674 4 2 0.0158414 2.76816e-05 23.9222 2 
0.193647 -3.49521e-06 -1 0.508889 0.090479 0.00515874 0.344217 559275 4 3764.42 0.671088 8.65425 2 1 18.6828 0.953009 19.604 4 2 0.0154916 2.80126e-05 23.5164 2 
0.198806 -4.84848e-06 -1 0.509357 0.092704 0.00515874 0.353362 556393 4 3815.86 3.37279 5.79963 2 1 18.8493 0.789271 23.882 4 2 0.0147672 2.79404e-05 22.9897 2 
0.203974 -6.84246e-06 -1 0.509836 0.0948094 0.00516825 0.362576 553550 4 3825.5 0.601691 8.92953 2 1 17.6234 1.12546 15.6588 4 2 0.0152312 2.82626e-05 23.2146 2 
0.209143 -7.84998e-06 -1 0.510327 0.0969636 0.00516825 0.370087 553383 2 80.1381 1.72423 6.81745 2 1 19.1991 0.880483 21.8052 4 2 0.0165145 3.009e-05 23.4273 2 
0.21432 -7.56817e-06 -1 0.51083 0.0991205 0.00517784 0.381944 546928 4 4168.83 0.969402 8.098 2 1 93.5081 2.73543 34.1841 4 2 0.0178147 3.28047e-05 23.3035 2 
0.219498 -7.22284e-06 -1 0.511344 0.101263 0.00517784 0.391159 544515 4 3309.19 3.28703 5.63287 2 1 18.6667 0.699041 26.7033 4 2 0.0184068 3.38942e-05 23.3038 2 
0.224686 -7.65904e-06 -1 0.511869 0.10333 0.0051875 0.39864 544572 2 42.9368 0.807433 7.29225 2 1 18.5824 1.47443 12.6031 4 2 0.0173674 3.38238e-05 22.6598 2 
0.229873 -7.52353e-06 -1 0.512405 0.105426 0.0051875 0.406064 544702 2 42.0719 0.779315 7.34749 2 1 18.2613 0.876304 20.839 4 2 0.0175659 3.42941e-05 22.6321 2 
0.235061 -7.27523e-06 -1 0.512952 0.107541 0.0051875 0.414391 543641 3 3111.97 3.51462 9.60253 2 1 17.9895 0.749203 24.0115 4 2 0.0191042 3.51415e-05 23.316 2 
0.240248 -7.53439e-06 -1 0.513509 0.109585 0.0051875 0.423585 541511 4 3460.91 1.10073 7.4882 2 1 19.2083 1.04682 18.3491 4 2 0.019565 3.61925e-05 23.2504 2 
0.245446 -7.41719e-06 -1 0.514078 0.11165 0.00519727 0.431081 541597 2 56.7217 1.05992 7.31542 2 1 29.0633 0.926817 31.3582 4 2 0.019491 3.75912e-05 22.7706 2 
0.250643 -6.99171e-06 -1 0.514656 0.1137 0.00519727 0.440267 539600 4 3709.67 1.29671 7.31346 2 1 20.0794 1.29962 15.4503 4 2 0.0191142 3.88569e-05 22.1791 2 
0.25584 -7.41303e-06 -1 0.515244 0.115717 0.00519727 0.447745 539736 2 82.5564 1.07928 8.74598 2 1 23.9777 1.97179 12.1604 4 2 0.0182907 4.03055e-05 21.3027 2 
0.261037 -7.81988e-06 -1 0.515842 0.117745 0.00519727 0.457978 536620 4 4094.91 1.73717 6.96788 2 1 24.6894 2.83546 8.70739 4 3 0.0201864 8.31329e-06 13.4409 2 
0.266235 -6.63209e-06 -1 0.516451 0.119751 0.00519727 0.467319 534658 3 3109.95 1.81659 11.9628 2 1 26.6183 2.95369 9.01187 4 3 0.0206867 1.57698e-05 10.9468 2 
0.271432 -7.21063e-06 -1 0.517073 0.121743 0.00519727 0.476643 532793 3 3259.95 3.16343 10.1007 2 1 27.1264 2.6962 10.061 4 3 0.0204562 1.87029e-05 10.3032 2 
0.276639 -8.12937e-06 -1 0.517706 0.123753 0.00520719 0.485156 531887 2 74.9241 0.721999 10.1869 2 1 31.3601 2.33561 13.427 4 3 0.0212939 1.84829e-05 10.4832 2 
0.281846 -8.08544e-06 -1 0.518351 0.125757 0.00520719 0.494489 530131 3 3683.03 2.0676 12.1221 2 1 26.616 2.87464 9.25891 4 3 0.0202676 1.47773e-05 11.1106 2 
0.287053 -9.40751e-06 -1 0.519006 0.12772 0.00520719 0.505569 526615 5 3547.69 1.10632 5.02589 2 1 29.2709 3.02882 9.66412 4 3 0.0215729 1.27293e-05 11.9225 2 
0.292261 -9.76459e-06 -1 0.519672 0.129642 0.00520719 0.514206 525735 2 45.9356 0.860202 7.3076 2 1 30.1465 2.27201 13.2686 4 3 0.0222154 1.09458e-05 12.661 2 
0.297468 -9.60837e-06 -1 0.520348 0.131573 0.00520719 0.522709 525019 2 48.2372 0.90075 7.31794 2 1 27.8199 2.8796 9.66103 4 3 0.02164 9.3323e-06 13.236 2 
0.302675 -9.42682e-06 -1 0.521034 0.133501 0.00520719 0.531969 523579 4 3734.18 0.557796 9.04544 2 1 28.2695 3.03759 9.30657 4 2 0.0200217 9.80924e-05 14.2867 2 
0.307882 -9.95987e-06 -1 0.521731 0.135411 0.00520719 0.541261 522158 4 2342.79 1.00245 6.95292 2 1 101.434 3.08927 32.8343 4 2 0.0221099 9.17633e-05 15.5224 2 
0.313089 -1.02798e-05 -1 0.522438 0.13732 0.00520719 0.550457 520876 4 3822.57 0.988993 7.8848 2 1 28.5059 2.99117 9.53001 4 2 0.0235431 8.77612e-05 16.3787 2 
0.318297 -9.89582e-06 -1 0.523155 0.139172 0.00520719 0.559687 519605 4 3874.87 0.625645 8.8712 2 1 31.1918 2.99998 10.3973 4 2 0.0232975 8.02886e-05 17.0344 2 
0.323504 -8.8178e-06 -1 0.523881 0.141068 0.00520719 0.568979 518318 4 3867.35 1.03106 7.82586 2 1 71.0694 2.56229 27.7367 4 2 0.0216297 6.42959e-05 18.3415 2 
0.328711 -9.45022e-06 -1 0.524617 0.142822 0.00520719 0.582278 513514 4 3763.96 3.26561 5.82667 2 1 36.0823 2.40545 15.0002 4 2 0.0239843 5.74306e-05 20.4358 2 
0.333918 -7.58791e-06 -1 0.525363 0.1447 0.00520719 0.591488 512443 4 3790.63 1.90591 6.67809 2 1 35.0642 1.18755 29.5264 4 2 0.0256133 5.6047e-05 21.3775 2 
0.339125 -8.2932e-06 -1 0.526117 0.146527 0.00520719 0.599848 512130 3 3847.25 2.5774 11.4285 2 1 38.3313 2.51789 15.2236 4 2 0.0236103 5.44936e-05 20.8151 2 
0.344333 -1.08455e-05 -1 0.526882 0.148377 0.00520719 0.609058 511111 4 3859.94 1.262 7.4367 2 1 38.9095 1.61921 24.0299 4 2 0.0256097 5.26915e-05 22.0461 2 
0.34955 -1.10683e-05 -1 0.527656 0.150127 0.00521742 0.618262 510127 4 3284.68 1.28352 7.11251 2 1 31.6872 1.46826 21.5815 4 2 0.0252466 5.1769e-05 22.0834 2 
0.354767 -1.12862e-05 -1 0.528438 0.15194 0.00521742 0.625748 510570 2 44.9208 1.07496 6.4644 2 1 38.9936 2.05389 18.9852 4 2 0.0259347 5.00574e-05 22.7618 2 
0.359985 -1.08245e-05 -1 0.529228 0.153715 0.00521742 0.634128 510282 3 3507.78 2.51852 11.1677 2 1 42.5337 3.4028 12.4996 4 2 0.0221025 4.8503e-05 21.347 2 
0.365202 -1.07599e-05 -1 0.530027 0.155491 0.00521742 0.643351 509333 4 3374.47 0.910199 7.8031 2 1 42.1159 4.77789 8.81476 4 2 0.0199693 4.79344e-05 20.4107 2 
0.37042 -1.02278e-05 -1 0.530835 0.157181 0.00521742 0.652594 508396 4 3643.09 1.42694 7.1083 2 1 43.5787 4.97246 8.76402 4 2 0.0206595 4.94258e-05 20.4448 2 
0.375637 -1.18992e-05 -1 0.531652 0.158919 0.00521742 0.661817 507500 4 3763.81 1.09314 7.66016 2 1 39.1587 4.15843 9.41669 4 2 0.023484 5.13374e-05 21.3879 2 
0.380855 -1.12713e-05 -1 0.532478 0.160638 0.00521742 0.671031 506635 4 4018.84 0.950639 8.06346 2 1 34.3305 4.36496 7.86502 4 2 0.0266422 5.29561e-05 22.4299 2 
0.386072 -1.11223e-05 -1 0.533315 0.162328 0.00521742 0.679388 506432 3 2802.35 2.13201 10.9541 2 1 42.1071 3.1029 13.5702 4 2 0.0262813 5.3507e-05 22.1625 2 
0.391289 -1.23151e-05 -1 0.534163 0.164001 0.00521742 0.686827 506911 2 52.7866 0.914736 7.59651 2 1 49.3247 2.656 18.571 4 2 0.0270191 5.32753e-05 22.5202 2 
0.396507 -1.14512e-05 -1 0.53502 0.165668 0.00521742 0.696014 506105 4 2085.17 2.56245 5.34098 2 1 42.8786 3.33757 12.8472 4 2 0.0257138 5.28459e-05 22.0586 2 
0.401724 -1.15059e-05 -1 0.535886 0.167266 0.00521742 0.705206 505316 4 3559.67 0.919771 7.88738 2 1 40.9774 1.7415 23.5299 4 2 0.0283675 5.16465e-05 23.4364 2 
0.406942 -1.16406e-05 -1 0.536761 0.16893 0.00521742 0.714433 504523 4 3836.48 0.678571 8.6713 2 1 45.2792 2.36219 19.1683 4 2 0.0278941 4.83126e-05 24.0284 2 
0.412159 -1.16248e-05 -1 0.537645 0.170524 0.00521742 0.723666 503746 4 3342.89 0.799477 8.04135 2 1 40.3677 1.77195 22.7816 4 2 0.0271915 4.68693e-05 24.0864 2 
0.417376 -1.15775e-05 -1 0.538537 0.172116 0.00521742 0.731257 504118 2 114.143 1.71416 8.16017 2 1 49.729 1.73452 28.6702 4 2 0.0301649 4.52332e-05 25.8239 2 
0.422594 -1.09236e-05 -1 0.539437 0.173657 0.00521742 0.740467 503380 4 3838.28 0.959649 7.95255 2 1 49.1379 1.73641 28.2986 4 2 0.0281987 4.51936e-05 24.9791 2 
0.427811 -1.17501e-05 -1 0.540345 0.175251 0.00521742 0.74965 502677 4 3835.12 1.76587 6.82662 2 1 45.806 2.1363 21.4417 4 2 0.0308869 4.85431e-05 25.2245 2 
0.433029 -1.1029e-05 -1 0.541259 0.176751 0.00521742 0.758806 502010 4 3700.08 2.21008 6.39662 2 1 51.1132 1.41623 36.091 4 2 0.0317529 5.29762e-05 24.4822 2 
0.438246 -1.31205e-05 -1 0.542179 0.17832 0.00521742 0.768013 501325 4 3837.75 0.894829 8.09253 2 1 116.476 3.28344 35.4737 4 2 0.027564 5.37336e-05 22.6489 2 
0.443464 -1.41273e-05 -1 0.543107 0.179773 0.00521742 0.776391 501191 3 3814.56 3.51551 10.2759 2 1 49.3843 5.86916 8.4142 4 2 0.0254569 6.1505e-05 20.3445 2 
0.448681 -1.47197e-05 -1 0.544043 0.181339 0.00521742 0.785627 500512 4 3986.54 1.60096 7.06406 2 1 59.9195 5.8347 10.2695 4 2 0.0245224 6.96595e-05 18.7625 2 
0.453898 -1.32236e-05 -1 0.544988 0.182823 0.00521742 0.794819 499877 4 3316.91 1.69718 6.64893 2 1 58.2732 4.96929 11.7266 4 2 0.0268543 7.72829e-05 18.6408 2 
0.459116 -1.33731e-05 -1 0.54594 0.18425 0.00521742 0.804131 499182 4 3381.62 3.16301 5.71816 2 1 62.2518 6.05735 10.2771 4 2 0.0296109 8.21635e-05 18.9839 2 
0.464333 -1.10654e-05 -1 0.546901 0.185693 0.00521742 0.813365 498551 4 3684.31 0.478065 9.36952 2 1 68.4793 4.29823 15.932 4 2 0.028753 8.52176e-05 18.3686 2 
0.469551 -1.02839e-05 -1 0.547868 0.187056 0.00521742 0.823447 497421 5 3443.66 1.32895 4.81617 2 1 59.8797 7.0094 8.54277 4 2 0.0278202 8.63695e-05 17.9473 2 
0.474768 -1.00611e-05 -1 0.548844 0.188473 0.00521742 0.832668 496832 4 3620.27 1.27769 7.2959 2 1 57.7753 5.72484 10.092 4 2 0.0316968 8.51228e-05 19.2968 2 
0.479986 -1.24092e-05 -1 0.549825 0.189812 0.00521742 0.842902 495659 4 3356.95 1.05491 7.51073 2 1 57.4473 6.92847 8.29149 4 3 0.0302796 9.17684e-06 14.8874 2 
0.485203 -1.383e-05 -1 0.550816 0.191157 0.00521742 0.851426 495508 2 64.3379 1.0093 7.98405 2 1 51.6688 7.52082 6.8701 4 3 0.0314467 1.99277e-05 11.6423 2 
0.49042 -1.42968e-05 -1 0.551815 0.192525 0.00521742 0.860788 494877 3 3685.74 2.04871 12.1623 2 1 55.5474 6.15254 9.02838 4 3 0.0309763 2.07245e-05 11.4336 2 
0.495638 -1.47818e-05 -1 0.552821 0.193879 0.00521742 0.871028 493761 4 3306.96 1.40217 6.96879 2 1 69.6637 3.86409 18.0285 4 3 0.033625 1.50188e-05 13.0821 2 
0.500855 -1.57652e-05 -1 0.553832 0.195195 0.00521742 0.880409 493153 3 2688.44 2.52484 10.2115 2 1 55.9826 2.93111 19.0995 4 3 0.032802 1.1599e-05 14.1414 2 
0.506073 -1.6153e-05 -1 0.554848 0.196463 0.00521742 0.888869 493067 2 69.9864 0.956858 8.55231 2 1 70.5026 4.179 16.8707 4 3 0.0286257 9.36662e-06 14.5119 2 
0.51129 -1.49977e-05 -1 0.555871 0.197729 0.00521742 0.899076 492025 4 3776.18 1.07333 7.70157 2 1 68.9956 6.22996 11.0748 4 3 0.0295304 7.91028e-06 15.5129 2 
0.516507 -1.35006e-05 -1 0.556902 0.198943 0.00521742 0.909293 491001 4 4188.87 1.6111 7.14074 2 1 62.6267 5.55252 11.279 4 3 0.0265877 7.19583e-06 15.4597 2 
0.521725 -1.16568e-05 -1 0.55794 0.20018 0.00521742 0.918493 490543 4 3869.51 0.877543 8.14886 2 1 59.7071 4.73101 12.6204 4 2 0.0294088 9.36197e-05 17.7237 2 
0.526942 -1.19794e-05 -1 0.558985 0.201363 0.00521742 0.927718 490080 4 3499.85 0.705934 8.39115 2 1 53.8874 3.76718 14.3044 4 2 0.0313282 7.11417e-05 20.9848 2 
0.53216 -1.16612e-05 -1 0.560037 0.202571 0.00521742 0.936927 489635 4 3958.29 1.58279 7.07165 2 1 55.777 3.62231 15.3982 4 2 0.0281494 4.94868e-05 23.8501 2 
0.537377 -1.23013e-05 -1 0.561096 0.203717 0.00521742 0.946107 489213 4 4113.61 0.879428 8.27 2 1 67.0117 2.68344 24.9723 4 2 0.0326876 4.8886e-05 25.8583 2 
0.542595 -1.1108e-05 -1 0.56216 0.204845 0.00521742 0.955308 488789 4 3592.78 0.535539 9.05024 2 1 59.6312 3.05652 19.5095 4 2 0.0305383 6.11723e-05 22.3432 2 
0.547812 -1.0156e-05 -1 0.56323 0.205999 0.00521742 0.96369 488788 3 3404.09 1.58105 12.9128 2 1 62.4617 3.25796 19.172 4 2 0.0340035 6.61233e-05 22.6769 2 
0.553029 -8.29836e-06 -1 0.564305 0.207125 0.00521742 0.97118 489236 2 68.6394 1.58005 6.59099 2 1 65.461 3.46605 18.8863 4 2 0.0333407 5.43883e-05 24.7591 2 
0.558247 -6.1317e-06 -1 0.565384 0.208213 0.00521742 0.982774 487632 2 69.8729 1.47417 6.88463 2 1 65.4347 4.75186 13.7704 4 2 0.0354547 5.441e-05 25.5269 2 
0.563464 -3.92275e-06 -1 0.566463 0.209255 0.00521742 0.991984 487234 4 3723.05 0.97017 7.87069 2 1 73.9498 4.58533 16.1275 4 2 0.0269929 5.28777e-05 22.5938 2 
0.568682 -4.3951e-06 -1 0.567549 0.210292 0.00521742 1.00118 486850 4 3443 1.2473 7.24839 2 1 69.6894 7.43394 9.37449 4 2 0.0302738 5.22849e-05 24.0628 2 
0.573899 -2.3274e-06 -1 0.568642 0.211325 0.00521742 1.0095 486896 3 2340.13 1.65884 11.2153 2 1 76.246 7.66818 9.94317 4 2 0.0318388 5.13701e-05 24.8956 2 
0.579117 -1.67865e-06 -1 0.569743 0.212323 0.00521742 1.0187 486516 4 3456.78 1.88982 6.53978 2 1 77.7376 8.2348 9.44012 4 2 0.0319891 4.99039e-05 25.3182 2 
0.584334 -1.43162e-06 -1 0.570852 0.21331 0.00521742 1.02791 486145 4 4338.39 1.3579 7.51822 2 1 73.452 7.51902 9.76882 4 2 0.0324981 4.87281e-05 25.8249 2 
0.589551 -2.18703e-06 -1 0.571967 0.214315 0.00521742 1.03728 485703 4 3604.79 0.650554 8.62778 2 1 64.1061 7.09276 9.03824 4 2 0.0312285 5.99541e-05 22.8227 2 
0.594769 -2.32377e-06 -1 0.573088 0.215276 0.00521742 1.04646 485355 4 3986.84 1.40795 7.29475 2 1 61.6961 6.70025 9.20803 4 2 0.0331353 6.82985e-05 22.0262 2 
0.599986 -3.30165e-06 -1 0.574214 0.216161 0.00521742 1.05566 485006 4 3691.65 1.35 7.23139 2 1 63.7191 7.46816 8.5321 4 2 0.031285 7.17675e-05 20.8787 2 
0.605204 -2.99421e-06 -1 0.575344 0.21704 0.00521742 1.06495 484619 4 3351.29 3.17689 5.69905 2 1 65.2417 5.15338 12.66 4 2 0.0332708 6.95651e-05 21.8693 2 
0.610421 -4.61433e-07 -1 0.576478 0.217967 0.00521742 1.0771 482956 4 3244.94 1.00786 7.53271 2 1 71.086 2.84053 25.0257 4 2 0.0343065 6.25657e-05 23.4164 2 
0.615638 5.44011e-07 -1 0.577611 0.218848 0.00521742 1.08715 482260 5 4204.97 0.955436 5.35442 2 1 72.8781 5.36698 13.579 4 2 0.030361 5.28806e-05 23.9613 2 
0.620856 -3.78594e-08 -1 0.578749 0.219661 0.00521742 1.09636 481944 4 3899.31 3.1992 5.90863 2 1 80.5207 6.40004 12.5813 4 2 0.0277456 5.37452e-05 22.721 2 
0.626073 -1.59499e-06 -1 0.579892 0.22052 0.00521742 1.10558 481628 4 4526.24 2.53658 6.49938 2 1 78.231 5.90196 13.2551 4 2 0.0307045 5.66733e-05 23.2762 2 
0.631291 -1.5959e-06 -1 0.581041 0.221349 0.00521742 1.11568 480942 5 4452.35 0.926349 5.44958 2 1 68.1614 4.49726 15.1562 4 2 0.0307174 5.9015e-05 22.8145 2 
0.636508 -2.10148e-06 -1 0.582195 0.222168 0.00521742 1.1249 480640 4 3489.96 2.4611 6.13653 2 1 59.5025 3.90918 15.2212 4 2 0.0297929 5.98594e-05 22.3095 2 
0.641726 -4.54009e-06 -1 0.583355 0.222942 0.00521742 1.1333 480691 3 1305.66 2.89091 7.67241 2 1 65.5448 3.79101 17.2895 4 2 0.0317014 6.11991e-05 22.7597 2 
0.646943 -5.39837e-06 -1 0.584518 0.223689 0.00521742 1.14251 480402 4 3710.29 1.75801 6.77792 2 1 71.4396 3.56205 20.0557 4 2 0.0315848 6.17893e-05 22.6091 2 
0.65216 -4.71565e-06 -1 0.585684 0.224407 0.00521742 1.1516 480168 4 3440.45 0.693201 8.39342 2 1 57.8003 4.63101 12.4812 4 2 0.0312023 6.20828e-05 22.4185 2 
0.657378 -4.71758e-06 -1 0.586854 0.225092 0.00521742 1.16095 479826 3 3402.53 3.23316 10.1717 2 1 67.707 5.09854 13.2797 4 3 0.03436 1.94288e-05 12.0931 2 
0.662595 -4.44066e-06 -1 0.588026 0.225841 0.00521742 1.17119 479129 4 2204.96 3.1378 5.14866 2 1 71.1947 5.23575 13.5978 4 3 0.0330612 2.44048e-05 11.0649 2 
0.667813 -3.05307e-06 -1 0.589198 0.226535 0.00521742 1.18141 478452 4 4033.11 2.68859 6.22342 2 1 80.0266 5.27838 15.1612 4 3 0.0299913 1.76977e-05 11.9223 2 
0.67303 -4.65534e-06 -1 0.590377 0.227212 0.00521742 1.19164 477782 4 3755.93 1.47926 7.09853 2 1 82.5574 13.8376 5.96617 4 3 0.0323368 1.30157e-05 13.5439 2 
0.678248 -3.56164e-06 -1 0.591561 0.227819 0.00521742 1.20187 477122 4 3672.13 3.30119 5.77513 2 1 84.9811 11.1584 7.6159 4 3 0.0307636 1.00251e-05 14.5317 2 
0.683465 -2.46769e-06 -1 0.592751 0.228475 0.00521742 1.2121 476476 4 3706.96 2.57227 6.16134 2 1 76.1586 11.3577 6.70543 4 3 0.0309282 8.53168e-06 15.3617 2 
0.688682 -7.79889e-07 -1 0.593945 0.229099 0.00521742 1.22325 475482 5 3733.22 1.28432 4.92813 2 1 70.3735 11.2789 6.23937 4 3 0.0310554 7.67289e-06 15.9365 2 
0.6939 -1.19372e-10 -1 0.595143 0.229713 0.00521742 1.23243 475262 4 4661.96 1.13811 8.00012 2 1 64.0626 10.205 6.27758 4 2 0.0306903 9.09339e-05 18.3712 2 
0.699117 -1.25238e-06 -1 0.596345 0.230304 0.00521742 1.24161 475046 4 3853.54 1.321 7.34918 2 1 64.9688 9.82584 6.61203 4 2 0.0312912 6.25595e-05 22.3648 2 
0.704335 -1.50609e-06 -1 0.597548 0.230877 0.00521742 1.25083 474819 4 3376.46 1.29055 7.1519 2 1 59.8934 8.4787 7.06399 4 2 0.0305494 5.15431e-05 24.3454 2 
0.709552 -1.66466e-06 -1 0.59875 0.231421 0.00521742 1.26005 474595 4 3419.06 0.831184 8.00852 2 1 69.7542 5.2484 13.2906 4 2 0.0300801 6.85564e-05 20.9467 2 
0.714769 -1.66198e-06 -1 0.59995 0.231948 0.00521742 1.26928 474373 4 4267.09 2.03813 6.76434 2 1 71.5062 5.58591 12.8012 4 2 0.0295291 7.55291e-05 19.7728 2 
0.719987 -1.52197e-06 -1 0.601154 0.232447 0.00521742 1.28249 472681 4 4873.23 2.16859 6.88509 2 1 75.3392 8.33778 9.03588 4 2 0.0283689 8.18489e-05 18.6172 2 
0.725204 1.99356e-06 -1 0.602363 0.23294 0.00521742 1.29272 472107 4 3637.78 0.917138 7.93598 2 1 62.415 6.96917 8.95587 4 3 0.0299866 9.41601e-06 14.7125 2 
0.730422 2.67748e-06 -1 0.603576 0.233467 0.00521742 1.30295 471546 4 5325.1 0.909484 8.74748 2 1 60.6547 4.59756 13.1928 4 3 0.0280829 1.06315e-05 13.8234 2 
0.735639 2.34267e-06 -1 0.604793 0.233917 0.00521742 1.31319 470987 4 844.123 1.04228 5.33464 2 1 60.6119 4.84716 12.5046 4 3 0.0324109 1.18707e-05 13.9767 2 
0.740857 2.21655e-06 -1 0.606014 0.234324 0.00521742 1.32344 470435 4 3721.5 1.13535 7.56653 2 1 62.5186 6.34887 9.84721 4 3 0.0327975 1.27216e-05 13.712 2 
0.746074 5.0721e-07 -1 0.60724 0.234768 0.00521742 1.33368 469894 4 3203.32 0.999322 7.52443 2 1 138.431 5.69562 24.3048 4 3 0.0331357 1.27364e-05 13.7536 2 
0.751291 -2.91573e-07 -1 0.608466 0.235198 0.00521742 1.34392 469361 4 3454.39 1.09719 7.4907 2 1 62.142 3.78631 16.4123 4 3 0.0323274 1.27493e-05 13.6363 2 
0.756509 -1.05488e-06 -1 0.609689 0.235563 0.00521742 1.35328 469142 3 2110.31 2.0396 10.1142 2 1 70.6337 2.7401 25.7778 4 3 0.0332911 1.27418e-05 13.7731 2 
0.761726 -2.68375e-07 -1 0.610911 0.235955 0.00521742 1.3635 468629 4 3629.46 0.895699 7.97847 2 1 66.601 5.61321 11.8651 4 3 0.0310635 1.24611e-05 13.5591 2 
0.766944 4.9453e-07 -1 0.612139 0.236313 0.00521742 1.3738 468099 4 3304.91 0.439999 9.30952 2 1 67.6842 8.20001 8.25416 4 3 0.0308105 1.15718e-05 13.8601 2 
0.772161 8.03502e-07 -1 0.613371 0.236676 0.00521742 1.384 467607 4 4639.45 0.859237 8.57212 2 1 71.7229 8.36331 8.5759 4 3 0.0322797 1.03886e-05 14.5923 2 
0.777379 1.23749e-06 -1 0.614607 0.236997 0.00521742 1.39423 467115 4 2365.98 0.867296 7.22705 2 1 60.6362 7.76503 7.80888 4 3 0.029614 9.64745e-06 14.5332 2 
0.782596 1.83624e-06 -1 0.615846 0.237342 0.00521742 1.40447 466626 4 3618.52 0.87966 8.00855 2 1 101.472 7.21163 14.0706 4 3 0.0274912 9.31159e-06 14.3457 2 
0.787813 2.07335e-06 -1 0.617088 0.237651 0.00521742 1.41293 466728 2 90.003 2.38905 6.13785 2 1 56.911 7.22823 7.87344 4 3 0.0306968 9.24636e-06 14.9179 2 
0.793031 3.34589e-06 -1 0.61833 0.23792 0.00521742 1.42319 466242 4 3332.99 1.63432 6.72008 2 1 125.185 6.96472 17.9741 4 3 0.0337417 9.01683e-06 15.5252 2 
0.798248 2.75879e-06 -1 0.61957 0.238212 0.00521742 1.43345 465763 4 3301.82 1.57902 6.76225 2 1 56.5453 6.98663 8.09335 4 3 0.0300344 8.34506e-06 15.3249 2 
0.803466 6.38986e-07 -1 0.620801 0.238476 0.00521742 1.44367 465304 4 5074.71 1.40045 7.75864 2 1 56.1699 4.37158 12.8489 4 3 0.0291427 7.52368e-06 15.7048 2 
0.808683 1.86988e-06 -1 0.622036 0.238706 0.00521742 1.45392 464841 4 5703.35 1.10795 8.47038 2 1 60.7301 8.10478 7.49312 4 3 0.0311163 6.88914e-06 16.5301 2 
0.8139 1.94659e-07 -1 0.623275 0.238957 0.00521742 1.46416 464388 4 3544.74 0.515934 9.10432 2 1 59.6875 6.96574 8.56872 4 3 0.0305478 7.95804e-06 15.6576 2 
0.819118 -4.36698e-07 -1 0.624519 0.239191 0.00521742 1.47761 462932 3 3345.62 1.26329 13.8354 2 1 60.0763 7.71252 7.78946 4 3 0.0341782 2.67598e-05 10.8498 2 
0.824335 -1.76037e-06 -1 0.625769 0.239367 0.00521742 1.48795 462467 4 3479.87 0.671797 8.48362 2 1 57.4518 6.80987 8.43654 4 3 0.0340321 2.58343e-05 10.9622 2 
0.829553 2.26163e-07 -1 0.627023 0.239587 0.00521742 1.49733 462304 3 5722.82 3.66835 11.5979 2 1 65.3931 4.20747 15.5421 4 3 0.0340515 1.86233e-05 12.2281 2 
0.83477 7.6509e-07 -1 0.628278 0.239842 0.00521742 1.50765 461859 4 3283.04 0.62181 8.52422 2 1 69.7495 2.97043 23.4813 4 3 0.0339926 1.38737e-05 13.4813 2 
0.839988 5.57302e-07 -1 0.629534 0.239953 0.00521742 1.51795 461421 4 6141.69 1.15854 8.53285 2 1 146.622 4.48641 32.6814 4 3 0.0321145 9.55233e-06 14.9807 2 
0.845205 2.09707e-06 -1 0.630777 0.240156 0.00521742 1.52825 460993 4 4342.96 0.919088 8.291 2 1 58.2472 3.03295 19.2048 4 3 0.0368884 7.92387e-06 16.6975 2 
0.850422 4.90801e-07 -1 0.632022 0.240289 0.00521742 1.53754 460870 4 3551.75 1.1662 7.42878 2 1 58.3871 4.07269 14.3363 4 2 0.0363575 9.06863e-05 20.0229 2 
0.85564 -1.00344e-06 -1 0.63327 0.240415 0.00521742 1.54677 460769 4 2322.61 1.08821 6.79697 2 1 71.2596 6.21565 11.4645 4 2 0.0335096 6.43583e-05 22.8182 2 
0.860857 7.00299e-08 -1 0.634522 0.240552 0.00521742 1.55602 460663 4 3036.38 1.04464 7.34256 2 1 72.6709 5.94293 12.2281 4 2 0.034158 7.83224e-05 20.8835 2 
0.866075 1.62238e-06 -1 0.635778 0.240666 0.00521742 1.56536 460531 4 688.302 2.01259 4.30037 2 1 72.4208 5.81078 12.4632 4 2 0.0347527 9.0872e-05 19.556 2 
0.871292 3.19244e-06 -1 0.637037 0.240825 0.00521742 1.57378 460670 3 3542.28 2.50178 11.2291 2 1 58.2923 5.09958 11.4308 4 2 0.0346419 9.56545e-05 19.0304 2 
0.87651 2.36587e-06 -1 0.638297 0.240909 0.00521742 1.58304 460561 4 4470.78 0.971576 8.2362 2 1 58.5282 6.53969 8.9497 4 2 0.0327661 9.05596e-05 19.0215 2 
0.881727 1.69754e-06 -1 0.639559 0.24099 0.00521742 1.59226 460468 4 5411.39 1.16264 8.25973 2 1 50.7578 5.18398 9.79126 4 2 0.0305292 8.3355e-05 19.1378 2 
0.886944 2.03177e-06 -1 0.640811 0.241049 0.00521742 1.60156 460351 4 3400.3 0.793113 8.09181 2 1 127.663 5.65619 22.5706 4 2 0.0307861 7.69781e-05 19.9983 2 
0.892162 2.13951e-06 -1 0.642052 0.241159 0.00521742 1.61082 460249 4 6016.21 2.1162 7.30199 2 1 69.5648 6.10603 11.3928 4 2 0.0352703 7.3151e-05 21.9581 2 
0.897379 3.32227e-06 -1 0.643299 0.241205 0.00521742 1.62008 460145 4 3388.95 1.29487 7.15254 2 1 72.3703 7.40341 9.77527 4 2 0.0376571 7.10919e-05 23.0151 2 
0.902597 1.24688e-06 -1 0.644552 0.241248 0.00521742 1.62932 460049 4 3199.96 0.73255 8.12974 2 1 70.1133 6.97925 10.046 4 2 0.0391123 6.86132e-05 23.8755 2 
0.907814 6.58261e-07 -1 0.64581 0.241286 0.00521742 1.63773 460189 3 1069.96 0.958518 10.3734 2 1 57.0278 4.54693 12.542 4 2 0.038633 6.52434e-05 24.3338 2 
0.913031 -1.48608e-07 -1 0.647073 0.241279 0.00521742 1.64692 460107 4 6325.64 1.00545 8.90607 2 1 63.4865 2.68626 23.6338 4 2 0.0331923 5.96273e-05 23.5937 2 
0.918249 -8.93521e-07 -1 0.648338 0.241344 0.00521742 1.65619 460005 4 3260.84 0.740036 8.1474 2 1 84.2466 3.73127 22.5785 4 2 0.0295675 5.92306e-05 22.3426 2 
0.923466 -6.84383e-07 -1 0.649607 0.241373 0.00521742 1.66374 460379 2 149.559 1.57329 9.74991 2 1 68.0651 2.02782 33.5657 4 2 0.0334969 6.21995e-05 23.2065 2 
0.928684 4.80892e-07 -1 0.650874 0.241383 0.00521742 1.67707 459162 4 3675.24 0.604224 8.83124 2 1 64.5535 2.04963 31.4953 4 2 0.0381627 7.58602e-05 22.4291 2 
0.933901 8.7284e-07 -1 0.652122 0.241403 0.00521742 1.68639 459055 4 3103.18 3.22405 5.56995 2 1 68.4138 2.6183 26.129 4 2 0.042101 8.36226e-05 22.438 2 
0.939119 -7.40259e-08 -1 0.653367 0.241396 0.00521742 1.69557 458983 4 3391 2.59194 6.01417 2 1 74.8553 4.21906 17.7421 4 2 0.0436577 7.64863e-05 23.8912 2 
0.944336 -5.15068e-07 -1 0.654618 0.241361 0.00521742 1.70488 458880 4 7244.6 3.48735 6.75118 2 1 65.6628 5.2971 12.396 4 2 0.0416314 7.14635e-05 24.1362 2 
0.949553 1.33648e-06 -1 0.655871 0.241288 0.00521742 1.71427 458756 4 3462.46 2.8367 5.91075 2 1 51.8121 4.76599 10.8712 4 2 0.0380342 8.42481e-05 21.2475 2 
0.954771 3.77852e-07 -1 0.657129 0.241264 0.00521742 1.7235 458676 4 7264.13 1.74551 8.03185 2 1 63.2347 4.81501 13.1328 4 2 0.0406177 8.96979e-05 21.2797 2 
0.959988 -2.83253e-07 -1 0.65839 0.241311 0.00521742 1.7328 458578 4 2967.38 1.1702 7.09623 2 1 58.782 3.9748 14.7887 4 2 0.0459403 8.29557e-05 23.5328 2 
0.965206 -5.53864e-08 -1 0.659655 0.241263 0.00521742 1.74125 458706 3 3137.64 3.06469 10.0787 2 1 88.6795 3.60023 24.6316 4 2 0.0475124 7.57896e-05 25.0379 2 
0.970423 6.86879e-08 -1 0.66092 0.24124 0.00521742 1.75153 458351 4 3447.92 0.954819 7.75192 2 1 78.7602 3.83767 20.5229 4 3 0.0439216 2.01839e-05 12.9586 2 
0.975641 6.45385e-07 -1 0.662185 0.241079 0.00521742 1.76098 458217 3 4159.32 3.24764 10.8597 2 1 89.2606 4.95452 18.016 4 3 0.0432113 3.7074e-05 10.5239 2 
0.980858 1.81684e-07 -1 0.663425 0.24107 0.00521742 1.77131 457857 4 3168.18 2.90282 5.74774 2 1 82.5858 3.53786 23.3434 4 3 0.0408941 2.90234e-05 11.2108 2 
0.986075 -1.88223e-06 -1 0.664669 0.240975 0.00521742 1.78158 457519 4 3264.04 0.681128 8.32016 2 1 70.7202 3.47429 20.3553 4 3 0.0435921 2.12505e-05 12.7061 2 
0.991293 -3.14818e-06 -1 0.665917 0.240865 0.00521742 1.79183 457187 4 3224.45 1.07435 7.40163 2 1 58.6751 2.87536 20.4062 4 3 0.0400079 1.54196e-05 13.7412 2 
0.99651 -3.65908e-06 -1 0.667171 0.240788 0.00521742 1.80205 456867 4 6284.75 1.26581 8.39421 2 1 65.7487 2.04277 32.186 4 3 0.0409063 1.35862e-05 14.4399 2 
1.00173 -6.92395e-08 -1 0.668427 0.240555 0.00521742 1.81147 456751 3 3064.73 2.82993 10.2693 2 1 97.0869 2.58587 37.5451 4 3 0.0405131 1.15617e-05 15.1888 2 
1.00695 -8.95244e-07 -1 0.669689 0.240594 0.00521742 1.82076 456671 4 3065.67 0.539569 8.682 2 1 81.3309 2.85952 28.4422 4 2 0.0408683 9.35514e-05 20.9011 2 
1.01216 -1.63218e-06 -1 0.670953 0.240519 0.00521742 1.83002 456599 4 2354.86 1.12227 6.7681 2 1 86.7654 3.14125 27.6213 4 2 0.0458692 6.57563e-05 26.4114 2 
1.01738 -1.45471e-06 -1 0.672221 0.24041 0.00521742 1.83924 456535 4 3345.62 1.89597 6.48129 2 1 84.8263 2.94893 28.7651 4 2 0.0486702 7.95685e-05 24.7321 2 
1.0226 -1.76353e-06 -1 0.673479 0.240314 0.00521742 1.84929 456270 5 4897.97 1.28221 5.20488 2 1 68.0256 3.3264 20.4502 4 2 0.048544 9.09504e-05 23.1029 2 
1.02781 1.64506e-06 -1 0.674717 0.240179 0.00521742 1.85764 456424 3 3040.61 3.5975 9.45482 2 1 75.9021 3.22262 23.5529 4 2 0.0447767 7.32899e-05 24.7175 2 
1.03303 -1.06497e-06 -1 0.675952 0.240033 0.00521742 1.86689 456356 4 7216.43 2.32567 7.46352 2 1 68.6401 6.04249 11.3596 4 2 0.0412166 6.3986e-05 25.3801 2 
1.03825 -3.00047e-06 -1 0.677192 0.23991 0.00521742 1.88028 455284 4 3746.19 1.5826 6.97517 2 1 119.821 5.85911 20.4504 4 2 0.0408302 6.3062e-05 25.4453 2 
1.04347 -1.3866e-06 -1 0.678434 0.239737 0.00521742 1.88958 455212 4 320.969 3.35808 3.12675 2 1 78.2546 4.76793 16.4127 4 2 0.0445812 7.4358e-05 24.4857 2 
1.04868 -2.21212e-06 -1 0.679682 0.239602 0.00521742 1.89879 455162 4 3567.79 2.27468 6.29317 2 1 82.4744 5.31496 15.5174 4 2 0.0503533 8.70698e-05 24.0481 2 
1.0539 -2.29742e-06 -1 0.680935 0.239405 0.00521742 1.90796 455120 4 3093.22 2.16327 6.14929 2 1 94.1765 6.38769 14.7434 4 2 0.0551674 8.96794e-05 24.8025 2 
1.05912 -6.39061e-07 -1 0.682194 0.239209 0.00521742 1.91638 455258 3 3783.51 3.38641 10.3765 2 1 76.082 4.53116 16.7909 4 2 0.058014 8.25663e-05 26.5073 2 
1.06434 -1.2079e-06 -1 0.683456 0.239138 0.00521742 1.92564 455197 4 9009.08 2.4798 7.76365 2 1 64.7615 3.08688 20.9796 4 2 0.0588757 9.0984e-05 25.4382 2 
1.06955 -3.30598e-06 -1 0.684709 0.238977 0.00521742 1.9349 455135 4 5513.35 0.87553 8.90812 2 1 79.1647 3.34669 23.6546 4 2 0.047606 8.18604e-05 24.1154 2 
1.07477 -4.88966e-06 -1 0.685951 0.238783 0.00521742 1.9433 455275 3 2856.43 2.58142 10.3432 2 1 67.9153 2.98772 22.7315 4 2 0.0495183 7.81362e-05 25.1743 2 
1.07999 -4.82708e-06 -1 0.687182 0.238625 0.00521742 1.95257 455212 4 8700.71 1.82258 8.31221 2 1 81.3018 2.83156 28.7127 4 2 0.0518024 7.24656e-05 26.7368 2 
1.08521 -4.66256e-06 -1 0.688414 0.238483 0.00521742 1.96181 455156 4 4638.03 1.29719 7.73273 2 1 86.0386 4.1326 20.8195 4 2 0.0558165 6.91661e-05 28.4076 2 
1.09042 -5.10872e-06 -1 0.689651 0.238253 0.00521742 1.97108 455093 4 2895.94 2.53793 5.81202 2 1 75.739 3.54053 21.392 4 2 0.0617504 7.88544e-05 27.9838 2 
1.09564 -7.69197e-06 -1 0.69089 0.238062 0.00521742 1.98031 455040 4 3474.31 1.01104 7.6564 2 1 92.2222 3.46686 26.6011 4 2 0.0570576 6.8362e-05 28.8901 2 
1.10086 -1.02592e-05 -1 0.692135 0.237911 0.00521742 1.98953 454990 4 2998.47 1.70238 6.47829 2 1 88.7226 3.52191 25.1916 4 2 0.05219 6.57865e-05 28.166 2 
1.10608 -1.24294e-05 -1 0.693381 0.237741 0.00521742 1.99883 454921 4 3311.43 0.564722 8.75075 2 1 70.3524 5.01432 14.0303 4 2 0.0530729 6.15354e-05 29.368 2 
1.11129 -1.33977e-05 -1 0.694632 0.237569 0.00521742 2.00814 454852 4 3136.95 0.958201 7.5642 2 1 74.7609 5.52099 13.5412 4 2 0.0557245 6.09039e-05 30.2483 2 
1.11651 -1.33692e-05 -1 0.695873 0.237397 0.00521742 2.01742 454792 4 6867.41 1.30623 8.51517 2 1 72.4086 7.04959 10.2713 4 2 0.0573811 6.39796e-05 29.9477 2 
1.12173 -1.29115e-05 -1 0.697108 0.237257 0.00521742 2.02601 454885 2 214.555 1.80758 10.8948 2 1 87.5784 8.28257 10.5738 4 3 0.0572941 7.04193e-06 20.1128 2 
1.12695 -1.35034e-05 -1 0.698338 0.237053 0.00521742 2.03458 454980 2 144.314 1.88558 8.74846 2 1 107.651 10.2117 10.542 4 3 0.0560282 2.61868e-05 12.8857 2 
1.13216 -1.38546e-05 -1 0.69956 0.236788 0.00521742 2.04401 454887 3 3081.11 3.49852 9.58535 2 1 115.247 9.03092 12.7614 4 3 0.0577496 2.33563e-05 13.5222 2 
1.13738 -1.42184e-05 -1 0.700783 0.23658 0.00521742 2.05429 454604 4 5390.88 0.894391 8.81116 2 1 102.208 5.54716 18.4253 4 3 0.0593161 1.65582e-05 15.301 2 
1.1426 -1.53946e-05 -1 0.702012 0.236414 0.00521742 2.06282 454709 2 419.741 1.83646 15.1182 2 1 93.0854 3.72595 24.983 4 3 0.0584947 1.20342e-05 16.9395 2 
1.14782 -1.71434e-05 -1 0.703244 0.236148 0.00521742 2.07717 453539 4 4175.79 1.12077 7.81278 2 1 80.2906 3.67066 21.8736 4 3 0.0592413 1.0557e-05 17.7703 2 
1.15303 -1.94308e-05 -1 0.704482 0.235954 0.00521742 2.08745 453268 4 3203.92 0.99568 7.53166 2 1 151.926 3.6846 41.2326 4 3 0.0528543 9.02986e-06 18.0219 2 
1.15825 -2.06829e-05 -1 0.705722 0.235746 0.00521742 2.09772 453001 4 7920.19 1.65794 8.31365 2 1 79.5015 2.81817 28.2104 4 3 0.0484033 8.99086e-06 17.5263 2 
1.16347 -2.3478e-05 -1 0.706959 0.235559 0.00521742 2.10802 452731 4 3018.16 0.590428 8.45559 2 1 96.9278 2.85336 33.9697 4 3 0.0537476 9.28691e-06 17.9541 2 
1.16869 -2.31572e-05 -1 0.708189 0.235326 0.00521742 2.11829 452471 4 3065.37 1.01229 7.41814 2 1 101.056 3.72432 27.1341 4 3 0.0615466 9.34458e-06 18.7448 2 
1.1739 -2.25517e-05 -1 0.709415 0.235111 0.00521742 2.12859 452205 4 2943.44 0.893075 7.5769 2 1 114.527 4.48672 25.5258 4 3 0.0684317 9.60661e-06 19.2411 2 
1.17912 -2.17202e-05 -1 0.710638 0.23495 0.00521742 2.13804 452123 3 3096.29 2.55383 10.6631 2 1 100.068 4.54629 22.0109 4 3 0.0729463 9.77493e-06 19.5417 2 
1.18434 -2.21381e-05 -1 0.711854 0.234657 0.00521742 2.14832 451866 4 3156.56 0.679225 8.25658 2 1 97.0052 4.77539 20.3135 4 3 0.07283 9.11443e-06 19.9922 2 
1.18955 -2.27504e-05 -1 0.713063 0.234423 0.00521742 2.15859 451612 4 5754.28 1.00814 8.69196 2 1 71.7253 6.06804 11.8202 4 3 0.0716026 7.31134e-06 21.3949 2 
1.19477 -2.31206e-05 -1 0.714277 0.234148 0.00521742 2.1697 451189 5 9902.13 1.11861 6.15758 2 1 91.3277 5.74392 15.8999 4 3 0.0611173 6.13217e-06 21.5204 2 
1.19999 -2.06077e-05 -1 0.715492 0.233886 0.00521742 2.17825 451298 2 307.94 2.41958 11.2814 2 1 84.4653 7.16727 11.7849 4 3 0.0616414 5.87514e-06 21.892 2 
1.20521 -1.86985e-05 -1 0.716716 0.233688 0.00521742 2.18851 451054 4 10361.5 1.33039 9.39421 2 1 98.2302 8.70635 11.2826 4 3 0.0640931 6.70044e-06 21.2277 2 
1.21042 -1.94313e-05 -1 0.717942 0.233453 0.00521742 2.19877 450811 4 3346.73 0.712325 8.27914 2 1 100.052 6.76182 14.7965 4 3 0.0708567 7.69909e-06 20.9563 2 
1.21564 -2.05073e-05 -1 0.719163 0.233223 0.00521742 2.20822 450737 3 2844.98 3.11239 9.70499 2 1 89.1142 4.22838 21.0753 4 3 0.0797342 8.77315e-06 20.8687 2 
1.22086 -2.28735e-05 -1 0.720381 0.232976 0.00521742 2.21852 450491 4 3122.95 1.37455 6.90401 2 1 92.9338 2.88733 32.1867 4 3 0.0786886 8.38887e-06 21.0897 2 
1.22608 -2.19768e-05 -1 0.721597 0.232718 0.00521742 2.22875 450262 4 3062.87 1.11043 7.24703 2 1 90.0594 2.33377 38.5898 4 3 0.0700922 7.83144e-06 20.7623 2 
1.23129 -2.10292e-05 -1 0.72281 0.23246 0.00521742 2.23736 450359 2 189.275 1.71527 10.5046 2 1 76.8662 1.90981 40.2481 4 3 0.0721676 7.32203e-06 21.4406 2 
1.23651 -2.02187e-05 -1 0.724021 0.232194 0.00521742 2.24769 450111 4 7861.4 1.56834 8.41424 2 1 105.126 1.92166 54.7059 4 3 0.0765216 7.27889e-06 21.9065 2 
1.24173 -2.05048e-05 -1 0.725225 0.23192 0.00521742 2.25882 449707 5 4216.92 0.958029 5.35456 2 1 93.523 1.89977 49.2286 4 3 0.0773675 7.42757e-06 21.8392 2 
1.24695 -2.01589e-05 -1 0.726427 0.231661 0.00521742 2.26807 449680 4 3041.38 2.65757 5.8163 2 1 130.724 3.68626 35.4624 4 2 0.0764567 9.93597e-05 27.7398 2 
1.25216 -2.08468e-05 -1 0.72763 0.231405 0.00521742 2.28132 448862 4 2863.15 3.09048 5.51702 2 1 127.96 4.14846 30.8451 4 2 0.0742677 8.9708e-05 28.773 2 
1.25738 -2.25239e-05 -1 0.728839 0.231152 0.00521742 2.29056 448840 4 5501.95 1.64964 7.59944 2 1 127.667 3.4135 37.4006 4 2 0.0719961 7.80713e-05 30.3675 2 
1.2626 -2.02878e-05 -1 0.730047 0.23089 0.00521742 2.29979 448821 4 2827.1 0.839689 7.61738 2 1 115.885 3.02019 38.37 4 2 0.0718029 8.85564e-05 28.4748 2 
1.26782 -1.99916e-05 -1 0.731249 0.23064 0.00521742 2.309 448803 4 3873.47 1.03719 7.81736 2 1 98.0287 3.96329 24.7342 4 2 0.0728936 9.11993e-05 28.2715 2 
1.27303 -1.95518e-05 -1 0.732447 0.230369 0.00521742 2.31822 448786 4 2294.46 0.894768 7.11611 2 1 104.07 5.07665 20.4998 4 2 0.06729 8.21529e-05 28.6196 2 
1.27825 -1.85768e-05 -1 0.733645 0.230106 0.00521742 2.32844 448574 4 9634.53 1.66197 8.72573 2 1 138.265 5.69646 24.272 4 3 0.0627505 2.28893e-05 13.9957 2 
1.28347 -1.74031e-05 -1 0.734844 0.229874 0.00521742 2.33868 448362 4 3713.96 2.17221 6.43034 2 1 97.1344 5.77767 16.812 4 3 0.0625051 2.49315e-05 13.5849 2 
1.28869 -1.68535e-05 -1 0.736043 0.229609 0.00521742 2.3489 448156 4 2987.77 0.944496 7.49958 2 1 114.488 3.72632 30.7241 4 3 0.0716842 1.73862e-05 16.0352 2 
1.2939 -1.6382e-05 -1 0.737241 0.229339 0.00521742 2.35916 447943 4 2993.53 1.2505 6.9948 2 1 123.284 1.908 64.6145 4 3 0.0809723 1.25207e-05 18.631 2 
1.29912 -1.78063e-05 -1 0.738435 0.229074 0.00521742 2.36769 448058 2 573.214 2.80413 14.2975 2 1 124.802 2.53481 49.2352 4 3 0.0875308 1.04414e-05 20.3142 2 
1.30434 -1.84336e-05 -1 0.739624 0.228815 0.00521742 2.37801 447836 4 2939.41 1.08073 7.22164 2 1 156.295 4.44381 35.1714 4 3 0.0901214 9.18244e-06 21.4103 2 
1.30956 -1.94362e-05 -1 0.740817 0.228569 0.00521742 2.38824 447633 4 6364.49 0.663847 9.89519 2 1 118.501 3.87783 30.5587 4 3 0.0869945 5.72997e-06 24.7617 2 
1.31477 -2.04588e-05 -1 0.742012 0.22832 0.00521742 2.39746 447620 4 12573.7 1.12737 10.2766 2 1 104.655 4.14889 25.2248 4 2 0.0893124 9.6324e-05 30.4501 2 
1.31999 -1.93288e-05 -1 0.743202 0.228074 0.00521742 2.40669 447606 4 3158.48 1.47068 6.80754 2 1 93.063 3.23668 28.7527 4 2 0.0818105 9.19909e-05 29.8217 2 
1.32521 -1.80087e-05 -1 0.744389 0.227813 0.00521742 2.41594 447588 4 4302.65 1.30714 7.57449 2 1 64.2538 3.64945 17.6064 4 2 0.0772555 8.87985e-05 29.4959 2 
1.33043 -1.93245e-05 -1 0.745575 0.227557 0.00521742 2.4252 447568 4 11020.5 1.44782 9.34053 2 1 111.162 3.45796 32.1466 4 2 0.0851234 8.59351e-05 31.4731 2 
1.33564 -2.20991e-05 -1 0.746759 0.227298 0.00521742 2.43268 447874 2 204.518 2.68605 8.72587 2 1 119.158 3.90726 30.4964 4 2 0.0908041 8.21184e-05 33.2531 2 
1.34086 -2.27201e-05 -1 0.747944 0.227025 0.00521742 2.44192 447857 4 2797.42 1.01118 7.25241 2 1 112.577 4.34915 25.8849 4 2 0.0957793 8.05468e-05 34.4835 2 
1.34608 -2.25302e-05 -1 0.749125 0.226772 0.00521742 2.45117 447839 4 3124.78 0.890639 7.69626 2 1 107.029 4.56164 23.4628 4 2 0.0934077 7.97494e-05 34.2238 2 
1.35129 -2.17494e-05 -1 0.750307 0.226498 0.00521742 2.45873 448128 2 555.702 3.66193 12.3187 2 1 71.6867 4.97517 14.4089 4 2 0.086691 7.11458e-05 34.907 2 
1.35651 -2.11454e-05 -1 0.751486 0.226251 0.00521742 2.46795 448112 4 2908.4 1.50116 6.63447 2 1 147.297 6.76019 21.7888 4 2 0.0903382 7.85664e-05 33.9092 2 
1.36173 -2.01761e-05 -1 0.752662 0.225952 0.00521742 2.4812 447370 4 8215.66 1.61181 8.44953 2 1 97.7711 5.75012 17.0033 4 2 0.0931337 9.71607e-05 30.9605 2 
1.36695 -1.83372e-05 -1 0.753838 0.225662 0.00521742 2.49145 447174 4 3048.67 0.768951 7.93511 2 1 141.617 4.47793 31.6255 4 3 0.0916069 3.70351e-06 29.1366 2 
1.37216 -1.7367e-05 -1 0.755016 0.225413 0.00521742 2.50004 447276 2 170.935 1.1883 11.9937 2 1 157.561 4.93653 31.9173 4 3 0.0896828 3.81544e-06 28.6454 2 
1.37738 -1.67006e-05 -1 0.756188 0.225142 0.00521742 2.51027 447086 4 6021.34 0.48787 10.5402 2 1 142.575 4.05288 35.1787 4 3 0.0866854 4.82618e-06 26.1887 2 
1.3826 -1.65703e-05 -1 0.757361 0.224859 0.00521742 2.52047 446901 4 3109.82 0.437311 9.18304 2 1 143.156 3.98827 35.8942 4 3 0.0839395 5.09118e-06 25.4516 2 
1.38782 -1.60147e-05 -1 0.758531 0.224585 0.00521742 2.53068 446716 4 3996.51 0.615492 8.97666 2 1 133.478 3.73057 35.7794 4 3 0.0845926 4.50302e-06 26.5833 2 
1.39303 -1.49649e-05 -1 0.759702 0.224311 0.00521742 2.54093 446527 4 2946.56 1.26626 6.94542 2 1 213.841 6.1044 35.0306 4 3 0.0818545 4.2365e-06 26.8336 2 
1.39825 -1.5733e-05 -1 0.760871 0.224022 0.00521742 2.55118 446338 4 2832.85 0.993485 7.30744 2 1 110.157 3.03975 36.2389 4 3 0.0742286 3.27739e-06 28.2931 2 
1.40347 -1.54171e-05 -1 0.762041 0.223758 0.00521742 2.56041 446329 4 10325.2 1.47635 9.14486 2 1 179.478 7.81128 22.9767 4 2 0.0709821 8.4819e-05 28.9286 2 
1.40869 -1.42958e-05 -1 0.763209 0.223494 0.00521742 2.56967 446314 4 2975.06 0.874112 7.63804 2 1 112.251 3.4501 32.5356 4 2 0.0804265 9.15962e-05 29.632 2 
1.4139 -1.34072e-05 -1 0.764377 0.223225 0.00521742 2.579 446288 3 2437.96 2.07782 10.5473 2 1 135.438 4.71473 28.7265 4 3 0.0907883 4.45408e-06 27.3164 2 
1.41912 -1.37816e-05 -1 0.76554 0.222954 0.00521742 2.58838 446253 3 2846.15 3.07851 9.74179 2 1 214.001 4.83051 44.3019 4 3 0.0998337 4.52874e-06 28.0393 2 
1.42434 -1.29766e-05 -1 0.766698 0.222714 0.00521742 2.59761 446244 4 11354.7 2.62252 8.11174 2 1 136.252 5.17647 26.3215 4 2 0.104543 9.64506e-05 32.9227 2 
1.42956 -1.66674e-05 -1 0.767853 0.2224 0.00521742 2.60786 446061 4 7415.34 0.807199 9.79011 2 1 134.65 7.46408 18.0397 4 3 0.105921 1.60845e-05 18.7438 2 
1.43477 -1.54931e-05 -1 0.769008 0.222057 0.00521742 2.61913 445704 5 14150.7 2.39639 5.67863 2 1 112.829 7.82048 14.4274 4 3 0.108003 2.84818e-05 15.594 2 
1.43999 -9.21351e-06 -1 0.77016 0.221815 0.00521742 2.62856 445665 3 3044.18 3.3326 9.70277 2 1 119.949 5.51702 21.7416 4 3 0.106174 2.22224e-05 16.8426 2 
1.44521 -9.28318e-06 -1 0.771314 0.221539 0.00521742 2.6388 445488 4 4725.57 0.984801 8.32293 2 1 113.588 4.5851 24.7733 4 3 0.0986168 1.66123e-05 18.1067 2 
1.45043 -1.1003e-05 -1 0.772468 0.22127 0.00521742 2.64907 445306 4 5659.73 1.91479 7.37341 2 1 83.9971 2.69718 31.1426 4 3 0.0975291 1.16552e-05 20.302 2 
1.45564 -1.42495e-05 -1 0.773623 0.221015 0.00521742 2.66018 444987 5 7235.27 1.0769 5.82715 2 1 242.41 6.12494 39.5775 4 3 0.105364 8.7985e-06 22.8785 2 
1.46086 -1.70037e-05 -1 0.774777 0.220729 0.00521742 2.67128 444671 5 620.651 1.34273 3.41171 2 1 141.939 3.32513 42.6868 4 3 0.103468 6.95893e-06 24.5898 2 
1.46608 -1.76614e-05 -1 0.775933 0.220434 0.00521742 2.6856 443824 4 4691.08 1.69201 7.25634 2 1 124.874 3.75131 33.2882 4 3 0.0993755 4.49245e-06 28.0715 2 
1.4713 -1.86778e-05 -1 0.777085 0.220177 0.00521742 2.69479 443832 4 3063.87 1.45635 6.77253 2 1 120.373 3.28413 36.6528 4 2 0.0924909 9.44928e-05 31.286 2 
1.47651 -1.85575e-05 -1 0.778238 0.219911 0.00521742 2.70398 443838 4 2846.12 1.0741 7.17467 2 1 103.587 3.98667 25.9833 4 2 0.0867303 9.4428e-05 30.3064 2 
1.48173 -1.86808e-05 -1 0.779385 0.219552 0.00521742 2.71421 443674 4 9588.74 3.58544 7.19126 2 1 119.957 3.54773 33.8123 4 3 0.0839202 4.82246e-06 25.9139 2 
1.48695 -9.99432e-06 -1 0.780527 0.219308 0.00521742 2.7244 443517 4 2475.48 0.482111 8.46502 2 1 142.387 4.33067 32.8789 4 3 0.0833822 4.93944e-06 25.6526 2 
1.49217 -8.78436e-06 -1 0.781664 0.219071 0.00521742 2.7336 443524 4 4096.42 1.38055 7.38054 2 1 182.622 7.3195 24.95 4 2 0.0929859 9.77056e-05 30.8495 2 
1.49738 -1.10192e-05 -1 0.782799 0.218804 0.00521742 2.74378 443370 4 2862.26 0.613448 8.26481 2 1 170.782 6.3133 27.0511 4 3 0.0979624 4.5336e-06 27.853 2 
1.5026 -1.21517e-05 -1 0.783932 0.218475 0.00521742 2.75486 443074 5 6026.48 0.971131 5.73531 2 1 159.766 5.23404 30.5243 4 3 0.0999843 4.51207e-06 28.0879 2 
1.50782 -9.50762e-06 -1 0.785065 0.218228 0.00521742 2.76505 442923 4 2854.72 0.754495 7.8429 2 1 157.408 6.10727 25.7738 4 3 0.100459 4.46845e-06 28.2235 2 
1.51303 -8.30171e-06 -1 0.786199 0.217958 0.00521742 2.77612 442632 5 3343.85 1.01023 5.05784 2 1 155.721 7.70267 20.2165 4 3 0.0926681 4.30473e-06 27.8181 2 
1.51825 -6.09015e-06 -1 0.787337 0.217721 0.00521742 2.78448 442774 3 660.783 1.71151 7.28159 2 1 161.749 5.54781 29.1555 4 2 0.0857116 9.42985e-05 30.1486 2 
1.52347 -5.85141e-06 -1 0.788473 0.217547 0.00521742 2.79369 442780 4 12094.5 2.68661 8.19117 2 1 99.3679 5.56677 17.8502 4 2 0.0845052 9.60999e-05 29.6538 2 
1.52869 -9.25023e-06 -1 0.789612 0.217237 0.00521742 2.80389 442630 4 3867.71 0.940929 8.00708 2 1 139.348 5.88673 23.6716 4 3 0.0957517 3.84639e-06 29.1988 2 
1.5339 -1.10348e-05 -1 0.79075 0.216977 0.00521742 2.81409 442482 4 2777.76 0.426191 8.98509 2 1 137.988 3.81022 36.2153 4 3 0.107475 4.61449e-06 28.558 2 
1.53912 -1.0634e-05 -1 0.791887 0.216711 0.00521742 2.82258 442602 2 426.287 2.73686 12.4803 2 1 150.805 3.66294 41.1705 4 3 0.118923 5.29937e-06 28.2063 2 
1.54434 -9.56812e-06 -1 0.79302 0.216468 0.00521742 2.83281 442450 4 15136.1 2.53891 8.78702 2 1 154.965 3.33695 46.439 4 3 0.127392 5.59075e-06 28.3503 2 
1.54956 -1.06048e-05 -1 0.794148 0.216251 0.00521742 2.84305 442297 4 2346.35 3.14228 5.22742 2 1 126.103 3.59917 35.0366 4 3 0.129982 5.01945e-06 29.5853 2 
1.55477 -1.2188e-05 -1 0.795271 0.215997 0.00521742 2.85331 442141 4 7775.75 2.8739 7.2122 2 1 123.99 4.58362 27.0507 4 3 0.129271 5.53204e-06 28.5894 2 
1.55999 -1.51369e-05 -1 0.796392 0.215715 0.00521742 2.86354 441993 4 2844.08 3.11364 5.49754 2 1 189.193 4.04115 46.8166 4 3 0.122742 6.47691e-06 26.6609 2 
1.56521 -1.74803e-05 -1 0.79751 0.215407 0.00521742 2.87784 441219 4 3412.53 1.3884 7.0411 2 1 119.535 4.03295 29.6397 4 3 0.116532 7.19253e-06 25.304 2 
1.57043 -1.90282e-05 -1 0.798629 0.215233 0.00521742 2.88728 441196 3 5047.76 3.23792 11.5952 2 1 190.785 8.67566 21.9909 4 3 0.1198 7.49444e-06 25.1907 2 
1.57564 -2.27504e-05 -1 0.799746 0.214985 0.00521742 2.89755 441045 4 3546.97 1.46362 7.01629 2 1 122.069 2.97739 40.9985 4 3 0.122704 7.64201e-06 25.228 2 
1.58086 -2.35172e-05 -1 0.800865 0.214713 0.00521742 2.90694 441030 3 1942.84 1.81046 10.238 2 1 165.835 3.19368 51.926 4 3 0.119552 8.15773e-06 24.4716 2 
1.58608 -2.44674e-05 -1 0.801982 0.214444 0.00521742 2.91717 440888 4 2934.58 1.20774 7.02091 2 1 174.457 3.75651 46.4411 4 3 0.113639 1.93631e-05 18.0378 2 
1.5913 -2.51548e-05 -1 0.803101 0.214194 0.00521742 2.92742 440743 4 2987.48 2.39659 5.94193 2 1 116.643 4.46248 26.1386 4 3 0.109412 3.54274e-05 14.5627 2 
1.59651 -2.69987e-05 -1 0.80422 0.213868 0.00521742 2.93595 440857 2 589.025 1.80575 18.0608 2 1 129.097 3.8951 33.1433 4 3 0.102732 2.75808e-05 15.5012 2 
1.60173 -2.92154e-05 -1 0.805341 0.213617 0.00521742 2.94622 440711 4 10700.1 1.59789 9.04608 2 1 347.258 9.18578 37.8039 4 3 0.0968051 1.99596e-05 16.9271 2 
1.60695 -2.87821e-05 -1 0.806458 0.213381 0.00521742 2.95648 440567 4 3008.79 0.608769 8.38465 2 1 163.787 5.04121 32.4897 4 3 0.103556 1.51599e-05 18.9741 2 
1.61217 -2.88544e-05 -1 0.807571 0.213144 0.00521742 2.96961 439998 3 3304.35 3.3712 9.93346 2 1 182.868 5.69576 32.106 4 3 0.11468 1.3802e-05 20.2542 2 
1.61738 -3.14378e-05 -1 0.808681 0.21288 0.00521742 2.9799 439853 4 2351.6 0.405057 8.72895 2 1 193.48 5.90176 32.7835 4 3 0.121303 1.0743e-05 22.4344 2 
1.6226 -3.26815e-05 -1 0.809788 0.212613 0.00521742 2.99017 439713 4 7417.29 0.57392 10.6622 2 1 171.363 5.49122 31.2067 4 3 0.1228 1.05074e-05 22.6935 2 
1.62782 -3.25682e-05 -1 0.810892 0.212285 0.00521742 3.00137 439437 5 12755.4 1.54114 6.07534 2 1 188.348 7.74831 24.3083 4 3 0.116005 1.2667e-05 20.9219 2 
1.63304 -2.79357e-05 -1 0.811996 0.212063 0.00521742 3.01195 439252 4 16101.7 2.16525 9.28626 2 1 134.899 3.79365 35.559 4 3 0.122024 1.57957e-05 19.7683 2 
1.63825 -3.01202e-05 -1 0.813098 0.211859 0.00521742 3.02229 439105 4 4317.8 0.823556 8.50927 2 1 147.506 4.87271 30.2719 4 3 0.116674 1.95534e-05 18.1378 2 
1.64347 -3.22202e-05 -1 0.814202 0.211556 0.00521742 3.03259 438964 4 2913.1 0.782032 7.81237 2 1 107.251 2.95179 36.3342 4 3 0.122887 2.31364e-05 17.4476 2 
1.64869 -3.29547e-05 -1 0.815303 0.211308 0.00521742 3.04285 438831 4 2662.7 0.535024 8.39919 2 1 153.534 3.30365 46.474 4 3 0.125121 2.50733e-05 17.0886 2 
1.65391 -3.29216e-05 -1 0.816406 0.211046 0.00521742 3.05309 438700 4 2789.29 1.35202 6.73949 2 1 140.222 3.19229 43.9251 4 3 0.133946 2.42092e-05 17.6868 2 
1.65912 -3.2945e-05 -1 0.817506 0.210829 0.00521742 3.06335 438568 4 3000.26 1.28119 6.95643 2 1 148.035 3.77625 39.2017 4 3 0.131268 2.11236e-05 18.385 2 
1.66434 -3.48292e-05 -1 0.818606 0.210613 0.00521742 3.07764 437863 4 2962.12 0.555965 8.54356 2 1 369.704 5.67493 65.147 4 3 0.125026 1.86783e-05 18.8461 2 
1.66956 -3.49564e-05 -1 0.819704 0.210307 0.00521742 3.08795 437727 4 2963.13 0.901127 7.57253 2 1 81.1326 5.03996 16.0979 4 3 0.111278 1.62284e-05 18.9981 2 
1.67477 -3.57522e-05 -1 0.820803 0.210097 0.00521742 3.09822 437599 4 9817.09 1.38654 9.17303 2 1 139.905 4.74797 29.4662 4 3 0.0984606 1.43442e-05 19.0048 2 
1.67999 -3.82821e-05 -1 0.821894 0.209839 0.00521742 3.10855 437462 4 2696.3 0.868116 7.4653 2 1 167.239 2.97471 56.2202 4 3 0.10114 1.23954e-05 20.132 2 
1.68521 -3.86015e-05 -1 0.82299 0.209607 0.00521742 3.11796 437455 3 2273.1 1.19798 12.3801 2 1 204.895 4.6291 44.2623 4 3 0.109641 1.21409e-05 20.8245 2 
1.69043 -3.99775e-05 -1 0.824081 0.209264 0.00521742 3.12736 437450 3 2697.95 2.34867 10.473 2 1 189.565 6.14583 30.8444 4 3 0.114537 1.22898e-05 21.0443 2 
1.69564 -4.02803e-05 -1 0.825171 0.209095 0.00521742 3.13683 437435 3 5840.74 2.80681 12.7669 2 1 188.945 3.03118 62.3338 4 3 0.114157 1.21079e-05 21.1257 2 
1.70086 -4.2439e-05 -1 0.826259 0.208873 0.00521742 3.14707 437313 4 2755.64 1.00467 7.23686 2 1 189.402 3.19015 59.3708 4 3 0.11139 1.10113e-05 21.6273 2 
1.70608 -4.44683e-05 -1 0.827347 0.208622 0.00521742 3.15733 437190 4 3852.3 1.55532 7.05464 2 1 134.644 2.65881 50.6408 4 3 0.112246 9.81331e-06 22.5312 2 
1.7113 -4.60769e-05 -1 0.828434 0.208398 0.00521742 3.16755 437072 4 14039.6 1.19528 10.4105 2 1 143.921 3.41357 42.1613 4 3 0.108871 8.26177e-06 23.62 2 
1.71651 -4.77658e-05 -1 0.829522 0.208166 0.00521742 3.17782 436949 4 8000.95 1.50274 8.5421 2 1 92.4802 3.57525 25.8668 4 3 0.113313 6.63183e-06 25.7562 2 
1.72173 -4.72726e-05 -1 0.830608 0.207963 0.00521742 3.18805 436832 4 2818.93 1.27195 6.86126 2 1 346.631 9.98426 34.7178 4 3 0.126922 6.03873e-06 27.5971 2 
1.72695 -4.68716e-05 -1 0.831694 0.207748 0.00521742 3.19833 436708 4 15308.2 2.56453 8.78981 2 1 150.042 4.79726 31.2765 4 3 0.139137 6.32027e-06 28.0265 2 
1.73217 -4.9538e-05 -1 0.832777 0.207498 0.00521742 3.20773 436705 3 2698.97 3.1397 9.50832 2 1 141.869 5.41544 26.1971 4 3 0.154292 6.84196e-06 28.2523 2 
1.73738 -5.31138e-05 -1 0.833859 0.207292 0.00521742 3.21719 436695 3 6511.72 3.41789 12.3969 2 1 124.886 6.53651 19.1059 4 3 0.15525 7.66235e-06 27.2619 2 
1.7426 -5.21215e-05 -1 0.834935 0.206964 0.00521742 3.22655 436697 3 2910.15 1.65044 12.0811 2 1 164.36 7.37407 22.289 4 3 0.148545 8.38342e-06 26.0703 2 
1.74782 -5.36575e-05 -1 0.836006 0.206676 0.00521742 3.23689 436567 4 7860.46 2.47641 7.50596 2 1 90.5806 9.26624 9.77533 4 3 0.149099 2.25457e-05 18.7703 2 
1.75304 -5.09929e-05 -1 0.837081 0.206462 0.00521742 3.24629 436565 3 2136.48 2.25217 9.82576 2 1 151.098 8.04725 18.7763 4 3 0.144956 2.32519e-05 18.4046 2 
1.75825 -5.20588e-05 -1 0.838161 0.206293 0.00521742 3.25654 436448 4 2711.5 0.526954 8.46953 2 1 178.493 6.03717 29.5657 4 3 0.140517 1.66703e-05 20.3515 2 
1.76347 -5.22649e-05 -1 0.839237 0.206059 0.00521742 3.26681 436330 4 5128.25 0.829982 8.86595 2 1 169.678 3.24516 52.2865 4 3 0.134141 1.21858e-05 22.2451 2 
1.76869 -4.9877e-05 -1 0.840312 0.20583 0.00521742 3.28109 435679 4 5497.53 1.15282 8.31001 2 1 204.636 3.48856 58.6592 4 3 0.125736 1.04551e-05 22.911 2 
1.77391 -4.90805e-05 -1 0.841384 0.205602 0.00521742 3.29132 435570 4 3392.64 1.05923 7.52293 2 1 183.02 3.65472 50.0776 4 3 0.119875 9.13334e-06 23.5885 2 
1.77912 -4.68252e-05 -1 0.842458 0.205343 0.00521742 3.30158 435457 4 2689.51 0.976158 7.245 2 1 137.922 2.46922 55.8563 4 3 0.114097 8.31861e-06 23.9373 2 
1.78434 -4.56363e-05 -1 0.843529 0.205139 0.00521742 3.31099 435457 3 2008.88 2.37912 9.45175 2 1 332.781 4.15582 80.0759 4 3 0.106967 7.84451e-06 23.8907 2 
1.78956 -4.64776e-05 -1 0.844601 0.205004 0.00521742 3.32121 435350 4 11736.7 1.29701 9.75327 2 1 102.697 2.73056 37.6104 4 3 0.110576 7.15179e-06 24.9124 2 
1.79478 -4.91153e-05 -1 0.845671 0.204803 0.00521742 3.33154 435229 4 2858.05 0.97685 7.35463 2 1 191.592 4.10434 46.6804 4 3 0.124163 6.24072e-06 27.0969 2 
1.79999 -4.93093e-05 -1 0.846741 0.204605 0.00521742 3.34181 435118 4 2699.93 0.748551 7.74966 2 1 237.519 5.38355 44.1195 4 3 0.138303 6.2167e-06 28.1248 2 
1.80521 -4.80172e-05 -1 0.847807 0.20443 0.00521742 3.35116 435125 3 2194.59 3.48708 8.56967 2 1 208.623 5.24478 39.7774 4 3 0.149314 7.05371e-06 27.6627 2 
1.81043 -4.66898e-05 -1 0.84887 0.204184 0.00521742 3.36226 434908 5 17289.5 1.08409 6.92697 2 1 187.427 4.94241 37.9222 4 3 0.15292 8.00374e-06 26.7336 2 
1.81565 -4.34985e-05 -1 0.849924 0.203998 0.00521742 3.37252 434799 4 7413.59 0.800012 9.81144 2 1 165.901 4.60843 35.9994 4 3 0.145558 8.20357e-06 26.0822 2 
1.82086 -4.41417e-05 -1 0.850982 0.203702 0.00521742 3.38193 434801 3 2823.06 2.61754 10.2552 2 1 134.012 5.20484 25.7476 4 3 0.145657 8.18135e-06 26.1117 2 
1.82608 -4.62601e-05 -1 0.85204 0.203556 0.00521742 3.39219 434693 4 2747.43 0.665924 8.01448 2 1 113.481 5.9021 19.2272 4 3 0.150123 7.48569e-06 27.1689 2 
1.8313 -4.76774e-05 -1 0.853104 0.203359 0.00521742 3.40156 434700 3 4678.05 3.29291 11.2416 2 1 152.884 7.72785 19.7835 4 3 0.151388 6.74883e-06 28.2025 2 
1.83652 -4.72118e-05 -1 0.854169 0.203142 0.00521742 3.41095 434704 3 2650.58 1.20536 13.0039 2 1 133.669 4.87858 27.3992 4 3 0.149953 6.50746e-06 28.4565 2 
1.84173 -4.63035e-05 -1 0.855232 0.202946 0.00521742 3.42031 434711 3 3148.59 2.15688 11.3439 2 1 287.649 5.44963 52.7832 4 3 0.142737 6.69488e-06 27.7288 2 
1.84695 -4.70357e-05 -1 0.856291 0.202783 0.00521742 3.4297 434716 3 1867.68 2.15529 9.53378 2 1 184.354 2.87323 64.1625 4 3 0.130966 6.67764e-06 26.9678 2 
1.85217 -4.94059e-05 -1 0.857351 0.202572 0.00521742 3.43907 434722 3 2792.12 3.1608 9.59501 2 1 150.055 2.12053 70.7626 4 3 0.123298 6.54191e-06 26.6124 2 
1.85738 -4.89492e-05 -1 0.858409 0.202342 0.00521742 3.44932 434617 4 13655.6 1.98076 9.11212 2 1 122.212 2.91961 41.8592 4 3 0.112211 6.30554e-06 26.1079 2 
1.8626 -4.97246e-05 -1 0.859467 0.202172 0.00521742 3.45875 434617 3 2880.1 2.39612 10.6324 2 1 189.301 3.84519 49.2306 4 3 0.113476 6.06628e-06 26.5457 2 
1.86782 -5.07912e-05 -1 0.860521 0.201938 0.00521742 3.46903 434510 4 2891.55 3.62051 5.31606 2 1 230.795 3.38498 68.1822 4 3 0.127028 5.67464e-06 28.183 2 
1.87304 -5.16921e-05 -1 0.861575 0.2018 0.00521742 3.48326 433910 4 2709.77 2.36843 5.81592 2 1 261.21 5.97693 43.7031 4 3 0.137918 5.28382e-06 29.6636 2 
1.87825 -5.23692e-05 -1 0.862625 0.201649 0.00521742 3.49354 433806 4 2824.66 0.87775 7.5318 2 1 222.439 4.91182 45.2865 4 3 0.143874 5.0667e-06 30.5084 2 
1.88347 -5.2324e-05 -1 0.863669 0.201493 0.00521742 3.50377 433709 4 7131.83 3.06994 6.94253 2 1 220.175 4.66778 47.1691 4 3 0.139881 5.20797e-06 29.9477 2 
1.88869 -5.24806e-05 -1 0.86471 0.201238 0.00521742 3.51397 433615 4 16669.6 1.37194 10.499 2 1 204.389 4.4615 45.8118 4 3 0.143249 5.35385e-06 29.9094 2 
1.89391 -5.00302e-05 -1 0.865754 0.201067 0.00521742 3.52421 433518 4 2708.2 1.47298 6.54818 2 1 222.153 6.05543 36.6865 4 3 0.136872 5.5984e-06 29.0235 2 
1.89912 -4.99582e-05 -1 0.866798 0.200945 0.00521742 3.53259 433649 3 4415.37 3.21976 11.11 2 1 229.771 6.86149 33.487 4 2 0.132874 9.9771e-05 36.4937 2 
1.90434 -5.0629e-05 -1 0.867845 0.200722 0.00521742 3.54102 433773 3 2597.19 2.28368 10.4381 2 1 87.6624 4.87156 17.9947 4 2 0.148866 9.60563e-05 39.3672 2 
1.90956 -5.01694e-05 -1 0.868895 0.200548 0.00521742 3.55128 433673 4 3075.4 2.14904 6.15055 2 1 158.3 5.06226 31.2706 4 3 0.145144 2.1675e-05 18.8486 2 
1.91478 -5.12812e-05 -1 0.869949 0.200367 0.00521742 3.56154 433575 4 4699.52 0.759226 8.86994 2 1 194.113 5.96516 32.5411 4 3 0.136069 2.20243e-05 18.3493 2 
1.91999 -5.0774e-05 -1 0.870998 0.200155 0.00521742 3.57095 433579 3 2912.93 2.65908 10.3086 2 1 137.138 2.773 49.4548 4 3 0.124443 1.58488e-05 19.8758 2 
1.92521 -5.01427e-05 -1 0.872046 0.200018 0.00521742 3.58038 433581 3 1951.27 2.11774 9.73079 2 1 135.316 3.08506 43.8617 4 3 0.115635 1.16173e-05 21.511 2 
1.93043 -5.07958e-05 -1 0.873092 0.199822 0.00521742 3.59064 433483 4 10419.6 1.32926 9.40936 2 1 461.768 11.8715 38.8973 4 3 0.104651 9.96053e-06 21.9022 2 
1.93565 -5.07647e-05 -1 0.874137 0.199699 0.00521742 3.5992 433590 2 482.652 3.2324 12.2195 2 1 212.609 5.72848 37.1145 4 3 0.115876 8.65604e-06 23.7442 2 
1.94086 -4.99633e-05 -1 0.875178 0.199525 0.00521742 3.60947 433490 4 2692.85 0.348479 9.37582 2 1 223.426 6.81304 32.7939 4 3 0.126184 6.40934e-06 27.0021 2 
1.94608 -4.91224e-05 -1 0.876219 0.199396 0.00521742 3.61978 433388 4 13831.1 2.76592 8.40919 2 1 227.218 4.57857 49.6264 4 3 0.131499 6.829e-06 26.8033 2 
1.9513 -5.32255e-05 -1 0.877256 0.199301 0.00521742 3.63 433296 4 2480.49 0.795201 7.47335 2 1 234.4 3.86139 60.7036 4 3 0.128201 7.23004e-06 26.0766 2 
1.95652 -5.41385e-05 -1 0.878286 0.19899 0.00521742 3.64197 432996 6 17132.5 1.43658 4.77986 2 1 234.022 5.1559 45.3892 4 3 0.129612 7.60708e-06 25.7322 2 
1.96173 -4.93409e-05 -1 0.879313 0.198818 0.00521742 3.65223 432902 4 2650.1 0.922124 7.32181 2 1 159.198 3.65032 43.612 4 3 0.133274 7.97234e-06 25.5694 2 
1.96695 -4.73876e-05 -1 0.880344 0.198689 0.00521742 3.66254 432801 4 4189.53 1.33179 7.48914 2 1 352.349 8.80685 40.0085 4 3 0.131798 8.0571e-06 25.385 2 
1.97217 -4.7536e-05 -1 0.881375 0.198534 0.00521742 3.67687 432229 4 3777.46 1.0012 7.83735 2 1 112.616 3.16148 35.6212 4 3 0.140429 7.97053e-06 26.0209 2 
1.97739 -4.88248e-05 -1 0.882409 0.198425 0.00521742 3.68713 432136 4 2804.24 0.903122 7.46478 2 1 141.979 3.63627 39.0454 4 3 0.147613 7.84789e-06 26.5944 2 
1.9826 -4.93383e-05 -1 0.883444 0.198214 0.00521742 3.6965 432149 3 2818.51 3.06747 9.72179 2 1 161.039 5.50448 29.256 4 3 0.139925 7.5159e-06 26.5036 2 
1.98782 -4.8285e-05 -1 0.884481 0.198077 0.00521742 3.70672 432063 4 2706.09 0.693769 7.90282 2 1 156.785 4.14004 37.8703 4 3 0.127252 7.22408e-06 26.0192 2 
1.99304 -4.80655e-05 -1 0.88552 0.197912 0.00521742 3.71808 431845 4 2727.11 0.772172 7.70899 2 2 570.732 0.913663 24.9933 3 3 0.124745 7.22883e-06 25.8415 2 
1.99826 -4.8383e-05 -1 0.886564 0.197707 0.00521742 3.72813 431779 4 10208.8 2.15878 8.29262 2 1 166.512 7.41787 22.4474 3 3 0.123596 7.17311e-06 25.8285 2 
2.00347 -4.10459e-05 -1 0.8876 0.197521 0.00521742 3.73643 431916 2 444.412 3.05272 12.0656 2 1 194.279 6.01332 32.3081 3 3 0.120749 7.09102e-06 25.7271 2 
2.00869 -3.58451e-05 -1 0.888635 0.197423 0.00521742 3.74476 432049 2 389.619 2.78914 11.8191 2 1 234.992 4.43125 53.0307 3 3 0.118398 6.97119e-06 25.7047 2 
2.01391 -3.49917e-05 -1 0.889667 0.197321 0.00521742 3.7548 431985 4 2691.24 0.907079 7.38035 2 1 225.293 5.60123 40.2221 3 3 0.125027 7.22332e-06 25.8676 2 
2.01912 -3.63352e-05 -1 0.890697 0.197213 0.00521742 3.76483 431922 4 14601.1 1.45003 10.0173 2 1 207.225 6.2981 32.9028 3 3 0.121822 7.25735e-06 25.6045 2 
2.02434 -3.92164e-05 -1 0.891723 0.197064 0.00521742 3.77571 431762 4 5546.53 3.24772 6.42852 2 2 284.684 3.76827 8.69182 2 3 0.122124 7.17796e-06 25.7198 2 
2.02956 -3.83866e-05 -1 0.892742 0.196889 0.00521742 3.78724 431529 5 14498.9 0.428895 8.05002 2 2 141.65 1.8177 8.82768 2 3 0.126667 7.02284e-06 26.2251 2 
2.03478 -3.86075e-05 -1 0.893756 0.196755 0.00521742 3.79798 431388 4 2178.75 0.62025 7.69857 2 2 143.609 1.6663 9.28355 2 3 0.131237 7.10503e-06 26.4341 2 
2.03999 -3.88524e-05 -1 0.894774 0.196618 0.00521742 3.8087 431249 4 3756.48 1.72986 6.82641 2 2 121.122 1.7754 8.25969 2 3 0.140199 7.07902e-06 27.0556 2 
2.04521 -3.57826e-05 -1 0.895792 0.196439 0.00521742 3.81941 431112 4 2712.04 2.53218 5.72072 2 2 142.69 3.82144 6.11059 2 3 0.145076 6.98468e-06 27.4884 2 
2.05043 -3.54087e-05 -1 0.896814 0.196319 0.00521742 3.8301 430978 4 2888.42 1.52433 6.59775 2 2 159.422 2.72565 7.64784 2 3 0.139464 7.24881e-06 26.7957 2 
2.05565 -3.42202e-05 -1 0.897835 0.196186 0.00521742 3.83993 430941 3 2643.72 3.33143 9.25824 2 2 572.715 11.0577 7.19676 2 3 0.12707 6.74609e-06 26.6071 2 
2.06086 -3.57057e-05 -1 0.898858 0.196048 0.00521742 3.85063 430808 4 2611.56 0.801899 7.55431 2 2 121.97 3.24264 6.13305 2 3 0.123685 6.37865e-06 26.8656 2 
2.06608 -3.54414e-05 -1 0.899882 0.195926 0.00521742 3.86053 430764 4 9916.44 1.89374 8.50666 2 1 144.5 14.1353 10.2226 2 3 0.127356 6.18557e-06 27.4081 2 
2.0713 -3.44714e-05 -1 0.900908 0.195785 0.00521742 3.87121 430633 4 2790.56 0.546193 8.45447 2 2 204.466 3.69987 7.4339 2 3 0.138498 1.97571e-05 19.1385 2 
2.07652 -3.42456e-05 -1 0.901936 0.195656 0.00521742 3.88514 430143 3 2795.8 3.25197 9.50867 2 2 225.884 3.88638 7.62378 2 3 0.139394 2.56175e-05 17.5888 2 
2.08173 -3.32819e-05 -1 0.902969 0.195533 0.00521742 3.895 430106 3 2302.93 2.05291 10.3905 2 2 223.239 3.29211 8.2347 2 3 0.136992 1.93863e-05 19.1896 2 
2.08695 -3.33386e-05 -1 0.903999 0.19545 0.00521742 3.90398 430166 2 279.429 2.18588 11.3064 2 2 272.652 4.28467 7.97711 2 3 0.131372 1.47659e-05 20.7211 2 
2.09217 -3.39464e-05 -1 0.905025 0.195328 0.00521742 3.91467 430038 4 14442 2.2937 8.90785 2 2 185.884 2.74602 8.22752 2 3 0.125319 1.07085e-05 22.7036 2 
2.09739 -3.66472e-05 -1 0.906046 0.195246 0.00521742 3.92452 430002 4 13798.4 3.27724 8.05527 2 1 138.294 13.3285 10.3758 2 3 0.125555 8.13985e-06 24.8927 2 
2.1026 -3.66957e-05 -1 0.907062 0.195084 0.00521742 3.93519 429877 4 2585.91 0.652769 7.93347 2 2 140.194 2.0875 8.19505 2 3 0.131173 7.32016e-06 26.1682 2 
2.10782 -3.69675e-05 -1 0.908067 0.194925 0.00521742 3.94505 429841 4 2657.17 0.74703 7.72272 2 1 132.777 13.352 9.94436 2 3 0.139895 6.64242e-06 27.6159 2 
2.11304 -3.77036e-05 -1 0.909072 0.194818 0.00521742 3.95491 429805 4 3399.33 1.04343 7.55496 2 1 133.334 14.2425 9.36165 2 3 0.147631 6.23631e-06 28.7133 2 
2.11826 -3.7704e-05 -1 0.910078 0.194702 0.00521742 3.96558 429682 4 2643.72 0.96538 7.23402 2 2 572.91 7.90781 8.51167 2 3 0.140272 6.03986e-06 28.5309 2 
2.12347 -3.72974e-05 -1 0.911087 0.194607 0.00521742 3.97624 429559 4 2785.75 0.499512 8.6417 2 2 165.771 1.6621 9.98679 2 3 0.127701 6.05487e-06 27.6289 2 
2.12869 -3.7123e-05 -1 0.912096 0.194493 0.00521742 3.98524 429617 3 2748.55 1.62282 11.9201 2 1 100.543 10.0193 10.0348 2 3 0.121589 6.11043e-06 27.0982 2 
2.13391 -3.6678e-05 -1 0.913108 0.19439 0.00521742 3.99506 429586 4 9668.43 0.783382 10.5401 2 1 134.784 11.4072 11.8157 2 3 0.127615 5.80139e-06 28.0193 2 
2.13913 -3.66578e-05 -1 0.91412 0.194294 0.00521742 4.00406 429644 3 2620.76 3.04716 9.50993 2 1 188.801 12.7252 14.8368 2 3 0.13224 5.9605e-06 28.0992 2 
2.14434 -3.6614e-05 -1 0.915134 0.194214 0.00521742 4.01476 429520 4 2682.26 0.620525 8.1084 2 2 232.112 2.99116 8.80905 2 3 0.141837 5.85346e-06 28.9374 2 
2.14956 -3.71912e-05 -1 0.916148 0.194073 0.00521742 4.02546 429395 4 2538.28 0.767346 7.5838 2 2 223.599 3.6609 7.81523 2 3 0.141708 6.25765e-06 28.2918 2 
2.15478 -3.73112e-05 -1 0.917165 0.193961 0.00521742 4.03616 429271 4 2544.97 0.719237 7.71263 2 2 253.35 6.47379 6.25578 2 3 0.137815 6.25928e-06 28.0279 2 
2.16 -3.76718e-05 -1 0.918184 0.193853 0.00521742 4.04686 429148 4 14671.3 1.00066 11.0039 2 2 185.33 7.69957 4.90614 2 3 0.130552 6.41362e-06 27.304 2 
2.16521 -3.84049e-05 -1 0.919207 0.193764 0.00521742 4.05762 429020 4 13416.1 1.9198 9.14309 2 2 129.954 5.3074 4.94828 2 3 0.126073 6.22451e-06 27.2587 2 
2.17043 -3.83791e-05 -1 0.920229 0.193662 0.00521742 4.06749 428986 3 556.608 0.856003 8.66346 2 2 156.9 2.65707 7.68439 2 3 0.130997 6.24095e-06 27.5848 2 
2.17565 -3.81435e-05 -1 0.921251 0.19356 0.00521742 4.08236 428426 4 1948.08 0.291302 9.04307 2 2 112.018 2.24177 7.06884 2 3 0.138312 6.09552e-06 28.3106 2 
2.18086 -3.75088e-05 -1 0.922263 0.193464 0.00521742 4.09312 428301 4 3544.08 0.479404 9.27258 2 2 156.515 1.21676 11.3416 2 3 0.138031 6.13258e-06 28.2344 2 
2.18608 -3.68188e-05 -1 0.923266 0.193379 0.00521742 4.10388 428177 4 2623.71 0.761155 7.66233 2 2 576.025 10.7927 7.3056 2 3 0.137918 6.42075e-06 27.7979 2 
2.1913 -3.65473e-05 -1 0.92426 0.193277 0.00521742 4.11462 428054 4 2727.25 0.7355 7.80343 2 2 155.842 1.48101 10.258 2 3 0.12405 6.6455e-06 26.5271 2 
2.19652 -3.63203e-05 -1 0.925257 0.193202 0.00521742 4.12449 428023 4 2623.41 2.71001 5.57794 2 1 112.417 13.5621 8.28907 2 3 0.122481 6.74755e-06 26.281 2 
2.20173 -3.68954e-05 -1 0.926255 0.19311 0.00521742 4.13524 427901 4 2657.35 2.50987 5.70426 2 2 130.751 2.54621 7.16596 2 3 0.128121 6.79026e-06 26.6222 2 
2.20695 -3.73049e-05 -1 0.927256 0.193007 0.00521742 4.14598 427780 4 8191.25 1.27623 8.95066 2 2 175.447 1.83256 9.78463 2 3 0.140524 6.71218e-06 27.561 2 
2.21217 -3.79804e-05 -1 0.928257 0.192959 0.00521742 4.15671 427661 4 2762.78 2.50265 5.76416 2 2 210.547 2.18183 9.82345 2 3 0.143728 6.62282e-06 27.8933 2 
2.21739 -3.89035e-05 -1 0.929261 0.192864 0.00521742 4.16742 427545 4 2570.6 1.18028 6.83145 2 2 244.883 4.2953 7.55062 2 3 0.141433 6.58438e-06 27.7979 2 
2.2226 -3.98588e-05 -1 0.930264 0.192787 0.00521742 4.17814 427428 4 2632.58 1.29174 6.71895 2 2 206.274 2.8146 8.5608 2 3 0.135026 6.36283e-06 27.6857 2 
2.22782 -4.06179e-05 -1 0.93127 0.192713 0.00521742 4.18817 427383 4 14306.6 1.37987 10.0908 2 1 188.496 14.6316 12.8828 2 3 0.127526 6.81789e-06 26.545 2 
2.23304 -4.27053e-05 -1 0.932276 0.192621 0.00521742 4.19975 427179 5 13203.9 1.31622 6.31357 2 2 203.384 2.90569 8.36629 2 3 0.128973 7.21205e-06 26.1505 2 
2.23826 -4.00359e-05 -1 0.933283 0.192544 0.00521742 4.21054 427058 4 2554.3 2.1545 5.86788 2 2 164.213 3.70964 6.6533 2 3 0.129597 2.62955e-05 17.0178 2 
2.24347 -4.03536e-05 -1 0.934293 0.192462 0.00521742 4.22043 427028 4 2739.46 0.536955 8.45146 2 1 117.925 13.0801 9.01562 2 3 0.135908 3.18807e-05 16.2146 2 
2.24869 -4.05574e-05 -1 0.935306 0.19241 0.00521742 4.23032 426997 3 2002.3 3.62871 8.20212 2 2 561.912 8.99147 7.90531 2 3 0.142222 2.30237e-05 18.3483 2 
2.25391 -4.09719e-05 -1 0.936319 0.192322 0.00521742 4.23936 427054 3 3384.4 2.31685 11.3465 2 1 149.282 11.3554 13.1463 2 3 0.133654 1.72122e-05 19.8023 2 
2.25913 -4.20629e-05 -1 0.937335 0.192256 0.00521742 4.24836 427112 3 2498.27 1.64083 11.5043 2 1 141.387 10.822 13.0648 2 3 0.120961 1.38925e-05 20.5726 2 
2.26434 -4.3703e-05 -1 0.938347 0.192188 0.00521742 4.25829 427078 4 2204.46 0.465176 8.29701 2 1 105.31 13.6969 7.6886 2 3 0.123773 1.26681e-05 21.3782 2 
2.26956 -4.45394e-05 -1 0.93935 0.192125 0.00521742 4.26814 427052 4 2641.45 0.570366 8.2494 2 1 121.507 12.7673 9.517 2 3 0.130052 9.27188e-06 24.1166 2 
2.27478 -4.3979e-05 -1 0.940338 0.192065 0.00521742 4.28205 426622 3 8329.14 3.45957 13.4027 2 2 172.658 1.23325 11.8323 2 3 0.139842 8.53144e-06 25.4022 2 
2.28 -4.64837e-05 -1 0.941329 0.191997 0.00521742 4.29281 426507 4 2439.62 1.11299 6.84238 2 2 248.696 6.39408 6.23656 2 3 0.140597 8.41852e-06 25.5611 2 
2.28521 -4.65292e-05 -1 0.942321 0.191953 0.00521742 4.30353 426396 4 2648.11 1.38823 6.60874 2 2 204.864 2.50946 9.03531 2 3 0.136097 8.33977e-06 25.3648 2 
2.29043 -4.71429e-05 -1 0.943315 0.191893 0.00521742 4.31337 426373 3 1652.86 1.23943 11.0071 2 2 204.923 2.66731 8.76514 2 3 0.129508 8.35512e-06 24.9334 2 
2.29565 -4.81547e-05 -1 0.94431 0.191852 0.00521742 4.32408 426264 4 13560.8 1.79831 9.3187 2 2 186.479 2.45944 8.70757 2 3 0.119905 8.41746e-06 24.2411 2 
2.30087 -5.02178e-05 -1 0.945307 0.191828 0.00521742 4.33478 426156 4 12844.9 2.34358 8.60425 2 2 158.675 2.471 8.01341 2 3 0.119861 8.7155e-06 23.9586 2 
2.30608 -5.00508e-05 -1 0.946304 0.191742 0.00521742 4.3455 426048 4 2625.47 1.03702 7.09341 2 2 152.929 4.11779 6.09414 2 3 0.124943 9.26683e-06 23.8009 2 
2.3113 -4.95854e-05 -1 0.947303 0.19171 0.00521742 4.35537 426023 4 2750.76 0.509934 8.57008 2 1 109.336 13.8258 7.90811 2 3 0.130528 9.83983e-06 23.6722 2 
2.31652 -4.9323e-05 -1 0.948302 0.191607 0.00521742 4.36524 425998 3 2573.13 1.61706 11.6747 2 2 560.172 2.54426 14.8382 2 3 0.133525 9.35785e-06 24.2547 2 
2.32174 -4.91495e-05 -1 0.949303 0.191577 0.00521742 4.37594 425893 4 2544.52 0.824209 7.45405 2 2 148.5 1.7331 9.25661 2 3 0.126267 8.34968e-06 24.729 2 
2.32695 -4.80431e-05 -1 0.950306 0.191547 0.00521742 4.38582 425867 3 3333.35 1.70952 12.4931 2 2 147.656 2.60924 7.52261 2 3 0.120957 6.93595e-06 25.9323 2 
2.33217 -4.54389e-05 -1 0.951312 0.191481 0.00521742 4.39481 425928 2 128.318 2.14002 7.74348 2 2 156.316 2.74184 7.55059 2 3 0.125473 6.68092e-06 26.581 2 
2.33739 -4.4883e-05 -1 0.952318 0.191435 0.00521742 4.4029 426076 2 120.677 3.0819 6.25754 2 1 104.318 12.2466 8.51812 2 3 0.127213 6.98095e-06 26.3151 2 
2.3426 -4.45747e-05 -1 0.953326 0.191399 0.00521742 4.41364 425967 4 8574.94 0.496174 11.4657 2 2 178.435 1.96867 9.52037 2 3 0.135394 7.19386e-06 26.5999 2 
2.34782 -4.45394e-05 -1 0.954332 0.191362 0.00521742 4.42347 425946 3 2267.23 3.05403 9.05471 2 2 255.05 2.00336 11.2832 2 3 0.132997 7.45319e-06 26.1316 2 
2.35304 -4.58132e-05 -1 0.955339 0.191321 0.00521742 4.43418 425841 4 2649.66 1.19857 6.85696 2 2 195.233 3.00191 8.06452 2 3 0.127749 7.73228e-06 25.4692 2 
2.35826 -4.82841e-05 -1 0.956338 0.191272 0.00521742 4.44494 425732 4 13969.9 1.89292 9.26863 2 2 195.175 2.82669 8.30946 2 3 0.119198 7.97528e-06 24.6324 2 
2.36347 -5.05281e-05 -1 0.957324 0.191246 0.00521742 4.45566 425627 4 1995.42 1.43052 6.11132 2 2 203.923 3.28101 7.88368 2 3 0.111718 8.17165e-06 23.9114 2 
2.36869 -5.09783e-05 -1 0.958311 0.191202 0.00521742 4.46722 425443 5 12796.8 1.35795 6.2351 2 2 227.967 4.1299 7.42961 2 3 0.119222 8.11457e-06 24.4923 2 
2.37391 -4.8844e-05 -1 0.9593 0.191157 0.00521742 4.48106 425042 3 4840.93 3.33005 11.3282 2 2 139.335 1.90552 8.55113 2 3 0.120353 8.15223e-06 24.5317 2 
2.37913 -4.9722e-05 -1 0.96029 0.191148 0.00521742 4.49094 425019 4 2730.61 1.51714 6.51341 2 1 100.02 10.1871 9.8183 2 3 0.125963 7.90271e-06 25.1665 2 
2.38434 -5.03399e-05 -1 0.961282 0.191129 0.00521742 4.50085 424993 3 1065.43 1.57712 8.77444 2 2 560.846 3.64523 12.4039 2 3 0.129237 7.66444e-06 25.643 2 
2.38956 -4.99837e-05 -1 0.962274 0.191097 0.00521742 4.50985 425053 3 2602.11 2.83376 9.71972 2 1 146.188 9.89432 14.7749 2 3 0.120641 7.26034e-06 25.5179 2 
2.39478 -5.01082e-05 -1 0.963268 0.191033 0.00521742 4.51887 425112 3 2767.76 1.22397 13.1256 2 1 135.632 11.0691 12.2532 2 3 0.122165 6.88661e-06 26.0804 2 
2.4 -5.16113e-05 -1 0.964262 0.190997 0.00521742 4.5279 425168 3 3289.27 3.46747 9.82567 2 1 149.363 13.1976 11.3174 2 3 0.130853 6.47072e-06 27.2444 2 
2.40521 -4.99039e-05 -1 0.965257 0.191016 0.00521742 4.53782 425142 4 2527.25 0.783272 7.53675 2 1 124.947 14.1951 8.80212 2 3 0.130674 1.79832e-05 19.369 2 
2.41043 -4.97894e-05 -1 0.966256 0.190996 0.00521742 4.5468 425202 2 90.2149 1.31682 8.27706 2 2 139.746 3.86955 6.00952 2 3 0.126912 2.35972e-05 17.5206 2 
2.41565 -4.94343e-05 -1 0.967257 0.190976 0.00521742 4.55755 425099 4 7730.35 1.30647 8.77051 2 2 264.234 1.90467 11.7784 2 3 0.121672 1.73498e-05 19.141 2 
2.42087 -5.03276e-05 -1 0.968259 0.190948 0.00521742 4.56833 424992 4 2114.99 0.415965 8.44429 2 2 181.469 2.81618 8.02732 2 3 0.113583 1.29185e-05 20.6396 2 
2.42608 -5.01428e-05 -1 0.969262 0.190931 0.00521742 4.57906 424891 4 13100.9 1.19025 10.2427 2 2 186.532 2.74287 8.24657 2 3 0.105014 1.0351e-05 21.6481 2 
2.4313 -4.95535e-05 -1 0.970265 0.190877 0.00521742 4.58891 424871 3 2173.65 2.06953 10.165 2 2 210.592 3.4551 7.80711 2 3 0.105269 9.4213e-06 22.3561 2 
2.43652 -5.0597e-05 -1 0.971268 0.190863 0.00521742 4.59964 424771 4 12899.2 1.60668 9.46582 2 2 218.973 3.7193 7.67298 2 3 0.112924 7.12339e-06 25.1208 2 
2.44174 -5.04144e-05 -1 0.972269 0.190847 0.00521742 4.61035 424673 4 5024.38 0.762729 9.00903 2 2 188.145 2.45887 8.7474 2 3 0.113872 6.61949e-06 25.8145 2 
2.44695 -5.02476e-05 -1 0.973268 0.190852 0.00521742 4.62105 424576 4 4724.26 1.02424 8.24106 2 2 85.8778 2.19173 6.25961 2 3 0.120155 6.49451e-06 26.4484 2 
2.45217 -4.96715e-05 -1 0.974256 0.190847 0.00521742 4.63173 424481 4 2594 0.777208 7.60078 2 2 574.541 6.51406 9.39149 2 3 0.122828 6.33312e-06 26.8675 2 
2.45739 -4.95537e-05 -1 0.975242 0.190833 0.00521742 4.64157 424463 3 1343.54 0.831251 11.7356 2 2 147.244 2.02623 8.52462 2 3 0.119936 6.15975e-06 26.9027 2 
2.46261 -4.94918e-05 -1 0.976229 0.190846 0.00521742 4.65226 424369 4 2692.04 0.628119 8.09114 2 2 147.324 2.08513 8.40562 2 3 0.12584 5.819e-06 27.8606 2 
2.46782 -4.87615e-05 -1 0.977218 0.190836 0.00521742 4.66123 424431 2 128.508 2.99745 6.54771 2 2 160.82 2.0193 8.9242 2 3 0.123815 5.47764e-06 28.2744 2 
2.47304 -4.80111e-05 -1 0.978207 0.190863 0.00521742 4.67106 424415 3 3377.73 2.20849 11.5215 2 2 154.206 1.53746 10.015 2 3 0.119588 5.5939e-06 27.7539 2 
2.47826 -4.60311e-05 -1 0.979198 0.190774 0.00521742 4.6841 424108 3 2778.01 2.54615 10.2948 2 1 120.828 10.2523 11.7855 2 3 0.114484 5.93729e-06 26.8155 2 
2.48348 -4.58375e-05 -1 0.980189 0.190782 0.00521742 4.69491 424003 4 8259.92 1.20629 9.09665 2 2 260.597 4.40461 7.69186 2 3 0.107028 6.24768e-06 25.7786 2 
2.48869 -4.67708e-05 -1 0.981181 0.190809 0.00521742 4.70566 423905 4 13447 2.36265 8.68573 2 2 154.661 3.68708 6.47663 2 3 0.0994243 6.52508e-06 24.7915 2 
2.49391 -5.03569e-05 -1 0.982177 0.190827 0.00521742 4.71554 423886 3 2595 2.4997 10.1255 2 2 177.259 4.60104 6.20691 2 3 0.0943726 6.77835e-06 24.057 2 
2.49913 -5.04038e-05 -1 0.983176 0.190791 0.00521742 4.72626 423791 4 2087.25 0.758494 7.24279 2 2 219.393 3.25221 8.21337 2 3 0.0994554 7.0893e-06 24.118 2 
2.50434 -5.11778e-05 -1 0.984175 0.190724 0.00521742 4.73784 423619 5 13105.7 2.81535 5.41484 2 2 202.379 2.75119 8.57674 2 3 0.105822 7.36162e-06 24.3146 2 
2.50956 -4.49943e-05 -1 0.985176 0.19069 0.00521742 4.74682 423681 3 2129.8 1.47496 11.3028 2 1 125.237 12.119 10.3339 2 3 0.107772 7.67711e-06 24.1233 2 
2.51478 -4.27166e-05 -1 0.986176 0.190741 0.00521742 4.75753 423588 4 3030.81 0.952188 7.51119 2 2 194.044 2.5213 8.77278 2 3 0.110167 7.86179e-06 24.1089 2 
2.52 -4.25906e-05 -1 0.987178 0.19077 0.00521742 4.76825 423495 4 5462.14 1.79052 7.43184 2 2 534.211 7.24891 8.58461 2 3 0.120977 8.01862e-06 24.7097 2 
2.52521 -4.3884e-05 -1 0.988178 0.190808 0.00521742 4.77723 423556 3 1679.91 1.25813 11.0117 2 1 117.836 9.82011 11.9995 2 3 0.120568 7.77408e-06 24.938 2 
2.53043 -4.49119e-05 -1 0.989179 0.190809 0.00521742 4.78625 423614 3 234.753 0.80988 6.61805 2 1 154.259 10.3255 14.9396 2 3 0.115877 7.65386e-06 24.7384 2 
2.53565 -4.5526e-05 -1 0.990176 0.190794 0.00521742 4.79693 423524 5 2451.74 1.0935 4.67877 2 1 140.14 12.4527 11.2538 2 3 0.11198 7.29669e-06 24.8507 2 
2.54087 -4.55683e-05 -1 0.991169 0.190767 0.00521742 4.80676 423510 4 2357.19 0.838799 7.28088 2 1 155.982 14.1475 11.0254 2 3 0.106184 7.00861e-06 24.7443 2 
2.54608 -4.67063e-05 -1 0.992154 0.190755 0.00521742 4.81744 423422 4 3545.76 3.1852 5.77621 2 2 151.106 2.89634 7.22297 2 3 0.0993157 6.66171e-06 24.6118 2 
2.5513 -4.72094e-05 -1 0.993141 0.190754 0.00521742 4.82641 423483 2 80.1178 1.28375 7.89995 2 2 141.595 2.50623 7.51646 2 3 0.0922322 6.32252e-06 24.4342 2 
2.55652 -4.69874e-05 -1 0.994128 0.190767 0.00521742 4.8371 423394 4 12799.1 1.61297 9.43818 2 2 267.441 6.2521 6.54035 2 3 0.0848318 6.05756e-06 24.1039 2 
2.56174 -4.72615e-05 -1 0.995117 0.190817 0.00521742 4.84609 423454 2 785.028 3.46533 15.0512 2 2 158.918 2.38905 8.15594 2 3 0.0906338 6.43665e-06 24.1477 2 
2.56695 -4.67919e-05 -1 0.996107 0.190796 0.00521742 4.85593 423439 3 2780.82 3.66463 9.12111 2 2 209.113 2.58264 8.99825 2 3 0.0933682 6.58537e-06 24.2032 2 
2.57217 -4.52814e-05 -1 0.997099 0.190846 0.00521742 4.86489 423501 2 549.858 2.67352 14.3411 2 2 199.179 2.20852 9.49668 2 3 0.0985104 1.20941e-05 20.1204 2 
2.57739 -4.44663e-05 -1 0.998093 0.1909 0.00521742 4.87557 423414 4 12282.1 2.44596 8.41794 2 2 187.719 3.81941 7.01061 2 3 0.105113 2.29927e-05 16.5967 2 
2.58261 -4.72037e-05 -1 0.999091 0.190885 0.00521742 4.88628 423324 4 2001.76 0.282161 9.17759 2 2 111.942 2.54781 6.62848 2 3 0.115358 1.83559e-05 18.454 2 
2.58782 -4.81e-05 -1 1.00009 0.190881 0.00521742 4.89697 423237 4 3091.47 1.05361 7.3599 2 2 469.565 9.44249 7.05188 2 3 0.116858 1.35777e-05 20.4932 2 
2.59304 -4.92025e-05 -1 1.00109 0.190868 0.00521742 4.90681 423223 4 5437.89 3.39308 6.32717 2 1 60.8399 12.0847 5.03448 2 3 0.111819 1.03446e-05 22.1106 2 
2.59826 -4.50908e-05 -1 1.00209 0.190859 0.00521742 4.91663 423210 4 2700.62 0.497344 8.58424 2 1 119.993 9.54099 12.5765 2 3 0.105741 9.42826e-06 22.384 2 
2.60348 -4.37809e-05 -1 1.00309 0.190892 0.00521742 4.9256 423271 3 2649.23 2.9404 9.65838 2 1 126.199 13.3588 9.44689 2 3 0.0991353 7.48672e-06 23.658 2 
2.60869 -4.53144e-05 -1 1.00409 0.190919 0.00521742 4.93456 423333 2 116.804 2.17115 7.33473 2 2 146.751 1.65644 9.41247 2 3 0.0927049 7.19741e-06 23.441 2 
2.61391 -4.668e-05 -1 1.00509 0.190934 0.00521742 4.9444 423319 3 1485.81 0.983698 11.4736 2 2 152.151 2.11157 8.48857 2 3 0.0860437 7.13563e-06 22.9313 2 
2.61913 -4.75942e-05 -1 1.00609 0.190941 0.00521742 4.95425 423304 4 3788.09 1.07891 7.69767 2 1 148.614 12.1329 12.2489 2 3 0.0800277 6.99355e-06 22.5345 2 
2.62435 -4.51783e-05 -1 1.00709 0.190971 0.00521742 4.96491 423220 4 12412.4 1.4906 9.55264 2 2 259.382 5.35759 6.95801 2 3 0.0814444 6.79936e-06 22.8804 2 
2.62956 -4.66768e-05 -1 1.00808 0.191004 0.00521742 4.97482 423200 4 7748.91 2.47653 7.4791 2 1 142.741 14.0662 10.1478 2 3 0.0894249 6.60872e-06 23.8294 2 
2.63478 -4.80953e-05 -1 1.00907 0.191047 0.00521742 4.98469 423184 3 1020.42 0.708631 11.2924 2 2 179.289 2.09402 9.25309 2 3 0.0991792 6.49063e-06 24.8148 2 
2.64 -4.87215e-05 -1 1.01006 0.191063 0.00521742 4.9955 423088 4 2502.74 0.74665 7.60895 2 2 190.524 2.64705 8.48388 2 3 0.105277 6.30058e-06 25.5653 2 
2.64522 -4.83122e-05 -1 1.01105 0.191036 0.00521742 5.00707 422928 5 13089.7 1.39174 6.23267 2 2 187.225 2.76127 8.23431 2 3 0.106982 7.43639e-06 24.321 2 
2.65043 -4.55692e-05 -1 1.01204 0.191026 0.00521742 5.01778 422842 4 2523.55 0.740456 7.64062 2 2 157.975 3.15419 7.07701 2 3 0.105902 1.05995e-05 21.5381 2 
2.65565 -4.42967e-05 -1 1.01303 0.19107 0.00521742 5.02761 422830 4 2093.72 0.797265 7.15862 2 1 84.7338 12.7875 6.62628 2 3 0.106275 9.75862e-06 22.1656 2 
2.66087 -4.41022e-05 -1 1.01403 0.191119 0.00521742 5.03886 422698 4 2683.89 0.990282 7.21525 2 2 398.452 4.86737 9.04775 2 3 0.105969 7.82182e-06 23.8391 2 
2.66609 -4.47757e-05 -1 1.01502 0.191144 0.00521742 5.04943 422625 4 5335.47 0.983477 8.58227 2 1 71.8575 11.4825 6.258 2 3 0.104794 6.19403e-06 25.6717 2 
2.6713 -4.65e-05 -1 1.01602 0.191164 0.00521742 5.06102 422466 4 5676.4 1.1683 8.3489 2 1 88.8878 11.0189 8.06688 2 3 0.0976584 5.9822e-06 25.3678 2 
2.67652 -4.78719e-05 -1 1.01702 0.191196 0.00521742 5.07054 422481 3 212.602 1.47952 5.23779 2 1 122.052 11.6957 10.4356 2 3 0.0906126 5.86043e-06 24.9126 2 
2.68174 -4.85967e-05 -1 1.01802 0.191205 0.00521742 5.08104 422414 4 2663.72 0.76764 7.67507 2 1 137.091 13.5618 10.1086 2 3 0.080476 5.62741e-06 24.2728 2 
2.68695 -4.7415e-05 -1 1.01903 0.191226 0.00521742 5.09091 422400 4 2661.17 0.924063 7.32559 2 1 150.535 14.4845 10.3928 2 3 0.0729318 5.54902e-06 23.5994 2 
2.69217 -4.74289e-05 -1 1.02003 0.191233 0.00521742 5.10074 422389 4 12216.2 1.86528 8.99596 2 1 142.074 12.981 10.9447 2 3 0.076391 5.48974e-06 24.0527 2 
2.69739 -4.75904e-05 -1 1.02103 0.191262 0.00521742 5.11062 422374 3 3652.77 3.27189 10.3739 2 2 228.263 4.49411 7.12683 2 3 0.0832997 5.5901e-06 24.6079 2 
2.70261 -4.61921e-05 -1 1.02203 0.191306 0.00521742 5.12046 422362 4 8011.59 1.68689 8.30153 2 1 190.721 12.1727 15.668 2 3 0.0849684 5.3506e-06 25.1354 2 
2.70782 -4.68821e-05 -1 1.02303 0.19133 0.00521742 5.1312 422276 4 2692.41 0.8785 7.44046 2 2 154.338 2.17326 8.42714 2 3 0.0868489 5.83196e-06 24.6027 2 
2.71304 -4.60611e-05 -1 1.02403 0.19136 0.00521742 5.14202 422184 4 2551.71 0.59482 8.09303 2 2 183.04 2.41547 8.70507 2 3 0.0882741 5.74341e-06 24.8631 2 
2.71826 -4.5489e-05 -1 1.02503 0.191395 0.00521742 5.15347 422041 4 12910.5 1.72823 9.29684 2 2 164.471 2.47198 8.15685 2 3 0.0921836 6.04767e-06 24.7945 2 
2.72348 -4.49503e-05 -1 1.02601 0.191422 0.00521742 5.16491 421899 4 2708.64 0.631355 8.09319 2 2 144.95 2.4015 7.76905 2 3 0.0977701 6.16798e-06 25.1201 2 
2.72869 -4.51541e-05 -1 1.02701 0.191444 0.00521742 5.17456 421904 3 2699.55 2.87385 9.7936 2 1 66.174 7.49995 8.82326 2 3 0.10269 6.20129e-06 25.4888 2 
2.73391 -4.4018e-05 -1 1.028 0.191468 0.00521742 5.18602 421762 4 2575.99 1.06162 7.0185 2 2 323.971 8.14334 6.30742 2 3 0.102156 6.25682e-06 25.369 2 
2.73913 -4.291e-05 -1 1.02899 0.191487 0.00521742 5.1966 421691 4 3355.46 1.06708 7.48839 2 1 68.9866 9.74712 7.07764 2 3 0.101445 9.0784e-06 22.3567 2 
2.74435 -4.36186e-05 -1 1.02999 0.19151 0.00521742 5.20714 421624 4 5285.59 0.989086 8.54997 2 1 76.8065 14.197 5.41004 2 3 0.0954377 2.45342e-05 15.7271 2 
2.74956 -4.33188e-05 -1 1.03099 0.191549 0.00521742 5.21756 421567 4 5869.75 0.749632 9.40682 2 1 105.796 11.8545 8.92457 2 3 0.0898197 2.14052e-05 16.1294 2 
2.75478 -4.21337e-05 -1 1.03199 0.191573 0.00521742 5.22781 421524 3 326.335 2.75665 4.91014 2 2 146.077 2.59644 7.50069 2 3 0.0798014 1.63393e-05 16.9665 2 
2.76 -4.06482e-05 -1 1.03299 0.191592 0.00521742 5.23897 421408 4 2206.75 2.45269 5.47681 2 2 140.318 1.69416 9.10079 2 3 0.0722415 1.20855e-05 18.1485 2 
2.76522 -3.99064e-05 -1 1.03399 0.191642 0.00521742 5.25016 421290 4 11559.8 1.24856 9.80925 2 2 141.646 1.66895 9.21255 2 3 0.0774061 9.0515e-06 20.4496 2 
2.77043 -4.24871e-05 -1 1.035 0.191678 0.00521742 5.25948 421322 2 292.489 3.30528 9.40699 2 2 194.389 3.10897 7.90729 2 3 0.0807409 7.21232e-06 22.3704 2 
2.77565 -4.377e-05 -1 1.036 0.191711 0.00521742 5.26956 421294 4 8651 1.14425 9.32473 2 1 124.855 9.46011 13.1981 2 3 0.082053 6.46026e-06 23.3318 2 
2.78087 -4.48654e-05 -1 1.03701 0.191735 0.00521742 5.27861 421348 2 326.04 3.30355 9.93449 2 2 162.05 2.68481 7.76905 2 3 0.0832744 6.56531e-06 23.3213 2 
2.78609 -4.5066e-05 -1 1.03801 0.191804 0.00521742 5.28931 421269 4 2481.99 1.12072 6.86003 2 2 171.183 1.51384 10.6339 2 3 0.0851904 6.92962e-06 23.0795 2 
2.7913 -4.43986e-05 -1 1.03901 0.191833 0.00521742 5.30008 421186 4 2639.76 0.785358 7.61419 2 2 155.199 1.61446 9.80463 2 3 0.0916235 7.84934e-06 22.6843 2 
2.79652 -4.38581e-05 -1 1.04002 0.1918 0.00521742 5.31167 421038 5 11771.7 1.76411 5.8192 2 2 156.452 2.28246 8.27921 2 3 0.092381 9.01639e-06 21.7195 2 
2.80174 -3.95242e-05 -1 1.04101 0.191817 0.00521742 5.32091 421077 3 2778.73 2.69965 10.0967 2 1 62.6054 9.39705 6.66224 2 3 0.0992857 9.99381e-06 21.4974 2 
2.80696 -3.81797e-05 -1 1.042 0.191865 0.00521742 5.33108 421042 4 2588.15 0.552214 8.2741 2 1 85.0292 10.4859 8.10888 2 3 0.0975513 9.0465e-06 22.0928 2 
2.81217 -3.83581e-05 -1 1.043 0.191905 0.00521742 5.3418 420963 4 2656.39 0.91793 7.3345 2 2 293.719 4.06465 8.50069 2 3 0.0976928 6.8374e-06 24.2656 2 
2.81739 -3.98616e-05 -1 1.04399 0.191946 0.00521742 5.35171 420949 4 3584.86 0.710671 8.42754 2 1 81.3319 11.8416 6.8683 2 3 0.0932279 6.66983e-06 24.0885 2 
2.82261 -4.00498e-05 -1 1.04499 0.192013 0.00521742 5.36219 420891 4 5356.65 0.913073 8.75179 2 1 83.3456 11.4772 7.26185 2 3 0.0890682 6.95924e-06 23.3913 2 
2.82783 -4.14169e-05 -1 1.04598 0.192021 0.00521742 5.37274 420827 4 6007.18 0.911557 9.00993 2 1 113.308 13.9395 8.1286 2 3 0.081367 7.20982e-06 22.4306 2 
2.83304 -4.10138e-05 -1 1.04699 0.192058 0.00521742 5.3846 420660 4 12098.2 1.73511 9.13794 2 2 155.167 9.77513 3.98418 2 3 0.0729388 7.41251e-06 21.4288 2 
2.83826 -4.27506e-05 -1 1.04799 0.192077 0.00521742 5.39461 420639 3 340.516 0.594139 8.30647 2 1 132.868 13.6068 9.76482 2 3 0.075309 7.5399e-06 21.5358 2 
2.84348 -4.2782e-05 -1 1.04899 0.192126 0.00521742 5.4043 420643 3 2405.51 2.87993 9.41763 2 1 133.643 13.1536 10.1602 2 3 0.0778736 7.62342e-06 21.6977 2 
2.84869 -4.13624e-05 -1 1.05 0.192149 0.00521742 5.41489 420576 4 2685.12 0.618186 8.11822 2 2 151.637 2.41678 7.92107 2 3 0.0797366 7.63491e-06 21.8584 2 
2.85391 -4.06198e-05 -1 1.05101 0.192178 0.00521742 5.42462 420578 4 8449.03 1.24431 9.07756 2 1 110.422 12.6426 8.73408 2 3 0.0803356 7.6474e-06 21.901 2 
2.85913 -4.04e-05 -1 1.05201 0.192208 0.00521742 5.43349 420645 3 1446.71 0.541057 13.8797 2 1 172.839 11.3983 15.1635 2 3 0.0813353 7.55935e-06 22.0766 2 
2.86435 -3.99706e-05 -1 1.05302 0.192241 0.00521742 5.44407 420579 4 2338.7 1.20852 6.63254 2 2 147.802 2.06904 8.45193 2 3 0.0856187 7.46939e-06 22.5473 2 
2.86956 -4.06403e-05 -1 1.05403 0.192295 0.00521742 5.45464 420515 4 12300.1 3.23181 7.85445 2 2 142.5 2.22832 7.99684 2 3 0.0914863 7.3315e-06 23.1947 2 
2.87478 -4.34764e-05 -1 1.05503 0.192295 0.00521742 5.46523 420450 4 2597.44 2.45962 5.70058 2 2 123.921 2.56195 6.95484 2 3 0.0940387 7.16372e-06 23.5897 2 
2.88 -4.50242e-05 -1 1.05604 0.192313 0.00521742 5.47512 420439 4 2907.9 2.65293 5.75392 2 1 92.6541 7.46716 12.4082 2 3 0.0989194 7.0542e-06 24.1145 2 
2.88522 -4.70537e-05 -1 1.05704 0.19232 0.00521742 5.485 420428 4 2374.29 0.79644 7.38916 2 1 73.39 8.18577 8.96556 2 3 0.0961698 7.01586e-06 23.9324 2 
2.89043 -4.78047e-05 -1 1.05803 0.192374 0.00521742 5.49488 420418 3 2186.91 2.71622 9.30298 2 2 245.076 2.25139 10.4334 2 3 0.094458 6.91451e-06 23.9052 2 
2.89565 -4.86028e-05 -1 1.05903 0.192413 0.00521742 5.50476 420407 4 3773.47 2.03132 6.56509 2 1 84.0002 8.42627 9.96885 2 3 0.0915677 6.7595e-06 23.8383 2 
2.90087 -5.13293e-05 -1 1.06002 0.192434 0.00521742 5.51464 420397 4 5520.61 1.88348 7.35795 2 1 87.7148 8.38623 10.4594 2 3 0.0868846 6.54932e-06 23.6728 2 
2.90609 -4.92065e-05 -1 1.06102 0.192485 0.00521742 5.5245 420388 4 6030.13 0.921766 8.99346 2 1 120.791 9.7798 12.351 2 3 0.0789753 6.31465e-06 23.2121 2 
2.9113 -4.79017e-05 -1 1.06202 0.192534 0.00521742 5.53436 420379 4 11586.2 2.71805 8.08019 2 1 142.905 14.4186 9.91116 2 3 0.0712585 2.96701e-05 13.3918 2 
2.91652 -5.06378e-05 -1 1.06303 0.19252 0.00521742 5.54333 420438 3 384.557 0.434402 9.60189 2 1 128.318 13.122 9.77885 2 3 0.0748955 2.94594e-05 13.6483 2 
2.92174 -5.18805e-05 -1 1.06403 0.192558 0.00521742 5.5532 420428 4 2322.19 0.445281 8.49799 2 1 132.504 13.121 10.0986 2 3 0.0769854 2.1637e-05 15.2664 2 
2.92696 -5.25068e-05 -1 1.06504 0.192607 0.00521742 5.56307 420418 4 2841.21 0.827565 7.65465 2 1 128.395 13.2384 9.69868 2 3 0.0783252 1.58432e-05 17.0354 2 
2.93217 -5.19676e-05 -1 1.06605 0.192652 0.00521742 5.57331 420380 4 8695.11 0.793196 10.2323 2 1 115.5 13.285 8.69399 2 3 0.0794298 1.41564e-05 17.7696 2 
2.93739 -5.23466e-05 -1 1.06706 0.192668 0.00521742 5.58272 420406 3 1541.32 0.698573 13.0185 2 1 171.184 14.2583 12.0059 2 3 0.0796019 1.20758e-05 18.7501 2 
2.94261 -5.30089e-05 -1 1.06807 0.192671 0.00521742 5.59108 420510 2 293.381 2.19354 11.5649 2 2 146.886 1.74054 9.18648 2 2 0.0845191 9.62617e-05 29.6313 2 
2.94783 -5.31739e-05 -1 1.06908 0.19273 0.00521742 5.60114 420486 4 12293.3 2.96651 8.02334 2 2 141.536 1.89971 8.63159 2 2 0.0907575 9.59753e-05 30.7512 2 
2.95304 -4.98919e-05 -1 1.07009 0.192729 0.00521742 5.61189 420410 4 2402.93 0.672366 7.73186 2 2 119.338 2.36659 7.10115 2 3 0.0925494 8.39952e-06 22.2522 2 
2.95826 -5.08018e-05 -1 1.0711 0.192732 0.00521742 5.62175 420401 4 2561.73 1.58557 6.33997 2 1 69.3733 10.351 6.70206 2 3 0.0973767 7.56516e-06 23.4358 2 
2.96348 -5.17191e-05 -1 1.0721 0.192751 0.00521742 5.63152 420400 4 2773.78 1.02661 7.20968 2 2 203.872 1.88313 10.4049 2 2 0.0964248 9.25355e-05 32.2805 2 
2.9687 -5.17475e-05 -1 1.0731 0.192836 0.00521742 5.64037 420466 4 3610.92 0.926623 7.90094 2 1 68.4096 8.80021 7.77363 2 2 0.0940585 9.40312e-05 31.6274 2 
2.97391 -5.21528e-05 -1 1.0741 0.192867 0.00521742 5.65108 420394 4 2372.48 0.740171 7.52433 2 2 240.604 1.93727 11.1444 2 3 0.0914693 6.86709e-06 23.7047 2 
2.97913 -5.17169e-05 -1 1.0751 0.192889 0.00521742 5.66098 420382 4 5846.61 1.12897 8.48311 2 1 89.5875 10.8217 8.27849 2 3 0.0878944 6.81493e-06 23.4513 2 
2.98435 -5.36221e-05 -1 1.0761 0.192909 0.00521742 5.67081 420376 4 6043.1 0.85429 9.17094 2 1 93.9603 10.8998 8.62034 2 3 0.0809591 6.63627e-06 23.0205 2 
2.98957 -5.41203e-05 -1 1.0771 0.192914 0.00521742 5.68151 420305 4 11336.6 2.21348 8.45963 2 2 143.141 1.19338 10.952 2 3 0.0731627 6.44139e-06 22.4786 2 
2.99478 -5.45049e-05 -1 1.0781 0.192902 0.00521742 5.69138 420296 4 2584.73 0.88476 7.35186 2 1 129.454 11.4945 11.2623 2 3 0.0727424 6.0381e-06 22.9243 2 
3 -5.42408e-05 -1 1.07911 0.19298 0.00521742 5.70127 420285 4 2256.36 0.542306 8.03139 2 1 118.967 10.8047 11.0107 2 3 0.0746008 5.62299e-06 23.6733 2 

# Multigrid, 585 steps, 90.9673 CPU, 5.712 real, 4.19e+05 points.step/s, 23 var
