0.714844 0.272488
0.713859 0.273438

0.713346 0.273438
0.711585 0.277344

0.711625 0.277344
0.714142 0.28125

0.714409 0.28125
0.714844 0.281603

0.714844 0.272595
0.71875 0.26983

0.714844 0.281339
0.71875 0.283621

0.722656 0.268641
0.720269 0.269531

0.71875 0.269942
0.719851 0.269531

0.71875 0.283335
0.722656 0.28444

0.722656 0.268716
0.726562 0.267883

0.722656 0.284322
0.726562 0.285055

0.726562 0.267938
0.730469 0.267367

0.726562 0.285012
0.727482 0.285156

0.727205 0.285156
0.730469 0.285669

0.730469 0.267363
0.734375 0.266952

0.730469 0.285626
0.734375 0.286206

0.734375 0.266951
0.738281 0.26671

0.734375 0.286241
0.738281 0.286785

0.738281 0.266723
0.742188 0.266626

0.738281 0.286734
0.742188 0.287273

0.742188 0.266637
0.746094 0.266636

0.742188 0.28723
0.746094 0.287953

0.746094 0.266636
0.75 0.266711

0.746094 0.288046
0.75 0.288851

0.75 0.266708
0.753906 0.266866

0.75 0.288918
0.75108 0.289062

0.750855 0.289062
0.753906 0.289471

0.753906 0.266866
0.757812 0.267111

0.753906 0.289322
0.757812 0.289668

0.757812 0.26711
0.761719 0.267444

0.757812 0.289671
0.761719 0.290115

0.761719 0.267446
0.765625 0.267865

0.761719 0.290019
0.765625 0.290749

0.765625 0.267869
0.769531 0.268362

0.765625 0.29076
0.769531 0.291944

0.769531 0.268337
0.773438 0.268946

0.769531 0.292314
0.772448 0.292969

0.772439 0.292969
0.773438 0.293193

0.773438 0.268981
0.776483 0.269531

0.776474 0.269531
0.777344 0.269688

0.773438 0.292929
0.77388 0.292969

0.773899 0.292969
0.777344 0.293281

0.777344 0.269678
0.78125 0.270429

0.777344 0.293167
0.78125 0.293756

0.78125 0.270417
0.785156 0.271255

0.78125 0.293666
0.785156 0.294898

0.785156 0.271241
0.789062 0.27222

0.785156 0.295282
0.789062 0.296568

0.789062 0.272245
0.792969 0.273346

0.789062 0.296596
0.790789 0.296875

0.791547 0.296875
0.792969 0.297105

0.792969 0.27335
0.793265 0.273438

0.793255 0.273438
0.796875 0.274513

0.793436 0.296875
0.796875 0.297588

0.796875 0.274469
0.800781 0.275765

0.796875 0.297671
0.800781 0.29928

0.800781 0.275797
0.804688 0.277252

0.800781 0.29983
0.803957 0.300781

0.8041 0.300781
0.804688 0.300957

0.804688 0.277258
0.804908 0.277344

0.804883 0.277344
0.808594 0.278787

0.804688 0.300682
0.805206 0.300781

0.807302 0.300781
0.808594 0.301028

0.808594 0.278755
0.8125 0.280371

0.808594 0.301062
0.8125 0.302742

0.8125 0.28038
0.814444 0.28125

0.814421 0.28125
0.816406 0.282138

0.8125 0.30347
0.81583 0.304688

0.815999 0.304688
0.816406 0.304837

0.816406 0.282127
0.820312 0.283987

0.816406 0.30464
0.816572 0.304688

0.818914 0.304688
0.820312 0.30509

0.820312 0.284014
0.82262 0.285156

0.822623 0.285156
0.824219 0.285946

0.820312 0.305512
0.824219 0.307339

0.824219 0.28593
0.828125 0.28792

0.824219 0.307865
0.82621 0.308594

0.827812 0.308594
0.828125 0.308708

0.828125 0.287942
0.830279 0.289062

0.830267 0.289062
0.832031 0.28998

0.828125 0.308552
0.82822 0.308594

0.828531 0.308594
0.832031 0.310135

0.832031 0.289967
0.835938 0.29201

0.832031 0.311007
0.835451 0.3125

0.835617 0.3125
0.835938 0.31264

0.835938 0.292026
0.83774 0.292969

0.837743 0.292969
0.839844 0.294068

0.835938 0.312377
0.836251 0.3125

0.837857 0.3125
0.839844 0.313282

0.839844 0.294074
0.84375 0.296078

0.839844 0.313999
0.84375 0.315855

0.84375 0.296088
0.845323 0.296875

0.845365 0.296875
0.847656 0.298022

0.84375 0.316083
0.844572 0.316406

0.846859 0.316406
0.847656 0.31672

0.847656 0.298045
0.851562 0.29993

0.847656 0.31706
0.851562 0.318931

0.851562 0.299944
0.853393 0.300781

0.853452 0.300781
0.855469 0.301703

0.851562 0.319589
0.853502 0.320312

0.854911 0.320312
0.855469 0.32052

0.855469 0.301696
0.859375 0.303425

0.856029 0.320312
0.859375 0.321703

0.859375 0.303484
0.862316 0.304688

0.862336 0.304688
0.863281 0.305074

0.859375 0.322582
0.863281 0.324208

0.863281 0.305005
0.867188 0.30651

0.863281 0.323838
0.864718 0.324219

0.866585 0.324219
0.867188 0.324378

0.867188 0.306559
0.871094 0.308026

0.867188 0.324587
0.871094 0.326344

0.871094 0.308067
0.872692 0.308594

0.87279 0.308594
0.875 0.309321

0.871094 0.327049
0.874453 0.328125

0.874448 0.328125
0.875 0.328302

0.875 0.309243
0.878906 0.310487

0.875 0.327467
0.8774 0.328125

0.877782 0.328125
0.878906 0.328433

0.878906 0.310558
0.882812 0.311803

0.878906 0.328921
0.882812 0.330712

0.882812 0.311846
0.885292 0.3125

0.885364 0.3125
0.886719 0.312858

0.882812 0.331053
0.886665 0.332031

0.886719 0.312768
0.890625 0.313717

0.886719 0.331553
0.890489 0.332031

0.890533 0.332031
0.890625 0.332043

0.890625 0.313775
0.894531 0.314729

0.890856 0.332031
0.894531 0.333114

0.894531 0.314728
0.898438 0.315573

0.894531 0.33338
0.898438 0.334823

0.898438 0.315576
0.902344 0.316307

0.898438 0.334991
0.902344 0.335863

0.902344 0.316338
0.902813 0.316406

0.902895 0.316406
0.90625 0.316896

0.902344 0.335854
0.90625 0.335834

0.90625 0.316877
0.910156 0.317286

0.90625 0.335101
0.910156 0.335674

0.909926 0.335938
0.910156 0.335973

0.910156 0.3173
0.914062 0.317557

0.910156 0.3359
0.910316 0.335938

0.910156 0.336533
0.914062 0.337448

0.914062 0.317523
0.917969 0.317667

0.914062 0.336835
0.917969 0.3376

0.917969 0.317716
0.921875 0.31772

0.917969 0.338065
0.921875 0.338976

0.921875 0.317712
0.925781 0.317493

0.921875 0.339058
0.925781 0.339019

0.925781 0.317469
0.929688 0.317091

0.925781 0.338041
0.929688 0.33884

0.929524 0.339844
0.929688 0.339877

0.929688 0.317119
0.933594 0.316573

0.929688 0.34017
0.933594 0.341103

0.9375 0.315793
0.934463 0.316406

0.933594 0.316587
0.934489 0.316406

0.933594 0.340224
0.9375 0.34039

0.9375 0.315804
0.941406 0.314735

0.9375 0.340564
0.941406 0.341374

0.941406 0.314677
0.945312 0.313425

0.941406 0.341546
0.945312 0.342308

0.949219 0.312075
0.948059 0.3125

0.945312 0.31347
0.947959 0.3125

0.945312 0.342273
0.949219 0.342712

0.949219 0.312055
0.953125 0.310318

0.949219 0.342698
0.953125 0.342913

0.957031 0.308356
0.956562 0.308594

0.953125 0.310272
0.956437 0.308594

0.953125 0.34287
0.957031 0.342974

0.957031 0.308335
0.960938 0.30612

0.957031 0.343065
0.960938 0.342962

0.964844 0.303631
0.963208 0.304688

0.960938 0.306096
0.963119 0.304688

0.960938 0.342482
0.964844 0.342948

0.964844 0.303585
0.96875 0.300783

0.964844 0.343703
0.965164 0.34375

0.965489 0.34375
0.96875 0.344224

0.972656 0.297708
0.968779 0.300781

0.96875 0.300806
0.968782 0.300781

0.96875 0.343692
0.969762 0.34375

0.968814 0.34375
0.972656 0.343972

0.976562 0.294269
0.97361 0.296875

0.972656 0.297695
0.973625 0.296875

0.972656 0.344106
0.976562 0.344689

0.980469 0.290426
0.977907 0.292969

0.976562 0.294261
0.97793 0.292969

0.976562 0.344757
0.980469 0.345277

0.984375 0.286197
0.981786 0.289062

0.980469 0.290441
0.981789 0.289062

0.980469 0.345259
0.984375 0.345616

0.988281 0.281607
0.985303 0.285156

0.984375 0.286223
0.98531 0.285156

0.984375 0.34561
0.988281 0.345852

0.992188 0.276553
0.991604 0.277344

0.991642 0.277344
0.988575 0.28125

0.988281 0.281616
0.988579 0.28125

0.988281 0.345845
0.992188 0.345997

0.996094 0.271143
0.994491 0.273438

0.992188 0.276604
0.994521 0.273438

0.992188 0.34599
0.996094 0.346081

1 0.265297
0.999798 0.265625

0.999833 0.265625
0.997233 0.269531

0.996094 0.271188
0.997239 0.269531

0.996094 0.346082
1 0.346124

1.00391 0.258944
1.00225 0.261719

1 0.265379
1.00229 0.261719

1 0.346114
1.00391 0.346124

1.00781 0.252026
1.0068 0.253906

1.00684 0.253906
1.00462 0.257812

1.00391 0.258992
1.00461 0.257812

1.00391 0.346124
1.00781 0.346124

1.01172 0.244484
1.01093 0.246094

1.01096 0.246094
1.00894 0.25

1.00781 0.252096
1.00894 0.25

1.00781 0.34612
1.01172 0.346119

1.01562 0.236209
1.01469 0.238281

1.01472 0.238281
1.01288 0.242188

1.01172 0.244547
1.01288 0.242188

1.01172 0.346103
1.01562 0.346141

1.01953 0.227103
1.01814 0.230469

1.01817 0.230469
1.01648 0.234375

1.01562 0.236248
1.01647 0.234375

1.01562 0.346129
1.01953 0.34626

1.02344 0.217009
1.0228 0.21875

1.02281 0.21875
1.02132 0.222656

1.02133 0.222656
1.01978 0.226562

1.01953 0.227124
1.01976 0.226562

1.01953 0.346293
1.02344 0.346473

1.02734 0.205741
1.02692 0.207031

1.02692 0.207031
1.02561 0.210938

1.02562 0.210938
1.02425 0.214844

1.02344 0.217028
1.02424 0.214844

1.02344 0.346496
1.02734 0.346614

1.03125 0.192988
1.03058 0.195312

1.03058 0.195312
1.02942 0.199219

1.02943 0.199219
1.02821 0.203125

1.02734 0.20575
1.0282 0.203125

1.02734 0.346562
1.03125 0.346674

1.03516 0.178347
1.03483 0.179688

1.03482 0.179688
1.03383 0.183594

1.03383 0.183594
1.0328 0.1875

1.0328 0.1875
1.03171 0.191406

1.03125 0.192988
1.03171 0.191406

1.03125 0.346692
1.03516 0.346869

1.03906 0.161099
1.03844 0.164062

1.03844 0.164062
1.0376 0.167969

1.0376 0.167969
1.03672 0.171875

1.03672 0.171875
1.03579 0.175781

1.03516 0.178344
1.03579 0.175781

1.03516 0.346953
1.03906 0.346989

1.04297 0.140031
1.04287 0.140625

1.04287 0.140625
1.04221 0.144531

1.04221 0.144531
1.04152 0.148438

1.04152 0.148438
1.0408 0.152344

1.0408 0.152344
1.04005 0.15625

1.04005 0.15625
1.03926 0.160156

1.03906 0.161097
1.03926 0.160156

1.03906 0.346996
1.04297 0.346706

1.04688 0.112479
1.04678 0.113281

1.04678 0.113281
1.04629 0.117188

1.04629 0.117188
1.04578 0.121094

1.04578 0.121094
1.04525 0.125

1.04525 0.125
1.0447 0.128906

1.0447 0.128906
1.04412 0.132812

1.04412 0.132812
1.04351 0.136719

1.04297 0.140019
1.04351 0.136719

1.04297 0.346715
1.04688 0.34607

1.05078 0.0701985
1.05077 0.0703125

1.05077 0.0703125
1.0505 0.0742188

1.0505 0.0742188
1.05021 0.078125

1.05021 0.078125
1.04991 0.0820312

1.04991 0.0820312
1.04959 0.0859375

1.04959 0.0859375
1.04924 0.0898438

1.04924 0.0898438
1.04888 0.09375

1.04888 0.09375
1.0485 0.0976562

1.0485 0.0976562
1.0481 0.101562

1.0481 0.101562
1.04768 0.105469

1.04769 0.105469
1.04724 0.109375

1.04688 0.112468
1.04724 0.109375

1.04688 0.346004
1.05078 0.345118

1.05305 0
1.05304 0.00390625

1.05304 0.00390625
1.05302 0.0078125

1.05302 0.0078125
1.05299 0.0117188

1.05299 0.0117188
1.05294 0.015625

1.05294 0.015625
1.05288 0.0195312

1.05288 0.0195312
1.0528 0.0234375

1.0528 0.0234375
1.05272 0.0273438

1.05271 0.0273438
1.05261 0.03125

1.05261 0.03125
1.0525 0.0351562

1.0525 0.0351562
1.05237 0.0390625

1.05236 0.0390625
1.05222 0.0429688

1.05222 0.0429688
1.05206 0.046875

1.05206 0.046875
1.05188 0.0507812

1.05188 0.0507812
1.05169 0.0546875

1.05169 0.0546875
1.05149 0.0585938

1.05149 0.0585938
1.05126 0.0625

1.05126 0.0625
1.05103 0.0664062

1.05078 0.0701902
1.05103 0.0664062

1.05078 0.344959
1.05469 0.344278

1.05469 0.344324
1.05859 0.344077

1.05859 0.344154
1.0625 0.344095

1.0625 0.344161
1.06641 0.344001

1.07031 0.343656
1.06869 0.34375

1.06641 0.343932
1.06955 0.34375

1.07422 0.343322
1.07178 0.34375

1.07031 0.343883
1.07107 0.34375

1.07422 0.343321
1.07812 0.341547

1.08203 0.339609
1.0813 0.339844

1.07812 0.340651
1.08063 0.339844

1.08594 0.339649
1.08446 0.339844

1.08203 0.340177
1.08456 0.339844

1.08984 0.338104
1.08623 0.339844

1.08594 0.340048
1.08636 0.339844

1.09375 0.335884
1.09361 0.335938

1.08984 0.336723
1.09197 0.335938

1.09375 0.336189
1.09766 0.33615

1.09766 0.33592
1.09871 0.335938

1.09766 0.336043
1.10156 0.336108

1.10547 0.335891
1.10524 0.335938

1.10156 0.336687
1.10534 0.335938

1.10938 0.331759
1.10903 0.332031

1.10547 0.335766
1.10938 0.333283

1.10938 0.33185
1.11328 0.330811

1.10938 0.332098
1.1096 0.332031

1.11328 0.331976
1.11358 0.332031

1.11328 0.332073
1.11719 0.332796

1.11719 0.332999
1.12109 0.332557

1.125 0.327293
1.12436 0.328125

1.125 0.330043
1.12246 0.332031

1.12109 0.332903
1.12256 0.332031

1.125 0.32744
1.12891 0.325903

1.12891 0.327682
1.13107 0.328125

1.12979 0.328125
1.13281 0.328744

1.13672 0.327537
1.13545 0.328125

1.13281 0.329055
1.13486 0.328125

1.14062 0.323874
1.1399 0.324219

1.13672 0.325579
1.1394 0.324219

1.14062 0.324109
1.14349 0.324219

1.14062 0.324268
1.14453 0.324418

1.14844 0.324155
1.14817 0.324219

1.14453 0.325378
1.14844 0.324532

1.15234 0.320129
1.15207 0.320312

1.14844 0.323839
1.15234 0.321384

1.15234 0.320193
1.15625 0.319434

1.15234 0.320923
1.15529 0.320312

1.16016 0.320134
1.15944 0.320312

1.15625 0.321558
1.16016 0.320645

1.16406 0.316202
1.16366 0.316406

1.16016 0.319369
1.16406 0.317066

1.16797 0.315951
1.16535 0.316406

1.16406 0.316967
1.16722 0.316406

1.17188 0.31627
1.17156 0.316406

1.16797 0.317579
1.17097 0.316406

1.17578 0.311598
1.17316 0.3125

1.17188 0.314209
1.17578 0.312641

1.17578 0.313933
1.17969 0.313496

1.18359 0.311194
1.18145 0.3125

1.17969 0.31324
1.18092 0.3125

1.1875 0.308105
1.18623 0.308594

1.18359 0.309779
1.18657 0.308594

1.19141 0.308485
1.19118 0.308594

1.1875 0.309967
1.19066 0.308594

1.19531 0.303893
1.19332 0.304688

1.19141 0.306489
1.19524 0.304688

1.19922 0.304514
1.19869 0.304688

1.19531 0.306125
1.19922 0.304855

1.19922 0.303858
1.20312 0.301805

1.20312 0.302204
1.20636 0.300781

1.20703 0.300386
1.21094 0.298412

1.21094 0.298451
1.21365 0.296875

1.21484 0.295852
1.21875 0.293867

1.22266 0.291874
1.22124 0.292969

1.21875 0.294946
1.22145 0.292969

1.22656 0.288864
1.22615 0.289062

1.22266 0.289615
1.22362 0.289062

1.23047 0.288384
1.22825 0.289062

1.22656 0.289604
1.22836 0.289062

1.23438 0.284675
1.23395 0.285156

1.23047 0.288495
1.23423 0.285156

1.23828 0.281119
1.23813 0.28125

1.23438 0.283789
1.23689 0.28125

1.23828 0.280039
1.24219 0.277692

1.24609 0.27611
1.24412 0.277344

1.24219 0.278605
1.24428 0.277344

1.25 0.272326
1.24878 0.273438

1.24609 0.275645
1.24861 0.273438

1.25391 0.26864
1.25302 0.269531

1.25 0.272224
1.25286 0.269531

1.25781 0.264194
1.25663 0.265625

1.25391 0.268561
1.25652 0.265625

1.26172 0.25939
1.26007 0.261719

1.25781 0.263529
1.2593 0.261719

1.26562 0.252721
1.26494 0.253906

1.26457 0.253906
1.2624 0.257812

1.26172 0.258694
1.26232 0.257812

1.26953 0.244936
1.26875 0.246094

1.26904 0.246094
1.26691 0.25

1.26562 0.25118
1.2663 0.25

1.27344 0.24053
1.2724 0.242188

1.26953 0.244508
1.27115 0.242188

1.27734 0.234081
1.27717 0.234375

1.27589 0.234375
1.27367 0.238281

1.27344 0.23984
1.27439 0.238281

1.28125 0.225347
1.28055 0.226562

1.2802 0.226562
1.27836 0.230469

1.27734 0.233078
1.27885 0.230469

1.28516 0.217551
1.28446 0.21875

1.28478 0.21875
1.2828 0.222656

1.28125 0.224872
1.28253 0.222656

1.28906 0.210036
1.28858 0.210938

1.28906 0.211472
1.28729 0.214844

1.28516 0.21722
1.28653 0.214844

1.29297 0.202239
1.29252 0.203125

1.29297 0.20435
1.29163 0.207031

1.28906 0.209915
1.29063 0.207031

1.28906 0.211351
1.28927 0.210938

1.29688 0.194457
1.29646 0.195312

1.29688 0.196823
1.29568 0.199219

1.29297 0.202141
1.29448 0.199219

1.29297 0.203985
1.29339 0.203125

1.30078 0.186967
1.30054 0.1875

1.30078 0.188881
1.29952 0.191406

1.29688 0.194331
1.29831 0.191406

1.29688 0.196554
1.29748 0.195312

1.30469 0.179169
1.30444 0.179688

1.30469 0.18031
1.30308 0.183594

1.30078 0.186518
1.30212 0.183594

1.30078 0.18859
1.30132 0.1875

1.30859 0.171862
1.30859 0.171875

1.30859 0.172171
1.30673 0.175781

1.30469 0.1784
1.30593 0.175781

1.30469 0.180231
1.30495 0.179688

1.3125 0.164347
1.31068 0.167969

1.30859 0.170847
1.31004 0.167969

1.30859 0.17209
1.3087 0.171875

1.31641 0.156508
1.31459 0.160156

1.3125 0.163122
1.31398 0.160156

1.3125 0.164266
1.3126 0.164062

1.32031 0.148594
1.31839 0.152344

1.31641 0.155277
1.31784 0.152344

1.31641 0.156451
1.31651 0.15625

1.32421 0.140625
1.32223 0.144531

1.32031 0.147732
1.32188 0.144531

1.32031 0.148535
1.32036 0.148438

1.32809 0.132812
1.32614 0.136719

1.32422 0.140004
1.32586 0.136719

1.33203 0.125002
1.33005 0.128906

1.32812 0.132153
1.32976 0.128906

1.33594 0.117276
1.33402 0.121094

1.33203 0.124464
1.33374 0.121094

1.33984 0.109535
1.33799 0.113281

1.33594 0.116682
1.33766 0.113281

1.34375 0.101696
1.34187 0.105469

1.33984 0.108805
1.3415 0.105469

1.33984 0.109471
1.33989 0.109375

1.34766 0.093713
1.34764 0.09375

1.34735 0.09375
1.34547 0.0976562

1.34375 0.101124
1.34534 0.0976562

1.34375 0.101616
1.34378 0.101562

1.35156 0.0848083
1.35112 0.0859375

1.3507 0.0859375
1.34892 0.0898438

1.34766 0.0929883
1.34902 0.0898438

1.35547 0.0748376
1.35409 0.078125

1.35367 0.078125
1.3521 0.0820312

1.35156 0.0843247
1.35247 0.0820312

1.35938 0.0644595
1.35872 0.0664062

1.3584 0.0664062
1.35681 0.0703125

1.35683 0.0703125
1.35548 0.0742188

1.35547 0.0747676
1.3557 0.0742188

1.36328 0.0524687
1.3626 0.0546875

1.36238 0.0546875
1.3609 0.0585938

1.3608 0.0585938
1.35965 0.0625

1.35938 0.0642012
1.35994 0.0625

1.36719 0.037593
1.36688 0.0390625

1.36684 0.0390625
1.36569 0.0429688

1.36554 0.0429688
1.36443 0.046875

1.3645 0.046875
1.3636 0.0507812

1.36328 0.0523146
1.36375 0.0507812

1.37109 0.0103486
1.371 0.0117188

1.37093 0.0117188
1.37051 0.015625

1.37053 0.015625
1.37006 0.0195312

1.37001 0.0195312
1.36953 0.0234375

1.36962 0.0234375
1.36905 0.0273438

1.36899 0.0273438
1.36828 0.03125

1.36825 0.03125
1.36757 0.0351562

1.36719 0.0374984
1.36768 0.0351562

1.37131 0
1.37128 0.00390625

1.37128 0.00390625
1.37119 0.0078125

1.37109 0.0101822
1.37125 0.0078125

kappa_offset_provider_stats evaluations=676567 clamp_hits=0 denominator_guard_hits=0 min_abs_denominator=0.42260085324860919 max_abs_d_over_h=6.2430715210421353 grad_samples=676567 grad_min=0.46007319102221944 grad_mean=3.8491323504543615 grad_std=3.9215935003740605 grad_max=25.637160123071649
