0.914289 0
0.914302 0.0078125

0.914302 0.0078125
0.914339 0.015625

0.914339 0.015625
0.914401 0.0234375

0.914401 0.0234375
0.914488 0.03125

0.914488 0.03125
0.914601 0.0390625

0.914601 0.0390625
0.914741 0.046875

0.914741 0.046875
0.914909 0.0546875

0.914909 0.0546875
0.915105 0.0625

0.915105 0.0625
0.915331 0.0703125

0.915331 0.0703125
0.915588 0.078125

0.915588 0.078125
0.915878 0.0859375

0.915878 0.0859375
0.916203 0.09375

0.916203 0.09375
0.916565 0.101562

0.916564 0.101562
0.916966 0.109375

0.916965 0.109375
0.917408 0.117188

0.917407 0.117188
0.917895 0.125

0.917895 0.125
0.918431 0.132812

0.91843 0.132812
0.919018 0.140625

0.919017 0.140625
0.91966 0.148438

0.919659 0.148438
0.920363 0.15625

0.920362 0.15625
0.921131 0.164062

0.921129 0.164062
0.921875 0.171009

0.921875 0.171002
0.921969 0.171875

0.921966 0.171875
0.922883 0.179688

0.922881 0.179688
0.923884 0.1875

0.923882 0.1875
0.924977 0.195312

0.924975 0.195312
0.926173 0.203125

0.92617 0.203125
0.927477 0.210938

0.927475 0.210938
0.928902 0.21875

0.928891 0.21875
0.929688 0.222715

0.929688 0.222688
0.930465 0.226562

0.93046 0.226562
0.93219 0.234375

0.932188 0.234375
0.934088 0.242188

0.934083 0.242188
0.936167 0.25

0.936141 0.25
0.9375 0.254579

0.9375 0.254529
0.938474 0.257812

0.938469 0.257812
0.941053 0.265625

0.941042 0.265625
0.943905 0.273438

0.943846 0.273438
0.945312 0.276989

0.945312 0.27687
0.947122 0.28125

0.947106 0.28125
0.950748 0.289062

0.950658 0.289062
0.953125 0.293684

0.953125 0.293561
0.954894 0.296875

0.954848 0.296875
0.959691 0.304688

0.95953 0.304688
0.960938 0.306757

0.960938 0.306485
0.965365 0.3125

0.965272 0.3125
0.96875 0.316598

0.96875 0.316375
0.972445 0.320312

0.972247 0.320312
0.976562 0.324347

0.976562 0.324285
0.981561 0.328125

0.981076 0.328125
0.984375 0.330463

0.984375 0.330193
0.992188 0.334806

0.992188 0.334859
0.994647 0.335938

0.994498 0.335938
1 0.338349

1 0.338179
1.00781 0.340516

1.00781 0.340521
1.01562 0.342061

1.01562 0.342054
1.02344 0.342798

1.02344 0.342789
1.03125 0.342769

1.03125 0.34275
1.03906 0.342021

1.03906 0.342001
1.04688 0.340641

1.04688 0.340624
1.05469 0.338709

1.05469 0.338695
1.0625 0.336286

1.07031 0.333381
1.06351 0.335938

1.0625 0.336315
1.06351 0.335938

1.07031 0.333319
1.07812 0.329927

1.08594 0.326174
1.08195 0.328125

1.07812 0.329954
1.08186 0.328125

1.08594 0.326087
1.09375 0.321867

1.10156 0.31735
1.09652 0.320312

1.09375 0.321884
1.09643 0.320312

1.10938 0.312296
1.10905 0.3125

1.10156 0.317296
1.10905 0.3125

1.10938 0.312278
1.11719 0.306957

1.125 0.301354
1.12039 0.304688

1.11719 0.30692
1.12032 0.304688

1.13281 0.295396
1.1309 0.296875

1.125 0.301286
1.13072 0.296875

1.14062 0.288948
1.14049 0.289062

1.13281 0.295294
1.14046 0.289062

1.14062 0.288931
1.14844 0.28223

1.15625 0.275187
1.14953 0.28125

1.14844 0.282199
1.14951 0.28125

1.16406 0.267786
1.15809 0.273438

1.15625 0.275129
1.15807 0.273438

1.17188 0.259942
1.16624 0.265625

1.16406 0.267715
1.16619 0.265625

1.17969 0.251702
1.17396 0.257812

1.17188 0.259907
1.1739 0.257812

1.1875 0.243052
1.18128 0.25

1.17969 0.251689
1.18124 0.25

1.19531 0.233996
1.195 0.234375

1.19492 0.234375
1.18827 0.242188

1.1875 0.243034
1.18824 0.242188

1.20312 0.224216
1.20131 0.226562

1.19531 0.233878
1.20126 0.226562

1.21094 0.213875
1.20733 0.21875

1.20312 0.224129
1.20729 0.21875

1.21875 0.202962
1.21864 0.203125

1.21858 0.203125
1.21309 0.210938

1.21094 0.213849
1.21304 0.210938

1.22656 0.191023
1.22383 0.195312

1.21875 0.202854
1.2238 0.195312

1.23438 0.178246
1.23355 0.179688

1.23351 0.179688
1.22878 0.1875

1.22656 0.190956
1.22877 0.1875

1.24219 0.16417
1.238 0.171875

1.23438 0.178154
1.23798 0.171875

1.25 0.148565
1.24627 0.15625

1.24625 0.15625
1.24223 0.164062

1.24219 0.164157
1.24224 0.164062

1.25781 0.130815
1.25701 0.132812

1.25699 0.132812
1.25363 0.140625

1.25362 0.140625
1.25005 0.148438

1.25 0.148552
1.25006 0.148438

1.26562 0.109924
1.26308 0.117188

1.26307 0.117188
1.26013 0.125

1.25781 0.130753
1.26013 0.125

1.27344 0.0834958
1.27283 0.0859375

1.27283 0.0859375
1.27068 0.09375

1.27068 0.09375
1.26834 0.101562

1.26834 0.101562
1.26581 0.109375

1.26562 0.109915
1.26581 0.109375

1.28125 0.0422505
1.28066 0.046875

1.28065 0.046875
1.27946 0.0546875

1.27946 0.0546875
1.27808 0.0625

1.27808 0.0625
1.27652 0.0703125

1.27651 0.0703125
1.27476 0.078125

1.27344 0.0834561
1.27476 0.078125

1.28393 0
1.28384 0.0078125

1.28384 0.0078125
1.28357 0.015625

1.28357 0.015625
1.28311 0.0234375

1.28311 0.0234375
1.28248 0.03125

1.28248 0.03125
1.28166 0.0390625

1.28125 0.0422307
1.28166 0.0390625

