0.605469 0.30278
0.604473 0.304688

0.604767 0.304688
0.605462 0.308594

0.605236 0.308594
0.605469 0.308999

0.609375 0.299775
0.607965 0.300781

0.605469 0.303409
0.607512 0.300781

0.605469 0.308822
0.609375 0.312488

0.609375 0.299832
0.613281 0.297908

0.609375 0.311325
0.612172 0.3125

0.610895 0.3125
0.613281 0.313503

0.613281 0.297994
0.617188 0.296885

0.613281 0.31321
0.617188 0.314665

0.621094 0.296369
0.617646 0.296875

0.617188 0.296916
0.617465 0.296875

0.617188 0.314641
0.621094 0.315951

0.621094 0.296504
0.625 0.296081

0.621094 0.315936
0.62263 0.316406

0.622498 0.316406
0.625 0.317172

0.625 0.296015
0.628906 0.295597

0.625 0.3171
0.628906 0.318273

0.628906 0.295587
0.632812 0.295327

0.628906 0.318325
0.632812 0.319485

0.632812 0.295351
0.636719 0.29522

0.632812 0.319476
0.635904 0.320312

0.635871 0.320312
0.636719 0.320542

0.636719 0.295228
0.640625 0.295161

0.636719 0.320514
0.640625 0.321522

0.640625 0.29516
0.644531 0.295143

0.640625 0.321529
0.644531 0.322514

0.644531 0.295145
0.648438 0.295175

0.644531 0.322534
0.648438 0.323443

0.648438 0.295179
0.652344 0.295244

0.648438 0.32343
0.652194 0.324219

0.652218 0.324219
0.652344 0.324245

0.652344 0.295246
0.65625 0.295335

0.652344 0.324241
0.65625 0.325018

0.65625 0.295335
0.660156 0.295442

0.65625 0.325017
0.660156 0.325767

0.660156 0.295442
0.664062 0.29557

0.660156 0.325782
0.664062 0.32648

0.664062 0.295571
0.667969 0.295717

0.664062 0.326475
0.667969 0.3271

0.667969 0.29572
0.671875 0.295879

0.667969 0.327101
0.671875 0.327661

0.671875 0.295881
0.675781 0.296047

0.671875 0.327657
0.675518 0.328125

0.675557 0.328125
0.675781 0.328154

0.675781 0.296043
0.679688 0.296219

0.675781 0.328152
0.679688 0.328616

0.679688 0.296208
0.683594 0.296422

0.679688 0.328622
0.683594 0.32905

0.683594 0.296429
0.6875 0.296687

0.683594 0.329053
0.6875 0.329425

0.6875 0.296699
0.690065 0.296875

0.690094 0.296875
0.691406 0.296965

0.6875 0.32942
0.691406 0.329741

0.691406 0.296961
0.695312 0.297226

0.691406 0.329741
0.695312 0.330022

0.695312 0.297219
0.699219 0.297504

0.695312 0.330022
0.699219 0.330263

0.699219 0.297503
0.703125 0.297824

0.699219 0.330263
0.703125 0.330465

0.703125 0.297826
0.707031 0.298183

0.703125 0.330464
0.707031 0.330628

0.707031 0.298186
0.710938 0.298571

0.707031 0.330627
0.710938 0.330755

0.710938 0.298573
0.714844 0.298975

0.710938 0.330754
0.714844 0.330852

0.714844 0.298968
0.71875 0.299398

0.714844 0.330852
0.71875 0.330922

0.71875 0.299381
0.722656 0.299889

0.71875 0.330921
0.722656 0.330966

0.722656 0.299911
0.726562 0.300488

0.722656 0.330966
0.726562 0.330988

0.726562 0.300498
0.728443 0.300781

0.728477 0.300781
0.730469 0.301082

0.726562 0.330988
0.730469 0.33099

0.730469 0.301078
0.734375 0.301678

0.730469 0.330988
0.734375 0.330973

0.734375 0.301674
0.738281 0.302305

0.734375 0.330972
0.738281 0.330945

0.738281 0.302285
0.742188 0.302994

0.738281 0.330945
0.742188 0.330908

0.742188 0.302999
0.746094 0.303819

0.742188 0.330909
0.746094 0.330861

0.746094 0.303853
0.74991 0.304688

0.749953 0.304688
0.75 0.304698

0.746094 0.330862
0.75 0.3308

0.75 0.304703
0.753906 0.305532

0.75 0.330798
0.753906 0.330727

0.753906 0.305505
0.757812 0.306371

0.753906 0.330724
0.757812 0.330656

0.757812 0.306355
0.761719 0.307343

0.757812 0.330658
0.761719 0.330594

0.761719 0.307395
0.765625 0.308429

0.761719 0.330601
0.765625 0.330524

0.765625 0.308436
0.76627 0.308594

0.766261 0.308594
0.769531 0.309395

0.765625 0.33052
0.769531 0.330425

0.769531 0.309367
0.773438 0.310284

0.769531 0.330416
0.773438 0.330328

0.773438 0.310259
0.777344 0.311242

0.773438 0.330322
0.777344 0.330272

0.777344 0.311291
0.78125 0.312293

0.777344 0.330294
0.78125 0.330249

0.78125 0.312301
0.78211 0.3125

0.7821 0.3125
0.785156 0.313206

0.78125 0.330242
0.785156 0.330174

0.785156 0.313195
0.789062 0.313996

0.785156 0.330172
0.789062 0.330102

0.789062 0.313999
0.792969 0.31471

0.789062 0.330104
0.792969 0.330032

0.792969 0.314718
0.796875 0.315318

0.792969 0.330033
0.796875 0.32995

0.796875 0.31532
0.800781 0.31579

0.796875 0.329951
0.800781 0.329854

0.800781 0.315791
0.804688 0.316126

0.800781 0.329854
0.804688 0.329745

0.804688 0.316124
0.808594 0.316327

0.804688 0.329744
0.808594 0.329624

0.808594 0.316323
0.8125 0.316405

0.808594 0.329623
0.8125 0.329498

0.8125 0.316399
0.816406 0.31638

0.8125 0.329496
0.816406 0.329373

0.816406 0.316374
0.820312 0.31628

0.816406 0.329372
0.820312 0.329255

0.820312 0.316275
0.824219 0.316125

0.820312 0.329254
0.824219 0.32915

0.824219 0.316122
0.828125 0.315932

0.824219 0.329149
0.828125 0.329062

0.828125 0.315929
0.832031 0.31571

0.828125 0.329061
0.832031 0.328994

0.832031 0.315708
0.835938 0.315467

0.832031 0.328996
0.835938 0.328947

0.835938 0.315465
0.839844 0.315208

0.835938 0.32895
0.839844 0.328913

0.839844 0.315207
0.84375 0.314938

0.839844 0.328915
0.84375 0.328881

0.84375 0.314937
0.847656 0.314661

0.84375 0.328882
0.847656 0.328843

0.847656 0.31466
0.851562 0.31438

0.847656 0.328843
0.851562 0.328795

0.851562 0.314379
0.855469 0.314101

0.851562 0.328795
0.855469 0.328736

0.855469 0.3141
0.859375 0.313828

0.855469 0.328737
0.859375 0.328666

0.859375 0.313827
0.863281 0.313564

0.859375 0.328666
0.863281 0.328583

0.863281 0.313564
0.867188 0.313315

0.863281 0.328583
0.867188 0.328486

0.867188 0.313315
0.871094 0.313083

0.867188 0.328487
0.871094 0.328373

0.871094 0.313082
0.875 0.31287

0.871094 0.328371
0.875 0.328243

0.875 0.312868
0.878906 0.312683

0.878906 0.328111
0.878474 0.328125

0.875 0.328236
0.878437 0.328125

0.878906 0.312686
0.882812 0.312527

0.878906 0.328111
0.882812 0.327997

0.886719 0.312387
0.883717 0.3125

0.882812 0.312529
0.883578 0.3125

0.882812 0.328005
0.886719 0.327885

0.886719 0.312384
0.890625 0.312238

0.886719 0.327883
0.890625 0.327742

0.890625 0.312233
0.894531 0.312099

0.890625 0.327731
0.894531 0.327596

0.894531 0.312098
0.898438 0.311991

0.894531 0.327588
0.898438 0.327496

0.898438 0.311992
0.902344 0.311912

0.898438 0.327494
0.902344 0.327465

0.902344 0.311914
0.90625 0.311855

0.902344 0.327467
0.90625 0.3275

0.90625 0.311857
0.910156 0.311812

0.90625 0.327506
0.910156 0.327585

0.910156 0.311818
0.914062 0.311771

0.910156 0.327591
0.914062 0.327692

0.914062 0.31178
0.917969 0.311699

0.914062 0.327695
0.917969 0.3278

0.917969 0.311702
0.921875 0.311561

0.917969 0.327799
0.921875 0.327906

0.921875 0.311551
0.925781 0.311362

0.921875 0.327899
0.925781 0.328025

0.925781 0.311357
0.929688 0.311149

0.925781 0.328015
0.928318 0.328125

0.928023 0.328125
0.929688 0.328197

0.929688 0.311175
0.933594 0.310906

0.929688 0.328198
0.933594 0.328404

0.933594 0.310926
0.9375 0.310505

0.933594 0.328409
0.9375 0.328622

0.9375 0.310491
0.941406 0.309907

0.9375 0.328615
0.941406 0.328839

0.941406 0.309883
0.945312 0.309214

0.941406 0.328841
0.945312 0.329086

0.949219 0.308463
0.948539 0.308594

0.945312 0.309241
0.948672 0.308594

0.945312 0.329094
0.949219 0.329342

0.949219 0.30855
0.953125 0.307534

0.949219 0.329345
0.953125 0.329575

0.953125 0.307513
0.957031 0.306147

0.953125 0.329569
0.957031 0.329788

0.960938 0.304454
0.960379 0.304688

0.957031 0.306133
0.960486 0.304688

0.957031 0.329789
0.960938 0.330011

0.960938 0.304528
0.964844 0.302596

0.960938 0.330016
0.964844 0.330229

0.96875 0.300185
0.967756 0.300781

0.964844 0.302645
0.96795 0.300781

0.964844 0.330231
0.96875 0.33042

0.96875 0.300282
0.972656 0.297466

0.96875 0.330419
0.972656 0.33058

0.976562 0.294145
0.973363 0.296875

0.972656 0.297472
0.973404 0.296875

0.972656 0.33058
0.976562 0.330714

0.980469 0.290201
0.97779 0.292969

0.976562 0.294147
0.977808 0.292969

0.976562 0.330716
0.980469 0.33082

0.984375 0.28559
0.981512 0.289062

0.980469 0.290225
0.981517 0.289062

0.980469 0.330821
0.984375 0.330891

0.988281 0.280033
0.987506 0.28125

0.987524 0.28125
0.984709 0.285156

0.984375 0.285607
0.984725 0.285156

0.984375 0.330892
0.988281 0.330926

0.992188 0.273463
0.989984 0.277344

0.988281 0.28004
0.989999 0.277344

0.988281 0.330926
0.992188 0.330922

0.996094 0.2653
0.995959 0.265625

0.995964 0.265625
0.994174 0.269531

0.994183 0.269531
0.992195 0.273438

0.992188 0.273446
0.992192 0.273438

0.992188 0.330922
0.996094 0.330878

1 0.254978
0.999034 0.257812

0.99904 0.257812
0.997575 0.261719

0.996094 0.265299
0.997578 0.261719

0.996094 0.330878
1 0.330794

1.00391 0.241193
1.00367 0.242188

1.00367 0.242188
1.00267 0.246094

1.00267 0.246094
1.00157 0.25

1.00157 0.25
1.00036 0.253906

1 0.254973
1.00036 0.253906

1 0.330794
1.00391 0.330669

1.00781 0.220655
1.00751 0.222656

1.00751 0.222656
1.00688 0.226562

1.00688 0.226562
1.00618 0.230469

1.00619 0.230469
1.00542 0.234375

1.00542 0.234375
1.00459 0.238281

1.00391 0.241184
1.00459 0.238281

1.00391 0.330669
1.00781 0.330503

1.01172 0.181215
1.01157 0.183594

1.01157 0.183594
1.0113 0.1875

1.0113 0.1875
1.011 0.191406

1.011 0.191406
1.01069 0.195312

1.01069 0.195312
1.01034 0.199219

1.01034 0.199219
1.00997 0.203125

1.00997 0.203125
1.00956 0.207031

1.00956 0.207031
1.00911 0.210938

1.00912 0.210938
1.00863 0.214844

1.00863 0.214844
1.00809 0.21875

1.00781 0.220647
1.0081 0.21875

1.00781 0.330502
1.01172 0.330294

1.01562 0.0520723
1.01559 0.0546875

1.01559 0.0546875
1.01553 0.0585938

1.01553 0.0585938
1.01547 0.0625

1.01547 0.0625
1.0154 0.0664062

1.0154 0.0664062
1.01534 0.0703125

1.01534 0.0703125
1.01526 0.0742188

1.01526 0.0742188
1.01519 0.078125

1.01519 0.078125
1.01511 0.0820312

1.01511 0.0820312
1.01503 0.0859375

1.01503 0.0859375
1.01495 0.0898438

1.01495 0.0898438
1.01486 0.09375

1.01486 0.09375
1.01477 0.0976562

1.01477 0.0976562
1.01468 0.101562

1.01468 0.101562
1.01459 0.105469

1.01459 0.105469
1.01449 0.109375

1.01449 0.109375
1.01439 0.113281

1.01439 0.113281
1.01428 0.117188

1.01428 0.117188
1.01418 0.121094

1.01418 0.121094
1.01407 0.125

1.01407 0.125
1.01395 0.128906

1.01395 0.128906
1.01383 0.132812

1.01383 0.132812
1.01371 0.136719

1.01371 0.136719
1.01358 0.140625

1.01358 0.140625
1.01344 0.144531

1.01344 0.144531
1.0133 0.148438

1.0133 0.148438
1.01315 0.152344

1.01315 0.152344
1.01299 0.15625

1.01299 0.15625
1.01283 0.160156

1.01283 0.160156
1.01265 0.164062

1.01265 0.164062
1.01246 0.167969

1.01246 0.167969
1.01226 0.171875

1.01226 0.171875
1.01205 0.175781

1.01205 0.175781
1.01182 0.179688

1.01172 0.181203
1.01182 0.179688

1.01172 0.330294
1.01562 0.330045

1.016 0
1.01599 0.00390625

1.01599 0.00390625
1.01599 0.0078125

1.01599 0.0078125
1.01598 0.0117188

1.01598 0.0117188
1.01596 0.015625

1.01596 0.015625
1.01594 0.0195312

1.01594 0.0195312
1.01592 0.0234375

1.01592 0.0234375
1.01589 0.0273438

1.01589 0.0273438
1.01586 0.03125

1.01586 0.03125
1.01582 0.0351562

1.01582 0.0351562
1.01578 0.0390625

1.01578 0.0390625
1.01574 0.0429688

1.01574 0.0429688
1.01569 0.046875

1.01569 0.046875
1.01564 0.0507812

1.01562 0.0520726
1.01564 0.0507812

1.01562 0.330045
1.01953 0.329754

1.01953 0.329754
1.02344 0.329421

1.02344 0.329421
1.02734 0.329047

1.02734 0.329047
1.03125 0.328632

1.03125 0.328631
1.03516 0.328176

1.03906 0.327681
1.03556 0.328125

1.03516 0.328182
1.03561 0.328125

1.03906 0.327681
1.04297 0.327141

1.04297 0.32714
1.04688 0.326558

1.04688 0.326557
1.05078 0.325934

1.05078 0.325934
1.05469 0.325273

1.05469 0.325272
1.05859 0.324574

1.0625 0.323836
1.06048 0.324219

1.05859 0.324577
1.06049 0.324219

1.0625 0.323838
1.06641 0.323056

1.06641 0.323055
1.07031 0.322233

1.07031 0.322232
1.07422 0.321372

1.07422 0.321372
1.07812 0.320476

1.08203 0.319541
1.07882 0.320312

1.07812 0.320482
1.07883 0.320312

1.08203 0.31954
1.08594 0.318559

1.08594 0.318557
1.08984 0.317539

1.08984 0.31754
1.09375 0.316485

1.09766 0.31539
1.09404 0.316406

1.09375 0.316491
1.09405 0.316406

1.09766 0.315387
1.10156 0.314247

1.10156 0.314246
1.10547 0.313069

1.10938 0.311856
1.10731 0.3125

1.10547 0.313073
1.10731 0.3125

1.10938 0.311853
1.11328 0.31059

1.11328 0.310588
1.11719 0.309287

1.12109 0.30795
1.11922 0.308594

1.11719 0.309291
1.11922 0.308594

1.12109 0.307947
1.125 0.306557

1.125 0.306555
1.12891 0.305128

1.13281 0.30366
1.13009 0.304688

1.12891 0.305134
1.13009 0.304688

1.13281 0.303655
1.13672 0.302136

1.14062 0.300584
1.14013 0.300781

1.13672 0.302138
1.14011 0.300781

1.14062 0.300579
1.14453 0.298968

1.14453 0.298965
1.14844 0.297311

1.15234 0.295616
1.14945 0.296875

1.14844 0.297319
1.14946 0.296875

1.15234 0.295609
1.15625 0.293859

1.16016 0.292069
1.1582 0.292969

1.15625 0.293863
1.15819 0.292969

1.16016 0.29206
1.16406 0.290211

1.16797 0.288322
1.16645 0.289062

1.16406 0.290214
1.16643 0.289062

1.16797 0.288311
1.17188 0.286357

1.17578 0.284362
1.17424 0.285156

1.17188 0.28636
1.17422 0.285156

1.17578 0.28435
1.17969 0.282289

1.18359 0.280183
1.18163 0.28125

1.17969 0.282292
1.18161 0.28125

1.18359 0.280171
1.1875 0.277995

1.19141 0.27577
1.18865 0.277344

1.1875 0.277999
1.18865 0.277344

1.19141 0.275764
1.19531 0.273466

1.19922 0.271111
1.19536 0.273438

1.19531 0.273468
1.19536 0.273438

1.20312 0.2687
1.20179 0.269531

1.19922 0.271108
1.20176 0.269531

1.20312 0.268684
1.20703 0.266193

1.21094 0.263643
1.20791 0.265625

1.20703 0.266191
1.20791 0.265625

1.21484 0.261031
1.21381 0.261719

1.21094 0.263638
1.21378 0.261719

1.21484 0.261008
1.21875 0.258303

1.22266 0.255531
1.21945 0.257812

1.21875 0.2583
1.21945 0.257812

1.22656 0.252689
1.22489 0.253906

1.22266 0.255523
1.22487 0.253906

1.23047 0.249762
1.23015 0.25

1.22656 0.252671
1.23011 0.25

1.23047 0.249731
1.23438 0.246707

1.23828 0.243599
1.23515 0.246094

1.23438 0.246701
1.23515 0.246094

1.24219 0.240409
1.24 0.242188

1.23828 0.243576
1.24001 0.242188

1.24609 0.237114
1.24471 0.238281

1.24219 0.240375
1.24469 0.238281

1.25 0.233717
1.24925 0.234375

1.24609 0.237087
1.24921 0.234375

1.25391 0.230216
1.25363 0.230469

1.25 0.233691
1.25359 0.230469

1.25391 0.230188
1.25781 0.226571

1.26172 0.222838
1.25782 0.226562

1.26562 0.218984
1.2619 0.222656

1.26172 0.222834
1.2619 0.222656

1.26953 0.214999
1.26586 0.21875

1.26562 0.218978
1.26585 0.21875

1.27344 0.2109
1.2734 0.210938

1.27338 0.210938
1.26968 0.214844

1.26953 0.214991
1.26967 0.214844

1.27734 0.206626
1.27698 0.207031

1.27344 0.210876
1.27697 0.207031

1.28125 0.202194
1.28044 0.203125

1.27734 0.206604
1.28044 0.203125

1.28516 0.197591
1.28381 0.199219

1.28125 0.202178
1.28379 0.199219

1.28906 0.192827
1.28706 0.195312

1.28516 0.197595
1.28703 0.195312

1.29297 0.187878
1.29021 0.191406

1.28906 0.19283
1.29019 0.191406

1.29688 0.18272
1.29624 0.183594

1.29622 0.183594
1.29326 0.1875

1.29297 0.187876
1.29326 0.1875

1.30078 0.17732
1.2991 0.179688

1.29688 0.182698
1.29909 0.179688

1.30469 0.171713
1.30458 0.171875

1.30456 0.171875
1.30187 0.175781

1.30078 0.177312
1.30186 0.175781

1.30859 0.165769
1.30717 0.167969

1.30469 0.17168
1.30716 0.167969

1.3125 0.15957
1.31215 0.160156

1.31213 0.160156
1.30969 0.164062

1.30859 0.165752
1.30969 0.164062

1.31641 0.152995
1.3145 0.15625

1.3125 0.159544
1.31449 0.15625

1.32031 0.146045
1.319 0.148438

1.319 0.148438
1.31678 0.152344

1.31641 0.152989
1.31678 0.152344

1.32422 0.138648
1.32321 0.140625

1.3232 0.140625
1.32114 0.144531

1.32031 0.146028
1.32113 0.144531

1.32812 0.130726
1.32713 0.132812

1.32713 0.132812
1.3252 0.136719

1.32422 0.13863
1.3252 0.136719

1.33203 0.122174
1.33078 0.125

1.33078 0.125
1.32898 0.128906

1.32812 0.130708
1.32898 0.128906

1.33594 0.112878
1.33578 0.113281

1.33577 0.113281
1.33417 0.117188

1.33417 0.117188
1.33251 0.121094

1.33203 0.122164
1.3325 0.121094

1.33984 0.102549
1.33878 0.105469

1.33878 0.105469
1.33731 0.109375

1.33594 0.112853
1.33731 0.109375

1.34375 0.0909275
1.34285 0.09375

1.34285 0.09375
1.34155 0.0976562

1.34155 0.0976562
1.3402 0.101562

1.33984 0.102539
1.3402 0.101562

1.34766 0.0774155
1.34747 0.078125

1.34747 0.078125
1.3464 0.0820312

1.3464 0.0820312
1.34527 0.0859375

1.34527 0.0859375
1.34409 0.0898438

1.34375 0.0909168
1.34409 0.0898438

1.35156 0.0606916
1.35119 0.0625

1.35119 0.0625
1.35034 0.0664062

1.35034 0.0664062
1.34944 0.0703125

1.34944 0.0703125
1.34848 0.0742188

1.34766 0.0773966
1.34848 0.0742188

1.35547 0.0367075
1.35518 0.0390625

1.35518 0.0390625
1.35464 0.0429688

1.35464 0.0429688
1.35406 0.046875

1.35406 0.046875
1.35342 0.0507812

1.35342 0.0507812
1.35273 0.0546875

1.35273 0.0546875
1.35199 0.0585938

1.35156 0.0606801
1.35199 0.0585938

1.3577 0
1.35768 0.00390625

1.35768 0.00390625
1.3576 0.0078125

1.3576 0.0078125
1.35748 0.0117188

1.35748 0.0117188
1.3573 0.015625

1.3573 0.015625
1.35707 0.0195312

1.35707 0.0195312
1.3568 0.0234375

1.3568 0.0234375
1.35647 0.0273438

1.35647 0.0273438
1.35609 0.03125

1.35609 0.03125
1.35566 0.0351562

1.35547 0.0366961
1.35566 0.0351562

