0 0.0096194
0.0338878 0.00961291
0.0677756 0.00959621
0.101663 0.0095678
0.135551 0.00953019
0.169439 0.00948355
0.203327 0.00942797
0.237215 0.00936359
0.271102 0.0092905
0.30499 0.00920886
0.338878 0.00911875
0.372766 0.00902036
0.406653 0.00891375
0.440541 0.00879915
0.474429 0.00867661
0.508317 0.00854639
0.542205 0.00840853
0.576092 0.00826332
0.60998 0.00811081
0.643868 0.00795131
0.677756 0.00778486
0.711644 0.00761183
0.745531 0.00743222
0.779419 0.00724645
0.813307 0.00705453
0.847195 0.00685691
0.881082 0.00665358
0.91497 0.00644504
0.948858 0.00623127
0.982746 0.0060128
1.01663 0.00578961
1.05052 0.00556226
1.08441 0.00533072
1.1183 0.00509558
1.15218 0.00485679
1.18607 0.00461497
1.21996 0.00437007
1.25385 0.0041227
1.28774 0.00387282
1.32162 0.00362104
1.35551 0.00336732
1.3894 0.00311226
1.42329 0.00285582
1.45717 0.0025986
1.49106 0.00234054
1.52495 0.00208223
1.55884 0.00182362
1.59273 0.00156528
1.62661 0.00130715
1.6605 0.00104979
1.69439 0.00079313
1.72828 0.000537713
1.76216 0.000283479
1.79605 5.29422e-05
1.82994 0.00021939
1.86383 0.000467966
1.89772 0.000713992
1.9316 0.000957529
1.96549 0.00119817
1.99938 0.00143597
2.03327 0.00167055
2.06716 0.00190195
2.10104 0.00212983
2.13493 0.00235421
2.16882 0.0025748
2.20271 0.00279158
2.23659 0.00300429
2.27048 0.00321293
2.30437 0.00341722
2.33826 0.00361716
2.37215 0.0038125
2.40603 0.00400323
2.43992 0.00418913
2.47381 0.00437015
2.5077 0.00454613
2.54158 0.00471696
2.57547 0.0048825
2.60936 0.00504269
2.64325 0.00519736
2.67714 0.00534643
2.71102 0.00548977
2.74491 0.00562728
2.7788 0.00575886
2.81269 0.00588442
2.84657 0.00600386
2.88046 0.00611708
2.91435 0.00622401
2.94824 0.00632456
2.98213 0.00641866
3.01601 0.00650624
3.0499 0.00658724
3.08379 0.00666159
3.11768 0.00672928
3.15156 0.00679023
3.18545 0.00684445
3.21934 0.00689187
3.25323 0.00693252
3.28712 0.00696637
3.321 0.00699344
3.35489 0.00701371
3.38878 0.00702724
3.42267 0.00703404
3.45655 0.00703414
3.49044 0.00702761
3.52433 0.00701448
3.55822 0.00699484
3.59211 0.00696874
3.62599 0.00693628
3.65988 0.00689752
3.69377 0.00685258
3.72766 0.00680153
3.76154 0.00674452
3.79543 0.0066816
3.82932 0.00661295
3.86321 0.00653862
3.8971 0.00645881
3.93098 0.00637357
3.96487 0.00628311
3.99876 0.00618747
4.03265 0.00608689
4.06653 0.0059814
4.10042 0.00587126
4.13431 0.00575649
4.1682 0.00563735
4.20209 0.00551387
4.23597 0.00538633
4.26986 0.00525473
4.30375 0.00511937
4.33764 0.00498026
4.37152 0.00483769
4.40541 0.0046917
4.4393 0.00454255
4.47319 0.00439028
4.50708 0.00423515
4.54096 0.0040772
4.57485 0.00391672
4.60874 0.00375372
4.64263 0.00358852
4.67651 0.00342112
4.7104 0.00325184
4.74429 0.00308069
4.77818 0.00290801
4.81207 0.00273376
4.84595 0.0025583
4.87984 0.00238161
4.91373 0.00220405
4.94762 0.00202558
4.9815 0.00184658
5.01539 0.00166702
5.04928 0.00148725
5.08317 0.00130726
5.11706 0.00112741
5.15094 0.000947683
5.18483 0.000768424
5.21872 0.000589624
5.25261 0.00041163
5.28649 0.000234435
5.32038 5.83735e-05
5.35427 0.000116308
5.38816 0.000289699
5.42205 0.000461336
5.45593 0.000631222
5.48982 0.000799073
5.52371 0.000964891
5.5576 0.00112841
5.59149 0.00128963
5.62537 0.0014483
5.65926 0.00160442
5.69315 0.00175777
5.72704 0.00190832
5.76092 0.00205589
5.79481 0.00220044
5.8287 0.0023418
5.86259 0.00247995
5.89648 0.00261474
5.93036 0.0027461
5.96425 0.00287392
5.99814 0.00299814
6.03203 0.00311866
6.06591 0.00323544
6.0998 0.00334836
6.13369 0.00345737
6.16758 0.00356237
6.20147 0.00366333
6.23535 0.00376016
6.26924 0.00385282
6.30313 0.00394123
6.33702 0.00402536
6.3709 0.00410514
6.40479 0.00418052
6.43868 0.00425147
6.47257 0.00431795
6.50646 0.00437991
6.54034 0.00443732
6.57423 0.00449017
6.60812 0.00453842
6.64201 0.00458205
6.67589 0.00462105
6.70978 0.00465541
6.74367 0.00468513
6.77756 0.0047102
6.81145 0.00473063
6.84533 0.00474644
6.87922 0.00475762
6.91311 0.00476422
6.947 0.00476624
6.98088 0.00476371
7.01477 0.00475669
7.04866 0.00474519
7.08255 0.00472927
7.11644 0.00470898
7.15032 0.00468437
7.18421 0.00465548
7.2181 0.00462241
7.25199 0.00458518
7.28587 0.00454389
7.31976 0.0044986
7.35365 0.00444939
7.38754 0.00439633
7.42143 0.00433952
7.45531 0.00427901
7.4892 0.00421493
7.52309 0.00414733
7.55698 0.00407634
7.59086 0.00400201
7.62475 0.00392449
7.65864 0.00384382
7.69253 0.00376015
7.72642 0.00367354
7.7603 0.00358413
7.79419 0.00349199
7.82808 0.00339727
7.86197 0.00330001
7.89585 0.00320041
7.92974 0.00309848
7.96363 0.00299442
7.99752 0.00288827
8.03141 0.00278021
8.06529 0.00267028
8.09918 0.00255867
8.13307 0.00244542
8.16696 0.00233073
8.20084 0.00221462
8.23473 0.00209733
8.26862 0.00197884
8.30251 0.0018594
8.3364 0.00173899
8.37028 0.00161788
8.40417 0.00149604
8.43806 0.00137372
8.47195 0.0012509
8.50583 0.00112784
8.53972 0.00100452
8.57361 0.000881188
8.6075 0.000757824
8.64139 0.000634687
8.67527 0.00051175
8.70916 0.000389268
8.74305 0.000267216
8.77694 0.000145844
8.81082 2.51267e-05
8.84471 9.44761e-05
8.8786 0.00021331
8.91249 0.000331025
8.94638 0.000447534
8.98026 0.000562728
9.01415 0.000676523
9.04804 0.00078886
9.08193 0.000899582
9.11582 0.00100865
9.1497 0.00111594
9.18359 0.00122141
9.21748 0.00132494
9.25137 0.00142649
9.28525 0.00152594
9.31914 0.00162327
9.35303 0.00171836
9.38692 0.00181118
9.42081 0.00190164
9.45469 0.00198969
9.48858 0.00207526
9.52247 0.0021583
9.55636 0.00223875
9.59024 0.00231655
9.62413 0.00239165
9.65802 0.002464
9.69191 0.00253356
9.7258 0.00260028
9.75968 0.00266411
9.79357 0.00272502
9.82746 0.00278296
9.86135 0.0028379
9.89523 0.00288982
9.92912 0.00293867
9.96301 0.00298443
9.9969 0.00302708
10.0308 0.0030666
10.0647 0.00310296
10.0986 0.00313616
10.1324 0.00316617
10.1663 0.00319299
10.2002 0.00321662
10.2341 0.00323706
10.268 0.0032543
10.3019 0.00326835
10.3358 0.00327922
10.3697 0.00328692
10.4036 0.00329146
10.4374 0.00329286
10.4713 0.00329114
10.5052 0.00328634
10.5391 0.00327846
10.573 0.00326756
10.6069 0.00325365
10.6408 0.00323678
10.6747 0.00321698
10.7085 0.0031943
10.7424 0.00316878
10.7763 0.00314046
10.8102 0.00310941
10.8441 0.00307566
10.878 0.00303927
10.9119 0.0030003
10.9458 0.00295881
10.9796 0.00291484
11.0135 0.00286848
11.0474 0.00281976
11.0813 0.00276878
11.1152 0.00271557
11.1491 0.00266022
11.183 0.00260279
11.2169 0.00254336
11.2507 0.00248197
11.2846 0.00241874
11.3185 0.00235369
11.3524 0.00228695
11.3863 0.00221853
11.4202 0.00214857
11.4541 0.00207709
11.488 0.00200422
11.5218 0.00192999
11.5557 0.00185451
11.5896 0.00177784
11.6235 0.00170008
11.6574 0.00162128
11.6913 0.00154155
11.7252 0.00146094
11.7591 0.00137958
11.793 0.00129749
11.8268 0.0012148
11.8607 0.00113156
11.8946 0.00104788
11.9285 0.000963798
11.9624 0.00087945
11.9963 0.000794868
12.0302 0.000710176
12.0641 0.000625411
12.0979 0.000540698
12.1318 0.000456074
12.1657 0.000371658
12.1996 0.00028749
12.2335 0.000203688
12.2674 0.000120288
12.3013 3.74073e-05
12.3352 4.47671e-05
12.369 0.000126401
12.4029 0.000207264
12.4368 0.000287319
12.4707 0.000366467
12.5046 0.000444672
12.5385 0.00052184
12.5724 0.000597937
12.6063 0.000672874
12.6401 0.000746617
12.674 0.000819085
12.7079 0.000890244
12.7418 0.000960019
12.7757 0.00102838
12.8096 0.00109525
12.8435 0.0011606
12.8774 0.00122436
12.9112 0.00128652
12.9451 0.001347
12.979 0.00140578
13.0129 0.00146281
13.0468 0.00151805
13.0807 0.00157147
13.1146 0.00162302
13.1485 0.00167268
13.1823 0.00172041
13.2162 0.00176618
13.2501 0.00180996
13.284 0.00185173
13.3179 0.00189146
13.3518 0.00192912
13.3857 0.0019647
13.4196 0.00199817
13.4535 0.00202952
13.4873 0.00205873
13.5212 0.00208578
13.5551 0.00211068
13.589 0.00213339
13.6229 0.00215393
13.6568 0.00217228
13.6907 0.00218844
13.7246 0.00220241
13.7584 0.0022142
13.7923 0.0022238
13.8262 0.00223122
13.8601 0.00223647
13.894 0.00223957
13.9279 0.00224051
13.9618 0.00223932
13.9957 0.00223602
14.0295 0.00223062
14.0634 0.00222314
14.0973 0.00221361
14.1312 0.00220205
14.1651 0.00218848
14.199 0.00217295
14.2329 0.00215547
14.2668 0.00213608
14.3006 0.0021148
14.3345 0.00209169
14.3684 0.00206677
14.4023 0.00204008
14.4362 0.00201166
14.4701 0.00198155
14.504 0.00194979
14.5379 0.00191643
14.5717 0.0018815
14.6056 0.00184506
14.6395 0.00180714
14.6734 0.00176781
14.7073 0.00172709
14.7412 0.00168506
14.7751 0.00164174
14.809 0.00159719
14.8429 0.00155147
14.8767 0.00150462
14.9106 0.00145669
14.9445 0.00140775
14.9784 0.00135784
15.0123 0.00130701
15.0462 0.00125532
15.0801 0.00120284
15.114 0.00114959
15.1478 0.00109565
15.1817 0.00104107
15.2156 0.00098591
15.2495 0.000930212
15.2834 0.00087405
15.3173 0.000817461
15.3512 0.000760521
15.3851 0.000703265
15.4189 0.00064577
15.4528 0.000588072
15.4867 0.000530245
15.5206 0.000472325
15.5545 0.000414389
15.5884 0.000356469
15.6223 0.000298642
15.6562 0.000240942
15.69 0.00018344
15.7239 0.000126173
15.7578 6.92104e-05
15.7917 1.25872e-05
15.8256 4.3412e-05
15.8595 9.9159e-05
15.8934 0.000154399
15.9273 0.000209071
15.9611 0.00026314
15.995 0.000316549
16.0289 0.000369265
16.0628 0.000421233
16.0967 0.000472422
16.1306 0.00052278
16.1645 0.000572276
16.1984 0.000620863
16.2323 0.00066851
16.2661 0.000715174
16.3 0.000760827
16.3339 0.000805427
16.3678 0.000848947
16.4017 0.000891349
16.4356 0.000932609
16.4695 0.000972691
16.5034 0.00101157
16.5372 0.00104922
16.5711 0.00108562
16.605 0.00112073
16.6389 0.00115454
16.6728 0.00118702
16.7067 0.00121815
16.7406 0.00124792
16.7745 0.0012763
16.8083 0.00130327
16.8422 0.00132883
16.8761 0.00135296
16.91 0.00137564
16.9439 0.00139686
16.9778 0.00141662
17.0117 0.0014349
17.0456 0.0014517
17.0794 0.001467
17.1133 0.00148081
17.1472 0.00149313
17.1811 0.00150395
17.215 0.00151327
17.2489 0.0015211
17.2828 0.00152743
17.3167 0.00153227
17.3505 0.00153563
17.3844 0.00153752
17.4183 0.00153794
17.4522 0.0015369
17.4861 0.00153442
17.52 0.00153051
17.5539 0.00152518
17.5878 0.00151846
17.6216 0.00151034
17.6555 0.00150087
17.6894 0.00149004
17.7233 0.0014779
17.7572 0.00146444
17.7911 0.00144971
17.825 0.00143372
17.8589 0.0014165
17.8928 0.00139807
17.9266 0.00137846
17.9605 0.0013577
17.9944 0.00133582
18.0283 0.00131284
18.0622 0.0012888
18.0961 0.00126372
18.13 0.00123764
18.1639 0.00121059
18.1977 0.0011826
18.2316 0.00115371
18.2655 0.00112395
18.2994 0.00109335
18.3333 0.00106195
18.3672 0.00102978
18.4011 0.000996891
18.435 0.0009633
18.4688 0.000929056
18.5027 0.000894187
18.5366 0.00085874
18.5705 0.000822742
18.6044 0.000786241
18.6383 0.000749265
18.6722 0.000711861
18.7061 0.000674059
18.7399 0.000635907
18.7738 0.000597432
18.8077 0.000558683
18.8416 0.000519689
18.8755 0.000480498
18.9094 0.000441139
18.9433 0.000401659
18.9772 0.000362087
19.011 0.00032247
19.0449 0.000282837
19.0788 0.000243234
19.1127 0.00020369
19.1466 0.000164251
19.1805 0.000124945
19.2144 8.58151e-05
19.2483 4.68904e-05
19.2822 8.21408e-06
19.316 2.98937e-05
19.3499 6.79698e-05
19.3838 0.000105688
19.4177 0.000143022
19.4516 0.000179934
19.4855 0.000216398
19.5194 0.000252378
19.5533 0.00028785
19.5871 0.000322779
19.621 0.000357143
19.6549 0.000390909
19.6888 0.000424054
19.7227 0.000456548
19.7566 0.00048837
19.7905 0.000519491
19.8244 0.000549892
19.8582 0.000579546
19.8921 0.000608435
19.926 0.000636534
19.9599 0.000663826
19.9938 0.00069029
20.0277 0.000715908
20.0616 0.000740662
20.0955 0.000764535
20.1293 0.000787512
20.1632 0.000809578
20.1971 0.000830717
20.231 0.000850918
20.2649 0.000870168
20.2988 0.000888455
20.3327 0.000905769
20.3666 0.000922101
20.4004 0.000937442
20.4343 0.000951785
20.4682 0.000965122
20.5021 0.000977449
20.536 0.000988761
20.5699 0.000999053
20.6038 0.00100832
20.6377 0.00101657
20.6716 0.0010238
20.7054 0.00103
20.7393 0.00103518
20.7732 0.00103934
20.8071 0.00104248
20.841 0.00104462
20.8749 0.00104574
20.9088 0.00104587
20.9427 0.001045
20.9765 0.00104315
21.0104 0.00104033
21.0443 0.00103653
21.0782 0.00103179
21.1121 0.0010261
21.146 0.00101948
21.1799 0.00101194
21.2138 0.0010035
21.2476 0.000994178
21.2815 0.000983979
21.3154 0.000972924
21.3493 0.00096103
21.3832 0.000948315
21.4171 0.000934797
21.451 0.000920495
21.4849 0.000905428
21.5187 0.000889617
21.5526 0.000873081
21.5865 0.000855843
21.6204 0.000837923
21.6543 0.000819345
21.6882 0.000800128
21.7221 0.000780299
21.756 0.000759877
21.7898 0.000738891
21.8237 0.000717359
21.8576 0.00069531
21.8915 0.000672765
21.9254 0.000649753
21.9593 0.000626294
21.9932 0.000602418
22.0271 0.000578146
22.061 0.000553509
22.0948 0.000528528
22.1287 0.000503233
22.1626 0.000477646
22.1965 0.000451798
22.2304 0.00042571
22.2643 0.000399413
22.2982 0.000372929
22.3321 0.000346288
22.3659 0.000319513
22.3998 0.000292634
22.4337 0.000265673
22.4676 0.000238661
22.5015 0.000211618
22.5354 0.000184575
22.5693 0.000157553
22.6032 0.000130582
22.637 0.000103685
22.6709 7.68892e-05
22.7048 5.0215e-05
22.7387 2.36905e-05
22.7726 2.39973e-06
22.8065 2.85579e-05
22.8404 5.44918e-05
22.8743 8.01822e-05
22.9081 0.000105603
22.942 0.000130737
22.9759 0.000155558
23.0098 0.000180048
23.0437 0.000204186
23.0776 0.000227952
23.1115 0.000251325
23.1454 0.00027429
23.1792 0.000296824
23.2131 0.000318913
23.247 0.000340537
23.2809 0.000361681
23.3148 0.000382327
23.3487 0.000402462
23.3826 0.000422069
23.4165 0.000441135
23.4503 0.000459645
23.4842 0.000477586
23.5181 0.000494946
23.552 0.000511713
23.5859 0.000527875
23.6198 0.000543422
23.6537 0.000558344
23.6876 0.00057263
23.7215 0.000586273
23.7553 0.000599263
23.7892 0.000611594
23.8231 0.000623258
23.857 0.000634249
23.8909 0.000644561
23.9248 0.000654191
23.9587 0.000663132
23.9926 0.000671383
24.0264 0.000678939
24.0603 0.000685799
24.0942 0.000691962
24.1281 0.000697426
24.162 0.000702191
24.1959 0.000706258
24.2298 0.000709627
24.2637 0.000712302
24.2975 0.000714284
24.3314 0.000715577
24.3653 0.000716183
24.3992 0.000716109
24.4331 0.000715359
24.467 0.000713938
24.5009 0.000711853
24.5348 0.000709112
24.5686 0.00070572
24.6025 0.000701688
24.6364 0.000697022
24.6703 0.000691733
24.7042 0.00068583
24.7381 0.000679324
24.772 0.000672225
24.8059 0.000664543
24.8397 0.000656293
24.8736 0.000647483
24.9075 0.000638129
24.9414 0.000628242
24.9753 0.000617837
