0.912631 0
0.912681 0.015625

0.91268 0.015625
0.912832 0.03125

0.91283 0.03125
0.913086 0.046875

0.913085 0.046875
0.913451 0.0625

0.913448 0.0625
0.913934 0.078125

0.913931 0.078125
0.914549 0.09375

0.914545 0.09375
0.915309 0.109375

0.915303 0.109375
0.916235 0.125

0.916229 0.125
0.917353 0.140625

0.917345 0.140625
0.918691 0.15625

0.918682 0.15625
0.920285 0.171875

0.920269 0.171875
0.921875 0.185035

0.921875 0.18496
0.922185 0.1875

0.922157 0.1875
0.924439 0.203125

0.924418 0.203125
0.927156 0.21875

0.927133 0.21875
0.930415 0.234375

0.930397 0.234375
0.934303 0.25

0.934175 0.25
0.9375 0.260861

0.9375 0.26066
0.93902 0.265625

0.938967 0.265625
0.944869 0.28125

0.94462 0.28125
0.952159 0.296875

0.951389 0.296875
0.953125 0.2998

0.953125 0.298852
0.962363 0.3125

0.96165 0.3125
0.96875 0.32046

0.96875 0.320083
0.978849 0.328125

0.977447 0.328125
0.984375 0.332747

0.984375 0.331693
1 0.338622

1 0.338653
1.01562 0.342164

1.01562 0.342097
1.03125 0.342263

1.03125 0.342076
1.04688 0.339408

1.04688 0.339258
1.0625 0.334429

1.07812 0.327801
1.07736 0.328125

1.0625 0.334401
1.07727 0.328125

1.07812 0.327674
1.09375 0.319452

1.10938 0.310037
1.10543 0.3125

1.09375 0.319417
1.10482 0.3125

1.10938 0.309612
1.125 0.298451

1.14062 0.28613
1.12707 0.296875

1.125 0.298444
1.12707 0.296875

1.15625 0.272478
1.14627 0.28125

1.14062 0.285897
1.14609 0.28125

1.17188 0.257177
1.16339 0.265625

1.15625 0.272127
1.16312 0.265625

1.1875 0.240168
1.17878 0.25

1.17188 0.256918
1.17847 0.25

1.20312 0.221367
1.19261 0.234375

1.1875 0.240043
1.19239 0.234375

1.21875 0.20022
1.21684 0.203125

1.21663 0.203125
1.20518 0.21875

1.20312 0.221256
1.20507 0.21875

1.23438 0.175243
1.22703 0.1875

1.21875 0.199806
1.22694 0.1875

1.25 0.145306
1.24477 0.15625

1.24471 0.15625
1.23632 0.171875

1.23438 0.175095
1.23629 0.171875

1.26562 0.106065
1.26459 0.109375

1.26454 0.109375
1.25878 0.125

1.25875 0.125
1.25216 0.140625

1.25 0.14514
1.25216 0.140625

1.28125 0.0320866
1.27951 0.046875

1.27951 0.046875
1.27691 0.0625

1.27691 0.0625
1.27355 0.078125

1.27354 0.078125
1.26941 0.09375

1.26562 0.10585
1.26942 0.09375

1.28281 0
1.28244 0.015625

1.28244 0.015625
1.28134 0.03125

1.28125 0.0320046
1.28134 0.03125

kappa_offset_provider_stats evaluations=38637 clamp_hits=0 denominator_guard_hits=0 min_abs_denominator=0.87767682729757845 max_abs_d_over_h=0.50108303576089352 grad_samples=38637 grad_min=0.95917684497975364 grad_mean=0.99886365719967996 grad_std=0.0054635777547006855 grad_max=1.0047249837441037
