0 0.00985624
0.0338878 0.00985006
0.0677756 0.0098333
0.101663 0.00980588
0.135551 0.00976872
0.169439 0.00972197
0.203327 0.00966577
0.237215 0.00960024
0.271102 0.00952551
0.30499 0.00944173
0.338878 0.00934904
0.372766 0.00924759
0.406653 0.00913754
0.440541 0.00901902
0.474429 0.0088922
0.508317 0.00875724
0.542205 0.00861431
0.576092 0.00846363
0.60998 0.00830532
0.643868 0.00813768
0.677756 0.00796283
0.711644 0.00778088
0.745531 0.00759206
0.779419 0.00739647
0.813307 0.00719442
0.847195 0.00698603
0.881082 0.00677169
0.91497 0.00655156
0.948858 0.00632608
0.982746 0.00609546
1.01663 0.00586016
1.05052 0.00562039
1.08441 0.00537663
1.1183 0.00512906
1.15218 0.00487813
1.18607 0.004624
1.21996 0.00436712
1.25385 0.00410764
1.28774 0.00384598
1.32162 0.00358229
1.35551 0.00331697
1.3894 0.00305012
1.42329 0.00278214
1.45717 0.00251309
1.49106 0.00224332
1.52495 0.00197288
1.55884 0.00170213
1.59273 0.00143111
1.62661 0.0011602
1.6605 0.000889481
1.69439 0.000619372
1.72828 0.000349977
1.76216 9.61173e-05
1.79605 0.000185425
1.82994 0.000450152
1.86383 0.000712287
1.89772 0.000971798
1.9316 0.00122839
1.96549 0.00148205
1.99938 0.00173257
2.03327 0.00197991
2.06716 0.00222389
2.10104 0.00246443
2.13493 0.00270132
2.16882 0.00293443
2.20271 0.00316355
2.23659 0.00338848
2.27048 0.00360904
2.30437 0.00382501
2.33826 0.00403622
2.37215 0.00424246
2.40603 0.00444357
2.43992 0.00463935
2.47381 0.00482968
2.5077 0.00501438
2.54158 0.00519335
2.57547 0.0053664
2.60936 0.00553348
2.64325 0.00569441
2.67714 0.00584911
2.71102 0.00599743
2.74491 0.0061393
2.7788 0.00627456
2.81269 0.00640313
2.84657 0.00652487
2.88046 0.00663971
2.91435 0.00674751
2.94824 0.00684822
2.98213 0.00694172
3.01601 0.00702799
3.0499 0.00710694
3.08379 0.00717856
3.11768 0.00724279
3.15156 0.00729965
3.18545 0.00734913
3.21934 0.00739126
3.25323 0.00742606
3.28712 0.00745359
3.321 0.00747389
3.35489 0.00748703
3.38878 0.00749307
3.42267 0.00749208
3.45655 0.00748415
3.49044 0.00746937
3.52433 0.00744781
3.55822 0.00741958
3.59211 0.00738477
3.62599 0.00734347
3.65988 0.00729579
3.69377 0.00724182
3.72766 0.00718168
3.76154 0.00711546
3.79543 0.00704327
3.82932 0.00696521
3.86321 0.0068814
3.8971 0.00679194
3.93098 0.00669695
3.96487 0.00659652
3.99876 0.00649082
4.03265 0.00637989
4.06653 0.0062639
4.10042 0.00614291
4.13431 0.00601708
4.1682 0.00588648
4.20209 0.00575128
4.23597 0.00561155
4.26986 0.00546747
4.30375 0.00531912
4.33764 0.00516669
4.37152 0.00501026
4.40541 0.00485006
4.4393 0.00468617
4.47319 0.00451881
4.50708 0.0043481
4.54096 0.00417428
4.57485 0.00399744
4.60874 0.00381786
4.64263 0.00363563
4.67651 0.00345104
4.7104 0.0032642
4.74429 0.0030754
4.77818 0.00288474
4.81207 0.00269255
4.84595 0.00249892
4.87984 0.00230417
4.91373 0.0021084
4.94762 0.00191193
4.9815 0.00171486
5.01539 0.00151752
5.04928 0.00131999
5.08317 0.00112261
5.11706 0.000925467
5.15094 0.000728884
5.18483 0.000532965
5.21872 0.000338011
5.25261 0.000144119
5.28649 9.6171e-05
5.32038 0.000239835
5.35427 0.000428851
5.38816 0.000615663
5.42205 0.000800244
5.45593 0.000982401
5.48982 0.00116211
5.52371 0.00133924
5.5576 0.00151375
5.59149 0.00168553
5.62537 0.00185456
5.65926 0.00202082
5.69315 0.00218413
5.72704 0.00234432
5.76092 0.00250127
5.79481 0.00265483
5.8287 0.00280486
5.86259 0.00295122
5.89648 0.00309381
5.93036 0.00323253
5.96425 0.0033673
5.99814 0.00349808
6.03203 0.00362477
6.06591 0.00374735
6.0998 0.00386573
6.13369 0.00397989
6.16758 0.00408968
6.20147 0.00419502
6.23535 0.00429587
6.26924 0.00439212
6.30313 0.00448366
6.33702 0.00457041
6.3709 0.00465226
6.40479 0.00472912
6.43868 0.00480091
6.47257 0.00486756
6.50646 0.004929
6.54034 0.00498518
6.57423 0.00503605
6.60812 0.00508159
6.64201 0.00512177
6.67589 0.00515658
6.70978 0.00518607
6.74367 0.00521025
6.77756 0.00522908
6.81145 0.00524261
6.84533 0.00525086
6.87922 0.00525392
6.91311 0.00525181
6.947 0.00524457
6.98088 0.00523228
7.01477 0.00521501
7.04866 0.00519287
7.08255 0.00516592
7.11644 0.00513423
7.15032 0.0050979
7.18421 0.00505701
7.2181 0.00501165
7.25199 0.00496191
7.28587 0.00490787
7.31976 0.00484964
7.35365 0.0047873
7.38754 0.00472095
7.42143 0.00465067
7.45531 0.00457658
7.4892 0.00449874
7.52309 0.00441729
7.55698 0.00433229
7.59086 0.00424386
7.62475 0.00415208
7.65864 0.00405707
7.69253 0.00395894
7.72642 0.0038579
7.7603 0.00375391
7.79419 0.00364712
7.82808 0.00353754
7.86197 0.00342538
7.89585 0.00331066
7.92974 0.00319354
7.96363 0.00307407
7.99752 0.0029524
8.03141 0.0028286
8.06529 0.00270282
8.09918 0.00257512
8.13307 0.00244566
8.16696 0.00231451
8.20084 0.00218184
8.23473 0.00204772
8.26862 0.00191232
8.30251 0.00177572
8.3364 0.0016381
8.37028 0.00149956
8.40417 0.00136029
8.43806 0.00122036
8.47195 0.00108
8.50583 0.000939286
8.53972 0.000798433
8.57361 0.000657525
8.6075 0.000516783
8.64139 0.000376286
8.67527 0.000236255
8.70916 9.67699e-05
8.74305 4.53166e-05
8.77694 0.000181173
8.81082 0.000317276
8.84471 0.00045184
8.8786 0.000584825
8.91249 0.000716114
8.94638 0.000845671
8.98026 0.0009734
9.01415 0.00109927
9.04804 0.00122319
9.08193 0.00134514
9.11582 0.00146503
9.1497 0.00158282
9.18359 0.00169841
9.21748 0.00181175
9.25137 0.00192275
9.28525 0.00203134
9.31914 0.00213744
9.35303 0.00224096
9.38692 0.00234184
9.42081 0.00243999
9.45469 0.00253534
9.48858 0.00262782
9.52247 0.00271736
9.55636 0.00280389
9.59024 0.00288733
9.62413 0.00296758
9.65802 0.00304457
9.69191 0.00311822
9.7258 0.00318844
9.75968 0.00325516
9.79357 0.00331831
9.82746 0.00337784
9.86135 0.00343369
9.89523 0.00348583
9.92912 0.0035342
9.96301 0.00357878
9.9969 0.00361955
10.0308 0.00365649
10.0647 0.00368961
10.0986 0.00371901
10.1324 0.00374458
10.1663 0.0037663
10.2002 0.00378421
10.2341 0.00379831
10.268 0.00380863
10.3019 0.00381521
10.3358 0.00381805
10.3697 0.00381719
10.4036 0.00381266
10.4374 0.00380451
10.4713 0.00379279
10.5052 0.00377753
10.5391 0.00375884
10.573 0.00373674
10.6069 0.00371128
10.6408 0.00368254
10.6747 0.00365055
10.7085 0.0036154
10.7424 0.00357714
10.7763 0.00353584
10.8102 0.00349155
10.8441 0.00344437
10.878 0.00339433
10.9119 0.00334153
10.9458 0.003286
10.9796 0.00322785
11.0135 0.00316712
11.0474 0.00310393
11.0813 0.00303829
11.1152 0.0029703
11.1491 0.00290001
11.183 0.0028275
11.2169 0.00275283
11.2507 0.0026761
11.2846 0.00259735
11.3185 0.00251669
11.3524 0.00243416
11.3863 0.00234988
11.4202 0.00226389
11.4541 0.00217631
11.488 0.00208719
11.5218 0.00199665
11.5557 0.00190473
11.5896 0.00181157
11.6235 0.00171726
11.6574 0.00162189
11.6913 0.00152552
11.7252 0.00142827
11.7591 0.0013302
11.793 0.00123145
11.8268 0.00113209
11.8607 0.00103221
11.8946 0.000931902
11.9285 0.00083127
11.9624 0.000730407
11.9963 0.000629419
12.0302 0.000528403
12.0641 0.000427465
12.0979 0.000326698
12.1318 0.000226273
12.1657 0.000126338
12.1996 2.69209e-05
12.2335 7.71894e-05
12.2674 0.000175007
12.3013 0.000271761
12.3352 0.000367423
12.369 0.000461949
12.4029 0.000555314
12.4368 0.000647452
12.4707 0.000738317
12.5046 0.000827836
12.5385 0.000915957
12.5724 0.00100261
12.6063 0.00108776
12.6401 0.00117134
12.674 0.0012533
12.7079 0.0013336
12.7418 0.00141218
12.7757 0.00148898
12.8096 0.00156395
12.8435 0.00163701
12.8774 0.00170812
12.9112 0.00177721
12.9451 0.00184423
12.979 0.00190912
13.0129 0.00197183
13.0468 0.0020323
13.0807 0.0020905
13.1146 0.00214634
13.1485 0.0021998
13.1823 0.00225081
13.2162 0.00229932
13.2501 0.00234529
13.284 0.00238865
13.3179 0.00242938
13.3518 0.00246743
13.3857 0.00250278
13.4196 0.00253539
13.4535 0.00256526
13.4873 0.00259235
13.5212 0.00261668
13.5551 0.00263823
13.589 0.00265701
13.6229 0.00267301
13.6568 0.00268626
13.6907 0.00269678
13.7246 0.00270458
13.7584 0.00270965
13.7923 0.00271203
13.8262 0.00271173
13.8601 0.0027088
13.894 0.00270325
13.9279 0.00269512
13.9618 0.00268445
13.9957 0.00267126
14.0295 0.00265564
14.0634 0.00263759
14.0973 0.00261717
14.1312 0.0025944
14.1651 0.00256934
14.199 0.00254203
14.2329 0.00251252
14.2668 0.00248085
14.3006 0.00244708
14.3345 0.00241124
14.3684 0.0023734
14.4023 0.00233359
14.4362 0.00229186
14.4701 0.00224827
14.504 0.00220287
14.5379 0.00215569
14.5717 0.00210681
14.6056 0.00205626
14.6395 0.00200409
14.6734 0.00195036
14.7073 0.00189513
14.7412 0.00183843
14.7751 0.00178035
14.809 0.00172091
14.8429 0.0016602
14.8767 0.00159825
14.9106 0.00153515
14.9445 0.00147094
14.9784 0.0014057
15.0123 0.00133948
15.0462 0.00127237
15.0801 0.00120441
15.114 0.0011357
15.1478 0.00106627
15.1817 0.000996241
15.2156 0.000925642
15.2495 0.000854576
15.2834 0.000783091
15.3173 0.000711284
15.3512 0.000639201
15.3851 0.000566944
15.4189 0.00049456
15.4528 0.000422142
15.4867 0.00034974
15.5206 0.000277447
15.5545 0.000205306
15.5884 0.000133405
15.6223 6.17897e-05
15.6562 1.37671e-05
15.69 8.42021e-05
15.7239 0.000154272
15.7578 0.000223632
15.7917 0.000292256
15.8256 0.000360109
15.8595 0.000427171
15.8934 0.000493404
15.9273 0.000558782
15.9611 0.000623299
15.995 0.000686956
16.0289 0.000749651
16.0628 0.000811349
16.0967 0.000871996
16.1306 0.000931559
16.1645 0.000989979
16.1984 0.00104722
16.2323 0.00110323
16.2661 0.00115796
16.3 0.00121136
16.3339 0.00126338
16.3678 0.00131397
16.4017 0.00136307
16.4356 0.00141063
16.4695 0.00145659
16.5034 0.00150088
16.5372 0.00154346
16.5711 0.00158426
16.605 0.00162323
16.6389 0.00166031
16.6728 0.00169548
16.7067 0.00172868
16.7406 0.00175988
16.7745 0.00178907
16.8083 0.00181623
16.8422 0.00184133
16.8761 0.00186438
16.91 0.00188538
16.9439 0.00190432
16.9778 0.00192121
17.0117 0.00193606
17.0456 0.00194891
17.0794 0.00195974
17.1133 0.00196856
17.1472 0.0019754
17.1811 0.00198026
17.215 0.00198317
17.2489 0.00198417
17.2828 0.00198327
17.3167 0.00198048
17.3505 0.00197583
17.3844 0.00196935
17.4183 0.00196106
17.4522 0.001951
17.4861 0.00193919
17.52 0.00192566
17.5539 0.00191048
17.5878 0.00189364
17.6216 0.00187518
17.6555 0.00185512
17.6894 0.0018335
17.7233 0.00181034
17.7572 0.00178568
17.7911 0.00175955
17.825 0.00173198
17.8589 0.00170299
17.8928 0.00167263
17.9266 0.00164091
17.9605 0.00160788
17.9944 0.00157357
18.0283 0.00153801
18.0622 0.00150122
18.0961 0.00146326
18.13 0.00142414
18.1639 0.00138393
18.1977 0.00134265
18.2316 0.00130034
18.2655 0.00125703
18.2994 0.00121279
18.3333 0.00116763
18.3672 0.00112162
18.4011 0.0010748
18.435 0.00102722
18.4688 0.000978921
18.5027 0.000929975
18.5366 0.00088042
18.5705 0.000830321
18.6044 0.000779722
18.6383 0.000728691
18.6722 0.000677272
18.7061 0.000625534
18.7399 0.000573523
18.7738 0.000521307
18.8077 0.000468928
18.8416 0.000416456
18.8755 0.000363936
18.9094 0.000311431
18.9433 0.000258982
18.9772 0.000206658
19.011 0.000154495
19.0449 0.000102554
19.0788 5.08719e-05
19.1127 8.57228e-06
19.1466 5.36804e-05
19.1805 0.000104221
19.2144 0.000154259
19.2483 0.000203773
19.2822 0.000252736
19.316 0.000301123
19.3499 0.000348903
19.3838 0.000396054
19.4177 0.000442541
19.4516 0.000488341
19.4855 0.000533423
19.5194 0.000577759
19.5533 0.000621317
19.5871 0.00066407
19.621 0.000705999
19.6549 0.00074706
19.6888 0.000787211
19.7227 0.000826424
19.7566 0.000864659
19.7905 0.000901884
19.8244 0.00093806
19.8582 0.000973154
19.8921 0.00100713
19.926 0.00103995
19.9599 0.0010716
19.9938 0.00110208
20.0277 0.00113127
20.0616 0.00115914
20.0955 0.00118567
20.1293 0.00121082
20.1632 0.00123457
20.1971 0.00125691
20.231 0.0012778
20.2649 0.00129724
20.2988 0.00131523
20.3327 0.00133179
20.3666 0.00134687
20.4004 0.00136048
20.4343 0.00137264
20.4682 0.00138332
20.5021 0.00139253
20.536 0.00140027
20.5699 0.00140656
20.6038 0.00141141
20.6377 0.00141483
20.6716 0.00141683
20.7054 0.00141744
20.7393 0.00141665
20.7732 0.0014145
20.8071 0.001411
20.841 0.00140617
20.8749 0.00140003
20.9088 0.0013926
20.9427 0.0013839
20.9765 0.00137396
21.0104 0.00136278
21.0443 0.0013504
21.0782 0.00133686
21.1121 0.00132215
21.146 0.00130631
21.1799 0.00128935
21.2138 0.00127129
21.2476 0.00125217
21.2815 0.00123199
21.3154 0.00121079
21.3493 0.00118859
21.3832 0.00116541
21.4171 0.00114128
21.451 0.00111622
21.4849 0.00109026
21.5187 0.00106342
21.5526 0.00103572
21.5865 0.0010072
21.6204 0.00097789
21.6543 0.000947805
21.6882 0.000916985
21.7221 0.000885454
21.756 0.000853251
21.7898 0.0008204
21.8237 0.000786942
21.8576 0.000752906
21.8915 0.000718335
21.9254 0.000683255
21.9593 0.000647714
21.9932 0.000611741
22.0271 0.000575382
22.061 0.000538669
22.0948 0.000501651
22.1287 0.000464359
22.1626 0.000426842
22.1965 0.000389133
22.2304 0.00035128
22.2643 0.000313317
22.2982 0.000275291
22.3321 0.000237235
22.3659 0.000199197
22.3998 0.000161209
22.4337 0.000123317
22.4676 8.55501e-05
22.5015 4.79542e-05
22.5354 1.10565e-05
22.5693 2.83617e-05
22.6032 6.51324e-05
22.637 0.000101529
22.6709 0.000137533
22.7048 0.000173143
22.7387 0.000208351
22.7726 0.00024315
22.8065 0.000277524
22.8404 0.000311466
22.8743 0.000344955
22.9081 0.000377981
22.942 0.000410521
22.9759 0.000442558
23.0098 0.00047407
23.0437 0.000505034
23.0776 0.000535423
23.1115 0.000565214
23.1454 0.000594375
23.1792 0.000622881
23.2131 0.000650697
23.247 0.000677794
23.2809 0.000704137
23.3148 0.000729694
23.3487 0.000754427
23.3826 0.000778303
23.4165 0.000801283
23.4503 0.000823335
23.4842 0.000844423
23.5181 0.000864558
23.552 0.000883705
23.5859 0.000901807
23.6198 0.000918842
23.6537 0.000934796
23.6876 0.000949656
23.7215 0.000963441
23.7553 0.000976121
23.7892 0.00098769
23.8231 0.00099815
23.857 0.00100751
23.8909 0.00101576
23.9248 0.00102293
23.9587 0.00102901
23.9926 0.00103402
24.0264 0.00103796
24.0603 0.00104084
24.0942 0.00104269
24.1281 0.0010435
24.162 0.0010433
24.1959 0.0010421
24.2298 0.00103991
24.2637 0.00103674
24.2975 0.00103262
24.3314 0.00102756
24.3653 0.00102158
24.3992 0.00101469
24.4331 0.00100691
24.467 0.000998256
24.5009 0.000988745
24.5348 0.000978394
24.5686 0.000967219
24.6025 0.000955237
24.6364 0.000942462
24.6703 0.000928912
24.7042 0.000914602
24.7381 0.000899579
24.772 0.000883797
24.8059 0.000867333
24.8397 0.000850168
24.8736 0.000832323
24.9075 0.000813811
24.9414 0.00079465
24.9753 0.000774855
